1, 1634, 4
2, 1635, 15
3, 1636, 10
4, 26, 1637
5, 1638, 8
6, 3, 1639
7, 1640, 1546
8, 1, 1766
9, 1641, 2
10, 1642, 25
11, 1643, 21
12, 9, 1644
13, 1645, 1767
14, 54, 1766
15, 1763, 9
16, 9, 1549
17, 21, 16
18, 53, 21
19, 1646, 17
20, 27, 1767
21, 1647, 5
22, 2, 1648
23, 18, 2
24, 1769, 1765
25, 1765, 25
26, 25, 1763
27, 1763, 11
28, 40, 25
29, 15, 1649
30, 22, 15
31, 1650, 19
32, 14, 3
33, 3, 1546
34, 8, 22
35, 33, 8
36, 1651, 1
37, 12, 1652
38, 1, 39
39, 1768, 1764
40, 10, 28
41, 1764, 10
42, 29, 1768
43, 24, 1653
44, 1654, 6
45, 1546, 32
46, 45, 1546
47, 1655, 7
48, 32, 1656
49, 1657, 12
50, 17, 1658
51, 38, 17
52, 12, 20
53, 5, 1659
54, 1660, 23
55, 13, 5
56, 30, 1661
57, 16, 1662
58, 55, 16
59, 1663, 36
60, 57, 27
61, 27, 1664
62, 11, 61
63, 43, 11
64, 46, 13
65, 13, 34
66, 4, 14
67, 6, 4
68, 14, 31
69, 48, 6
70, 44, 51
71, 1665, 29
72, 29, 60
73, 64, 32
74, 32, 62
75, 1769, 41
76, 37, 1666
77, 39, 65
78, 20, 39
79, 49, 20
80, 65, 67
81, 94, 65
82, 72, 107
83, 1549, 53
84, 53, 69
85, 22, 44
86, 35, 22
87, 44, 77
88, 52, 43
89, 43, 79
90, 42, 37
91, 37, 58
92, 23, 30
93, 34, 23
94, 30, 42
95, 81, 34
96, 42, 78
97, 7, 26
98, 26, 1547
99, 62, 7
100, 76, 62
101, 19, 18
102, 18, 46
103, 51, 19
104, 46, 68
105, 74, 51
106, 1547, 33
107, 33, 35
108, 35, 70
109, 1548, 45
110, 45, 66
111, 28, 24
112, 60, 28
113, 24, 47
114, 73, 60
115, 31, 1548
116, 1550, 31
117, 47, 48
118, 48, 1550
119, 71, 47
120, 41, 56
121, 58, 41
122, 106, 58
123, 61, 63
124, 79, 61
125, 96, 79
126, 50, 49
127, 49, 97
128, 69, 55
129, 36, 59
130, 55, 36
131, 67, 54
132, 54, 57
133, 57, 72
134, 108, 67
135, 72, 91
136, 59, 38
137, 38, 50
138, 50, 88
139, 95, 59
140, 56, 40
141, 40, 52
142, 52, 80
143, 111, 56
144, 1548, 1552
145, 87, 1548
146, 93, 86
147, 89, 71
148, 71, 103
149, 75, 1547
150, 1547, 83
151, 63, 1549
152, 1549, 102
153, 99, 63
154, 78, 92
155, 90, 78
156, 88, 124
157, 1554, 88
158, 113, 1553
159, 114, 99
160, 99, 129
161, 116, 108
162, 91, 131
163, 108, 91
164, 80, 96
165, 96, 101
166, 1555, 80
167, 92, 106
168, 106, 118
169, 137, 92
170, 118, 111
171, 111, 1555
172, 77, 100
173, 70, 77
174, 83, 70
175, 119, 83
176, 66, 64
177, 64, 109
178, 1552, 66
179, 100, 74
180, 74, 93
181, 93, 156
182, 121, 100
183, 68, 82
184, 86, 68
185, 125, 86
186, 84, 81
187, 81, 90
188, 90, 140
189, 102, 110
190, 126, 102
191, 103, 104
192, 123, 103
193, 1667, 73
194, 73, 85
195, 105, 76
196, 76, 75
197, 75, 1556
198, 1550, 87
199, 87, 127
200, 98, 69
201, 69, 95
202, 95, 117
203, 139, 118
204, 118, 169
205, 130, 119
206, 119, 121
207, 121, 152
208, 82, 84
209, 112, 82
210, 84, 155
211, 97, 94
212, 94, 113
213, 124, 97
214, 133, 124
215, 113, 158
216, 134, 181
217, 148, 120
218, 109, 105
219, 122, 109
220, 105, 146
221, 104, 1550
222, 151, 104
223, 1550, 141
224, 110, 98
225, 128, 110
226, 98, 117
227, 107, 1668
228, 135, 107
229, 143, 115
230, 157, 1669
231, 117, 1554
232, 165, 117
233, 164, 1553
234, 131, 135
235, 132, 131
236, 135, 157
237, 157, 167
238, 195, 171
239, 153, 112
240, 112, 161
241, 169, 147
242, 199, 169
243, 154, 143
244, 143, 163
245, 141, 138
246, 179, 141
247, 146, 1556
248, 175, 146
249, 1556, 130
250, 130, 176
251, 1551, 125
252, 125, 153
253, 153, 186
254, 85, 89
255, 89, 123
256, 149, 134
257, 123, 136
258, 120, 85
259, 134, 120
260, 1670, 148
261, 148, 180
262, 156, 1551
263, 152, 156
264, 176, 152
265, 1559, 176
266, 166, 149
267, 136, 151
268, 151, 189
269, 149, 136
270, 127, 1552
271, 1552, 122
272, 138, 127
273, 122, 160
274, 1557, 138
275, 142, 139
276, 139, 182
277, 101, 114
278, 114, 145
279, 115, 101
280, 163, 115
281, 178, 163
282, 144, 128
283, 128, 165
284, 165, 174
285, 159, 133
286, 158, 162
287, 133, 158
288, 170, 1671
289, 1553, 116
290, 116, 132
291, 171, 1553
292, 132, 171
293, 1554, 159
294, 194, 1554
295, 159, 197
296, 129, 126
297, 145, 129
298, 126, 144
299, 172, 145
300, 144, 184
301, 1551, 201
302, 202, 1551
303, 140, 137
304, 137, 142
305, 150, 140
306, 142, 212
307, 1557, 168
308, 193, 1556
309, 191, 166
310, 189, 1558
311, 166, 189
312, 1555, 154
313, 147, 1555
314, 196, 147
315, 154, 173
316, 207, 195
317, 195, 187
318, 162, 164
319, 164, 210
320, 203, 162
321, 184, 183
322, 198, 184
323, 185, 194
324, 194, 214
325, 197, 203
326, 208, 197
327, 203, 215
328, 167, 170
329, 187, 167
330, 170, 1672
331, 222, 187
332, 182, 204
333, 212, 182
334, 173, 192
335, 205, 173
336, 186, 200
337, 201, 186
338, 209, 201
339, 155, 150
340, 161, 155
341, 200, 161
342, 150, 217
343, 216, 200
344, 1562, 211
345, 160, 177
346, 168, 160
347, 226, 168
348, 1556, 1559
349, 219, 1556
350, 1559, 202
351, 202, 224
352, 1673, 206
353, 213, 252
354, 177, 175
355, 175, 193
356, 193, 242
357, 190, 177
358, 1558, 179
359, 179, 1557
360, 1557, 221
361, 204, 199
362, 199, 196
363, 196, 205
364, 237, 204
365, 205, 229
366, 188, 178
367, 178, 172
368, 172, 198
369, 192, 188
370, 234, 192
371, 188, 230
372, 214, 208
373, 1561, 214
374, 208, 240
375, 262, 231
376, 235, 222
377, 222, 238
378, 181, 191
379, 180, 181
380, 206, 180
381, 191, 1562
382, 220, 213
383, 213, 206
384, 218, 190
385, 190, 228
386, 236, 219
387, 219, 1559
388, 1559, 225
389, 217, 212
390, 212, 243
391, 227, 217
392, 174, 185
393, 183, 174
394, 255, 183
395, 185, 241
396, 238, 1674
397, 1770, 238
398, 223, 254
399, 246, 232
400, 241, 1561
401, 260, 241
402, 210, 207
403, 207, 249
404, 233, 210
405, 198, 223
406, 230, 198
407, 256, 230
408, 223, 257
409, 231, 216
410, 216, 227
411, 292, 231
412, 243, 237
413, 237, 246
414, 277, 243
415, 246, 286
416, 253, 226
417, 226, 218
418, 218, 247
419, 251, 244
420, 211, 1558
421, 261, 211
422, 1558, 1560
423, 1560, 296
424, 221, 250
425, 1560, 221
426, 266, 1560
427, 224, 267
428, 225, 224
429, 244, 225
430, 265, 244
431, 267, 209
432, 209, 262
433, 262, 275
434, 252, 220
435, 1562, 239
436, 276, 252
437, 220, 1562
438, 1675, 273
439, 242, 245
440, 228, 242
441, 247, 228
442, 278, 247
443, 227, 274
444, 282, 227
445, 215, 233
446, 240, 215
447, 284, 240
448, 233, 268
449, 249, 235
450, 235, 269
451, 264, 249
452, 268, 264
453, 279, 268
454, 264, 280
455, 272, 258
456, 1561, 270
457, 305, 1561
458, 290, 282
459, 282, 300
460, 229, 234
461, 232, 229
462, 1563, 232
463, 239, 263
464, 293, 239
465, 245, 248
466, 259, 245
467, 287, 267
468, 267, 289
469, 1565, 279
470, 279, 314
471, 299, 292
472, 292, 290
473, 290, 351
474, 271, 256
475, 257, 272
476, 256, 257
477, 272, 316
478, 254, 255
479, 255, 260
480, 258, 254
481, 260, 283
482, 316, 258
483, 280, 297
484, 314, 280
485, 341, 314
486, 303, 259
487, 259, 333
488, 289, 294
489, 332, 289
490, 274, 281
491, 300, 274
492, 324, 300
493, 295, 265
494, 265, 287
495, 287, 311
496, 310, 293
497, 293, 298
498, 263, 261
499, 261, 306
500, 298, 263
501, 1566, 298
502, 296, 266
503, 304, 296
504, 266, 288
505, 250, 253
506, 253, 285
507, 288, 250
508, 309, 1564
509, 1564, 288
510, 248, 236
511, 236, 251
512, 251, 302
513, 320, 248
514, 286, 1563
515, 326, 286
516, 234, 271
517, 313, 234
518, 271, 301
519, 307, 305
520, 305, 315
521, 270, 284
522, 284, 1565
523, 315, 270
524, 322, 315
525, 269, 1770
526, 297, 269
527, 318, 297
528, 301, 321
529, 275, 299
530, 294, 275
531, 299, 338
532, 339, 294
533, 281, 277
534, 277, 327
535, 335, 324
536, 324, 281
537, 302, 295
538, 295, 319
539, 320, 302
540, 283, 307
541, 325, 283
542, 307, 329
543, 291, 310
544, 310, 336
545, 1676, 312
546, 306, 304
547, 1566, 306
548, 304, 1564
549, 285, 278
550, 278, 303
551, 331, 309
552, 303, 317
553, 309, 285
554, 1565, 308
555, 323, 1565
556, 352, 1677
557, 350, 322
558, 322, 323
559, 323, 1570
560, 321, 316
561, 316, 1567
562, 356, 321
563, 329, 361
564, 1568, 329
565, 345, 318
566, 318, 344
567, 338, 358
568, 343, 338
569, 308, 349
570, 369, 308
571, 333, 320
572, 320, 334
573, 355, 335
574, 335, 347
575, 347, 340
576, 378, 347
577, 1563, 313
578, 330, 1563
579, 313, 301
580, 301, 356
581, 311, 332
582, 332, 357
583, 319, 311
584, 346, 319
585, 342, 331
586, 331, 348
587, 1564, 337
588, 1572, 1564
589, 273, 276
590, 276, 291
591, 1678, 273
592, 312, 1679
593, 291, 312
594, 336, 360
595, 365, 336
596, 362, 1566
597, 1566, 1572
598, 317, 333
599, 348, 317
600, 333, 374
601, 381, 348
602, 1567, 328
603, 359, 339
604, 339, 343
605, 343, 387
606, 341, 345
607, 345, 373
608, 357, 359
609, 372, 357
610, 359, 375
611, 392, 367
612, 394, 1572
613, 337, 342
614, 342, 364
615, 376, 337
616, 374, 379
617, 1569, 374
618, 353, 330
619, 330, 363
620, 366, 1567
621, 1567, 399
622, 361, 350
623, 350, 1571
624, 389, 361
625, 352, 1680
626, 349, 341
627, 371, 349
628, 341, 390
629, 356, 370
630, 363, 356
631, 382, 363
632, 344, 352
633, 373, 344
634, 383, 373
635, 352, 368
636, 384, 378
637, 378, 408
638, 327, 326
639, 326, 353
640, 340, 327
641, 417, 340
642, 353, 407
643, 328, 325
644, 325, 1568
645, 380, 328
646, 375, 402
647, 415, 375
648, 334, 354
649, 379, 334
650, 409, 379
651, 370, 366
652, 366, 416
653, 388, 370
654, 1569, 429
655, 354, 346
656, 346, 372
657, 372, 412
658, 386, 354
659, 391, 394
660, 394, 406
661, 360, 362
662, 410, 360
663, 362, 391
664, 391, 439
665, 377, 376
666, 376, 385
667, 364, 395
668, 385, 364
669, 432, 385
670, 1571, 1570
671, 1681, 365
672, 365, 397
673, 351, 355
674, 358, 351
675, 367, 358
676, 355, 384
677, 422, 367
678, 384, 421
679, 405, 389
680, 389, 1571
681, 1571, 433
682, 401, 383
683, 383, 403
684, 1570, 369
685, 369, 371
686, 371, 396
687, 430, 1570
688, 408, 419
689, 457, 408
690, 393, 382
691, 382, 400
692, 1568, 405
693, 398, 380
694, 380, 1568
695, 405, 413
696, 411, 386
697, 386, 412
698, 387, 392
699, 402, 387
700, 392, 434
701, 418, 402
702, 397, 410
703, 410, 431
704, 420, 397
705, 395, 381
706, 381, 1569
707, 1569, 424
708, 427, 395
709, 1572, 377
710, 414, 1572
711, 377, 404
712, 399, 398
713, 416, 399
714, 425, 416
715, 398, 428
716, 390, 401
717, 396, 390
718, 401, 438
719, 459, 396
720, 446, 436
721, 426, 415
722, 415, 418
723, 418, 448
724, 467, 451
725, 448, 445
726, 480, 448
727, 424, 455
728, 449, 424
729, 404, 432
730, 432, 437
731, 465, 404
732, 419, 423
733, 470, 419
734, 400, 388
735, 388, 435
736, 441, 400
737, 433, 430
738, 452, 433
739, 430, 468
740, 439, 447
741, 431, 439
742, 477, 431
743, 484, 462
744, 1682, 420
745, 420, 477
746, 477, 487
747, 429, 409
748, 409, 411
749, 444, 429
750, 411, 463
751, 406, 414
752, 443, 406
753, 414, 440
754, 450, 427
755, 427, 449
756, 449, 461
757, 454, 457
758, 457, 481
759, 407, 393
760, 417, 407
761, 393, 441
762, 441, 464
763, 368, 1683
764, 403, 368
765, 436, 403
766, 456, 436
767, 438, 446
768, 471, 459
769, 459, 438
770, 446, 472
771, 423, 417
772, 486, 423
773, 417, 479
774, 440, 1573
775, 442, 440
776, 455, 444
777, 1574, 455
778, 444, 483
779, 460, 435
780, 496, 478
781, 437, 450
782, 458, 437
783, 450, 476
784, 412, 426
785, 451, 412
786, 426, 489
787, 489, 451
788, 434, 422
789, 421, 454
790, 422, 421
791, 445, 434
792, 482, 445
793, 454, 466
794, 453, 452
795, 452, 502
796, 506, 469
797, 472, 510
798, 512, 472
799, 490, 480
800, 480, 491
801, 466, 500
802, 515, 466
803, 479, 464
804, 513, 479
805, 464, 460
806, 460, 517
807, 514, 464
808, 482, 515
809, 515, 1575
810, 435, 425
811, 425, 485
812, 507, 435
813, 474, 494
814, 463, 467
815, 467, 475
816, 483, 463
817, 492, 483
818, 475, 497
819, 504, 475
820, 1574, 492
821, 492, 522
822, 413, 453
823, 428, 413
824, 462, 428
825, 478, 462
826, 469, 478
827, 453, 469
828, 447, 443
829, 498, 447
830, 443, 442
831, 442, 503
832, 501, 498
833, 476, 495
834, 533, 476
835, 1573, 465
836, 465, 458
837, 458, 534
838, 487, 501
839, 1684, 487
840, 501, 518
841, 481, 470
842, 470, 486
843, 493, 481
844, 486, 511
845, 473, 456
846, 456, 1685
847, 510, 473
848, 473, 1686
849, 519, 513
850, 513, 525
851, 540, 528
852, 488, 1573
853, 1573, 534
854, 491, 482
855, 544, 491
856, 482, 544
857, 500, 493
858, 1575, 500
859, 493, 516
860, 461, 1574
861, 495, 461
862, 1574, 523
863, 541, 495
864, 485, 484
865, 484, 505
866, 509, 485
867, 468, 471
868, 499, 468
869, 471, 474
870, 474, 559
871, 518, 1576
872, 1771, 518
873, 536, 1687
874, 505, 496
875, 496, 506
876, 506, 1577
877, 562, 505
878, 494, 512
879, 512, 521
880, 578, 494
881, 527, 510
882, 510, 532
883, 489, 490
884, 497, 489
885, 490, 553
886, 524, 497
887, 511, 526
888, 516, 511
889, 531, 516
890, 498, 508
891, 551, 498
892, 522, 540
893, 539, 522
894, 540, 1581
895, 553, 544
896, 544, 538
897, 1579, 553
898, 545, 557
899, 517, 507
900, 520, 517
901, 507, 509
902, 509, 548
903, 503, 488
904, 508, 503
905, 488, 549
906, 547, 508
907, 530, 539
908, 539, 546
909, 549, 537
910, 560, 549
911, 1575, 531
912, 531, 576
913, 558, 543
914, 525, 514
915, 514, 520
916, 543, 525
917, 520, 529
918, 556, 543
919, 528, 504
920, 504, 535
921, 554, 528
922, 502, 499
923, 1577, 502
924, 559, 570
925, 499, 559
926, 529, 573
927, 568, 556
928, 556, 529
929, 535, 524
930, 566, 554
931, 524, 572
932, 554, 535
933, 526, 519
934, 519, 558
935, 561, 526
936, 558, 569
937, 1577, 575
938, 595, 606
939, 538, 1575
940, 598, 538
941, 1575, 564
942, 1576, 551
943, 551, 563
944, 523, 530
945, 550, 541
946, 541, 523
947, 530, 571
948, 521, 527
949, 552, 521
950, 527, 567
951, 567, 542
952, 592, 567
953, 579, 552
954, 552, 591
955, 597, 588
956, 548, 555
957, 573, 548
958, 604, 573
959, 589, 600
960, 1581, 566
961, 566, 1578
962, 557, 550
963, 603, 557
964, 550, 583
965, 546, 594
966, 571, 546
967, 601, 571
968, 563, 547
969, 547, 560
970, 560, 581
971, 584, 563
972, 576, 561
973, 561, 616
974, 565, 562
975, 562, 1577
976, 1577, 589
977, 589, 641
978, 532, 536
979, 536, 1688
980, 542, 532
981, 587, 542
982, 572, 577
983, 1578, 572
984, 564, 574
985, 614, 564
986, 582, 584
987, 584, 615
988, 1771, 596
989, 534, 533
990, 533, 545
991, 537, 534
992, 545, 595
993, 1580, 537
994, 595, 1580
995, 594, 590
996, 612, 594
997, 1579, 598
998, 598, 608
999, 580, 568
1000, 568, 604
1001, 604, 617
1002, 602, 587
1003, 587, 593
1004, 570, 578
1005, 578, 579
1006, 575, 570
1007, 585, 575
1008, 574, 576
1009, 576, 607
1010, 610, 574
1011, 611, 642
1012, 583, 599
1013, 626, 583
1014, 569, 580
1015, 588, 569
1016, 623, 588
1017, 580, 609
1018, 555, 565
1019, 618, 555
1020, 565, 620
1021, 577, 1579
1022, 628, 577
1023, 1579, 636
1024, 596, 1576
1025, 1576, 582
1026, 582, 621
1027, 1772, 596
1028, 586, 1580
1029, 1580, 619
1030, 620, 631
1031, 630, 620
1032, 645, 623
1033, 609, 638
1034, 623, 609
1035, 579, 605
1036, 652, 579
1037, 593, 1689
1038, 643, 593
1039, 608, 614
1040, 614, 1583
1041, 636, 608
1042, 648, 636
1043, 1582, 624
1044, 590, 1581
1045, 1581, 611
1046, 657, 590
1047, 611, 663
1048, 621, 644
1049, 637, 621
1050, 617, 618
1051, 618, 630
1052, 630, 675
1053, 619, 627
1054, 625, 619
1055, 634, 628
1056, 628, 648
1057, 607, 1582
1058, 1583, 610
1059, 610, 607
1060, 1772, 635
1061, 581, 586
1062, 615, 581
1063, 633, 615
1064, 586, 625
1065, 625, 658
1066, 599, 601
1067, 601, 612
1068, 612, 629
1069, 1585, 599
1070, 616, 597
1071, 597, 645
1072, 624, 616
1073, 645, 656
1074, 653, 624
1075, 640, 672
1076, 662, 639
1077, 688, 642
1078, 600, 585
1079, 646, 600
1080, 585, 650
1081, 613, 649
1082, 591, 592
1083, 592, 602
1084, 605, 591
1085, 602, 613
1086, 622, 605
1087, 613, 654
1088, 651, 655
1089, 638, 617
1090, 665, 638
1091, 617, 668
1092, 606, 603
1093, 627, 606
1094, 603, 626
1095, 626, 640
1096, 639, 627
1097, 640, 639
1098, 670, 1583
1099, 1583, 647
1100, 693, 653
1101, 653, 659
1102, 679, 667
1103, 629, 657
1104, 657, 661
1105, 694, 678
1106, 674, 693
1107, 693, 1586
1108, 656, 673
1109, 659, 656
1110, 713, 659
1111, 675, 687
1112, 668, 675
1113, 703, 668
1114, 650, 652
1115, 652, 664
1116, 655, 650
1117, 707, 655
1118, 654, 683
1119, 671, 654
1120, 649, 643
1121, 643, 1690
1122, 683, 649
1123, 662, 672
1124, 1585, 629
1125, 629, 684
1126, 676, 665
1127, 665, 703
1128, 703, 715
1129, 641, 646
1130, 631, 641
1131, 700, 631
1132, 646, 651
1133, 651, 691
1134, 664, 622
1135, 622, 671
1136, 680, 664
1137, 671, 699
1138, 644, 633
1139, 667, 644
1140, 633, 666
1141, 681, 667
1142, 663, 685
1143, 661, 663
1144, 690, 661
1145, 642, 1578
1146, 1578, 632
1147, 678, 642
1148, 669, 678
1149, 1582, 660
1150, 647, 1582
1151, 698, 647
1152, 648, 670
1153, 686, 648
1154, 670, 695
1155, 1691, 635
1156, 635, 637
1157, 637, 679
1158, 679, 706
1159, 702, 635
1160, 677, 662
1161, 662, 712
1162, 632, 634
1163, 634, 692
1164, 697, 669
1165, 669, 632
1166, 710, 680
1167, 680, 696
1168, 692, 686
1169, 719, 697
1170, 686, 705
1171, 697, 692
1172, 658, 677
1173, 666, 658
1174, 723, 681
1175, 681, 666
1176, 677, 711
1177, 685, 688
1178, 688, 701
1179, 721, 685
1180, 687, 700
1181, 709, 687
1182, 700, 708
1183, 704, 683
1184, 683, 1692
1185, 672, 682
1186, 736, 672
1187, 660, 674
1188, 674, 726
1189, 1584, 660
1190, 673, 676
1191, 727, 673
1192, 676, 720
1193, 722, 704
1194, 704, 732
1195, 1584, 752
1196, 1586, 713
1197, 713, 727
1198, 727, 755
1199, 724, 709
1200, 709, 744
1201, 730, 707
1202, 707, 710
1203, 710, 740
1204, 699, 714
1205, 696, 699
1206, 740, 696
1207, 1587, 740
1208, 732, 1693
1209, 768, 732
1210, 701, 694
1211, 694, 729
1212, 751, 701
1213, 715, 724
1214, 720, 715
1215, 750, 720
1216, 691, 730
1217, 708, 691
1218, 754, 708
1219, 730, 745
1220, 731, 723
1221, 723, 743
1222, 736, 739
1223, 689, 690
1224, 690, 721
1225, 721, 738
1226, 729, 719
1227, 719, 748
1228, 1694, 717
1229, 706, 733
1230, 717, 702
1231, 702, 706
1232, 747, 725
1233, 725, 717
1234, 712, 728
1235, 711, 712
1236, 743, 711
1237, 756, 743
1238, 682, 1585
1239, 684, 689
1240, 1585, 684
1241, 718, 682
1242, 689, 1588
1243, 705, 716
1244, 757, 705
1245, 726, 1586
1246, 737, 726
1247, 1586, 1589
1248, 735, 1586
1249, 714, 722
1250, 722, 759
1251, 746, 714
1252, 738, 766
1253, 1588, 738
1254, 783, 767
1255, 764, 786
1256, 763, 729
1257, 729, 776
1258, 695, 698
1259, 698, 1584
1260, 716, 695
1261, 1584, 741
1262, 771, 716
1263, 724, 761
1264, 749, 724
1265, 770, 758
1266, 766, 765
1267, 793, 766
1268, 752, 737
1269, 779, 752
1270, 737, 735
1271, 735, 784
1272, 770, 787
1273, 769, 746
1274, 746, 794
1275, 772, 768
1276, 768, 1695
1277, 748, 757
1278, 776, 748
1279, 757, 778
1280, 797, 776
1281, 819, 825
1282, 734, 731
1283, 731, 790
1284, 807, 753
1285, 786, 1591
1286, 792, 786
1287, 741, 791
1288, 775, 741
1289, 784, 1589
1290, 806, 784
1291, 1590, 1598
1292, 745, 1587
1293, 758, 745
1294, 805, 758
1295, 725, 774
1296, 1696, 725
1297, 728, 736
1298, 767, 756
1299, 736, 764
1300, 756, 728
1301, 764, 767
1302, 762, 763
1303, 763, 789
1304, 781, 771
1305, 771, 775
1306, 775, 795
1307, 739, 718
1308, 1591, 739
1309, 718, 1588
1310, 1588, 780
1311, 760, 749
1312, 749, 788
1313, 759, 772
1314, 804, 759
1315, 772, 785
1316, 1587, 769
1317, 769, 801
1318, 800, 1587
1319, 785, 1697
1320, 812, 785
1321, 791, 779
1322, 779, 796
1323, 810, 791
1324, 755, 750
1325, 1589, 755
1326, 750, 760
1327, 760, 814
1328, 744, 754
1329, 761, 744
1330, 754, 770
1331, 777, 761
1332, 770, 1590
1333, 822, 1591
1334, 1591, 782
1335, 765, 751
1336, 751, 762
1337, 823, 765
1338, 762, 773
1339, 774, 747
1340, 747, 742
1341, 798, 816
1342, 811, 774
1343, 790, 783
1344, 783, 817
1345, 809, 790
1346, 778, 781
1347, 803, 778
1348, 781, 808
1349, 824, 805
1350, 805, 800
1351, 800, 831
1352, 820, 812
1353, 812, 833
1354, 813, 836
1355, 788, 777
1356, 1590, 830
1357, 821, 788
1358, 777, 1590
1359, 796, 806
1360, 806, 813
1361, 838, 796
1362, 813, 828
1363, 808, 832
1364, 837, 808
1365, 780, 799
1366, 782, 780
1367, 842, 782
1368, 826, 807
1369, 807, 809
1370, 809, 855
1371, 829, 823
1372, 773, 1594
1373, 823, 773
1374, 795, 810
1375, 832, 795
1376, 810, 838
1377, 838, 854
1378, 836, 1589
1379, 814, 1593
1380, 1589, 814
1381, 1595, 836
1382, 816, 835
1383, 1698, 811
1384, 811, 816
1385, 818, 792
1386, 792, 822
1387, 822, 843
1388, 802, 793
1389, 793, 829
1390, 829, 845
1391, 797, 803
1392, 803, 850
1393, 787, 824
1394, 1598, 787
1395, 824, 827
1396, 733, 734
1397, 742, 733
1398, 753, 819
1399, 819, 798
1400, 734, 753
1401, 798, 742
1402, 794, 804
1403, 801, 794
1404, 804, 815
1405, 831, 801
1406, 815, 820
1407, 820, 864
1408, 857, 815
1409, 828, 867
1410, 873, 828
1411, 827, 870
1412, 874, 827
1413, 863, 832
1414, 832, 849
1415, 817, 818
1416, 841, 817
1417, 1592, 859
1418, 818, 1592
1419, 799, 802
1420, 852, 799
1421, 802, 860
1422, 789, 797
1423, 1594, 789
1424, 797, 848
1425, 825, 826
1426, 840, 825
1427, 826, 844
1428, 830, 846
1429, 1593, 821
1430, 821, 830
1431, 862, 834
1432, 833, 1699
1433, 865, 833
1434, 851, 1593
1435, 834, 890
1436, 1593, 834
1437, 872, 874
1438, 874, 899
1439, 850, 837
1440, 837, 863
1441, 871, 850
1442, 863, 889
1443, 896, 1592
1444, 1592, 843
1445, 860, 868
1446, 875, 860
1447, 835, 840
1448, 853, 835
1449, 840, 878
1450, 855, 1597
1451, 844, 855
1452, 878, 844
1453, 884, 878
1454, 852, 875
1455, 875, 936
1456, 847, 841
1457, 859, 895
1458, 841, 859
1459, 848, 871
1460, 861, 848
1461, 871, 885
1462, 856, 1594
1463, 1594, 861
1464, 861, 1599
1465, 849, 854
1466, 913, 849
1467, 867, 1595
1468, 883, 867
1469, 869, 839
1470, 864, 865
1471, 886, 864
1472, 865, 877
1473, 1700, 866
1474, 879, 883
1475, 883, 909
1476, 839, 831
1477, 831, 858
1478, 892, 917
1479, 917, 839
1480, 1595, 851
1481, 851, 904
1482, 894, 1595
1483, 854, 873
1484, 873, 879
1485, 901, 854
1486, 866, 853
1487, 853, 882
1488, 891, 866
1489, 887, 935
1490, 845, 856
1491, 868, 845
1492, 900, 868
1493, 856, 876
1494, 881, 1597
1495, 846, 1598
1496, 1598, 872
1497, 880, 862
1498, 862, 846
1499, 872, 911
1500, 877, 1701
1501, 903, 877
1502, 930, 916
1503, 858, 857
1504, 857, 886
1505, 1600, 892
1506, 886, 1600
1507, 892, 858
1508, 889, 908
1509, 885, 889
1510, 1596, 885
1511, 921, 1596
1512, 928, 901
1513, 901, 914
1514, 879, 941
1515, 914, 879
1516, 943, 914
1517, 909, 894
1518, 949, 909
1519, 894, 947
1520, 904, 893
1521, 942, 904
1522, 897, 880
1523, 880, 915
1524, 912, 903
1525, 903, 920
1526, 1597, 847
1527, 895, 905
1528, 847, 895
1529, 1602, 1597
1530, 902, 881
1531, 881, 937
1532, 1702, 891
1533, 891, 1773
1534, 906, 888
1535, 918, 933
1536, 924, 900
1537, 900, 925
1538, 876, 1599
1539, 1603, 876
1540, 1599, 1596
1541, 1596, 910
1542, 843, 842
1543, 842, 852
1544, 888, 843
1545, 852, 887
1546, 887, 918
1547, 918, 888
1548, 870, 869
1549, 898, 870
1550, 869, 919
1551, 882, 907
1552, 934, 882
1553, 920, 1703
1554, 960, 920
1555, 899, 898
1556, 916, 899
1557, 966, 916
1558, 898, 932
1559, 941, 949
1560, 951, 943
1561, 943, 941
1562, 949, 1601
1563, 931, 1599
1564, 1599, 957
1565, 936, 924
1566, 952, 936
1567, 924, 938
1568, 907, 884
1569, 884, 902
1570, 902, 946
1571, 939, 907
1572, 905, 896
1573, 896, 906
1574, 1602, 905
1575, 906, 950
1576, 890, 897
1577, 893, 890
1578, 945, 893
1579, 897, 955
1580, 929, 1600
1581, 1600, 912
1582, 912, 927
1583, 908, 913
1584, 913, 926
1585, 944, 921
1586, 921, 908
1587, 917, 929
1588, 922, 917
1589, 929, 968
1590, 910, 923
1591, 957, 910
1592, 979, 957
1593, 947, 942
1594, 954, 947
1595, 942, 945
1596, 955, 969
1597, 945, 955
1598, 930, 966
1599, 966, 1604
1600, 919, 922
1601, 932, 919
1602, 976, 932
1603, 922, 961
1604, 960, 1704
1605, 935, 952
1606, 933, 935
1607, 964, 933
1608, 952, 1607
1609, 959, 963
1610, 1603, 931
1611, 931, 1606
1612, 953, 944
1613, 944, 988
1614, 926, 928
1615, 928, 956
1616, 997, 926
1617, 1601, 954
1618, 954, 967
1619, 1773, 934
1620, 934, 948
1621, 1607, 972
1622, 956, 951
1623, 951, 992
1624, 978, 956
1625, 911, 930
1626, 915, 911
1627, 940, 915
1628, 930, 962
1629, 927, 971
1630, 968, 927
1631, 975, 968
1632, 937, 1602
1633, 1602, 958
1634, 950, 965
1635, 958, 950
1636, 973, 958
1637, 946, 937
1638, 963, 946
1639, 983, 963
1640, 937, 995
1641, 961, 998
1642, 989, 961
1643, 969, 940
1644, 962, 982
1645, 940, 962
1646, 971, 970
1647, 980, 971
1648, 925, 1603
1649, 938, 925
1650, 972, 938
1651, 1603, 1006
1652, 986, 972
1653, 1001, 990
1654, 948, 939
1655, 939, 959
1656, 959, 1008
1657, 974, 948
1658, 984, 992
1659, 967, 999
1660, 1020, 967
1661, 923, 953
1662, 985, 923
1663, 953, 977
1664, 970, 960
1665, 960, 1705
1666, 1706, 970
1667, 992, 981
1668, 1022, 992
1669, 991, 969
1670, 969, 994
1671, 982, 1604
1672, 994, 982
1673, 1043, 994
1674, 1604, 976
1675, 976, 989
1676, 989, 1605
1677, 1605, 1015
1678, 981, 1601
1679, 1601, 1011
1680, 1030, 981
1681, 1012, 1003
1682, 965, 964
1683, 964, 1001
1684, 1005, 965
1685, 1001, 1046
1686, 1606, 979
1687, 979, 985
1688, 985, 993
1689, 1008, 1016
1690, 1019, 1008
1691, 1004, 973
1692, 973, 996
1693, 1010, 1013
1694, 1707, 974
1695, 974, 1017
1696, 988, 997
1697, 977, 988
1698, 997, 1014
1699, 993, 977
1700, 1035, 993
1701, 1018, 978
1702, 978, 984
1703, 984, 1024
1704, 990, 1607
1705, 1607, 1002
1706, 1036, 990
1707, 1003, 986
1708, 986, 1007
1709, 1609, 1003
1710, 999, 1000
1711, 1033, 999
1712, 998, 975
1713, 975, 980
1714, 1015, 998
1715, 980, 987
1716, 1021, 1015
1717, 1016, 983
1718, 995, 1004
1719, 983, 995
1720, 1013, 1026
1721, 1037, 1016
1722, 1004, 1013
1723, 1000, 991
1724, 991, 1045
1725, 1611, 1000
1726, 1060, 1037
1727, 1037, 1042
1728, 996, 1005
1729, 1023, 1010
1730, 1005, 1054
1731, 1010, 996
1732, 1009, 1606
1733, 1606, 1038
1734, 1014, 1018
1735, 1039, 1035
1736, 1035, 1014
1737, 1018, 1025
1738, 1040, 1030
1739, 1030, 1031
1740, 987, 1055
1741, 1027, 987
1742, 1002, 1012
1743, 1012, 1063
1744, 1032, 1002
1745, 1051, 1604
1746, 1604, 1041
1747, 1011, 1020
1748, 1020, 1029
1749, 1031, 1011
1750, 1068, 1031
1751, 1045, 1050
1752, 1074, 1045
1753, 1043, 1051
1754, 1051, 1065
1755, 1028, 1027
1756, 1027, 1057
1757, 1006, 1009
1758, 1007, 1006
1759, 1609, 1007
1760, 1009, 1056
1761, 1052, 1612
1762, 1029, 1033
1763, 1033, 1611
1764, 1062, 1029
1765, 1024, 1034
1766, 1025, 1024
1767, 1612, 1025
1768, 1017, 1019
1769, 1019, 1047
1770, 1708, 1017
1771, 1026, 1044
1772, 1042, 1026
1773, 1076, 1042
1774, 1054, 1059
1775, 1069, 1054
1776, 1048, 1036
1777, 1036, 1032
1778, 1032, 1613
1779, 1063, 1064
1780, 1079, 1063
1781, 1041, 1605
1782, 1605, 1083
1783, 1070, 1041
1784, 1608, 1021
1785, 1021, 1028
1786, 1028, 1077
1787, 1044, 1023
1788, 1023, 1069
1789, 1066, 1044
1790, 1069, 1095
1791, 1058, 1060
1792, 1060, 1081
1793, 1038, 1039
1794, 1073, 1038
1795, 1039, 1052
1796, 1052, 1610
1797, 1034, 1022
1798, 1022, 1040
1799, 1040, 1075
1800, 1049, 1034
1801, 1061, 1709
1802, 1071, 1049
1803, 1049, 1099
1804, 1055, 1061
1805, 1061, 1710
1806, 1047, 1053
1807, 1711, 1047
1808, 1072, 1062
1809, 1062, 1087
1810, 1050, 1043
1811, 1088, 1050
1812, 1043, 1107
1813, 1083, 1608
1814, 1091, 1083
1815, 1086, 1066
1816, 1066, 1084
1817, 1046, 1048
1818, 1059, 1046
1819, 1082, 1059
1820, 1048, 1089
1821, 1064, 1609
1822, 1609, 1067
1823, 1105, 1064
1824, 1080, 1610
1825, 1075, 1068
1826, 1068, 1072
1827, 1098, 1075
1828, 1072, 1104
1829, 1093, 1088
1830, 1107, 1128
1831, 1088, 1107
1832, 1128, 1100
1833, 1610, 1092
1834, 1109, 1610
1835, 1099, 1098
1836, 1135, 1099
1837, 1098, 1120
1838, 1611, 1074
1839, 1074, 1090
1840, 1087, 1611
1841, 1108, 1087
1842, 1077, 1094
1843, 1608, 1077
1844, 1615, 1608
1845, 1081, 1076
1846, 1076, 1086
1847, 1102, 1081
1848, 1086, 1614
1849, 1089, 1613
1850, 1124, 1089
1851, 1057, 1055
1852, 1094, 1057
1853, 1055, 1122
1854, 1103, 1094
1855, 1085, 1612
1856, 1612, 1071
1857, 1071, 1121
1858, 1712, 1130
1859, 1084, 1095
1860, 1614, 1084
1861, 1106, 1082
1862, 1082, 1119
1863, 1125, 1105
1864, 1105, 1110
1865, 1096, 1085
1866, 1085, 1097
1867, 1078, 1091
1868, 1091, 1145
1869, 1134, 1118
1870, 1053, 1058
1871, 1058, 1113
1872, 1130, 1053
1873, 1056, 1073
1874, 1067, 1056
1875, 1073, 1080
1876, 1112, 1067
1877, 1080, 1101
1878, 1097, 1137
1879, 1152, 1097
1880, 1065, 1070
1881, 1100, 1065
1882, 1070, 1078
1883, 1118, 1100
1884, 1078, 1118
1885, 1101, 1114
1886, 1123, 1101
1887, 1095, 1106
1888, 1142, 1095
1889, 1106, 1131
1890, 1613, 1079
1891, 1079, 1127
1892, 1141, 1613
1893, 1111, 1102
1894, 1102, 1614
1895, 1090, 1093
1896, 1093, 1617
1897, 1126, 1090
1898, 1117, 1103
1899, 1103, 1136
1900, 1615, 1117
1901, 1117, 1178
1902, 1122, 1129
1903, 1136, 1122
1904, 1149, 1136
1905, 1140, 1126
1906, 1126, 1617
1907, 1129, 1713
1908, 1714, 1129
1909, 1092, 1096
1910, 1133, 1092
1911, 1096, 1153
1912, 1116, 1108
1913, 1108, 1140
1914, 1140, 1163
1915, 1151, 1134
1916, 1134, 1146
1917, 1145, 1161
1918, 1146, 1145
1919, 1180, 1146
1920, 1162, 1143
1921, 1119, 1138
1922, 1131, 1119
1923, 1618, 1131
1924, 1127, 1125
1925, 1125, 1165
1926, 1616, 1127
1927, 1115, 1123
1928, 1123, 1177
1929, 1113, 1111
1930, 1150, 1130
1931, 1130, 1113
1932, 1111, 1158
1933, 1614, 1147
1934, 1158, 1614
1935, 1169, 1158
1936, 1715, 1155
1937, 1160, 1166
1938, 1138, 1124
1939, 1124, 1141
1940, 1141, 1616
1941, 1114, 1109
1942, 1109, 1133
1943, 1148, 1114
1944, 1133, 1167
1945, 1154, 1132
1946, 1139, 1173
1947, 1104, 1116
1948, 1120, 1104
1949, 1132, 1120
1950, 1157, 1139
1951, 1116, 1156
1952, 1139, 1132
1953, 1161, 1615
1954, 1615, 1178
1955, 1186, 1161
1956, 1156, 1168
1957, 1182, 1156
1958, 1110, 1112
1959, 1165, 1110
1960, 1112, 1115
1961, 1181, 1165
1962, 1115, 1171
1963, 1617, 1128
1964, 1128, 1151
1965, 1172, 1617
1966, 1151, 1164
1967, 1177, 1148
1968, 1184, 1177
1969, 1148, 1167
1970, 1121, 1135
1971, 1135, 1144
1972, 1137, 1121
1973, 1143, 1137
1974, 1185, 1143
1975, 1176, 1149
1976, 1149, 1210
1977, 1155, 1150
1978, 1150, 1170
1979, 1716, 1155
1980, 1147, 1142
1981, 1142, 1160
1982, 1174, 1147
1983, 1160, 1198
1984, 1159, 1138
1985, 1138, 1179
1986, 1210, 1717
1987, 1218, 1210
1988, 1164, 1180
1989, 1180, 1199
1990, 1207, 1164
1991, 1213, 1203
1992, 1619, 1157
1993, 1157, 1182
1994, 1182, 1205
1995, 1193, 1185
1996, 1185, 1195
1997, 1192, 1172
1998, 1172, 1201
1999, 1166, 1618
2000, 1211, 1166
2001, 1179, 1175
2002, 1620, 1179
2003, 1248, 1234
2004, 1153, 1152
2005, 1152, 1162
2006, 1167, 1153
2007, 1162, 1188
2008, 1191, 1167
2009, 1170, 1194
2010, 1209, 1170
2011, 1618, 1159
2012, 1159, 1620
2013, 1204, 1618
2014, 1171, 1190
2015, 1197, 1171
2016, 1189, 1214
2017, 1144, 1154
2018, 1173, 1619
2019, 1154, 1173
2020, 1195, 1144
2021, 1223, 1195
2022, 1163, 1183
2023, 1168, 1163
2024, 1217, 1168
2025, 1718, 1209
2026, 1209, 1229
2027, 1187, 1169
2028, 1169, 1174
2029, 1198, 1212
2030, 1174, 1198
2031, 1616, 1181
2032, 1175, 1616
2033, 1181, 1196
2034, 1200, 1175
2035, 1178, 1176
2036, 1203, 1178
2037, 1176, 1231
2038, 1228, 1203
2039, 1199, 1202
2040, 1234, 1199
2041, 1230, 1234
2042, 1244, 1249
2043, 1188, 1193
2044, 1193, 1235
2045, 1208, 1188
2046, 1194, 1187
2047, 1219, 1194
2048, 1187, 1240
2049, 1206, 1204
2050, 1204, 1232
2051, 1233, 1200
2052, 1200, 1220
2053, 1190, 1184
2054, 1184, 1189
2055, 1242, 1190
2056, 1189, 1262
2057, 1183, 1192
2058, 1192, 1221
2059, 1237, 1183
2060, 1619, 1215
2061, 1216, 1619
2062, 1249, 1238
2063, 1311, 1249
2064, 1269, 1289
2065, 1258, 1228
2066, 1228, 1244
2067, 1244, 1288
2068, 1225, 1246
2069, 1262, 1222
2070, 1280, 1262
2071, 1196, 1197
2072, 1197, 1241
2073, 1220, 1196
2074, 1245, 1220
2075, 1247, 1242
2076, 1242, 1280
2077, 1280, 1301
2078, 1226, 1217
2079, 1217, 1237
2080, 1237, 1257
2081, 1201, 1207
2082, 1207, 1225
2083, 1221, 1201
2084, 1260, 1221
2085, 1225, 1239
2086, 1291, 1250
2087, 1254, 1233
2088, 1233, 1266
2089, 1202, 1186
2090, 1186, 1213
2091, 1213, 1251
2092, 1255, 1230
2093, 1230, 1202
2094, 1212, 1224
2095, 1240, 1212
2096, 1273, 1240
2097, 1229, 1253
2098, 1719, 1229
2099, 1253, 1219
2100, 1219, 1268
2101, 1224, 1211
2102, 1211, 1206
2103, 1206, 1259
2104, 1259, 1224
2105, 1214, 1191
2106, 1191, 1236
2107, 1222, 1214
2108, 1243, 1222
2109, 1235, 1261
2110, 1236, 1208
2111, 1208, 1235
2112, 1274, 1236
2113, 1205, 1226
2114, 1215, 1205
2115, 1286, 1215
2116, 1226, 1270
2117, 1227, 1720
2118, 1239, 1304
2119, 1252, 1239
2120, 1263, 1223
2121, 1223, 1216
2122, 1216, 1269
2123, 1269, 1285
2124, 1276, 1272
2125, 1275, 1243
2126, 1243, 1277
2127, 1257, 1267
2128, 1270, 1257
2129, 1284, 1270
2130, 1313, 1299
2131, 1265, 1305
2132, 1271, 1253
2133, 1253, 1296
2134, 1241, 1247
2135, 1264, 1241
2136, 1247, 1300
2137, 1251, 1258
2138, 1258, 1281
2139, 1256, 1251
2140, 1231, 1218
2141, 1218, 1227
2142, 1238, 1231
2143, 1290, 1238
2144, 1227, 1298
2145, 1306, 1721
2146, 1292, 1284
2147, 1284, 1310
2148, 1246, 1248
2149, 1248, 1278
2150, 1304, 1246
2151, 1624, 1304
2152, 1278, 1255
2153, 1255, 1256
2154, 1256, 1325
2155, 1303, 1278
2156, 1277, 1274
2157, 1274, 1287
2158, 1621, 1277
2159, 1334, 1316
2160, 1259, 1294
2161, 1272, 1259
2162, 1622, 1272
2163, 1620, 1254
2164, 1232, 1620
2165, 1250, 1232
2166, 1299, 1250
2167, 1254, 1265
2168, 1265, 1299
2169, 1268, 1279
2170, 1296, 1268
2171, 1308, 1296
2172, 1279, 1273
2173, 1273, 1276
2174, 1276, 1622
2175, 1309, 1279
2176, 1266, 1245
2177, 1245, 1264
2178, 1293, 1266
2179, 1264, 1315
2180, 1301, 1275
2181, 1317, 1301
2182, 1275, 1621
2183, 1328, 1317
2184, 1261, 1263
2185, 1287, 1261
2186, 1263, 1282
2187, 1314, 1287
2188, 1722, 1271
2189, 1271, 1623
2190, 1285, 1324
2191, 1282, 1285
2192, 1321, 1282
2193, 1267, 1283
2194, 1310, 1267
2195, 1329, 1310
2196, 1352, 1312
2197, 1288, 1318
2198, 1281, 1288
2199, 1323, 1281
2200, 1320, 1311
2201, 1311, 1290
2202, 1290, 1297
2203, 1283, 1260
2204, 1260, 1252
2205, 1252, 1624
2206, 1302, 1283
2207, 1341, 1302
2208, 1302, 1307
2209, 1332, 1326
2210, 1305, 1295
2211, 1312, 1305
2212, 1343, 1312
2213, 1300, 1317
2214, 1316, 1300
2215, 1317, 1316
2216, 1344, 1314
2217, 1314, 1331
2218, 1294, 1291
2219, 1291, 1313
2220, 1313, 1336
2221, 1348, 1294
2222, 1346, 1362
2223, 1319, 1309
2224, 1309, 1338
2225, 1318, 1320
2226, 1327, 1318
2227, 1320, 1353
2228, 1298, 1306
2229, 1297, 1298
2230, 1306, 1347
2231, 1354, 1297
2232, 1369, 1368
2233, 1325, 1323
2234, 1333, 1325
2235, 1323, 1327
2236, 1327, 1357
2237, 1388, 1343
2238, 1343, 1345
2239, 1295, 1293
2240, 1315, 1339
2241, 1293, 1315
2242, 1345, 1295
2243, 1363, 1345
2244, 1339, 1334
2245, 1334, 1340
2246, 1359, 1339
2247, 1289, 1286
2248, 1322, 1289
2249, 1286, 1292
2250, 1292, 1346
2251, 1346, 1337
2252, 1362, 1329
2253, 1329, 1341
2254, 1341, 1358
2255, 1371, 1362
2256, 1351, 1328
2257, 1328, 1335
2258, 1324, 1322
2259, 1342, 1324
2260, 1337, 1355
2261, 1322, 1337
2262, 1623, 1308
2263, 1308, 1319
2264, 1319, 1372
2265, 1621, 1344
2266, 1335, 1621
2267, 1344, 1625
2268, 1365, 1335
2269, 1338, 1330
2270, 1367, 1338
2271, 1622, 1349
2272, 1330, 1622
2273, 1373, 1330
2274, 1723, 1623
2275, 1623, 1374
2276, 1336, 1352
2277, 1352, 1364
2278, 1361, 1336
2279, 1331, 1321
2280, 1321, 1342
2281, 1366, 1331
2282, 1342, 1378
2283, 1307, 1624
2284, 1383, 1307
2285, 1326, 1303
2286, 1303, 1333
2287, 1387, 1326
2288, 1333, 1360
2289, 1350, 1724
2290, 1624, 1332
2291, 1332, 1375
2292, 1356, 1624
2293, 1357, 1369
2294, 1369, 1402
2295, 1376, 1357
2296, 1347, 1350
2297, 1354, 1347
2298, 1350, 1405
2299, 1340, 1351
2300, 1397, 1340
2301, 1351, 1370
2302, 1380, 1626
2303, 1392, 1365
2304, 1365, 1385
2305, 1374, 1384
2306, 1416, 1374
2307, 1364, 1377
2308, 1391, 1364
2309, 1373, 1381
2310, 1378, 1389
2311, 1382, 1378
2312, 1353, 1354
2313, 1368, 1353
2314, 1396, 1368
2315, 1354, 1424
2316, 1375, 1395
2317, 1401, 1375
2318, 1411, 1397
2319, 1397, 1370
2320, 1385, 1625
2321, 1412, 1385
2322, 1625, 1366
2323, 1366, 1382
2324, 1382, 1430
2325, 1399, 1625
2326, 1403, 1371
2327, 1371, 1380
2328, 1380, 1449
2329, 1358, 1383
2330, 1626, 1358
2331, 1383, 1394
2332, 1349, 1348
2333, 1348, 1361
2334, 1381, 1349
2335, 1361, 1379
2336, 1440, 1381
2337, 1379, 1391
2338, 1391, 1428
2339, 1404, 1379
2340, 1372, 1386
2341, 1384, 1372
2342, 1420, 1384
2343, 1725, 1416
2344, 1416, 1429
2345, 1386, 1367
2346, 1367, 1373
2347, 1373, 1432
2348, 1398, 1386
2349, 1377, 1388
2350, 1388, 1408
2351, 1419, 1377
2352, 1393, 1363
2353, 1363, 1359
2354, 1359, 1406
2355, 1390, 1392
2356, 1392, 1418
2357, 1355, 1403
2358, 1389, 1355
2359, 1407, 1389
2360, 1403, 1409
2361, 1394, 1356
2362, 1356, 1401
2363, 1401, 1413
2364, 1395, 1387
2365, 1360, 1376
2366, 1387, 1360
2367, 1376, 1421
2368, 1400, 1395
2369, 1415, 1396
2370, 1396, 1450
2371, 1468, 1423
2372, 1442, 1407
2373, 1407, 1414
2374, 1408, 1393
2375, 1417, 1408
2376, 1393, 1441
2377, 1370, 1390
2378, 1629, 1370
2379, 1390, 1631
2380, 1432, 1440
2381, 1440, 1454
2382, 1434, 1398
2383, 1398, 1432
2384, 1433, 1399
2385, 1399, 1427
2386, 1422, 1394
2387, 1394, 1410
2388, 1437, 1400
2389, 1400, 1435
2390, 1409, 1456
2391, 1414, 1409
2392, 1467, 1414
2393, 1410, 1425
2394, 1627, 1410
2395, 1435, 1421
2396, 1426, 1462
2397, 1466, 1435
2398, 1405, 1726
2399, 1424, 1405
2400, 1451, 1424
2401, 1441, 1436
2402, 1470, 1441
2403, 1449, 1457
2404, 1456, 1449
2405, 1495, 1456
2406, 1431, 1445
2407, 1402, 1415
2408, 1421, 1402
2409, 1423, 1426
2410, 1415, 1423
2411, 1426, 1421
2412, 1450, 1451
2413, 1478, 1450
2414, 1451, 1487
2415, 1445, 1434
2416, 1434, 1464
2417, 1484, 1445
2418, 1418, 1412
2419, 1412, 1433
2420, 1631, 1418
2421, 1433, 1458
2422, 1459, 1404
2423, 1404, 1443
2424, 1455, 1628
2425, 1443, 1447
2426, 1507, 1455
2427, 1455, 1443
2428, 1429, 1438
2429, 1727, 1429
2430, 1491, 1463
2431, 1458, 1474
2432, 1481, 1458
2433, 1430, 1444
2434, 1427, 1430
2435, 1474, 1427
2436, 1489, 1474
2437, 1453, 1626
2438, 1626, 1422
2439, 1422, 1627
2440, 1452, 1417
2441, 1417, 1470
2442, 1475, 1481
2443, 1481, 1486
2444, 1462, 1465
2445, 1490, 1466
2446, 1466, 1462
2447, 1454, 1459
2448, 1464, 1454
2449, 1483, 1464
2450, 1459, 1628
2451, 1406, 1411
2452, 1411, 1460
2453, 1436, 1406
2454, 1463, 1436
2455, 1469, 1463
2456, 1413, 1439
2457, 1425, 1413
2458, 1446, 1425
2459, 1461, 1471
2460, 1448, 1467
2461, 1467, 1633
2462, 1457, 1453
2463, 1511, 1457
2464, 1453, 1496
2465, 1428, 1419
2466, 1447, 1428
2467, 1419, 1452
2468, 1477, 1447
2469, 1452, 1482
2470, 1438, 1420
2471, 1420, 1431
2472, 1431, 1632
2473, 1476, 1438
2474, 1487, 1493
2475, 1503, 1487
2476, 1472, 1468
2477, 1468, 1478
2478, 1478, 1503
2479, 1503, 1516
2480, 1523, 1520
2481, 1493, 1728
2482, 1627, 1446
2483, 1488, 1627
2484, 1471, 1502
2485, 1446, 1471
2486, 1439, 1437
2487, 1437, 1501
2488, 1522, 1461
2489, 1461, 1439
2490, 1482, 1480
2491, 1492, 1482
2492, 1479, 1491
2493, 1491, 1519
2494, 1460, 1629
2495, 1524, 1469
2496, 1469, 1460
2497, 1444, 1442
2498, 1442, 1448
2499, 1498, 1444
2500, 1448, 1473
2501, 1509, 1511
2502, 1511, 1525
2503, 1632, 1630
2504, 1517, 1629
2505, 1729, 1630
2506, 1628, 1507
2507, 1508, 1628
2508, 1778, 1518
2509, 1730, 1476
2510, 1476, 1485
2511, 1500, 1477
2512, 1477, 1492
2513, 1492, 1540
2514, 1473, 1633
2515, 1533, 1473
2516, 1496, 1488
2517, 1513, 1496
2518, 1488, 1505
2519, 1465, 1472
2520, 1497, 1490
2521, 1490, 1465
2522, 1472, 1499
2523, 1516, 1523
2524, 1529, 1516
2525, 1523, 1731
2526, 1502, 1531
2527, 1505, 1502
2528, 1732, 1505
2529, 1470, 1479
2530, 1480, 1470
2531, 1530, 1480
2532, 1479, 1521
2533, 1506, 1489
2534, 1489, 1494
2535, 1733, 1526
2536, 1774, 1539
2537, 1515, 1510
2538, 1512, 1493
2539, 1493, 1734
2540, 1630, 1484
2541, 1484, 1483
2542, 1483, 1504
2543, 1537, 1630
2544, 1629, 1631
2545, 1631, 1475
2546, 1475, 1536
2547, 1534, 1629
2548, 1520, 1512
2549, 1735, 1520
2550, 1512, 1736
2551, 1536, 1737
2552, 1541, 1534
2553, 1534, 1536
2554, 1501, 1497
2555, 1499, 1514
2556, 1510, 1501
2557, 1497, 1499
2558, 1738, 1510
2559, 1507, 1500
2560, 1527, 1507
2561, 1500, 1739
2562, 1740, 1542
2563, 1519, 1524
2564, 1521, 1519
2565, 1528, 1521
2566, 1486, 1506
2567, 1518, 1486
2568, 1526, 1518
2569, 1506, 1526
2570, 1543, 1741
2571, 1524, 1517
2572, 1517, 1541
2573, 1541, 1742
2574, 1777, 1524
2575, 1544, 1508
2576, 1508, 1527
2577, 1542, 1743
2578, 1527, 1542
2579, 1504, 1532
2580, 1744, 1537
2581, 1537, 1504
2582, 1776, 1530
2583, 1530, 1528
2584, 1528, 1745
2585, 1485, 1632
2586, 1632, 1746
2587, 1747, 1485
2588, 1494, 1498
2589, 1498, 1538
2590, 1748, 1494
2591, 1531, 1522
2592, 1522, 1515
2593, 1775, 1531
2594, 1515, 1749
2595, 1633, 1495
2596, 1495, 1509
2597, 1509, 1543
2598, 1539, 1633
2599, 1750, 1539
2600, 1543, 1751
2601, 1514, 1535
2602, 1545, 1514
2603, 1538, 1533
2604, 1533, 1774
2605, 1752, 1538
2606, 1525, 1513
2607, 1753, 1525
2608, 1513, 1754
2609, 1540, 1776
2610, 1755, 1540
2611, 1756, 1545
2612, 1545, 1757
2613, 1532, 1544
2614, 1544, 1758
2615, 1759, 1532
2616, 1760, 1778
2617, 1535, 1529
2618, 1529, 1761
2619, 1762, 1535
