1, 817, 735
2, 11, 818
3, 6, 819
4, 12, 820
5, 821, 738
6, 822, 9
7, 823, 8
8, 14, 824
9, 825, 4
10, 735, 826
11, 827, 7
12, 736, 828
13, 8, 829
14, 830, 736
15, 17, 8
16, 7, 831
17, 832, 11
18, 18, 7
19, 5, 833
20, 834, 25
21, 835, 2
22, 740, 836
23, 4, 837
24, 838, 933
25, 23, 4
26, 3, 839
27, 840, 13
28, 841, 5
29, 738, 842
30, 5, 34
31, 1, 843
32, 844, 737
33, 845, 1
34, 10, 846
35, 1, 27
36, 2, 847
37, 848, 6
38, 22, 2
39, 849, 3
40, 737, 850
41, 3, 24
42, 21, 735
43, 735, 26
44, 6, 16
45, 20, 6
46, 11, 21
47, 30, 11
48, 21, 45
49, 15, 738
50, 738, 36
51, 13, 12
52, 12, 15
53, 29, 13
54, 15, 43
55, 9, 10
56, 851, 9
57, 10, 32
58, 16, 14
59, 14, 19
60, 44, 16
61, 31, 30
62, 30, 46
63, 35, 933
64, 37, 41
65, 26, 23
66, 23, 35
67, 741, 26
68, 35, 48
69, 33, 22
70, 22, 20
71, 20, 743
72, 34, 38
73, 36, 34
74, 742, 36
75, 19, 17
76, 17, 37
77, 50, 19
78, 37, 54
79, 740, 33
80, 33, 60
81, 40, 29
82, 29, 47
83, 32, 27
84, 739, 32
85, 27, 737
86, 737, 28
87, 51, 27
88, 24, 40
89, 28, 24
90, 40, 53
91, 42, 28
92, 25, 740
93, 38, 25
94, 57, 38
95, 39, 18
96, 18, 31
97, 31, 55
98, 743, 44
99, 44, 52
100, 45, 741
101, 46, 45
102, 56, 46
103, 852, 739
104, 43, 742
105, 49, 43
106, 70, 853
107, 736, 39
108, 41, 736
109, 69, 41
110, 39, 66
111, 740, 67
112, 75, 740
113, 65, 42
114, 42, 62
115, 48, 72
116, 58, 48
117, 54, 69
118, 61, 54
119, 69, 77
120, 63, 56
121, 56, 747
122, 60, 73
123, 67, 60
124, 79, 67
125, 55, 63
126, 66, 55
127, 76, 66
128, 63, 91
129, 741, 58
130, 95, 741
131, 58, 746
132, 71, 57
133, 57, 78
134, 53, 64
135, 62, 53
136, 74, 62
137, 742, 71
138, 745, 742
139, 71, 85
140, 47, 49
141, 64, 47
142, 49, 745
143, 82, 64
144, 73, 743
145, 743, 744
146, 87, 73
147, 59, 51
148, 51, 68
149, 52, 50
150, 50, 61
151, 744, 52
152, 61, 90
153, 739, 59
154, 854, 739
155, 59, 88
156, 72, 70
157, 70, 855
158, 89, 72
159, 77, 81
160, 92, 77
161, 81, 76
162, 76, 86
163, 105, 81
164, 83, 79
165, 79, 103
166, 78, 75
167, 75, 83
168, 102, 78
169, 83, 104
170, 80, 74
171, 74, 96
172, 68, 65
173, 65, 80
174, 84, 68
175, 80, 106
176, 91, 98
177, 86, 91
178, 110, 86
179, 747, 95
180, 95, 746
181, 744, 101
182, 103, 93
183, 113, 103
184, 98, 747
185, 124, 98
186, 99, 102
187, 102, 109
188, 85, 99
189, 745, 85
190, 99, 121
191, 96, 94
192, 111, 96
193, 88, 84
194, 97, 88
195, 84, 112
196, 856, 97
197, 97, 117
198, 93, 87
199, 87, 100
200, 126, 93
201, 94, 82
202, 82, 745
203, 118, 94
204, 746, 89
205, 89, 107
206, 123, 746
207, 90, 92
208, 101, 90
209, 92, 114
210, 108, 101
211, 104, 115
212, 109, 104
213, 119, 109
214, 114, 105
215, 105, 110
216, 110, 120
217, 122, 114
218, 106, 111
219, 116, 106
220, 107, 857
221, 125, 107
222, 747, 138
223, 131, 747
224, 100, 744
225, 744, 749
226, 748, 100
227, 858, 137
228, 745, 750
229, 127, 745
230, 120, 134
231, 152, 120
232, 139, 123
233, 123, 136
234, 132, 126
235, 126, 748
236, 133, 118
237, 118, 127
238, 127, 140
239, 130, 122
240, 122, 149
241, 749, 108
242, 108, 130
243, 130, 146
244, 134, 124
245, 124, 131
246, 131, 135
247, 156, 134
248, 129, 119
249, 119, 155
250, 117, 128
251, 137, 117
252, 141, 137
253, 121, 129
254, 750, 121
255, 129, 154
256, 112, 116
257, 128, 112
258, 116, 158
259, 148, 128
260, 115, 113
261, 113, 132
262, 159, 115
263, 132, 151
264, 111, 133
265, 752, 111
266, 133, 150
267, 136, 125
268, 125, 859
269, 167, 136
270, 138, 139
271, 145, 138
272, 139, 166
273, 144, 749
274, 749, 143
275, 135, 145
276, 163, 135
277, 145, 171
278, 142, 750
279, 750, 147
280, 140, 142
281, 168, 140
282, 142, 174
283, 860, 141
284, 141, 161
285, 748, 144
286, 170, 748
287, 144, 173
288, 166, 167
289, 167, 172
290, 177, 166
291, 172, 861
292, 175, 172
293, 151, 170
294, 160, 151
295, 170, 178
296, 146, 169
297, 143, 146
298, 182, 143
299, 156, 163
300, 163, 753
301, 150, 168
302, 162, 150
303, 168, 181
304, 752, 162
305, 162, 192
306, 161, 148
307, 148, 157
308, 183, 161
309, 158, 752
310, 157, 158
311, 188, 157
312, 155, 751
313, 154, 155
314, 164, 154
315, 751, 159
316, 159, 160
317, 160, 191
318, 165, 156
319, 156, 187
320, 147, 164
321, 176, 147
322, 164, 189
323, 149, 153
324, 169, 149
325, 180, 169
326, 171, 177
327, 753, 171
328, 177, 186
329, 174, 176
330, 185, 174
331, 176, 184
332, 173, 182
333, 179, 173
334, 182, 190
335, 862, 183
336, 183, 193
337, 153, 152
338, 152, 165
339, 165, 196
340, 198, 153
341, 197, 863
342, 201, 751
343, 751, 205
344, 752, 212
345, 208, 752
346, 206, 175
347, 175, 197
348, 197, 204
349, 194, 753
350, 753, 217
351, 190, 195
352, 225, 190
353, 187, 194
354, 196, 187
355, 210, 196
356, 194, 754
357, 191, 203
358, 205, 191
359, 211, 205
360, 184, 200
361, 758, 184
362, 178, 179
363, 203, 178
364, 179, 224
365, 222, 203
366, 189, 201
367, 200, 189
368, 201, 207
369, 755, 200
370, 192, 199
371, 212, 192
372, 195, 180
373, 180, 198
374, 198, 209
375, 757, 195
376, 193, 202
377, 864, 193
378, 202, 188
379, 188, 208
380, 756, 202
381, 181, 185
382, 199, 181
383, 185, 758
384, 223, 199
385, 186, 206
386, 220, 186
387, 206, 218
388, 204, 865
389, 215, 204
390, 209, 213
391, 228, 209
392, 213, 210
393, 210, 221
394, 238, 213
395, 214, 212
396, 212, 231
397, 207, 216
398, 229, 207
399, 216, 211
400, 211, 230
401, 234, 216
402, 208, 214
403, 219, 208
404, 214, 237
405, 218, 215
406, 226, 218
407, 215, 241
408, 221, 754
409, 240, 221
410, 235, 226
411, 226, 257
412, 757, 228
413, 228, 242
414, 230, 222
415, 759, 230
416, 217, 220
417, 754, 217
418, 220, 233
419, 252, 754
420, 232, 758
421, 755, 229
422, 229, 244
423, 231, 223
424, 223, 232
425, 251, 231
426, 232, 247
427, 222, 227
428, 253, 222
429, 756, 219
430, 219, 239
431, 866, 756
432, 756, 254
433, 758, 755
434, 755, 246
435, 236, 757
436, 757, 249
437, 248, 238
438, 238, 243
439, 241, 867
440, 250, 241
441, 237, 251
442, 239, 237
443, 255, 239
444, 245, 234
445, 234, 759
446, 233, 235
447, 235, 262
448, 268, 233
449, 224, 225
450, 225, 236
451, 227, 224
452, 267, 227
453, 236, 259
454, 868, 760
455, 269, 758
456, 758, 761
457, 257, 263
458, 262, 257
459, 272, 262
460, 247, 269
461, 266, 247
462, 269, 271
463, 246, 264
464, 761, 246
465, 249, 256
466, 261, 249
467, 244, 245
468, 264, 244
469, 245, 765
470, 280, 264
471, 258, 253
472, 253, 270
473, 260, 252
474, 252, 268
475, 759, 258
476, 765, 759
477, 258, 283
478, 242, 248
479, 256, 242
480, 248, 277
481, 766, 256
482, 243, 240
483, 240, 260
484, 768, 243
485, 260, 762
486, 263, 250
487, 250, 869
488, 764, 263
489, 254, 265
490, 760, 254
491, 265, 255
492, 255, 276
493, 769, 265
494, 251, 266
495, 276, 251
496, 266, 767
497, 763, 276
498, 274, 272
499, 272, 286
500, 271, 275
501, 279, 271
502, 270, 267
503, 267, 273
504, 278, 270
505, 268, 274
506, 289, 268
507, 274, 293
508, 870, 760
509, 760, 284
510, 259, 261
511, 273, 259
512, 261, 281
513, 291, 273
514, 275, 761
515, 761, 287
516, 292, 275
517, 762, 289
518, 289, 770
519, 283, 278
520, 278, 296
521, 764, 871
522, 763, 767
523, 287, 280
524, 294, 287
525, 281, 766
526, 297, 281
527, 286, 764
528, 306, 286
529, 764, 300
530, 282, 765
531, 765, 283
532, 283, 302
533, 277, 768
534, 766, 277
535, 311, 766
536, 767, 279
537, 279, 295
538, 307, 767
539, 769, 290
540, 768, 762
541, 762, 310
542, 288, 768
543, 284, 769
544, 298, 284
545, 769, 309
546, 280, 285
547, 301, 280
548, 296, 291
549, 291, 297
550, 304, 296
551, 297, 303
552, 293, 308
553, 770, 293
554, 299, 292
555, 292, 294
556, 872, 298
557, 298, 305
558, 321, 288
559, 288, 323
560, 314, 873
561, 285, 282
562, 282, 771
563, 315, 285
564, 290, 763
565, 763, 772
566, 313, 290
567, 317, 311
568, 311, 322
569, 310, 312
570, 326, 310
571, 302, 319
572, 771, 302
573, 772, 307
574, 307, 316
575, 325, 301
576, 301, 315
577, 315, 328
578, 312, 770
579, 770, 330
580, 342, 312
581, 294, 325
582, 331, 294
583, 325, 333
584, 295, 299
585, 316, 295
586, 299, 331
587, 336, 316
588, 331, 350
589, 308, 306
590, 306, 318
591, 330, 308
592, 352, 330
593, 319, 304
594, 304, 341
595, 347, 319
596, 303, 317
597, 340, 303
598, 317, 356
599, 309, 313
600, 320, 309
601, 313, 327
602, 305, 320
603, 874, 305
604, 320, 344
605, 300, 314
606, 318, 300
607, 314, 324
608, 773, 318
609, 324, 875
610, 343, 324
611, 323, 326
612, 332, 323
613, 326, 337
614, 328, 329
615, 338, 328
616, 329, 771
617, 771, 345
618, 364, 329
619, 335, 772
620, 772, 334
621, 327, 335
622, 348, 327
623, 335, 362
624, 322, 321
625, 321, 332
626, 349, 322
627, 332, 354
628, 356, 349
629, 349, 366
630, 355, 342
631, 342, 352
632, 352, 357
633, 334, 346
634, 370, 334
635, 351, 340
636, 340, 356
637, 356, 372
638, 333, 339
639, 361, 333
640, 341, 351
641, 353, 341
642, 351, 359
643, 357, 773
644, 363, 357
645, 339, 338
646, 338, 367
647, 374, 339
648, 345, 347
649, 347, 353
650, 775, 345
651, 353, 379
652, 337, 355
653, 365, 337
654, 355, 373
655, 773, 343
656, 343, 776
657, 369, 773
658, 876, 360
659, 344, 348
660, 360, 344
661, 348, 368
662, 378, 360
663, 346, 336
664, 350, 358
665, 336, 350
666, 380, 346
667, 354, 365
668, 366, 354
669, 382, 366
670, 365, 377
671, 776, 877
672, 362, 376
673, 371, 362
674, 367, 364
675, 364, 775
676, 375, 367
677, 359, 778
678, 774, 359
679, 779, 363
680, 363, 386
681, 878, 392
682, 358, 361
683, 361, 381
684, 777, 358
685, 373, 779
686, 389, 373
687, 372, 391
688, 778, 372
689, 379, 774
690, 390, 379
691, 388, 369
692, 369, 385
693, 775, 390
694, 402, 775
695, 390, 400
696, 385, 776
697, 776, 879
698, 404, 385
699, 384, 380
700, 380, 777
701, 381, 374
702, 374, 387
703, 393, 381
704, 376, 370
705, 370, 384
706, 783, 376
707, 384, 782
708, 387, 375
709, 375, 402
710, 402, 412
711, 398, 387
712, 377, 389
713, 394, 377
714, 389, 401
715, 392, 378
716, 378, 383
717, 368, 371
718, 383, 368
719, 371, 399
720, 409, 383
721, 391, 382
722, 382, 394
723, 780, 391
724, 394, 781
725, 386, 388
726, 396, 386
727, 388, 403
728, 774, 395
729, 407, 774
730, 395, 778
731, 778, 405
732, 418, 395
733, 397, 393
734, 393, 413
735, 880, 392
736, 392, 406
737, 777, 397
738, 415, 777
739, 397, 420
740, 779, 396
741, 408, 779
742, 396, 419
743, 401, 408
744, 408, 425
745, 413, 410
746, 426, 413
747, 417, 881
748, 782, 415
749, 415, 421
750, 399, 783
751, 409, 399
752, 410, 398
753, 398, 416
754, 435, 410
755, 400, 411
756, 412, 400
757, 780, 781
758, 414, 401
759, 401, 436
760, 411, 407
761, 407, 422
762, 438, 411
763, 405, 780
764, 424, 405
765, 780, 428
766, 406, 409
767, 784, 406
768, 409, 430
769, 783, 782
770, 782, 437
771, 403, 404
772, 404, 417
773, 423, 403
774, 417, 433
775, 422, 418
776, 418, 427
777, 431, 422
778, 420, 434
779, 421, 420
780, 432, 421
781, 419, 423
782, 429, 419
783, 423, 439
784, 882, 784
785, 785, 883
786, 781, 414
787, 441, 781
788, 414, 448
789, 416, 412
790, 443, 416
791, 412, 450
792, 447, 783
793, 783, 452
794, 433, 785
795, 451, 433
796, 428, 441
797, 444, 428
798, 441, 453
799, 425, 429
800, 446, 425
801, 429, 461
802, 450, 438
803, 438, 454
804, 454, 431
805, 431, 786
806, 469, 454
807, 442, 432
808, 432, 787
809, 427, 424
810, 424, 444
811, 462, 427
812, 444, 467
813, 437, 442
814, 452, 437
815, 442, 477
816, 430, 449
817, 445, 430
818, 434, 426
819, 426, 440
820, 457, 434
821, 440, 435
822, 435, 443
823, 443, 456
824, 465, 440
825, 784, 445
826, 884, 784
827, 445, 464
828, 439, 451
829, 788, 439
830, 451, 473
831, 436, 446
832, 448, 436
833, 455, 448
834, 446, 463
835, 458, 455
836, 455, 466
837, 456, 459
838, 476, 456
839, 449, 447
840, 447, 460
841, 479, 449
842, 460, 452
843, 452, 470
844, 485, 460
845, 453, 458
846, 475, 453
847, 458, 483
848, 785, 885
849, 474, 785
850, 459, 450
851, 450, 468
852, 486, 459
853, 463, 471
854, 466, 463
855, 492, 466
856, 468, 469
857, 488, 468
858, 478, 474
859, 474, 489
860, 473, 478
861, 788, 473
862, 478, 503
863, 472, 476
864, 476, 490
865, 467, 475
866, 475, 496
867, 786, 462
868, 462, 467
869, 467, 499
870, 481, 479
871, 479, 487
872, 470, 482
873, 790, 470
874, 469, 786
875, 501, 469
876, 477, 787
877, 482, 477
878, 494, 482
879, 787, 457
880, 457, 465
881, 465, 472
882, 472, 502
883, 480, 787
884, 464, 481
885, 886, 464
886, 481, 495
887, 461, 788
888, 471, 461
889, 497, 471
890, 788, 484
891, 489, 887
892, 483, 493
893, 500, 483
894, 491, 486
895, 486, 488
896, 488, 498
897, 487, 485
898, 485, 790
899, 504, 487
900, 786, 505
901, 509, 786
902, 484, 789
903, 511, 484
904, 888, 514
905, 519, 480
906, 480, 515
907, 499, 516
908, 505, 499
909, 518, 505
910, 510, 497
911, 497, 511
912, 511, 520
913, 503, 507
914, 789, 503
915, 790, 508
916, 531, 790
917, 502, 517
918, 515, 502
919, 522, 515
920, 507, 489
921, 489, 889
922, 543, 507
923, 495, 512
924, 514, 495
925, 521, 514
926, 512, 504
927, 504, 528
928, 541, 512
929, 493, 492
930, 492, 510
931, 794, 493
932, 510, 791
933, 506, 501
934, 501, 513
935, 498, 506
936, 792, 498
937, 506, 538
938, 508, 494
939, 494, 519
940, 526, 508
941, 490, 491
942, 517, 490
943, 491, 792
944, 529, 517
945, 496, 500
946, 516, 496
947, 500, 794
948, 525, 516
949, 527, 789
950, 789, 536
951, 523, 518
952, 518, 537
953, 520, 527
954, 533, 520
955, 527, 549
956, 519, 524
957, 532, 519
958, 524, 522
959, 522, 539
960, 551, 524
961, 513, 509
962, 509, 523
963, 540, 513
964, 523, 544
965, 890, 521
966, 521, 535
967, 539, 529
968, 556, 539
969, 791, 533
970, 533, 795
971, 543, 891
972, 529, 792
973, 562, 529
974, 534, 525
975, 525, 794
976, 545, 547
977, 530, 532
978, 532, 796
979, 537, 534
980, 553, 537
981, 534, 563
982, 535, 541
983, 541, 550
984, 558, 535
985, 528, 531
986, 531, 542
987, 550, 528
988, 559, 550
989, 546, 791
990, 791, 565
991, 538, 540
992, 547, 538
993, 540, 552
994, 557, 547
995, 536, 543
996, 793, 536
997, 543, 555
998, 548, 526
999, 526, 530
1000, 530, 564
1001, 549, 793
1002, 795, 549
1003, 796, 551
1004, 551, 561
1005, 544, 554
1006, 552, 544
1007, 560, 552
1008, 892, 558
1009, 569, 893
1010, 792, 545
1011, 568, 792
1012, 545, 576
1013, 794, 546
1014, 573, 794
1015, 546, 579
1016, 542, 548
1017, 584, 542
1018, 548, 571
1019, 580, 557
1020, 557, 570
1021, 565, 566
1022, 581, 565
1023, 574, 562
1024, 562, 568
1025, 568, 583
1026, 564, 572
1027, 575, 564
1028, 566, 795
1029, 795, 593
1030, 798, 566
1031, 555, 569
1032, 567, 555
1033, 569, 582
1034, 793, 567
1035, 591, 793
1036, 567, 800
1037, 554, 553
1038, 553, 577
1039, 586, 554
1040, 563, 573
1041, 577, 563
1042, 573, 585
1043, 797, 577
1044, 561, 556
1045, 556, 574
1046, 598, 561
1047, 574, 590
1048, 558, 578
1049, 894, 558
1050, 572, 796
1051, 796, 799
1052, 599, 572
1053, 570, 560
1054, 560, 586
1055, 595, 570
1056, 586, 801
1057, 578, 559
1058, 559, 584
1059, 596, 578
1060, 583, 587
1061, 602, 583
1062, 582, 895
1063, 592, 582
1064, 585, 589
1065, 610, 585
1066, 579, 581
1067, 589, 579
1068, 581, 597
1069, 613, 589
1070, 571, 575
1071, 588, 571
1072, 575, 594
1073, 584, 588
1074, 600, 584
1075, 588, 611
1076, 576, 580
1077, 587, 576
1078, 580, 603
1079, 612, 587
1080, 590, 602
1081, 609, 590
1082, 602, 621
1083, 593, 591
1084, 601, 593
1085, 591, 800
1086, 797, 610
1087, 610, 620
1088, 798, 605
1089, 608, 596
1090, 596, 600
1091, 600, 622
1092, 594, 599
1093, 599, 606
1094, 803, 594
1095, 603, 595
1096, 595, 607
1097, 616, 603
1098, 597, 798
1099, 617, 597
1100, 798, 631
1101, 606, 799
1102, 627, 606
1103, 604, 609
1104, 609, 629
1105, 607, 801
1106, 628, 607
1107, 801, 797
1108, 797, 623
1109, 896, 608
1110, 608, 619
1111, 800, 592
1112, 592, 614
1113, 615, 800
1114, 614, 897
1115, 632, 614
1116, 624, 612
1117, 612, 618
1118, 630, 613
1119, 613, 617
1120, 617, 626
1121, 611, 803
1122, 625, 611
1123, 605, 601
1124, 601, 640
1125, 805, 605
1126, 799, 598
1127, 598, 604
1128, 804, 799
1129, 604, 642
1130, 802, 801
1131, 801, 641
1132, 898, 806
1133, 623, 638
1134, 643, 623
1135, 634, 632
1136, 632, 899
1137, 633, 628
1138, 628, 802
1139, 631, 805
1140, 639, 631
1141, 640, 615
1142, 615, 634
1143, 645, 640
1144, 634, 807
1145, 618, 616
1146, 616, 633
1147, 660, 618
1148, 633, 809
1149, 622, 625
1150, 637, 622
1151, 625, 652
1152, 629, 636
1153, 644, 629
1154, 626, 639
1155, 658, 626
1156, 639, 656
1157, 803, 635
1158, 661, 803
1159, 619, 637
1160, 806, 619
1161, 637, 650
1162, 635, 627
1163, 627, 804
1164, 665, 635
1165, 621, 624
1166, 636, 621
1167, 624, 659
1168, 651, 636
1169, 620, 630
1170, 638, 620
1171, 630, 654
1172, 808, 638
1173, 805, 648
1174, 655, 805
1175, 804, 646
1176, 666, 804
1177, 648, 645
1178, 645, 662
1179, 675, 648
1180, 802, 647
1181, 664, 802
1182, 641, 643
1183, 647, 641
1184, 643, 649
1185, 674, 647
1186, 900, 806
1187, 806, 653
1188, 642, 644
1189, 646, 642
1190, 644, 667
1191, 673, 646
1192, 671, 655
1193, 655, 686
1194, 662, 807
1195, 682, 662
1196, 807, 901
1197, 683, 807
1198, 667, 651
1199, 811, 667
1200, 665, 666
1201, 666, 685
1202, 656, 671
1203, 669, 656
1204, 671, 681
1205, 808, 654
1206, 650, 657
1207, 653, 650
1208, 679, 653
1209, 809, 664
1210, 664, 676
1211, 652, 663
1212, 657, 652
1213, 684, 657
1214, 651, 668
1215, 689, 651
1216, 672, 809
1217, 809, 690
1218, 649, 808
1219, 677, 649
1220, 808, 680
1221, 670, 665
1222, 665, 691
1223, 687, 675
1224, 675, 682
1225, 685, 673
1226, 673, 811
1227, 678, 674
1228, 674, 677
1229, 677, 688
1230, 902, 679
1231, 695, 903
1232, 654, 658
1233, 658, 669
1234, 669, 704
1235, 699, 654
1236, 663, 661
1237, 661, 670
1238, 702, 663
1239, 670, 706
1240, 659, 660
1241, 660, 672
1242, 668, 659
1243, 810, 668
1244, 672, 700
1245, 681, 694
1246, 704, 681
1247, 698, 689
1248, 689, 810
1249, 682, 697
1250, 812, 682
1251, 705, 685
1252, 685, 712
1253, 697, 683
1254, 683, 695
1255, 695, 703
1256, 813, 697
1257, 688, 693
1258, 814, 688
1259, 680, 701
1260, 693, 680
1261, 721, 693
1262, 690, 696
1263, 707, 690
1264, 686, 687
1265, 694, 686
1266, 687, 812
1267, 720, 694
1268, 692, 684
1269, 684, 702
1270, 811, 698
1271, 712, 811
1272, 698, 724
1273, 816, 712
1274, 679, 692
1275, 904, 679
1276, 692, 718
1277, 676, 678
1278, 696, 676
1279, 678, 713
1280, 714, 696
1281, 691, 705
1282, 708, 691
1283, 705, 815
1284, 701, 699
1285, 699, 709
1286, 727, 701
1287, 703, 905
1288, 715, 703
1289, 700, 707
1290, 710, 700
1291, 707, 716
1292, 706, 708
1293, 711, 706
1294, 708, 722
1295, 702, 711
1296, 719, 702
1297, 711, 734
1298, 810, 710
1299, 725, 810
1300, 710, 731
1301, 709, 704
1302, 704, 717
1303, 732, 709
1304, 726, 720
1305, 720, 812
1306, 721, 727
1307, 727, 906
1308, 716, 723
1309, 907, 716
1310, 813, 715
1311, 715, 908
1312, 722, 815
1313, 909, 722
1314, 814, 721
1315, 721, 910
1316, 724, 725
1317, 729, 724
1318, 725, 911
1319, 713, 814
1320, 723, 714
1321, 714, 713
1322, 912, 723
1323, 814, 733
1324, 815, 816
1325, 913, 815
1326, 914, 728
1327, 718, 719
1328, 728, 718
1329, 719, 915
1330, 916, 728
1331, 816, 729
1332, 729, 917
1333, 717, 726
1334, 918, 717
1335, 726, 919
1336, 730, 813
1337, 813, 920
1338, 921, 732
1339, 732, 922
1340, 734, 923
1341, 924, 734
1342, 731, 925
1343, 926, 731
1344, 812, 730
1345, 927, 812
1346, 730, 928
1347, 929, 816
1348, 816, 930
1349, 733, 931
1350, 932, 733
