1, 12, 593
2, 3, 594
3, 1, 595
4, 596, 11
5, 2, 597
6, 598, 6
7, 599, 14
8, 23, 600
9, 601, 462
10, 463, 2
11, 2, 464
12, 21, 602
13, 603, 22
14, 465, 604
15, 605, 19
16, 11, 30
17, 13, 11
18, 606, 9
19, 462, 607
20, 608, 4
21, 464, 609
22, 6, 16
23, 20, 6
24, 610, 5
25, 17, 611
26, 29, 12
27, 12, 23
28, 8, 612
29, 613, 26
30, 4, 614
31, 615, 18
32, 7, 4
33, 15, 3
34, 3, 465
35, 616, 1
36, 5, 617
37, 1, 686
38, 686, 688
39, 10, 5
40, 30, 29
41, 32, 30
42, 29, 466
43, 9, 8
44, 35, 9
45, 8, 468
46, 37, 7
47, 7, 33
48, 16, 15
49, 31, 16
50, 15, 469
51, 34, 10
52, 10, 471
53, 27, 28
54, 463, 464
55, 24, 25
56, 465, 19
57, 14, 13
58, 687, 14
59, 13, 32
60, 32, 470
61, 23, 27
62, 466, 23
63, 27, 467
64, 28, 462
65, 462, 35
66, 35, 38
67, 467, 28
68, 26, 463
69, 468, 26
70, 463, 48
71, 464, 473
72, 48, 464
73, 18, 21
74, 21, 24
75, 33, 18
76, 36, 33
77, 24, 45
78, 22, 20
79, 25, 22
80, 20, 31
81, 31, 40
82, 45, 25
83, 49, 45
84, 469, 465
85, 465, 47
86, 19, 17
87, 17, 34
88, 34, 39
89, 47, 19
90, 50, 47
91, 471, 688
92, 470, 42
93, 38, 468
94, 44, 38
95, 473, 37
96, 37, 36
97, 36, 43
98, 40, 41
99, 39, 471
100, 46, 39
101, 42, 466
102, 466, 474
103, 472, 42
104, 468, 57
105, 475, 468
106, 43, 477
107, 476, 43
108, 41, 469
109, 469, 52
110, 51, 41
111, 471, 60
112, 480, 471
113, 53, 470
114, 470, 472
115, 61, 44
116, 44, 475
117, 56, 473
118, 473, 476
119, 478, 40
120, 40, 479
121, 54, 46
122, 46, 55
123, 618, 64
124, 64, 53
125, 472, 58
126, 53, 472
127, 73, 64
128, 58, 474
129, 482, 58
130, 474, 467
131, 467, 61
132, 483, 474
133, 61, 475
134, 481, 61
135, 475, 62
136, 75, 475
137, 57, 48
138, 48, 56
139, 62, 57
140, 56, 63
141, 74, 62
142, 63, 476
143, 72, 63
144, 476, 477
145, 71, 476
146, 477, 49
147, 49, 478
148, 70, 477
149, 478, 479
150, 76, 478
151, 52, 59
152, 479, 51
153, 51, 52
154, 77, 479
155, 59, 50
156, 50, 65
157, 69, 59
158, 65, 54
159, 55, 480
160, 54, 55
161, 66, 65
162, 480, 60
163, 68, 480
164, 60, 619
165, 67, 60
166, 85, 86
167, 482, 483
168, 481, 75
169, 75, 74
170, 79, 72
171, 72, 71
172, 71, 70
173, 70, 78
174, 80, 76
175, 76, 77
176, 77, 84
177, 88, 87
178, 82, 81
179, 81, 68
180, 68, 67
181, 67, 83
182, 86, 482
183, 99, 86
184, 482, 487
185, 484, 75
186, 75, 485
187, 489, 71
188, 71, 488
189, 84, 88
190, 486, 84
191, 88, 97
192, 95, 81
193, 81, 100
194, 620, 73
195, 73, 85
196, 85, 99
197, 483, 92
198, 487, 483
199, 93, 481
200, 481, 484
201, 74, 90
202, 485, 74
203, 91, 79
204, 79, 489
205, 78, 94
206, 98, 78
207, 94, 80
208, 80, 103
209, 87, 69
210, 69, 89
211, 97, 87
212, 102, 97
213, 89, 66
214, 66, 82
215, 82, 95
216, 95, 101
217, 96, 89
218, 83, 621
219, 104, 83
220, 622, 113
221, 92, 93
222, 109, 92
223, 93, 115
224, 90, 91
225, 117, 90
226, 91, 110
227, 112, 94
228, 94, 491
229, 118, 96
230, 96, 492
231, 111, 623
232, 99, 487
233, 106, 99
234, 484, 485
235, 489, 488
236, 486, 102
237, 102, 108
238, 100, 105
239, 101, 100
240, 107, 101
241, 487, 109
242, 109, 116
243, 495, 487
244, 485, 117
245, 130, 485
246, 488, 98
247, 98, 112
248, 128, 488
249, 108, 119
250, 121, 108
251, 105, 104
252, 104, 111
253, 111, 114
254, 125, 105
255, 490, 106
256, 106, 495
257, 115, 484
258, 484, 130
259, 110, 489
260, 493, 110
261, 489, 128
262, 128, 129
263, 103, 486
264, 491, 103
265, 486, 122
266, 123, 107
267, 107, 124
268, 113, 490
269, 624, 113
270, 116, 115
271, 120, 493
272, 112, 491
273, 127, 112
274, 491, 126
275, 118, 492
276, 114, 625
277, 490, 496
278, 689, 490
279, 134, 116
280, 116, 135
281, 115, 138
282, 497, 115
283, 117, 120
284, 498, 117
285, 120, 494
286, 493, 499
287, 494, 493
288, 143, 127
289, 127, 500
290, 126, 501
291, 136, 126
292, 119, 118
293, 131, 119
294, 118, 137
295, 492, 123
296, 123, 132
297, 137, 492
298, 502, 137
299, 133, 114
300, 114, 626
301, 689, 146
302, 146, 496
303, 149, 146
304, 495, 139
305, 496, 495
306, 148, 496
307, 139, 134
308, 135, 497
309, 134, 135
310, 161, 139
311, 138, 140
312, 497, 138
313, 503, 497
314, 130, 498
315, 140, 130
316, 152, 140
317, 498, 147
318, 150, 498
319, 147, 494
320, 494, 499
321, 151, 147
322, 129, 145
323, 499, 129
324, 163, 499
325, 145, 143
326, 143, 500
327, 153, 145
328, 500, 136
329, 136, 501
330, 154, 500
331, 122, 121
332, 121, 131
333, 501, 122
334, 131, 144
335, 165, 501
336, 144, 502
337, 158, 144
338, 502, 142
339, 506, 502
340, 124, 125
341, 125, 133
342, 132, 124
343, 142, 132
344, 133, 141
345, 155, 142
346, 141, 627
347, 157, 141
348, 628, 149
349, 149, 148
350, 148, 162
351, 168, 167
352, 503, 160
353, 156, 150
354, 150, 151
355, 151, 504
356, 504, 163
357, 159, 153
358, 153, 154
359, 154, 505
360, 505, 165
361, 171, 158
362, 158, 506
363, 506, 155
364, 155, 169
365, 164, 506
366, 166, 157
367, 157, 629
368, 630, 179
369, 167, 503
370, 511, 167
371, 503, 173
372, 183, 504
373, 504, 514
374, 182, 505
375, 505, 507
376, 509, 164
377, 164, 510
378, 178, 631
379, 162, 172
380, 177, 162
381, 172, 161
382, 161, 168
383, 168, 511
384, 160, 152
385, 152, 170
386, 173, 160
387, 187, 173
388, 170, 156
389, 156, 513
390, 174, 170
391, 163, 508
392, 514, 163
393, 508, 159
394, 159, 515
395, 165, 180
396, 507, 165
397, 181, 171
398, 171, 184
399, 169, 176
400, 186, 169
401, 175, 166
402, 166, 178
403, 178, 690
404, 191, 172
405, 172, 512
406, 193, 174
407, 174, 517
408, 522, 508
409, 508, 516
410, 180, 181
411, 192, 180
412, 181, 518
413, 176, 175
414, 520, 176
415, 175, 519
416, 632, 185
417, 188, 187
418, 187, 190
419, 513, 183
420, 183, 514
421, 515, 182
422, 182, 507
423, 507, 189
424, 509, 510
425, 179, 177
426, 185, 179
427, 177, 191
428, 191, 194
429, 633, 185
430, 511, 188
431, 512, 511
432, 188, 199
433, 190, 197
434, 200, 190
435, 517, 513
436, 513, 203
437, 514, 522
438, 203, 514
439, 205, 203
440, 516, 515
441, 515, 202
442, 189, 198
443, 202, 189
444, 204, 202
445, 184, 509
446, 518, 184
447, 509, 525
448, 510, 186
449, 186, 520
450, 525, 510
451, 195, 690
452, 690, 634
453, 194, 512
454, 201, 194
455, 196, 193
456, 193, 517
457, 522, 516
458, 198, 192
459, 192, 518
460, 520, 519
461, 213, 201
462, 201, 521
463, 512, 210
464, 521, 512
465, 197, 196
466, 206, 197
467, 196, 523
468, 517, 212
469, 523, 517
470, 207, 522
471, 522, 208
472, 516, 214
473, 209, 516
474, 524, 198
475, 198, 217
476, 518, 211
477, 219, 518
478, 216, 520
479, 520, 527
480, 519, 195
481, 195, 526
482, 527, 519
483, 635, 227
484, 227, 213
485, 213, 521
486, 521, 225
487, 237, 227
488, 225, 226
489, 236, 225
490, 199, 200
491, 210, 199
492, 200, 206
493, 226, 210
494, 206, 222
495, 235, 226
496, 222, 221
497, 232, 222
498, 212, 223
499, 221, 523
500, 523, 212
501, 231, 221
502, 223, 205
503, 205, 218
504, 228, 223
505, 218, 207
506, 208, 209
507, 207, 208
508, 209, 215
509, 239, 218
510, 214, 224
511, 215, 214
512, 233, 215
513, 224, 204
514, 204, 524
515, 234, 224
516, 217, 219
517, 524, 217
518, 532, 524
519, 219, 220
520, 528, 219
521, 211, 525
522, 525, 216
523, 220, 211
524, 230, 220
525, 216, 527
526, 238, 216
527, 527, 526
528, 531, 527
529, 526, 636
530, 229, 526
531, 240, 529
532, 529, 236
533, 236, 235
534, 235, 243
535, 248, 232
536, 232, 231
537, 231, 530
538, 530, 244
539, 247, 246
540, 246, 233
541, 233, 234
542, 234, 242
543, 532, 528
544, 528, 230
545, 245, 238
546, 238, 531
547, 531, 241
548, 536, 529
549, 529, 254
550, 258, 530
551, 530, 534
552, 263, 246
553, 246, 538
554, 539, 528
555, 528, 260
556, 265, 531
557, 531, 255
558, 637, 237
559, 237, 240
560, 240, 536
561, 243, 256
562, 254, 243
563, 533, 254
564, 257, 248
565, 248, 261
566, 244, 228
567, 228, 249
568, 534, 244
569, 249, 239
570, 239, 247
571, 247, 262
572, 253, 249
573, 242, 250
574, 259, 242
575, 250, 532
576, 532, 539
577, 230, 252
578, 260, 230
579, 266, 260
580, 251, 245
581, 245, 264
582, 241, 229
583, 229, 638
584, 255, 241
585, 535, 255
586, 639, 543
587, 256, 257
588, 276, 256
589, 257, 544
590, 540, 253
591, 253, 537
592, 271, 250
593, 250, 541
594, 252, 251
595, 545, 252
596, 251, 272
597, 536, 533
598, 261, 258
599, 258, 534
600, 267, 261
601, 534, 269
602, 263, 538
603, 539, 266
604, 266, 270
605, 268, 535
606, 543, 536
607, 536, 281
608, 533, 280
609, 282, 533
610, 544, 267
611, 267, 286
612, 269, 275
613, 287, 269
614, 262, 263
615, 537, 262
616, 263, 278
617, 538, 259
618, 259, 271
619, 271, 273
620, 278, 538
621, 292, 278
622, 541, 539
623, 539, 285
624, 270, 545
625, 285, 270
626, 289, 285
627, 264, 265
628, 265, 268
629, 272, 264
630, 542, 272
631, 268, 284
632, 535, 279
633, 284, 535
634, 288, 284
635, 640, 274
636, 276, 277
637, 540, 537
638, 273, 541
639, 283, 273
640, 545, 542
641, 274, 543
642, 543, 293
643, 641, 274
644, 280, 276
645, 294, 280
646, 276, 298
647, 277, 544
648, 544, 303
649, 298, 277
650, 302, 298
651, 275, 540
652, 300, 275
653, 540, 297
654, 537, 296
655, 295, 537
656, 305, 283
657, 283, 299
658, 541, 291
659, 290, 541
660, 546, 545
661, 545, 307
662, 542, 308
663, 547, 542
664, 279, 642
665, 548, 279
666, 643, 314
667, 281, 282
668, 293, 281
669, 282, 294
670, 314, 293
671, 294, 301
672, 318, 314
673, 301, 302
674, 302, 313
675, 329, 301
676, 313, 312
677, 549, 313
678, 286, 287
679, 303, 286
680, 287, 300
681, 312, 303
682, 300, 309
683, 325, 312
684, 309, 310
685, 319, 309
686, 296, 311
687, 297, 295
688, 310, 297
689, 295, 296
690, 320, 310
691, 311, 292
692, 292, 315
693, 321, 311
694, 315, 305
695, 305, 304
696, 317, 315
697, 291, 306
698, 299, 290
699, 304, 299
700, 290, 291
701, 323, 304
702, 306, 289
703, 289, 546
704, 324, 306
705, 307, 547
706, 546, 307
707, 551, 546
708, 547, 308
709, 550, 547
710, 308, 288
711, 288, 548
712, 316, 308
713, 548, 644
714, 328, 548
715, 645, 318
716, 318, 340
717, 343, 329
718, 329, 330
719, 549, 325
720, 325, 331
721, 327, 319
722, 319, 320
723, 320, 334
724, 338, 339
725, 322, 323
726, 323, 333
727, 337, 336
728, 551, 550
729, 550, 316
730, 316, 326
731, 335, 550
732, 332, 646
733, 647, 554
734, 330, 549
735, 555, 330
736, 549, 350
737, 334, 338
738, 558, 334
739, 338, 553
740, 333, 337
741, 559, 333
742, 337, 354
743, 351, 335
744, 335, 352
745, 561, 648
746, 340, 348
747, 358, 340
748, 347, 343
749, 343, 555
750, 331, 344
751, 349, 331
752, 344, 327
753, 327, 558
754, 339, 321
755, 321, 341
756, 553, 339
757, 341, 317
758, 317, 322
759, 322, 559
760, 346, 341
761, 336, 324
762, 324, 342
763, 353, 336
764, 342, 551
765, 551, 359
766, 345, 342
767, 326, 552
768, 355, 326
769, 552, 328
770, 328, 332
771, 332, 561
772, 348, 347
773, 562, 348
774, 347, 556
775, 557, 344
776, 344, 563
777, 564, 346
778, 346, 565
779, 363, 345
780, 345, 362
781, 560, 552
782, 552, 566
783, 649, 554
784, 555, 356
785, 558, 553
786, 553, 360
787, 559, 354
788, 359, 351
789, 352, 357
790, 351, 352
791, 361, 359
792, 561, 650
793, 554, 358
794, 358, 562
795, 651, 554
796, 556, 555
797, 555, 374
798, 350, 349
799, 356, 350
800, 349, 557
801, 374, 356
802, 378, 374
803, 563, 558
804, 558, 370
805, 360, 365
806, 371, 360
807, 565, 559
808, 559, 368
809, 354, 353
810, 353, 363
811, 367, 354
812, 366, 361
813, 361, 376
814, 357, 355
815, 355, 560
816, 375, 357
817, 566, 561
818, 561, 652
819, 562, 556
820, 557, 563
821, 373, 557
822, 563, 369
823, 564, 565
824, 362, 364
825, 363, 362
826, 372, 363
827, 560, 566
828, 567, 562
829, 562, 386
830, 556, 568
831, 386, 556
832, 392, 373
833, 373, 390
834, 369, 383
835, 388, 369
836, 365, 564
837, 377, 365
838, 564, 381
839, 565, 379
840, 381, 565
841, 569, 381
842, 570, 372
843, 372, 571
844, 364, 366
845, 366, 572
846, 380, 364
847, 573, 560
848, 560, 382
849, 566, 384
850, 382, 566
851, 385, 382
852, 653, 567
853, 567, 386
854, 386, 395
855, 574, 567
856, 395, 568
857, 575, 395
858, 568, 378
859, 378, 396
860, 397, 568
861, 396, 392
862, 392, 390
863, 398, 396
864, 390, 388
865, 388, 387
866, 399, 390
867, 370, 371
868, 383, 370
869, 371, 377
870, 387, 383
871, 377, 393
872, 406, 387
873, 393, 569
874, 400, 393
875, 569, 394
876, 577, 569
877, 368, 367
878, 379, 368
879, 367, 570
880, 394, 379
881, 403, 394
882, 570, 571
883, 407, 570
884, 571, 380
885, 380, 572
886, 578, 571
887, 376, 375
888, 572, 376
889, 375, 573
890, 408, 572
891, 573, 391
892, 579, 573
893, 384, 389
894, 391, 385
895, 385, 384
896, 402, 391
897, 389, 654
898, 580, 389
899, 574, 575
900, 575, 401
901, 398, 399
902, 399, 576
903, 576, 406
904, 406, 414
905, 416, 400
906, 400, 577
907, 577, 403
908, 403, 409
909, 410, 577
910, 411, 407
911, 407, 578
912, 412, 413
913, 579, 404
914, 405, 580
915, 430, 575
916, 575, 419
917, 427, 576
918, 576, 428
919, 433, 410
920, 410, 420
921, 578, 412
922, 426, 578
923, 412, 585
924, 404, 402
925, 402, 405
926, 425, 404
927, 405, 581
928, 655, 574
929, 574, 582
930, 401, 397
931, 397, 415
932, 419, 401
933, 429, 419
934, 415, 398
935, 398, 431
936, 421, 415
937, 414, 423
938, 428, 414
939, 422, 416
940, 416, 583
941, 409, 424
942, 420, 409
943, 432, 420
944, 424, 411
945, 411, 426
946, 426, 434
947, 413, 408
948, 408, 417
949, 585, 413
950, 418, 579
951, 579, 425
952, 425, 436
953, 580, 656
954, 581, 580
955, 657, 586
956, 447, 421
957, 421, 448
958, 423, 422
959, 587, 423
960, 422, 445
961, 588, 424
962, 424, 451
963, 417, 418
964, 443, 417
965, 418, 591
966, 444, 658
967, 582, 430
968, 430, 429
969, 429, 439
970, 431, 427
971, 427, 428
972, 428, 437
973, 583, 433
974, 433, 432
975, 432, 440
976, 434, 435
977, 438, 434
978, 442, 441
979, 586, 582
980, 582, 459
981, 439, 590
982, 458, 439
983, 450, 431
984, 431, 457
985, 437, 449
986, 456, 437
987, 446, 583
988, 583, 584
989, 440, 454
990, 584, 440
991, 453, 438
992, 438, 592
993, 435, 585
994, 585, 443
995, 443, 589
996, 592, 435
997, 436, 442
998, 591, 436
999, 442, 455
1000, 441, 581
1001, 581, 444
1002, 444, 691
1003, 455, 441
1004, 460, 455
1005, 659, 586
1006, 586, 452
1007, 590, 447
1008, 447, 448
1009, 587, 445
1010, 588, 451
1011, 589, 591
1012, 452, 660
1013, 661, 452
1014, 662, 590
1015, 590, 663
1016, 448, 450
1017, 450, 664
1018, 665, 448
1019, 449, 587
1020, 692, 449
1021, 587, 461
1022, 445, 446
1023, 446, 666
1024, 667, 445
1025, 454, 588
1026, 668, 454
1027, 588, 669
1028, 451, 453
1029, 453, 693
1030, 670, 451
1031, 671, 589
1032, 589, 672
1033, 591, 673
1034, 674, 591
1035, 675, 691
1036, 459, 458
1037, 676, 459
1038, 458, 677
1039, 457, 456
1040, 678, 457
1041, 456, 679
1042, 461, 680
1043, 692, 461
1044, 681, 584
1045, 584, 682
1046, 693, 592
1047, 592, 683
1048, 684, 460
1049, 460, 685
