1, 1583, 1497
2, 1584, 83
3, 1585, 156
4, 1586, 241
5, 1587, 257
6, 1588, 492
7, 1589, 1498
8, 1590, 643
9, 1591, 728
10, 1592, 775
11, 1593, 883
12, 1594, 951
13, 1595, 1012
14, 1596, 1076
15, 1597, 1099
16, 1598, 1148
17, 1599, 1338
18, 1600, 1394
19, 1497, 1601
20, 51, 1497
21, 1497, 20
22, 83, 51
23, 1694, 83
24, 128, 1694
25, 51, 62
26, 156, 128
27, 179, 156
28, 128, 118
29, 199, 179
30, 179, 168
31, 241, 199
32, 257, 241
33, 269, 257
34, 199, 212
35, 304, 269
36, 269, 275
37, 1602, 304
38, 1695, 1603
39, 379, 1695
40, 304, 329
41, 413, 379
42, 379, 369
43, 1696, 413
44, 474, 1696
45, 413, 446
46, 492, 474
47, 1700, 492
48, 474, 471
49, 1498, 1604
50, 1700, 512
51, 643, 1498
52, 651, 643
53, 1498, 564
54, 1697, 651
55, 716, 1697
56, 651, 656
57, 728, 716
58, 745, 728
59, 716, 1499
60, 775, 745
61, 804, 775
62, 745, 748
63, 816, 804
64, 804, 790
65, 1605, 816
66, 883, 1606
67, 816, 853
68, 1698, 883
69, 944, 1698
70, 883, 880
71, 951, 944
72, 965, 951
73, 944, 925
74, 1012, 965
75, 1026, 1012
76, 965, 970
77, 1076, 1026
78, 1089, 1076
79, 1026, 1019
80, 1099, 1089
81, 1146, 1099
82, 1089, 1094
83, 1148, 1146
84, 1192, 1148
85, 1146, 1143
86, 1607, 1192
87, 1249, 1608
88, 1192, 1196
89, 1251, 1249
90, 1249, 1212
91, 1609, 1251
92, 1321, 1610
93, 1251, 1500
94, 1338, 1321
95, 1387, 1338
96, 1321, 1316
97, 1394, 1387
98, 1699, 1394
99, 1387, 1501
100, 1611, 1699
101, 1699, 1457
102, 1612, 1701
103, 1701, 1463
104, 6, 1613
105, 20, 6
106, 62, 20
107, 6, 1702
108, 118, 62
109, 131, 118
110, 62, 67
111, 153, 131
112, 131, 113
113, 168, 153
114, 212, 168
115, 233, 212
116, 153, 1502
117, 275, 233
118, 297, 275
119, 233, 1503
120, 316, 297
121, 297, 294
122, 329, 316
123, 369, 329
124, 389, 369
125, 316, 351
126, 419, 389
127, 389, 380
128, 446, 419
129, 471, 446
130, 499, 471
131, 419, 418
132, 512, 499
133, 533, 512
134, 499, 490
135, 564, 533
136, 589, 564
137, 533, 511
138, 656, 589
139, 663, 656
140, 589, 603
141, 1499, 663
142, 663, 626
143, 748, 1499
144, 1499, 705
145, 790, 748
146, 800, 790
147, 748, 732
148, 824, 800
149, 800, 789
150, 853, 824
151, 880, 853
152, 892, 880
153, 824, 826
154, 907, 892
155, 892, 874
156, 925, 907
157, 970, 925
158, 982, 970
159, 907, 916
160, 1019, 982
161, 982, 968
162, 1066, 1019
163, 1019, 1018
164, 1094, 1066
165, 1143, 1094
166, 1145, 1143
167, 1066, 1087
168, 1154, 1145
169, 1145, 1116
170, 1196, 1154
171, 1212, 1196
172, 1238, 1212
173, 1154, 1199
174, 1500, 1238
175, 1238, 1504
176, 1316, 1500
177, 1337, 1316
178, 1500, 1285
179, 1501, 1337
180, 1337, 1505
181, 1442, 1501
182, 1501, 1382
183, 1457, 1442
184, 1458, 1457
185, 1442, 1434
186, 1463, 1458
187, 1614, 1463
188, 1458, 1460
189, 33, 1702
190, 43, 33
191, 33, 1506
192, 67, 43
193, 113, 67
194, 125, 113
195, 43, 89
196, 1502, 125
197, 125, 115
198, 1503, 1502
199, 1502, 174
200, 283, 1503
201, 1503, 210
202, 294, 283
203, 335, 294
204, 283, 271
205, 351, 335
206, 380, 351
207, 397, 380
208, 335, 343
209, 418, 397
210, 437, 418
211, 397, 373
212, 458, 437
213, 437, 433
214, 490, 458
215, 511, 490
216, 526, 511
217, 458, 482
218, 573, 526
219, 526, 522
220, 603, 573
221, 626, 603
222, 653, 626
223, 573, 583
224, 678, 653
225, 653, 622
226, 705, 678
227, 732, 705
228, 760, 732
229, 678, 691
230, 789, 760
231, 803, 789
232, 760, 721
233, 826, 803
234, 846, 826
235, 803, 807
236, 861, 846
237, 846, 835
238, 874, 861
239, 916, 874
240, 943, 916
241, 861, 871
242, 968, 943
243, 993, 968
244, 943, 945
245, 1018, 993
246, 1033, 1018
247, 993, 973
248, 1087, 1033
249, 1033, 1040
250, 1116, 1087
251, 1139, 1116
252, 1087, 1081
253, 1194, 1139
254, 1139, 1136
255, 1199, 1194
256, 1504, 1199
257, 1194, 1187
258, 1285, 1504
259, 1298, 1285
260, 1504, 1232
261, 1505, 1298
262, 1298, 1274
263, 1365, 1505
264, 1505, 1340
265, 1382, 1365
266, 1434, 1382
267, 1365, 1390
268, 1460, 1434
269, 1496, 1460
270, 1434, 1423
271, 1615, 1496
272, 1496, 1482
273, 1506, 1616
274, 52, 1506
275, 1506, 1
276, 89, 52
277, 104, 89
278, 52, 45
279, 115, 104
280, 174, 115
281, 104, 121
282, 210, 174
283, 240, 210
284, 174, 1507
285, 271, 240
286, 278, 271
287, 240, 230
288, 318, 278
289, 278, 277
290, 343, 318
291, 373, 343
292, 393, 373
293, 318, 353
294, 412, 393
295, 393, 374
296, 433, 412
297, 482, 433
298, 412, 442
299, 522, 482
300, 547, 522
301, 482, 501
302, 583, 547
303, 600, 583
304, 547, 524
305, 622, 600
306, 666, 622
307, 600, 574
308, 677, 666
309, 666, 667
310, 691, 677
311, 721, 691
312, 746, 721
313, 677, 694
314, 793, 746
315, 746, 729
316, 807, 793
317, 835, 807
318, 850, 835
319, 793, 801
320, 871, 850
321, 881, 871
322, 850, 845
323, 918, 881
324, 881, 896
325, 945, 918
326, 973, 945
327, 989, 973
328, 918, 906
329, 1027, 989
330, 989, 986
331, 1040, 1027
332, 1081, 1040
333, 1092, 1081
334, 1027, 1508
335, 1115, 1092
336, 1092, 1086
337, 1136, 1115
338, 1187, 1136
339, 1193, 1187
340, 1115, 1127
341, 1206, 1193
342, 1193, 1172
343, 1232, 1206
344, 1264, 1232
345, 1206, 1239
346, 1274, 1264
347, 1330, 1274
348, 1264, 1265
349, 1340, 1330
350, 1351, 1340
351, 1330, 1306
352, 1390, 1351
353, 1423, 1390
354, 1351, 1371
355, 1482, 1423
356, 1703, 1482
357, 1423, 1415
358, 1703, 1480
359, 1, 1617
360, 10, 1
361, 40, 10
362, 10, 1618
363, 45, 40
364, 121, 45
365, 40, 1509
366, 1507, 121
367, 121, 95
368, 230, 1507
369, 246, 230
370, 1507, 185
371, 255, 246
372, 246, 249
373, 277, 255
374, 327, 277
375, 255, 1511
376, 353, 327
377, 361, 353
378, 327, 305
379, 374, 361
380, 425, 374
381, 361, 371
382, 442, 425
383, 487, 442
384, 425, 432
385, 501, 487
386, 524, 501
387, 549, 524
388, 487, 476
389, 574, 549
390, 614, 574
391, 549, 545
392, 658, 614
393, 614, 617
394, 667, 658
395, 694, 667
396, 710, 694
397, 658, 655
398, 729, 710
399, 739, 729
400, 710, 679
401, 780, 739
402, 739, 754
403, 801, 780
404, 811, 801
405, 780, 796
406, 845, 811
407, 860, 845
408, 811, 821
409, 896, 860
410, 906, 896
411, 937, 906
412, 860, 856
413, 956, 937
414, 937, 905
415, 986, 956
416, 1508, 986
417, 956, 972
418, 1060, 1508
419, 1508, 1512
420, 1086, 1060
421, 1127, 1086
422, 1141, 1127
423, 1060, 1077
424, 1172, 1141
425, 1182, 1172
426, 1141, 1122
427, 1227, 1182
428, 1182, 1513
429, 1239, 1227
430, 1265, 1239
431, 1299, 1265
432, 1227, 1235
433, 1306, 1299
434, 1341, 1306
435, 1299, 1290
436, 1371, 1341
437, 1401, 1371
438, 1341, 1344
439, 1415, 1401
440, 1451, 1415
441, 1401, 1399
442, 1480, 1451
443, 1704, 1480
444, 1451, 1454
445, 1704, 1514
446, 19, 1619
447, 1509, 19
448, 19, 13
449, 95, 1509
450, 1510, 95
451, 1509, 41
452, 185, 1510
453, 194, 185
454, 200, 194
455, 194, 155
456, 249, 200
457, 1511, 249
458, 200, 206
459, 305, 1511
460, 332, 305
461, 1511, 281
462, 371, 332
463, 332, 337
464, 432, 371
465, 450, 432
466, 371, 381
467, 476, 450
468, 450, 416
469, 514, 476
470, 476, 494
471, 545, 514
472, 606, 545
473, 514, 531
474, 617, 606
475, 655, 617
476, 606, 587
477, 670, 655
478, 655, 636
479, 679, 670
480, 744, 679
481, 670, 681
482, 754, 744
483, 764, 754
484, 744, 718
485, 796, 764
486, 821, 796
487, 843, 821
488, 764, 778
489, 856, 843
490, 869, 856
491, 843, 837
492, 905, 869
493, 927, 905
494, 869, 898
495, 949, 927
496, 927, 910
497, 972, 949
498, 1512, 972
499, 949, 980
500, 1064, 1512
501, 1512, 1021
502, 1077, 1064
503, 1122, 1077
504, 1138, 1122
505, 1064, 1095
506, 1513, 1138
507, 1138, 1103
508, 1229, 1513
509, 1513, 1157
510, 1235, 1229
511, 1290, 1235
512, 1229, 1245
513, 1305, 1290
514, 1290, 1273
515, 1344, 1305
516, 1360, 1344
517, 1305, 1303
518, 1399, 1360
519, 1447, 1399
520, 1360, 1377
521, 1454, 1447
522, 1514, 1454
523, 1447, 1416
524, 1620, 1514
525, 1514, 1515
526, 13, 1621
527, 41, 13
528, 59, 41
529, 13, 2
530, 1510, 59
531, 141, 1510
532, 59, 86
533, 155, 141
534, 175, 155
535, 141, 129
536, 206, 175
537, 229, 206
538, 175, 173
539, 281, 229
540, 300, 281
541, 229, 244
542, 325, 300
543, 300, 270
544, 337, 325
545, 381, 337
546, 390, 381
547, 325, 1516
548, 416, 390
549, 390, 391
550, 455, 416
551, 416, 426
552, 494, 455
553, 517, 494
554, 455, 1517
555, 531, 517
556, 587, 531
557, 605, 587
558, 517, 527
559, 627, 605
560, 605, 569
561, 636, 627
562, 681, 636
563, 714, 681
564, 627, 625
565, 718, 714
566, 742, 718
567, 714, 699
568, 770, 742
569, 742, 756
570, 778, 770
571, 837, 778
572, 770, 1518
573, 876, 837
574, 837, 834
575, 898, 876
576, 910, 898
577, 929, 910
578, 876, 870
579, 964, 929
580, 929, 911
581, 980, 964
582, 1021, 980
583, 1037, 1021
584, 964, 981
585, 1083, 1037
586, 1037, 1011
587, 1095, 1083
588, 1103, 1095
589, 1124, 1103
590, 1083, 1069
591, 1157, 1124
592, 1174, 1157
593, 1124, 1117
594, 1231, 1174
595, 1174, 1189
596, 1245, 1231
597, 1273, 1245
598, 1287, 1273
599, 1231, 1248
600, 1303, 1287
601, 1339, 1303
602, 1287, 1519
603, 1362, 1339
604, 1339, 1304
605, 1377, 1362
606, 1416, 1377
607, 1450, 1416
608, 1362, 1389
609, 1515, 1450
610, 1450, 1427
611, 1622, 1515
612, 1515, 1459
613, 2, 1623
614, 15, 2
615, 60, 15
616, 15, 30
617, 86, 60
618, 129, 86
619, 137, 129
620, 60, 70
621, 144, 137
622, 137, 103
623, 173, 144
624, 232, 173
625, 144, 157
626, 244, 232
627, 270, 244
628, 232, 219
629, 1516, 270
630, 270, 280
631, 391, 1516
632, 401, 391
633, 1516, 346
634, 426, 401
635, 443, 426
636, 401, 383
637, 1517, 443
638, 443, 452
639, 527, 1517
640, 543, 527
641, 1517, 497
642, 569, 543
643, 584, 569
644, 543, 519
645, 625, 584
646, 657, 625
647, 584, 592
648, 699, 657
649, 657, 660
650, 752, 699
651, 699, 685
652, 756, 752
653, 1518, 756
654, 752, 753
655, 834, 1518
656, 847, 834
657, 1518, 802
658, 870, 847
659, 847, 1520
660, 904, 870
661, 870, 877
662, 911, 904
663, 981, 911
664, 994, 981
665, 904, 917
666, 1011, 994
667, 1035, 1011
668, 994, 1521
669, 1069, 1035
670, 1080, 1069
671, 1035, 1036
672, 1108, 1080
673, 1080, 1082
674, 1117, 1108
675, 1181, 1117
676, 1108, 1102
677, 1189, 1181
678, 1230, 1189
679, 1181, 1185
680, 1248, 1230
681, 1519, 1248
682, 1230, 1234
683, 1304, 1519
684, 1311, 1304
685, 1519, 1259
686, 1355, 1311
687, 1311, 1522
688, 1389, 1355
689, 1427, 1389
690, 1456, 1427
691, 1355, 1359
692, 1459, 1456
693, 1467, 1459
694, 1456, 1411
695, 1624, 1467
696, 1467, 1490
697, 17, 1625
698, 30, 17
699, 70, 30
700, 82, 70
701, 17, 31
702, 103, 82
703, 109, 103
704, 82, 90
705, 157, 109
706, 177, 157
707, 109, 100
708, 219, 177
709, 177, 190
710, 272, 219
711, 219, 220
712, 280, 272
713, 333, 280
714, 272, 302
715, 346, 333
716, 364, 346
717, 333, 311
718, 383, 364
719, 422, 383
720, 364, 386
721, 452, 422
722, 489, 452
723, 422, 417
724, 497, 489
725, 519, 497
726, 552, 519
727, 489, 485
728, 571, 552
729, 552, 529
730, 592, 571
731, 638, 592
732, 571, 608
733, 660, 638
734, 685, 660
735, 696, 685
736, 638, 661
737, 734, 696
738, 696, 1523
739, 753, 734
740, 802, 753
741, 734, 737
742, 1520, 802
743, 802, 799
744, 877, 1520
745, 1520, 825
746, 917, 877
747, 938, 917
748, 877, 886
749, 1521, 938
750, 938, 901
751, 1023, 1521
752, 1521, 962
753, 1036, 1023
754, 1082, 1036
755, 1023, 1028
756, 1102, 1082
757, 1118, 1102
758, 1082, 1053
759, 1185, 1118
760, 1195, 1185
761, 1118, 1119
762, 1210, 1195
763, 1195, 1169
764, 1234, 1210
765, 1259, 1234
766, 1284, 1259
767, 1210, 1247
768, 1522, 1284
769, 1284, 1254
770, 1359, 1522
771, 1398, 1359
772, 1522, 1348
773, 1411, 1398
774, 1428, 1411
775, 1398, 1373
776, 1490, 1428
777, 1626, 1490
778, 1428, 1443
779, 14, 1627
780, 31, 14
781, 75, 31
782, 14, 34
783, 90, 75
784, 100, 90
785, 112, 100
786, 75, 1524
787, 171, 112
788, 112, 1525
789, 190, 171
790, 220, 190
791, 242, 220
792, 171, 191
793, 301, 242
794, 242, 248
795, 302, 301
796, 311, 302
797, 345, 311
798, 301, 298
799, 386, 345
800, 345, 347
801, 417, 386
802, 430, 417
803, 386, 394
804, 475, 430
805, 430, 406
806, 485, 475
807, 513, 485
808, 475, 456
809, 529, 513
810, 568, 529
811, 513, 521
812, 608, 568
813, 639, 608
814, 568, 570
815, 661, 639
816, 1523, 661
817, 639, 1526
818, 737, 1523
819, 755, 737
820, 1523, 695
821, 791, 755
822, 755, 749
823, 799, 791
824, 825, 799
825, 791, 786
826, 858, 825
827, 825, 815
828, 886, 858
829, 899, 886
830, 858, 1527
831, 901, 899
832, 957, 901
833, 899, 934
834, 962, 957
835, 1028, 962
836, 1039, 1028
837, 957, 961
838, 1053, 1039
839, 1090, 1053
840, 1039, 1528
841, 1119, 1090
842, 1140, 1119
843, 1090, 1093
844, 1169, 1140
845, 1175, 1169
846, 1140, 1135
847, 1205, 1175
848, 1175, 1529
849, 1247, 1205
850, 1254, 1247
851, 1295, 1254
852, 1205, 1204
853, 1327, 1295
854, 1295, 1297
855, 1348, 1327
856, 1354, 1348
857, 1327, 1333
858, 1373, 1354
859, 1425, 1373
860, 1354, 1379
861, 1443, 1425
862, 1475, 1443
863, 1425, 1421
864, 1628, 1475
865, 1475, 1470
866, 24, 1629
867, 34, 24
868, 1524, 34
869, 24, 16
870, 1525, 1524
871, 1524, 74
872, 182, 1525
873, 1525, 117
874, 191, 182
875, 227, 191
876, 182, 176
877, 248, 227
878, 252, 248
879, 227, 196
880, 298, 252
881, 312, 298
882, 252, 267
883, 347, 312
884, 363, 347
885, 312, 303
886, 394, 363
887, 406, 394
888, 421, 406
889, 363, 375
890, 456, 421
891, 460, 456
892, 421, 415
893, 521, 460
894, 528, 521
895, 460, 454
896, 570, 528
897, 595, 570
898, 528, 534
899, 1526, 595
900, 595, 596
901, 695, 1526
902, 713, 695
903, 1526, 665
904, 727, 713
905, 713, 668
906, 749, 727
907, 786, 749
908, 727, 741
909, 815, 786
910, 827, 815
911, 786, 1530
912, 1527, 827
913, 827, 814
914, 922, 1527
915, 1527, 897
916, 934, 922
917, 961, 934
918, 991, 961
919, 922, 908
920, 1528, 991
921, 991, 988
922, 1056, 1528
923, 1528, 1531
924, 1093, 1056
925, 1125, 1093
926, 1056, 1057
927, 1135, 1125
928, 1529, 1135
929, 1125, 1105
930, 1204, 1529
931, 1217, 1204
932, 1529, 1163
933, 1278, 1217
934, 1217, 1213
935, 1297, 1278
936, 1301, 1297
937, 1278, 1276
938, 1333, 1301
939, 1379, 1333
940, 1386, 1379
941, 1301, 1317
942, 1412, 1386
943, 1386, 1353
944, 1421, 1412
945, 1470, 1421
946, 1493, 1470
947, 1412, 1436
948, 1630, 1493
949, 1493, 1532
950, 16, 1631
951, 74, 16
952, 92, 74
953, 16, 32
954, 105, 92
955, 92, 72
956, 117, 105
957, 176, 117
958, 188, 176
959, 105, 123
960, 196, 188
961, 228, 196
962, 188, 183
963, 267, 228
964, 228, 239
965, 303, 267
966, 267, 266
967, 375, 303
968, 396, 375
969, 303, 339
970, 415, 396
971, 448, 415
972, 396, 387
973, 454, 448
974, 459, 454
975, 448, 449
976, 518, 459
977, 459, 472
978, 534, 518
979, 561, 534
980, 518, 509
981, 596, 561
982, 620, 596
983, 561, 597
984, 665, 620
985, 668, 665
986, 688, 668
987, 620, 618
988, 741, 688
989, 750, 741
990, 688, 683
991, 1530, 750
992, 750, 1533
993, 814, 1530
994, 831, 814
995, 1530, 795
996, 873, 831
997, 831, 830
998, 897, 873
999, 908, 897
1000, 873, 863
1001, 963, 908
1002, 908, 926
1003, 988, 963
1004, 1531, 988
1005, 963, 969
1006, 1057, 1531
1007, 1070, 1057
1008, 1531, 1009
1009, 1105, 1070
1010, 1120, 1105
1011, 1070, 1078
1012, 1155, 1120
1013, 1120, 1534
1014, 1163, 1155
1015, 1213, 1163
1016, 1155, 1150
1017, 1256, 1213
1018, 1213, 1220
1019, 1276, 1256
1020, 1317, 1276
1021, 1256, 1252
1022, 1353, 1317
1023, 1392, 1353
1024, 1317, 1314
1025, 1420, 1392
1026, 1392, 1396
1027, 1436, 1420
1028, 1532, 1436
1029, 1420, 1431
1030, 1632, 1532
1031, 1532, 1705
1032, 11, 1633
1033, 32, 11
1034, 72, 32
1035, 88, 72
1036, 11, 22
1037, 102, 88
1038, 88, 53
1039, 123, 102
1040, 158, 123
1041, 102, 143
1042, 183, 158
1043, 221, 183
1044, 158, 145
1045, 239, 221
1046, 266, 239
1047, 287, 266
1048, 221, 218
1049, 315, 287
1050, 287, 265
1051, 339, 315
1052, 387, 339
1053, 395, 387
1054, 315, 328
1055, 424, 395
1056, 395, 400
1057, 449, 424
1058, 472, 449
1059, 496, 472
1060, 424, 1535
1061, 509, 496
1062, 553, 509
1063, 496, 498
1064, 597, 553
1065, 613, 597
1066, 553, 554
1067, 618, 613
1068, 637, 618
1069, 613, 566
1070, 683, 637
1071, 637, 1536
1072, 1533, 683
1073, 683, 707
1074, 771, 1533
1075, 1533, 751
1076, 795, 771
1077, 830, 795
1078, 838, 830
1079, 771, 779
1080, 863, 838
1081, 893, 863
1082, 838, 849
1083, 926, 893
1084, 932, 926
1085, 893, 895
1086, 953, 932
1087, 932, 915
1088, 969, 953
1089, 1009, 969
1090, 1015, 1009
1091, 953, 987
1092, 1072, 1015
1093, 1015, 1010
1094, 1078, 1072
1095, 1534, 1078
1096, 1072, 1075
1097, 1150, 1534
1098, 1158, 1150
1099, 1534, 1126
1100, 1202, 1158
1101, 1158, 1149
1102, 1220, 1202
1103, 1252, 1220
1104, 1260, 1252
1105, 1202, 1537
1106, 1314, 1260
1107, 1324, 1314
1108, 1260, 1258
1109, 1376, 1324
1110, 1324, 1538
1111, 1396, 1376
1112, 1406, 1396
1113, 1376, 1364
1114, 1431, 1406
1115, 1487, 1431
1116, 1406, 1429
1117, 1705, 1487
1118, 1487, 1492
1119, 22, 1634
1120, 53, 22
1121, 93, 53
1122, 22, 7
1123, 133, 93
1124, 93, 91
1125, 143, 133
1126, 145, 143
1127, 161, 145
1128, 133, 135
1129, 204, 161
1130, 161, 186
1131, 218, 204
1132, 254, 218
1133, 204, 201
1134, 265, 254
1135, 309, 265
1136, 254, 274
1137, 328, 309
1138, 357, 328
1139, 309, 320
1140, 400, 357
1141, 1535, 400
1142, 357, 356
1143, 462, 1535
1144, 1535, 407
1145, 498, 462
1146, 542, 498
1147, 462, 484
1148, 554, 542
1149, 566, 554
1150, 586, 566
1151, 542, 537
1152, 1536, 586
1153, 586, 611
1154, 684, 1536
1155, 1536, 640
1156, 707, 684
1157, 726, 707
1158, 684, 671
1159, 751, 726
1160, 779, 751
1161, 726, 719
1162, 813, 779
1163, 779, 777
1164, 849, 813
1165, 882, 849
1166, 813, 839
1167, 895, 882
1168, 915, 895
1169, 921, 915
1170, 882, 875
1171, 976, 921
1172, 921, 930
1173, 987, 976
1174, 1010, 987
1175, 976, 984
1176, 1050, 1010
1177, 1010, 1007
1178, 1075, 1050
1179, 1126, 1075
1180, 1133, 1126
1181, 1050, 1058
1182, 1149, 1133
1183, 1179, 1149
1184, 1133, 1113
1185, 1537, 1179
1186, 1179, 1178
1187, 1258, 1537
1188, 1291, 1258
1189, 1537, 1243
1190, 1538, 1291
1191, 1291, 1288
1192, 1364, 1538
1193, 1375, 1364
1194, 1538, 1335
1195, 1429, 1375
1196, 1453, 1429
1197, 1375, 1378
1198, 1486, 1453
1199, 1453, 1418
1200, 1492, 1486
1201, 1635, 1492
1202, 1486, 1636
1203, 7, 1706
1204, 48, 7
1205, 1706, 1707
1206, 91, 48
1207, 126, 91
1208, 48, 47
1209, 135, 126
1210, 181, 135
1211, 126, 108
1212, 186, 181
1213, 201, 186
1214, 234, 201
1215, 181, 192
1216, 262, 234
1217, 234, 235
1218, 274, 262
1219, 307, 274
1220, 262, 259
1221, 320, 307
1222, 356, 320
1223, 365, 356
1224, 307, 319
1225, 407, 365
1226, 435, 407
1227, 365, 1539
1228, 467, 435
1229, 435, 403
1230, 484, 467
1231, 537, 484
1232, 558, 537
1233, 467, 470
1234, 593, 558
1235, 558, 515
1236, 611, 593
1237, 640, 611
1238, 645, 640
1239, 593, 601
1240, 671, 645
1241, 697, 671
1242, 645, 641
1243, 719, 697
1244, 730, 719
1245, 697, 717
1246, 777, 730
1247, 788, 777
1248, 730, 1540
1249, 839, 788
1250, 788, 763
1251, 857, 839
1252, 839, 1541
1253, 875, 857
1254, 930, 875
1255, 857, 889
1256, 958, 930
1257, 930, 900
1258, 984, 958
1259, 1007, 984
1260, 1031, 1007
1261, 958, 974
1262, 1058, 1031
1263, 1085, 1058
1264, 1031, 1016
1265, 1113, 1085
1266, 1142, 1113
1267, 1085, 1084
1268, 1156, 1142
1269, 1142, 1131
1270, 1178, 1156
1271, 1236, 1178
1272, 1156, 1159
1273, 1243, 1236
1274, 1255, 1243
1275, 1236, 1240
1276, 1288, 1255
1277, 1319, 1288
1278, 1255, 1279
1279, 1335, 1319
1280, 1378, 1335
1281, 1400, 1378
1282, 1319, 1542
1283, 1407, 1400
1284, 1400, 1357
1285, 1418, 1407
1286, 1476, 1418
1287, 1407, 1445
1288, 1637, 1476
1289, 1476, 1461
1290, 25, 1707
1291, 47, 25
1292, 77, 47
1293, 25, 23
1294, 108, 77
1295, 142, 108
1296, 77, 76
1297, 154, 142
1298, 142, 1543
1299, 192, 154
1300, 205, 192
1301, 154, 163
1302, 235, 205
1303, 259, 235
1304, 279, 259
1305, 205, 214
1306, 319, 279
1307, 279, 1544
1308, 1539, 319
1309, 319, 342
1310, 403, 1539
1311, 440, 403
1312, 1539, 368
1313, 453, 440
1314, 440, 434
1315, 470, 453
1316, 515, 470
1317, 540, 515
1318, 453, 505
1319, 572, 540
1320, 540, 506
1321, 601, 572
1322, 641, 601
1323, 648, 641
1324, 572, 602
1325, 706, 648
1326, 648, 654
1327, 717, 706
1328, 1540, 717
1329, 706, 686
1330, 763, 1540
1331, 792, 763
1332, 1540, 1545
1333, 1541, 792
1334, 792, 798
1335, 878, 1541
1336, 1541, 833
1337, 889, 878
1338, 900, 889
1339, 936, 900
1340, 878, 1546
1341, 952, 936
1342, 936, 903
1343, 974, 952
1344, 1016, 974
1345, 952, 990
1346, 1049, 1016
1347, 1016, 1547
1348, 1084, 1049
1349, 1109, 1084
1350, 1049, 1059
1351, 1131, 1109
1352, 1159, 1131
1353, 1171, 1159
1354, 1109, 1101
1355, 1228, 1171
1356, 1171, 1170
1357, 1240, 1228
1358, 1279, 1240
1359, 1292, 1279
1360, 1228, 1224
1361, 1542, 1292
1362, 1292, 1269
1363, 1357, 1542
1364, 1542, 1346
1365, 1432, 1357
1366, 1357, 1361
1367, 1445, 1432
1368, 1461, 1445
1369, 1472, 1461
1370, 1432, 1437
1371, 1638, 1472
1372, 1472, 1494
1373, 23, 1639
1374, 76, 23
1375, 1640, 1548
1376, 1543, 76
1377, 76, 79
1378, 163, 1543
1379, 1543, 111
1380, 214, 163
1381, 226, 214
1382, 163, 160
1383, 1544, 226
1384, 226, 237
1385, 313, 1544
1386, 1544, 258
1387, 342, 313
1388, 368, 342
1389, 313, 308
1390, 409, 368
1391, 368, 388
1392, 434, 409
1393, 486, 434
1394, 409, 410
1395, 505, 486
1396, 506, 505
1397, 507, 506
1398, 486, 464
1399, 567, 507
1400, 507, 551
1401, 602, 567
1402, 619, 602
1403, 567, 565
1404, 654, 619
1405, 686, 654
1406, 693, 686
1407, 619, 630
1408, 1545, 693
1409, 693, 687
1410, 774, 1545
1411, 1545, 758
1412, 798, 774
1413, 809, 798
1414, 774, 761
1415, 833, 809
1416, 1546, 833
1417, 809, 1549
1418, 903, 1546
1419, 1546, 894
1420, 990, 903
1421, 997, 990
1422, 903, 909
1423, 1547, 997
1424, 997, 992
1425, 1059, 1547
1426, 1074, 1059
1427, 1547, 1041
1428, 1101, 1074
1429, 1114, 1101
1430, 1074, 1045
1431, 1170, 1114
1432, 1183, 1170
1433, 1114, 1134
1434, 1224, 1183
1435, 1250, 1224
1436, 1183, 1198
1437, 1262, 1250
1438, 1250, 1218
1439, 1269, 1262
1440, 1323, 1269
1441, 1262, 1266
1442, 1346, 1323
1443, 1361, 1346
1444, 1397, 1361
1445, 1323, 1332
1446, 1405, 1397
1447, 1397, 1402
1448, 1437, 1405
1449, 1484, 1437
1450, 1405, 1433
1451, 1494, 1484
1452, 1641, 1494
1453, 1484, 1466
1454, 1548, 1642
1455, 49, 1548
1456, 1548, 35
1457, 79, 49
1458, 111, 79
1459, 139, 111
1460, 49, 54
1461, 148, 139
1462, 139, 1550
1463, 160, 148
1464, 222, 160
1465, 148, 193
1466, 237, 222
1467, 258, 237
1468, 299, 258
1469, 222, 1551
1470, 308, 299
1471, 317, 308
1472, 299, 273
1473, 358, 317
1474, 317, 350
1475, 388, 358
1476, 410, 388
1477, 428, 410
1478, 358, 367
1479, 464, 428
1480, 488, 464
1481, 428, 427
1482, 523, 488
1483, 488, 465
1484, 551, 523
1485, 560, 551
1486, 523, 520
1487, 565, 560
1488, 621, 565
1489, 560, 563
1490, 630, 621
1491, 687, 630
1492, 704, 687
1493, 621, 1552
1494, 758, 704
1495, 761, 758
1496, 704, 711
1497, 765, 761
1498, 761, 731
1499, 1549, 765
1500, 765, 1553
1501, 864, 1549
1502, 1549, 1554
1503, 894, 864
1504, 909, 894
1505, 948, 909
1506, 864, 865
1507, 955, 948
1508, 948, 923
1509, 992, 955
1510, 1017, 992
1511, 955, 979
1512, 1041, 1017
1513, 1045, 1041
1514, 1017, 1555
1515, 1100, 1045
1516, 1045, 1051
1517, 1134, 1100
1518, 1160, 1134
1519, 1100, 1096
1520, 1198, 1160
1521, 1208, 1198
1522, 1160, 1176
1523, 1218, 1208
1524, 1266, 1218
1525, 1272, 1266
1526, 1208, 1556
1527, 1332, 1272
1528, 1345, 1332
1529, 1272, 1271
1530, 1368, 1345
1531, 1345, 1315
1532, 1402, 1368
1533, 1413, 1402
1534, 1368, 1381
1535, 1433, 1413
1536, 1466, 1433
1537, 1491, 1466
1538, 1413, 1430
1539, 1643, 1491
1540, 1491, 1468
1541, 21, 1644
1542, 35, 21
1543, 54, 35
1544, 85, 54
1545, 21, 29
1546, 1550, 85
1547, 85, 87
1548, 187, 1550
1549, 1550, 120
1550, 193, 187
1551, 1551, 193
1552, 187, 167
1553, 273, 1551
1554, 288, 273
1555, 1551, 245
1556, 321, 288
1557, 288, 256
1558, 350, 321
1559, 367, 350
1560, 321, 323
1561, 402, 367
1562, 367, 1557
1563, 427, 402
1564, 465, 427
1565, 402, 404
1566, 520, 465
1567, 550, 520
1568, 465, 481
1569, 563, 550
1570, 580, 563
1571, 550, 508
1572, 1552, 580
1573, 580, 604
1574, 669, 1552
1575, 1552, 635
1576, 711, 669
1577, 731, 711
1578, 738, 731
1579, 669, 673
1580, 1553, 738
1581, 738, 1558
1582, 1554, 1553
1583, 1553, 776
1584, 865, 1554
1585, 879, 865
1586, 1554, 841
1587, 923, 879
1588, 931, 923
1589, 879, 868
1590, 950, 931
1591, 931, 902
1592, 979, 950
1593, 1555, 979
1594, 950, 971
1595, 1051, 1555
1596, 1091, 1051
1597, 1555, 1022
1598, 1096, 1091
1599, 1091, 1068
1600, 1153, 1096
1601, 1096, 1559
1602, 1176, 1153
1603, 1556, 1176
1604, 1153, 1152
1605, 1261, 1556
1606, 1556, 1219
1607, 1271, 1261
1608, 1302, 1271
1609, 1261, 1257
1610, 1315, 1302
1611, 1363, 1315
1612, 1302, 1326
1613, 1381, 1363
1614, 1408, 1381
1615, 1363, 1352
1616, 1430, 1408
1617, 1468, 1430
1618, 1645, 1468
1619, 1408, 1419
1620, 1646, 1708
1621, 29, 1647
1622, 37, 29
1623, 50, 37
1624, 37, 27
1625, 87, 50
1626, 120, 87
1627, 134, 120
1628, 50, 71
1629, 167, 134
1630, 134, 110
1631, 207, 167
1632, 167, 162
1633, 245, 207
1634, 256, 245
1635, 284, 256
1636, 207, 202
1637, 323, 284
1638, 349, 323
1639, 284, 293
1640, 1557, 349
1641, 349, 338
1642, 404, 1557
1643, 445, 404
1644, 1557, 398
1645, 473, 445
1646, 445, 451
1647, 481, 473
1648, 508, 481
1649, 539, 508
1650, 473, 479
1651, 579, 539
1652, 539, 516
1653, 604, 579
1654, 623, 604
1655, 579, 562
1656, 635, 623
1657, 673, 635
1658, 698, 673
1659, 623, 642
1660, 1558, 698
1661, 698, 682
1662, 776, 1558
1663, 797, 776
1664, 1558, 740
1665, 818, 797
1666, 797, 781
1667, 841, 818
1668, 868, 841
1669, 890, 868
1670, 818, 844
1671, 902, 890
1672, 941, 902
1673, 890, 1560
1674, 971, 941
1675, 1000, 971
1676, 941, 940
1677, 1022, 1000
1678, 1030, 1022
1679, 1000, 1004
1680, 1068, 1030
1681, 1079, 1068
1682, 1030, 1029
1683, 1559, 1079
1684, 1079, 1073
1685, 1152, 1559
1686, 1184, 1152
1687, 1559, 1129
1688, 1209, 1184
1689, 1184, 1177
1690, 1219, 1209
1691, 1257, 1219
1692, 1282, 1257
1693, 1209, 1214
1694, 1326, 1282
1695, 1282, 1277
1696, 1352, 1326
1697, 1374, 1352
1698, 1326, 1349
1699, 1419, 1374
1700, 1446, 1419
1701, 1374, 1372
1702, 1469, 1446
1703, 1446, 1409
1704, 1708, 1469
1705, 1469, 1473
1706, 27, 1648
1707, 36, 27
1708, 64, 36
1709, 36, 39
1710, 71, 64
1711, 110, 71
1712, 130, 110
1713, 64, 42
1714, 162, 130
1715, 184, 162
1716, 130, 127
1717, 202, 184
1718, 223, 202
1719, 184, 178
1720, 293, 223
1721, 223, 215
1722, 326, 293
1723, 293, 263
1724, 338, 326
1725, 376, 338
1726, 326, 331
1727, 398, 376
1728, 408, 398
1729, 376, 1561
1730, 451, 408
1731, 479, 451
1732, 408, 420
1733, 516, 479
1734, 535, 516
1735, 479, 466
1736, 562, 535
1737, 585, 562
1738, 535, 510
1739, 624, 585
1740, 585, 594
1741, 642, 624
1742, 682, 642
1743, 708, 682
1744, 624, 646
1745, 725, 708
1746, 708, 675
1747, 740, 725
1748, 781, 740
1749, 725, 724
1750, 829, 781
1751, 781, 805
1752, 844, 829
1753, 1560, 844
1754, 829, 812
1755, 924, 1560
1756, 1560, 859
1757, 940, 924
1758, 977, 940
1759, 924, 928
1760, 1004, 977
1761, 1029, 1004
1762, 977, 975
1763, 1054, 1029
1764, 1029, 1025
1765, 1073, 1054
1766, 1111, 1073
1767, 1054, 1562
1768, 1129, 1111
1769, 1165, 1129
1770, 1111, 1107
1771, 1177, 1165
1772, 1214, 1177
1773, 1226, 1214
1774, 1165, 1173
1775, 1277, 1226
1776, 1289, 1277
1777, 1226, 1221
1778, 1313, 1289
1779, 1289, 1294
1780, 1349, 1313
1781, 1372, 1349
1782, 1403, 1372
1783, 1313, 1334
1784, 1409, 1403
1785, 1444, 1409
1786, 1403, 1383
1787, 1462, 1444
1788, 1444, 1441
1789, 1473, 1462
1790, 1649, 1473
1791, 1462, 1481
1792, 5, 1650
1793, 39, 5
1794, 42, 39
1795, 61, 42
1796, 5, 4
1797, 116, 61
1798, 61, 65
1799, 127, 116
1800, 178, 127
1801, 189, 178
1802, 116, 140
1803, 215, 189
1804, 231, 215
1805, 189, 151
1806, 253, 231
1807, 231, 216
1808, 263, 253
1809, 331, 263
1810, 336, 331
1811, 253, 285
1812, 1561, 336
1813, 336, 306
1814, 420, 1561
1815, 431, 420
1816, 1561, 382
1817, 466, 431
1818, 483, 466
1819, 431, 1563
1820, 510, 483
1821, 548, 510
1822, 483, 493
1823, 594, 548
1824, 610, 594
1825, 548, 1564
1826, 633, 610
1827, 610, 615
1828, 646, 633
1829, 675, 646
1830, 703, 675
1831, 633, 1565
1832, 724, 703
1833, 757, 724
1834, 703, 702
1835, 785, 757
1836, 757, 759
1837, 805, 785
1838, 812, 805
1839, 840, 812
1840, 785, 782
1841, 859, 840
1842, 866, 859
1843, 840, 822
1844, 928, 866
1845, 939, 928
1846, 866, 1566
1847, 960, 939
1848, 939, 933
1849, 975, 960
1850, 1025, 975
1851, 1042, 1025
1852, 960, 978
1853, 1562, 1042
1854, 1042, 1043
1855, 1098, 1562
1856, 1562, 1046
1857, 1107, 1098
1858, 1173, 1107
1859, 1188, 1173
1860, 1098, 1112
1861, 1221, 1188
1862, 1237, 1221
1863, 1188, 1161
1864, 1294, 1237
1865, 1300, 1294
1866, 1237, 1242
1867, 1318, 1300
1868, 1300, 1567
1869, 1334, 1318
1870, 1383, 1334
1871, 1318, 1342
1872, 1441, 1383
1873, 1452, 1441
1874, 1383, 1370
1875, 1465, 1452
1876, 1452, 1417
1877, 1481, 1465
1878, 1651, 1481
1879, 1465, 1483
1880, 4, 1709
1881, 65, 4
1882, 78, 65
1883, 1709, 18
1884, 114, 78
1885, 78, 63
1886, 140, 114
1887, 151, 140
1888, 165, 151
1889, 114, 96
1890, 216, 165
1891, 238, 216
1892, 165, 180
1893, 285, 238
1894, 296, 285
1895, 238, 208
1896, 306, 296
1897, 314, 306
1898, 296, 295
1899, 372, 314
1900, 314, 352
1901, 382, 372
1902, 1563, 382
1903, 372, 378
1904, 468, 1563
1905, 1563, 414
1906, 493, 468
1907, 1564, 493
1908, 468, 478
1909, 577, 1564
1910, 1564, 530
1911, 615, 577
1912, 1565, 615
1913, 577, 576
1914, 674, 1565
1915, 1565, 629
1916, 702, 674
1917, 736, 702
1918, 674, 692
1919, 759, 736
1920, 782, 759
1921, 794, 782
1922, 736, 723
1923, 822, 794
1924, 852, 822
1925, 794, 787
1926, 1566, 852
1927, 852, 851
1928, 933, 1566
1929, 947, 933
1930, 1566, 884
1931, 966, 947
1932, 947, 919
1933, 978, 966
1934, 1006, 978
1935, 966, 1568
1936, 1043, 1006
1937, 1046, 1043
1938, 1055, 1046
1939, 1006, 1020
1940, 1112, 1055
1941, 1055, 1052
1942, 1161, 1112
1943, 1190, 1161
1944, 1112, 1569
1945, 1203, 1190
1946, 1190, 1168
1947, 1242, 1203
1948, 1567, 1242
1949, 1203, 1241
1950, 1322, 1567
1951, 1567, 1253
1952, 1342, 1322
1953, 1370, 1342
1954, 1395, 1370
1955, 1322, 1329
1956, 1417, 1395
1957, 1424, 1417
1958, 1395, 1369
1959, 1464, 1424
1960, 1424, 1404
1961, 1483, 1464
1962, 1652, 1483
1963, 1464, 1478
1964, 18, 1653
1965, 38, 18
1966, 63, 38
1967, 84, 63
1968, 38, 28
1969, 96, 84
1970, 136, 96
1971, 84, 80
1972, 146, 136
1973, 136, 138
1974, 180, 146
1975, 197, 180
1976, 146, 195
1977, 208, 197
1978, 251, 208
1979, 197, 198
1980, 295, 251
1981, 310, 295
1982, 251, 250
1983, 352, 310
1984, 366, 352
1985, 310, 330
1986, 378, 366
1987, 414, 378
1988, 439, 414
1989, 366, 377
1990, 478, 439
1991, 500, 478
1992, 439, 1570
1993, 530, 500
1994, 556, 530
1995, 500, 502
1996, 576, 556
1997, 588, 576
1998, 556, 544
1999, 629, 588
2000, 647, 629
2001, 588, 609
2002, 692, 647
2003, 709, 692
2004, 647, 649
2005, 723, 709
2006, 709, 701
2007, 769, 723
2008, 723, 762
2009, 787, 769
2010, 820, 787
2011, 769, 767
2012, 851, 820
2013, 884, 851
2014, 887, 884
2015, 820, 823
2016, 919, 887
2017, 942, 919
2018, 887, 867
2019, 1568, 942
2020, 942, 946
2021, 1013, 1568
2022, 1568, 985
2023, 1020, 1013
2024, 1052, 1020
2025, 1013, 1571
2026, 1569, 1052
2027, 1052, 1067
2028, 1147, 1569
2029, 1569, 1106
2030, 1168, 1147
2031, 1216, 1168
2032, 1147, 1164
2033, 1241, 1216
2034, 1253, 1241
2035, 1286, 1253
2036, 1216, 1211
2037, 1308, 1286
2038, 1286, 1270
2039, 1329, 1308
2040, 1369, 1329
2041, 1380, 1369
2042, 1308, 1343
2043, 1404, 1380
2044, 1449, 1404
2045, 1380, 1384
2046, 1478, 1449
2047, 1654, 1478
2048, 1449, 1448
2049, 12, 1655
2050, 28, 12
2051, 66, 28
2052, 12, 1656
2053, 80, 66
2054, 122, 80
2055, 66, 56
2056, 138, 122
2057, 170, 138
2058, 122, 124
2059, 195, 170
2060, 198, 195
2061, 224, 198
2062, 170, 166
2063, 250, 224
2064, 282, 250
2065, 224, 225
2066, 330, 282
2067, 341, 330
2068, 282, 264
2069, 354, 341
2070, 341, 344
2071, 377, 354
2072, 1570, 377
2073, 354, 370
2074, 469, 1570
2075, 1570, 411
2076, 502, 469
2077, 536, 502
2078, 469, 457
2079, 544, 536
2080, 575, 544
2081, 536, 538
2082, 609, 575
2083, 649, 609
2084, 664, 649
2085, 575, 598
2086, 701, 664
2087, 664, 662
2088, 720, 701
2089, 701, 672
2090, 762, 720
2091, 767, 762
2092, 720, 735
2093, 823, 767
2094, 836, 823
2095, 767, 766
2096, 855, 836
2097, 836, 832
2098, 867, 855
2099, 920, 867
2100, 855, 888
2101, 946, 920
2102, 985, 946
2103, 1003, 985
2104, 920, 1572
2105, 1571, 1003
2106, 1003, 1002
2107, 1067, 1571
2108, 1571, 1024
2109, 1106, 1067
2110, 1137, 1106
2111, 1067, 1088
2112, 1164, 1137
2113, 1191, 1164
2114, 1137, 1132
2115, 1211, 1191
2116, 1222, 1211
2117, 1191, 1162
2118, 1270, 1222
2119, 1275, 1270
2120, 1222, 1225
2121, 1328, 1275
2122, 1275, 1293
2123, 1343, 1328
2124, 1384, 1343
2125, 1328, 1320
2126, 1414, 1384
2127, 1384, 1366
2128, 1448, 1414
2129, 1495, 1448
2130, 1414, 1439
2131, 1657, 1495
2132, 1495, 1479
2133, 56, 1658
2134, 68, 56
2135, 1659, 3
2136, 106, 68
2137, 68, 73
2138, 124, 106
2139, 166, 124
2140, 106, 101
2141, 225, 166
2142, 236, 225
2143, 166, 172
2144, 264, 236
2145, 290, 264
2146, 236, 243
2147, 322, 290
2148, 290, 268
2149, 344, 322
2150, 360, 344
2151, 322, 334
2152, 370, 360
2153, 411, 370
2154, 423, 411
2155, 360, 359
2156, 457, 423
2157, 477, 457
2158, 423, 405
2159, 538, 477
2160, 559, 538
2161, 477, 480
2162, 598, 559
2163, 616, 598
2164, 559, 555
2165, 632, 616
2166, 616, 612
2167, 662, 632
2168, 672, 662
2169, 632, 659
2170, 735, 672
2171, 672, 676
2172, 766, 735
2173, 772, 766
2174, 735, 722
2175, 810, 772
2176, 772, 1573
2177, 832, 810
2178, 872, 832
2179, 810, 808
2180, 888, 872
2181, 1572, 888
2182, 872, 1574
2183, 954, 1572
2184, 1572, 912
2185, 1002, 954
2186, 1024, 1002
2187, 1038, 1024
2188, 954, 959
2189, 1065, 1038
2190, 1038, 1034
2191, 1088, 1065
2192, 1097, 1088
2193, 1065, 1048
2194, 1132, 1097
2195, 1162, 1132
2196, 1186, 1162
2197, 1097, 1144
2198, 1215, 1186
2199, 1186, 1180
2200, 1225, 1215
2201, 1280, 1225
2202, 1215, 1246
2203, 1293, 1280
2204, 1312, 1293
2205, 1280, 1267
2206, 1320, 1312
2207, 1366, 1320
2208, 1312, 1309
2209, 1410, 1366
2210, 1366, 1356
2211, 1439, 1410
2212, 1479, 1439
2213, 1710, 1479
2214, 1410, 1438
2215, 1710, 1477
2216, 3, 1660
2217, 9, 3
2218, 55, 9
2219, 9, 8
2220, 73, 55
2221, 101, 73
2222, 132, 101
2223, 55, 81
2224, 152, 132
2225, 132, 97
2226, 172, 152
2227, 213, 172
2228, 152, 159
2229, 243, 213
2230, 268, 243
2231, 292, 268
2232, 213, 211
2233, 324, 292
2234, 292, 291
2235, 334, 324
2236, 359, 334
2237, 385, 359
2238, 324, 1575
2239, 405, 385
2240, 438, 405
2241, 385, 384
2242, 480, 438
2243, 491, 480
2244, 438, 429
2245, 532, 491
2246, 491, 463
2247, 555, 532
2248, 581, 555
2249, 532, 541
2250, 612, 581
2251, 652, 612
2252, 581, 591
2253, 659, 652
2254, 676, 659
2255, 712, 676
2256, 652, 650
2257, 722, 712
2258, 712, 700
2259, 1573, 722
2260, 722, 1576
2261, 808, 1573
2262, 817, 808
2263, 1573, 806
2264, 1574, 817
2265, 817, 1577
2266, 912, 1574
2267, 1574, 862
2268, 959, 912
2269, 999, 959
2270, 912, 914
2271, 1034, 999
2272, 999, 995
2273, 1048, 1034
2274, 1063, 1048
2275, 1034, 1032
2276, 1121, 1063
2277, 1063, 1061
2278, 1144, 1121
2279, 1180, 1144
2280, 1197, 1180
2281, 1121, 1123
2282, 1223, 1197
2283, 1197, 1200
2284, 1246, 1223
2285, 1267, 1246
2286, 1283, 1267
2287, 1223, 1244
2288, 1309, 1283
2289, 1331, 1309
2290, 1283, 1263
2291, 1356, 1331
2292, 1393, 1356
2293, 1331, 1336
2294, 1426, 1393
2295, 1393, 1388
2296, 1438, 1426
2297, 1477, 1438
2298, 1488, 1477
2299, 1426, 1440
2300, 1661, 1488
2301, 1488, 1485
2302, 8, 1662
2303, 69, 8
2304, 81, 69
2305, 97, 81
2306, 119, 97
2307, 69, 57
2308, 150, 119
2309, 119, 99
2310, 159, 150
2311, 211, 159
2312, 247, 211
2313, 150, 164
2314, 260, 247
2315, 247, 203
2316, 291, 260
2317, 1575, 291
2318, 260, 261
2319, 362, 1575
2320, 1575, 340
2321, 384, 362
2322, 429, 384
2323, 447, 429
2324, 362, 392
2325, 463, 447
2326, 504, 463
2327, 447, 441
2328, 541, 504
2329, 546, 541
2330, 504, 503
2331, 591, 546
2332, 607, 591
2333, 546, 525
2334, 631, 607
2335, 607, 582
2336, 650, 631
2337, 700, 650
2338, 715, 700
2339, 631, 644
2340, 1576, 715
2341, 715, 680
2342, 783, 1576
2343, 1576, 747
2344, 806, 783
2345, 1577, 806
2346, 783, 784
2347, 862, 1577
2348, 891, 862
2349, 1577, 842
2350, 914, 891
2351, 891, 885
2352, 995, 914
2353, 1001, 995
2354, 914, 1578
2355, 1005, 1001
2356, 1001, 998
2357, 1032, 1005
2358, 1061, 1032
2359, 1071, 1061
2360, 1005, 1044
2361, 1110, 1071
2362, 1071, 1047
2363, 1123, 1110
2364, 1167, 1123
2365, 1110, 1128
2366, 1200, 1167
2367, 1207, 1200
2368, 1167, 1579
2369, 1244, 1207
2370, 1263, 1244
2371, 1268, 1263
2372, 1207, 1201
2373, 1336, 1268
2374, 1350, 1336
2375, 1268, 1281
2376, 1350, 1307
2377, 1388, 1350
2378, 1422, 1388
2379, 1350, 1358
2380, 1440, 1422
2381, 1474, 1440
2382, 1422, 1580
2383, 1485, 1474
2384, 1663, 1485
2385, 1474, 1489
2386, 26, 1664
2387, 46, 26
2388, 26, 1711
2389, 57, 46
2390, 94, 57
2391, 46, 58
2392, 99, 94
2393, 149, 99
2394, 94, 98
2395, 164, 149
2396, 203, 164
2397, 149, 147
2398, 261, 203
2399, 289, 261
2400, 203, 217
2401, 340, 289
2402, 355, 340
2403, 289, 276
2404, 392, 355
2405, 355, 348
2406, 436, 392
2407, 392, 399
2408, 441, 436
2409, 495, 441
2410, 436, 444
2411, 503, 495
2412, 525, 503
2413, 495, 461
2414, 582, 525
2415, 590, 582
2416, 525, 557
2417, 628, 590
2418, 590, 578
2419, 644, 628
2420, 680, 644
2421, 690, 680
2422, 628, 634
2423, 733, 690
2424, 690, 689
2425, 747, 733
2426, 773, 747
2427, 733, 743
2428, 784, 773
2429, 828, 784
2430, 773, 768
2431, 842, 828
2432, 854, 842
2433, 828, 819
2434, 885, 854
2435, 1578, 885
2436, 854, 1581
2437, 967, 1578
2438, 1578, 913
2439, 998, 967
2440, 1014, 998
2441, 967, 996
2442, 1044, 1014
2443, 1047, 1044
2444, 1062, 1047
2445, 1014, 1008
2446, 1128, 1062
2447, 1062, 1717
2448, 1579, 1128
2449, 1128, 1130
2450, 1201, 1579
2451, 1233, 1201
2452, 1579, 1166
2453, 1281, 1233
2454, 1233, 1582
2455, 1307, 1281
2456, 1310, 1307
2457, 1281, 1296
2458, 1358, 1310
2459, 1385, 1358
2460, 1310, 1347
2461, 1580, 1385
2462, 1385, 1367
2463, 1489, 1580
2464, 1665, 1489
2465, 1580, 1435
2466, 1666, 1471
2467, 1712, 1711
2468, 44, 1712
2469, 58, 44
2470, 98, 58
2471, 107, 98
2472, 44, 1667
2473, 147, 107
2474, 169, 147
2475, 107, 1668
2476, 209, 169
2477, 169, 1669
2478, 217, 209
2479, 276, 217
2480, 286, 276
2481, 209, 1670
2482, 348, 286
2483, 286, 1671
2484, 1672, 348
2485, 348, 1673
2486, 399, 1674
2487, 444, 399
2488, 461, 444
2489, 444, 1675
2490, 1713, 461
2491, 461, 1676
2492, 557, 1713
2493, 578, 557
2494, 599, 578
2495, 1677, 599
2496, 599, 1678
2497, 634, 1679
2498, 1714, 634
2499, 689, 1714
2500, 1715, 689
2501, 743, 1715
2502, 768, 743
2503, 819, 768
2504, 848, 819
2505, 768, 1680
2506, 1581, 848
2507, 848, 1681
2508, 913, 1581
2509, 935, 913
2510, 1581, 1682
2511, 983, 935
2512, 935, 1683
2513, 996, 983
2514, 1008, 996
2515, 1716, 1008
2516, 983, 1684
2517, 1685, 1716
2518, 1104, 1717
2519, 1130, 1104
2520, 1151, 1130
2521, 1104, 1686
2522, 1166, 1151
2523, 1582, 1166
2524, 1151, 1687
2525, 1688, 1582
2526, 1582, 1689
2527, 1296, 1690
2528, 1325, 1296
2529, 1347, 1325
2530, 1367, 1347
2531, 1391, 1367
2532, 1325, 1691
2533, 1435, 1391
2534, 1455, 1435
2535, 1391, 1692
2536, 1471, 1455
2537, 1718, 1471
2538, 1455, 1693
