1, 670, 4
2, 6, 671
3, 672, 8
4, 16, 673
5, 11, 674
6, 9, 675
7, 676, 10
8, 22, 677
9, 678, 3
10, 2, 679
11, 12, 680
12, 681, 1
13, 31, 682
14, 683, 5
15, 14, 684
16, 685, 13
17, 7, 686
18, 687, 15
19, 18, 764
20, 10, 11
21, 11, 28
22, 21, 10
23, 688, 18
24, 29, 689
25, 18, 647
26, 17, 16
27, 16, 25
28, 8, 9
29, 24, 8
30, 9, 23
31, 1, 2
32, 2, 26
33, 32, 1
34, 4, 17
35, 3, 4
36, 27, 3
37, 17, 646
38, 15, 14
39, 14, 19
40, 690, 15
41, 6, 7
42, 7, 35
43, 5, 6
44, 20, 5
45, 6, 39
46, 13, 12
47, 12, 30
48, 34, 13
49, 28, 29
50, 43, 28
51, 29, 51
52, 50, 691
53, 25, 24
54, 45, 25
55, 24, 42
56, 26, 27
57, 37, 26
58, 27, 40
59, 35, 34
60, 52, 35
61, 34, 46
62, 30, 31
63, 31, 33
64, 47, 30
65, 19, 20
66, 49, 19
67, 20, 38
68, 33, 32
69, 32, 36
70, 58, 33
71, 692, 48
72, 23, 22
73, 41, 23
74, 22, 21
75, 21, 44
76, 648, 22
77, 42, 41
78, 56, 42
79, 41, 66
80, 44, 43
81, 43, 61
82, 67, 44
83, 36, 37
84, 37, 54
85, 65, 36
86, 40, 646
87, 55, 40
88, 51, 647
89, 60, 51
90, 46, 47
91, 63, 46
92, 47, 59
93, 646, 45
94, 45, 57
95, 74, 646
96, 53, 52
97, 52, 62
98, 647, 50
99, 50, 693
100, 649, 647
101, 48, 49
102, 49, 68
103, 694, 48
104, 39, 53
105, 38, 39
106, 69, 38
107, 53, 76
108, 61, 60
109, 71, 61
110, 60, 81
111, 57, 56
112, 56, 80
113, 75, 57
114, 54, 55
115, 89, 54
116, 55, 82
117, 66, 648
118, 79, 66
119, 78, 695
120, 59, 58
121, 58, 64
122, 85, 59
123, 648, 67
124, 67, 70
125, 92, 648
126, 68, 69
127, 73, 68
128, 69, 87
129, 64, 65
130, 65, 88
131, 97, 64
132, 696, 72
133, 62, 63
134, 63, 84
135, 77, 62
136, 81, 649
137, 99, 81
138, 649, 78
139, 78, 697
140, 117, 649
141, 80, 79
142, 105, 80
143, 79, 93
144, 83, 74
145, 74, 75
146, 75, 106
147, 82, 83
148, 103, 82
149, 83, 112
150, 84, 85
151, 85, 96
152, 94, 84
153, 88, 89
154, 89, 104
155, 98, 88
156, 70, 71
157, 71, 100
158, 102, 70
159, 87, 86
160, 90, 87
161, 72, 73
162, 73, 91
163, 698, 72
164, 76, 77
165, 86, 76
166, 77, 95
167, 650, 86
168, 116, 699
169, 100, 99
170, 99, 122
171, 125, 100
172, 93, 92
173, 92, 101
174, 121, 93
175, 104, 103
176, 103, 113
177, 110, 104
178, 106, 105
179, 105, 120
180, 111, 106
181, 101, 102
182, 102, 124
183, 652, 101
184, 96, 97
185, 114, 96
186, 95, 94
187, 94, 115
188, 119, 95
189, 91, 90
190, 90, 118
191, 107, 91
192, 700, 108
193, 97, 98
194, 98, 109
195, 651, 97
196, 123, 117
197, 117, 116
198, 116, 701
199, 120, 121
200, 121, 126
201, 129, 120
202, 124, 125
203, 125, 137
204, 127, 124
205, 113, 112
206, 130, 113
207, 109, 110
208, 110, 131
209, 136, 109
210, 115, 114
211, 114, 139
212, 133, 115
213, 108, 107
214, 107, 134
215, 702, 108
216, 118, 650
217, 135, 118
218, 650, 119
219, 119, 132
220, 146, 650
221, 112, 111
222, 111, 128
223, 653, 112
224, 122, 123
225, 138, 122
226, 123, 654
227, 147, 703
228, 128, 129
229, 129, 142
230, 153, 128
231, 137, 138
232, 150, 137
233, 138, 144
234, 651, 136
235, 136, 155
236, 139, 651
237, 141, 139
238, 651, 159
239, 134, 135
240, 152, 134
241, 135, 149
242, 132, 133
243, 133, 140
244, 145, 132
245, 652, 127
246, 127, 151
247, 131, 130
248, 130, 154
249, 156, 131
250, 126, 652
251, 143, 126
252, 652, 164
253, 142, 143
254, 168, 142
255, 143, 172
256, 653, 153
257, 153, 169
258, 155, 156
259, 163, 155
260, 156, 171
261, 144, 654
262, 157, 144
263, 654, 147
264, 147, 704
265, 179, 654
266, 148, 146
267, 146, 145
268, 145, 162
269, 154, 653
270, 170, 154
271, 653, 655
272, 151, 150
273, 150, 158
274, 165, 151
275, 705, 152
276, 152, 167
277, 149, 148
278, 166, 149
279, 148, 176
280, 140, 141
281, 141, 160
282, 161, 140
283, 180, 706
284, 169, 168
285, 168, 188
286, 184, 169
287, 164, 165
288, 173, 164
289, 165, 182
290, 158, 157
291, 157, 186
292, 183, 158
293, 172, 173
294, 187, 172
295, 173, 203
296, 171, 170
297, 174, 171
298, 170, 178
299, 159, 163
300, 163, 175
301, 167, 166
302, 181, 167
303, 166, 177
304, 162, 161
305, 189, 162
306, 161, 191
307, 160, 159
308, 192, 160
309, 159, 198
310, 186, 185
311, 209, 186
312, 185, 179
313, 179, 180
314, 180, 707
315, 218, 185
316, 188, 187
317, 196, 188
318, 187, 202
319, 178, 655
320, 194, 178
321, 191, 192
322, 201, 191
323, 192, 199
324, 182, 183
325, 206, 182
326, 183, 208
327, 708, 181
328, 181, 204
329, 190, 189
330, 189, 200
331, 175, 174
332, 174, 193
333, 197, 175
334, 176, 190
335, 177, 176
336, 205, 177
337, 190, 656
338, 655, 184
339, 184, 195
340, 215, 655
341, 217, 709
342, 195, 196
343, 196, 210
344, 222, 195
345, 208, 209
346, 209, 228
347, 221, 208
348, 193, 194
349, 194, 214
350, 212, 193
351, 203, 207
352, 202, 203
353, 211, 202
354, 200, 201
355, 201, 225
356, 216, 200
357, 199, 198
358, 224, 199
359, 204, 205
360, 226, 204
361, 205, 219
362, 710, 227
363, 198, 197
364, 197, 213
365, 234, 198
366, 207, 206
367, 206, 220
368, 232, 207
369, 220, 221
370, 221, 231
371, 233, 220
372, 228, 229
373, 230, 228
374, 229, 218
375, 218, 217
376, 217, 711
377, 258, 229
378, 213, 212
379, 212, 240
380, 235, 213
381, 210, 211
382, 244, 210
383, 211, 236
384, 219, 656
385, 238, 219
386, 227, 226
387, 226, 237
388, 712, 227
389, 225, 224
390, 245, 225
391, 224, 242
392, 656, 216
393, 216, 246
394, 255, 656
395, 223, 222
396, 222, 243
397, 214, 215
398, 215, 223
399, 239, 214
400, 223, 248
401, 268, 713
402, 231, 230
403, 253, 231
404, 230, 257
405, 232, 233
406, 233, 254
407, 241, 234
408, 234, 235
409, 235, 263
410, 243, 244
411, 244, 266
412, 247, 243
413, 237, 238
414, 238, 261
415, 252, 237
416, 246, 245
417, 245, 250
418, 256, 246
419, 240, 239
420, 264, 240
421, 239, 260
422, 236, 232
423, 265, 236
424, 232, 276
425, 242, 241
426, 249, 242
427, 241, 274
428, 714, 251
429, 254, 253
430, 253, 279
431, 275, 254
432, 257, 258
433, 258, 267
434, 280, 257
435, 248, 247
436, 259, 248
437, 247, 272
438, 267, 268
439, 268, 715
440, 290, 267
441, 263, 264
442, 286, 263
443, 264, 281
444, 266, 265
445, 271, 266
446, 265, 283
447, 260, 259
448, 657, 260
449, 259, 284
450, 262, 255
451, 255, 256
452, 256, 270
453, 250, 249
454, 269, 250
455, 249, 273
456, 251, 252
457, 252, 278
458, 716, 251
459, 261, 262
460, 277, 261
461, 262, 291
462, 272, 271
463, 288, 272
464, 271, 301
465, 279, 280
466, 295, 279
467, 280, 293
468, 289, 717
469, 270, 269
470, 292, 270
471, 269, 305
472, 276, 275
473, 282, 276
474, 275, 294
475, 281, 657
476, 297, 281
477, 718, 300
478, 274, 285
479, 273, 274
480, 306, 273
481, 285, 286
482, 286, 298
483, 307, 285
484, 278, 277
485, 299, 278
486, 277, 296
487, 283, 282
488, 302, 283
489, 282, 304
490, 294, 295
491, 295, 316
492, 310, 294
493, 284, 287
494, 657, 284
495, 320, 657
496, 301, 302
497, 313, 301
498, 302, 303
499, 293, 290
500, 315, 293
501, 287, 288
502, 288, 314
503, 340, 287
504, 290, 289
505, 289, 719
506, 328, 290
507, 296, 291
508, 318, 296
509, 300, 299
510, 720, 300
511, 299, 317
512, 305, 306
513, 322, 305
514, 306, 308
515, 298, 297
516, 297, 319
517, 311, 298
518, 291, 292
519, 292, 321
520, 658, 291
521, 304, 309
522, 303, 304
523, 325, 303
524, 327, 721
525, 308, 307
526, 307, 312
527, 324, 308
528, 314, 313
529, 313, 326
530, 339, 314
531, 319, 320
532, 320, 341
533, 332, 319
534, 321, 322
535, 322, 323
536, 333, 321
537, 312, 311
538, 311, 331
539, 659, 312
540, 309, 310
541, 310, 338
542, 355, 309
543, 317, 318
544, 318, 336
545, 330, 317
546, 722, 329
547, 316, 315
548, 337, 316
549, 315, 334
550, 342, 340
551, 340, 339
552, 339, 346
553, 335, 328
554, 328, 327
555, 327, 723
556, 658, 333
557, 333, 343
558, 323, 324
559, 324, 352
560, 344, 323
561, 331, 332
562, 332, 350
563, 345, 331
564, 341, 342
565, 351, 341
566, 342, 365
567, 326, 325
568, 325, 358
569, 347, 326
570, 338, 337
571, 356, 338
572, 337, 353
573, 334, 335
574, 354, 334
575, 335, 364
576, 336, 658
577, 348, 336
578, 658, 369
579, 329, 330
580, 330, 349
581, 724, 329
582, 349, 348
583, 348, 370
584, 377, 349
585, 350, 351
586, 361, 350
587, 351, 366
588, 346, 347
589, 374, 346
590, 347, 371
591, 353, 354
592, 359, 353
593, 354, 363
594, 659, 345
595, 345, 362
596, 357, 355
597, 355, 356
598, 356, 360
599, 352, 659
600, 375, 352
601, 659, 661
602, 343, 344
603, 368, 343
604, 344, 376
605, 358, 357
606, 372, 358
607, 357, 660
608, 364, 367
609, 363, 364
610, 378, 363
611, 365, 373
612, 366, 365
613, 387, 366
614, 373, 374
615, 374, 389
616, 662, 373
617, 376, 375
618, 375, 391
619, 384, 376
620, 371, 372
621, 388, 371
622, 372, 385
623, 360, 359
624, 359, 379
625, 382, 360
626, 367, 725
627, 396, 367
628, 362, 361
629, 361, 386
630, 390, 362
631, 370, 369
632, 381, 370
633, 726, 377
634, 377, 380
635, 369, 368
636, 368, 383
637, 393, 369
638, 383, 384
639, 384, 403
640, 392, 383
641, 379, 378
642, 378, 397
643, 410, 379
644, 391, 661
645, 404, 391
646, 386, 387
647, 387, 402
648, 394, 386
649, 389, 388
650, 406, 389
651, 388, 398
652, 660, 382
653, 382, 409
654, 385, 660
655, 399, 385
656, 660, 420
657, 380, 381
658, 381, 407
659, 401, 380
660, 661, 390
661, 390, 395
662, 663, 661
663, 727, 400
664, 409, 410
665, 410, 425
666, 419, 409
667, 402, 662
668, 411, 402
669, 397, 396
670, 396, 405
671, 426, 397
672, 403, 404
673, 421, 403
674, 404, 418
675, 398, 399
676, 417, 398
677, 399, 424
678, 405, 728
679, 427, 405
680, 400, 401
681, 401, 414
682, 729, 400
683, 395, 394
684, 394, 412
685, 415, 395
686, 662, 406
687, 406, 416
688, 431, 662
689, 407, 408
690, 413, 407
691, 408, 393
692, 393, 392
693, 392, 422
694, 428, 408
695, 412, 411
696, 411, 430
697, 447, 412
698, 420, 419
699, 423, 420
700, 419, 433
701, 418, 663
702, 441, 418
703, 416, 417
704, 417, 438
705, 436, 416
706, 425, 426
707, 432, 425
708, 426, 442
709, 730, 434
710, 414, 413
711, 435, 414
712, 413, 429
713, 663, 415
714, 415, 446
715, 665, 663
716, 422, 421
717, 421, 440
718, 445, 422
719, 424, 423
720, 439, 424
721, 423, 664
722, 443, 427
723, 427, 731
724, 438, 439
725, 455, 438
726, 439, 457
727, 430, 431
728, 431, 437
729, 448, 430
730, 442, 443
731, 450, 442
732, 443, 469
733, 437, 436
734, 436, 456
735, 464, 437
736, 433, 432
737, 459, 433
738, 432, 451
739, 444, 445
740, 445, 452
741, 434, 435
742, 732, 434
743, 435, 461
744, 440, 441
745, 441, 454
746, 453, 440
747, 446, 447
748, 447, 449
749, 458, 446
750, 429, 428
751, 428, 444
752, 460, 429
753, 444, 476
754, 451, 450
755, 450, 470
756, 472, 451
757, 664, 459
758, 459, 471
759, 457, 664
760, 462, 457
761, 664, 483
762, 456, 455
763, 455, 463
764, 465, 456
765, 452, 453
766, 479, 452
767, 453, 468
768, 665, 458
769, 458, 474
770, 461, 460
771, 466, 461
772, 460, 475
773, 449, 448
774, 448, 480
775, 473, 449
776, 454, 665
777, 467, 454
778, 665, 484
779, 463, 462
780, 462, 482
781, 487, 463
782, 480, 481
783, 501, 480
784, 476, 478
785, 475, 476
786, 493, 475
787, 481, 464
788, 464, 465
789, 465, 486
790, 506, 481
791, 477, 765
792, 474, 473
793, 488, 474
794, 473, 499
795, 471, 472
796, 472, 496
797, 490, 471
798, 469, 477
799, 470, 469
800, 497, 470
801, 477, 510
802, 478, 479
803, 479, 494
804, 502, 478
805, 468, 467
806, 495, 468
807, 467, 485
808, 766, 466
809, 466, 492
810, 486, 487
811, 487, 520
812, 514, 486
813, 496, 497
814, 512, 496
815, 497, 518
816, 511, 733
817, 491, 490
818, 490, 513
819, 484, 489
820, 485, 484
821, 508, 485
822, 489, 488
823, 488, 498
824, 522, 489
825, 483, 491
826, 482, 483
827, 519, 482
828, 491, 529
829, 492, 493
830, 493, 503
831, 516, 492
832, 494, 495
833, 505, 494
834, 495, 509
835, 500, 501
836, 501, 507
837, 518, 517
838, 526, 518
839, 510, 511
840, 517, 510
841, 511, 734
842, 540, 517
843, 513, 512
844, 512, 525
845, 530, 513
846, 515, 514
847, 514, 531
848, 520, 519
849, 532, 520
850, 519, 536
851, 509, 508
852, 508, 538
853, 533, 509
854, 504, 505
855, 505, 534
856, 499, 500
857, 498, 499
858, 521, 498
859, 500, 524
860, 507, 506
861, 506, 515
862, 523, 507
863, 515, 543
864, 735, 516
865, 516, 527
866, 503, 502
867, 502, 504
868, 528, 503
869, 504, 554
870, 546, 736
871, 531, 532
872, 544, 531
873, 532, 547
874, 525, 526
875, 526, 539
876, 542, 525
877, 536, 535
878, 548, 536
879, 529, 530
880, 535, 529
881, 530, 541
882, 568, 535
883, 527, 528
884, 556, 527
885, 528, 557
886, 524, 523
887, 559, 524
888, 523, 552
889, 538, 537
890, 549, 538
891, 737, 555
892, 534, 533
893, 533, 550
894, 553, 534
895, 537, 522
896, 522, 521
897, 521, 560
898, 666, 537
899, 552, 551
900, 574, 552
901, 547, 548
902, 571, 547
903, 548, 567
904, 560, 559
905, 559, 573
906, 575, 560
907, 541, 542
908, 542, 561
909, 569, 541
910, 539, 540
911, 540, 545
912, 562, 539
913, 550, 549
914, 549, 570
915, 564, 550
916, 557, 558
917, 565, 557
918, 555, 556
919, 556, 566
920, 738, 555
921, 545, 546
922, 546, 739
923, 587, 545
924, 543, 544
925, 551, 543
926, 544, 572
927, 581, 551
928, 554, 553
929, 558, 554
930, 553, 563
931, 667, 558
932, 586, 740
933, 561, 562
934, 589, 561
935, 562, 593
936, 568, 569
937, 569, 588
938, 666, 575
939, 575, 590
940, 573, 574
941, 574, 580
942, 591, 573
943, 563, 564
944, 564, 578
945, 582, 563
946, 566, 565
947, 565, 585
948, 583, 566
949, 570, 666
950, 579, 570
951, 666, 668
952, 572, 571
953, 571, 577
954, 584, 572
955, 567, 568
956, 576, 567
957, 568, 601
958, 577, 576
959, 595, 577
960, 576, 600
961, 590, 591
962, 603, 590
963, 591, 599
964, 588, 589
965, 589, 605
966, 607, 588
967, 578, 579
968, 597, 578
969, 579, 602
970, 580, 581
971, 598, 580
972, 592, 587
973, 587, 586
974, 586, 741
975, 593, 592
976, 604, 593
977, 592, 612
978, 581, 584
979, 584, 594
980, 614, 581
981, 667, 582
982, 582, 596
983, 742, 583
984, 583, 608
985, 585, 667
986, 609, 585
987, 667, 611
988, 605, 604
989, 619, 605
990, 604, 624
991, 613, 743
992, 668, 603
993, 603, 617
994, 599, 598
995, 616, 599
996, 598, 615
997, 601, 606
998, 600, 601
999, 631, 600
1000, 594, 595
1001, 595, 630
1002, 628, 594
1003, 608, 609
1004, 626, 608
1005, 609, 620
1006, 596, 597
1007, 597, 623
1008, 610, 596
1009, 744, 627
1010, 602, 668
1011, 622, 602
1012, 668, 669
1013, 606, 607
1014, 607, 618
1015, 632, 606
1016, 630, 631
1017, 631, 645
1018, 767, 630
1019, 612, 613
1020, 625, 612
1021, 613, 745
1022, 617, 616
1023, 643, 617
1024, 616, 638
1025, 620, 621
1026, 640, 620
1027, 618, 619
1028, 619, 635
1029, 633, 618
1030, 623, 622
1031, 637, 623
1032, 622, 642
1033, 627, 626
1034, 626, 641
1035, 746, 627
1036, 629, 628
1037, 628, 768
1038, 611, 610
1039, 621, 611
1040, 610, 636
1041, 747, 621
1042, 624, 625
1043, 634, 624
1044, 625, 748
1045, 615, 614
1046, 614, 629
1047, 639, 615
1048, 629, 749
1049, 635, 634
1050, 750, 635
1051, 634, 751
1052, 644, 632
1053, 632, 633
1054, 633, 752
1055, 636, 637
1056, 637, 753
1057, 754, 636
1058, 638, 639
1059, 755, 638
1060, 639, 756
1061, 768, 767
1062, 641, 640
1063, 640, 757
1064, 758, 641
1065, 669, 643
1066, 643, 759
1067, 642, 669
1068, 760, 642
1069, 669, 761
1070, 645, 644
1071, 762, 645
1072, 644, 763
