1, 1599, 6
2, 1600, 11
3, 1601, 1508
4, 14, 1602
5, 1603, 8
6, 10, 1604
7, 1508, 1605
8, 5, 1606
9, 4, 1607
10, 1608, 13
11, 23, 26
12, 1609, 9
13, 8, 17
14, 7, 1610
15, 1611, 19
16, 1612, 2
17, 12, 1613
18, 3, 1614
19, 1615, 16
20, 1616, 5
21, 20, 1617
22, 5, 21
23, 1618, 1
24, 22, 1619
25, 1620, 4
26, 18, 1621
27, 4, 24
28, 15, 1622
29, 1623, 23
30, 23, 1624
31, 25, 1625
32, 1756, 1509
33, 9, 1626
34, 1627, 36
35, 1511, 9
36, 42, 8
37, 8, 48
38, 11, 10
39, 19, 11
40, 10, 44
41, 33, 19
42, 1752, 12
43, 31, 1752
44, 12, 27
45, 16, 1508
46, 1508, 39
47, 32, 16
48, 35, 1628
49, 1629, 1512
50, 21, 58
51, 34, 21
52, 1753, 14
53, 14, 22
54, 47, 1753
55, 22, 28
56, 24, 37
57, 30, 24
58, 13, 15
59, 60, 13
60, 15, 1630
61, 1754, 1755
62, 1509, 1754
63, 1755, 56
64, 6, 7
65, 17, 6
66, 61, 17
67, 7, 29
68, 2, 3
69, 27, 2
70, 3, 46
71, 38, 27
72, 1631, 20
73, 1512, 1757
74, 20, 34
75, 34, 53
76, 1, 1751
77, 1751, 18
78, 55, 1
79, 18, 30
80, 30, 51
81, 26, 1510
82, 57, 26
83, 1510, 25
84, 25, 40
85, 36, 41
86, 1511, 36
87, 49, 42
88, 48, 61
89, 42, 48
90, 61, 66
91, 44, 62
92, 54, 44
93, 63, 31
94, 31, 43
95, 45, 32
96, 32, 64
97, 35, 1512
98, 65, 58
99, 28, 55
100, 52, 28
101, 37, 59
102, 68, 37
103, 67, 50
104, 1632, 57
105, 57, 85
106, 40, 1509
107, 1509, 69
108, 71, 40
109, 56, 1511
110, 75, 56
111, 1511, 1514
112, 66, 98
113, 77, 66
114, 29, 33
115, 33, 54
116, 91, 29
117, 54, 78
118, 43, 38
119, 38, 79
120, 1513, 43
121, 46, 45
122, 76, 46
123, 45, 74
124, 1512, 81
125, 72, 1512
126, 53, 65
127, 80, 53
128, 65, 84
129, 55, 93
130, 70, 55
131, 51, 68
132, 88, 51
133, 68, 92
134, 50, 1633
135, 1758, 50
136, 100, 1510
137, 1510, 71
138, 71, 86
139, 41, 49
140, 1514, 41
141, 49, 110
142, 62, 63
143, 95, 62
144, 63, 1513
145, 39, 35
146, 64, 39
147, 73, 64
148, 35, 82
149, 58, 47
150, 47, 52
151, 115, 58
152, 52, 70
153, 70, 104
154, 59, 60
155, 60, 67
156, 103, 59
157, 67, 94
158, 85, 99
159, 1634, 85
160, 69, 90
161, 86, 69
162, 102, 86
163, 75, 101
164, 110, 77
165, 77, 111
166, 113, 110
167, 78, 95
168, 108, 78
169, 95, 106
170, 79, 96
171, 1513, 79
172, 112, 1513
173, 89, 83
174, 81, 97
175, 82, 72
176, 72, 81
177, 87, 80
178, 84, 115
179, 80, 84
180, 104, 114
181, 116, 104
182, 109, 105
183, 94, 1758
184, 107, 94
185, 99, 100
186, 100, 146
187, 1635, 99
188, 142, 102
189, 102, 132
190, 101, 1514
191, 1514, 1517
192, 119, 101
193, 138, 113
194, 113, 127
195, 106, 158
196, 125, 106
197, 136, 112
198, 112, 120
199, 74, 73
200, 83, 74
201, 73, 1515
202, 124, 83
203, 117, 82
204, 82, 121
205, 115, 135
206, 118, 115
207, 128, 116
208, 116, 131
209, 92, 103
210, 105, 92
211, 103, 126
212, 145, 105
213, 143, 107
214, 107, 1636
215, 90, 75
216, 137, 90
217, 75, 119
218, 119, 140
219, 98, 91
220, 111, 98
221, 91, 108
222, 127, 111
223, 108, 123
224, 144, 127
225, 96, 76
226, 76, 89
227, 120, 96
228, 89, 122
229, 1516, 120
230, 97, 87
231, 121, 97
232, 87, 118
233, 134, 121
234, 118, 149
235, 93, 88
236, 114, 93
237, 88, 109
238, 133, 114
239, 109, 147
240, 157, 161
241, 148, 142
242, 142, 154
243, 150, 1517
244, 151, 138
245, 138, 156
246, 123, 125
247, 125, 163
248, 155, 123
249, 159, 136
250, 136, 1516
251, 129, 1515
252, 130, 117
253, 117, 134
254, 135, 141
255, 160, 135
256, 152, 128
257, 131, 139
258, 128, 131
259, 126, 153
260, 145, 126
261, 143, 1637
262, 1638, 157
263, 157, 173
264, 132, 137
265, 154, 132
266, 137, 185
267, 176, 154
268, 140, 150
269, 189, 140
270, 150, 175
271, 156, 144
272, 144, 186
273, 196, 156
274, 178, 155
275, 155, 1520
276, 1516, 174
277, 172, 1516
278, 122, 124
279, 124, 129
280, 167, 122
281, 129, 169
282, 134, 187
283, 164, 134
284, 149, 160
285, 187, 149
286, 160, 165
287, 139, 133
288, 133, 192
289, 182, 139
290, 147, 145
291, 193, 147
292, 145, 162
293, 1518, 1639
294, 146, 148
295, 161, 146
296, 179, 161
297, 148, 191
298, 1517, 151
299, 1519, 1517
300, 151, 171
301, 158, 159
302, 163, 158
303, 180, 163
304, 159, 181
305, 1515, 130
306, 177, 1515
307, 130, 166
308, 141, 152
309, 190, 141
310, 152, 168
311, 153, 143
312, 188, 153
313, 143, 1518
314, 173, 179
315, 1640, 173
316, 191, 176
317, 176, 205
318, 215, 191
319, 175, 1519
320, 200, 175
321, 197, 196
322, 196, 206
323, 178, 1520
324, 181, 172
325, 172, 203
326, 204, 181
327, 183, 167
328, 169, 184
329, 167, 169
330, 170, 164
331, 164, 194
332, 165, 190
333, 208, 165
334, 190, 198
335, 182, 201
336, 162, 188
337, 202, 162
338, 188, 199
339, 195, 1641
340, 179, 223
341, 231, 179
342, 1519, 225
343, 212, 1519
344, 171, 197
345, 235, 171
346, 197, 228
347, 1520, 180
348, 180, 224
349, 233, 1520
350, 203, 207
351, 214, 204
352, 204, 203
353, 184, 177
354, 177, 243
355, 221, 184
356, 166, 170
357, 237, 166
358, 170, 1522
359, 198, 247
360, 211, 198
361, 168, 182
362, 250, 168
363, 182, 213
364, 199, 229
365, 217, 199
366, 1518, 195
367, 210, 1518
368, 195, 1642
369, 185, 189
370, 205, 185
371, 189, 200
372, 222, 205
373, 200, 218
374, 186, 178
375, 206, 186
376, 239, 206
377, 178, 233
378, 233, 1521
379, 174, 183
380, 207, 174
381, 183, 230
382, 216, 207
383, 194, 187
384, 187, 208
385, 1522, 194
386, 208, 219
387, 192, 193
388, 201, 192
389, 193, 202
390, 236, 201
391, 202, 209
392, 223, 234
393, 231, 223
394, 240, 215
395, 215, 226
396, 218, 212
397, 212, 257
398, 256, 218
399, 228, 249
400, 244, 228
401, 224, 245
402, 1521, 224
403, 246, 214
404, 214, 220
405, 230, 221
406, 221, 251
407, 252, 230
408, 237, 1522
409, 1522, 242
410, 219, 211
411, 211, 253
412, 238, 219
413, 213, 236
414, 254, 213
415, 236, 248
416, 227, 241
417, 232, 210
418, 210, 1643
419, 1644, 231
420, 231, 260
421, 226, 222
422, 222, 276
423, 1523, 226
424, 269, 256
425, 256, 259
426, 249, 239
427, 239, 272
428, 278, 249
429, 282, 1521
430, 1521, 262
431, 220, 216
432, 216, 261
433, 265, 220
434, 271, 252
435, 252, 283
436, 242, 268
437, 267, 242
438, 302, 238
439, 238, 258
440, 248, 255
441, 281, 248
442, 209, 217
443, 217, 227
444, 280, 209
445, 227, 274
446, 263, 1645
447, 234, 240
448, 260, 234
449, 240, 1523
450, 291, 260
451, 225, 235
452, 257, 225
453, 235, 244
454, 259, 257
455, 244, 266
456, 295, 259
457, 245, 246
458, 287, 245
459, 246, 264
460, 243, 237
461, 251, 243
462, 277, 251
463, 237, 275
464, 247, 250
465, 253, 247
466, 250, 254
467, 258, 253
468, 254, 281
469, 229, 232
470, 241, 229
471, 292, 241
472, 232, 273
473, 1646, 301
474, 297, 288
475, 284, 269
476, 269, 304
477, 299, 272
478, 262, 287
479, 306, 262
480, 261, 289
481, 270, 261
482, 290, 271
483, 271, 305
484, 268, 296
485, 275, 267
486, 267, 268
487, 298, 275
488, 302, 258
489, 258, 300
490, 255, 279
491, 294, 255
492, 286, 280
493, 274, 293
494, 280, 274
495, 273, 263
496, 263, 1647
497, 285, 273
498, 301, 291
499, 291, 1527
500, 1525, 301
501, 1523, 297
502, 329, 1523
503, 297, 312
504, 304, 295
505, 295, 321
506, 331, 304
507, 266, 278
508, 278, 299
509, 317, 266
510, 299, 315
511, 287, 307
512, 318, 287
513, 264, 265
514, 265, 270
515, 311, 264
516, 270, 1524
517, 283, 277
518, 305, 283
519, 277, 316
520, 320, 305
521, 319, 298
522, 298, 309
523, 300, 342
524, 308, 300
525, 281, 294
526, 303, 281
527, 294, 313
528, 293, 292
529, 292, 333
530, 1526, 293
531, 322, 285
532, 285, 1648
533, 276, 284
534, 288, 276
535, 324, 288
536, 284, 337
537, 272, 282
538, 282, 306
539, 334, 272
540, 306, 314
541, 289, 290
542, 340, 289
543, 290, 323
544, 296, 302
545, 309, 296
546, 302, 310
547, 336, 309
548, 279, 286
549, 313, 279
550, 286, 330
551, 339, 313
552, 1525, 1527
553, 312, 325
554, 329, 312
555, 331, 335
556, 315, 334
557, 338, 315
558, 307, 327
559, 347, 307
560, 326, 311
561, 311, 1524
562, 320, 328
563, 344, 336
564, 336, 345
565, 310, 308
566, 308, 1528
567, 349, 310
568, 341, 303
569, 303, 343
570, 330, 1526
571, 355, 330
572, 332, 322
573, 322, 1649
574, 1650, 1525
575, 1525, 357
576, 325, 324
577, 324, 361
578, 374, 325
579, 337, 331
580, 359, 337
581, 331, 1529
582, 334, 366
583, 380, 334
584, 314, 318
585, 318, 347
586, 368, 314
587, 347, 353
588, 1524, 340
589, 340, 370
590, 384, 1524
591, 323, 320
592, 372, 323
593, 320, 354
594, 345, 379
595, 378, 345
596, 350, 1528
597, 343, 339
598, 339, 360
599, 348, 343
600, 1526, 346
601, 358, 1526
602, 369, 1651
603, 1527, 329
604, 382, 1527
605, 329, 371
606, 321, 317
607, 335, 321
608, 317, 338
609, 1529, 335
610, 338, 388
611, 327, 326
612, 367, 327
613, 326, 384
614, 316, 319
615, 328, 316
616, 319, 344
617, 1530, 328
618, 344, 376
619, 342, 341
620, 1528, 342
621, 341, 352
622, 386, 1528
623, 333, 332
624, 346, 333
625, 332, 369
626, 356, 346
627, 357, 373
628, 1652, 357
629, 361, 365
630, 385, 361
631, 364, 1529
632, 388, 380
633, 380, 366
634, 353, 367
635, 387, 353
636, 370, 383
637, 389, 370
638, 354, 1530
639, 377, 354
640, 378, 390
641, 363, 349
642, 349, 350
643, 350, 386
644, 386, 392
645, 351, 348
646, 348, 393
647, 362, 355
648, 355, 358
649, 358, 375
650, 381, 1653
651, 373, 382
652, 382, 399
653, 1654, 373
654, 371, 374
655, 374, 385
656, 405, 371
657, 385, 417
658, 1529, 415
659, 407, 1529
660, 409, 388
661, 388, 1532
662, 367, 416
663, 401, 367
664, 384, 389
665, 398, 384
666, 389, 1531
667, 1530, 396
668, 397, 1530
669, 376, 378
670, 394, 376
671, 378, 413
672, 392, 395
673, 391, 392
674, 352, 351
675, 414, 352
676, 351, 402
677, 375, 356
678, 356, 404
679, 408, 375
680, 369, 381
681, 421, 369
682, 381, 412
683, 365, 359
684, 359, 364
685, 431, 365
686, 364, 411
687, 366, 368
688, 368, 387
689, 1532, 366
690, 387, 406
691, 383, 372
692, 372, 377
693, 430, 383
694, 377, 397
695, 397, 410
696, 379, 363
697, 390, 379
698, 418, 390
699, 363, 391
700, 391, 424
701, 360, 362
702, 393, 360
703, 403, 393
704, 362, 426
705, 1655, 419
706, 405, 417
707, 411, 407
708, 407, 423
709, 432, 411
710, 439, 450
711, 416, 1533
712, 425, 416
713, 1533, 398
714, 398, 1531
715, 410, 400
716, 413, 420
717, 428, 413
718, 395, 422
719, 429, 395
720, 402, 403
721, 414, 402
722, 403, 436
723, 404, 433
724, 427, 408
725, 408, 404
726, 434, 421
727, 412, 1656
728, 421, 412
729, 1657, 461
730, 417, 431
731, 431, 441
732, 484, 417
733, 443, 432
734, 432, 438
735, 435, 1532
736, 1532, 439
737, 439, 470
738, 406, 401
739, 401, 425
740, 440, 406
741, 425, 453
742, 1531, 430
743, 430, 456
744, 468, 1531
745, 463, 410
746, 410, 445
747, 420, 418
748, 418, 444
749, 467, 420
750, 424, 429
751, 454, 424
752, 429, 459
753, 436, 442
754, 446, 436
755, 426, 427
756, 452, 426
757, 427, 447
758, 448, 1658
759, 399, 405
760, 419, 399
761, 471, 419
762, 405, 486
763, 415, 409
764, 423, 415
765, 409, 435
766, 469, 423
767, 435, 465
768, 475, 1533
769, 1533, 479
770, 396, 394
771, 400, 396
772, 394, 428
773, 457, 400
774, 428, 474
775, 422, 414
776, 458, 422
777, 414, 446
778, 446, 460
779, 433, 434
780, 455, 433
781, 434, 437
782, 461, 471
783, 1659, 461
784, 471, 490
785, 488, 483
786, 438, 473
787, 489, 438
788, 485, 450
789, 449, 440
790, 453, 466
791, 440, 453
792, 476, 468
793, 468, 487
794, 445, 451
795, 481, 445
796, 444, 472
797, 474, 467
798, 467, 444
799, 477, 454
800, 454, 482
801, 442, 462
802, 480, 442
803, 478, 464
804, 448, 1660
805, 490, 511
806, 1661, 490
807, 486, 484
808, 484, 488
809, 491, 486
810, 488, 529
811, 473, 469
812, 469, 500
813, 493, 473
814, 470, 485
815, 465, 470
816, 507, 465
817, 485, 495
818, 466, 475
819, 475, 496
820, 508, 466
821, 479, 476
822, 498, 479
823, 476, 522
824, 451, 457
825, 457, 497
826, 1537, 451
827, 513, 474
828, 474, 1534
829, 459, 458
830, 482, 459
831, 458, 499
832, 501, 482
833, 460, 480
834, 506, 460
835, 480, 1535
836, 447, 455
837, 464, 447
838, 455, 494
839, 492, 464
840, 437, 448
841, 505, 437
842, 448, 503
843, 441, 443
844, 483, 441
845, 443, 489
846, 535, 483
847, 489, 504
848, 450, 449
849, 1536, 450
850, 449, 502
851, 456, 463
852, 487, 456
853, 463, 481
854, 523, 487
855, 481, 1537
856, 472, 477
857, 1534, 472
858, 477, 518
859, 462, 452
860, 452, 478
861, 521, 462
862, 478, 512
863, 511, 517
864, 536, 511
865, 519, 491
866, 491, 531
867, 504, 493
868, 493, 532
869, 516, 504
870, 495, 1536
871, 530, 495
872, 496, 514
873, 528, 496
874, 497, 509
875, 526, 497
876, 520, 1534
877, 1534, 527
878, 510, 501
879, 501, 515
880, 524, 1535
881, 494, 534
882, 512, 492
883, 492, 494
884, 533, 512
885, 525, 505
886, 503, 1662
887, 505, 503
888, 1759, 536
889, 536, 538
890, 529, 535
891, 531, 529
892, 535, 551
893, 1539, 531
894, 548, 516
895, 516, 1540
896, 1536, 542
897, 537, 1536
898, 502, 508
899, 508, 528
900, 553, 502
901, 528, 554
902, 522, 523
903, 1538, 522
904, 523, 544
905, 1537, 526
906, 550, 1537
907, 526, 558
908, 527, 560
909, 541, 527
910, 518, 510
911, 547, 518
912, 510, 545
913, 1535, 521
914, 521, 552
915, 572, 1535
916, 555, 533
917, 533, 539
918, 546, 1663
919, 517, 519
920, 538, 517
921, 519, 1539
922, 577, 538
923, 500, 507
924, 532, 500
925, 507, 530
926, 575, 532
927, 530, 540
928, 514, 498
929, 498, 1538
930, 559, 514
931, 509, 513
932, 513, 520
933, 578, 509
934, 520, 541
935, 541, 557
936, 499, 506
937, 515, 499
938, 506, 524
939, 549, 515
940, 524, 576
941, 534, 525
942, 539, 534
943, 525, 564
944, 568, 539
945, 1664, 581
946, 1539, 565
947, 588, 1539
948, 573, 1540
949, 542, 553
950, 543, 537
951, 537, 542
952, 553, 562
953, 563, 553
954, 1538, 544
955, 561, 1538
956, 558, 578
957, 570, 558
958, 578, 583
959, 557, 569
960, 545, 549
961, 556, 545
962, 549, 574
963, 552, 566
964, 579, 572
965, 572, 552
966, 567, 555
967, 555, 580
968, 564, 546
969, 546, 1665
970, 571, 564
971, 581, 577
972, 577, 587
973, 1760, 581
974, 602, 582
975, 1540, 575
976, 575, 589
977, 540, 543
978, 1541, 540
979, 543, 598
980, 554, 559
981, 562, 554
982, 559, 597
983, 593, 562
984, 599, 561
985, 561, 1542
986, 583, 585
987, 595, 583
988, 592, 557
989, 557, 601
990, 574, 591
991, 584, 574
992, 576, 579
993, 586, 576
994, 580, 568
995, 568, 612
996, 594, 580
997, 1543, 571
998, 571, 1666
999, 551, 548
1000, 565, 551
1001, 548, 573
1002, 582, 565
1003, 573, 619
1004, 618, 582
1005, 600, 563
1006, 563, 606
1007, 544, 550
1008, 550, 570
1009, 1542, 544
1010, 570, 590
1011, 560, 547
1012, 569, 560
1013, 547, 556
1014, 604, 569
1015, 556, 584
1016, 584, 613
1017, 566, 567
1018, 615, 566
1019, 567, 617
1020, 587, 611
1021, 622, 587
1022, 607, 588
1023, 588, 602
1024, 602, 610
1025, 620, 1540
1026, 1540, 629
1027, 1541, 603
1028, 606, 593
1029, 593, 616
1030, 623, 606
1031, 609, 1542
1032, 1542, 605
1033, 585, 596
1034, 625, 585
1035, 608, 601
1036, 621, 614
1037, 579, 615
1038, 626, 579
1039, 617, 594
1040, 594, 627
1041, 624, 617
1042, 1543, 1667
1043, 1760, 622
1044, 622, 632
1045, 610, 618
1046, 618, 631
1047, 663, 610
1048, 619, 620
1049, 652, 619
1050, 620, 629
1051, 598, 600
1052, 603, 598
1053, 600, 665
1054, 642, 603
1055, 630, 623
1056, 623, 641
1057, 605, 638
1058, 643, 605
1059, 590, 595
1060, 595, 625
1061, 635, 590
1062, 625, 633
1063, 601, 604
1064, 604, 634
1065, 636, 601
1066, 613, 621
1067, 1544, 613
1068, 621, 646
1069, 615, 656
1070, 644, 615
1071, 647, 624
1072, 624, 645
1073, 628, 1668
1074, 611, 607
1075, 632, 611
1076, 607, 674
1077, 589, 1541
1078, 637, 589
1079, 1541, 642
1080, 642, 657
1081, 597, 599
1082, 616, 597
1083, 599, 609
1084, 641, 616
1085, 609, 643
1086, 661, 641
1087, 596, 592
1088, 592, 608
1089, 653, 596
1090, 608, 636
1091, 636, 667
1092, 591, 586
1093, 614, 591
1094, 586, 626
1095, 648, 614
1096, 626, 644
1097, 612, 1543
1098, 627, 612
1099, 645, 627
1100, 1543, 639
1101, 651, 645
1102, 631, 658
1103, 673, 663
1104, 663, 631
1105, 668, 654
1106, 669, 675
1107, 664, 630
1108, 630, 672
1109, 643, 660
1110, 671, 643
1111, 633, 650
1112, 640, 633
1113, 634, 1544
1114, 667, 634
1115, 646, 649
1116, 670, 646
1117, 662, 656
1118, 659, 651
1119, 651, 666
1120, 639, 628
1121, 628, 1669
1122, 655, 639
1123, 1761, 632
1124, 632, 680
1125, 688, 1761
1126, 674, 673
1127, 693, 674
1128, 673, 692
1129, 629, 637
1130, 654, 629
1131, 637, 685
1132, 681, 654
1133, 657, 669
1134, 677, 657
1135, 669, 716
1136, 672, 661
1137, 661, 684
1138, 679, 672
1139, 676, 671
1140, 671, 1545
1141, 650, 653
1142, 653, 696
1143, 1546, 650
1144, 678, 667
1145, 667, 697
1146, 649, 648
1147, 648, 691
1148, 704, 649
1149, 644, 662
1150, 689, 644
1151, 662, 694
1152, 666, 714
1153, 687, 666
1154, 683, 655
1155, 655, 1670
1156, 658, 652
1157, 652, 668
1158, 692, 658
1159, 668, 700
1160, 708, 692
1161, 665, 664
1162, 675, 665
1163, 711, 675
1164, 664, 679
1165, 679, 690
1166, 638, 635
1167, 660, 638
1168, 635, 640
1169, 1545, 660
1170, 640, 1546
1171, 1544, 670
1172, 701, 1544
1173, 670, 709
1174, 656, 647
1175, 647, 659
1176, 686, 656
1177, 659, 695
1178, 680, 710
1179, 712, 688
1180, 688, 680
1181, 705, 693
1182, 693, 722
1183, 700, 681
1184, 681, 707
1185, 717, 700
1186, 685, 677
1187, 677, 720
1188, 690, 723
1189, 682, 676
1190, 676, 718
1191, 702, 696
1192, 696, 678
1193, 678, 719
1194, 703, 696
1195, 713, 704
1196, 704, 698
1197, 699, 689
1198, 689, 694
1199, 695, 687
1200, 687, 721
1201, 715, 695
1202, 706, 683
1203, 683, 1671
1204, 1672, 712
1205, 712, 752
1206, 722, 708
1207, 708, 739
1208, 747, 722
1209, 753, 717
1210, 717, 730
1211, 716, 711
1212, 720, 716
1213, 711, 741
1214, 734, 720
1215, 724, 690
1216, 690, 733
1217, 718, 1545
1218, 1545, 738
1219, 727, 718
1220, 1546, 702
1221, 735, 1546
1222, 702, 751
1223, 697, 701
1224, 719, 697
1225, 701, 1549
1226, 725, 719
1227, 709, 713
1228, 1550, 709
1229, 713, 745
1230, 694, 686
1231, 686, 1551
1232, 728, 694
1233, 737, 715
1234, 715, 740
1235, 726, 1673
1236, 710, 705
1237, 759, 710
1238, 705, 765
1239, 707, 685
1240, 729, 707
1241, 685, 748
1242, 684, 682
1243, 723, 684
1244, 744, 723
1245, 682, 727
1246, 727, 742
1247, 751, 703
1248, 703, 731
1249, 760, 751
1250, 691, 699
1251, 698, 691
1252, 743, 698
1253, 699, 1548
1254, 714, 706
1255, 721, 714
1256, 736, 721
1257, 706, 726
1258, 726, 756
1259, 752, 759
1260, 1674, 752
1261, 759, 767
1262, 739, 749
1263, 764, 747
1264, 747, 739
1265, 730, 729
1266, 762, 730
1267, 729, 763
1268, 741, 1547
1269, 755, 741
1270, 1547, 724
1271, 733, 750
1272, 724, 733
1273, 738, 746
1274, 742, 738
1275, 769, 742
1276, 754, 735
1277, 735, 760
1278, 760, 768
1279, 732, 725
1280, 725, 1549
1281, 1550, 766
1282, 1548, 728
1283, 728, 761
1284, 1551, 737
1285, 737, 758
1286, 757, 1675
1287, 767, 807
1288, 1676, 767
1289, 765, 764
1290, 789, 765
1291, 764, 781
1292, 763, 775
1293, 793, 763
1294, 748, 734
1295, 734, 755
1296, 770, 748
1297, 755, 779
1298, 750, 744
1299, 744, 772
1300, 785, 750
1301, 777, 769
1302, 769, 771
1303, 768, 804
1304, 773, 768
1305, 731, 732
1306, 791, 731
1307, 732, 787
1308, 745, 743
1309, 766, 745
1310, 743, 784
1311, 799, 766
1312, 774, 1548
1313, 1548, 786
1314, 740, 736
1315, 758, 740
1316, 736, 800
1317, 797, 758
1318, 756, 757
1319, 776, 756
1320, 757, 1677
1321, 749, 753
1322, 753, 762
1323, 783, 749
1324, 762, 794
1325, 1552, 1547
1326, 1547, 785
1327, 785, 796
1328, 746, 754
1329, 778, 746
1330, 754, 812
1331, 1549, 1550
1332, 790, 1549
1333, 1550, 814
1334, 761, 1551
1335, 1553, 761
1336, 1551, 780
1337, 816, 813
1338, 806, 789
1339, 789, 818
1340, 775, 792
1341, 801, 775
1342, 795, 770
1343, 779, 1552
1344, 770, 779
1345, 796, 782
1346, 815, 796
1347, 771, 778
1348, 825, 771
1349, 778, 810
1350, 809, 773
1351, 773, 822
1352, 787, 790
1353, 803, 787
1354, 790, 817
1355, 784, 798
1356, 808, 799
1357, 799, 784
1358, 788, 774
1359, 786, 1553
1360, 774, 786
1361, 805, 800
1362, 802, 776
1363, 776, 811
1364, 1678, 816
1365, 816, 849
1366, 781, 783
1367, 818, 781
1368, 783, 840
1369, 794, 793
1370, 793, 801
1371, 821, 794
1372, 801, 819
1373, 1552, 828
1374, 824, 1552
1375, 843, 815
1376, 815, 833
1377, 810, 834
1378, 825, 810
1379, 812, 809
1380, 829, 812
1381, 809, 1554
1382, 817, 831
1383, 844, 817
1384, 814, 808
1385, 823, 814
1386, 808, 836
1387, 1553, 826
1388, 820, 1553
1389, 780, 797
1390, 797, 805
1391, 1556, 780
1392, 805, 832
1393, 811, 1679
1394, 827, 811
1395, 807, 806
1396, 813, 807
1397, 848, 813
1398, 806, 830
1399, 792, 795
1400, 819, 792
1401, 795, 824
1402, 839, 819
1403, 824, 842
1404, 772, 777
1405, 782, 772
1406, 777, 825
1407, 833, 782
1408, 863, 833
1409, 825, 835
1410, 804, 791
1411, 822, 804
1412, 791, 803
1413, 1554, 822
1414, 803, 844
1415, 844, 854
1416, 798, 788
1417, 838, 798
1418, 788, 820
1419, 820, 1555
1420, 800, 802
1421, 855, 800
1422, 802, 827
1423, 827, 1557
1424, 849, 853
1425, 1680, 849
1426, 830, 818
1427, 818, 850
1428, 866, 830
1429, 841, 821
1430, 821, 839
1431, 839, 865
1432, 828, 861
1433, 860, 828
1434, 864, 843
1435, 843, 868
1436, 834, 837
1437, 852, 834
1438, 851, 858
1439, 831, 846
1440, 862, 831
1441, 847, 823
1442, 823, 856
1443, 826, 859
1444, 1555, 826
1445, 832, 845
1446, 1556, 832
1447, 1557, 1681
1448, 853, 848
1449, 848, 906
1450, 880, 853
1451, 850, 857
1452, 877, 866
1453, 866, 850
1454, 865, 889
1455, 871, 865
1456, 842, 860
1457, 869, 842
1458, 860, 892
1459, 868, 863
1460, 863, 1562
1461, 870, 868
1462, 835, 852
1463, 887, 835
1464, 852, 893
1465, 858, 1554
1466, 1554, 874
1467, 901, 858
1468, 854, 862
1469, 881, 854
1470, 862, 898
1471, 836, 838
1472, 856, 836
1473, 838, 867
1474, 885, 856
1475, 883, 1555
1476, 1555, 872
1477, 845, 855
1478, 855, 873
1479, 888, 845
1480, 878, 1557
1481, 1557, 1682
1482, 840, 841
1483, 857, 840
1484, 841, 1559
1485, 876, 857
1486, 861, 864
1487, 900, 861
1488, 864, 894
1489, 837, 829
1490, 829, 851
1491, 1558, 837
1492, 851, 908
1493, 846, 847
1494, 884, 846
1495, 847, 891
1496, 859, 1556
1497, 872, 859
1498, 1556, 895
1499, 1683, 880
1500, 880, 911
1501, 904, 877
1502, 877, 876
1503, 876, 909
1504, 1559, 871
1505, 871, 1560
1506, 875, 869
1507, 892, 900
1508, 869, 892
1509, 870, 910
1510, 1562, 887
1511, 893, 1558
1512, 887, 893
1513, 907, 901
1514, 901, 886
1515, 902, 912
1516, 867, 879
1517, 903, 867
1518, 905, 872
1519, 872, 896
1520, 897, 882
1521, 890, 878
1522, 878, 899
1523, 1684, 940
1524, 909, 934
1525, 927, 909
1526, 943, 1559
1527, 1559, 913
1528, 900, 929
1529, 1561, 900
1530, 894, 870
1531, 914, 894
1532, 870, 917
1533, 1558, 922
1534, 933, 1558
1535, 908, 907
1536, 915, 908
1537, 907, 920
1538, 898, 884
1539, 912, 898
1540, 884, 1563
1541, 926, 912
1542, 891, 885
1543, 885, 903
1544, 1564, 891
1545, 903, 936
1546, 896, 923
1547, 944, 896
1548, 895, 888
1549, 888, 897
1550, 932, 895
1551, 897, 916
1552, 899, 1685
1553, 919, 899
1554, 906, 904
1555, 911, 906
1556, 1565, 911
1557, 904, 935
1558, 889, 875
1559, 1560, 889
1560, 875, 1561
1561, 910, 1562
1562, 928, 910
1563, 1562, 937
1564, 874, 881
1565, 886, 874
1566, 881, 902
1567, 920, 886
1568, 902, 946
1569, 953, 920
1570, 879, 883
1571, 883, 905
1572, 938, 879
1573, 905, 939
1574, 873, 890
1575, 882, 873
1576, 918, 882
1577, 890, 1566
1578, 940, 1565
1579, 1686, 940
1580, 935, 927
1581, 927, 951
1582, 947, 935
1583, 913, 921
1584, 943, 913
1585, 949, 948
1586, 931, 914
1587, 917, 925
1588, 914, 917
1589, 952, 922
1590, 924, 915
1591, 915, 954
1592, 942, 926
1593, 926, 1563
1594, 1564, 945
1595, 923, 930
1596, 944, 923
1597, 916, 918
1598, 941, 916
1599, 918, 950
1600, 1566, 919
1601, 919, 1687
1602, 1565, 980
1603, 1688, 1565
1604, 994, 947
1605, 947, 1567
1606, 921, 1560
1607, 1560, 966
1608, 968, 921
1609, 1561, 949
1610, 969, 1561
1611, 949, 978
1612, 925, 928
1613, 928, 959
1614, 955, 925
1615, 937, 933
1616, 933, 952
1617, 961, 937
1618, 952, 976
1619, 954, 953
1620, 953, 991
1621, 981, 954
1622, 946, 942
1623, 991, 946
1624, 942, 956
1625, 936, 938
1626, 945, 936
1627, 938, 960
1628, 964, 945
1629, 939, 944
1630, 965, 939
1631, 944, 979
1632, 950, 971
1633, 957, 950
1634, 962, 1566
1635, 1566, 1689
1636, 934, 943
1637, 951, 934
1638, 1567, 951
1639, 943, 975
1640, 929, 931
1641, 948, 929
1642, 986, 948
1643, 931, 958
1644, 922, 924
1645, 967, 922
1646, 924, 983
1647, 1563, 1564
1648, 1568, 1563
1649, 1564, 963
1650, 930, 932
1651, 932, 941
1652, 985, 930
1653, 941, 957
1654, 957, 1569
1655, 980, 993
1656, 1762, 980
1657, 994, 1567
1658, 966, 977
1659, 974, 966
1660, 982, 969
1661, 978, 986
1662, 969, 978
1663, 986, 995
1664, 959, 990
1665, 958, 955
1666, 955, 959
1667, 970, 958
1668, 987, 961
1669, 961, 976
1670, 984, 981
1671, 981, 999
1672, 956, 1568
1673, 998, 956
1674, 960, 973
1675, 989, 960
1676, 988, 979
1677, 1569, 992
1678, 972, 962
1679, 962, 997
1680, 1762, 1021
1681, 1567, 1014
1682, 1000, 1567
1683, 975, 968
1684, 968, 974
1685, 996, 975
1686, 974, 1006
1687, 995, 1002
1688, 1570, 995
1689, 1008, 970
1690, 970, 1001
1691, 976, 967
1692, 967, 1573
1693, 1017, 976
1694, 983, 984
1695, 1573, 983
1696, 984, 1015
1697, 1568, 1024
1698, 1003, 1568
1699, 963, 964
1700, 964, 989
1701, 1571, 963
1702, 989, 1572
1703, 979, 985
1704, 985, 1029
1705, 1011, 979
1706, 1004, 1569
1707, 1569, 1007
1708, 997, 1690
1709, 1763, 997
1710, 993, 994
1711, 1023, 993
1712, 994, 1012
1713, 977, 982
1714, 1006, 977
1715, 982, 1570
1716, 1032, 1006
1717, 990, 987
1718, 1001, 990
1719, 987, 1010
1720, 1013, 1001
1721, 999, 991
1722, 991, 998
1723, 1020, 999
1724, 998, 1009
1725, 973, 965
1726, 965, 988
1727, 1005, 973
1728, 988, 1011
1729, 1011, 1027
1730, 971, 972
1731, 992, 971
1732, 1038, 992
1733, 972, 1042
1734, 1691, 1039
1735, 1014, 1026
1736, 1018, 1000
1737, 1000, 1014
1738, 1019, 996
1739, 996, 1040
1740, 1570, 1036
1741, 1043, 1570
1742, 1022, 1016
1743, 1028, 1034
1744, 1015, 1020
1745, 1030, 1015
1746, 1020, 1037
1747, 1024, 1571
1748, 1025, 1024
1749, 1571, 1572
1750, 1027, 1029
1751, 1031, 1004
1752, 1007, 1033
1753, 1004, 1007
1754, 1035, 1763
1755, 1021, 1023
1756, 1039, 1021
1757, 1023, 1062
1758, 1764, 1039
1759, 1012, 1018
1760, 1083, 1012
1761, 1018, 1047
1762, 1040, 1032
1763, 1032, 1069
1764, 1053, 1040
1765, 1073, 1043
1766, 1043, 1050
1767, 1016, 1013
1768, 1013, 1041
1769, 1049, 1016
1770, 1010, 1017
1771, 1017, 1028
1772, 1061, 1010
1773, 1028, 1054
1774, 1037, 1065
1775, 1574, 1037
1776, 1009, 1003
1777, 1003, 1025
1778, 1046, 1009
1779, 1025, 1056
1780, 1572, 1005
1781, 1005, 1044
1782, 1048, 1572
1783, 1067, 1027
1784, 1027, 1575
1785, 1033, 1038
1786, 1038, 1058
1787, 1045, 1033
1788, 1042, 1035
1789, 1066, 1042
1790, 1035, 1692
1791, 1026, 1019
1792, 1052, 1026
1793, 1019, 1055
1794, 1002, 1008
1795, 1036, 1002
1796, 1008, 1022
1797, 1051, 1036
1798, 1022, 1049
1799, 1049, 1074
1800, 1034, 1573
1801, 1573, 1030
1802, 1090, 1034
1803, 1030, 1574
1804, 1071, 1571
1805, 1571, 1063
1806, 1029, 1031
1807, 1575, 1029
1808, 1031, 1045
1809, 1045, 1078
1810, 1062, 1089
1811, 1764, 1062
1812, 1047, 1052
1813, 1087, 1047
1814, 1052, 1060
1815, 1064, 1080
1816, 1050, 1051
1817, 1091, 1050
1818, 1051, 1086
1819, 1041, 1076
1820, 1085, 1041
1821, 1076, 1061
1822, 1054, 1079
1823, 1061, 1054
1824, 1084, 1076
1825, 1065, 1075
1826, 1088, 1065
1827, 1059, 1046
1828, 1046, 1070
1829, 1044, 1057
1830, 1063, 1048
1831, 1048, 1044
1832, 1081, 1068
1833, 1058, 1077
1834, 1082, 1058
1835, 1072, 1693
1836, 1694, 1102
1837, 1060, 1115
1838, 1101, 1060
1839, 1055, 1053
1840, 1053, 1064
1841, 1112, 1055
1842, 1064, 1106
1843, 1086, 1099
1844, 1095, 1086
1845, 1074, 1085
1846, 1096, 1074
1847, 1085, 1577
1848, 1079, 1090
1849, 1090, 1109
1850, 1107, 1079
1851, 1574, 1088
1852, 1103, 1574
1853, 1088, 1111
1854, 1056, 1071
1855, 1070, 1056
1856, 1071, 1100
1857, 1094, 1070
1858, 1128, 1063
1859, 1063, 1093
1860, 1068, 1575
1861, 1575, 1110
1862, 1108, 1068
1863, 1078, 1082
1864, 1124, 1078
1865, 1082, 1116
1866, 1576, 1695
1867, 1089, 1083
1868, 1083, 1087
1869, 1092, 1089
1870, 1087, 1101
1871, 1101, 1122
1872, 1069, 1073
1873, 1080, 1069
1874, 1073, 1091
1875, 1117, 1080
1876, 1091, 1113
1877, 1577, 1084
1878, 1084, 1114
1879, 1075, 1059
1880, 1118, 1075
1881, 1059, 1097
1882, 1057, 1067
1883, 1067, 1081
1884, 1098, 1057
1885, 1081, 1119
1886, 1077, 1066
1887, 1066, 1072
1888, 1131, 1077
1889, 1072, 1576
1890, 1696, 1127
1891, 1129, 1115
1892, 1106, 1117
1893, 1123, 1106
1894, 1113, 1095
1895, 1095, 1120
1896, 1105, 1577
1897, 1114, 1107
1898, 1107, 1134
1899, 1138, 1114
1900, 1121, 1103
1901, 1103, 1111
1902, 1100, 1125
1903, 1104, 1100
1904, 1093, 1098
1905, 1135, 1093
1906, 1098, 1137
1907, 1110, 1126
1908, 1119, 1108
1909, 1108, 1110
1910, 1132, 1119
1911, 1116, 1130
1912, 1124, 1116
1913, 1576, 1697
1914, 1133, 1576
1915, 1102, 1092
1916, 1127, 1102
1917, 1092, 1578
1918, 1580, 1127
1919, 1122, 1129
1920, 1155, 1122
1921, 1129, 1175
1922, 1117, 1172
1923, 1145, 1117
1924, 1154, 1113
1925, 1113, 1136
1926, 1577, 1164
1927, 1161, 1577
1928, 1160, 1138
1929, 1138, 1153
1930, 1111, 1118
1931, 1118, 1144
1932, 1178, 1111
1933, 1097, 1094
1934, 1094, 1104
1935, 1140, 1097
1936, 1104, 1147
1937, 1137, 1168
1938, 1143, 1137
1939, 1142, 1132
1940, 1132, 1156
1941, 1130, 1131
1942, 1131, 1141
1943, 1139, 1130
1944, 1148, 1133
1945, 1133, 1698
1946, 1115, 1112
1947, 1112, 1123
1948, 1182, 1115
1949, 1123, 1149
1950, 1099, 1096
1951, 1120, 1099
1952, 1096, 1105
1953, 1136, 1120
1954, 1105, 1167
1955, 1579, 1136
1956, 1109, 1121
1957, 1134, 1109
1958, 1153, 1134
1959, 1121, 1180
1960, 1173, 1153
1961, 1125, 1128
1962, 1128, 1135
1963, 1162, 1125
1964, 1135, 1143
1965, 1143, 1151
1966, 1126, 1124
1967, 1150, 1126
1968, 1124, 1146
1969, 1580, 1578
1970, 1175, 1182
1971, 1176, 1175
1972, 1149, 1145
1973, 1145, 1181
1974, 1184, 1149
1975, 1154, 1579
1976, 1174, 1164
1977, 1171, 1177
1978, 1183, 1169
1979, 1147, 1166
1980, 1152, 1147
1981, 1165, 1185
1982, 1163, 1142
1983, 1142, 1179
1984, 1141, 1157
1985, 1159, 1139
1986, 1139, 1141
1987, 1170, 1148
1988, 1148, 1158
1989, 1699, 1580
1990, 1580, 1203
1991, 1182, 1202
1992, 1213, 1182
1993, 1211, 1184
1994, 1184, 1208
1995, 1579, 1188
1996, 1190, 1579
1997, 1167, 1161
1998, 1161, 1174
1999, 1186, 1167
2000, 1174, 1581
2001, 1177, 1173
2002, 1173, 1192
2003, 1187, 1177
2004, 1180, 1178
2005, 1178, 1183
2006, 1582, 1180
2007, 1183, 1198
2008, 1166, 1162
2009, 1162, 1216
2010, 1194, 1166
2011, 1151, 1165
2012, 1219, 1151
2013, 1165, 1196
2014, 1156, 1150
2015, 1179, 1156
2016, 1150, 1193
2017, 1195, 1179
2018, 1146, 1159
2019, 1201, 1146
2020, 1159, 1189
2021, 1158, 1700
2022, 1210, 1158
2023, 1578, 1155
2024, 1155, 1176
2025, 1217, 1578
2026, 1176, 1222
2027, 1172, 1154
2028, 1181, 1172
2029, 1204, 1181
2030, 1154, 1190
2031, 1190, 1197
2032, 1164, 1160
2033, 1160, 1171
2034, 1207, 1164
2035, 1171, 1187
2036, 1187, 1583
2037, 1144, 1140
2038, 1169, 1144
2039, 1140, 1152
2040, 1200, 1169
2041, 1152, 1226
2042, 1168, 1163
2043, 1185, 1168
2044, 1191, 1185
2045, 1163, 1199
2046, 1157, 1170
2047, 1206, 1157
2048, 1170, 1209
2049, 1701, 1218
2050, 1222, 1213
2051, 1213, 1232
2052, 1208, 1212
2053, 1228, 1208
2054, 1224, 1227
2055, 1220, 1581
2056, 1192, 1214
2057, 1583, 1192
2058, 1582, 1230
2059, 1225, 1194
2060, 1194, 1231
2061, 1229, 1221
2062, 1193, 1205
2063, 1199, 1195
2064, 1195, 1193
2065, 1189, 1206
2066, 1223, 1189
2067, 1215, 1702
2068, 1203, 1217
2069, 1218, 1203
2070, 1217, 1239
2071, 1703, 1218
2072, 1243, 1222
2073, 1222, 1256
2074, 1212, 1204
2075, 1204, 1585
2076, 1267, 1212
2077, 1197, 1224
2078, 1244, 1197
2079, 1224, 1248
2080, 1581, 1207
2081, 1207, 1586
2082, 1255, 1581
2083, 1249, 1583
2084, 1583, 1241
2085, 1198, 1200
2086, 1230, 1198
2087, 1200, 1237
2088, 1238, 1230
2089, 1226, 1225
2090, 1233, 1226
2091, 1225, 1246
2092, 1196, 1191
2093, 1221, 1196
2094, 1191, 1250
2095, 1247, 1221
2096, 1265, 1199
2097, 1199, 1242
2098, 1206, 1263
2099, 1234, 1206
2100, 1209, 1210
2101, 1210, 1215
2102, 1253, 1209
2103, 1215, 1264
2104, 1202, 1211
2105, 1232, 1202
2106, 1211, 1228
2107, 1260, 1232
2108, 1228, 1259
2109, 1188, 1186
2110, 1227, 1188
2111, 1186, 1220
2112, 1261, 1227
2113, 1220, 1584
2114, 1214, 1582
2115, 1240, 1214
2116, 1582, 1270
2117, 1216, 1219
2118, 1231, 1216
2119, 1219, 1229
2120, 1246, 1231
2121, 1229, 1258
2122, 1278, 1246
2123, 1205, 1201
2124, 1201, 1223
2125, 1235, 1205
2126, 1223, 1251
2127, 1704, 1252
2128, 1256, 1260
2129, 1254, 1256
2130, 1260, 1274
2131, 1272, 1585
2132, 1276, 1244
2133, 1248, 1275
2134, 1244, 1248
2135, 1584, 1255
2136, 1255, 1586
2137, 1268, 1249
2138, 1249, 1257
2139, 1271, 1238
2140, 1238, 1245
2141, 1236, 1233
2142, 1233, 1281
2143, 1250, 1266
2144, 1262, 1247
2145, 1247, 1250
2146, 1273, 1269
2147, 1251, 1234
2148, 1234, 1280
2149, 1277, 1251
2150, 1264, 1705
2151, 1279, 1264
2152, 1706, 1300
2153, 1274, 1297
2154, 1287, 1274
2155, 1259, 1267
2156, 1267, 1272
2157, 1297, 1259
2158, 1272, 1294
2159, 1305, 1297
2160, 1275, 1261
2161, 1261, 1288
2162, 1284, 1275
2163, 1289, 1584
2164, 1584, 1295
2165, 1241, 1240
2166, 1257, 1241
2167, 1240, 1309
2168, 1590, 1257
2169, 1270, 1271
2170, 1310, 1270
2171, 1271, 1282
2172, 1281, 1278
2173, 1278, 1308
2174, 1285, 1281
2175, 1258, 1262
2176, 1283, 1258
2177, 1262, 1587
2178, 1242, 1235
2179, 1269, 1242
2180, 1235, 1592
2181, 1286, 1269
2182, 1312, 1277
2183, 1277, 1290
2184, 1765, 1707
2185, 1239, 1243
2186, 1252, 1239
2187, 1243, 1254
2188, 1302, 1252
2189, 1254, 1291
2190, 1585, 1276
2191, 1317, 1585
2192, 1276, 1293
2193, 1586, 1268
2194, 1296, 1586
2195, 1268, 1301
2196, 1237, 1236
2197, 1245, 1237
2198, 1298, 1245
2199, 1236, 1588
2200, 1266, 1265
2201, 1265, 1273
2202, 1587, 1266
2203, 1273, 1316
2204, 1263, 1253
2205, 1280, 1263
2206, 1253, 1279
2207, 1290, 1280
2208, 1279, 1299
2209, 1589, 1290
2210, 1300, 1303
2211, 1708, 1300
2212, 1292, 1287
2213, 1287, 1322
2214, 1293, 1284
2215, 1284, 1591
2216, 1323, 1293
2217, 1307, 1304
2218, 1590, 1315
2219, 1282, 1298
2220, 1326, 1282
2221, 1298, 1311
2222, 1588, 1285
2223, 1285, 1320
2224, 1306, 1283
2225, 1283, 1314
2226, 1313, 1286
2227, 1286, 1592
2228, 1318, 1589
2229, 1299, 1765
2230, 1319, 1299
2231, 1303, 1302
2232, 1302, 1351
2233, 1358, 1303
2234, 1291, 1292
2235, 1333, 1291
2236, 1292, 1334
2237, 1294, 1317
2238, 1321, 1294
2239, 1317, 1346
2240, 1328, 1323
2241, 1323, 1591
2242, 1295, 1296
2243, 1304, 1295
2244, 1296, 1340
2245, 1336, 1304
2246, 1301, 1590
2247, 1342, 1301
2248, 1590, 1370
2249, 1331, 1326
2250, 1311, 1353
2251, 1326, 1311
2252, 1329, 1588
2253, 1588, 1330
2254, 1314, 1587
2255, 1587, 1335
2256, 1327, 1314
2257, 1316, 1313
2258, 1324, 1316
2259, 1313, 1332
2260, 1589, 1339
2261, 1337, 1589
2262, 1356, 1319
2263, 1319, 1709
2264, 1322, 1305
2265, 1305, 1321
2266, 1350, 1322
2267, 1321, 1343
2268, 1288, 1289
2269, 1591, 1288
2270, 1289, 1307
2271, 1307, 1338
2272, 1345, 1591
2273, 1309, 1310
2274, 1315, 1309
2275, 1310, 1331
2276, 1359, 1315
2277, 1331, 1341
2278, 1308, 1306
2279, 1320, 1308
2280, 1330, 1320
2281, 1306, 1327
2282, 1347, 1330
2283, 1327, 1368
2284, 1592, 1312
2285, 1312, 1318
2286, 1325, 1592
2287, 1318, 1337
2288, 1337, 1367
2289, 1766, 1358
2290, 1358, 1351
2291, 1354, 1333
2292, 1334, 1344
2293, 1333, 1334
2294, 1346, 1362
2295, 1365, 1346
2296, 1369, 1328
2297, 1328, 1360
2298, 1340, 1364
2299, 1349, 1340
2300, 1363, 1342
2301, 1342, 1370
2302, 1352, 1375
2303, 1353, 1329
2304, 1371, 1353
2305, 1329, 1357
2306, 1335, 1361
2307, 1374, 1335
2308, 1355, 1324
2309, 1324, 1372
2310, 1339, 1348
2311, 1373, 1339
2312, 1366, 1710
2313, 1766, 1394
2314, 1344, 1350
2315, 1350, 1597
2316, 1593, 1344
2317, 1343, 1365
2318, 1406, 1343
2319, 1365, 1389
2320, 1360, 1345
2321, 1345, 1378
2322, 1383, 1360
2323, 1338, 1336
2324, 1336, 1349
2325, 1382, 1338
2326, 1349, 1377
2327, 1370, 1359
2328, 1359, 1385
2329, 1396, 1370
2330, 1341, 1352
2331, 1411, 1341
2332, 1352, 1387
2333, 1357, 1347
2334, 1347, 1595
2335, 1393, 1357
2336, 1368, 1374
2337, 1398, 1368
2338, 1374, 1386
2339, 1332, 1325
2340, 1372, 1332
2341, 1325, 1384
2342, 1376, 1372
2343, 1367, 1373
2344, 1413, 1367
2345, 1373, 1388
2346, 1381, 1711
2347, 1351, 1354
2348, 1390, 1351
2349, 1354, 1593
2350, 1362, 1369
2351, 1594, 1362
2352, 1369, 1380
2353, 1364, 1363
2354, 1392, 1364
2355, 1363, 1403
2356, 1375, 1371
2357, 1407, 1375
2358, 1371, 1397
2359, 1361, 1355
2360, 1400, 1361
2361, 1355, 1376
2362, 1376, 1379
2363, 1348, 1356
2364, 1356, 1366
2365, 1391, 1348
2366, 1366, 1596
2367, 1712, 1402
2368, 1593, 1597
2369, 1389, 1594
2370, 1409, 1389
2371, 1399, 1408
2372, 1377, 1395
2373, 1382, 1377
2374, 1385, 1410
2375, 1396, 1385
2376, 1387, 1405
2377, 1415, 1387
2378, 1412, 1595
2379, 1386, 1401
2380, 1417, 1386
2381, 1384, 1414
2382, 1379, 1384
2383, 1388, 1391
2384, 1416, 1388
2385, 1391, 1404
2386, 1596, 1381
2387, 1381, 1713
2388, 1394, 1390
2389, 1402, 1394
2390, 1390, 1442
2391, 1422, 1402
2392, 1418, 1593
2393, 1593, 1453
2394, 1594, 1433
2395, 1443, 1594
2396, 1380, 1383
2397, 1383, 1399
2398, 1420, 1380
2399, 1399, 1458
2400, 1395, 1392
2401, 1392, 1432
2402, 1419, 1395
2403, 1403, 1396
2404, 1426, 1403
2405, 1396, 1425
2406, 1405, 1407
2407, 1407, 1421
2408, 1451, 1405
2409, 1397, 1393
2410, 1393, 1412
2411, 1446, 1397
2412, 1412, 1423
2413, 1401, 1400
2414, 1400, 1448
2415, 1429, 1401
2416, 1441, 1379
2417, 1379, 1439
2418, 1404, 1452
2419, 1427, 1404
2420, 1598, 1596
2421, 1596, 1714
2422, 1597, 1406
2423, 1406, 1409
2424, 1457, 1597
2425, 1409, 1435
2426, 1378, 1382
2427, 1408, 1378
2428, 1465, 1408
2429, 1382, 1419
2430, 1419, 1445
2431, 1410, 1411
2432, 1411, 1415
2433, 1434, 1410
2434, 1415, 1440
2435, 1595, 1398
2436, 1398, 1417
2437, 1438, 1595
2438, 1417, 1428
2439, 1414, 1413
2440, 1413, 1416
2441, 1449, 1414
2442, 1416, 1424
2443, 1767, 1422
2444, 1422, 1470
2445, 1430, 1418
2446, 1418, 1467
2447, 1435, 1443
2448, 1443, 1460
2449, 1462, 1435
2450, 1458, 1464
2451, 1437, 1458
2452, 1455, 1444
2453, 1436, 1426
2454, 1426, 1447
2455, 1421, 1461
2456, 1459, 1421
2457, 1456, 1446
2458, 1446, 1450
2459, 1431, 1429
2460, 1429, 1471
2461, 1448, 1441
2462, 1439, 1454
2463, 1466, 1448
2464, 1441, 1439
2465, 1424, 1427
2466, 1427, 1468
2467, 1472, 1424
2468, 1598, 1463
2469, 1715, 1505
2470, 1453, 1457
2471, 1467, 1453
2472, 1457, 1477
2473, 1479, 1467
2474, 1506, 1462
2475, 1462, 1495
2476, 1464, 1465
2477, 1465, 1503
2478, 1769, 1464
2479, 1445, 1455
2480, 1469, 1445
2481, 1455, 1485
2482, 1425, 1434
2483, 1447, 1425
2484, 1434, 1480
2485, 1482, 1447
2486, 1440, 1451
2487, 1451, 1459
2488, 1493, 1440
2489, 1459, 1488
2490, 1423, 1438
2491, 1450, 1423
2492, 1438, 1474
2493, 1483, 1450
2494, 1428, 1431
2495, 1473, 1428
2496, 1431, 1476
2497, 1454, 1449
2498, 1449, 1716
2499, 1475, 1454
2500, 1478, 1490
2501, 1463, 1717
2502, 1481, 1463
2503, 1442, 1430
2504, 1470, 1442
2505, 1502, 1470
2506, 1430, 1479
2507, 1479, 1768
2508, 1433, 1420
2509, 1460, 1433
2510, 1420, 1437
2511, 1497, 1460
2512, 1437, 1769
2513, 1432, 1436
2514, 1444, 1432
2515, 1489, 1444
2516, 1436, 1486
2517, 1461, 1456
2518, 1498, 1461
2519, 1456, 1499
2520, 1471, 1466
2521, 1476, 1471
2522, 1466, 1718
2523, 1452, 1598
2524, 1468, 1452
2525, 1484, 1468
2526, 1598, 1481
2527, 1481, 1492
2528, 1477, 1507
2529, 1768, 1477
2530, 1719, 1506
2531, 1495, 1497
2532, 1506, 1495
2533, 1497, 1720
2534, 1496, 1469
2535, 1469, 1721
2536, 1480, 1501
2537, 1487, 1480
2538, 1488, 1498
2539, 1722, 1488
2540, 1498, 1723
2541, 1474, 1494
2542, 1504, 1483
2543, 1483, 1474
2544, 1491, 1473
2545, 1473, 1500
2546, 1770, 1475
2547, 1475, 1724
2548, 1725, 1472
2549, 1472, 1478
2550, 1478, 1726
2551, 1492, 1727
2552, 1728, 1492
2553, 1505, 1502
2554, 1729, 1505
2555, 1502, 1730
2556, 1769, 1731
2557, 1485, 1489
2558, 1732, 1485
2559, 1489, 1733
2560, 1486, 1482
2561, 1482, 1487
2562, 1734, 1486
2563, 1487, 1735
2564, 1499, 1504
2565, 1736, 1499
2566, 1504, 1737
2567, 1500, 1476
2568, 1476, 1738
2569, 1739, 1500
2570, 1740, 1770
2571, 1490, 1484
2572, 1741, 1490
2573, 1484, 1742
2574, 1507, 1743
2575, 1744, 1507
2576, 1503, 1496
2577, 1745, 1503
2578, 1496, 1746
2579, 1501, 1493
2580, 1493, 1747
2581, 1748, 1501
2582, 1494, 1491
2583, 1749, 1494
2584, 1491, 1750
