1, 963, 1102
2, 1103, 964
3, 965, 2
4, 1104, 966
5, 967, 1105
6, 968, 522
7, 8, 969
8, 970, 518
9, 971, 519
10, 11, 972
11, 519, 973
12, 974, 525
13, 14, 975
14, 976, 527
15, 977, 1
16, 9, 978
17, 520, 979
18, 980, 529
19, 981, 521
20, 7, 982
21, 521, 983
22, 984, 532
23, 1108, 6
24, 6, 8
25, 8, 523
26, 533, 6
27, 523, 1106
28, 1106, 518
29, 524, 1106
30, 518, 1109
31, 985, 3
32, 534, 1109
33, 3, 11
34, 535, 3
35, 12, 519
36, 519, 13
37, 543, 519
38, 525, 1102
39, 1102, 986
40, 987, 1103
41, 20, 1102
42, 1103, 16
43, 526, 1103
44, 14, 4
45, 4, 1107
46, 1107, 527
47, 547, 4
48, 527, 2
49, 2, 988
50, 989, 1104
51, 17, 2
52, 1104, 9
53, 9, 528
54, 18, 1104
55, 1, 520
56, 528, 1
57, 520, 15
58, 24, 520
59, 529, 1105
60, 1105, 990
61, 1110, 5
62, 538, 1105
63, 5, 7
64, 7, 530
65, 19, 5
66, 530, 521
67, 521, 10
68, 531, 521
69, 532, 522
70, 522, 991
71, 539, 522
72, 533, 523
73, 523, 524
74, 541, 523
75, 524, 518
76, 518, 534
77, 36, 518
78, 535, 11
79, 11, 12
80, 12, 543
81, 544, 11
82, 13, 525
83, 543, 13
84, 525, 20
85, 545, 525
86, 526, 16
87, 16, 14
88, 14, 26
89, 536, 16
90, 547, 527
91, 527, 17
92, 17, 27
93, 30, 527
94, 21, 528
95, 528, 24
96, 548, 528
97, 15, 529
98, 25, 15
99, 529, 538
100, 32, 529
101, 19, 530
102, 530, 531
103, 549, 530
104, 10, 532
105, 22, 10
106, 532, 23
107, 29, 532
108, 992, 533
109, 533, 541
110, 540, 533
111, 34, 534
112, 534, 542
113, 550, 534
114, 542, 535
115, 535, 544
116, 551, 535
117, 20, 28
118, 545, 20
119, 28, 546
120, 553, 28
121, 546, 526
122, 526, 536
123, 554, 526
124, 37, 30
125, 30, 27
126, 27, 537
127, 48, 27
128, 537, 18
129, 18, 21
130, 21, 548
131, 555, 21
132, 32, 538
133, 538, 33
134, 44, 538
135, 33, 19
136, 19, 35
137, 45, 19
138, 23, 539
139, 31, 23
140, 539, 993
141, 43, 539
142, 994, 540
143, 540, 541
144, 541, 524
145, 524, 36
146, 51, 541
147, 36, 34
148, 34, 550
149, 559, 36
150, 550, 542
151, 542, 46
152, 568, 542
153, 551, 544
154, 544, 543
155, 543, 545
156, 552, 544
157, 545, 553
158, 561, 545
159, 553, 546
160, 546, 554
161, 572, 546
162, 554, 39
163, 26, 547
164, 536, 26
165, 547, 37
166, 39, 536
167, 562, 39
168, 37, 48
169, 54, 37
170, 48, 42
171, 42, 537
172, 537, 555
173, 574, 42
174, 555, 548
175, 24, 25
176, 548, 24
177, 25, 32
178, 32, 41
179, 52, 548
180, 41, 44
181, 44, 556
182, 563, 41
183, 556, 38
184, 38, 33
185, 33, 45
186, 45, 558
187, 557, 38
188, 35, 549
189, 558, 35
190, 531, 22
191, 549, 531
192, 22, 29
193, 29, 31
194, 31, 40
195, 564, 549
196, 40, 43
197, 43, 47
198, 565, 40
199, 47, 995
200, 49, 47
201, 996, 50
202, 50, 540
203, 540, 51
204, 566, 50
205, 559, 550
206, 550, 568
207, 569, 550
208, 46, 551
209, 568, 46
210, 551, 552
211, 560, 551
212, 561, 553
213, 553, 572
214, 65, 553
215, 572, 554
216, 554, 562
217, 59, 554
218, 55, 48
219, 48, 574
220, 58, 48
221, 574, 555
222, 555, 53
223, 576, 555
224, 563, 556
225, 556, 557
226, 577, 556
227, 557, 558
228, 558, 564
229, 578, 558
230, 565, 49
231, 49, 997
232, 66, 49
233, 51, 57
234, 566, 51
235, 57, 567
236, 579, 57
237, 567, 559
238, 559, 569
239, 72, 559
240, 560, 552
241, 552, 570
242, 74, 552
243, 570, 561
244, 561, 65
245, 571, 561
246, 62, 59
247, 59, 562
248, 562, 573
249, 70, 562
250, 573, 54
251, 54, 55
252, 55, 575
253, 583, 54
254, 53, 52
255, 576, 53
256, 52, 61
257, 585, 52
258, 63, 56
259, 56, 563
260, 563, 577
261, 69, 56
262, 578, 564
263, 564, 60
264, 73, 564
265, 60, 565
266, 64, 60
267, 565, 67
268, 71, 565
269, 998, 566
270, 566, 579
271, 588, 566
272, 579, 567
273, 567, 72
274, 601, 567
275, 75, 569
276, 569, 568
277, 568, 560
278, 560, 68
279, 589, 569
280, 68, 74
281, 86, 68
282, 74, 570
283, 570, 571
284, 580, 570
285, 571, 65
286, 65, 572
287, 572, 62
288, 85, 65
289, 62, 70
290, 70, 581
291, 591, 62
292, 581, 573
293, 573, 583
294, 582, 573
295, 583, 575
296, 575, 58
297, 58, 574
298, 574, 576
299, 82, 575
300, 576, 585
301, 584, 576
302, 61, 63
303, 585, 61
304, 63, 76
305, 81, 63
306, 76, 69
307, 69, 577
308, 577, 557
309, 557, 578
310, 595, 577
311, 578, 73
312, 596, 578
313, 73, 64
314, 64, 71
315, 71, 587
316, 586, 64
317, 67, 66
318, 587, 67
319, 66, 999
320, 84, 66
321, 588, 579
322, 579, 601
323, 602, 579
324, 601, 78
325, 72, 75
326, 78, 72
327, 75, 90
328, 603, 78
329, 87, 79
330, 79, 74
331, 74, 89
332, 99, 79
333, 580, 77
334, 77, 571
335, 571, 88
336, 590, 77
337, 591, 581
338, 581, 582
339, 604, 581
340, 582, 583
341, 583, 82
342, 82, 592
343, 593, 583
344, 584, 585
345, 585, 81
346, 594, 585
347, 81, 76
348, 92, 81
349, 76, 83
350, 605, 76
351, 596, 80
352, 80, 73
353, 73, 586
354, 96, 80
355, 586, 587
356, 587, 84
357, 95, 587
358, 1000, 588
359, 588, 602
360, 600, 588
361, 90, 589
362, 603, 90
363, 589, 101
364, 606, 589
365, 101, 93
366, 93, 86
367, 86, 87
368, 87, 98
369, 607, 93
370, 88, 85
371, 590, 88
372, 85, 597
373, 598, 85
374, 100, 591
375, 591, 604
376, 609, 591
377, 593, 592
378, 592, 94
379, 611, 592
380, 94, 584
381, 103, 94
382, 584, 594
383, 107, 584
384, 83, 595
385, 605, 83
386, 595, 97
387, 612, 595
388, 97, 596
389, 596, 102
390, 105, 596
391, 95, 91
392, 84, 1001
393, 91, 84
394, 599, 91
395, 1002, 600
396, 606, 101
397, 101, 607
398, 115, 101
399, 598, 597
400, 597, 100
401, 100, 609
402, 608, 597
403, 611, 103
404, 103, 108
405, 121, 103
406, 612, 104
407, 104, 97
408, 97, 105
409, 113, 104
410, 599, 1003
411, 600, 602
412, 602, 601
413, 601, 603
414, 613, 602
415, 603, 606
416, 119, 603
417, 98, 99
418, 607, 98
419, 89, 580
420, 99, 89
421, 580, 590
422, 114, 99
423, 590, 598
424, 617, 590
425, 609, 604
426, 604, 582
427, 582, 593
428, 610, 604
429, 593, 611
430, 123, 593
431, 107, 594
432, 594, 92
433, 92, 605
434, 118, 594
435, 605, 612
436, 615, 605
437, 102, 96
438, 105, 102
439, 96, 586
440, 586, 95
441, 116, 96
442, 95, 106
443, 125, 95
444, 1004, 600
445, 600, 111
446, 111, 117
447, 618, 111
448, 119, 606
449, 606, 115
450, 619, 606
451, 115, 607
452, 126, 115
453, 607, 114
454, 114, 122
455, 129, 607
456, 598, 112
457, 617, 598
458, 112, 608
459, 621, 112
460, 608, 609
461, 609, 610
462, 614, 609
463, 124, 611
464, 611, 121
465, 132, 611
466, 108, 107
467, 121, 108
468, 107, 118
469, 623, 107
470, 615, 110
471, 612, 624
472, 110, 612
473, 131, 110
474, 624, 113
475, 113, 109
476, 109, 105
477, 105, 120
478, 625, 109
479, 106, 599
480, 125, 106
481, 599, 1005
482, 130, 599
483, 117, 613
484, 136, 117
485, 119, 619
486, 137, 129
487, 129, 122
488, 617, 621
489, 614, 128
490, 123, 124
491, 124, 138
492, 118, 127
493, 623, 118
494, 615, 131
495, 625, 120
496, 125, 130
497, 613, 616
498, 143, 613
499, 616, 119
500, 119, 629
501, 122, 133
502, 620, 122
503, 133, 617
504, 617, 144
505, 610, 622
506, 128, 610
507, 145, 128
508, 622, 123
509, 123, 636
510, 127, 134
511, 637, 127
512, 135, 615
513, 615, 639
514, 120, 116
515, 116, 627
516, 626, 120
517, 627, 125
518, 125, 146
519, 1006, 618
520, 618, 136
521, 136, 143
522, 143, 628
523, 149, 618
524, 628, 616
525, 616, 629
526, 150, 616
527, 629, 619
528, 619, 126
529, 126, 137
530, 630, 619
531, 137, 620
532, 631, 137
533, 620, 142
534, 144, 633
535, 142, 133
536, 133, 144
537, 632, 142
538, 633, 621
539, 621, 608
540, 608, 614
541, 614, 140
542, 634, 621
543, 140, 145
544, 642, 140
545, 145, 622
546, 622, 636
547, 635, 622
548, 636, 138
549, 138, 132
550, 132, 121
551, 121, 623
552, 148, 138
553, 623, 637
554, 643, 623
555, 134, 135
556, 637, 134
557, 135, 139
558, 139, 639
559, 638, 139
560, 639, 131
561, 131, 624
562, 624, 625
563, 644, 131
564, 625, 626
565, 645, 625
566, 626, 627
567, 627, 146
568, 640, 627
569, 146, 141
570, 130, 1007
571, 141, 130
572, 646, 141
573, 149, 628
574, 628, 155
575, 647, 628
576, 155, 150
577, 150, 629
578, 629, 630
579, 648, 629
580, 631, 620
581, 620, 632
582, 650, 620
583, 632, 633
584, 633, 634
585, 641, 633
586, 642, 147
587, 147, 145
588, 145, 635
589, 652, 147
590, 635, 636
591, 636, 148
592, 148, 152
593, 158, 636
594, 643, 637
595, 637, 638
596, 654, 637
597, 154, 639
598, 639, 644
599, 159, 639
600, 645, 626
601, 626, 640
602, 157, 626
603, 640, 146
604, 146, 646
605, 657, 146
606, 1008, 151
607, 151, 149
608, 149, 647
609, 659, 151
610, 648, 630
611, 630, 649
612, 660, 630
613, 649, 631
614, 631, 650
615, 661, 631
616, 641, 156
617, 634, 651
618, 156, 634
619, 165, 156
620, 651, 642
621, 642, 652
622, 662, 642
623, 158, 152
624, 152, 653
625, 663, 152
626, 653, 153
627, 153, 643
628, 643, 654
629, 655, 153
630, 159, 644
631, 644, 160
632, 665, 644
633, 160, 645
634, 645, 161
635, 656, 645
636, 657, 646
637, 646, 1009
638, 658, 646
639, 1010, 168
640, 659, 647
641, 647, 155
642, 155, 648
643, 176, 647
644, 648, 166
645, 667, 648
646, 660, 649
647, 649, 661
648, 172, 649
649, 661, 650
650, 650, 632
651, 632, 641
652, 641, 164
653, 178, 650
654, 164, 165
655, 173, 164
656, 165, 651
657, 169, 165
658, 651, 662
659, 174, 651
660, 662, 652
661, 652, 635
662, 635, 158
663, 181, 652
664, 158, 663
665, 668, 158
666, 167, 653
667, 653, 163
668, 163, 655
669, 664, 163
670, 655, 654
671, 638, 154
672, 654, 638
673, 154, 159
674, 669, 654
675, 159, 665
676, 175, 159
677, 665, 162
678, 162, 160
679, 160, 656
680, 171, 162
681, 161, 157
682, 656, 161
683, 157, 640
684, 640, 657
685, 177, 157
686, 657, 658
687, 670, 657
688, 658, 1011
689, 168, 659
690, 1012, 168
691, 659, 176
692, 193, 659
693, 166, 660
694, 667, 166
695, 660, 182
696, 672, 660
697, 182, 172
698, 172, 661
699, 661, 179
700, 190, 661
701, 173, 169
702, 169, 180
703, 187, 169
704, 174, 662
705, 662, 181
706, 675, 662
707, 668, 663
708, 663, 167
709, 167, 664
710, 677, 663
711, 664, 655
712, 655, 669
713, 188, 655
714, 175, 665
715, 665, 666
716, 189, 665
717, 666, 171
718, 171, 656
719, 656, 177
720, 192, 656
721, 670, 658
722, 658, 170
723, 170, 1013
724, 680, 170
725, 193, 185
726, 176, 194
727, 185, 176
728, 197, 185
729, 194, 186
730, 186, 667
731, 667, 672
732, 198, 186
733, 179, 178
734, 191, 179
735, 178, 673
736, 682, 178
737, 673, 183
738, 183, 173
739, 173, 674
740, 199, 183
741, 675, 181
742, 181, 676
743, 200, 181
744, 676, 668
745, 668, 677
746, 684, 668
747, 188, 669
748, 669, 679
749, 678, 669
750, 679, 175
751, 175, 184
752, 184, 189
753, 686, 184
754, 195, 177
755, 177, 671
756, 687, 177
757, 671, 670
758, 670, 680
759, 688, 670
760, 1014, 193
761, 193, 204
762, 690, 193
763, 201, 197
764, 197, 194
765, 194, 196
766, 196, 198
767, 198, 681
768, 209, 196
769, 202, 672
770, 672, 182
771, 182, 190
772, 691, 672
773, 190, 191
774, 191, 682
775, 692, 190
776, 205, 673
777, 673, 199
778, 703, 673
779, 199, 674
780, 180, 174
781, 674, 187
782, 187, 180
783, 174, 675
784, 693, 674
785, 675, 200
786, 694, 675
787, 200, 676
788, 676, 684
789, 683, 676
790, 684, 677
791, 677, 664
792, 664, 188
793, 696, 677
794, 188, 678
795, 685, 188
796, 203, 679
797, 679, 686
798, 707, 679
799, 686, 189
800, 189, 666
801, 666, 192
802, 697, 189
803, 192, 195
804, 195, 687
805, 698, 192
806, 687, 671
807, 671, 688
808, 709, 671
809, 688, 680
810, 680, 1015
811, 689, 680
812, 204, 201
813, 690, 204
814, 201, 209
815, 700, 201
816, 209, 681
817, 211, 209
818, 681, 202
819, 202, 691
820, 701, 681
821, 692, 682
822, 682, 205
823, 205, 703
824, 213, 682
825, 703, 207
826, 207, 199
827, 199, 693
828, 214, 207
829, 694, 208
830, 208, 200
831, 200, 683
832, 212, 208
833, 210, 684
834, 684, 696
835, 695, 684
836, 685, 678
837, 678, 203
838, 203, 707
839, 706, 678
840, 707, 686
841, 686, 697
842, 708, 686
843, 698, 687
844, 687, 206
845, 206, 709
846, 710, 206
847, 709, 688
848, 688, 689
849, 699, 688
850, 1016, 690
851, 690, 700
852, 712, 690
853, 215, 691
854, 691, 702
855, 714, 691
856, 702, 692
857, 692, 213
858, 213, 217
859, 223, 692
860, 220, 214
861, 214, 693
862, 693, 704
863, 716, 693
864, 704, 694
865, 694, 705
866, 225, 694
867, 695, 696
868, 696, 218
869, 224, 696
870, 218, 685
871, 685, 706
872, 719, 685
873, 708, 697
874, 697, 219
875, 720, 697
876, 216, 698
877, 698, 710
878, 721, 698
879, 699, 689
880, 689, 1017
881, 711, 689
882, 1018, 712
883, 712, 700
884, 700, 211
885, 211, 701
886, 713, 700
887, 701, 215
888, 215, 714
889, 722, 701
890, 226, 702
891, 702, 715
892, 229, 702
893, 715, 223
894, 223, 222
895, 217, 703
896, 703, 220
897, 222, 217
898, 232, 222
899, 220, 716
900, 233, 220
901, 716, 704
902, 704, 225
903, 717, 704
904, 225, 705
905, 683, 210
906, 705, 212
907, 212, 683
908, 210, 695
909, 230, 705
910, 695, 718
911, 234, 695
912, 224, 218
913, 218, 221
914, 221, 719
915, 732, 221
916, 227, 706
917, 706, 707
918, 707, 708
919, 724, 706
920, 708, 720
921, 725, 708
922, 720, 219
923, 219, 216
924, 216, 721
925, 734, 219
926, 721, 710
927, 710, 709
928, 709, 699
929, 231, 710
930, 699, 711
931, 726, 699
932, 711, 1019
933, 1020, 712
934, 712, 713
935, 248, 712
936, 722, 714
937, 714, 226
938, 226, 236
939, 728, 714
940, 236, 229
941, 229, 715
942, 715, 232
943, 232, 238
944, 247, 715
945, 233, 716
946, 716, 717
947, 729, 716
948, 717, 228
949, 228, 225
950, 225, 230
951, 230, 235
952, 730, 228
953, 234, 718
954, 718, 224
955, 224, 732
956, 731, 718
957, 732, 719
958, 719, 227
959, 227, 239
960, 244, 719
961, 725, 720
962, 720, 734
963, 735, 720
964, 734, 721
965, 721, 231
966, 231, 237
967, 243, 721
968, 726, 711
969, 711, 1021
970, 246, 711
971, 248, 713
972, 713, 249
973, 736, 713
974, 727, 722
975, 722, 728
976, 258, 722
977, 247, 238
978, 238, 250
979, 737, 238
980, 245, 233
981, 233, 241
982, 241, 729
983, 738, 241
984, 730, 235
985, 235, 723
986, 260, 235
987, 723, 234
988, 234, 240
989, 240, 731
990, 740, 240
991, 239, 724
992, 244, 239
993, 724, 733
994, 257, 724
995, 733, 725
996, 725, 735
997, 742, 725
998, 251, 243
999, 243, 242
1000, 237, 252
1001, 242, 237
1002, 259, 242
1003, 253, 726
1004, 726, 246
1005, 743, 726
1006, 1022, 248
1007, 248, 736
1008, 744, 248
1009, 249, 727
1010, 736, 249
1011, 727, 263
1012, 271, 727
1013, 263, 258
1014, 258, 728
1015, 728, 236
1016, 236, 247
1017, 745, 728
1018, 247, 737
1019, 274, 247
1020, 737, 256
1021, 250, 245
1022, 256, 250
1023, 245, 738
1024, 270, 256
1025, 264, 729
1026, 729, 717
1027, 717, 730
1028, 746, 729
1029, 730, 261
1030, 269, 730
1031, 260, 723
1032, 723, 740
1033, 268, 723
1034, 740, 731
1035, 731, 732
1036, 732, 244
1037, 244, 254
1038, 276, 731
1039, 254, 257
1040, 257, 262
1041, 272, 254
1042, 262, 733
1043, 733, 742
1044, 741, 733
1045, 742, 735
1046, 735, 734
1047, 734, 251
1048, 251, 255
1049, 747, 735
1050, 255, 259
1051, 748, 255
1052, 252, 253
1053, 259, 252
1054, 253, 743
1055, 277, 253
1056, 743, 246
1057, 246, 1023
1058, 749, 246
1059, 744, 736
1060, 736, 271
1061, 293, 736
1062, 271, 263
1063, 284, 271
1064, 263, 275
1065, 750, 263
1066, 274, 737
1067, 737, 739
1068, 290, 737
1069, 739, 270
1070, 270, 738
1071, 738, 264
1072, 264, 746
1073, 294, 738
1074, 261, 260
1075, 279, 269
1076, 269, 261
1077, 260, 273
1078, 288, 260
1079, 273, 268
1080, 268, 265
1081, 283, 273
1082, 265, 740
1083, 740, 278
1084, 291, 265
1085, 272, 262
1086, 262, 266
1087, 266, 741
1088, 754, 266
1089, 281, 742
1090, 742, 747
1091, 755, 742
1092, 748, 267
1093, 267, 259
1094, 259, 277
1095, 757, 267
1096, 277, 743
1097, 743, 749
1098, 287, 743
1099, 1024, 744
1100, 744, 286
1101, 286, 293
1102, 758, 286
1103, 275, 745
1104, 750, 275
1105, 745, 752
1106, 751, 745
1107, 752, 274
1108, 274, 285
1109, 285, 290
1110, 760, 285
1111, 296, 746
1112, 746, 753
1113, 761, 746
1114, 753, 279
1115, 279, 288
1116, 288, 297
1117, 303, 279
1118, 278, 276
1119, 298, 278
1120, 276, 295
1121, 763, 276
1122, 295, 282
1123, 282, 272
1124, 272, 754
1125, 765, 282
1126, 755, 747
1127, 747, 289
1128, 766, 747
1129, 756, 748
1130, 748, 757
1131, 302, 748
1132, 749, 280
1133, 292, 749
1134, 280, 1025
1135, 767, 280
1136, 1026, 758
1137, 758, 301
1138, 293, 284
1139, 284, 750
1140, 301, 293
1141, 759, 301
1142, 750, 751
1143, 312, 750
1144, 751, 752
1145, 752, 760
1146, 313, 752
1147, 760, 299
1148, 290, 739
1149, 739, 294
1150, 299, 290
1151, 768, 299
1152, 294, 296
1153, 296, 761
1154, 769, 294
1155, 761, 753
1156, 753, 762
1157, 314, 753
1158, 762, 303
1159, 303, 297
1160, 297, 283
1161, 283, 291
1162, 291, 298
1163, 770, 297
1164, 298, 763
1165, 316, 298
1166, 763, 295
1167, 295, 300
1168, 300, 765
1169, 764, 300
1170, 765, 754
1171, 741, 281
1172, 754, 741
1173, 281, 755
1174, 309, 754
1175, 755, 766
1176, 311, 755
1177, 289, 756
1178, 766, 289
1179, 756, 305
1180, 782, 756
1181, 304, 302
1182, 302, 757
1183, 757, 277
1184, 277, 287
1185, 315, 757
1186, 287, 292
1187, 292, 767
1188, 310, 287
1189, 306, 1027
1190, 1028, 758
1191, 758, 308
1192, 308, 759
1193, 772, 308
1194, 312, 307
1195, 307, 751
1196, 751, 313
1197, 324, 307
1198, 313, 760
1199, 760, 768
1200, 774, 760
1201, 769, 761
1202, 761, 314
1203, 777, 761
1204, 314, 762
1205, 762, 770
1206, 322, 762
1207, 316, 763
1208, 763, 764
1209, 778, 763
1210, 764, 765
1211, 765, 309
1212, 309, 317
1213, 321, 765
1214, 311, 766
1215, 766, 782
1216, 323, 766
1217, 305, 304
1218, 782, 305
1219, 304, 315
1220, 783, 304
1221, 310, 767
1222, 767, 306
1223, 306, 1029
1224, 785, 767
1225, 326, 759
1226, 759, 773
1227, 330, 759
1228, 773, 312
1229, 312, 324
1230, 788, 312
1231, 774, 768
1232, 768, 776
1233, 775, 768
1234, 776, 769
1235, 769, 777
1236, 789, 769
1237, 322, 770
1238, 770, 325
1239, 331, 770
1240, 327, 320
1241, 320, 316
1242, 316, 778
1243, 332, 320
1244, 779, 321
1245, 321, 317
1246, 317, 771
1247, 780, 317
1248, 771, 311
1249, 311, 319
1250, 319, 323
1251, 781, 319
1252, 783, 315
1253, 315, 784
1254, 791, 315
1255, 784, 318
1256, 318, 310
1257, 310, 785
1258, 792, 318
1259, 1030, 772
1260, 772, 326
1261, 326, 786
1262, 338, 772
1263, 786, 330
1264, 330, 773
1265, 773, 788
1266, 787, 773
1267, 788, 324
1268, 324, 313
1269, 313, 774
1270, 346, 324
1271, 774, 334
1272, 794, 774
1273, 775, 776
1274, 776, 789
1275, 342, 776
1276, 789, 777
1277, 777, 314
1278, 314, 322
1279, 322, 329
1280, 795, 777
1281, 329, 331
1282, 331, 790
1283, 797, 329
1284, 325, 327
1285, 790, 325
1286, 327, 332
1287, 339, 327
1288, 333, 778
1289, 778, 764
1290, 764, 779
1291, 798, 778
1292, 779, 780
1293, 343, 779
1294, 780, 771
1295, 771, 781
1296, 337, 771
1297, 781, 328
1298, 323, 782
1299, 782, 783
1300, 328, 323
1301, 801, 328
1302, 783, 791
1303, 802, 783
1304, 791, 784
1305, 784, 792
1306, 810, 784
1307, 792, 785
1308, 785, 1031
1309, 340, 785
1310, 344, 786
1311, 786, 787
1312, 804, 786
1313, 787, 788
1314, 788, 346
1315, 793, 788
1316, 334, 775
1317, 794, 334
1318, 775, 342
1319, 353, 775
1320, 342, 789
1321, 789, 795
1322, 354, 789
1323, 797, 790
1324, 790, 339
1325, 806, 790
1326, 339, 336
1327, 347, 339
1328, 332, 333
1329, 336, 332
1330, 333, 345
1331, 807, 336
1332, 343, 780
1333, 780, 335
1334, 335, 337
1335, 800, 335
1336, 341, 781
1337, 781, 801
1338, 808, 781
1339, 802, 791
1340, 791, 810
1341, 811, 791
1342, 810, 792
1343, 792, 340
1344, 340, 348
1345, 351, 792
1346, 1032, 338
1347, 338, 344
1348, 344, 804
1349, 812, 344
1350, 793, 349
1351, 346, 352
1352, 349, 346
1353, 813, 349
1354, 352, 794
1355, 794, 353
1356, 814, 794
1357, 355, 795
1358, 795, 796
1359, 360, 795
1360, 796, 797
1361, 797, 806
1362, 805, 797
1363, 345, 798
1364, 807, 345
1365, 798, 799
1366, 358, 798
1367, 799, 343
1368, 343, 800
1369, 815, 343
1370, 808, 801
1371, 801, 350
1372, 816, 801
1373, 350, 802
1374, 803, 350
1375, 802, 811
1376, 809, 802
1377, 356, 351
1378, 351, 348
1379, 348, 1033
1380, 818, 348
1381, 1034, 812
1382, 813, 352
1383, 352, 357
1384, 357, 814
1385, 830, 357
1386, 360, 796
1387, 796, 362
1388, 364, 796
1389, 359, 799
1390, 799, 815
1391, 835, 799
1392, 816, 803
1393, 803, 809
1394, 817, 803
1395, 818, 1035
1396, 812, 804
1397, 804, 787
1398, 787, 793
1399, 819, 804
1400, 793, 813
1401, 365, 793
1402, 814, 353
1403, 353, 342
1404, 342, 354
1405, 367, 353
1406, 354, 355
1407, 355, 361
1408, 825, 354
1409, 805, 806
1410, 806, 347
1411, 347, 807
1412, 822, 806
1413, 807, 358
1414, 826, 807
1415, 815, 800
1416, 337, 341
1417, 800, 337
1418, 341, 808
1419, 827, 800
1420, 808, 363
1421, 828, 808
1422, 809, 811
1423, 811, 810
1424, 810, 356
1425, 823, 811
1426, 356, 818
1427, 824, 356
1428, 1036, 812
1429, 812, 819
1430, 820, 812
1431, 365, 813
1432, 813, 830
1433, 831, 813
1434, 830, 814
1435, 814, 367
1436, 821, 814
1437, 361, 360
1438, 825, 361
1439, 360, 364
1440, 373, 360
1441, 362, 805
1442, 366, 362
1443, 805, 822
1444, 833, 805
1445, 826, 358
1446, 358, 359
1447, 359, 835
1448, 375, 358
1449, 835, 815
1450, 815, 827
1451, 836, 815
1452, 828, 363
1453, 363, 816
1454, 816, 369
1455, 379, 363
1456, 817, 809
1457, 809, 823
1458, 378, 809
1459, 824, 818
1460, 818, 1037
1461, 372, 818
1462, 820, 819
1463, 365, 831
1464, 821, 367
1465, 371, 373
1466, 833, 822
1467, 826, 375
1468, 836, 370
1469, 828, 379
1470, 378, 823
1471, 368, 824
1472, 824, 838
1473, 819, 829
1474, 839, 819
1475, 829, 365
1476, 365, 840
1477, 367, 377
1478, 832, 367
1479, 376, 825
1480, 825, 371
1481, 371, 841
1482, 822, 834
1483, 384, 822
1484, 834, 826
1485, 826, 843
1486, 827, 374
1487, 370, 827
1488, 386, 370
1489, 374, 828
1490, 828, 845
1491, 823, 837
1492, 385, 823
1493, 837, 368
1494, 368, 383
1495, 1038, 820
1496, 820, 381
1497, 381, 839
1498, 849, 381
1499, 839, 829
1500, 829, 840
1501, 855, 829
1502, 840, 831
1503, 831, 830
1504, 830, 821
1505, 850, 831
1506, 821, 832
1507, 393, 821
1508, 832, 377
1509, 377, 376
1510, 376, 841
1511, 396, 377
1512, 841, 380
1513, 364, 366
1514, 373, 364
1515, 366, 833
1516, 380, 373
1517, 395, 380
1518, 833, 384
1519, 391, 833
1520, 384, 382
1521, 382, 834
1522, 834, 843
1523, 842, 382
1524, 843, 375
1525, 375, 835
1526, 835, 836
1527, 394, 375
1528, 836, 844
1529, 852, 836
1530, 386, 374
1531, 374, 845
1532, 846, 374
1533, 845, 379
1534, 369, 817
1535, 379, 369
1536, 817, 378
1537, 853, 379
1538, 378, 385
1539, 854, 378
1540, 385, 837
1541, 837, 847
1542, 390, 837
1543, 383, 838
1544, 847, 383
1545, 838, 372
1546, 372, 1039
1547, 848, 838
1548, 849, 839
1549, 839, 855
1550, 856, 839
1551, 855, 840
1552, 840, 850
1553, 404, 840
1554, 393, 389
1555, 389, 832
1556, 832, 396
1557, 405, 389
1558, 396, 841
1559, 841, 395
1560, 858, 841
1561, 392, 387
1562, 387, 384
1563, 384, 399
1564, 402, 387
1565, 842, 843
1566, 843, 394
1567, 403, 843
1568, 852, 844
1569, 844, 386
1570, 386, 846
1571, 861, 844
1572, 846, 845
1573, 845, 853
1574, 406, 845
1575, 854, 388
1576, 388, 385
1577, 385, 390
1578, 390, 397
1579, 863, 388
1580, 401, 847
1581, 847, 848
1582, 407, 847
1583, 1040, 849
1584, 849, 856
1585, 864, 849
1586, 404, 850
1587, 850, 857
1588, 867, 850
1589, 857, 393
1590, 393, 410
1591, 868, 393
1592, 858, 395
1593, 395, 859
1594, 869, 395
1595, 859, 398
1596, 398, 391
1597, 391, 392
1598, 392, 408
1599, 870, 398
1600, 403, 394
1601, 394, 851
1602, 860, 394
1603, 851, 852
1604, 852, 861
1605, 872, 852
1606, 853, 400
1607, 411, 853
1608, 400, 862
1609, 874, 400
1610, 862, 854
1611, 854, 863
1612, 875, 854
1613, 407, 848
1614, 848, 1041
1615, 876, 848
1616, 1042, 413
1617, 864, 856
1618, 856, 855
1619, 855, 404
1620, 865, 856
1621, 404, 867
1622, 866, 404
1623, 867, 857
1624, 857, 868
1625, 884, 857
1626, 868, 410
1627, 410, 405
1628, 405, 396
1629, 396, 858
1630, 417, 410
1631, 858, 869
1632, 878, 858
1633, 869, 859
1634, 859, 414
1635, 421, 859
1636, 408, 409
1637, 870, 408
1638, 399, 842
1639, 409, 402
1640, 402, 399
1641, 842, 403
1642, 403, 412
1643, 419, 409
1644, 412, 860
1645, 871, 412
1646, 860, 851
1647, 851, 872
1648, 418, 851
1649, 872, 861
1650, 861, 846
1651, 846, 406
1652, 406, 411
1653, 873, 861
1654, 411, 874
1655, 880, 411
1656, 874, 862
1657, 862, 875
1658, 890, 862
1659, 875, 863
1660, 397, 401
1661, 863, 397
1662, 401, 407
1663, 420, 863
1664, 407, 876
1665, 881, 407
1666, 876, 1043
1667, 413, 864
1668, 1044, 413
1669, 864, 865
1670, 425, 864
1671, 866, 867
1672, 867, 884
1673, 883, 867
1674, 884, 868
1675, 868, 417
1676, 417, 877
1677, 426, 868
1678, 878, 415
1679, 415, 869
1680, 869, 423
1681, 427, 415
1682, 414, 870
1683, 421, 414
1684, 870, 419
1685, 887, 870
1686, 871, 860
1687, 860, 416
1688, 416, 418
1689, 418, 422
1690, 429, 416
1691, 422, 872
1692, 872, 873
1693, 888, 872
1694, 880, 874
1695, 874, 890
1696, 891, 874
1697, 890, 875
1698, 875, 420
1699, 892, 875
1700, 881, 876
1701, 876, 1045
1702, 894, 876
1703, 428, 425
1704, 425, 424
1705, 865, 882
1706, 424, 865
1707, 437, 424
1708, 882, 866
1709, 866, 883
1710, 895, 866
1711, 426, 877
1712, 877, 433
1713, 885, 877
1714, 430, 878
1715, 878, 431
1716, 886, 878
1717, 887, 419
1718, 419, 879
1719, 440, 419
1720, 879, 871
1721, 871, 429
1722, 898, 871
1723, 888, 873
1724, 873, 889
1725, 436, 873
1726, 889, 880
1727, 880, 891
1728, 435, 880
1729, 892, 420
1730, 420, 432
1731, 899, 420
1732, 432, 881
1733, 881, 894
1734, 893, 881
1735, 1046, 428
1736, 428, 437
1737, 901, 428
1738, 438, 882
1739, 882, 895
1740, 454, 882
1741, 895, 883
1742, 883, 884
1743, 884, 426
1744, 451, 883
1745, 426, 885
1746, 902, 426
1747, 885, 433
1748, 433, 430
1749, 430, 896
1750, 446, 433
1751, 431, 427
1752, 886, 431
1753, 423, 421
1754, 427, 423
1755, 421, 887
1756, 455, 427
1757, 887, 439
1758, 452, 887
1759, 440, 879
1760, 879, 898
1761, 897, 879
1762, 898, 434
1763, 429, 422
1764, 422, 888
1765, 434, 429
1766, 903, 434
1767, 888, 436
1768, 453, 888
1769, 441, 889
1770, 889, 435
1771, 448, 889
1772, 435, 891
1773, 891, 890
1774, 890, 892
1775, 905, 891
1776, 892, 899
1777, 449, 892
1778, 899, 432
1779, 432, 893
1780, 900, 432
1781, 893, 894
1782, 894, 1047
1783, 447, 894
1784, 901, 437
1785, 437, 438
1786, 438, 456
1787, 462, 437
1788, 454, 895
1789, 895, 451
1790, 909, 895
1791, 902, 885
1792, 885, 443
1793, 443, 446
1794, 446, 450
1795, 911, 443
1796, 450, 896
1797, 896, 886
1798, 886, 455
1799, 912, 896
1800, 439, 440
1801, 457, 439
1802, 440, 444
1803, 444, 897
1804, 466, 444
1805, 897, 898
1806, 898, 903
1807, 465, 898
1808, 453, 436
1809, 436, 441
1810, 441, 915
1811, 914, 436
1812, 915, 448
1813, 448, 435
1814, 435, 442
1815, 442, 905
1816, 463, 442
1817, 449, 899
1818, 899, 445
1819, 445, 900
1820, 461, 445
1821, 900, 893
1822, 893, 447
1823, 447, 907
1824, 917, 893
1825, 1048, 901
1826, 901, 462
1827, 462, 908
1828, 469, 901
1829, 909, 459
1830, 451, 910
1831, 459, 451
1832, 474, 459
1833, 910, 902
1834, 902, 911
1835, 919, 902
1836, 464, 455
1837, 455, 913
1838, 473, 455
1839, 913, 452
1840, 452, 457
1841, 457, 466
1842, 920, 457
1843, 465, 903
1844, 903, 904
1845, 921, 903
1846, 904, 453
1847, 453, 460
1848, 460, 914
1849, 472, 460
1850, 467, 905
1851, 905, 906
1852, 471, 905
1853, 906, 449
1854, 449, 458
1855, 458, 461
1856, 461, 916
1857, 470, 458
1858, 917, 907
1859, 907, 1049
1860, 918, 907
1861, 1050, 476
1862, 477, 469
1863, 469, 908
1864, 456, 454
1865, 908, 456
1866, 454, 909
1867, 925, 908
1868, 909, 474
1869, 927, 909
1870, 474, 910
1871, 910, 919
1872, 937, 910
1873, 919, 911
1874, 911, 450
1875, 450, 912
1876, 928, 911
1877, 912, 464
1878, 464, 480
1879, 929, 912
1880, 473, 913
1881, 913, 920
1882, 483, 913
1883, 920, 466
1884, 466, 897
1885, 897, 465
1886, 465, 468
1887, 484, 466
1888, 468, 921
1889, 930, 468
1890, 921, 904
1891, 904, 472
1892, 472, 478
1893, 481, 904
1894, 479, 914
1895, 914, 915
1896, 915, 463
1897, 463, 467
1898, 931, 914
1899, 467, 923
1900, 922, 467
1901, 923, 471
1902, 471, 906
1903, 906, 475
1904, 944, 906
1905, 475, 470
1906, 470, 916
1907, 916, 900
1908, 900, 917
1909, 924, 916
1910, 917, 918
1911, 482, 917
1912, 918, 1051
1913, 476, 477
1914, 1052, 476
1915, 477, 925
1916, 936, 477
1917, 927, 474
1918, 474, 937
1919, 939, 474
1920, 937, 919
1921, 919, 485
1922, 938, 919
1923, 929, 480
1924, 480, 473
1925, 473, 483
1926, 493, 480
1927, 486, 920
1928, 920, 484
1929, 489, 920
1930, 930, 921
1931, 921, 481
1932, 481, 942
1933, 490, 921
1934, 942, 478
1935, 478, 479
1936, 479, 931
1937, 932, 478
1938, 922, 923
1939, 923, 944
1940, 933, 923
1941, 944, 475
1942, 475, 924
1943, 934, 475
1944, 482, 918
1945, 918, 1053
1946, 492, 918
1947, 936, 925
1948, 925, 926
1949, 946, 925
1950, 926, 488
1951, 488, 927
1952, 927, 939
1953, 947, 488
1954, 485, 928
1955, 495, 485
1956, 928, 940
1957, 948, 928
1958, 940, 929
1959, 929, 497
1960, 950, 929
1961, 496, 484
1962, 484, 491
1963, 951, 484
1964, 491, 930
1965, 930, 494
1966, 941, 930
1967, 932, 931
1968, 931, 943
1969, 953, 931
1970, 943, 922
1971, 922, 933
1972, 955, 922
1973, 934, 924
1974, 924, 935
1975, 945, 924
1976, 935, 487
1977, 487, 482
1978, 482, 492
1979, 956, 487
1980, 1054, 936
1981, 936, 946
1982, 957, 936
1983, 946, 926
1984, 926, 947
1985, 504, 926
1986, 947, 939
1987, 939, 937
1988, 937, 938
1989, 958, 939
1990, 938, 495
1991, 495, 948
1992, 506, 938
1993, 948, 940
1994, 940, 950
1995, 949, 940
1996, 497, 493
1997, 950, 497
1998, 483, 486
1999, 493, 483
2000, 486, 489
2001, 489, 496
2002, 508, 493
2003, 496, 951
2004, 959, 496
2005, 951, 491
2006, 491, 498
2007, 498, 941
2008, 507, 498
2009, 941, 494
2010, 494, 490
2011, 490, 942
2012, 942, 932
2013, 952, 494
2014, 932, 953
2015, 512, 932
2016, 502, 943
2017, 943, 955
2018, 954, 943
2019, 955, 933
2020, 933, 944
2021, 944, 934
2022, 934, 500
2023, 960, 933
2024, 500, 945
2025, 961, 500
2026, 945, 935
2027, 935, 501
2028, 501, 956
2029, 505, 501
2030, 956, 499
2031, 492, 1055
2032, 499, 492
2033, 962, 499
2034, 957, 946
2035, 946, 509
2036, 1056, 946
2037, 509, 504
2038, 504, 947
2039, 947, 958
2040, 1057, 947
2041, 506, 948
2042, 948, 949
2043, 1111, 948
2044, 949, 950
2045, 950, 508
2046, 1058, 950
2047, 959, 951
2048, 951, 510
2049, 1059, 951
2050, 511, 941
2051, 941, 503
2052, 503, 952
2053, 1060, 503
2054, 514, 953
2055, 953, 502
2056, 502, 954
2057, 1112, 953
2058, 954, 955
2059, 955, 960
2060, 1061, 955
2061, 961, 945
2062, 945, 513
2063, 1062, 945
2064, 505, 956
2065, 956, 962
2066, 1063, 956
2067, 1064, 957
2068, 957, 1065
2069, 1066, 957
2070, 1067, 958
2071, 958, 1068
2072, 1069, 958
2073, 1070, 506
2074, 506, 516
2075, 516, 1111
2076, 1071, 516
2077, 1072, 515
2078, 508, 1073
2079, 515, 508
2080, 1074, 515
2081, 1075, 959
2082, 959, 1076
2083, 1077, 959
2084, 1078, 952
2085, 952, 1079
2086, 1080, 952
2087, 1081, 512
2088, 512, 514
2089, 514, 1082
2090, 1083, 512
2091, 1084, 960
2092, 960, 1085
2093, 1086, 960
2094, 1087, 961
2095, 961, 1088
2096, 1089, 961
2097, 1090, 517
2098, 962, 1091
2099, 517, 962
2100, 1092, 517
2101, 1093, 509
2102, 509, 1094
2103, 1095, 949
2104, 949, 1096
2105, 510, 507
2106, 507, 511
2107, 1097, 510
2108, 511, 1098
2109, 1112, 954
2110, 954, 1099
2111, 513, 505
2112, 1100, 513
2113, 505, 1101
