1, 2001, 1869
2, 6, 1870
3, 1871, 1993
4, 1872, 1729
5, 8, 1873
6, 3, 1874
7, 33, 1875
8, 29, 22
9, 2, 20
10, 20, 1876
11, 38, 20
12, 30, 4
13, 1877, 3
14, 3, 29
15, 29, 1731
16, 7, 31
17, 26, 11
18, 28, 1878
19, 10, 28
20, 28, 42
21, 23, 1879
22, 1880, 12
23, 2001, 23
24, 23, 58
25, 24, 13
26, 16, 17
27, 5, 8
28, 8, 24
29, 24, 44
30, 9, 26
31, 26, 1732
32, 2000, 1995
33, 1995, 21
34, 21, 1729
35, 1733, 21
36, 1996, 6
37, 6, 16
38, 16, 72
39, 31, 14
40, 66, 31
41, 1998, 30
42, 15, 1998
43, 30, 40
44, 1999, 1994
45, 1994, 33
46, 33, 1730
47, 1881, 32
48, 32, 1
49, 39, 32
50, 4, 1882
51, 56, 4
52, 46, 15
53, 15, 35
54, 19, 57
55, 41, 22
56, 54, 27
57, 22, 1997
58, 1997, 2
59, 2, 51
60, 97, 22
61, 27, 1883
62, 1884, 71
63, 95, 27
64, 1, 1885
65, 43, 1
66, 1886, 7
67, 7, 47
68, 68, 1887
69, 17, 1888
70, 1889, 9
71, 60, 17
72, 9, 25
73, 13, 1996
74, 37, 13
75, 1996, 70
76, 18, 52
77, 55, 1729
78, 2000, 18
79, 18, 1890
80, 59, 36
81, 1729, 1891
82, 1892, 5
83, 5, 45
84, 76, 1729
85, 61, 37
86, 37, 93
87, 1993, 1893
88, 11, 1993
89, 1894, 10
90, 36, 11
91, 10, 69
92, 78, 36
93, 14, 1895
94, 2001, 34
95, 63, 14
96, 34, 1734
97, 91, 34
98, 25, 53
99, 92, 25
100, 12, 19
101, 73, 12
102, 19, 98
103, 35, 48
104, 1737, 35
105, 1999, 67
106, 77, 1999
107, 71, 65
108, 118, 95
109, 95, 71
110, 51, 50
111, 104, 97
112, 97, 51
113, 48, 49
114, 1737, 48
115, 1730, 54
116, 54, 108
117, 67, 1730
118, 86, 67
119, 1730, 85
120, 65, 39
121, 39, 43
122, 43, 87
123, 82, 65
124, 50, 38
125, 38, 46
126, 46, 88
127, 84, 50
128, 100, 1734
129, 42, 68
130, 64, 42
131, 68, 106
132, 1731, 41
133, 41, 1736
134, 40, 56
135, 49, 40
136, 56, 77
137, 77, 102
138, 80, 49
139, 72, 74
140, 70, 72
141, 93, 70
142, 116, 93
143, 74, 60
144, 60, 92
145, 92, 101
146, 99, 74
147, 47, 75
148, 106, 47
149, 114, 106
150, 75, 66
151, 66, 63
152, 63, 91
153, 91, 100
154, 100, 122
155, 79, 75
156, 62, 61
157, 61, 116
158, 116, 125
159, 53, 1732
160, 101, 53
161, 115, 101
162, 1733, 55
163, 55, 110
164, 69, 64
165, 1735, 78
166, 78, 69
167, 64, 96
168, 1732, 59
169, 59, 105
170, 94, 1732
171, 52, 1733
172, 1896, 52
173, 1733, 81
174, 44, 62
175, 45, 44
176, 110, 76
177, 76, 45
178, 62, 90
179, 58, 73
180, 1734, 58
181, 98, 112
182, 73, 98
183, 57, 1731
184, 83, 57
185, 1731, 89
186, 1737, 80
187, 80, 111
188, 134, 79
189, 79, 123
190, 117, 1734
191, 1734, 129
192, 81, 124
193, 126, 81
194, 90, 128
195, 140, 110
196, 110, 90
197, 96, 114
198, 1735, 96
199, 112, 83
200, 89, 1736
201, 133, 112
202, 83, 89
203, 125, 99
204, 99, 120
205, 146, 125
206, 105, 130
207, 109, 94
208, 94, 105
209, 102, 86
210, 85, 107
211, 86, 85
212, 1739, 102
213, 87, 1897
214, 121, 82
215, 82, 87
216, 88, 113
217, 103, 84
218, 84, 88
219, 135, 121
220, 121, 152
221, 114, 131
222, 151, 114
223, 141, 117
224, 129, 136
225, 117, 129
226, 127, 115
227, 115, 109
228, 109, 153
229, 128, 146
230, 150, 128
231, 124, 139
232, 1898, 126
233, 126, 124
234, 120, 132
235, 161, 120
236, 122, 147
237, 123, 122
238, 143, 123
239, 1736, 1738
240, 148, 1736
241, 1738, 104
242, 104, 103
243, 103, 119
244, 108, 118
245, 118, 135
246, 107, 108
247, 142, 107
248, 135, 160
249, 111, 1739
250, 138, 111
251, 184, 1738
252, 113, 1737
253, 1737, 138
254, 119, 113
255, 173, 119
256, 1738, 173
257, 154, 1738
258, 173, 195
259, 179, 177
260, 137, 148
261, 148, 184
262, 184, 202
263, 176, 167
264, 132, 127
265, 127, 149
266, 185, 132
267, 130, 1735
268, 1735, 144
269, 153, 130
270, 171, 153
271, 162, 169
272, 174, 186
273, 1740, 161
274, 161, 185
275, 185, 190
276, 147, 141
277, 141, 182
278, 158, 147
279, 144, 151
280, 151, 170
281, 159, 181
282, 145, 134
283, 134, 143
284, 143, 174
285, 174, 206
286, 146, 1740
287, 169, 146
288, 217, 169
289, 139, 140
290, 181, 139
291, 215, 181
292, 138, 176
293, 157, 138
294, 176, 187
295, 152, 1899
296, 183, 152
297, 182, 168
298, 203, 182
299, 1741, 171
300, 171, 1743
301, 1739, 142
302, 142, 179
303, 179, 189
304, 170, 155
305, 1742, 170
306, 165, 183
307, 183, 188
308, 224, 154
309, 154, 164
310, 175, 193
311, 157, 214
312, 186, 180
313, 208, 186
314, 180, 158
315, 158, 196
316, 269, 180
317, 166, 206
318, 198, 144
319, 144, 156
320, 216, 1740
321, 156, 218
322, 253, 156
323, 1900, 159
324, 159, 201
325, 178, 197
326, 149, 1741
327, 191, 149
328, 1741, 192
329, 222, 1741
330, 140, 150
331, 150, 162
332, 162, 178
333, 221, 140
334, 178, 1745
335, 1901, 2002
336, 1740, 204
337, 251, 1740
338, 136, 133
339, 133, 137
340, 168, 136
341, 137, 163
342, 229, 168
343, 164, 207
344, 246, 164
345, 199, 157
346, 157, 1748
347, 160, 165
348, 177, 160
349, 212, 177
350, 165, 172
351, 200, 1902
352, 131, 145
353, 155, 131
354, 145, 166
355, 194, 155
356, 166, 239
357, 163, 219
358, 250, 163
359, 172, 220
360, 266, 172
361, 167, 1739
362, 233, 167
363, 1739, 175
364, 175, 1744
365, 188, 200
366, 226, 188
367, 200, 240
368, 193, 205
369, 278, 193
370, 207, 210
371, 252, 246
372, 246, 207
373, 187, 213
374, 214, 187
375, 245, 214
376, 189, 212
377, 205, 189
378, 212, 238
379, 237, 205
380, 223, 229
381, 229, 250
382, 250, 262
383, 1742, 194
384, 239, 260
385, 194, 239
386, 196, 203
387, 203, 223
388, 279, 196
389, 223, 232
390, 206, 225
391, 1752, 206
392, 202, 224
393, 211, 202
394, 224, 252
395, 252, 283
396, 217, 216
397, 216, 251
398, 251, 275
399, 227, 215
400, 215, 221
401, 221, 1745
402, 190, 191
403, 209, 190
404, 191, 222
405, 222, 1751
406, 192, 1743
407, 259, 192
408, 201, 227
409, 247, 201
410, 227, 234
411, 197, 217
412, 274, 197
413, 217, 228
414, 204, 209
415, 243, 204
416, 209, 235
417, 213, 233
418, 233, 248
419, 242, 213
420, 218, 1742
421, 254, 218
422, 1742, 241
423, 1743, 198
424, 198, 253
425, 253, 1747
426, 249, 1743
427, 225, 208
428, 208, 256
429, 231, 225
430, 219, 211
431, 270, 219
432, 211, 230
433, 220, 226
434, 280, 220
435, 226, 244
436, 195, 199
437, 210, 195
438, 199, 1748
439, 236, 210
440, 265, 245
441, 248, 1744
442, 245, 242
443, 242, 248
444, 277, 236
445, 236, 255
446, 240, 1903
447, 244, 240
448, 273, 244
449, 232, 261
450, 279, 232
451, 260, 1752
452, 276, 254
453, 241, 260
454, 254, 241
455, 256, 269
456, 269, 1746
457, 267, 231
458, 231, 256
459, 228, 271
460, 257, 228
461, 238, 266
462, 268, 237
463, 237, 238
464, 1750, 243
465, 235, 272
466, 243, 235
467, 1751, 259
468, 259, 249
469, 249, 1747
470, 2002, 247
471, 234, 263
472, 247, 234
473, 230, 264
474, 258, 230
475, 278, 268
476, 268, 288
477, 264, 283
478, 270, 258
479, 258, 264
480, 282, 273
481, 273, 294
482, 1745, 1749
483, 263, 1745
484, 296, 263
485, 1751, 297
486, 290, 1753
487, 272, 284
488, 300, 272
489, 1749, 274
490, 275, 286
491, 271, 275
492, 274, 257
493, 257, 271
494, 1752, 267
495, 267, 292
496, 1744, 281
497, 298, 1744
498, 262, 270
499, 261, 262
500, 293, 261
501, 285, 277
502, 255, 1748
503, 277, 255
504, 311, 320
505, 306, 327
506, 280, 282
507, 282, 332
508, 294, 1904
509, 332, 294
510, 287, 279
511, 279, 293
512, 293, 316
513, 316, 309
514, 346, 316
515, 318, 308
516, 289, 285
517, 285, 310
518, 292, 1746
519, 327, 292
520, 353, 327
521, 270, 318
522, 295, 270
523, 318, 330
524, 301, 319
525, 305, 312
526, 297, 1747
527, 319, 297
528, 350, 319
529, 321, 315
530, 1747, 276
531, 276, 290
532, 290, 326
533, 326, 1753
534, 333, 326
535, 1905, 296
536, 296, 314
537, 299, 321
538, 321, 343
539, 284, 1751
540, 312, 284
541, 1754, 312
542, 314, 304
543, 334, 314
544, 310, 303
545, 356, 310
546, 1748, 265
547, 265, 298
548, 298, 317
549, 317, 291
550, 336, 317
551, 266, 280
552, 288, 266
553, 320, 288
554, 329, 320
555, 280, 302
556, 337, 325
557, 309, 295
558, 373, 309
559, 295, 331
560, 303, 1748
561, 322, 303
562, 1748, 342
563, 324, 367
564, 1750, 300
565, 300, 305
566, 305, 328
567, 323, 359
568, 339, 313
569, 281, 278
570, 278, 311
571, 291, 281
572, 311, 366
573, 313, 291
574, 391, 313
575, 304, 1749
576, 345, 304
577, 1749, 299
578, 299, 344
579, 397, 1749
580, 286, 1750
581, 315, 286
582, 360, 315
583, 1750, 379
584, 1751, 301
585, 301, 324
586, 348, 1751
587, 324, 389
588, 352, 307
589, 307, 1747
590, 1747, 358
591, 374, 307
592, 1906, 340
593, 347, 372
594, 355, 1746
595, 1746, 287
596, 287, 357
597, 404, 1746
598, 331, 341
599, 409, 331
600, 1753, 1752
601, 1752, 306
602, 306, 347
603, 338, 1753
604, 347, 377
605, 349, 322
606, 322, 378
607, 302, 335
608, 325, 302
609, 393, 325
610, 363, 1907
611, 283, 289
612, 308, 283
613, 362, 308
614, 289, 323
615, 323, 405
616, 330, 369
617, 341, 330
618, 406, 341
619, 356, 349
620, 349, 1758
621, 335, 332
622, 407, 393
623, 393, 335
624, 342, 336
625, 336, 351
626, 378, 342
627, 423, 378
628, 366, 368
629, 399, 391
630, 391, 366
631, 354, 346
632, 346, 373
633, 373, 387
634, 358, 365
635, 401, 358
636, 372, 371
637, 377, 372
638, 408, 377
639, 357, 354
640, 414, 357
641, 354, 388
642, 351, 339
643, 339, 399
644, 382, 351
645, 399, 427
646, 1754, 348
647, 389, 1760
648, 348, 389
649, 367, 350
650, 350, 364
651, 394, 367
652, 364, 352
653, 352, 374
654, 374, 401
655, 401, 1762
656, 390, 364
657, 343, 370
658, 344, 343
659, 1761, 397
660, 397, 344
661, 340, 334
662, 334, 361
663, 412, 340
664, 365, 333
665, 333, 338
666, 338, 403
667, 381, 365
668, 361, 345
669, 345, 415
670, 385, 361
671, 370, 360
672, 379, 383
673, 360, 379
674, 395, 370
675, 328, 1754
676, 383, 328
677, 411, 383
678, 371, 353
679, 353, 355
680, 355, 398
681, 392, 371
682, 359, 356
683, 413, 359
684, 356, 375
685, 368, 329
686, 329, 337
687, 337, 396
688, 384, 368
689, 332, 363
690, 363, 1908
691, 376, 332
692, 369, 362
693, 362, 380
694, 386, 369
695, 405, 413
696, 417, 406
697, 380, 405
698, 406, 386
699, 413, 426
700, 386, 380
701, 375, 1758
702, 416, 375
703, 396, 1755
704, 420, 384
705, 384, 396
706, 1755, 407
707, 407, 376
708, 376, 1909
709, 430, 395
710, 395, 411
711, 411, 1756
712, 387, 409
713, 388, 387
714, 1757, 388
715, 415, 1761
716, 410, 385
717, 385, 415
718, 1754, 419
719, 1756, 1754
720, 440, 394
721, 394, 390
722, 390, 418
723, 434, 381
724, 381, 402
725, 398, 404
726, 404, 414
727, 422, 392
728, 414, 1757
729, 392, 398
730, 400, 382
731, 382, 427
732, 423, 400
733, 400, 456
734, 403, 408
735, 408, 428
736, 402, 403
737, 437, 402
738, 442, 422
739, 422, 455
740, 1910, 412
741, 412, 410
742, 410, 439
743, 418, 431
744, 452, 418
745, 444, 1911
746, 419, 1760
747, 1756, 419
748, 409, 425
749, 438, 409
750, 432, 433
751, 1758, 424
752, 426, 416
753, 1759, 426
754, 416, 1758
755, 427, 420
756, 420, 459
757, 421, 417
758, 417, 446
759, 481, 478
760, 482, 461
761, 449, 452
762, 452, 480
763, 469, 472
764, 446, 1759
765, 470, 446
766, 471, 482
767, 482, 504
768, 1759, 465
769, 464, 1759
770, 456, 451
771, 466, 456
772, 1760, 440
773, 463, 1760
774, 465, 457
775, 520, 465
776, 443, 466
777, 466, 492
778, 1761, 430
779, 430, 432
780, 432, 474
781, 429, 421
782, 421, 470
783, 470, 499
784, 436, 438
785, 438, 469
786, 469, 505
787, 476, 477
788, 1762, 434
789, 434, 437
790, 437, 467
791, 453, 481
792, 481, 487
793, 439, 1761
794, 477, 439
795, 503, 477
796, 460, 463
797, 463, 491
798, 433, 1756
799, 1756, 448
800, 474, 433
801, 493, 474
802, 455, 441
803, 473, 455
804, 442, 473
805, 473, 1764
806, 467, 454
807, 489, 467
808, 431, 1762
809, 480, 431
810, 484, 480
811, 1762, 450
812, 435, 1755
813, 1755, 444
814, 444, 471
815, 471, 509
816, 457, 447
817, 517, 457
818, 521, 451
819, 461, 1912
820, 524, 461
821, 500, 483
822, 428, 442
823, 454, 428
824, 442, 497
825, 483, 454
826, 530, 483
827, 472, 445
828, 486, 472
829, 425, 429
830, 445, 425
831, 429, 490
832, 527, 445
833, 522, 475
834, 462, 515
835, 1913, 476
836, 476, 498
837, 488, 458
838, 441, 1757
839, 514, 441
840, 1757, 436
841, 436, 495
842, 529, 1757
843, 1761, 506
844, 475, 1761
845, 571, 475
846, 448, 460
847, 460, 501
848, 458, 448
849, 546, 458
850, 508, 479
851, 440, 449
852, 449, 507
853, 479, 440
854, 560, 479
855, 450, 462
856, 526, 450
857, 462, 555
858, 502, 468
859, 468, 464
860, 464, 494
861, 1766, 468
862, 424, 423
863, 423, 443
864, 447, 424
865, 443, 518
866, 545, 447
867, 451, 427
868, 427, 453
869, 453, 485
870, 548, 451
871, 459, 435
872, 478, 459
873, 496, 478
874, 435, 556
875, 487, 516
876, 485, 487
877, 548, 485
878, 504, 525
879, 509, 504
880, 1773, 509
881, 492, 521
882, 512, 492
883, 521, 539
884, 490, 499
885, 1765, 527
886, 527, 490
887, 499, 502
888, 502, 568
889, 536, 499
890, 523, 526
891, 526, 541
892, 513, 489
893, 489, 500
894, 500, 554
895, 506, 511
896, 1772, 506
897, 511, 493
898, 493, 488
899, 488, 559
900, 532, 511
901, 1764, 514
902, 514, 529
903, 529, 533
904, 495, 505
905, 533, 495
906, 577, 533
907, 525, 524
908, 524, 553
909, 540, 525
910, 515, 513
911, 549, 515
912, 513, 543
913, 520, 517
914, 517, 545
915, 516, 496
916, 496, 550
917, 535, 516
918, 491, 510
919, 501, 491
920, 537, 501
921, 519, 503
922, 503, 522
923, 522, 558
924, 510, 508
925, 508, 563
926, 534, 510
927, 498, 519
928, 552, 498
929, 519, 538
930, 507, 484
931, 484, 523
932, 1763, 507
933, 523, 1763
934, 518, 512
935, 545, 518
936, 512, 528
937, 573, 545
938, 497, 1764
939, 574, 530
940, 530, 497
941, 1764, 531
942, 505, 486
943, 486, 1765
944, 542, 505
945, 494, 520
946, 557, 494
947, 520, 544
948, 553, 1914
949, 1773, 540
950, 540, 553
951, 1766, 557
952, 544, 567
953, 557, 544
954, 555, 561
955, 541, 555
956, 551, 541
957, 531, 570
958, 584, 531
959, 569, 542
960, 542, 566
961, 1772, 532
962, 532, 1767
963, 558, 562
964, 1915, 552
965, 538, 558
966, 552, 538
967, 559, 546
968, 546, 537
969, 572, 559
970, 537, 534
971, 534, 579
972, 1770, 548
973, 548, 535
974, 535, 547
975, 554, 564
976, 561, 549
977, 543, 554
978, 549, 543
979, 581, 561
980, 1765, 536
981, 536, 565
982, 566, 1765
983, 576, 566
984, 539, 1770
985, 528, 539
986, 578, 528
987, 582, 578
988, 578, 1770
989, 568, 587
990, 565, 568
991, 594, 565
992, 1771, 588
993, 577, 569
994, 569, 603
995, 562, 571
996, 593, 562
997, 563, 560
998, 560, 1763
999, 1763, 551
1000, 580, 563
1001, 551, 596
1002, 564, 575
1003, 598, 564
1004, 589, 1767
1005, 567, 573
1006, 1768, 567
1007, 570, 585
1008, 590, 570
1009, 595, 1916
1010, 556, 1773
1011, 550, 556
1012, 547, 550
1013, 1774, 547
1014, 613, 612
1015, 1768, 624
1016, 627, 622
1017, 586, 584
1018, 584, 590
1019, 590, 629
1020, 617, 621
1021, 598, 609
1022, 626, 611
1023, 619, 618
1024, 579, 580
1025, 588, 579
1026, 623, 588
1027, 580, 601
1028, 585, 577
1029, 577, 1769
1030, 605, 585
1031, 592, 594
1032, 594, 626
1033, 626, 1779
1034, 603, 576
1035, 1769, 603
1036, 621, 1770
1037, 1780, 621
1038, 1917, 593
1039, 593, 615
1040, 1767, 572
1041, 572, 1771
1042, 630, 1767
1043, 571, 1772
1044, 1772, 589
1045, 599, 571
1046, 589, 630
1047, 1773, 595
1048, 595, 627
1049, 583, 1773
1050, 627, 1777
1051, 624, 597
1052, 646, 624
1053, 602, 623
1054, 623, 643
1055, 615, 610
1056, 652, 615
1057, 645, 620
1058, 629, 616
1059, 1778, 629
1060, 596, 581
1061, 581, 591
1062, 618, 596
1063, 636, 618
1064, 1774, 613
1065, 613, 1776
1066, 573, 582
1067, 582, 617
1068, 597, 573
1069, 617, 632
1070, 604, 597
1071, 622, 1918
1072, 659, 622
1073, 587, 1766
1074, 1766, 1768
1075, 607, 587
1076, 1768, 644
1077, 599, 648
1078, 641, 1771
1079, 1919, 631
1080, 610, 599
1081, 649, 610
1082, 599, 693
1083, 1771, 602
1084, 602, 638
1085, 682, 1771
1086, 606, 619
1087, 619, 650
1088, 614, 639
1089, 591, 598
1090, 598, 614
1091, 635, 591
1092, 614, 687
1093, 625, 634
1094, 655, 608
1095, 611, 607
1096, 660, 611
1097, 607, 669
1098, 647, 604
1099, 604, 673
1100, 1770, 600
1101, 1780, 1770
1102, 600, 1774
1103, 1774, 653
1104, 692, 600
1105, 612, 583
1106, 661, 612
1107, 583, 640
1108, 695, 583
1109, 601, 606
1110, 654, 601
1111, 606, 677
1112, 575, 574
1113, 574, 586
1114, 609, 575
1115, 586, 625
1116, 620, 609
1117, 664, 620
1118, 625, 664
1119, 616, 605
1120, 605, 628
1121, 658, 616
1122, 628, 642
1123, 679, 628
1124, 576, 592
1125, 592, 656
1126, 608, 576
1127, 1775, 608
1128, 656, 1779
1129, 1775, 656
1130, 653, 1776
1131, 689, 653
1132, 1776, 661
1133, 661, 690
1134, 675, 1776
1135, 640, 1777
1136, 684, 640
1137, 1777, 659
1138, 659, 2003
1139, 2003, 1786
1140, 674, 1777
1141, 644, 646
1142, 669, 644
1143, 708, 669
1144, 657, 664
1145, 664, 694
1146, 1778, 658
1147, 658, 1782
1148, 642, 633
1149, 715, 679
1150, 679, 642
1151, 662, 649
1152, 649, 710
1153, 666, 636
1154, 636, 635
1155, 635, 1783
1156, 646, 647
1157, 647, 699
1158, 678, 646
1159, 633, 1769
1160, 1769, 655
1161, 655, 683
1162, 665, 633
1163, 637, 641
1164, 641, 682
1165, 682, 688
1166, 643, 651
1167, 638, 643
1168, 672, 638
1169, 650, 666
1170, 697, 650
1171, 666, 680
1172, 651, 654
1173, 677, 718
1174, 654, 677
1175, 676, 651
1176, 631, 652
1177, 652, 662
1178, 1920, 631
1179, 662, 667
1180, 630, 637
1181, 648, 630
1182, 1781, 648
1183, 637, 670
1184, 639, 645
1185, 645, 657
1186, 687, 639
1187, 1783, 687
1188, 657, 685
1189, 634, 1778
1190, 713, 634
1191, 1778, 668
1192, 1779, 660
1193, 660, 696
1194, 681, 1779
1195, 632, 663
1196, 673, 632
1197, 686, 673
1198, 663, 1780
1199, 1780, 692
1200, 692, 1784
1201, 671, 663
1202, 1788, 686
1203, 686, 671
1204, 671, 691
1205, 702, 695
1206, 695, 684
1207, 684, 674
1208, 674, 1786
1209, 718, 697
1210, 680, 705
1211, 697, 680
1212, 667, 701
1213, 1921, 667
1214, 696, 708
1215, 703, 681
1216, 681, 696
1217, 670, 706
1218, 1781, 670
1219, 688, 672
1220, 706, 688
1221, 672, 676
1222, 676, 711
1223, 1790, 706
1224, 694, 1787
1225, 685, 694
1226, 698, 685
1227, 668, 1782
1228, 707, 668
1229, 683, 704
1230, 709, 665
1231, 665, 683
1232, 699, 1788
1233, 700, 678
1234, 678, 699
1235, 1784, 689
1236, 690, 702
1237, 689, 675
1238, 675, 690
1239, 1787, 713
1240, 713, 707
1241, 707, 716
1242, 708, 700
1243, 720, 708
1244, 700, 728
1245, 1784, 721
1246, 711, 724
1247, 1789, 711
1248, 705, 1783
1249, 733, 705
1250, 712, 709
1251, 709, 719
1252, 691, 1784
1253, 729, 691
1254, 1784, 731
1255, 701, 714
1256, 725, 701
1257, 693, 1781
1258, 710, 693
1259, 1781, 1790
1260, 704, 1775
1261, 1775, 703
1262, 703, 732
1263, 719, 704
1264, 1791, 719
1265, 727, 1786
1266, 1783, 698
1267, 698, 737
1268, 723, 1783
1269, 728, 726
1270, 743, 728
1271, 732, 720
1272, 751, 732
1273, 1788, 729
1274, 729, 744
1275, 756, 747
1276, 1785, 727
1277, 727, 763
1278, 2004, 725
1279, 725, 749
1280, 730, 757
1281, 748, 1791
1282, 741, 751
1283, 751, 791
1284, 755, 740
1285, 702, 1785
1286, 721, 702
1287, 759, 721
1288, 1786, 1922
1289, 763, 1786
1290, 780, 763
1291, 722, 733
1292, 733, 755
1293, 755, 786
1294, 750, 752
1295, 1787, 760
1296, 747, 734
1297, 798, 747
1298, 714, 717
1299, 749, 714
1300, 1793, 749
1301, 752, 1790
1302, 769, 752
1303, 744, 736
1304, 784, 744
1305, 757, 753
1306, 781, 757
1307, 1782, 715
1308, 716, 1782
1309, 760, 716
1310, 766, 760
1311, 715, 712
1312, 712, 748
1313, 748, 768
1314, 735, 715
1315, 746, 743
1316, 743, 770
1317, 754, 759
1318, 759, 775
1319, 739, 754
1320, 754, 803
1321, 737, 1787
1322, 753, 737
1323, 1787, 742
1324, 793, 753
1325, 761, 790
1326, 738, 799
1327, 1789, 756
1328, 756, 773
1329, 722, 789
1330, 788, 758
1331, 797, 720
1332, 726, 1788
1333, 774, 726
1334, 1788, 738
1335, 738, 1794
1336, 731, 739
1337, 736, 731
1338, 778, 736
1339, 739, 827
1340, 1785, 745
1341, 787, 1785
1342, 724, 718
1343, 718, 722
1344, 734, 724
1345, 804, 734
1346, 722, 833
1347, 2004, 762
1348, 806, 1923
1349, 779, 717
1350, 717, 710
1351, 710, 750
1352, 750, 767
1353, 808, 717
1354, 740, 723
1355, 723, 730
1356, 730, 782
1357, 1792, 740
1358, 819, 1792
1359, 742, 800
1360, 831, 742
1361, 758, 735
1362, 735, 764
1363, 836, 758
1364, 1790, 1789
1365, 772, 1790
1366, 1789, 801
1367, 720, 746
1368, 746, 765
1369, 820, 720
1370, 745, 777
1371, 1795, 745
1372, 785, 1924
1373, 1791, 741
1374, 776, 1791
1375, 741, 761
1376, 761, 861
1377, 803, 775
1378, 821, 803
1379, 775, 787
1380, 787, 837
1381, 818, 775
1382, 770, 783
1383, 765, 770
1384, 1796, 765
1385, 794, 781
1386, 781, 793
1387, 793, 812
1388, 790, 791
1389, 860, 790
1390, 795, 766
1391, 766, 788
1392, 788, 836
1393, 836, 839
1394, 780, 785
1395, 785, 2005
1396, 792, 769
1397, 769, 772
1398, 772, 809
1399, 764, 771
1400, 841, 764
1401, 768, 776
1402, 771, 768
1403, 776, 805
1404, 807, 771
1405, 798, 804
1406, 804, 833
1407, 782, 794
1408, 848, 819
1409, 819, 782
1410, 794, 810
1411, 767, 792
1412, 840, 808
1413, 808, 767
1414, 792, 815
1415, 802, 1792
1416, 1792, 825
1417, 791, 797
1418, 797, 820
1419, 820, 828
1420, 822, 791
1421, 1793, 779
1422, 779, 826
1423, 762, 1793
1424, 832, 806
1425, 806, 762
1426, 1793, 816
1427, 773, 798
1428, 801, 773
1429, 829, 801
1430, 798, 823
1431, 786, 802
1432, 789, 786
1433, 833, 789
1434, 850, 833
1435, 802, 814
1436, 800, 795
1437, 834, 800
1438, 795, 817
1439, 799, 796
1440, 851, 799
1441, 796, 784
1442, 784, 778
1443, 827, 1806
1444, 778, 827
1445, 811, 796
1446, 783, 774
1447, 774, 1794
1448, 813, 783
1449, 777, 780
1450, 1795, 777
1451, 780, 824
1452, 1796, 813
1453, 813, 838
1454, 824, 2005
1455, 830, 824
1456, 823, 1805
1457, 857, 823
1458, 812, 831
1459, 831, 849
1460, 810, 812
1461, 835, 810
1462, 853, 834
1463, 817, 839
1464, 834, 817
1465, 828, 1796
1466, 842, 822
1467, 822, 828
1468, 1796, 1800
1469, 851, 811
1470, 811, 843
1471, 847, 832
1472, 826, 840
1473, 840, 852
1474, 816, 826
1475, 832, 816
1476, 809, 829
1477, 815, 809
1478, 845, 815
1479, 829, 857
1480, 825, 862
1481, 814, 825
1482, 844, 814
1483, 805, 854
1484, 841, 807
1485, 807, 805
1486, 856, 821
1487, 837, 846
1488, 821, 818
1489, 818, 837
1490, 1799, 860
1491, 860, 842
1492, 842, 1801
1493, 843, 1806
1494, 864, 843
1495, 852, 845
1496, 845, 865
1497, 862, 848
1498, 848, 835
1499, 835, 859
1500, 2006, 847
1501, 847, 1803
1502, 857, 1805
1503, 1802, 857
1504, 1798, 853
1505, 839, 1804
1506, 853, 839
1507, 855, 844
1508, 844, 880
1509, 858, 841
1510, 854, 1807
1511, 841, 854
1512, 1794, 851
1513, 838, 1794
1514, 867, 838
1515, 846, 1795
1516, 870, 846
1517, 1795, 830
1518, 830, 881
1519, 1797, 1795
1520, 891, 884
1521, 876, 900
1522, 883, 896
1523, 1797, 887
1524, 849, 1798
1525, 859, 849
1526, 895, 859
1527, 1799, 889
1528, 886, 869
1529, 1800, 867
1530, 867, 886
1531, 886, 910
1532, 881, 872
1533, 887, 881
1534, 1809, 887
1535, 892, 1804
1536, 1804, 858
1537, 858, 891
1538, 891, 908
1539, 880, 873
1540, 901, 880
1541, 889, 1801
1542, 920, 889
1543, 900, 888
1544, 930, 900
1545, 865, 1802
1546, 902, 865
1547, 899, 1803
1548, 894, 871
1549, 877, 895
1550, 895, 909
1551, 885, 892
1552, 892, 928
1553, 898, 899
1554, 899, 937
1555, 868, 902
1556, 902, 1808
1557, 890, 894
1558, 894, 929
1559, 882, 901
1560, 901, 912
1561, 896, 875
1562, 933, 896
1563, 875, 1797
1564, 940, 933
1565, 933, 875
1566, 872, 1925
1567, 926, 872
1568, 866, 877
1569, 877, 924
1570, 884, 1807
1571, 934, 884
1572, 905, 935
1573, 1797, 919
1574, 945, 1797
1575, 874, 898
1576, 898, 932
1577, 904, 925
1578, 878, 885
1579, 885, 907
1580, 879, 1804
1581, 1804, 906
1582, 1802, 890
1583, 897, 1802
1584, 890, 914
1585, 1805, 850
1586, 850, 855
1587, 871, 1805
1588, 855, 882
1589, 903, 871
1590, 882, 918
1591, 2006, 874
1592, 874, 1926
1593, 911, 897
1594, 897, 949
1595, 1803, 852
1596, 852, 868
1597, 921, 1803
1598, 868, 904
1599, 904, 960
1600, 916, 893
1601, 1806, 856
1602, 856, 863
1603, 888, 1806
1604, 950, 888
1605, 1798, 878
1606, 1811, 1798
1607, 878, 957
1608, 927, 879
1609, 879, 1818
1610, 1801, 1800
1611, 1800, 905
1612, 922, 1801
1613, 905, 972
1614, 851, 864
1615, 864, 876
1616, 869, 851
1617, 876, 917
1618, 893, 869
1619, 971, 893
1620, 913, 903
1621, 903, 939
1622, 873, 862
1623, 862, 866
1624, 941, 873
1625, 866, 963
1626, 861, 1799
1627, 1807, 861
1628, 1799, 915
1629, 1810, 1807
1630, 863, 870
1631, 870, 883
1632, 883, 938
1633, 962, 863
1634, 944, 940
1635, 940, 945
1636, 945, 979
1637, 910, 916
1638, 916, 973
1639, 930, 950
1640, 950, 970
1641, 915, 931
1642, 1810, 915
1643, 917, 930
1644, 1821, 971
1645, 971, 917
1646, 930, 964
1647, 942, 913
1648, 913, 1819
1649, 925, 1808
1650, 1813, 925
1651, 938, 944
1652, 970, 962
1653, 962, 938
1654, 984, 970
1655, 919, 1809
1656, 979, 919
1657, 918, 923
1658, 939, 918
1659, 989, 939
1660, 909, 1811
1661, 924, 909
1662, 963, 924
1663, 967, 963
1664, 907, 936
1665, 969, 907
1666, 912, 941
1667, 923, 912
1668, 941, 959
1669, 965, 923
1670, 943, 934
1671, 934, 1810
1672, 1810, 1817
1673, 932, 948
1674, 1927, 932
1675, 1808, 911
1676, 949, 968
1677, 911, 949
1678, 953, 1808
1679, 957, 986
1680, 1811, 957
1681, 958, 1811
1682, 928, 927
1683, 936, 928
1684, 927, 1818
1685, 951, 936
1686, 935, 910
1687, 961, 935
1688, 910, 946
1689, 937, 921
1690, 948, 937
1691, 960, 976
1692, 921, 960
1693, 956, 948
1694, 929, 942
1695, 914, 929
1696, 968, 914
1697, 942, 952
1698, 997, 968
1699, 931, 920
1700, 920, 922
1701, 972, 978
1702, 922, 972
1703, 947, 931
1704, 908, 943
1705, 906, 908
1706, 966, 906
1707, 943, 955
1708, 1809, 926
1709, 926, 1812
1710, 954, 1809
1711, 944, 1004
1712, 981, 944
1713, 964, 984
1714, 985, 964
1715, 984, 1816
1716, 1812, 1928
1717, 1817, 947
1718, 947, 978
1719, 990, 966
1720, 955, 992
1721, 966, 955
1722, 952, 1819
1723, 983, 952
1724, 986, 969
1725, 969, 951
1726, 999, 986
1727, 951, 982
1728, 976, 1814
1729, 974, 956
1730, 956, 976
1731, 959, 967
1732, 980, 965
1733, 967, 977
1734, 965, 959
1735, 987, 961
1736, 973, 1821
1737, 946, 973
1738, 961, 946
1739, 991, 979
1740, 979, 954
1741, 954, 1812
1742, 1813, 953
1743, 953, 996
1744, 975, 958
1745, 958, 1820
1746, 978, 994
1747, 1817, 978
1748, 993, 988
1749, 977, 975
1750, 1006, 977
1751, 975, 1820
1752, 1000, 1816
1753, 1001, 991
1754, 991, 998
1755, 1814, 1813
1756, 1813, 1007
1757, 997, 983
1758, 983, 1819
1759, 1929, 974
1760, 974, 1016
1761, 1819, 989
1762, 989, 980
1763, 980, 1014
1764, 1008, 999
1765, 982, 1818
1766, 999, 982
1767, 992, 1011
1768, 1002, 992
1769, 1005, 981
1770, 981, 1815
1771, 1036, 1815
1772, 1018, 1029
1773, 1816, 1005
1774, 1005, 1036
1775, 1036, 1060
1776, 1812, 1930
1777, 998, 1812
1778, 1032, 998
1779, 1031, 1024
1780, 1014, 1006
1781, 1025, 1014
1782, 1038, 1820
1783, 995, 1002
1784, 1002, 1034
1785, 1041, 1026
1786, 1029, 1818
1787, 1044, 1029
1788, 1015, 1032
1789, 1032, 1045
1790, 1023, 1028
1791, 996, 997
1792, 1007, 996
1793, 1040, 1007
1794, 1030, 1025
1795, 1025, 1057
1796, 1931, 1027
1797, 1020, 1038
1798, 1038, 1076
1799, 1035, 1040
1800, 1040, 1823
1801, 1034, 1033
1802, 1067, 1034
1803, 1016, 1017
1804, 1027, 1016
1805, 1052, 1027
1806, 994, 1003
1807, 1043, 994
1808, 1003, 987
1809, 987, 993
1810, 993, 1031
1811, 1031, 1061
1812, 1010, 1003
1813, 1028, 1019
1814, 1059, 1028
1815, 1009, 1817
1816, 1817, 1043
1817, 1821, 985
1818, 985, 1000
1819, 1000, 1041
1820, 1041, 1050
1821, 1039, 1074
1822, 1821, 1054
1823, 1001, 1015
1824, 1015, 1822
1825, 1049, 1012
1826, 1818, 990
1827, 990, 995
1828, 995, 1062
1829, 1012, 1818
1830, 1081, 1012
1831, 1011, 1009
1832, 1033, 1011
1833, 1051, 1033
1834, 1009, 1039
1835, 1039, 1098
1836, 1075, 1042
1837, 1042, 1010
1838, 1010, 1065
1839, 1107, 1042
1840, 1021, 1035
1841, 1035, 1084
1842, 1019, 1819
1843, 1046, 1019
1844, 1819, 1030
1845, 1030, 1824
1846, 1113, 1819
1847, 1006, 1020
1848, 1078, 1006
1849, 1820, 1008
1850, 1008, 1013
1851, 1077, 1820
1852, 1026, 1816
1853, 1816, 1047
1854, 1037, 1026
1855, 1047, 1072
1856, 1826, 1047
1857, 1070, 1932
1858, 1823, 1022
1859, 1933, 1055
1860, 1017, 1814
1861, 1814, 1021
1862, 1058, 1017
1863, 1021, 1093
1864, 1020, 1048
1865, 1110, 1020
1866, 997, 1023
1867, 1023, 1069
1868, 1022, 997
1869, 1090, 1022
1870, 1013, 1018
1871, 1018, 1053
1872, 1122, 1013
1873, 988, 1821
1874, 1024, 988
1875, 1056, 1024
1876, 1821, 1085
1877, 1004, 1001
1878, 1815, 1004
1879, 1063, 1815
1880, 1001, 1105
1881, 1105, 1822
1882, 1116, 1105
1883, 1050, 1087
1884, 1054, 1050
1885, 1100, 1054
1886, 1073, 1063
1887, 1063, 1116
1888, 1116, 1136
1889, 1064, 1056
1890, 1085, 1100
1891, 1056, 1085
1892, 1100, 1117
1893, 1084, 1080
1894, 1109, 1084
1895, 1082, 1059
1896, 1059, 1046
1897, 1046, 1108
1898, 1053, 1066
1899, 1133, 1053
1900, 1061, 1064
1901, 1065, 1061
1902, 1088, 1065
1903, 1064, 1104
1904, 1068, 1075
1905, 1075, 1145
1906, 1087, 1037
1907, 1037, 1826
1908, 1048, 1076
1909, 1126, 1048
1910, 1080, 1823
1911, 1823, 1090
1912, 1090, 1099
1913, 1092, 1080
1914, 1125, 1113
1915, 1113, 1824
1916, 1057, 1078
1917, 1824, 1057
1918, 1078, 1091
1919, 1106, 1824
1920, 1055, 1052
1921, 1052, 1071
1922, 1121, 1055
1923, 1066, 1044
1924, 1044, 1049
1925, 1049, 1112
1926, 1097, 1066
1927, 1069, 1082
1928, 1099, 1069
1929, 1082, 1089
1930, 1135, 1099
1931, 1043, 1068
1932, 1074, 1043
1933, 1102, 1074
1934, 1068, 1083
1935, 1076, 1077
1936, 1077, 1111
1937, 1095, 1076
1938, 1071, 1058
1939, 1093, 1825
1940, 1058, 1093
1941, 1096, 1071
1942, 1062, 1067
1943, 1067, 1079
1944, 1138, 1081
1945, 1081, 1062
1946, 1079, 1051
1947, 1098, 1119
1948, 1051, 1098
1949, 1094, 1079
1950, 1060, 1073
1951, 1072, 1060
1952, 1141, 1072
1953, 1073, 1086
1954, 1045, 1070
1955, 1822, 1045
1956, 1070, 1103
1957, 1101, 1822
1958, 1825, 1109
1959, 1109, 1092
1960, 1092, 1123
1961, 1111, 1122
1962, 1122, 1133
1963, 1120, 1095
1964, 1095, 1111
1965, 1129, 1102
1966, 1083, 1130
1967, 1102, 1083
1968, 1826, 1143
1969, 1117, 1087
1970, 1139, 1117
1971, 1087, 1826
1972, 1103, 1934
1973, 1132, 1101
1974, 1101, 1103
1975, 1091, 1110
1976, 1110, 1131
1977, 1124, 1106
1978, 1106, 1091
1979, 1112, 1118
1980, 1134, 1097
1981, 1097, 1112
1982, 1119, 1831
1983, 1114, 1094
1984, 1094, 1119
1985, 1115, 1096
1986, 1096, 1825
1987, 1825, 1829
1988, 1108, 1125
1989, 1089, 1108
1990, 1125, 1827
1991, 1128, 1089
1992, 1144, 1107
1993, 1107, 1088
1994, 1104, 1137
1995, 1088, 1104
1996, 1086, 1127
1997, 1142, 1086
1998, 1146, 1132
1999, 1132, 1167
2000, 1148, 1129
2001, 1130, 1153
2002, 1129, 1130
2003, 1136, 1146
2004, 1127, 1136
2005, 1142, 1127
2006, 1131, 1126
2007, 1126, 1120
2008, 1120, 1166
2009, 1147, 1131
2010, 1123, 1140
2011, 1829, 1123
2012, 1827, 1124
2013, 1124, 1160
2014, 1935, 1121
2015, 1121, 1115
2016, 1115, 1164
2017, 1830, 1128
2018, 1128, 1827
2019, 1118, 1138
2020, 1163, 1118
2021, 1138, 1114
2022, 1114, 1165
2023, 1149, 1138
2024, 1137, 1158
2025, 1152, 1137
2026, 1156, 1139
2027, 1139, 1143
2028, 1143, 1151
2029, 1183, 1143
2030, 1160, 1168
2031, 1187, 1160
2032, 1151, 1141
2033, 1141, 1142
2034, 1142, 1185
2035, 1159, 1151
2036, 1150, 1152
2037, 1152, 1192
2038, 1133, 1134
2039, 1134, 1163
2040, 1163, 1190
2041, 1180, 1188
2042, 1165, 1831
2043, 1179, 1165
2044, 1831, 1148
2045, 1148, 1189
2046, 1189, 1171
2047, 1218, 1189
2048, 1146, 1184
2049, 1155, 1146
2050, 1181, 1827
2051, 1191, 1164
2052, 1162, 1149
2053, 1149, 1179
2054, 1179, 1832
2055, 1192, 1170
2056, 1209, 1192
2057, 1828, 1183
2058, 1183, 1206
2059, 1185, 1172
2060, 1200, 1185
2061, 1175, 1187
2062, 1187, 1197
2063, 1173, 1191
2064, 1191, 1232
2065, 1829, 1182
2066, 1193, 1174
2067, 1830, 1181
2068, 1181, 1215
2069, 1190, 1162
2070, 1201, 1190
2071, 1166, 1161
2072, 1188, 1166
2073, 1205, 1188
2074, 1167, 1936
2075, 1184, 1167
2076, 1204, 1184
2077, 1158, 1156
2078, 1170, 1158
2079, 1156, 1828
2080, 1229, 1170
2081, 1172, 1155
2082, 1155, 1176
2083, 1237, 1172
2084, 1140, 1135
2085, 1135, 1830
2086, 1174, 1140
2087, 1235, 1174
2088, 1194, 1186
2089, 1154, 1133
2090, 1133, 1219
2091, 1195, 1210
2092, 1164, 1829
2093, 1217, 1164
2094, 1829, 1178
2095, 1827, 1157
2096, 1213, 1827
2097, 1830, 1214
2098, 1239, 1830
2099, 1937, 1173
2100, 1173, 1233
2101, 1265, 1938
2102, 1178, 1198
2103, 1251, 1178
2104, 1157, 1175
2105, 1175, 1208
2106, 1242, 1157
2107, 1168, 1147
2108, 1147, 1180
2109, 1186, 1168
2110, 1180, 1196
2111, 1260, 1186
2112, 1161, 1154
2113, 1212, 1161
2114, 1154, 1254
2115, 1162, 1169
2116, 1202, 1162
2117, 1169, 1199
2118, 1236, 1169
2119, 1216, 1831
2120, 1831, 1231
2121, 1845, 1831
2122, 1828, 1221
2123, 1259, 1828
2124, 1228, 1177
2125, 1177, 1159
2126, 1159, 1222
2127, 1273, 1177
2128, 1211, 1939
2129, 1145, 1144
2130, 1153, 1145
2131, 1144, 1150
2132, 1171, 1153
2133, 1150, 1195
2134, 1230, 1171
2135, 1195, 1244
2136, 1176, 1207
2137, 1834, 1176
2138, 1204, 1211
2139, 1211, 1263
2140, 1210, 1209
2141, 1209, 1227
2142, 1270, 1210
2143, 1220, 1202
2144, 1202, 1833
2145, 1222, 1200
2146, 1200, 1234
2147, 1261, 1222
2148, 1208, 1203
2149, 1267, 1208
2150, 1226, 1205
2151, 1205, 1212
2152, 1212, 1271
2153, 1231, 1218
2154, 1218, 1223
2155, 1835, 1231
2156, 1199, 1832
2157, 1281, 1236
2158, 1236, 1199
2159, 1215, 1225
2160, 1214, 1215
2161, 1264, 1214
2162, 1832, 1216
2163, 1216, 1269
2164, 1243, 1832
2165, 1223, 1230
2166, 1244, 1256
2167, 1230, 1244
2168, 1247, 1223
2169, 1182, 1193
2170, 1198, 1182
2171, 1193, 1238
2172, 1258, 1198
2173, 1219, 1201
2174, 1201, 1220
2175, 1254, 1219
2176, 1271, 1254
2177, 1220, 1245
2178, 1839, 1271
2179, 1206, 1224
2180, 1221, 1206
2181, 1253, 1221
2182, 1224, 1228
2183, 1228, 1837
2184, 1252, 1224
2185, 1233, 1240
2186, 1278, 1265
2187, 1265, 1233
2188, 1225, 1213
2189, 1213, 1242
2190, 1242, 1286
2191, 1246, 1225
2192, 1197, 1194
2193, 1203, 1197
2194, 1194, 1257
2195, 1249, 1203
2196, 1232, 1217
2197, 1240, 1232
2198, 1217, 1251
2199, 1251, 1295
2200, 1248, 1240
2201, 1241, 1235
2202, 1235, 1239
2203, 1239, 1264
2204, 1264, 1284
2205, 1196, 1226
2206, 1274, 1260
2207, 1260, 1196
2208, 1226, 1255
2209, 1227, 1229
2210, 1229, 1259
2211, 1259, 1276
2212, 1262, 1227
2213, 1207, 1204
2214, 1834, 1207
2215, 1204, 1250
2216, 1234, 1237
2217, 1237, 1836
2218, 1266, 1234
2219, 1837, 1273
2220, 1273, 1261
2221, 1261, 1266
2222, 1266, 1268
2223, 1263, 1940
2224, 1250, 1263
2225, 1275, 1250
2226, 1256, 1289
2227, 1835, 1247
2228, 1247, 1256
2229, 1844, 1274
2230, 1255, 1282
2231, 1274, 1255
2232, 1284, 1246
2233, 1246, 1286
2234, 2007, 1278
2235, 1278, 1248
2236, 1248, 1843
2237, 1289, 1270
2238, 1270, 1262
2239, 1262, 1272
2240, 1840, 1289
2241, 1238, 1241
2242, 1283, 1258
2243, 1258, 1238
2244, 1241, 1279
2245, 1257, 1844
2246, 1288, 1267
2247, 1267, 1249
2248, 1249, 1257
2249, 1245, 1290
2250, 1280, 1245
2251, 1269, 1845
2252, 1277, 1243
2253, 1243, 1269
2254, 1285, 1253
2255, 1253, 1252
2256, 1252, 1292
2257, 1839, 1280
2258, 1280, 1302
2259, 1833, 1281
2260, 1281, 1277
2261, 1277, 1309
2262, 1836, 1834
2263, 1834, 1275
2264, 1275, 1305
2265, 1307, 1843
2266, 1294, 1283
2267, 1279, 1842
2268, 1283, 1279
2269, 1286, 1293
2270, 1311, 1286
2271, 1297, 1299
2272, 1845, 1835
2273, 1835, 1840
2274, 1276, 1301
2275, 1272, 1276
2276, 1319, 1272
2277, 1298, 1296
2278, 1282, 1287
2279, 1314, 1282
2280, 1268, 1291
2281, 1304, 1268
2282, 1291, 1836
2283, 1327, 1291
2284, 1335, 1323
2285, 1305, 1941
2286, 1343, 1305
2287, 1301, 1285
2288, 1285, 1298
2289, 1312, 1301
2290, 1298, 1339
2291, 1306, 1343
2292, 1343, 1347
2293, 1314, 1325
2294, 1328, 1841
2295, 1839, 1334
2296, 1309, 1300
2297, 1321, 1309
2298, 1316, 1324
2299, 1293, 1288
2300, 1288, 1297
2301, 1297, 1340
2302, 1329, 1293
2303, 1293, 1318
2304, 1310, 1311
2305, 1311, 1329
2306, 1329, 1362
2307, 2007, 1307
2308, 1307, 1838
2309, 2007, 1315
2310, 1292, 1837
2311, 1296, 1292
2312, 1339, 1296
2313, 1356, 1339
2314, 1299, 1844
2315, 1340, 1299
2316, 1355, 1340
2317, 1838, 1332
2318, 1324, 1842
2319, 1363, 1324
2320, 1287, 1839
2321, 1325, 1287
2322, 1357, 1325
2323, 1839, 1308
2324, 1326, 1328
2325, 1328, 1353
2326, 1840, 1319
2327, 1841, 1840
2328, 1319, 1335
2329, 1335, 1846
2330, 1331, 1321
2331, 1321, 1360
2332, 1290, 1833
2333, 1302, 1290
2334, 1334, 1302
2335, 1833, 1320
2336, 1847, 1334
2337, 1837, 1304
2338, 1304, 1327
2339, 1327, 1344
2340, 1330, 1837
2341, 1336, 1380
2342, 1365, 1317
2343, 1320, 1322
2344, 1382, 1320
2345, 1322, 1331
2346, 1331, 1373
2347, 1420, 1322
2348, 1313, 1326
2349, 1326, 1385
2350, 1348, 1841
2351, 1841, 1337
2352, 1318, 1338
2353, 1369, 1318
2354, 1308, 1372
2355, 1317, 1308
2356, 1426, 1317
2357, 1337, 1350
2358, 1854, 1337
2359, 1323, 1312
2360, 1384, 1323
2361, 1295, 1294
2362, 1303, 1295
2363, 1294, 1316
2364, 1316, 1368
2365, 1338, 1354
2366, 1405, 1338
2367, 1367, 1341
2368, 1333, 1346
2369, 1315, 1358
2370, 1942, 1315
2371, 1842, 1284
2372, 1284, 1310
2373, 1310, 1352
2374, 1341, 1842
2375, 1409, 1341
2376, 1843, 1303
2377, 1332, 1843
2378, 1351, 1332
2379, 1303, 1406
2380, 1844, 1314
2381, 1314, 1333
2382, 1345, 1844
2383, 1333, 1392
2384, 1300, 1845
2385, 1845, 1313
2386, 1364, 1300
2387, 1313, 1425
2388, 1381, 1330
2389, 1330, 1342
2390, 1342, 1361
2391, 1397, 1342
2392, 1312, 1349
2393, 1416, 1312
2394, 1383, 1943
2395, 1836, 1306
2396, 1359, 1836
2397, 1306, 1336
2398, 1336, 1394
2399, 1847, 1382
2400, 1382, 1413
2401, 1344, 1366
2402, 1361, 1344
2403, 1411, 1361
2404, 1380, 1377
2405, 1848, 1380
2406, 1346, 1357
2407, 1357, 1371
2408, 1410, 1346
2409, 1360, 1364
2410, 1378, 1360
2411, 1364, 1418
2412, 1353, 1348
2413, 1386, 1353
2414, 1348, 1422
2415, 1376, 1381
2416, 1381, 1397
2417, 1397, 1441
2418, 1366, 1359
2419, 1394, 1852
2420, 1359, 1394
2421, 1389, 1366
2422, 1362, 1369
2423, 1375, 1362
2424, 1369, 1417
2425, 1354, 1355
2426, 1355, 1370
2427, 1400, 1354
2428, 1370, 1345
2429, 1392, 1427
2430, 1345, 1392
2431, 1387, 1370
2432, 1368, 1374
2433, 1406, 1368
2434, 1851, 1406
2435, 1846, 1384
2436, 1384, 1391
2437, 1374, 1363
2438, 1363, 1367
2439, 1367, 1421
2440, 1403, 1374
2441, 1352, 1375
2442, 1409, 1352
2443, 1375, 1388
2444, 1371, 1365
2445, 1365, 1432
2446, 1396, 1371
2447, 1373, 1378
2448, 1849, 1420
2449, 1420, 1373
2450, 1378, 1398
2451, 1385, 1386
2452, 1433, 1385
2453, 1386, 1401
2454, 1350, 1846
2455, 1407, 1350
2456, 1846, 1390
2457, 1358, 1838
2458, 1838, 1379
2459, 1402, 1358
2460, 1379, 1351
2461, 1351, 1851
2462, 1393, 1379
2463, 1347, 1383
2464, 1377, 1347
2465, 1383, 1408
2466, 1395, 1377
2467, 1349, 1356
2468, 1356, 1376
2469, 1424, 1349
2470, 1376, 1399
2471, 1372, 1847
2472, 1437, 1426
2473, 1426, 1372
2474, 1847, 1404
2475, 1399, 1453
2476, 1415, 1399
2477, 1436, 1405
2478, 1405, 1400
2479, 1400, 1387
2480, 1387, 1412
2481, 1413, 1435
2482, 1404, 1413
2483, 1437, 1404
2484, 1425, 1433
2485, 1418, 1425
2486, 1398, 1418
2487, 1849, 1398
2488, 1944, 1402
2489, 1402, 1393
2490, 1393, 1851
2491, 1421, 1423
2492, 1428, 1403
2493, 1403, 1421
2494, 1429, 1407
2495, 1391, 1416
2496, 1416, 1424
2497, 1390, 1391
2498, 1407, 1390
2499, 1408, 1945
2500, 1848, 1395
2501, 1395, 1408
2502, 1423, 1409
2503, 1388, 1414
2504, 1409, 1388
2505, 1434, 1410
2506, 1410, 1396
2507, 1396, 1431
2508, 1422, 1854
2509, 1401, 1422
2510, 1443, 1401
2511, 1419, 1411
2512, 1411, 1389
2513, 1389, 1430
2514, 1852, 1848
2515, 1848, 1452
2516, 1456, 1458
2517, 1451, 1457
2518, 1424, 1415
2519, 1415, 1468
2520, 1446, 1424
2521, 1439, 1419
2522, 1430, 1852
2523, 1419, 1430
2524, 1440, 1428
2525, 1428, 1466
2526, 1427, 1434
2527, 1412, 1427
2528, 1461, 1412
2529, 1434, 1444
2530, 1431, 1438
2531, 1454, 1431
2532, 2008, 1850
2533, 1417, 1436
2534, 1414, 1417
2535, 1436, 1853
2536, 1445, 1414
2537, 1455, 1449
2538, 1442, 1429
2539, 1429, 1462
2540, 1433, 1443
2541, 1443, 1455
2542, 1455, 1494
2543, 1462, 1446
2544, 1446, 1474
2545, 1495, 1462
2546, 1452, 1447
2547, 1486, 1452
2548, 1460, 1423
2549, 1423, 1445
2550, 1445, 1478
2551, 1432, 1437
2552, 1438, 1432
2553, 1492, 1438
2554, 1458, 1448
2555, 1482, 1458
2556, 1435, 1849
2557, 1448, 1435
2558, 1849, 1451
2559, 1451, 1496
2560, 1473, 1448
2561, 1467, 1495
2562, 1495, 1524
2563, 1468, 1470
2564, 1483, 1468
2565, 1441, 1439
2566, 1453, 1441
2567, 1464, 1453
2568, 1439, 1477
2569, 1491, 1850
2570, 1481, 1472
2571, 1488, 1486
2572, 1486, 1539
2573, 1476, 1471
2574, 1851, 1440
2575, 1850, 1851
2576, 1440, 1481
2577, 1459, 1850
2578, 1481, 1521
2579, 1450, 1456
2580, 1456, 1482
2581, 1482, 1516
2582, 1478, 1475
2583, 1503, 1478
2584, 1853, 1461
2585, 1461, 1476
2586, 1476, 1517
2587, 1457, 1433
2588, 1500, 1457
2589, 1433, 1463
2590, 1469, 1491
2591, 1491, 1525
2592, 1477, 1852
2593, 1508, 1477
2594, 1487, 1492
2595, 1492, 1513
2596, 1449, 1854
2597, 1494, 1449
2598, 1855, 1494
2599, 1485, 1483
2600, 1483, 1504
2601, 1463, 1493
2602, 1518, 1463
2603, 1470, 1464
2604, 1504, 1470
2605, 1464, 1489
2606, 1522, 1504
2607, 1489, 1527
2608, 1554, 1489
2609, 1852, 1465
2610, 1523, 1852
2611, 1465, 1488
2612, 1488, 1499
2613, 1573, 1465
2614, 1536, 1497
2615, 1528, 1459
2616, 1490, 1512
2617, 1480, 1506
2618, 1509, 1479
2619, 1437, 1450
2620, 1498, 1437
2621, 1450, 1530
2622, 2008, 1469
2623, 1469, 1480
2624, 1480, 1946
2625, 1466, 1460
2626, 1472, 1466
2627, 1460, 1490
2628, 1502, 1472
2629, 1490, 1576
2630, 1475, 1853
2631, 1542, 1475
2632, 1853, 1484
2633, 1484, 1511
2634, 1588, 1484
2635, 1444, 1454
2636, 1471, 1444
2637, 1454, 1487
2638, 1479, 1471
2639, 1487, 1541
2640, 1557, 1479
2641, 1510, 1854
2642, 1474, 1485
2643, 1485, 1514
2644, 1459, 1515
2645, 1564, 1459
2646, 1505, 1473
2647, 1473, 1501
2648, 1501, 1520
2649, 1561, 1501
2650, 1447, 1947
2651, 1497, 1447
2652, 1948, 1497
2653, 1534, 1498
2654, 1498, 1562
2655, 1854, 1442
2656, 1442, 1467
2657, 1467, 1535
2658, 1550, 1854
2659, 1540, 1474
2660, 1474, 1560
2661, 1493, 1519
2662, 1558, 1493
2663, 1499, 1856
2664, 1594, 1573
2665, 1573, 1499
2666, 1538, 1540
2667, 1560, 1585
2668, 1540, 1560
2669, 1514, 1537
2670, 1567, 1514
2671, 1507, 1518
2672, 1518, 1577
2673, 1855, 1510
2674, 1510, 1572
2675, 1541, 1857
2676, 1859, 1557
2677, 1557, 1541
2678, 1539, 1536
2679, 1856, 1539
2680, 1536, 1949
2681, 1519, 1855
2682, 1582, 1558
2683, 1558, 1519
2684, 1855, 1552
2685, 1506, 1533
2686, 1575, 1506
2687, 1511, 1526
2688, 1601, 1588
2689, 1588, 1511
2690, 1537, 1522
2691, 1522, 1559
2692, 1553, 1537
2693, 1531, 1508
2694, 1508, 1523
2695, 1523, 1579
2696, 1527, 1531
2697, 1559, 1554
2698, 1554, 1527
2699, 1603, 1559
2700, 1531, 1545
2701, 1516, 1505
2702, 1532, 1516
2703, 1505, 1561
2704, 1561, 1586
2705, 1529, 1502
2706, 1502, 1556
2707, 1513, 1534
2708, 1857, 1513
2709, 1534, 1568
2710, 1496, 1500
2711, 1520, 1496
2712, 1500, 1507
2713, 1551, 1520
2714, 1507, 1547
2715, 1525, 1528
2716, 1533, 1525
2717, 1528, 1592
2718, 1546, 1533
2719, 1503, 1542
2720, 1542, 1544
2721, 1517, 1509
2722, 1526, 1517
2723, 1509, 1563
2724, 1555, 1526
2725, 1521, 1529
2726, 1515, 1521
2727, 1590, 1564
2728, 1564, 1515
2729, 1529, 1543
2730, 1512, 1503
2731, 1576, 1512
2732, 1595, 1576
2733, 1503, 1549
2734, 1530, 1532
2735, 1562, 1530
2736, 1606, 1562
2737, 1532, 1565
2738, 1524, 1538
2739, 1535, 1524
2740, 1581, 1550
2741, 1550, 1535
2742, 1538, 1548
2743, 1578, 1567
2744, 1567, 1553
2745, 1553, 1605
2746, 1568, 1583
2747, 1589, 1857
2748, 1857, 1568
2749, 1552, 1570
2750, 1614, 1552
2751, 1950, 1575
2752, 1575, 1546
2753, 1546, 1587
2754, 1563, 1859
2755, 1584, 1555
2756, 1555, 1563
2757, 1556, 1595
2758, 1543, 1556
2759, 1566, 1543
2760, 1544, 1599
2761, 1549, 1544
2762, 1580, 1549
2763, 1861, 1551
2764, 1547, 1571
2765, 1551, 1547
2766, 1548, 1574
2767, 1593, 1548
2768, 1604, 1856
2769, 1856, 1591
2770, 1545, 1569
2771, 1610, 1545
2772, 1579, 1594
2773, 1594, 1608
2774, 1569, 1579
2775, 1624, 1569
2776, 1586, 1617
2777, 1565, 1586
2778, 1860, 1565
2779, 1574, 1609
2780, 1598, 1593
2781, 1593, 1574
2782, 1602, 1580
2783, 1580, 1607
2784, 1601, 1584
2785, 1584, 1630
2786, 1577, 1582
2787, 1571, 1577
2788, 1582, 1614
2789, 1861, 1571
2790, 1592, 1858
2791, 1587, 1592
2792, 1623, 1587
2793, 1858, 1590
2794, 1590, 1566
2795, 1566, 1620
2796, 1591, 1951
2797, 1611, 1591
2798, 1572, 1581
2799, 1570, 1572
2800, 1581, 1597
2801, 1618, 1570
2802, 1859, 1589
2803, 1589, 1613
2804, 1596, 1612
2805, 1651, 1637
2806, 1605, 1603
2807, 1612, 1605
2808, 1647, 1612
2809, 1652, 1654
2810, 1952, 1623
2811, 1623, 1657
2812, 1645, 1627
2813, 1621, 1646
2814, 1630, 1628
2815, 1646, 1630
2816, 1682, 1646
2817, 1644, 1658
2818, 1860, 1640
2819, 1650, 1626
2820, 1597, 1598
2821, 1598, 1656
2822, 1643, 1629
2823, 1608, 1604
2824, 1604, 1611
2825, 1622, 1608
2826, 1611, 1652
2827, 1652, 1862
2828, 1585, 1578
2829, 1600, 1585
2830, 1578, 1596
2831, 1596, 1647
2832, 1647, 1661
2833, 1638, 1641
2834, 1641, 1625
2835, 1866, 1641
2836, 1583, 1606
2837, 1606, 1860
2838, 1613, 1583
2839, 1658, 1613
2840, 1865, 1658
2841, 1860, 1635
2842, 1634, 1645
2843, 1645, 1864
2844, 1861, 1650
2845, 1650, 1667
2846, 1617, 1861
2847, 1640, 1617
2848, 1675, 1640
2849, 1616, 1618
2850, 1618, 1643
2851, 1643, 1690
2852, 1657, 1636
2853, 1663, 1657
2854, 1656, 1632
2855, 1660, 1656
2856, 1624, 1651
2857, 1651, 1662
2858, 1614, 1616
2859, 1619, 1614
2860, 1616, 1692
2861, 1609, 1600
2862, 1632, 1609
2863, 1600, 1677
2864, 1642, 1632
2865, 1628, 1859
2866, 1859, 1644
2867, 1649, 1628
2868, 1644, 1693
2869, 1635, 1648
2870, 1665, 1635
2871, 1687, 1653
2872, 1685, 1642
2873, 1642, 1703
2874, 1633, 1689
2875, 1654, 1639
2876, 1701, 1654
2877, 1631, 1673
2878, 1595, 1602
2879, 1615, 1595
2880, 1602, 1634
2881, 1634, 1672
2882, 1599, 1601
2883, 1607, 1599
2884, 1627, 1607
2885, 1601, 1621
2886, 1664, 1627
2887, 1621, 1631
2888, 1631, 1695
2889, 1858, 1638
2890, 1638, 1688
2891, 1636, 1858
2892, 1671, 1636
2893, 1858, 1713
2894, 1629, 1597
2895, 1597, 1668
2896, 1653, 1629
2897, 1707, 1653
2898, 1953, 1678
2899, 1603, 1610
2900, 1610, 1624
2901, 1666, 1603
2902, 1624, 1633
2903, 1633, 1714
2904, 1620, 1615
2905, 1625, 1620
2906, 1679, 1625
2907, 1615, 1712
2908, 1683, 1649
2909, 1649, 1954
2910, 1674, 1861
2911, 1861, 1700
2912, 1955, 1861
2913, 1637, 1622
2914, 1659, 1637
2915, 1622, 1655
2916, 1639, 1956
2917, 1957, 1639
2918, 1648, 1680
2919, 2009, 1648
2920, 1626, 1619
2921, 1676, 1626
2922, 1619, 1863
2923, 1655, 1862
2924, 1958, 1655
2925, 1670, 1660
2926, 1660, 1685
2927, 1685, 1722
2928, 1689, 1686
2929, 1720, 1689
2930, 1862, 1699
2931, 1959, 1862
2932, 1675, 1674
2933, 1674, 1960
2934, 1692, 1694
2935, 1863, 1692
2936, 1672, 1864
2937, 1712, 1672
2938, 1868, 1712
2939, 1673, 1682
2940, 1682, 1691
2941, 1723, 1673
2942, 1693, 1865
2943, 2010, 1693
2944, 1667, 1681
2945, 1700, 1667
2946, 1710, 1700
2947, 1661, 1669
2948, 1677, 1661
2949, 1703, 1677
2950, 1708, 1703
2951, 1662, 1659
2952, 1686, 1662
2953, 1659, 1867
2954, 1709, 1686
2955, 1691, 1683
2956, 1683, 1961
2957, 1702, 1691
2958, 1866, 1679
2959, 1679, 1868
2960, 1865, 1665
2961, 1665, 2009
2962, 1697, 1865
2963, 1680, 1675
2964, 1711, 1680
2965, 1675, 1719
2966, 1678, 1684
2967, 1962, 1678
2968, 1688, 1866
2969, 1713, 1688
2970, 2013, 1713
2971, 1866, 1705
2972, 1690, 1687
2973, 1694, 1690
2974, 1687, 1963
2975, 1716, 1694
2976, 1681, 1676
2977, 1676, 1863
2978, 1863, 1964
2979, 1706, 1681
2980, 1684, 1663
2981, 1663, 1671
2982, 1671, 1717
2983, 1704, 1684
2984, 1864, 1664
2985, 1695, 1723
2986, 1664, 1695
2987, 1715, 1864
2988, 1723, 1965
2989, 1668, 1670
2990, 1966, 1707
2991, 1707, 1668
2992, 1670, 1696
2993, 1669, 1666
2994, 1714, 2011
2995, 1666, 1714
2996, 1698, 1669
2997, 1699, 1701
2998, 1701, 1967
2999, 1968, 1699
3000, 1696, 1721
3001, 1969, 1696
3002, 1970, 1710
3003, 1710, 1706
3004, 1706, 1971
3005, 2010, 1697
3006, 1697, 2009
3007, 2011, 1720
3008, 1720, 1709
3009, 1709, 1867
3010, 1728, 1715
3011, 1715, 1972
3012, 1717, 2013
3013, 1973, 1704
3014, 1704, 1717
3015, 1705, 1974
3016, 1727, 1705
3017, 1975, 1702
3018, 1702, 1976
3019, 1977, 1716
3020, 1716, 1718
3021, 2009, 1711
3022, 1719, 1725
3023, 1711, 1719
3024, 1726, 1708
3025, 1708, 1698
3026, 1698, 1724
3027, 1718, 1978
3028, 1979, 1718
3029, 1725, 1980
3030, 1981, 1725
3031, 1722, 1726
3032, 1721, 1722
3033, 1982, 1721
3034, 1726, 1983
3035, 1867, 1984
3036, 1985, 1867
3037, 2012, 1728
3038, 1728, 1986
3039, 2010, 1987
3040, 1724, 2011
3041, 1988, 1724
3042, 1989, 2010
3043, 1868, 2012
3044, 1990, 1868
3045, 2013, 1727
3046, 1727, 1991
3047, 1992, 2013
