1, 5, 615
2, 6, 616
3, 7, 617
4, 8, 618
5, 2, 619
6, 620, 1
7, 1, 621
8, 4, 622
9, 623, 3
10, 3, 624
11, 9, 625
12, 626, 10
13, 11, 627
14, 628, 12
15, 10, 629
16, 6, 630
17, 20, 631
18, 632, 7
19, 19, 633
20, 8, 634
21, 18, 635
22, 636, 4
23, 17, 637
24, 638, 2
25, 12, 639
26, 765, 640
27, 13, 641
28, 642, 14
29, 2, 1
30, 643, 5
31, 14, 644
32, 16, 645
33, 646, 15
34, 26, 647
35, 648, 11
36, 25, 649
37, 5, 6
38, 650, 9
39, 15, 651
40, 21, 765
41, 765, 22
42, 9, 10
43, 24, 2
44, 2, 23
45, 22, 652
46, 19, 7
47, 7, 8
48, 31, 7
49, 8, 18
50, 30, 8
51, 17, 4
52, 4, 3
53, 32, 4
54, 3, 16
55, 33, 3
56, 1, 13
57, 23, 1
58, 28, 5
59, 5, 27
60, 13, 14
61, 6, 20
62, 27, 6
63, 34, 9
64, 9, 29
65, 653, 26
66, 25, 11
67, 11, 12
68, 36, 11
69, 12, 24
70, 37, 12
71, 20, 19
72, 10, 21
73, 29, 10
74, 21, 22
75, 38, 13
76, 13, 35
77, 30, 18
78, 18, 17
79, 41, 18
80, 17, 32
81, 44, 17
82, 33, 16
83, 16, 15
84, 43, 16
85, 15, 34
86, 42, 15
87, 14, 28
88, 35, 14
89, 40, 20
90, 20, 39
91, 28, 27
92, 19, 31
93, 39, 19
94, 46, 21
95, 21, 45
96, 654, 26
97, 26, 25
98, 51, 26
99, 25, 36
100, 50, 25
101, 37, 24
102, 24, 23
103, 49, 24
104, 23, 38
105, 47, 23
106, 31, 30
107, 22, 655
108, 45, 22
109, 48, 28
110, 28, 52
111, 44, 32
112, 32, 33
113, 59, 32
114, 33, 43
115, 56, 33
116, 42, 34
117, 34, 29
118, 57, 34
119, 29, 46
120, 58, 29
121, 27, 40
122, 52, 27
123, 54, 31
124, 31, 53
125, 40, 39
126, 30, 41
127, 53, 30
128, 55, 656
129, 50, 36
130, 36, 37
131, 65, 36
132, 37, 49
133, 63, 37
134, 47, 38
135, 38, 35
136, 60, 38
137, 35, 48
138, 64, 35
139, 41, 44
140, 657, 51
141, 61, 40
142, 40, 62
143, 56, 43
144, 43, 42
145, 71, 43
146, 42, 57
147, 70, 42
148, 58, 46
149, 46, 45
150, 68, 46
151, 45, 55
152, 69, 45
153, 51, 50
154, 39, 54
155, 62, 39
156, 66, 41
157, 41, 67
158, 54, 53
159, 44, 59
160, 67, 44
161, 63, 49
162, 49, 47
163, 75, 49
164, 47, 60
165, 74, 47
166, 64, 48
167, 48, 52
168, 77, 48
169, 52, 61
170, 78, 52
171, 59, 56
172, 658, 51
173, 51, 72
174, 50, 65
175, 72, 50
176, 76, 54
177, 54, 73
178, 69, 55
179, 55, 659
180, 83, 55
181, 58, 68
182, 70, 57
183, 57, 58
184, 58, 82
185, 81, 57
186, 65, 63
187, 53, 66
188, 73, 53
189, 79, 59
190, 59, 80
191, 66, 67
192, 56, 71
193, 80, 56
194, 74, 60
195, 60, 64
196, 87, 60
197, 64, 77
198, 88, 64
199, 78, 61
200, 61, 62
201, 90, 61
202, 62, 76
203, 89, 62
204, 71, 70
205, 84, 65
206, 65, 85
207, 660, 72
208, 63, 75
209, 85, 63
210, 91, 66
211, 66, 86
212, 69, 83
213, 82, 68
214, 68, 69
215, 69, 96
216, 95, 68
217, 75, 74
218, 67, 79
219, 86, 67
220, 92, 71
221, 71, 93
222, 79, 80
223, 661, 94
224, 70, 81
225, 93, 70
226, 88, 77
227, 77, 78
228, 99, 77
229, 78, 90
230, 100, 78
231, 89, 76
232, 76, 73
233, 102, 76
234, 73, 91
235, 101, 73
236, 72, 84
237, 94, 72
238, 81, 82
239, 98, 75
240, 75, 97
241, 84, 85
242, 74, 87
243, 97, 74
244, 103, 79
245, 79, 104
246, 96, 83
247, 83, 662
248, 109, 83
249, 87, 88
250, 80, 92
251, 104, 80
252, 106, 81
253, 81, 105
254, 92, 93
255, 108, 84
256, 84, 107
257, 82, 95
258, 105, 82
259, 100, 90
260, 90, 89
261, 113, 90
262, 89, 102
263, 115, 89
264, 101, 91
265, 91, 86
266, 117, 91
267, 86, 103
268, 116, 86
269, 85, 98
270, 107, 85
271, 95, 96
272, 111, 87
273, 87, 110
274, 98, 97
275, 88, 99
276, 110, 88
277, 114, 92
278, 92, 112
279, 663, 94
280, 94, 108
281, 122, 94
282, 99, 100
283, 93, 106
284, 112, 93
285, 119, 95
286, 95, 118
287, 106, 105
288, 120, 98
289, 98, 121
290, 96, 109
291, 118, 96
292, 115, 102
293, 102, 101
294, 127, 102
295, 101, 117
296, 130, 101
297, 116, 103
298, 103, 104
299, 129, 103
300, 104, 114
301, 128, 104
302, 97, 111
303, 121, 97
304, 109, 664
305, 124, 99
306, 99, 123
307, 111, 110
308, 100, 113
309, 123, 100
310, 125, 106
311, 106, 126
312, 122, 108
313, 108, 107
314, 134, 108
315, 107, 120
316, 135, 107
317, 113, 115
318, 105, 119
319, 126, 105
320, 131, 109
321, 109, 665
322, 119, 118
323, 132, 111
324, 111, 133
325, 130, 117
326, 117, 116
327, 143, 117
328, 116, 129
329, 142, 116
330, 128, 114
331, 114, 112
332, 140, 114
333, 112, 125
334, 141, 112
335, 110, 124
336, 133, 110
337, 137, 113
338, 113, 136
339, 124, 123
340, 115, 127
341, 136, 115
342, 139, 119
343, 119, 138
344, 666, 122
345, 122, 134
346, 148, 122
347, 135, 120
348, 120, 121
349, 147, 120
350, 121, 132
351, 146, 121
352, 127, 130
353, 118, 131
354, 138, 118
355, 131, 667
356, 145, 124
357, 124, 144
358, 141, 125
359, 125, 126
360, 154, 125
361, 126, 139
362, 153, 126
363, 142, 129
364, 129, 128
365, 151, 129
366, 128, 140
367, 152, 128
368, 123, 137
369, 144, 123
370, 149, 127
371, 127, 150
372, 137, 136
373, 130, 143
374, 150, 130
375, 156, 131
376, 131, 155
377, 148, 134
378, 134, 135
379, 157, 134
380, 135, 147
381, 158, 135
382, 146, 132
383, 132, 133
384, 160, 132
385, 133, 145
386, 161, 133
387, 143, 142
388, 155, 668
389, 159, 137
390, 137, 162
391, 153, 139
392, 139, 138
393, 168, 139
394, 138, 156
395, 166, 138
396, 141, 154
397, 152, 140
398, 140, 141
399, 141, 167
400, 165, 140
401, 669, 148
402, 136, 149
403, 162, 136
404, 164, 143
405, 143, 163
406, 149, 150
407, 142, 151
408, 163, 142
409, 158, 147
410, 147, 146
411, 172, 147
412, 146, 160
413, 169, 146
414, 161, 145
415, 145, 144
416, 171, 145
417, 144, 159
418, 170, 144
419, 151, 152
420, 148, 157
421, 670, 148
422, 173, 149
423, 149, 174
424, 166, 156
425, 156, 155
426, 178, 156
427, 155, 671
428, 179, 155
429, 153, 168
430, 167, 154
431, 154, 153
432, 153, 177
433, 180, 154
434, 157, 158
435, 150, 164
436, 174, 150
437, 176, 151
438, 151, 175
439, 164, 163
440, 152, 165
441, 175, 152
442, 169, 160
443, 160, 161
444, 188, 160
445, 161, 171
446, 185, 161
447, 170, 159
448, 159, 162
449, 186, 159
450, 162, 173
451, 187, 162
452, 165, 167
453, 182, 157
454, 157, 181
455, 158, 172
456, 181, 158
457, 183, 164
458, 164, 184
459, 179, 672
460, 166, 178
461, 177, 168
462, 168, 166
463, 166, 192
464, 191, 168
465, 172, 169
466, 163, 176
467, 184, 163
468, 189, 165
469, 165, 190
470, 176, 175
471, 167, 180
472, 190, 167
473, 185, 171
474, 171, 170
475, 196, 171
476, 170, 186
477, 200, 170
478, 187, 173
479, 173, 174
480, 198, 173
481, 174, 183
482, 199, 174
483, 673, 182
484, 180, 177
485, 193, 172
486, 172, 194
487, 182, 181
488, 169, 188
489, 194, 169
490, 197, 176
491, 176, 195
492, 179, 674
493, 192, 178
494, 178, 179
495, 179, 206
496, 205, 178
497, 188, 185
498, 175, 189
499, 195, 175
500, 202, 180
501, 180, 201
502, 189, 190
503, 204, 182
504, 182, 203
505, 177, 191
506, 201, 177
507, 200, 186
508, 186, 187
509, 211, 186
510, 187, 198
511, 210, 187
512, 199, 183
513, 183, 184
514, 212, 183
515, 184, 197
516, 214, 184
517, 181, 193
518, 203, 181
519, 191, 192
520, 207, 188
521, 188, 208
522, 193, 194
523, 185, 196
524, 208, 185
525, 213, 189
526, 189, 209
527, 675, 204
528, 206, 676
529, 196, 200
530, 190, 202
531, 209, 190
532, 215, 191
533, 191, 216
534, 202, 201
535, 218, 193
536, 193, 217
537, 192, 205
538, 216, 192
539, 210, 198
540, 198, 199
541, 224, 198
542, 199, 212
543, 223, 199
544, 214, 197
545, 197, 195
546, 221, 197
547, 195, 213
548, 222, 195
549, 194, 207
550, 217, 194
551, 205, 206
552, 219, 196
553, 196, 220
554, 207, 208
555, 200, 211
556, 220, 200
557, 225, 202
558, 202, 226
559, 677, 204
560, 204, 203
561, 231, 204
562, 203, 218
563, 230, 203
564, 211, 210
565, 201, 215
566, 226, 201
567, 228, 205
568, 205, 227
569, 215, 216
570, 229, 207
571, 207, 232
572, 206, 678
573, 227, 206
574, 222, 213
575, 213, 209
576, 240, 213
577, 209, 225
578, 239, 209
579, 223, 212
580, 212, 214
581, 237, 212
582, 214, 221
583, 238, 214
584, 208, 219
585, 232, 208
586, 234, 211
587, 211, 233
588, 219, 220
589, 210, 224
590, 233, 210
591, 236, 215
592, 215, 235
593, 679, 231
594, 230, 218
595, 218, 217
596, 244, 218
597, 217, 229
598, 243, 217
599, 224, 223
600, 216, 228
601, 235, 216
602, 228, 227
603, 241, 219
604, 219, 242
605, 239, 225
606, 225, 226
607, 250, 225
608, 226, 236
609, 249, 226
610, 222, 240
611, 238, 221
612, 221, 222
613, 222, 251
614, 252, 221
615, 220, 234
616, 242, 220
617, 245, 224
618, 224, 246
619, 234, 233
620, 223, 237
621, 246, 223
622, 248, 228
623, 228, 247
624, 680, 231
625, 231, 230
626, 258, 231
627, 230, 244
628, 257, 230
629, 243, 229
630, 229, 232
631, 255, 229
632, 232, 241
633, 256, 232
634, 237, 238
635, 227, 681
636, 247, 227
637, 254, 234
638, 234, 253
639, 249, 236
640, 236, 235
641, 263, 236
642, 235, 248
643, 264, 235
644, 239, 250
645, 251, 240
646, 240, 239
647, 239, 261
648, 262, 240
649, 233, 245
650, 253, 233
651, 260, 237
652, 237, 259
653, 245, 246
654, 238, 252
655, 259, 238
656, 265, 682
657, 257, 244
658, 244, 243
659, 267, 244
660, 243, 255
661, 268, 243
662, 256, 241
663, 241, 242
664, 269, 241
665, 242, 254
666, 270, 242
667, 252, 251
668, 683, 258
669, 271, 245
670, 245, 266
671, 264, 248
672, 248, 247
673, 276, 248
674, 247, 265
675, 277, 247
676, 249, 263
677, 261, 250
678, 250, 249
679, 249, 275
680, 274, 250
681, 258, 257
682, 246, 260
683, 266, 246
684, 273, 252
685, 252, 272
686, 260, 259
687, 251, 262
688, 272, 251
689, 268, 255
690, 255, 256
691, 279, 255
692, 256, 269
693, 280, 256
694, 270, 254
695, 254, 253
696, 282, 254
697, 253, 271
698, 283, 253
699, 262, 261
700, 684, 258
701, 258, 278
702, 257, 267
703, 278, 257
704, 281, 260
705, 260, 284
706, 277, 265
707, 265, 685
708, 288, 265
709, 264, 276
710, 275, 263
711, 263, 264
712, 264, 287
713, 289, 263
714, 267, 268
715, 259, 273
716, 284, 259
717, 286, 262
718, 262, 285
719, 273, 272
720, 261, 274
721, 285, 261
722, 280, 269
723, 269, 270
724, 297, 269
725, 270, 282
726, 294, 270
727, 283, 271
728, 271, 266
729, 296, 271
730, 266, 281
731, 295, 266
732, 274, 275
733, 291, 267
734, 267, 290
735, 686, 278
736, 268, 279
737, 290, 268
738, 292, 273
739, 273, 293
740, 277, 288
741, 287, 276
742, 276, 277
743, 277, 302
744, 301, 276
745, 279, 280
746, 272, 286
747, 293, 272
748, 299, 274
749, 274, 298
750, 286, 285
751, 687, 300
752, 275, 289
753, 298, 275
754, 294, 282
755, 282, 283
756, 306, 282
757, 283, 296
758, 310, 283
759, 295, 281
760, 281, 284
761, 308, 281
762, 284, 292
763, 309, 284
764, 278, 291
765, 300, 278
766, 289, 287
767, 304, 279
768, 279, 303
769, 291, 290
770, 280, 297
771, 303, 280
772, 307, 286
773, 286, 305
774, 302, 288
775, 288, 688
776, 315, 288
777, 297, 294
778, 285, 299
779, 305, 285
780, 311, 289
781, 289, 312
782, 299, 298
783, 313, 291
784, 291, 314
785, 287, 301
786, 312, 287
787, 309, 292
788, 292, 293
789, 321, 292
790, 293, 307
791, 320, 293
792, 310, 296
793, 296, 295
794, 322, 296
795, 295, 308
796, 323, 295
797, 290, 304
798, 314, 290
799, 301, 302
800, 316, 297
801, 297, 317
802, 304, 303
803, 294, 306
804, 317, 294
805, 319, 299
806, 299, 318
807, 689, 300
808, 300, 313
809, 328, 300
810, 306, 310
811, 298, 311
812, 318, 298
813, 324, 301
814, 301, 325
815, 311, 312
816, 327, 304
817, 304, 326
818, 302, 315
819, 325, 302
820, 320, 307
821, 307, 305
822, 334, 307
823, 305, 319
824, 333, 305
825, 309, 321
826, 323, 308
827, 308, 309
828, 309, 331
829, 332, 308
830, 303, 316
831, 326, 303
832, 315, 690
833, 330, 306
834, 306, 329
835, 316, 317
836, 310, 322
837, 329, 310
838, 335, 311
839, 311, 336
840, 328, 313
841, 313, 314
842, 338, 313
843, 314, 327
844, 339, 314
845, 322, 323
846, 312, 324
847, 336, 312
848, 337, 315
849, 315, 691
850, 324, 325
851, 341, 316
852, 316, 340
853, 333, 319
854, 319, 318
855, 347, 319
856, 318, 335
857, 346, 318
858, 320, 334
859, 331, 321
860, 321, 320
861, 320, 345
862, 344, 321
863, 317, 330
864, 340, 317
865, 343, 322
866, 322, 342
867, 330, 329
868, 323, 332
869, 342, 323
870, 349, 324
871, 324, 348
872, 328, 338
873, 339, 327
874, 327, 326
875, 353, 327
876, 326, 341
877, 352, 326
878, 692, 328
879, 328, 351
880, 332, 331
881, 325, 337
882, 348, 325
883, 337, 693
884, 350, 330
885, 330, 354
886, 346, 335
887, 335, 336
888, 362, 335
889, 336, 349
890, 361, 336
891, 333, 347
892, 345, 334
893, 334, 333
894, 333, 359
895, 360, 334
896, 329, 343
897, 354, 329
898, 356, 332
899, 332, 355
900, 343, 342
901, 331, 344
902, 355, 331
903, 357, 337
904, 337, 358
905, 351, 338
906, 338, 339
907, 368, 338
908, 339, 353
909, 365, 339
910, 352, 341
911, 341, 340
912, 367, 341
913, 340, 350
914, 366, 340
915, 344, 345
916, 358, 694
917, 363, 343
918, 343, 364
919, 361, 349
920, 349, 348
921, 371, 349
922, 348, 357
923, 372, 348
924, 346, 362
925, 359, 347
926, 347, 346
927, 346, 374
928, 373, 347
929, 695, 351
930, 342, 356
931, 364, 342
932, 369, 344
933, 344, 370
934, 356, 355
935, 345, 360
936, 370, 345
937, 366, 350
938, 350, 354
939, 378, 350
940, 354, 363
941, 379, 354
942, 365, 353
943, 353, 352
944, 376, 353
945, 352, 367
946, 380, 352
947, 360, 359
948, 351, 368
949, 696, 351
950, 377, 356
951, 356, 375
952, 372, 357
953, 357, 358
954, 385, 357
955, 358, 697
956, 386, 358
957, 361, 371
958, 374, 362
959, 362, 361
960, 361, 384
961, 383, 362
962, 368, 365
963, 355, 369
964, 375, 355
965, 381, 360
966, 360, 382
967, 369, 370
968, 359, 373
969, 382, 359
970, 366, 378
971, 379, 363
972, 363, 364
973, 393, 363
974, 364, 377
975, 392, 364
976, 380, 367
977, 367, 366
978, 366, 391
979, 390, 367
980, 373, 374
981, 387, 368
982, 368, 388
983, 365, 376
984, 388, 365
985, 394, 369
986, 369, 389
987, 386, 698
988, 372, 385
989, 384, 371
990, 371, 372
991, 372, 398
992, 397, 371
993, 376, 380
994, 370, 381
995, 389, 370
996, 396, 373
997, 373, 395
998, 381, 382
999, 374, 383
1000, 395, 374
1001, 392, 377
1002, 377, 375
1003, 403, 377
1004, 375, 394
1005, 401, 375
1006, 391, 378
1007, 378, 379
1008, 404, 378
1009, 379, 393
1010, 402, 379
1011, 699, 387
1012, 383, 384
1013, 399, 376
1014, 376, 400
1015, 387, 388
1016, 380, 390
1017, 400, 380
1018, 405, 381
1019, 381, 406
1020, 386, 700
1021, 398, 385
1022, 385, 386
1023, 386, 411
1024, 412, 385
1025, 390, 391
1026, 382, 396
1027, 406, 382
1028, 408, 383
1029, 383, 407
1030, 396, 395
1031, 410, 387
1032, 387, 409
1033, 384, 397
1034, 407, 384
1035, 401, 394
1036, 394, 389
1037, 418, 394
1038, 389, 405
1039, 419, 389
1040, 392, 403
1041, 402, 393
1042, 393, 392
1043, 392, 417
1044, 420, 393
1045, 388, 399
1046, 409, 388
1047, 397, 398
1048, 414, 390
1049, 390, 413
1050, 399, 400
1051, 391, 404
1052, 413, 391
1053, 415, 396
1054, 396, 416
1055, 701, 410
1056, 411, 702
1057, 404, 402
1058, 395, 408
1059, 416, 395
1060, 421, 397
1061, 397, 422
1062, 408, 407
1063, 423, 399
1064, 399, 424
1065, 398, 412
1066, 422, 398
1067, 419, 405
1068, 405, 406
1069, 430, 405
1070, 406, 415
1071, 431, 406
1072, 401, 418
1073, 417, 403
1074, 403, 401
1075, 401, 432
1076, 428, 403
1077, 400, 414
1078, 424, 400
1079, 412, 411
1080, 425, 404
1081, 404, 426
1082, 414, 413
1083, 402, 420
1084, 426, 402
1085, 429, 408
1086, 408, 427
1087, 703, 410
1088, 410, 409
1089, 437, 410
1090, 409, 423
1091, 438, 409
1092, 420, 417
1093, 407, 421
1094, 427, 407
1095, 434, 412
1096, 412, 433
1097, 421, 422
1098, 436, 414
1099, 414, 435
1100, 411, 704
1101, 433, 411
1102, 431, 415
1103, 415, 416
1104, 444, 415
1105, 416, 429
1106, 446, 416
1107, 419, 430
1108, 432, 418
1109, 418, 419
1110, 419, 443
1111, 442, 418
1112, 413, 425
1113, 435, 413
1114, 439, 420
1115, 420, 440
1116, 425, 426
1117, 417, 428
1118, 440, 417
1119, 445, 421
1120, 421, 441
1121, 705, 437
1122, 438, 423
1123, 423, 424
1124, 448, 423
1125, 424, 436
1126, 449, 424
1127, 428, 432
1128, 422, 434
1129, 441, 422
1130, 434, 433
1131, 450, 425
1132, 425, 447
1133, 446, 429
1134, 429, 427
1135, 456, 429
1136, 427, 445
1137, 455, 427
1138, 431, 444
1139, 443, 430
1140, 430, 431
1141, 431, 453
1142, 454, 430
1143, 426, 439
1144, 447, 426
1145, 451, 428
1146, 428, 452
1147, 439, 440
1148, 432, 442
1149, 452, 432
1150, 457, 434
1151, 434, 458
1152, 449, 436
1153, 436, 435
1154, 462, 436
1155, 435, 450
1156, 461, 435
1157, 706, 437
1158, 437, 438
1159, 459, 437
1160, 438, 448
1161, 463, 438
1162, 442, 443
1163, 433, 707
1164, 458, 433
1165, 460, 439
1166, 439, 464
1167, 455, 445
1168, 445, 441
1169, 471, 445
1170, 441, 457
1171, 470, 441
1172, 446, 456
1173, 453, 444
1174, 444, 446
1175, 446, 469
1176, 468, 444
1177, 440, 451
1178, 464, 440
1179, 466, 442
1180, 442, 465
1181, 451, 452
1182, 443, 454
1183, 465, 443
1184, 467, 708
1185, 449, 462
1186, 461, 450
1187, 450, 447
1188, 475, 450
1189, 447, 460
1190, 476, 447
1191, 463, 448
1192, 448, 449
1193, 449, 474
1194, 477, 448
1195, 454, 453
1196, 709, 459
1197, 472, 451
1198, 451, 473
1199, 470, 457
1200, 457, 458
1201, 480, 457
1202, 458, 467
1203, 481, 458
1204, 455, 471
1205, 469, 456
1206, 456, 455
1207, 455, 482
1208, 483, 456
1209, 459, 463
1210, 452, 466
1211, 473, 452
1212, 479, 454
1213, 454, 478
1214, 466, 465
1215, 453, 468
1216, 478, 453
1217, 476, 460
1218, 460, 464
1219, 488, 460
1220, 464, 472
1221, 487, 464
1222, 474, 462
1223, 462, 461
1224, 489, 462
1225, 461, 475
1226, 490, 461
1227, 468, 469
1228, 710, 459
1229, 459, 484
1230, 463, 477
1231, 484, 463
1232, 485, 466
1233, 466, 486
1234, 481, 467
1235, 467, 711
1236, 493, 467
1237, 470, 480
1238, 482, 471
1239, 471, 470
1240, 470, 495
1241, 494, 471
1242, 477, 474
1243, 465, 479
1244, 486, 465
1245, 492, 468
1246, 468, 491
1247, 479, 478
1248, 469, 483
1249, 491, 469
1250, 487, 472
1251, 472, 473
1252, 501, 472
1253, 473, 485
1254, 502, 473
1255, 476, 488
1256, 490, 475
1257, 475, 476
1258, 476, 503
1259, 499, 475
1260, 483, 482
1261, 497, 477
1262, 477, 496
1263, 712, 484
1264, 474, 489
1265, 496, 474
1266, 500, 479
1267, 479, 498
1268, 481, 493
1269, 495, 480
1270, 480, 481
1271, 481, 508
1272, 507, 480
1273, 489, 490
1274, 478, 492
1275, 498, 478
1276, 505, 483
1277, 483, 504
1278, 492, 491
1279, 713, 506
1280, 482, 494
1281, 504, 482
1282, 502, 485
1283, 485, 486
1284, 514, 485
1285, 486, 500
1286, 515, 486
1287, 487, 501
1288, 503, 488
1289, 488, 487
1290, 487, 511
1291, 512, 488
1292, 484, 497
1293, 506, 484
1294, 494, 495
1295, 509, 489
1296, 489, 510
1297, 497, 496
1298, 490, 499
1299, 510, 490
1300, 513, 492
1301, 492, 516
1302, 508, 493
1303, 493, 714
1304, 521, 493
1305, 499, 503
1306, 491, 505
1307, 516, 491
1308, 518, 494
1309, 494, 517
1310, 505, 504
1311, 519, 497
1312, 497, 520
1313, 495, 507
1314, 517, 495
1315, 515, 500
1316, 500, 498
1317, 524, 500
1318, 498, 513
1319, 525, 498
1320, 502, 514
1321, 511, 501
1322, 501, 502
1323, 502, 526
1324, 527, 501
1325, 496, 509
1326, 520, 496
1327, 507, 508
1328, 523, 499
1329, 499, 522
1330, 509, 510
1331, 503, 512
1332, 522, 503
1333, 528, 505
1334, 505, 529
1335, 715, 506
1336, 506, 519
1337, 533, 506
1338, 512, 511
1339, 504, 518
1340, 529, 504
1341, 531, 507
1342, 507, 530
1343, 518, 517
1344, 532, 509
1345, 509, 534
1346, 508, 521
1347, 530, 508
1348, 525, 513
1349, 513, 516
1350, 542, 513
1351, 516, 528
1352, 541, 516
1353, 515, 524
1354, 526, 514
1355, 514, 515
1356, 515, 540
1357, 539, 514
1358, 510, 523
1359, 534, 510
1360, 521, 716
1361, 536, 512
1362, 512, 535
1363, 523, 522
1364, 511, 527
1365, 535, 511
1366, 538, 518
1367, 518, 537
1368, 533, 519
1369, 519, 520
1370, 547, 519
1371, 520, 532
1372, 546, 520
1373, 527, 526
1374, 517, 531
1375, 537, 517
1376, 543, 521
1377, 521, 717
1378, 531, 530
1379, 544, 523
1380, 523, 545
1381, 541, 528
1382, 528, 529
1383, 553, 528
1384, 529, 538
1385, 550, 529
1386, 525, 542
1387, 540, 524
1388, 524, 525
1389, 525, 554
1390, 555, 524
1391, 522, 536
1392, 545, 522
1393, 548, 527
1394, 527, 549
1395, 536, 535
1396, 526, 539
1397, 549, 526
1398, 552, 531
1399, 531, 551
1400, 533, 547
1401, 546, 532
1402, 532, 534
1403, 558, 532
1404, 534, 544
1405, 559, 534
1406, 718, 533
1407, 533, 560
1408, 539, 540
1409, 530, 543
1410, 551, 530
1411, 543, 719
1412, 557, 536
1413, 536, 556
1414, 550, 538
1415, 538, 537
1416, 563, 538
1417, 537, 552
1418, 567, 537
1419, 541, 553
1420, 554, 542
1421, 542, 541
1422, 541, 566
1423, 565, 542
1424, 535, 548
1425, 556, 535
1426, 562, 539
1427, 539, 561
1428, 548, 549
1429, 540, 555
1430, 561, 540
1431, 568, 543
1432, 543, 564
1433, 559, 544
1434, 544, 545
1435, 572, 544
1436, 545, 557
1437, 573, 545
1438, 560, 547
1439, 547, 546
1440, 570, 547
1441, 546, 558
1442, 571, 546
1443, 555, 554
1444, 564, 720
1445, 574, 548
1446, 548, 569
1447, 567, 552
1448, 552, 551
1449, 580, 552
1450, 551, 568
1451, 579, 551
1452, 550, 563
1453, 566, 553
1454, 553, 550
1455, 550, 577
1456, 578, 553
1457, 721, 560
1458, 549, 562
1459, 569, 549
1460, 575, 555
1461, 555, 576
1462, 562, 561
1463, 554, 565
1464, 576, 554
1465, 573, 557
1466, 557, 556
1467, 582, 557
1468, 556, 574
1469, 584, 556
1470, 559, 572
1471, 571, 558
1472, 558, 559
1473, 559, 583
1474, 585, 558
1475, 565, 566
1476, 560, 570
1477, 722, 560
1478, 581, 562
1479, 562, 586
1480, 579, 568
1481, 568, 564
1482, 592, 568
1483, 564, 723
1484, 591, 564
1485, 567, 580
1486, 577, 563
1487, 563, 567
1488, 567, 589
1489, 590, 563
1490, 570, 571
1491, 561, 575
1492, 586, 561
1493, 588, 565
1494, 565, 587
1495, 575, 576
1496, 566, 578
1497, 587, 566
1498, 584, 574
1499, 574, 569
1500, 599, 574
1501, 569, 581
1502, 598, 569
1503, 573, 582
1504, 583, 572
1505, 572, 573
1506, 573, 597
1507, 600, 572
1508, 578, 577
1509, 594, 570
1510, 570, 593
1511, 571, 585
1512, 593, 571
1513, 595, 575
1514, 575, 596
1515, 591, 724
1516, 579, 592
1517, 589, 580
1518, 580, 579
1519, 579, 604
1520, 603, 580
1521, 585, 583
1522, 576, 588
1523, 596, 576
1524, 601, 578
1525, 578, 602
1526, 588, 587
1527, 577, 590
1528, 602, 577
1529, 598, 581
1530, 581, 586
1531, 611, 581
1532, 586, 595
1533, 610, 586
1534, 584, 599
1535, 597, 582
1536, 582, 584
1537, 584, 612
1538, 608, 582
1539, 725, 594
1540, 590, 589
1541, 605, 585
1542, 585, 606
1543, 594, 593
1544, 583, 600
1545, 606, 583
1546, 609, 588
1547, 588, 607
1548, 591, 726
1549, 604, 592
1550, 592, 591
1551, 591, 727
1552, 728, 592
1553, 600, 597
1554, 587, 601
1555, 607, 587
1556, 613, 590
1557, 590, 614
1558, 601, 602
1559, 729, 594
1560, 594, 766
1561, 589, 603
1562, 614, 589
1563, 610, 595
1564, 595, 596
1565, 730, 595
1566, 596, 609
1567, 731, 596
1568, 598, 611
1569, 612, 599
1570, 599, 598
1571, 598, 732
1572, 733, 599
1573, 593, 605
1574, 766, 593
1575, 603, 604
1576, 734, 600
1577, 600, 735
1578, 605, 606
1579, 597, 608
1580, 736, 597
1581, 737, 601
1582, 601, 738
1583, 608, 612
1584, 602, 613
1585, 739, 602
1586, 740, 603
1587, 603, 741
1588, 613, 614
1589, 742, 605
1590, 605, 743
1591, 604, 744
1592, 745, 604
1593, 746, 609
1594, 609, 607
1595, 747, 609
1596, 607, 748
1597, 749, 607
1598, 610, 750
1599, 751, 611
1600, 611, 610
1601, 610, 752
1602, 753, 611
1603, 606, 754
1604, 755, 606
1605, 756, 608
1606, 608, 757
1607, 612, 758
1608, 759, 612
1609, 760, 613
1610, 613, 761
1611, 762, 766
1612, 614, 763
1613, 764, 614
