1, 60, 741
2, 742, 647
3, 743, 60
4, 60, 49
5, 744, 86
6, 745, 121
7, 746, 142
8, 747, 169
9, 254, 748
10, 749, 206
11, 750, 254
12, 254, 257
13, 751, 265
14, 752, 294
15, 753, 648
16, 754, 358
17, 755, 395
18, 756, 433
19, 757, 447
20, 758, 824
21, 824, 502
22, 759, 513
23, 760, 562
24, 761, 575
25, 762, 608
26, 763, 644
27, 647, 764
28, 37, 647
29, 647, 649
30, 49, 37
31, 86, 49
32, 100, 86
33, 37, 40
34, 105, 100
35, 100, 650
36, 121, 105
37, 142, 121
38, 158, 142
39, 105, 116
40, 169, 158
41, 184, 169
42, 158, 147
43, 206, 184
44, 218, 206
45, 184, 192
46, 231, 218
47, 218, 210
48, 257, 231
49, 265, 257
50, 272, 265
51, 231, 242
52, 294, 272
53, 320, 294
54, 272, 278
55, 648, 320
56, 320, 300
57, 358, 648
58, 365, 358
59, 648, 651
60, 385, 365
61, 365, 652
62, 395, 385
63, 408, 395
64, 385, 379
65, 433, 408
66, 447, 433
67, 456, 447
68, 408, 424
69, 489, 456
70, 456, 448
71, 502, 489
72, 513, 502
73, 533, 513
74, 489, 497
75, 544, 533
76, 533, 523
77, 562, 544
78, 575, 562
79, 544, 653
80, 594, 575
81, 575, 564
82, 608, 594
83, 633, 608
84, 594, 593
85, 644, 633
86, 825, 644
87, 633, 634
88, 825, 826
89, 649, 765
90, 34, 649
91, 649, 13
92, 40, 34
93, 650, 40
94, 34, 36
95, 104, 650
96, 650, 75
97, 116, 104
98, 147, 116
99, 156, 147
100, 104, 106
101, 177, 156
102, 156, 161
103, 192, 177
104, 204, 192
105, 177, 179
106, 210, 204
107, 242, 210
108, 258, 242
109, 204, 205
110, 269, 258
111, 258, 654
112, 278, 269
113, 300, 278
114, 269, 270
115, 651, 300
116, 300, 318
117, 652, 651
118, 651, 655
119, 379, 652
120, 396, 379
121, 652, 656
122, 419, 396
123, 396, 398
124, 424, 419
125, 448, 424
126, 469, 448
127, 419, 657
128, 490, 469
129, 469, 458
130, 497, 490
131, 523, 497
132, 537, 523
133, 490, 499
134, 653, 537
135, 537, 535
136, 564, 653
137, 569, 564
138, 653, 545
139, 593, 569
140, 612, 593
141, 569, 581
142, 634, 612
143, 612, 609
144, 826, 634
145, 634, 639
146, 4, 766
147, 13, 4
148, 36, 13
149, 64, 36
150, 4, 658
151, 70, 64
152, 64, 68
153, 75, 70
154, 106, 75
155, 70, 69
156, 139, 106
157, 106, 115
158, 161, 139
159, 179, 161
160, 188, 179
161, 139, 135
162, 205, 188
163, 219, 205
164, 188, 190
165, 654, 219
166, 219, 215
167, 270, 654
168, 654, 249
169, 301, 270
170, 270, 274
171, 318, 301
172, 655, 318
173, 301, 292
174, 656, 655
175, 655, 336
176, 398, 656
177, 656, 659
178, 657, 398
179, 398, 660
180, 458, 657
181, 657, 421
182, 488, 458
183, 458, 457
184, 499, 488
185, 518, 499
186, 488, 480
187, 535, 518
188, 545, 535
189, 553, 545
190, 518, 519
191, 581, 553
192, 553, 554
193, 609, 581
194, 581, 573
195, 625, 609
196, 609, 661
197, 639, 625
198, 767, 639
199, 625, 632
200, 658, 827
201, 48, 658
202, 658, 24
203, 68, 48
204, 69, 68
205, 83, 69
206, 48, 35
207, 115, 83
208, 83, 103
209, 135, 115
210, 143, 135
211, 115, 108
212, 175, 143
213, 143, 152
214, 190, 175
215, 207, 190
216, 175, 171
217, 215, 207
218, 249, 215
219, 207, 662
220, 274, 249
221, 281, 274
222, 249, 663
223, 292, 281
224, 281, 275
225, 325, 292
226, 292, 319
227, 336, 325
228, 659, 336
229, 325, 664
230, 660, 659
231, 659, 368
232, 412, 660
233, 660, 382
234, 421, 412
235, 457, 421
236, 471, 457
237, 412, 420
238, 480, 471
239, 486, 480
240, 471, 454
241, 519, 486
242, 486, 509
243, 547, 519
244, 519, 532
245, 554, 547
246, 573, 554
247, 589, 573
248, 547, 546
249, 661, 589
250, 589, 588
251, 620, 661
252, 661, 606
253, 632, 620
254, 768, 632
255, 620, 627
256, 12, 769
257, 24, 12
258, 35, 24
259, 45, 35
260, 12, 25
261, 91, 45
262, 45, 665
263, 103, 91
264, 108, 103
265, 119, 108
266, 91, 99
267, 133, 119
268, 119, 118
269, 152, 133
270, 171, 152
271, 191, 171
272, 133, 137
273, 662, 191
274, 191, 187
275, 663, 662
276, 662, 197
277, 275, 663
278, 663, 247
279, 306, 275
280, 275, 280
281, 319, 306
282, 664, 319
283, 306, 295
284, 355, 664
285, 664, 327
286, 368, 355
287, 382, 368
288, 387, 382
289, 355, 666
290, 420, 387
291, 432, 420
292, 387, 381
293, 454, 432
294, 465, 454
295, 432, 426
296, 494, 465
297, 465, 462
298, 509, 494
299, 510, 509
300, 494, 667
301, 532, 510
302, 546, 532
303, 561, 546
304, 510, 511
305, 565, 561
306, 561, 560
307, 588, 565
308, 606, 588
309, 565, 668
310, 627, 606
311, 646, 627
312, 606, 603
313, 770, 646
314, 646, 669
315, 25, 771
316, 665, 25
317, 25, 22
318, 81, 665
319, 665, 38
320, 99, 81
321, 118, 99
322, 122, 118
323, 81, 82
324, 137, 122
325, 162, 137
326, 122, 114
327, 167, 162
328, 162, 151
329, 187, 167
330, 197, 187
331, 201, 197
332, 167, 670
333, 247, 201
334, 255, 247
335, 201, 671
336, 263, 255
337, 255, 241
338, 280, 263
339, 295, 280
340, 307, 295
341, 263, 276
342, 327, 307
343, 341, 327
344, 307, 298
345, 666, 341
346, 341, 339
347, 381, 666
348, 401, 381
349, 666, 672
350, 426, 401
351, 401, 402
352, 445, 426
353, 426, 417
354, 462, 445
355, 667, 462
356, 445, 466
357, 511, 667
358, 536, 511
359, 667, 673
360, 551, 536
361, 536, 674
362, 560, 551
363, 668, 560
364, 551, 558
365, 603, 668
366, 614, 603
367, 668, 577
368, 669, 614
369, 614, 615
370, 772, 669
371, 669, 635
372, 22, 773
373, 38, 22
374, 55, 38
375, 22, 18
376, 82, 55
377, 95, 82
378, 55, 59
379, 109, 95
380, 95, 89
381, 114, 109
382, 140, 114
383, 109, 675
384, 151, 140
385, 670, 151
386, 140, 138
387, 671, 670
388, 670, 186
389, 230, 671
390, 671, 196
391, 241, 230
392, 276, 241
393, 284, 276
394, 230, 248
395, 298, 284
396, 316, 298
397, 284, 283
398, 339, 316
399, 347, 339
400, 316, 322
401, 672, 347
402, 347, 330
403, 391, 672
404, 672, 676
405, 402, 391
406, 417, 402
407, 436, 417
408, 391, 406
409, 466, 436
410, 473, 466
411, 436, 415
412, 673, 473
413, 473, 463
414, 674, 673
415, 673, 503
416, 550, 674
417, 674, 522
418, 558, 550
419, 577, 558
420, 550, 677
421, 607, 577
422, 577, 678
423, 615, 607
424, 616, 615
425, 607, 601
426, 635, 616
427, 774, 635
428, 616, 679
429, 18, 775
430, 31, 18
431, 32, 31
432, 31, 19
433, 59, 32
434, 78, 59
435, 32, 39
436, 89, 78
437, 675, 89
438, 78, 97
439, 138, 675
440, 675, 680
441, 173, 138
442, 138, 134
443, 186, 173
444, 196, 186
445, 211, 196
446, 173, 174
447, 238, 211
448, 211, 224
449, 248, 238
450, 271, 248
451, 238, 228
452, 283, 271
453, 310, 283
454, 271, 264
455, 322, 310
456, 330, 322
457, 310, 321
458, 676, 330
459, 330, 324
460, 394, 676
461, 676, 373
462, 406, 394
463, 415, 406
464, 427, 415
465, 394, 380
466, 443, 427
467, 427, 431
468, 463, 443
469, 491, 463
470, 443, 449
471, 503, 491
472, 522, 503
473, 528, 522
474, 491, 481
475, 677, 528
476, 528, 538
477, 678, 677
478, 677, 681
479, 601, 678
480, 613, 601
481, 678, 682
482, 679, 613
483, 613, 683
484, 776, 679
485, 679, 640
486, 9, 777
487, 19, 9
488, 39, 19
489, 63, 39
490, 9, 23
491, 84, 63
492, 63, 57
493, 97, 84
494, 680, 97
495, 84, 85
496, 134, 680
497, 145, 134
498, 680, 120
499, 174, 145
500, 145, 684
501, 209, 174
502, 174, 685
503, 224, 209
504, 228, 224
505, 235, 228
506, 209, 217
507, 264, 235
508, 279, 264
509, 235, 236
510, 309, 279
511, 279, 686
512, 321, 309
513, 324, 321
514, 335, 324
515, 309, 687
516, 360, 335
517, 335, 688
518, 373, 360
519, 380, 373
520, 388, 380
521, 360, 356
522, 411, 388
523, 388, 689
524, 431, 411
525, 449, 431
526, 411, 418
527, 481, 449
528, 492, 481
529, 449, 690
530, 525, 492
531, 492, 485
532, 538, 525
533, 681, 538
534, 525, 527
535, 682, 681
536, 681, 542
537, 683, 682
538, 682, 584
539, 631, 683
540, 683, 600
541, 640, 631
542, 778, 640
543, 631, 636
544, 23, 779
545, 46, 23
546, 23, 26
547, 57, 46
548, 85, 57
549, 46, 42
550, 120, 85
551, 85, 691
552, 684, 120
553, 120, 692
554, 685, 684
555, 684, 146
556, 217, 685
557, 225, 217
558, 685, 178
559, 236, 225
560, 252, 236
561, 225, 208
562, 686, 252
563, 252, 251
564, 687, 686
565, 686, 285
566, 688, 687
567, 687, 299
568, 356, 688
569, 688, 337
570, 689, 356
571, 356, 352
572, 418, 689
573, 429, 418
574, 689, 403
575, 690, 429
576, 429, 693
577, 485, 690
578, 500, 485
579, 690, 446
580, 516, 500
581, 500, 508
582, 527, 516
583, 542, 527
584, 555, 542
585, 516, 694
586, 584, 555
587, 555, 548
588, 600, 584
589, 610, 600
590, 584, 587
591, 619, 610
592, 610, 695
593, 636, 619
594, 780, 636
595, 619, 628
596, 781, 828
597, 2, 782
598, 26, 2
599, 42, 26
600, 58, 42
601, 2, 10
602, 691, 58
603, 58, 52
604, 692, 691
605, 691, 74
606, 146, 692
607, 164, 146
608, 692, 129
609, 178, 164
610, 189, 178
611, 164, 153
612, 208, 189
613, 221, 208
614, 189, 194
615, 233, 221
616, 221, 212
617, 251, 233
618, 285, 251
619, 233, 243
620, 299, 285
621, 314, 299
622, 285, 267
623, 332, 314
624, 314, 313
625, 337, 332
626, 352, 337
627, 372, 352
628, 332, 343
629, 392, 372
630, 372, 370
631, 403, 392
632, 693, 403
633, 392, 696
634, 446, 693
635, 474, 446
636, 693, 414
637, 493, 474
638, 474, 475
639, 508, 493
640, 694, 508
641, 493, 506
642, 548, 694
643, 694, 521
644, 583, 548
645, 548, 697
646, 587, 583
647, 695, 587
648, 583, 578
649, 628, 695
650, 638, 628
651, 695, 605
652, 828, 638
653, 638, 698
654, 10, 783
655, 30, 10
656, 33, 30
657, 30, 21
658, 52, 33
659, 74, 52
660, 94, 74
661, 33, 699
662, 113, 94
663, 94, 76
664, 129, 113
665, 153, 129
666, 113, 124
667, 170, 153
668, 153, 148
669, 194, 170
670, 199, 194
671, 170, 172
672, 212, 199
673, 243, 212
674, 261, 243
675, 199, 198
676, 267, 261
677, 261, 260
678, 303, 267
679, 267, 277
680, 313, 303
681, 326, 313
682, 303, 311
683, 343, 326
684, 363, 343
685, 326, 700
686, 370, 363
687, 696, 370
688, 363, 362
689, 414, 696
690, 434, 414
691, 696, 701
692, 467, 434
693, 434, 437
694, 475, 467
695, 484, 475
696, 467, 452
697, 506, 484
698, 521, 506
699, 484, 496
700, 697, 521
701, 521, 702
702, 563, 697
703, 697, 543
704, 578, 563
705, 605, 578
706, 563, 574
707, 698, 605
708, 605, 599
709, 784, 698
710, 698, 621
711, 7, 785
712, 21, 7
713, 699, 21
714, 7, 27
715, 76, 699
716, 98, 76
717, 699, 703
718, 111, 98
719, 98, 90
720, 124, 111
721, 148, 124
722, 157, 148
723, 111, 127
724, 172, 157
725, 180, 172
726, 157, 149
727, 198, 180
728, 223, 198
729, 180, 704
730, 234, 223
731, 223, 214
732, 260, 234
733, 277, 260
734, 234, 246
735, 296, 277
736, 277, 282
737, 311, 296
738, 700, 311
739, 296, 302
740, 362, 700
741, 371, 362
742, 700, 328
743, 701, 371
744, 371, 351
745, 409, 701
746, 701, 386
747, 437, 409
748, 452, 437
749, 460, 452
750, 409, 413
751, 477, 460
752, 460, 453
753, 496, 477
754, 702, 496
755, 477, 476
756, 543, 702
757, 556, 543
758, 702, 517
759, 574, 556
760, 585, 574
761, 556, 705
762, 591, 585
763, 585, 586
764, 599, 591
765, 621, 599
766, 641, 621
767, 591, 611
768, 786, 641
769, 641, 623
770, 1, 787
771, 27, 1
772, 703, 27
773, 1, 5
774, 73, 703
775, 703, 43
776, 90, 73
777, 123, 90
778, 73, 706
779, 127, 123
780, 149, 127
781, 159, 149
782, 123, 707
783, 704, 159
784, 159, 155
785, 214, 704
786, 226, 214
787, 704, 182
788, 237, 226
789, 226, 708
790, 246, 237
791, 282, 246
792, 237, 245
793, 290, 282
794, 282, 286
795, 302, 290
796, 328, 302
797, 344, 328
798, 290, 308
799, 351, 344
800, 359, 351
801, 344, 338
802, 377, 359
803, 359, 357
804, 386, 377
805, 413, 386
806, 428, 413
807, 377, 378
808, 453, 428
809, 428, 410
810, 476, 453
811, 498, 476
812, 453, 459
813, 517, 498
814, 529, 517
815, 498, 709
816, 705, 529
817, 529, 534
818, 571, 705
819, 705, 552
820, 586, 571
821, 597, 586
822, 571, 570
823, 611, 597
824, 623, 611
825, 629, 623
826, 597, 595
827, 788, 629
828, 629, 622
829, 5, 789
830, 17, 5
831, 43, 17
832, 53, 43
833, 17, 20
834, 706, 53
835, 53, 67
836, 707, 706
837, 706, 72
838, 155, 707
839, 163, 155
840, 707, 130
841, 182, 163
842, 193, 182
843, 163, 710
844, 708, 193
845, 193, 711
846, 245, 708
847, 708, 227
848, 286, 245
849, 288, 286
850, 245, 240
851, 308, 288
852, 288, 712
853, 331, 308
854, 308, 305
855, 338, 331
856, 357, 338
857, 366, 357
858, 331, 713
859, 378, 366
860, 390, 378
861, 366, 364
862, 410, 390
863, 430, 410
864, 390, 714
865, 442, 430
866, 430, 423
867, 459, 442
868, 709, 459
869, 442, 440
870, 512, 709
871, 709, 505
872, 534, 512
873, 540, 534
874, 512, 514
875, 552, 540
876, 570, 552
877, 582, 570
878, 540, 539
879, 595, 582
880, 582, 715
881, 622, 595
882, 642, 622
883, 595, 604
884, 790, 642
885, 642, 716
886, 20, 791
887, 29, 20
888, 61, 29
889, 29, 6
890, 67, 61
891, 72, 67
892, 92, 72
893, 61, 66
894, 125, 92
895, 92, 102
896, 130, 125
897, 710, 130
898, 125, 126
899, 711, 710
900, 710, 132
901, 220, 711
902, 711, 195
903, 227, 220
904, 232, 227
905, 220, 213
906, 240, 232
907, 712, 240
908, 232, 717
909, 289, 712
910, 712, 718
911, 305, 289
912, 713, 305
913, 289, 297
914, 348, 713
915, 713, 340
916, 364, 348
917, 714, 364
918, 348, 349
919, 407, 714
920, 714, 399
921, 423, 407
922, 440, 423
923, 461, 440
924, 407, 416
925, 482, 461
926, 461, 451
927, 505, 482
928, 514, 505
929, 526, 514
930, 482, 719
931, 539, 526
932, 559, 539
933, 526, 720
934, 715, 559
935, 559, 721
936, 598, 715
937, 715, 572
938, 604, 598
939, 716, 604
940, 598, 722
941, 792, 716
942, 716, 723
943, 6, 793
944, 15, 6
945, 51, 15
946, 15, 16
947, 66, 51
948, 88, 66
949, 51, 44
950, 102, 88
951, 110, 102
952, 88, 93
953, 126, 110
954, 132, 126
955, 154, 132
956, 110, 112
957, 168, 154
958, 154, 141
959, 195, 168
960, 202, 195
961, 168, 181
962, 213, 202
963, 717, 213
964, 202, 200
965, 718, 717
966, 717, 239
967, 297, 718
968, 718, 273
969, 329, 297
970, 297, 312
971, 340, 329
972, 349, 340
973, 361, 349
974, 329, 724
975, 389, 361
976, 361, 354
977, 399, 389
978, 416, 399
979, 438, 416
980, 389, 400
981, 451, 438
982, 470, 451
983, 438, 435
984, 719, 470
985, 470, 464
986, 720, 719
987, 719, 495
988, 721, 720
989, 720, 515
990, 572, 721
991, 721, 549
992, 722, 572
993, 572, 725
994, 723, 722
995, 722, 602
996, 829, 723
997, 723, 617
998, 829, 794
999, 8, 795
1000, 16, 8
1001, 44, 16
1002, 54, 44
1003, 8, 3
1004, 80, 54
1005, 54, 56
1006, 93, 80
1007, 112, 93
1008, 80, 79
1009, 141, 112
1010, 160, 141
1011, 112, 726
1012, 181, 160
1013, 160, 165
1014, 200, 181
1015, 222, 200
1016, 181, 727
1017, 229, 222
1018, 222, 216
1019, 239, 229
1020, 273, 239
1021, 229, 253
1022, 293, 273
1023, 273, 262
1024, 312, 293
1025, 724, 312
1026, 293, 304
1027, 354, 724
1028, 374, 354
1029, 724, 346
1030, 400, 374
1031, 405, 400
1032, 374, 376
1033, 422, 405
1034, 405, 393
1035, 435, 422
1036, 464, 435
1037, 472, 464
1038, 422, 728
1039, 495, 472
1040, 507, 495
1041, 472, 468
1042, 515, 507
1043, 524, 515
1044, 507, 501
1045, 541, 524
1046, 524, 530
1047, 549, 541
1048, 725, 549
1049, 541, 729
1050, 590, 725
1051, 725, 566
1052, 602, 590
1053, 617, 602
1054, 645, 617
1055, 590, 730
1056, 796, 645
1057, 645, 618
1058, 3, 797
1059, 28, 3
1060, 47, 28
1061, 28, 14
1062, 56, 47
1063, 79, 56
1064, 101, 79
1065, 47, 62
1066, 726, 101
1067, 101, 77
1068, 144, 726
1069, 726, 117
1070, 165, 144
1071, 727, 165
1072, 144, 136
1073, 203, 727
1074, 727, 185
1075, 216, 203
1076, 253, 216
1077, 203, 731
1078, 262, 253
1079, 268, 262
1080, 253, 244
1081, 304, 268
1082, 317, 304
1083, 268, 732
1084, 342, 317
1085, 317, 733
1086, 346, 342
1087, 353, 346
1088, 342, 345
1089, 376, 353
1090, 393, 376
1091, 353, 350
1092, 728, 393
1093, 393, 383
1094, 455, 728
1095, 728, 439
1096, 468, 455
1097, 478, 468
1098, 455, 734
1099, 501, 478
1100, 530, 501
1101, 478, 487
1102, 729, 530
1103, 530, 531
1104, 566, 729
1105, 579, 566
1106, 729, 735
1107, 730, 579
1108, 579, 576
1109, 618, 730
1110, 626, 618
1111, 730, 736
1112, 798, 626
1113, 626, 624
1114, 14, 799
1115, 41, 14
1116, 14, 11
1117, 62, 41
1118, 77, 62
1119, 87, 77
1120, 41, 50
1121, 117, 87
1122, 128, 117
1123, 87, 71
1124, 136, 128
1125, 150, 136
1126, 128, 131
1127, 166, 150
1128, 150, 737
1129, 185, 166
1130, 731, 185
1131, 166, 176
1132, 244, 731
1133, 256, 244
1134, 731, 738
1135, 732, 256
1136, 256, 250
1137, 733, 732
1138, 732, 287
1139, 333, 733
1140, 733, 315
1141, 345, 333
1142, 350, 345
1143, 367, 350
1144, 333, 323
1145, 383, 367
1146, 404, 383
1147, 367, 369
1148, 425, 404
1149, 404, 397
1150, 439, 425
1151, 734, 439
1152, 425, 739
1153, 479, 734
1154, 734, 444
1155, 487, 479
1156, 520, 487
1157, 479, 483
1158, 531, 520
1159, 735, 531
1160, 520, 740
1161, 568, 735
1162, 735, 557
1163, 576, 568
1164, 736, 576
1165, 568, 567
1166, 624, 736
1167, 637, 624
1168, 736, 592
1169, 800, 637
1170, 637, 643
1171, 11, 801
1172, 50, 11
1173, 65, 50
1174, 11, 802
1175, 71, 65
1176, 96, 71
1177, 65, 803
1178, 107, 96
1179, 96, 804
1180, 131, 107
1181, 737, 131
1182, 107, 805
1183, 176, 737
1184, 737, 830
1185, 738, 176
1186, 176, 183
1187, 250, 738
1188, 259, 250
1189, 738, 806
1190, 266, 259
1191, 259, 807
1192, 287, 266
1193, 291, 287
1194, 266, 808
1195, 315, 291
1196, 323, 315
1197, 334, 323
1198, 291, 809
1199, 369, 334
1200, 375, 369
1201, 334, 831
1202, 384, 375
1203, 375, 810
1204, 397, 384
1205, 739, 397
1206, 384, 811
1207, 441, 739
1208, 739, 812
1209, 444, 441
1210, 483, 444
1211, 504, 483
1212, 441, 450
1213, 740, 504
1214, 504, 813
1215, 557, 740
1216, 740, 814
1217, 567, 557
1218, 580, 567
1219, 557, 815
1220, 592, 580
1221, 596, 592
1222, 580, 816
1223, 630, 596
1224, 596, 817
1225, 643, 630
1226, 818, 643
1227, 630, 819
1228, 183, 830
1229, 820, 183
1230, 821, 831
1231, 450, 822
1232, 823, 450
