1, 534, 579
2, 580, 2
3, 1, 581
4, 582, 3
5, 3, 583
6, 7, 3
7, 534, 584
8, 585, 12
9, 586, 6
10, 13, 587
11, 667, 1
12, 1, 536
13, 4, 667
14, 663, 588
15, 589, 16
16, 9, 663
17, 11, 590
18, 591, 534
19, 2, 592
20, 5, 2
21, 662, 664
22, 22, 662
23, 664, 8
24, 593, 17
25, 14, 594
26, 666, 665
27, 665, 15
28, 595, 666
29, 596, 10
30, 534, 29
31, 32, 534
32, 12, 597
33, 27, 12
34, 10, 18
35, 21, 10
36, 8, 9
37, 9, 35
38, 33, 8
39, 16, 13
40, 13, 30
41, 35, 16
42, 46, 35
43, 6, 5
44, 31, 6
45, 5, 28
46, 26, 598
47, 599, 19
48, 18, 7
49, 7, 4
50, 4, 24
51, 15, 14
52, 14, 23
53, 36, 15
54, 600, 36
55, 36, 40
56, 17, 11
57, 11, 20
58, 25, 17
59, 536, 22
60, 22, 33
61, 33, 42
62, 28, 32
63, 32, 39
64, 53, 28
65, 49, 18
66, 18, 47
67, 30, 31
68, 45, 30
69, 31, 53
70, 53, 63
71, 20, 26
72, 26, 43
73, 535, 20
74, 23, 25
75, 37, 23
76, 25, 535
77, 19, 21
78, 21, 50
79, 44, 19
80, 24, 536
81, 48, 24
82, 536, 34
83, 29, 27
84, 41, 29
85, 27, 38
86, 39, 41
87, 58, 39
88, 41, 537
89, 38, 601
90, 71, 38
91, 47, 48
92, 54, 47
93, 48, 55
94, 43, 44
95, 61, 43
96, 44, 67
97, 42, 46
98, 56, 42
99, 50, 49
100, 49, 64
101, 538, 50
102, 34, 59
103, 57, 34
104, 46, 45
105, 45, 62
106, 52, 46
107, 40, 37
108, 37, 60
109, 602, 40
110, 40, 51
111, 70, 52
112, 52, 73
113, 63, 58
114, 58, 75
115, 62, 63
116, 68, 62
117, 63, 65
118, 55, 57
119, 539, 55
120, 57, 72
121, 64, 54
122, 54, 539
123, 76, 64
124, 59, 56
125, 56, 69
126, 66, 59
127, 535, 61
128, 61, 74
129, 60, 535
130, 77, 60
131, 51, 78
132, 603, 51
133, 75, 537
134, 90, 75
135, 537, 71
136, 71, 604
137, 65, 85
138, 84, 65
139, 69, 70
140, 70, 86
141, 96, 69
142, 538, 76
143, 76, 80
144, 73, 68
145, 81, 73
146, 68, 91
147, 72, 66
148, 89, 72
149, 66, 96
150, 96, 541
151, 535, 92
152, 87, 535
153, 605, 83
154, 78, 77
155, 77, 95
156, 82, 78
157, 67, 538
158, 74, 67
159, 88, 74
160, 538, 79
161, 106, 537
162, 537, 102
163, 85, 90
164, 90, 104
165, 105, 85
166, 539, 89
167, 93, 539
168, 89, 99
169, 91, 84
170, 84, 107
171, 112, 91
172, 80, 94
173, 103, 80
174, 86, 81
175, 100, 86
176, 81, 540
177, 79, 108
178, 98, 79
179, 83, 82
180, 606, 83
181, 82, 542
182, 95, 87
183, 87, 101
184, 110, 95
185, 92, 88
186, 109, 92
187, 88, 97
188, 104, 106
189, 106, 124
190, 543, 104
191, 107, 105
192, 105, 543
193, 115, 107
194, 102, 607
195, 119, 102
196, 99, 541
197, 120, 99
198, 101, 109
199, 123, 101
200, 109, 544
201, 97, 98
202, 98, 116
203, 126, 97
204, 108, 103
205, 103, 117
206, 118, 108
207, 94, 93
208, 93, 125
209, 114, 94
210, 541, 100
211, 100, 113
212, 608, 111
213, 124, 119
214, 129, 124
215, 119, 609
216, 113, 540
217, 132, 113
218, 121, 112
219, 112, 115
220, 115, 133
221, 131, 541
222, 541, 137
223, 125, 120
224, 120, 134
225, 127, 125
226, 542, 110
227, 110, 123
228, 123, 136
229, 116, 118
230, 130, 116
231, 118, 141
232, 111, 122
233, 610, 111
234, 117, 114
235, 146, 117
236, 114, 128
237, 543, 129
238, 129, 148
239, 540, 121
240, 152, 540
241, 121, 139
242, 137, 132
243, 132, 151
244, 144, 137
245, 128, 127
246, 127, 157
247, 150, 128
248, 544, 126
249, 126, 130
250, 130, 147
251, 611, 149
252, 133, 543
253, 142, 133
254, 122, 542
255, 542, 140
256, 145, 122
257, 134, 131
258, 131, 143
259, 166, 134
260, 136, 135
261, 138, 136
262, 543, 159
263, 162, 543
264, 148, 612
265, 164, 148
266, 146, 150
267, 150, 158
268, 139, 142
269, 165, 139
270, 142, 161
271, 151, 152
272, 152, 163
273, 545, 151
274, 135, 544
275, 544, 155
276, 169, 135
277, 141, 146
278, 147, 141
279, 154, 147
280, 146, 153
281, 140, 138
282, 156, 140
283, 138, 170
284, 149, 145
285, 613, 149
286, 145, 160
287, 143, 144
288, 144, 545
289, 168, 143
290, 179, 614
291, 161, 162
292, 162, 173
293, 546, 161
294, 163, 165
295, 165, 546
296, 178, 163
297, 153, 183
298, 182, 153
299, 157, 167
300, 158, 157
301, 181, 158
302, 166, 168
303, 168, 175
304, 160, 156
305, 156, 549
306, 172, 160
307, 170, 169
308, 169, 177
309, 549, 170
310, 155, 154
311, 176, 155
312, 154, 180
313, 159, 164
314, 171, 159
315, 164, 174
316, 174, 179
317, 179, 190
318, 198, 174
319, 180, 182
320, 182, 195
321, 548, 180
322, 183, 181
323, 194, 183
324, 181, 185
325, 545, 547
326, 175, 545
327, 191, 175
328, 547, 178
329, 178, 188
330, 173, 171
331, 187, 173
332, 171, 197
333, 177, 176
334, 192, 177
335, 176, 548
336, 167, 166
337, 184, 167
338, 166, 193
339, 615, 172
340, 172, 186
341, 190, 616
342, 210, 190
343, 185, 184
344, 216, 185
345, 184, 207
346, 546, 187
347, 187, 199
348, 188, 546
349, 200, 188
350, 546, 196
351, 186, 189
352, 202, 186
353, 195, 194
354, 203, 195
355, 194, 216
356, 209, 547
357, 547, 205
358, 193, 191
359, 191, 208
360, 204, 193
361, 617, 201
362, 549, 192
363, 192, 206
364, 205, 200
365, 200, 218
366, 223, 205
367, 196, 221
368, 215, 196
369, 208, 209
370, 209, 220
371, 551, 208
372, 211, 210
373, 210, 214
374, 201, 202
375, 202, 217
376, 618, 201
377, 206, 548
378, 224, 206
379, 207, 204
380, 227, 207
381, 204, 551
382, 212, 203
383, 203, 226
384, 189, 549
385, 222, 189
386, 549, 219
387, 197, 198
388, 198, 211
389, 199, 197
390, 225, 199
391, 211, 213
392, 220, 223
393, 223, 552
394, 242, 220
395, 218, 215
396, 244, 218
397, 215, 237
398, 221, 225
399, 234, 221
400, 225, 233
401, 213, 241
402, 240, 213
403, 226, 216
404, 231, 226
405, 216, 227
406, 227, 232
407, 228, 216
408, 214, 619
409, 239, 214
410, 219, 224
411, 224, 235
412, 236, 219
413, 548, 212
414, 238, 548
415, 212, 229
416, 620, 550
417, 217, 222
418, 550, 217
419, 222, 230
420, 237, 234
421, 251, 237
422, 234, 258
423, 233, 240
424, 258, 233
425, 240, 248
426, 263, 258
427, 241, 239
428, 245, 241
429, 239, 252
430, 253, 228
431, 228, 255
432, 229, 231
433, 231, 250
434, 247, 229
435, 235, 238
436, 259, 235
437, 238, 246
438, 230, 236
439, 236, 261
440, 249, 230
441, 232, 243
442, 254, 232
443, 551, 242
444, 242, 256
445, 252, 621
446, 553, 252
447, 255, 254
448, 272, 255
449, 254, 268
450, 248, 245
451, 262, 248
452, 245, 553
453, 250, 253
454, 253, 270
455, 277, 250
456, 243, 551
457, 266, 243
458, 551, 264
459, 552, 244
460, 244, 251
461, 251, 269
462, 246, 247
463, 247, 278
464, 265, 246
465, 256, 552
466, 273, 256
467, 622, 550
468, 550, 249
469, 249, 275
470, 257, 550
471, 264, 273
472, 283, 264
473, 273, 284
474, 269, 267
475, 286, 269
476, 271, 262
477, 262, 276
478, 268, 266
479, 289, 268
480, 266, 285
481, 552, 287
482, 280, 552
483, 260, 259
484, 259, 265
485, 265, 288
486, 275, 274
487, 281, 275
488, 270, 272
489, 272, 555
490, 279, 270
491, 623, 257
492, 257, 282
493, 267, 263
494, 263, 271
495, 291, 267
496, 271, 294
497, 276, 553
498, 298, 276
499, 554, 277
500, 277, 279
501, 279, 292
502, 261, 260
503, 274, 261
504, 260, 295
505, 299, 274
506, 553, 624
507, 278, 554
508, 288, 278
509, 297, 288
510, 285, 283
511, 283, 556
512, 296, 285
513, 284, 280
514, 556, 284
515, 280, 290
516, 287, 286
517, 286, 293
518, 301, 287
519, 282, 281
520, 281, 302
521, 300, 282
522, 293, 291
523, 291, 305
524, 557, 293
525, 312, 553
526, 553, 315
527, 290, 301
528, 310, 290
529, 301, 317
530, 294, 298
531, 307, 294
532, 298, 314
533, 625, 300
534, 300, 558
535, 302, 299
536, 299, 311
537, 316, 302
538, 292, 555
539, 309, 292
540, 554, 306
541, 304, 554
542, 295, 297
543, 308, 295
544, 297, 303
545, 555, 289
546, 289, 296
547, 296, 313
548, 305, 307
549, 325, 305
550, 307, 560
551, 556, 310
552, 310, 327
553, 315, 626
554, 322, 315
555, 303, 304
556, 304, 328
557, 332, 303
558, 313, 556
559, 318, 313
560, 314, 312
561, 312, 329
562, 331, 314
563, 319, 555
564, 555, 324
565, 306, 309
566, 309, 320
567, 323, 306
568, 627, 321
569, 311, 308
570, 326, 311
571, 308, 342
572, 324, 318
573, 318, 333
574, 336, 324
575, 556, 335
576, 341, 556
577, 317, 557
578, 327, 317
579, 337, 327
580, 557, 325
581, 325, 339
582, 330, 557
583, 329, 322
584, 322, 628
585, 338, 329
586, 320, 319
587, 319, 340
588, 561, 320
589, 558, 316
590, 316, 326
591, 326, 344
592, 328, 323
593, 334, 328
594, 323, 561
595, 321, 558
596, 629, 321
597, 340, 336
598, 336, 359
599, 355, 340
600, 333, 341
601, 359, 333
602, 341, 350
603, 563, 359
604, 335, 337
605, 345, 335
606, 337, 347
607, 353, 330
608, 330, 352
609, 339, 560
610, 348, 339
611, 343, 331
612, 331, 338
613, 338, 351
614, 342, 559
615, 344, 342
616, 346, 344
617, 558, 349
618, 354, 558
619, 559, 332
620, 332, 334
621, 334, 356
622, 351, 357
623, 370, 351
624, 352, 348
625, 363, 352
626, 348, 373
627, 668, 354
628, 354, 372
629, 349, 346
630, 346, 366
631, 369, 349
632, 350, 345
633, 361, 350
634, 345, 562
635, 347, 353
636, 562, 347
637, 353, 362
638, 560, 343
639, 371, 560
640, 343, 367
641, 368, 559
642, 559, 360
643, 561, 355
644, 355, 364
645, 356, 561
646, 365, 356
647, 561, 358
648, 373, 371
649, 388, 373
650, 371, 377
651, 357, 630
652, 378, 357
653, 366, 368
654, 564, 366
655, 368, 383
656, 358, 385
657, 381, 358
658, 367, 370
659, 370, 380
660, 375, 367
661, 360, 365
662, 376, 360
663, 365, 379
664, 372, 369
665, 384, 372
666, 369, 564
667, 364, 563
668, 386, 364
669, 563, 361
670, 361, 382
671, 362, 363
672, 363, 565
673, 374, 362
674, 562, 374
675, 374, 393
676, 380, 378
677, 378, 391
678, 566, 380
679, 382, 562
680, 389, 382
681, 377, 375
682, 398, 377
683, 375, 566
684, 631, 384
685, 384, 387
686, 395, 563
687, 563, 390
688, 383, 376
689, 394, 383
690, 376, 567
691, 379, 381
692, 381, 396
693, 403, 379
694, 385, 386
695, 397, 385
696, 386, 392
697, 391, 632
698, 411, 391
699, 562, 400
700, 412, 562
701, 393, 565
702, 401, 393
703, 392, 395
704, 395, 402
705, 417, 392
706, 387, 564
707, 406, 387
708, 390, 389
709, 389, 408
710, 410, 390
711, 388, 398
712, 398, 405
713, 396, 397
714, 409, 396
715, 397, 416
716, 564, 394
717, 394, 404
718, 399, 564
719, 633, 407
720, 413, 411
721, 411, 421
722, 567, 403
723, 403, 409
724, 409, 419
725, 407, 406
726, 406, 420
727, 634, 407
728, 402, 410
729, 422, 402
730, 410, 432
731, 408, 412
732, 412, 425
733, 434, 408
734, 565, 388
735, 429, 565
736, 388, 423
737, 405, 414
738, 418, 405
739, 415, 399
740, 399, 427
741, 404, 567
742, 424, 404
743, 400, 401
744, 426, 400
745, 401, 428
746, 421, 635
747, 444, 421
748, 423, 418
749, 431, 423
750, 418, 433
751, 416, 569
752, 419, 416
753, 440, 419
754, 425, 426
755, 441, 425
756, 426, 572
757, 428, 429
758, 429, 435
759, 572, 428
760, 569, 417
761, 417, 422
762, 422, 439
763, 427, 424
764, 437, 427
765, 424, 443
766, 566, 413
767, 414, 566
768, 413, 446
769, 430, 414
770, 420, 415
771, 447, 420
772, 415, 438
773, 636, 571
774, 567, 445
775, 442, 567
776, 446, 444
777, 444, 455
778, 453, 446
779, 432, 436
780, 439, 432
781, 448, 439
782, 433, 430
783, 570, 433
784, 430, 450
785, 438, 437
786, 437, 568
787, 458, 438
788, 443, 442
789, 568, 443
790, 442, 452
791, 435, 431
792, 431, 570
793, 461, 435
794, 445, 440
795, 440, 457
796, 456, 445
797, 454, 569
798, 569, 451
799, 436, 434
800, 434, 441
801, 441, 460
802, 449, 436
803, 451, 448
804, 448, 462
805, 467, 451
806, 460, 572
807, 466, 460
808, 572, 461
809, 461, 463
810, 455, 637
811, 574, 455
812, 464, 449
813, 449, 470
814, 571, 447
815, 447, 458
816, 458, 471
817, 452, 456
818, 469, 452
819, 456, 474
820, 457, 454
821, 573, 457
822, 454, 465
823, 450, 453
824, 453, 574
825, 468, 450
826, 638, 459
827, 473, 468
828, 468, 479
829, 462, 464
830, 487, 462
831, 464, 477
832, 470, 466
833, 466, 480
834, 476, 470
835, 465, 467
836, 467, 487
837, 481, 465
838, 487, 575
839, 570, 473
840, 463, 570
841, 482, 463
842, 472, 469
843, 469, 475
844, 459, 571
845, 571, 484
846, 639, 459
847, 483, 572
848, 572, 485
849, 471, 568
850, 478, 471
851, 485, 482
852, 482, 488
853, 496, 485
854, 473, 498
855, 490, 473
856, 479, 574
857, 497, 479
858, 484, 478
859, 489, 484
860, 478, 492
861, 474, 573
862, 475, 474
863, 500, 475
864, 568, 472
865, 472, 495
866, 494, 568
867, 573, 481
868, 481, 499
869, 486, 573
870, 477, 476
871, 491, 477
872, 476, 503
873, 480, 483
874, 503, 480
875, 483, 493
876, 577, 503
877, 574, 640
878, 512, 574
879, 574, 502
880, 488, 490
881, 576, 488
882, 490, 506
883, 504, 486
884, 486, 510
885, 575, 491
886, 491, 511
887, 493, 496
888, 496, 576
889, 501, 493
890, 495, 500
891, 500, 505
892, 507, 495
893, 492, 494
894, 517, 492
895, 494, 509
896, 499, 575
897, 514, 499
898, 669, 489
899, 489, 515
900, 498, 497
901, 508, 498
902, 497, 513
903, 577, 501
904, 501, 519
905, 513, 512
906, 512, 516
907, 578, 513
908, 511, 577
909, 520, 511
910, 510, 514
911, 526, 510
912, 514, 521
913, 502, 641
914, 518, 502
915, 506, 508
916, 522, 506
917, 508, 578
918, 509, 507
919, 507, 530
920, 525, 509
921, 575, 523
922, 524, 575
923, 505, 504
924, 504, 527
925, 672, 505
926, 516, 518
927, 670, 516
928, 518, 642
929, 519, 576
930, 643, 519
931, 517, 525
932, 525, 529
933, 527, 526
934, 526, 644
935, 531, 527
936, 521, 524
937, 645, 521
938, 524, 646
939, 576, 522
940, 522, 532
941, 515, 517
942, 647, 515
943, 517, 528
944, 577, 533
945, 671, 577
946, 523, 520
947, 520, 648
948, 649, 523
949, 578, 670
950, 533, 650
951, 651, 533
952, 652, 576
953, 576, 653
954, 530, 672
955, 529, 530
956, 654, 529
957, 672, 531
958, 531, 655
959, 532, 578
960, 656, 532
961, 528, 657
962, 658, 528
963, 659, 671
964, 578, 660
965, 661, 578
