1, 5, 1016
2, 11, 1017
3, 1018, 3
4, 8, 1019
5, 1020, 932
6, 18, 1021
7, 20, 1022
8, 1023, 1
9, 24, 1024
10, 1025, 9
11, 928, 4
12, 4, 1026
13, 1027, 2
14, 930, 4
15, 12, 1028
16, 1029, 14
17, 931, 1030
18, 932, 1031
19, 1032, 7
20, 21, 1033
21, 1, 1034
22, 1035, 16
23, 17, 1
24, 13, 1036
25, 1037, 11
26, 11, 929
27, 2, 1038
28, 1039, 29
29, 15, 2
30, 14, 1040
31, 1041, 22
32, 7, 1042
33, 1043, 23
34, 10, 7
35, 1044, 33
36, 33, 24
37, 24, 17
38, 17, 44
39, 1045, 6
40, 16, 5
41, 5, 1046
42, 42, 16
43, 6, 1142
44, 1142, 27
45, 47, 6
46, 9, 13
47, 30, 9
48, 13, 933
49, 1047, 928
50, 929, 1048
51, 928, 32
52, 45, 928
53, 930, 15
54, 15, 36
55, 1141, 12
56, 3, 1141
57, 29, 8
58, 8, 3
59, 12, 19
60, 35, 29
61, 19, 931
62, 53, 19
63, 931, 14
64, 14, 43
65, 22, 18
66, 18, 932
67, 932, 25
68, 38, 22
69, 25, 21
70, 21, 26
71, 49, 25
72, 26, 10
73, 10, 41
74, 28, 26
75, 23, 20
76, 20, 1049
77, 31, 23
78, 44, 58
79, 1143, 33
80, 33, 44
81, 1050, 1143
82, 27, 30
83, 50, 27
84, 30, 933
85, 64, 30
86, 48, 32
87, 32, 930
88, 36, 39
89, 930, 36
90, 72, 32
91, 63, 53
92, 53, 46
93, 46, 931
94, 931, 56
95, 82, 46
96, 49, 34
97, 41, 54
98, 34, 28
99, 28, 41
100, 78, 34
101, 74, 42
102, 42, 59
103, 59, 69
104, 88, 59
105, 51, 929
106, 929, 37
107, 37, 52
108, 40, 37
109, 61, 35
110, 35, 70
111, 934, 35
112, 57, 38
113, 38, 60
114, 60, 65
115, 73, 60
116, 66, 55
117, 55, 31
118, 31, 1051
119, 84, 55
120, 1052, 81
121, 58, 75
122, 81, 58
123, 94, 81
124, 75, 74
125, 74, 83
126, 117, 75
127, 69, 68
128, 93, 69
129, 68, 47
130, 47, 50
131, 50, 64
132, 64, 79
133, 123, 68
134, 933, 62
135, 79, 933
136, 935, 79
137, 62, 51
138, 51, 80
139, 113, 62
140, 80, 40
141, 40, 104
142, 90, 80
143, 52, 45
144, 45, 48
145, 48, 72
146, 104, 52
147, 39, 61
148, 72, 39
149, 61, 71
150, 936, 72
151, 71, 95
152, 106, 71
153, 70, 77
154, 934, 70
155, 77, 63
156, 63, 82
157, 98, 77
158, 43, 57
159, 56, 43
160, 82, 56
161, 57, 76
162, 96, 82
163, 76, 73
164, 73, 86
165, 89, 76
166, 86, 85
167, 91, 86
168, 65, 49
169, 49, 92
170, 85, 65
171, 938, 85
172, 54, 67
173, 92, 78
174, 78, 54
175, 67, 66
176, 66, 87
177, 107, 67
178, 84, 1053
179, 83, 88
180, 88, 93
181, 120, 83
182, 93, 122
183, 127, 93
184, 113, 101
185, 101, 90
186, 90, 104
187, 104, 111
188, 937, 101
189, 95, 934
190, 108, 95
191, 934, 98
192, 98, 112
193, 129, 934
194, 105, 89
195, 89, 91
196, 91, 100
197, 100, 938
198, 124, 100
199, 87, 84
200, 109, 87
201, 84, 97
202, 97, 1054
203, 134, 97
204, 1055, 103
205, 103, 94
206, 94, 125
207, 133, 103
208, 123, 935
209, 935, 128
210, 939, 935
211, 115, 936
212, 936, 116
213, 145, 936
214, 137, 99
215, 99, 96
216, 96, 110
217, 940, 99
218, 121, 92
219, 92, 102
220, 102, 114
221, 142, 102
222, 125, 117
223, 117, 120
224, 120, 127
225, 127, 141
226, 135, 125
227, 122, 123
228, 141, 122
229, 123, 131
230, 158, 141
231, 128, 113
232, 113, 937
233, 111, 118
234, 937, 111
235, 150, 937
236, 119, 106
237, 106, 108
238, 108, 136
239, 112, 138
240, 136, 129
241, 129, 112
242, 154, 136
243, 110, 105
244, 105, 124
245, 124, 140
246, 130, 110
247, 938, 126
248, 140, 938
249, 152, 140
250, 114, 107
251, 107, 109
252, 109, 139
253, 132, 114
254, 139, 134
255, 134, 1056
256, 151, 139
257, 1057, 133
258, 133, 135
259, 135, 169
260, 131, 939
261, 155, 131
262, 939, 128
263, 128, 148
264, 149, 939
265, 118, 115
266, 115, 145
267, 167, 118
268, 116, 119
269, 147, 116
270, 119, 168
271, 138, 137
272, 137, 940
273, 156, 138
274, 940, 130
275, 130, 160
276, 146, 940
277, 126, 121
278, 121, 143
279, 166, 126
280, 144, 142
281, 142, 132
282, 132, 173
283, 1058, 171
284, 193, 1059
285, 170, 155
286, 155, 149
287, 148, 941
288, 149, 148
289, 942, 149
290, 145, 147
291, 165, 145
292, 147, 153
293, 153, 168
294, 190, 153
295, 156, 162
296, 160, 178
297, 162, 146
298, 146, 160
299, 192, 162
300, 143, 144
301, 164, 143
302, 144, 157
303, 157, 174
304, 184, 157
305, 179, 158
306, 158, 177
307, 941, 161
308, 161, 150
309, 150, 185
310, 196, 161
311, 183, 159
312, 159, 154
313, 154, 176
314, 197, 159
315, 175, 152
316, 152, 172
317, 944, 152
318, 173, 151
319, 151, 163
320, 163, 1060
321, 194, 163
322, 169, 180
323, 171, 169
324, 1061, 193
325, 193, 171
326, 180, 179
327, 179, 204
328, 945, 180
329, 177, 189
330, 204, 177
331, 189, 170
332, 170, 942
333, 219, 189
334, 942, 941
335, 941, 186
336, 946, 942
337, 186, 943
338, 229, 186
339, 185, 188
340, 200, 196
341, 196, 185
342, 188, 167
343, 167, 165
344, 165, 190
345, 190, 198
346, 221, 188
347, 168, 183
348, 198, 168
349, 210, 198
350, 183, 202
351, 214, 183
352, 202, 197
353, 197, 191
354, 209, 202
355, 176, 156
356, 156, 192
357, 192, 203
358, 191, 176
359, 211, 191
360, 178, 182
361, 203, 178
362, 182, 175
363, 175, 944
364, 216, 182
365, 205, 187
366, 172, 166
367, 166, 164
368, 164, 184
369, 184, 195
370, 187, 172
371, 947, 187
372, 174, 173
373, 195, 174
374, 173, 181
375, 207, 195
376, 181, 199
377, 217, 181
378, 199, 194
379, 194, 1062
380, 201, 199
381, 218, 204
382, 204, 206
383, 206, 220
384, 235, 206
385, 231, 943
386, 943, 200
387, 200, 222
388, 237, 943
389, 227, 214
390, 214, 209
391, 209, 213
392, 213, 211
393, 211, 225
394, 248, 213
395, 230, 216
396, 216, 944
397, 944, 205
398, 205, 226
399, 249, 944
400, 224, 217
401, 217, 201
402, 201, 208
403, 208, 1063
404, 242, 208
405, 1064, 212
406, 212, 945
407, 254, 212
408, 228, 946
409, 946, 241
410, 250, 946
411, 236, 210
412, 210, 232
413, 257, 210
414, 233, 223
415, 223, 203
416, 203, 234
417, 950, 223
418, 947, 207
419, 207, 215
420, 215, 238
421, 252, 215
422, 945, 218
423, 218, 235
424, 235, 243
425, 255, 945
426, 241, 229
427, 229, 231
428, 231, 237
429, 237, 240
430, 253, 241
431, 232, 227
432, 227, 259
433, 246, 232
434, 247, 230
435, 230, 256
436, 238, 224
437, 224, 242
438, 242, 251
439, 258, 254
440, 254, 255
441, 255, 276
442, 220, 219
443, 219, 228
444, 243, 220
445, 228, 948
446, 270, 243
447, 948, 250
448, 250, 949
449, 263, 253
450, 253, 279
451, 222, 221
452, 221, 239
453, 240, 222
454, 952, 240
455, 239, 236
456, 236, 260
457, 267, 239
458, 257, 246
459, 246, 269
460, 225, 233
461, 259, 248
462, 248, 225
463, 233, 244
464, 262, 259
465, 244, 950
466, 277, 244
467, 234, 247
468, 950, 234
469, 247, 268
470, 226, 947
471, 256, 249
472, 249, 226
473, 947, 245
474, 953, 256
475, 245, 252
476, 252, 951
477, 264, 245
478, 951, 238
479, 238, 272
480, 251, 1065
481, 954, 251
482, 1144, 258
483, 258, 283
484, 292, 1066
485, 284, 948
486, 948, 949
487, 949, 263
488, 263, 281
489, 955, 949
490, 956, 267
491, 267, 265
492, 260, 257
493, 269, 271
494, 265, 260
495, 257, 269
496, 289, 265
497, 278, 950
498, 950, 261
499, 268, 280
500, 261, 268
501, 290, 261
502, 274, 264
503, 264, 273
504, 272, 287
505, 273, 951
506, 951, 272
507, 282, 273
508, 294, 270
509, 270, 275
510, 275, 284
511, 284, 291
512, 306, 275
513, 293, 952
514, 952, 956
515, 314, 952
516, 288, 262
517, 262, 266
518, 266, 286
519, 304, 266
520, 305, 953
521, 953, 285
522, 300, 953
523, 299, 954
524, 954, 1067
525, 310, 954
526, 276, 295
527, 283, 276
528, 1068, 292
529, 292, 283
530, 291, 955
531, 297, 291
532, 279, 293
533, 281, 279
534, 955, 281
535, 293, 302
536, 326, 955
537, 956, 296
538, 959, 956
539, 271, 288
540, 296, 289
541, 289, 271
542, 288, 303
543, 320, 296
544, 286, 277
545, 277, 278
546, 278, 298
547, 307, 286
548, 280, 305
549, 298, 290
550, 290, 280
551, 328, 298
552, 285, 274
553, 274, 282
554, 282, 309
555, 308, 285
556, 287, 301
557, 309, 287
558, 316, 309
559, 295, 294
560, 294, 317
561, 332, 295
562, 315, 306
563, 306, 297
564, 297, 334
565, 302, 314
566, 958, 302
567, 314, 959
568, 318, 314
569, 303, 304
570, 304, 957
571, 962, 303
572, 957, 307
573, 307, 324
574, 305, 311
575, 337, 305
576, 311, 300
577, 300, 308
578, 308, 325
579, 319, 311
580, 301, 299
581, 299, 313
582, 336, 301
583, 312, 1145
584, 1145, 1069
585, 317, 315
586, 332, 317
587, 315, 334
588, 358, 315
589, 958, 318
590, 318, 329
591, 959, 331
592, 329, 959
593, 353, 329
594, 962, 957
595, 957, 322
596, 324, 344
597, 322, 324
598, 352, 322
599, 339, 319
600, 319, 323
601, 325, 963
602, 323, 325
603, 964, 323
604, 313, 310
605, 310, 312
606, 335, 313
607, 312, 321
608, 321, 1070
609, 349, 321
610, 1071, 348
611, 960, 1072
612, 342, 330
613, 330, 326
614, 326, 346
615, 351, 330
616, 343, 327
617, 327, 320
618, 320, 347
619, 961, 327
620, 356, 328
621, 328, 333
622, 333, 340
623, 369, 333
624, 341, 338
625, 338, 316
626, 316, 965
627, 361, 338
628, 960, 360
629, 348, 332
630, 332, 362
631, 360, 348
632, 402, 360
633, 334, 342
634, 362, 358
635, 358, 334
636, 342, 350
637, 376, 362
638, 350, 351
639, 351, 365
640, 378, 350
641, 365, 363
642, 372, 365
643, 346, 958
644, 958, 353
645, 363, 346
646, 387, 363
647, 331, 343
648, 353, 331
649, 343, 355
650, 371, 353
651, 355, 961
652, 385, 355
653, 961, 354
654, 347, 962
655, 962, 359
656, 354, 347
657, 380, 354
658, 344, 364
659, 359, 352
660, 352, 344
661, 967, 359
662, 364, 356
663, 356, 370
664, 391, 364
665, 340, 345
666, 368, 340
667, 345, 337
668, 337, 339
669, 339, 964
670, 381, 345
671, 964, 963
672, 379, 964
673, 963, 341
674, 341, 966
675, 382, 963
676, 367, 361
677, 361, 965
678, 965, 336
679, 336, 335
680, 335, 349
681, 349, 357
682, 366, 965
683, 357, 1073
684, 375, 357
685, 1146, 960
686, 960, 404
687, 1074, 1146
688, 392, 378
689, 378, 373
690, 373, 372
691, 372, 395
692, 407, 373
693, 385, 961
694, 961, 374
695, 374, 380
696, 380, 400
697, 409, 374
698, 370, 369
699, 391, 370
700, 369, 368
701, 368, 383
702, 969, 369
703, 384, 966
704, 966, 367
705, 367, 366
706, 366, 397
707, 403, 966
708, 401, 376
709, 376, 386
710, 386, 392
711, 411, 386
712, 393, 377
713, 377, 371
714, 371, 399
715, 418, 377
716, 405, 967
717, 967, 968
718, 972, 967
719, 389, 379
720, 379, 388
721, 388, 396
722, 970, 388
723, 412, 398
724, 398, 375
725, 375, 1075
726, 419, 398
727, 1076, 417
728, 392, 407
729, 407, 421
730, 429, 392
731, 399, 385
732, 385, 409
733, 409, 416
734, 410, 399
735, 968, 391
736, 391, 969
737, 396, 382
738, 382, 384
739, 384, 414
740, 423, 396
741, 415, 1077
742, 404, 402
743, 402, 406
744, 417, 404
745, 433, 417
746, 406, 401
747, 401, 425
748, 438, 406
749, 422, 411
750, 411, 429
751, 429, 435
752, 395, 387
753, 387, 394
754, 421, 395
755, 430, 421
756, 394, 393
757, 393, 971
758, 445, 394
759, 420, 418
760, 418, 410
761, 410, 434
762, 400, 408
763, 416, 400
764, 442, 416
765, 408, 405
766, 405, 972
767, 440, 408
768, 424, 968
769, 968, 439
770, 383, 381
771, 381, 390
772, 969, 383
773, 444, 969
774, 390, 389
775, 389, 431
776, 448, 390
777, 970, 423
778, 423, 446
779, 397, 413
780, 414, 403
781, 403, 397
782, 974, 414
783, 413, 412
784, 412, 426
785, 973, 413
786, 426, 419
787, 419, 415
788, 415, 1078
789, 432, 426
790, 457, 438
791, 438, 436
792, 425, 422
793, 435, 451
794, 436, 425
795, 422, 435
796, 475, 436
797, 454, 445
798, 445, 971
799, 971, 420
800, 434, 449
801, 420, 434
802, 461, 971
803, 972, 424
804, 443, 972
805, 424, 427
806, 427, 447
807, 453, 427
808, 431, 970
809, 448, 431
810, 970, 428
811, 446, 452
812, 428, 446
813, 472, 428
814, 973, 432
815, 432, 437
816, 437, 456
817, 480, 437
818, 1079, 433
819, 433, 458
820, 468, 441
821, 441, 430
822, 430, 463
823, 474, 441
824, 455, 442
825, 442, 470
826, 462, 450
827, 450, 444
828, 444, 975
829, 976, 450
830, 467, 974
831, 974, 464
832, 483, 974
833, 458, 477
834, 1080, 458
835, 477, 457
836, 457, 478
837, 499, 477
838, 451, 473
839, 478, 475
840, 475, 451
841, 491, 478
842, 473, 468
843, 468, 485
844, 515, 473
845, 463, 476
846, 482, 474
847, 474, 463
848, 476, 454
849, 454, 479
850, 978, 476
851, 449, 460
852, 479, 461
853, 461, 449
854, 493, 479
855, 460, 455
856, 455, 490
857, 488, 460
858, 470, 471
859, 487, 470
860, 471, 440
861, 440, 443
862, 443, 453
863, 453, 465
864, 500, 471
865, 439, 459
866, 447, 439
867, 465, 447
868, 502, 465
869, 459, 462
870, 462, 484
871, 511, 459
872, 489, 975
873, 975, 448
874, 448, 472
875, 472, 481
876, 504, 975
877, 452, 469
878, 481, 452
879, 494, 481
880, 469, 467
881, 467, 483
882, 483, 486
883, 506, 469
884, 464, 466
885, 486, 464
886, 977, 486
887, 466, 973
888, 973, 480
889, 501, 466
890, 456, 1081
891, 480, 456
892, 495, 480
893, 1082, 505
894, 505, 499
895, 499, 517
896, 1083, 505
897, 485, 482
898, 516, 485
899, 482, 492
900, 492, 978
901, 535, 492
902, 508, 488
903, 488, 496
904, 490, 487
905, 496, 490
906, 487, 500
907, 500, 513
908, 527, 496
909, 484, 976
910, 512, 484
911, 976, 489
912, 489, 504
913, 504, 509
914, 979, 976
915, 522, 506
916, 506, 977
917, 977, 510
918, 526, 977
919, 530, 491
920, 491, 497
921, 497, 519
922, 538, 497
923, 521, 493
924, 493, 507
925, 507, 518
926, 981, 507
927, 532, 502
928, 502, 531
929, 528, 503
930, 503, 494
931, 494, 520
932, 543, 503
933, 524, 498
934, 498, 495
935, 495, 514
936, 539, 498
937, 1084, 542
938, 517, 530
939, 542, 517
940, 530, 537
941, 563, 542
942, 537, 538
943, 552, 537
944, 519, 525
945, 538, 519
946, 980, 538
947, 525, 515
948, 515, 516
949, 516, 535
950, 535, 541
951, 556, 525
952, 978, 523
953, 541, 978
954, 559, 541
955, 523, 521
956, 521, 548
957, 575, 523
958, 981, 546
959, 518, 508
960, 508, 527
961, 527, 536
962, 546, 518
963, 562, 546
964, 513, 534
965, 536, 513
966, 557, 536
967, 534, 532
968, 532, 549
969, 561, 534
970, 531, 533
971, 549, 531
972, 982, 549
973, 533, 511
974, 511, 512
975, 512, 979
976, 550, 533
977, 509, 528
978, 979, 509
979, 528, 544
980, 551, 979
981, 544, 543
982, 543, 983
983, 567, 544
984, 520, 529
985, 983, 520
986, 529, 522
987, 522, 545
988, 555, 529
989, 510, 501
990, 501, 524
991, 545, 526
992, 526, 510
993, 524, 540
994, 558, 545
995, 514, 1085
996, 547, 514
997, 569, 552
998, 552, 980
999, 980, 556
1000, 582, 980
1001, 548, 981
1002, 575, 548
1003, 981, 570
1004, 585, 981
1005, 565, 982
1006, 982, 550
1007, 550, 577
1008, 593, 982
1009, 573, 554
1010, 554, 983
1011, 983, 555
1012, 555, 576
1013, 590, 554
1014, 540, 539
1015, 539, 547
1016, 568, 540
1017, 547, 553
1018, 553, 1086
1019, 987, 553
1020, 1147, 563
1021, 563, 587
1022, 984, 559
1023, 559, 583
1024, 596, 559
1025, 574, 557
1026, 557, 564
1027, 564, 578
1028, 985, 564
1029, 581, 560
1030, 560, 551
1031, 551, 571
1032, 601, 560
1033, 586, 558
1034, 558, 566
1035, 566, 580
1036, 600, 566
1037, 988, 587
1038, 587, 569
1039, 569, 582
1040, 582, 591
1041, 622, 587
1042, 556, 984
1043, 591, 556
1044, 610, 591
1045, 984, 596
1046, 596, 598
1047, 990, 984
1048, 583, 584
1049, 603, 583
1050, 584, 575
1051, 575, 595
1052, 618, 584
1053, 570, 562
1054, 562, 574
1055, 595, 585
1056, 585, 570
1057, 574, 588
1058, 609, 595
1059, 588, 985
1060, 989, 588
1061, 605, 594
1062, 578, 561
1063, 561, 565
1064, 565, 593
1065, 593, 597
1066, 594, 578
1067, 991, 594
1068, 577, 581
1069, 597, 577
1070, 581, 589
1071, 602, 597
1072, 589, 608
1073, 615, 589
1074, 571, 572
1075, 601, 571
1076, 572, 567
1077, 567, 573
1078, 573, 986
1079, 619, 572
1080, 576, 592
1081, 986, 590
1082, 590, 576
1083, 592, 586
1084, 586, 599
1085, 625, 592
1086, 580, 579
1087, 606, 580
1088, 579, 568
1089, 568, 987
1090, 621, 579
1091, 987, 1087
1092, 607, 987
1093, 1088, 988
1094, 988, 628
1095, 1089, 988
1096, 598, 604
1097, 990, 598
1098, 604, 603
1099, 603, 618
1100, 618, 629
1101, 652, 604
1102, 631, 985
1103, 985, 605
1104, 605, 991
1105, 654, 985
1106, 620, 615
1107, 615, 612
1108, 608, 601
1109, 612, 608
1110, 601, 617
1111, 632, 612
1112, 599, 600
1113, 600, 606
1114, 633, 625
1115, 625, 599
1116, 606, 621
1117, 621, 634
1118, 653, 606
1119, 638, 616
1120, 616, 610
1121, 610, 645
1122, 650, 616
1123, 641, 609
1124, 609, 611
1125, 611, 989
1126, 992, 611
1127, 624, 614
1128, 614, 602
1129, 602, 642
1130, 651, 614
1131, 623, 613
1132, 613, 986
1133, 986, 636
1134, 994, 613
1135, 635, 607
1136, 607, 626
1137, 626, 1090
1138, 643, 626
1139, 628, 622
1140, 622, 640
1141, 1091, 628
1142, 646, 990
1143, 990, 652
1144, 629, 644
1145, 652, 629
1146, 665, 652
1147, 989, 631
1148, 631, 654
1149, 649, 989
1150, 991, 627
1151, 654, 991
1152, 658, 654
1153, 648, 620
1154, 620, 632
1155, 632, 647
1156, 617, 619
1157, 619, 630
1158, 647, 617
1159, 995, 647
1160, 639, 633
1161, 633, 653
1162, 653, 659
1163, 634, 637
1164, 659, 634
1165, 669, 659
1166, 640, 638
1167, 638, 993
1168, 668, 640
1169, 645, 646
1170, 664, 650
1171, 650, 645
1172, 646, 692
1173, 644, 641
1174, 641, 657
1175, 666, 644
1176, 992, 649
1177, 649, 678
1178, 627, 624
1179, 624, 660
1180, 684, 627
1181, 642, 648
1182, 655, 651
1183, 651, 642
1184, 648, 683
1185, 630, 623
1186, 623, 662
1187, 674, 630
1188, 636, 639
1189, 661, 636
1190, 639, 677
1191, 637, 635
1192, 635, 643
1193, 643, 656
1194, 671, 637
1195, 656, 1092
1196, 667, 656
1197, 679, 668
1198, 668, 993
1199, 993, 664
1200, 664, 692
1201, 699, 993
1202, 657, 992
1203, 680, 666
1204, 666, 657
1205, 992, 663
1206, 663, 681
1207, 697, 663
1208, 684, 660
1209, 660, 655
1210, 655, 690
1211, 708, 660
1212, 662, 994
1213, 673, 662
1214, 994, 661
1215, 661, 677
1216, 691, 994
1217, 676, 671
1218, 671, 667
1219, 667, 670
1220, 670, 1093
1221, 714, 670
1222, 1094, 695
1223, 712, 1095
1224, 696, 675
1225, 675, 665
1226, 665, 693
1227, 715, 675
1228, 689, 682
1229, 682, 658
1230, 658, 688
1231, 713, 682
1232, 703, 995
1233, 995, 686
1234, 718, 995
1235, 702, 669
1236, 669, 672
1237, 672, 701
1238, 711, 672
1239, 1096, 712
1240, 712, 709
1241, 695, 679
1242, 679, 699
1243, 699, 720
1244, 709, 695
1245, 996, 709
1246, 692, 698
1247, 720, 692
1248, 729, 720
1249, 698, 696
1250, 696, 726
1251, 739, 698
1252, 693, 700
1253, 722, 715
1254, 715, 693
1255, 700, 680
1256, 680, 697
1257, 697, 706
1258, 741, 700
1259, 678, 685
1260, 681, 678
1261, 706, 681
1262, 733, 706
1263, 685, 689
1264, 689, 997
1265, 999, 685
1266, 688, 694
1267, 721, 713
1268, 713, 688
1269, 694, 684
1270, 684, 710
1271, 734, 694
1272, 683, 703
1273, 690, 683
1274, 710, 708
1275, 708, 690
1276, 703, 705
1277, 730, 710
1278, 705, 717
1279, 738, 705
1280, 686, 687
1281, 719, 686
1282, 687, 674
1283, 674, 673
1284, 673, 691
1285, 691, 704
1286, 1000, 687
1287, 677, 707
1288, 704, 677
1289, 735, 704
1290, 707, 702
1291, 702, 711
1292, 711, 724
1293, 740, 707
1294, 701, 676
1295, 676, 723
1296, 716, 701
1297, 725, 714
1298, 714, 1097
1299, 1098, 737
1300, 737, 996
1301, 758, 737
1302, 726, 727
1303, 743, 739
1304, 739, 726
1305, 727, 722
1306, 722, 741
1307, 741, 998
1308, 750, 727
1309, 999, 997
1310, 997, 721
1311, 721, 734
1312, 734, 752
1313, 782, 997
1314, 717, 718
1315, 718, 719
1316, 746, 717
1317, 719, 732
1318, 732, 748
1319, 760, 732
1320, 724, 728
1321, 753, 740
1322, 740, 724
1323, 728, 716
1324, 716, 742
1325, 756, 728
1326, 757, 729
1327, 729, 736
1328, 736, 759
1329, 778, 736
1330, 998, 745
1331, 745, 733
1332, 733, 754
1333, 1003, 745
1334, 763, 744
1335, 744, 730
1336, 730, 762
1337, 769, 744
1338, 749, 735
1339, 735, 751
1340, 751, 1001
1341, 773, 751
1342, 723, 725
1343, 747, 723
1344, 725, 731
1345, 731, 765
1346, 767, 731
1347, 1099, 776
1348, 996, 755
1349, 776, 758
1350, 758, 996
1351, 785, 776
1352, 755, 757
1353, 757, 779
1354, 804, 755
1355, 759, 761
1356, 1002, 759
1357, 761, 743
1358, 743, 750
1359, 750, 768
1360, 793, 761
1361, 768, 998
1362, 998, 764
1363, 788, 768
1364, 764, 1003
1365, 794, 764
1366, 1003, 754
1367, 754, 999
1368, 999, 782
1369, 1004, 754
1370, 752, 763
1371, 782, 752
1372, 763, 766
1373, 1005, 782
1374, 766, 769
1375, 769, 775
1376, 789, 766
1377, 771, 762
1378, 762, 738
1379, 738, 746
1380, 746, 760
1381, 760, 777
1382, 796, 762
1383, 748, 1000
1384, 777, 748
1385, 786, 777
1386, 1000, 749
1387, 749, 772
1388, 790, 1000
1389, 783, 1001
1390, 1001, 753
1391, 753, 1006
1392, 799, 1001
1393, 742, 747
1394, 1006, 756
1395, 756, 742
1396, 747, 767
1397, 767, 770
1398, 798, 747
1399, 765, 1100
1400, 774, 765
1401, 779, 778
1402, 778, 1002
1403, 803, 779
1404, 1002, 791
1405, 815, 1002
1406, 806, 794
1407, 794, 787
1408, 787, 1003
1409, 1003, 1004
1410, 1007, 787
1411, 808, 789
1412, 789, 781
1413, 775, 771
1414, 781, 775
1415, 771, 800
1416, 809, 781
1417, 772, 773
1418, 773, 780
1419, 790, 772
1420, 780, 783
1421, 783, 812
1422, 797, 780
1423, 770, 774
1424, 792, 770
1425, 774, 784
1426, 784, 1101
1427, 801, 784
1428, 1102, 785
1429, 785, 814
1430, 837, 1103
1431, 821, 805
1432, 805, 788
1433, 788, 811
1434, 1008, 805
1435, 825, 1005
1436, 1005, 819
1437, 826, 1005
1438, 813, 795
1439, 795, 786
1440, 786, 810
1441, 833, 795
1442, 818, 802
1443, 802, 1006
1444, 1006, 807
1445, 836, 802
1446, 814, 804
1447, 804, 803
1448, 803, 829
1449, 831, 814
1450, 791, 793
1451, 793, 822
1452, 829, 815
1453, 815, 791
1454, 847, 829
1455, 816, 806
1456, 806, 1007
1457, 1004, 825
1458, 1007, 1004
1459, 858, 1007
1460, 819, 808
1461, 808, 830
1462, 827, 819
1463, 800, 796
1464, 796, 817
1465, 830, 809
1466, 809, 800
1467, 838, 830
1468, 810, 790
1469, 790, 797
1470, 797, 839
1471, 820, 810
1472, 812, 799
1473, 799, 818
1474, 839, 812
1475, 818, 824
1476, 846, 839
1477, 807, 798
1478, 798, 792
1479, 792, 801
1480, 801, 828
1481, 823, 807
1482, 828, 1104
1483, 853, 828
1484, 840, 837
1485, 837, 831
1486, 831, 860
1487, 822, 821
1488, 821, 842
1489, 864, 822
1490, 811, 816
1491, 1008, 811
1492, 816, 850
1493, 825, 832
1494, 1009, 825
1495, 832, 826
1496, 826, 827
1497, 827, 848
1498, 1010, 832
1499, 817, 813
1500, 813, 844
1501, 857, 817
1502, 834, 820
1503, 820, 863
1504, 824, 841
1505, 852, 824
1506, 835, 823
1507, 823, 854
1508, 1148, 840
1509, 840, 860
1510, 877, 1148
1511, 842, 843
1512, 871, 842
1513, 843, 1008
1514, 850, 866
1515, 1008, 850
1516, 883, 843
1517, 1009, 1010
1518, 848, 856
1519, 1010, 848
1520, 878, 1010
1521, 844, 845
1522, 857, 844
1523, 845, 833
1524, 833, 834
1525, 834, 868
1526, 876, 845
1527, 841, 836
1528, 836, 835
1529, 855, 841
1530, 835, 859
1531, 875, 861
1532, 861, 847
1533, 847, 864
1534, 1011, 861
1535, 1012, 849
1536, 849, 838
1537, 838, 867
1538, 887, 849
1539, 874, 851
1540, 851, 846
1541, 846, 872
1542, 879, 851
1543, 862, 865
1544, 865, 853
1545, 853, 1105
1546, 891, 865
1547, 860, 875
1548, 1106, 877
1549, 877, 860
1550, 875, 881
1551, 881, 1011
1552, 903, 881
1553, 864, 869
1554, 890, 864
1555, 869, 871
1556, 871, 883
1557, 883, 888
1558, 921, 869
1559, 866, 889
1560, 888, 866
1561, 905, 888
1562, 889, 880
1563, 915, 889
1564, 880, 858
1565, 858, 870
1566, 894, 880
1567, 870, 1009
1568, 1009, 886
1569, 912, 870
1570, 856, 1012
1571, 886, 878
1572, 878, 856
1573, 907, 886
1574, 1012, 895
1575, 904, 1012
1576, 895, 887
1577, 887, 873
1578, 1014, 895
1579, 867, 857
1580, 857, 885
1581, 873, 867
1582, 908, 873
1583, 863, 874
1584, 868, 863
1585, 885, 876
1586, 876, 868
1587, 874, 884
1588, 899, 885
1589, 884, 879
1590, 879, 1013
1591, 902, 884
1592, 1013, 882
1593, 872, 852
1594, 852, 855
1595, 855, 892
1596, 882, 872
1597, 920, 882
1598, 854, 862
1599, 859, 854
1600, 892, 859
1601, 862, 893
1602, 900, 892
1603, 893, 891
1604, 891, 896
1605, 1015, 893
1606, 896, 1107
1607, 898, 896
1608, 924, 903
1609, 903, 897
1610, 1011, 890
1611, 897, 1011
1612, 890, 921
1613, 921, 926
1614, 1108, 897
1615, 917, 906
1616, 906, 894
1617, 894, 912
1618, 1109, 906
1619, 919, 904
1620, 904, 1014
1621, 1014, 913
1622, 1110, 1014
1623, 909, 902
1624, 902, 901
1625, 901, 1013
1626, 1013, 923
1627, 1151, 901
1628, 1015, 898
1629, 898, 916
1630, 916, 1111
1631, 1112, 916
1632, 1113, 925
1633, 925, 1114
1634, 1115, 925
1635, 1116, 918
1636, 918, 905
1637, 905, 1149
1638, 1117, 918
1639, 927, 907
1640, 907, 910
1641, 910, 1118
1642, 1119, 910
1643, 922, 911
1644, 911, 899
1645, 899, 1120
1646, 1121, 911
1647, 1122, 914
1648, 914, 900
1649, 900, 1015
1650, 1123, 914
1651, 1124, 924
1652, 924, 1125
1653, 926, 1126
1654, 1127, 926
1655, 1128, 915
1656, 915, 917
1657, 917, 1129
1658, 912, 1150
1659, 1130, 912
1660, 1150, 927
1661, 927, 1131
1662, 1132, 919
1663, 919, 1133
1664, 913, 908
1665, 908, 922
1666, 1134, 913
1667, 922, 1135
1668, 1136, 909
1669, 909, 1151
1670, 923, 920
1671, 920, 1137
1672, 1138, 923
1673, 1015, 1139
1674, 1140, 1015
