1, 363, 57
2, 58, 364
3, 365, 59
4, 60, 366
5, 367, 61
6, 62, 368
7, 369, 63
8, 64, 370
9, 371, 65
10, 66, 372
11, 373, 67
12, 68, 374
13, 375, 69
14, 57, 376
15, 377, 58
16, 5, 378
17, 59, 379
18, 380, 60
19, 3, 381
20, 61, 382
21, 383, 62
22, 4, 384
23, 63, 385
24, 386, 64
25, 6, 387
26, 65, 388
27, 389, 66
28, 1, 390
29, 67, 391
30, 392, 68
31, 2, 393
32, 69, 394
33, 7, 395
34, 396, 57
35, 57, 5
36, 70, 57
37, 5, 58
38, 58, 59
39, 71, 58
40, 59, 3
41, 72, 59
42, 3, 60
43, 60, 61
44, 73, 60
45, 61, 4
46, 74, 61
47, 4, 62
48, 62, 63
49, 75, 62
50, 63, 6
51, 76, 63
52, 6, 64
53, 64, 65
54, 77, 64
55, 65, 1
56, 78, 65
57, 1, 66
58, 66, 67
59, 79, 66
60, 67, 2
61, 80, 67
62, 2, 68
63, 68, 69
64, 81, 68
65, 69, 7
66, 82, 69
67, 7, 397
68, 70, 5
69, 5, 71
70, 83, 5
71, 72, 3
72, 3, 73
73, 84, 3
74, 74, 4
75, 4, 75
76, 85, 4
77, 76, 6
78, 6, 77
79, 86, 6
80, 78, 1
81, 1, 79
82, 87, 1
83, 80, 2
84, 2, 81
85, 88, 2
86, 82, 7
87, 7, 398
88, 89, 7
89, 399, 70
90, 71, 72
91, 73, 74
92, 75, 76
93, 77, 78
94, 79, 80
95, 81, 82
96, 400, 90
97, 70, 83
98, 90, 70
99, 83, 71
100, 71, 91
101, 72, 84
102, 91, 72
103, 84, 73
104, 73, 92
105, 74, 85
106, 92, 74
107, 85, 75
108, 75, 93
109, 76, 86
110, 93, 76
111, 86, 77
112, 77, 94
113, 78, 87
114, 94, 78
115, 87, 79
116, 79, 95
117, 80, 88
118, 95, 80
119, 88, 81
120, 81, 96
121, 82, 89
122, 96, 82
123, 89, 401
124, 97, 83
125, 83, 98
126, 99, 84
127, 84, 100
128, 101, 85
129, 85, 102
130, 103, 86
131, 86, 104
132, 105, 87
133, 87, 106
134, 107, 88
135, 88, 108
136, 109, 89
137, 89, 402
138, 403, 90
139, 90, 97
140, 12, 90
141, 98, 91
142, 91, 99
143, 8, 91
144, 100, 92
145, 92, 101
146, 9, 92
147, 102, 93
148, 93, 103
149, 13, 93
150, 104, 94
151, 94, 105
152, 11, 94
153, 106, 95
154, 95, 107
155, 10, 95
156, 108, 96
157, 96, 109
158, 14, 96
159, 404, 12
160, 12, 97
161, 97, 98
162, 111, 97
163, 98, 8
164, 110, 98
165, 8, 99
166, 99, 100
167, 113, 99
168, 100, 9
169, 112, 100
170, 9, 101
171, 101, 102
172, 115, 101
173, 102, 13
174, 114, 102
175, 13, 103
176, 103, 104
177, 117, 103
178, 104, 11
179, 116, 104
180, 11, 105
181, 105, 106
182, 119, 105
183, 106, 10
184, 118, 106
185, 10, 107
186, 107, 108
187, 121, 107
188, 108, 14
189, 120, 108
190, 14, 109
191, 109, 405
192, 122, 109
193, 406, 12
194, 110, 8
195, 112, 9
196, 114, 13
197, 116, 11
198, 118, 10
199, 120, 14
200, 12, 111
201, 123, 12
202, 8, 113
203, 124, 8
204, 9, 115
205, 125, 9
206, 13, 117
207, 126, 13
208, 11, 119
209, 127, 11
210, 10, 121
211, 128, 10
212, 14, 122
213, 129, 14
214, 111, 110
215, 113, 112
216, 115, 114
217, 117, 116
218, 119, 118
219, 121, 120
220, 122, 407
221, 408, 123
222, 123, 111
223, 111, 130
224, 110, 124
225, 130, 110
226, 124, 113
227, 113, 131
228, 112, 125
229, 131, 112
230, 125, 115
231, 115, 132
232, 114, 126
233, 132, 114
234, 126, 117
235, 117, 133
236, 116, 127
237, 133, 116
238, 127, 119
239, 119, 134
240, 118, 128
241, 134, 118
242, 128, 121
243, 121, 135
244, 120, 129
245, 135, 120
246, 129, 122
247, 122, 136
248, 136, 409
249, 410, 123
250, 123, 137
251, 138, 124
252, 124, 139
253, 140, 125
254, 125, 141
255, 142, 126
256, 126, 143
257, 144, 127
258, 127, 145
259, 146, 128
260, 128, 147
261, 148, 129
262, 129, 149
263, 137, 130
264, 130, 138
265, 21, 130
266, 139, 131
267, 131, 140
268, 16, 131
269, 141, 132
270, 132, 142
271, 15, 132
272, 143, 133
273, 133, 144
274, 20, 133
275, 145, 134
276, 134, 146
277, 17, 134
278, 147, 135
279, 135, 148
280, 18, 135
281, 149, 136
282, 136, 411
283, 19, 136
284, 412, 137
285, 137, 21
286, 150, 137
287, 21, 138
288, 138, 139
289, 151, 138
290, 139, 16
291, 152, 139
292, 16, 140
293, 140, 141
294, 153, 140
295, 141, 15
296, 154, 141
297, 15, 142
298, 142, 143
299, 155, 142
300, 143, 20
301, 156, 143
302, 20, 144
303, 144, 145
304, 157, 144
305, 145, 17
306, 158, 145
307, 17, 146
308, 146, 147
309, 159, 146
310, 147, 18
311, 160, 147
312, 18, 148
313, 148, 149
314, 161, 148
315, 149, 19
316, 162, 149
317, 19, 413
318, 150, 21
319, 21, 151
320, 163, 21
321, 152, 16
322, 16, 153
323, 164, 16
324, 154, 15
325, 15, 155
326, 165, 15
327, 156, 20
328, 20, 157
329, 166, 20
330, 158, 17
331, 17, 159
332, 167, 17
333, 160, 18
334, 18, 161
335, 168, 18
336, 162, 19
337, 19, 414
338, 169, 19
339, 415, 150
340, 151, 152
341, 153, 154
342, 155, 156
343, 157, 158
344, 159, 160
345, 161, 162
346, 416, 170
347, 150, 163
348, 170, 150
349, 163, 151
350, 151, 171
351, 152, 164
352, 171, 152
353, 164, 153
354, 153, 172
355, 154, 165
356, 172, 154
357, 165, 155
358, 155, 173
359, 156, 166
360, 173, 156
361, 166, 157
362, 157, 174
363, 158, 167
364, 174, 158
365, 167, 159
366, 159, 175
367, 160, 168
368, 175, 160
369, 168, 161
370, 161, 176
371, 162, 169
372, 176, 162
373, 169, 417
374, 177, 163
375, 163, 178
376, 179, 164
377, 164, 180
378, 181, 165
379, 165, 182
380, 183, 166
381, 166, 184
382, 185, 167
383, 167, 186
384, 187, 168
385, 168, 188
386, 189, 169
387, 169, 418
388, 419, 170
389, 170, 177
390, 28, 170
391, 178, 171
392, 171, 179
393, 25, 171
394, 180, 172
395, 172, 181
396, 23, 172
397, 182, 173
398, 173, 183
399, 26, 173
400, 184, 174
401, 174, 185
402, 22, 174
403, 186, 175
404, 175, 187
405, 24, 175
406, 188, 176
407, 176, 189
408, 27, 176
409, 420, 28
410, 28, 177
411, 177, 178
412, 191, 177
413, 178, 25
414, 190, 178
415, 25, 179
416, 179, 180
417, 193, 179
418, 180, 23
419, 192, 180
420, 23, 181
421, 181, 182
422, 195, 181
423, 182, 26
424, 194, 182
425, 26, 183
426, 183, 184
427, 197, 183
428, 184, 22
429, 196, 184
430, 22, 185
431, 185, 186
432, 199, 185
433, 186, 24
434, 198, 186
435, 24, 187
436, 187, 188
437, 201, 187
438, 188, 27
439, 200, 188
440, 27, 189
441, 189, 421
442, 202, 189
443, 422, 28
444, 190, 25
445, 192, 23
446, 194, 26
447, 196, 22
448, 198, 24
449, 200, 27
450, 28, 191
451, 203, 28
452, 25, 193
453, 204, 25
454, 23, 195
455, 205, 23
456, 26, 197
457, 206, 26
458, 22, 199
459, 207, 22
460, 24, 201
461, 208, 24
462, 27, 202
463, 209, 27
464, 191, 190
465, 193, 192
466, 195, 194
467, 197, 196
468, 199, 198
469, 201, 200
470, 202, 423
471, 424, 203
472, 203, 191
473, 191, 210
474, 190, 204
475, 210, 190
476, 204, 193
477, 193, 211
478, 192, 205
479, 211, 192
480, 205, 195
481, 195, 212
482, 194, 206
483, 212, 194
484, 206, 197
485, 197, 213
486, 196, 207
487, 213, 196
488, 207, 199
489, 199, 214
490, 198, 208
491, 214, 198
492, 208, 201
493, 201, 215
494, 200, 209
495, 215, 200
496, 209, 202
497, 202, 216
498, 216, 425
499, 426, 203
500, 203, 217
501, 218, 204
502, 204, 219
503, 220, 205
504, 205, 221
505, 222, 206
506, 206, 223
507, 224, 207
508, 207, 225
509, 226, 208
510, 208, 227
511, 228, 209
512, 209, 229
513, 217, 210
514, 210, 218
515, 34, 210
516, 219, 211
517, 211, 220
518, 32, 211
519, 221, 212
520, 212, 222
521, 30, 212
522, 223, 213
523, 213, 224
524, 33, 213
525, 225, 214
526, 214, 226
527, 29, 214
528, 227, 215
529, 215, 228
530, 31, 215
531, 229, 216
532, 216, 427
533, 35, 216
534, 428, 217
535, 217, 34
536, 230, 217
537, 34, 218
538, 218, 219
539, 231, 218
540, 219, 32
541, 232, 219
542, 32, 220
543, 220, 221
544, 233, 220
545, 221, 30
546, 234, 221
547, 30, 222
548, 222, 223
549, 235, 222
550, 223, 33
551, 236, 223
552, 33, 224
553, 224, 225
554, 237, 224
555, 225, 29
556, 238, 225
557, 29, 226
558, 226, 227
559, 239, 226
560, 227, 31
561, 240, 227
562, 31, 228
563, 228, 229
564, 241, 228
565, 229, 35
566, 242, 229
567, 35, 429
568, 230, 34
569, 34, 231
570, 243, 34
571, 232, 32
572, 32, 233
573, 244, 32
574, 234, 30
575, 30, 235
576, 245, 30
577, 236, 33
578, 33, 237
579, 246, 33
580, 238, 29
581, 29, 239
582, 247, 29
583, 240, 31
584, 31, 241
585, 248, 31
586, 242, 35
587, 35, 430
588, 249, 35
589, 431, 230
590, 231, 232
591, 233, 234
592, 235, 236
593, 237, 238
594, 239, 240
595, 241, 242
596, 432, 250
597, 230, 243
598, 250, 230
599, 243, 231
600, 231, 251
601, 232, 244
602, 251, 232
603, 244, 233
604, 233, 252
605, 234, 245
606, 252, 234
607, 245, 235
608, 235, 253
609, 236, 246
610, 253, 236
611, 246, 237
612, 237, 254
613, 238, 247
614, 254, 238
615, 247, 239
616, 239, 255
617, 240, 248
618, 255, 240
619, 248, 241
620, 241, 256
621, 242, 249
622, 256, 242
623, 249, 433
624, 257, 243
625, 243, 258
626, 259, 244
627, 244, 260
628, 261, 245
629, 245, 262
630, 263, 246
631, 246, 264
632, 265, 247
633, 247, 266
634, 267, 248
635, 248, 268
636, 269, 249
637, 249, 434
638, 435, 250
639, 250, 257
640, 42, 250
641, 258, 251
642, 251, 259
643, 37, 251
644, 260, 252
645, 252, 261
646, 39, 252
647, 262, 253
648, 253, 263
649, 41, 253
650, 264, 254
651, 254, 265
652, 38, 254
653, 266, 255
654, 255, 267
655, 36, 255
656, 268, 256
657, 256, 269
658, 40, 256
659, 436, 42
660, 42, 257
661, 257, 258
662, 270, 257
663, 258, 37
664, 271, 258
665, 37, 259
666, 259, 260
667, 272, 259
668, 260, 39
669, 273, 260
670, 39, 261
671, 261, 262
672, 274, 261
673, 262, 41
674, 275, 262
675, 41, 263
676, 263, 264
677, 276, 263
678, 264, 38
679, 277, 264
680, 38, 265
681, 265, 266
682, 278, 265
683, 266, 36
684, 279, 266
685, 36, 267
686, 267, 268
687, 280, 267
688, 268, 40
689, 281, 268
690, 40, 269
691, 269, 437
692, 282, 269
693, 438, 42
694, 42, 270
695, 283, 42
696, 271, 37
697, 37, 272
698, 284, 37
699, 273, 39
700, 39, 274
701, 285, 39
702, 275, 41
703, 41, 276
704, 286, 41
705, 277, 38
706, 38, 278
707, 287, 38
708, 279, 36
709, 36, 280
710, 288, 36
711, 281, 40
712, 40, 282
713, 289, 40
714, 270, 271
715, 272, 273
716, 274, 275
717, 276, 277
718, 278, 279
719, 280, 281
720, 282, 439
721, 440, 283
722, 283, 270
723, 270, 290
724, 271, 284
725, 290, 271
726, 284, 272
727, 272, 291
728, 273, 285
729, 291, 273
730, 285, 274
731, 274, 292
732, 275, 286
733, 292, 275
734, 286, 276
735, 276, 293
736, 277, 287
737, 293, 277
738, 287, 278
739, 278, 294
740, 279, 288
741, 294, 279
742, 288, 280
743, 280, 295
744, 281, 289
745, 295, 281
746, 289, 282
747, 282, 296
748, 296, 441
749, 442, 283
750, 283, 297
751, 298, 284
752, 284, 299
753, 300, 285
754, 285, 301
755, 302, 286
756, 286, 303
757, 304, 287
758, 287, 305
759, 306, 288
760, 288, 307
761, 308, 289
762, 289, 309
763, 297, 290
764, 290, 298
765, 49, 290
766, 299, 291
767, 291, 300
768, 43, 291
769, 301, 292
770, 292, 302
771, 44, 292
772, 303, 293
773, 293, 304
774, 48, 293
775, 305, 294
776, 294, 306
777, 46, 294
778, 307, 295
779, 295, 308
780, 45, 295
781, 309, 296
782, 296, 443
783, 47, 296
784, 444, 297
785, 297, 49
786, 310, 297
787, 49, 298
788, 298, 299
789, 311, 298
790, 299, 43
791, 312, 299
792, 43, 300
793, 300, 301
794, 313, 300
795, 301, 44
796, 314, 301
797, 44, 302
798, 302, 303
799, 315, 302
800, 303, 48
801, 316, 303
802, 48, 304
803, 304, 305
804, 317, 304
805, 305, 46
806, 318, 305
807, 46, 306
808, 306, 307
809, 319, 306
810, 307, 45
811, 320, 307
812, 45, 308
813, 308, 309
814, 321, 308
815, 309, 47
816, 322, 309
817, 47, 445
818, 310, 49
819, 49, 311
820, 323, 49
821, 312, 43
822, 43, 313
823, 324, 43
824, 314, 44
825, 44, 315
826, 325, 44
827, 316, 48
828, 48, 317
829, 326, 48
830, 318, 46
831, 46, 319
832, 327, 46
833, 320, 45
834, 45, 321
835, 328, 45
836, 322, 47
837, 47, 446
838, 329, 47
839, 447, 310
840, 311, 312
841, 313, 314
842, 315, 316
843, 317, 318
844, 319, 320
845, 321, 322
846, 448, 330
847, 310, 323
848, 330, 310
849, 323, 311
850, 311, 331
851, 312, 324
852, 331, 312
853, 324, 313
854, 313, 332
855, 314, 325
856, 332, 314
857, 325, 315
858, 315, 333
859, 316, 326
860, 333, 316
861, 326, 317
862, 317, 334
863, 318, 327
864, 334, 318
865, 327, 319
866, 319, 335
867, 320, 328
868, 335, 320
869, 328, 321
870, 321, 336
871, 322, 329
872, 336, 322
873, 329, 449
874, 337, 323
875, 323, 338
876, 339, 324
877, 324, 340
878, 341, 325
879, 325, 342
880, 343, 326
881, 326, 344
882, 345, 327
883, 327, 346
884, 347, 328
885, 328, 348
886, 349, 329
887, 329, 450
888, 451, 330
889, 330, 337
890, 55, 330
891, 338, 331
892, 331, 339
893, 51, 331
894, 340, 332
895, 332, 341
896, 53, 332
897, 342, 333
898, 333, 343
899, 56, 333
900, 344, 334
901, 334, 345
902, 50, 334
903, 346, 335
904, 335, 347
905, 52, 335
906, 348, 336
907, 336, 349
908, 54, 336
909, 452, 55
910, 55, 337
911, 337, 338
912, 350, 337
913, 338, 51
914, 351, 338
915, 51, 339
916, 339, 340
917, 352, 339
918, 340, 53
919, 353, 340
920, 53, 341
921, 341, 342
922, 354, 341
923, 342, 56
924, 355, 342
925, 56, 343
926, 343, 344
927, 356, 343
928, 344, 50
929, 357, 344
930, 50, 345
931, 345, 346
932, 358, 345
933, 346, 52
934, 359, 346
935, 52, 347
936, 347, 348
937, 360, 347
938, 348, 54
939, 361, 348
940, 54, 349
941, 349, 453
942, 362, 349
943, 454, 55
944, 55, 350
945, 455, 55
946, 351, 51
947, 51, 352
948, 456, 51
949, 353, 53
950, 53, 354
951, 457, 53
952, 355, 56
953, 56, 356
954, 458, 56
955, 357, 50
956, 50, 358
957, 459, 50
958, 359, 52
959, 52, 360
960, 460, 52
961, 361, 54
962, 54, 362
963, 461, 54
964, 350, 351
965, 352, 353
966, 354, 355
967, 356, 357
968, 358, 359
969, 360, 361
970, 362, 462
971, 463, 350
972, 350, 464
973, 351, 465
974, 466, 351
975, 467, 352
976, 352, 468
977, 353, 469
978, 470, 353
979, 471, 354
980, 354, 472
981, 355, 473
982, 474, 355
983, 475, 356
984, 356, 476
985, 357, 477
986, 478, 357
987, 479, 358
988, 358, 480
989, 359, 481
990, 482, 359
991, 483, 360
992, 360, 484
993, 361, 485
994, 486, 361
995, 487, 362
996, 362, 488
