1, 1414, 7
2, 1092, 1415
3, 1416, 30
4, 1417, 1
5, 1088, 1418
6, 2, 1419
7, 1420, 10
8, 1421, 20
9, 22, 1422
10, 8, 1423
11, 1424, 1089
12, 1425, 5
13, 6, 1426
14, 32, 1427
15, 1428, 18
16, 1429, 13
17, 14, 1430
18, 25, 1431
19, 1432, 24
20, 1433, 4
21, 3, 1434
22, 11, 1435
23, 1436, 31
24, 1437, 12
25, 16, 1438
26, 1090, 1439
27, 29, 1440
28, 1441, 17
29, 21, 1442
30, 1443, 28
31, 27, 1444
32, 1445, 1091
33, 19, 1446
34, 1447, 26
35, 23, 1448
36, 1449, 9
37, 33, 1450
38, 1451, 15
39, 1452, 7
40, 1092, 30
41, 1088, 1
42, 2, 10
43, 22, 20
44, 8, 1089
45, 5, 34
46, 1091, 6
47, 6, 5
48, 32, 18
49, 14, 13
50, 25, 24
51, 3, 4
52, 11, 31
53, 16, 12
54, 1090, 1453
55, 30, 29
56, 29, 1095
57, 39, 30
58, 17, 1088
59, 1096, 17
60, 1088, 61
61, 10, 21
62, 21, 36
63, 60, 10
64, 28, 22
65, 35, 28
66, 22, 48
67, 1089, 27
68, 27, 64
69, 1093, 1089
70, 37, 1091
71, 1091, 38
72, 18, 19
73, 19, 1097
74, 1094, 18
75, 26, 14
76, 42, 26
77, 14, 54
78, 24, 23
79, 23, 41
80, 43, 24
81, 9, 3
82, 1098, 9
83, 3, 49
84, 31, 33
85, 33, 46
86, 56, 31
87, 15, 16
88, 1099, 15
89, 16, 45
90, 7, 1092
91, 1454, 7
92, 1092, 40
93, 1, 2
94, 67, 1
95, 2, 62
96, 20, 8
97, 47, 20
98, 8, 51
99, 34, 32
100, 65, 34
101, 32, 58
102, 13, 25
103, 55, 13
104, 25, 53
105, 4, 11
106, 50, 4
107, 11, 57
108, 12, 1090
109, 44, 12
110, 1090, 1455
111, 68, 1095
112, 1096, 61
113, 60, 59
114, 52, 48
115, 1093, 64
116, 63, 37
117, 38, 66
118, 37, 38
119, 1094, 1097
120, 42, 54
121, 43, 41
122, 1098, 49
123, 56, 46
124, 1099, 69
125, 1456, 88
126, 40, 39
127, 39, 68
128, 96, 40
129, 68, 1105
130, 61, 67
131, 67, 1100
132, 72, 61
133, 62, 60
134, 1101, 62
135, 60, 77
136, 48, 47
137, 47, 84
138, 1106, 48
139, 51, 1093
140, 85, 51
141, 1093, 1107
142, 66, 65
143, 65, 79
144, 1102, 66
145, 58, 1094
146, 80, 58
147, 1094, 82
148, 54, 55
149, 55, 70
150, 92, 54
151, 53, 43
152, 1109, 53
153, 43, 1103
154, 49, 50
155, 50, 71
156, 89, 49
157, 57, 56
158, 1110, 57
159, 56, 1108
160, 45, 44
161, 69, 45
162, 44, 1104
163, 75, 69
164, 87, 1457
165, 1095, 1096
166, 1105, 1095
167, 1096, 81
168, 36, 35
169, 59, 36
170, 35, 52
171, 86, 59
172, 52, 73
173, 64, 63
174, 74, 64
175, 63, 95
176, 1097, 42
177, 83, 1097
178, 42, 91
179, 41, 1098
180, 93, 41
181, 1098, 90
182, 46, 1099
183, 76, 46
184, 1099, 78
185, 1458, 88
186, 96, 1105
187, 72, 1100
188, 1101, 77
189, 1106, 84
190, 85, 1107
191, 1102, 79
192, 80, 82
193, 92, 94
194, 1109, 1103
195, 89, 97
196, 1110, 1108
197, 75, 1104
198, 87, 1459
199, 1105, 105
200, 1111, 1105
201, 81, 72
202, 101, 81
203, 72, 102
204, 77, 86
205, 86, 108
206, 1112, 77
207, 73, 1106
208, 1122, 73
209, 1106, 1117
210, 1107, 74
211, 74, 113
212, 1118, 1107
213, 95, 1102
214, 104, 95
215, 1102, 103
216, 82, 83
217, 83, 1113
218, 1114, 82
219, 91, 92
220, 1115, 91
221, 92, 99
222, 1103, 93
223, 93, 100
224, 1119, 1103
225, 90, 89
226, 98, 90
227, 89, 1120
228, 1108, 76
229, 76, 111
230, 1121, 1108
231, 78, 75
232, 110, 78
233, 75, 1116
234, 88, 96
235, 1460, 88
236, 96, 114
237, 1100, 1101
238, 116, 1100
239, 1101, 115
240, 84, 85
241, 1117, 84
242, 85, 109
243, 79, 80
244, 112, 79
245, 80, 107
246, 70, 1109
247, 94, 70
248, 106, 94
249, 1109, 1119
250, 71, 1110
251, 97, 71
252, 1120, 97
253, 1110, 1121
254, 1104, 87
255, 118, 1104
256, 87, 1461
257, 1111, 105
258, 102, 117
259, 101, 102
260, 1112, 108
261, 1122, 119
262, 1118, 113
263, 104, 103
264, 1114, 1113
265, 1115, 99
266, 1119, 100
267, 98, 1120
268, 1121, 111
269, 110, 1116
270, 1462, 141
271, 114, 1111
272, 136, 114
273, 1111, 137
274, 117, 116
275, 116, 121
276, 120, 117
277, 115, 1112
278, 124, 115
279, 1112, 1123
280, 119, 1117
281, 1117, 1124
282, 127, 119
283, 109, 1118
284, 135, 109
285, 1118, 131
286, 103, 112
287, 112, 1128
288, 143, 103
289, 107, 1114
290, 1129, 107
291, 1114, 140
292, 99, 106
293, 106, 130
294, 129, 99
295, 149, 1119
296, 1119, 145
297, 1120, 1125
298, 148, 1120
299, 126, 1121
300, 1121, 125
301, 1116, 118
302, 118, 123
303, 1126, 1116
304, 122, 1463
305, 105, 101
306, 146, 105
307, 101, 1127
308, 108, 1122
309, 147, 108
310, 1122, 133
311, 113, 104
312, 132, 113
313, 104, 142
314, 1113, 1115
315, 139, 1113
316, 1115, 128
317, 100, 98
318, 144, 100
319, 98, 150
320, 111, 110
321, 134, 111
322, 110, 138
323, 1464, 141
324, 136, 137
325, 1127, 120
326, 120, 121
327, 124, 1123
328, 127, 1124
329, 135, 131
330, 143, 1128
331, 1129, 140
332, 130, 152
333, 129, 130
334, 153, 149
335, 149, 145
336, 148, 1125
337, 151, 126
338, 126, 125
339, 1126, 123
340, 122, 1465
341, 137, 146
342, 146, 1130
343, 1132, 137
344, 155, 1127
345, 1127, 1131
346, 1123, 147
347, 147, 176
348, 1133, 1123
349, 133, 127
350, 166, 133
351, 127, 167
352, 131, 132
353, 132, 157
354, 177, 131
355, 142, 143
356, 156, 142
357, 143, 161
358, 140, 139
359, 139, 179
360, 1134, 140
361, 128, 129
362, 178, 128
363, 129, 181
364, 145, 144
365, 144, 154
366, 160, 145
367, 150, 148
368, 1136, 150
369, 148, 162
370, 125, 134
371, 134, 169
372, 1135, 125
373, 138, 1126
374, 170, 138
375, 1126, 174
376, 141, 136
377, 1466, 141
378, 136, 164
379, 121, 124
380, 172, 121
381, 124, 158
382, 1124, 135
383, 168, 1124
384, 135, 180
385, 1128, 1129
386, 163, 1128
387, 1129, 165
388, 152, 153
389, 182, 152
390, 153, 159
391, 1125, 151
392, 171, 1125
393, 151, 175
394, 123, 122
395, 173, 123
396, 122, 1467
397, 1132, 1130
398, 185, 155
399, 155, 1131
400, 1133, 176
401, 166, 167
402, 177, 157
403, 156, 161
404, 1134, 179
405, 178, 181
406, 184, 183
407, 1136, 162
408, 1135, 169
409, 170, 174
410, 1468, 1137
411, 164, 1132
412, 206, 164
413, 1132, 205
414, 1131, 172
415, 172, 1138
416, 199, 1131
417, 158, 1133
418, 215, 158
419, 1133, 213
420, 167, 168
421, 168, 188
422, 189, 167
423, 180, 177
424, 208, 180
425, 177, 198
426, 161, 163
427, 163, 195
428, 196, 161
429, 165, 1134
430, 210, 165
431, 1134, 212
432, 181, 182
433, 182, 191
434, 192, 181
435, 159, 160
436, 160, 184
437, 194, 159
438, 184, 1140
439, 162, 171
440, 171, 1142
441, 1141, 162
442, 175, 1135
443, 186, 175
444, 1135, 190
445, 174, 173
446, 173, 187
447, 1139, 174
448, 193, 1469
449, 1130, 185
450, 204, 1130
451, 185, 209
452, 176, 166
453, 214, 176
454, 166, 200
455, 157, 156
456, 197, 157
457, 156, 202
458, 179, 178
459, 211, 179
460, 178, 203
461, 154, 1136
462, 183, 154
463, 1140, 183
464, 1136, 1141
465, 169, 170
466, 201, 169
467, 170, 207
468, 1470, 1137
469, 206, 205
470, 199, 1138
471, 215, 216
472, 189, 188
473, 208, 198
474, 196, 195
475, 210, 212
476, 192, 191
477, 194, 1140
478, 1141, 1142
479, 186, 190
480, 1139, 187
481, 193, 1471
482, 205, 204
483, 204, 1145
484, 229, 205
485, 209, 199
486, 1146, 209
487, 199, 230
488, 213, 214
489, 216, 213
490, 214, 219
491, 220, 216
492, 200, 189
493, 243, 200
494, 189, 242
495, 198, 197
496, 197, 233
497, 241, 198
498, 202, 196
499, 224, 202
500, 196, 225
501, 212, 211
502, 211, 217
503, 1143, 212
504, 203, 192
505, 1147, 203
506, 192, 238
507, 1140, 226
508, 223, 1140
509, 237, 1141
510, 1141, 1144
511, 190, 201
512, 201, 218
513, 227, 190
514, 207, 1139
515, 1148, 207
516, 1139, 236
517, 1137, 206
518, 1472, 1137
519, 206, 228
520, 1138, 215
521, 231, 1138
522, 215, 221
523, 188, 208
524, 245, 188
525, 208, 240
526, 195, 210
527, 235, 195
528, 210, 232
529, 191, 194
530, 239, 191
531, 194, 222
532, 1142, 186
533, 1144, 1142
534, 186, 234
535, 187, 193
536, 244, 187
537, 193, 1473
538, 229, 1145
539, 1146, 230
540, 219, 246
541, 220, 219
542, 243, 242
543, 241, 233
544, 224, 225
545, 1143, 217
546, 1147, 238
547, 226, 248
548, 223, 226
549, 247, 237
550, 237, 1144
551, 227, 218
552, 1148, 236
553, 1474, 263
554, 228, 229
555, 264, 228
556, 229, 1152
557, 230, 231
558, 231, 252
559, 260, 230
560, 221, 220
561, 251, 221
562, 220, 1149
563, 242, 245
564, 245, 253
565, 255, 242
566, 240, 241
567, 249, 240
568, 241, 1150
569, 225, 235
570, 235, 267
571, 266, 225
572, 232, 1143
573, 1151, 232
574, 1143, 1153
575, 238, 239
576, 239, 250
577, 1154, 238
578, 222, 223
579, 257, 222
580, 223, 270
581, 1144, 258
582, 259, 1144
583, 234, 227
584, 256, 234
585, 227, 1155
586, 236, 244
587, 244, 272
588, 1156, 236
589, 1157, 1475
590, 1145, 1146
591, 1152, 1145
592, 1146, 261
593, 246, 243
594, 268, 246
595, 243, 254
596, 233, 224
597, 262, 233
598, 224, 271
599, 217, 1147
600, 1153, 217
601, 1147, 1154
602, 248, 247
603, 269, 248
604, 247, 265
605, 218, 1148
606, 1155, 218
607, 1148, 1156
608, 1476, 263
609, 264, 1152
610, 260, 252
611, 251, 1149
612, 255, 253
613, 249, 1150
614, 266, 267
615, 1151, 1153
616, 1154, 250
617, 257, 270
618, 259, 258
619, 256, 1155
620, 1156, 272
621, 1157, 1477
622, 1152, 1158
623, 284, 1152
624, 261, 260
625, 1159, 261
626, 260, 286
627, 1149, 268
628, 268, 1166
629, 279, 1149
630, 254, 255
631, 1167, 254
632, 255, 281
633, 1150, 262
634, 262, 277
635, 276, 1150
636, 271, 266
637, 285, 271
638, 266, 1160
639, 1153, 1161
640, 273, 1153
641, 280, 1154
642, 1154, 1162
643, 270, 269
644, 269, 292
645, 297, 270
646, 265, 259
647, 293, 265
648, 259, 291
649, 1155, 1163
650, 274, 1155
651, 1164, 1156
652, 1156, 1165
653, 263, 264
654, 1478, 263
655, 264, 289
656, 252, 251
657, 294, 252
658, 251, 278
659, 253, 249
660, 282, 253
661, 249, 288
662, 267, 1151
663, 298, 267
664, 1151, 287
665, 250, 257
666, 295, 250
667, 257, 296
668, 258, 256
669, 290, 258
670, 256, 275
671, 272, 1157
672, 283, 272
673, 1157, 1479
674, 284, 1158
675, 1159, 286
676, 279, 1166
677, 1167, 281
678, 276, 277
679, 285, 1160
680, 273, 1161
681, 280, 1162
682, 297, 292
683, 293, 291
684, 299, 1163
685, 1164, 1165
686, 1480, 302
687, 289, 284
688, 301, 289
689, 284, 316
690, 286, 294
691, 294, 1168
692, 1169, 286
693, 278, 279
694, 1174, 278
695, 279, 1171
696, 281, 282
697, 282, 319
698, 1172, 281
699, 288, 276
700, 320, 288
701, 276, 323
702, 1160, 298
703, 298, 300
704, 1170, 1160
705, 287, 273
706, 303, 287
707, 273, 1173
708, 1162, 295
709, 295, 306
710, 307, 1162
711, 296, 297
712, 305, 296
713, 297, 304
714, 291, 290
715, 290, 328
716, 309, 291
717, 275, 274
718, 274, 299
719, 318, 275
720, 299, 311
721, 1165, 283
722, 283, 314
723, 313, 1165
724, 315, 1481
725, 1158, 1159
726, 317, 1158
727, 1159, 325
728, 1166, 1167
729, 1171, 1166
730, 1167, 326
731, 277, 285
732, 322, 277
733, 285, 327
734, 1161, 280
735, 1173, 1161
736, 280, 321
737, 292, 293
738, 308, 292
739, 293, 310
740, 1163, 1164
741, 312, 1163
742, 1164, 324
743, 1482, 331
744, 301, 316
745, 1169, 1168
746, 1174, 332
747, 1172, 319
748, 320, 323
749, 1170, 300
750, 330, 1173
751, 307, 306
752, 305, 304
753, 329, 328
754, 318, 311
755, 313, 314
756, 315, 1483
757, 316, 317
758, 317, 1178
759, 352, 316
760, 325, 1169
761, 333, 325
762, 1169, 337
763, 332, 1171
764, 1171, 335
765, 1175, 332
766, 326, 1172
767, 340, 326
768, 1172, 341
769, 323, 322
770, 322, 361
771, 1176, 323
772, 327, 1170
773, 359, 327
774, 1170, 347
775, 1173, 350
776, 344, 1173
777, 321, 307
778, 349, 321
779, 307, 348
780, 304, 308
781, 308, 1179
782, 357, 304
783, 310, 309
784, 309, 329
785, 338, 310
786, 329, 1177
787, 311, 312
788, 312, 343
789, 362, 311
790, 324, 313
791, 342, 324
792, 313, 355
793, 302, 301
794, 331, 302
795, 1484, 331
796, 301, 356
797, 1168, 1174
798, 336, 1168
799, 1174, 351
800, 319, 320
801, 360, 319
802, 320, 339
803, 300, 303
804, 303, 330
805, 346, 300
806, 330, 345
807, 306, 305
808, 353, 306
809, 305, 358
810, 328, 318
811, 334, 328
812, 318, 363
813, 314, 315
814, 354, 314
815, 315, 1485
816, 352, 1178
817, 333, 337
818, 1175, 335
819, 340, 341
820, 1176, 361
821, 359, 347
822, 344, 350
823, 349, 348
824, 357, 1179
825, 338, 1177
826, 362, 343
827, 342, 355
828, 1486, 364
829, 356, 352
830, 369, 356
831, 352, 370
832, 337, 336
833, 336, 1187
834, 1184, 337
835, 351, 1175
836, 378, 351
837, 1175, 379
838, 341, 360
839, 360, 366
840, 365, 341
841, 339, 1176
842, 394, 339
843, 1176, 1185
844, 347, 346
845, 346, 1180
846, 376, 347
847, 345, 344
848, 1181, 345
849, 344, 1186
850, 348, 353
851, 353, 1188
852, 374, 348
853, 358, 357
854, 1182, 358
855, 357, 1183
856, 1177, 334
857, 334, 389
858, 386, 1177
859, 363, 362
860, 390, 363
861, 362, 384
862, 355, 354
863, 354, 377
864, 382, 355
865, 368, 1487
866, 1178, 333
867, 372, 1178
868, 333, 388
869, 335, 340
870, 380, 335
871, 340, 392
872, 361, 359
873, 385, 361
874, 359, 375
875, 350, 349
876, 367, 350
877, 349, 373
878, 1179, 338
879, 371, 1179
880, 338, 387
881, 343, 342
882, 383, 343
883, 342, 381
884, 364, 397
885, 1488, 364
886, 396, 369
887, 369, 370
888, 1184, 1187
889, 378, 379
890, 366, 393
891, 391, 365
892, 365, 366
893, 394, 1185
894, 376, 1180
895, 1181, 1186
896, 395, 1188
897, 1182, 1183
898, 386, 389
899, 390, 384
900, 382, 377
901, 368, 1489
902, 370, 372
903, 372, 423
904, 424, 370
905, 388, 1184
906, 1189, 388
907, 1184, 402
908, 379, 380
909, 380, 427
910, 422, 379
911, 392, 391
912, 1190, 392
913, 391, 412
914, 1185, 385
915, 385, 399
916, 398, 1185
917, 375, 376
918, 407, 375
919, 376, 416
920, 1186, 367
921, 367, 431
922, 415, 1186
923, 373, 374
924, 374, 395
925, 430, 373
926, 395, 400
927, 1183, 371
928, 371, 404
929, 1191, 1183
930, 387, 386
931, 403, 387
932, 386, 419
933, 384, 383
934, 383, 409
935, 410, 384
936, 381, 382
937, 408, 381
938, 382, 406
939, 397, 396
940, 1490, 397
941, 396, 428
942, 1187, 378
943, 413, 1187
944, 378, 421
945, 393, 394
946, 418, 393
947, 394, 411
948, 1180, 1181
949, 417, 1180
950, 1181, 414
951, 1188, 1182
952, 401, 1188
953, 1182, 426
954, 389, 390
955, 425, 389
956, 390, 420
957, 377, 368
958, 405, 377
959, 368, 1491
960, 424, 423
961, 1189, 402
962, 422, 427
963, 1190, 412
964, 398, 399
965, 407, 416
966, 432, 431
967, 430, 429
968, 1191, 404
969, 403, 419
970, 410, 409
971, 408, 406
972, 1492, 439
973, 428, 424
974, 438, 428
975, 424, 1192
976, 402, 413
977, 413, 1193
978, 1194, 402
979, 421, 422
980, 459, 421
981, 422, 1197
982, 412, 418
983, 418, 446
984, 1198, 412
985, 411, 398
986, 447, 411
987, 398, 458
988, 416, 417
989, 417, 433
990, 1199, 416
991, 414, 415
992, 415, 432
993, 1201, 414
994, 432, 1200
995, 400, 401
996, 429, 400
997, 401, 441
998, 445, 429
999, 426, 1191
1000, 437, 426
1001, 1191, 1195
1002, 419, 425
1003, 425, 434
1004, 435, 419
1005, 420, 410
1006, 436, 420
1007, 410, 442
1008, 406, 405
1009, 405, 1202
1010, 451, 406
1011, 1196, 1493
1012, 423, 1189
1013, 453, 423
1014, 1189, 456
1015, 427, 1190
1016, 450, 427
1017, 1190, 449
1018, 399, 407
1019, 457, 399
1020, 407, 455
1021, 431, 430
1022, 440, 431
1023, 430, 444
1024, 404, 403
1025, 454, 404
1026, 403, 448
1027, 409, 408
1028, 443, 409
1029, 408, 452
1030, 1494, 439
1031, 438, 1192
1032, 1194, 1193
1033, 459, 1197
1034, 1198, 446
1035, 447, 458
1036, 1199, 460
1037, 1201, 1200
1038, 445, 441
1039, 437, 1195
1040, 435, 434
1041, 436, 442
1042, 461, 1202
1043, 1196, 1495
1044, 1192, 453
1045, 453, 476
1046, 1208, 1192
1047, 456, 1194
1048, 474, 456
1049, 1194, 1203
1050, 1197, 450
1051, 450, 1211
1052, 468, 1197
1053, 449, 1198
1054, 1212, 449
1055, 1198, 475
1056, 458, 457
1057, 457, 1204
1058, 465, 458
1059, 455, 1199
1060, 1205, 455
1061, 1199, 1206
1062, 1200, 440
1063, 440, 462
1064, 1209, 1200
1065, 444, 445
1066, 463, 444
1067, 445, 482
1068, 1195, 454
1069, 454, 467
1070, 1207, 1195
1071, 448, 435
1072, 471, 448
1073, 435, 472
1074, 442, 443
1075, 443, 466
1076, 477, 442
1077, 452, 451
1078, 451, 461
1079, 1213, 452
1080, 461, 1210
1081, 439, 438
1082, 1496, 439
1083, 438, 479
1084, 1193, 459
1085, 487, 1193
1086, 459, 473
1087, 446, 447
1088, 481, 446
1089, 447, 469
1090, 433, 1201
1091, 460, 433
1092, 470, 460
1093, 1201, 486
1094, 441, 437
1095, 483, 441
1096, 437, 484
1097, 434, 436
1098, 480, 434
1099, 436, 478
1100, 1202, 1196
1101, 464, 1202
1102, 1196, 1497
1103, 1208, 476
1104, 474, 1203
1105, 468, 1211
1106, 1212, 475
1107, 465, 1204
1108, 1205, 1206
1109, 1209, 488
1110, 485, 482
1111, 1207, 467
1112, 471, 472
1113, 477, 466
1114, 1213, 1210
1115, 1498, 1219
1116, 479, 1208
1117, 508, 479
1118, 1208, 499
1119, 1203, 487
1120, 487, 494
1121, 1216, 1203
1122, 473, 468
1123, 489, 473
1124, 468, 490
1125, 475, 481
1126, 481, 1220
1127, 501, 475
1128, 469, 465
1129, 1221, 469
1130, 465, 507
1131, 1206, 470
1132, 470, 492
1133, 1214, 1206
1134, 486, 1209
1135, 491, 486
1136, 1209, 493
1137, 482, 483
1138, 483, 498
1139, 1218, 482
1140, 484, 1207
1141, 497, 484
1142, 1207, 503
1143, 472, 480
1144, 480, 513
1145, 509, 472
1146, 478, 477
1147, 495, 478
1148, 477, 1215
1149, 1210, 464
1150, 464, 1222
1151, 505, 1210
1152, 1223, 1499
1153, 476, 474
1154, 500, 476
1155, 474, 514
1156, 1211, 1212
1157, 1217, 1211
1158, 1212, 512
1159, 1204, 1205
1160, 506, 1204
1161, 1205, 515
1162, 462, 463
1163, 488, 462
1164, 463, 485
1165, 496, 488
1166, 485, 1218
1167, 467, 471
1168, 502, 467
1169, 471, 510
1170, 466, 1213
1171, 511, 466
1172, 1213, 504
1173, 1500, 1219
1174, 508, 499
1175, 1216, 517
1176, 490, 1217
1177, 489, 490
1178, 501, 1220
1179, 1221, 507
1180, 1214, 492
1181, 491, 493
1182, 1218, 498
1183, 497, 503
1184, 509, 513
1185, 516, 495
1186, 495, 1215
1187, 518, 1222
1188, 1223, 1501
1189, 499, 500
1190, 500, 527
1191, 525, 499
1192, 514, 1216
1193, 530, 514
1194, 1216, 1224
1195, 1217, 537
1196, 531, 1217
1197, 512, 501
1198, 528, 512
1199, 501, 1225
1200, 507, 506
1201, 506, 1231
1202, 1226, 507
1203, 515, 1214
1204, 521, 515
1205, 1214, 529
1206, 493, 496
1207, 496, 541
1208, 1227, 493
1209, 540, 1218
1210, 1218, 1228
1211, 503, 502
1212, 502, 542
1213, 1229, 503
1214, 510, 509
1215, 538, 510
1216, 509, 1230
1217, 1215, 511
1218, 511, 535
1219, 536, 1215
1220, 504, 505
1221, 505, 518
1222, 524, 504
1223, 518, 523
1224, 1219, 508
1225, 1502, 1219
1226, 508, 526
1227, 494, 489
1228, 517, 494
1229, 519, 517
1230, 489, 532
1231, 1220, 1221
1232, 1225, 1220
1233, 1221, 1226
1234, 492, 491
1235, 534, 492
1236, 491, 1227
1237, 498, 497
1238, 533, 498
1239, 497, 1229
1240, 513, 516
1241, 520, 513
1242, 516, 539
1243, 1222, 1223
1244, 522, 1222
1245, 1223, 1503
1246, 525, 527
1247, 530, 1224
1248, 531, 537
1249, 528, 1225
1250, 1226, 1231
1251, 521, 529
1252, 1227, 541
1253, 540, 1228
1254, 543, 542
1255, 538, 1230
1256, 536, 535
1257, 524, 523
1258, 1504, 1236
1259, 526, 525
1260, 550, 526
1261, 525, 549
1262, 1224, 519
1263, 519, 1237
1264, 1233, 1224
1265, 532, 531
1266, 1238, 532
1267, 531, 545
1268, 1225, 1232
1269, 1234, 1225
1270, 558, 1226
1271, 1226, 553
1272, 529, 534
1273, 534, 568
1274, 1235, 529
1275, 570, 1227
1276, 1227, 563
1277, 1228, 533
1278, 533, 572
1279, 555, 1228
1280, 1229, 543
1281, 573, 1229
1282, 543, 562
1283, 1230, 520
1284, 520, 1239
1285, 552, 1230
1286, 539, 536
1287, 559, 539
1288, 536, 560
1289, 523, 522
1290, 522, 547
1291, 548, 523
1292, 571, 1505
1293, 527, 530
1294, 566, 527
1295, 530, 567
1296, 537, 528
1297, 544, 537
1298, 528, 565
1299, 1231, 521
1300, 554, 1231
1301, 521, 546
1302, 541, 540
1303, 564, 541
1304, 540, 556
1305, 542, 538
1306, 561, 542
1307, 538, 551
1308, 535, 524
1309, 569, 535
1310, 524, 557
1311, 1506, 1236
1312, 550, 549
1313, 1233, 1237
1314, 1238, 574
1315, 1234, 1232
1316, 576, 558
1317, 558, 553
1318, 1235, 568
1319, 570, 563
1320, 555, 572
1321, 573, 562
1322, 575, 1239
1323, 559, 560
1324, 548, 547
1325, 571, 1507
1326, 549, 566
1327, 566, 577
1328, 599, 549
1329, 567, 1233
1330, 1247, 567
1331, 1233, 1243
1332, 545, 544
1333, 574, 545
1334, 544, 578
1335, 1244, 574
1336, 565, 1234
1337, 1248, 565
1338, 1234, 1240
1339, 553, 554
1340, 554, 603
1341, 1245, 553
1342, 546, 1235
1343, 601, 546
1344, 1235, 1246
1345, 563, 564
1346, 564, 586
1347, 587, 563
1348, 556, 555
1349, 590, 556
1350, 555, 584
1351, 562, 561
1352, 561, 579
1353, 588, 562
1354, 551, 552
1355, 552, 575
1356, 580, 551
1357, 575, 581
1358, 560, 569
1359, 569, 1241
1360, 1242, 560
1361, 557, 548
1362, 596, 557
1363, 548, 591
1364, 1236, 550
1365, 1508, 1236
1366, 550, 598
1367, 1237, 1238
1368, 1243, 1237
1369, 1238, 1244
1370, 1232, 576
1371, 597, 1232
1372, 576, 593
1373, 568, 570
1374, 583, 568
1375, 570, 595
1376, 572, 573
1377, 585, 572
1378, 573, 589
1379, 1239, 559
1380, 582, 1239
1381, 559, 594
1382, 547, 571
1383, 592, 547
1384, 571, 1509
1385, 599, 602
1386, 1247, 1243
1387, 1244, 600
1388, 1248, 1240
1389, 1245, 603
1390, 601, 1246
1391, 587, 586
1392, 590, 584
1393, 588, 579
1394, 580, 581
1395, 1242, 1241
1396, 596, 591
1397, 1510, 608
1398, 598, 599
1399, 609, 598
1400, 599, 618
1401, 1243, 614
1402, 1253, 1243
1403, 611, 1244
1404, 1244, 610
1405, 1240, 597
1406, 597, 1256
1407, 617, 1240
1408, 593, 1245
1409, 604, 593
1410, 1245, 607
1411, 1246, 583
1412, 583, 1257
1413, 1254, 1246
1414, 595, 587
1415, 605, 595
1416, 587, 1249
1417, 584, 585
1418, 585, 1258
1419, 1255, 584
1420, 589, 588
1421, 612, 589
1422, 588, 624
1423, 581, 582
1424, 582, 621
1425, 620, 581
1426, 594, 1242
1427, 1250, 594
1428, 1242, 1251
1429, 591, 592
1430, 592, 630
1431, 628, 591
1432, 1252, 1511
1433, 577, 1247
1434, 602, 577
1435, 619, 602
1436, 1247, 1253
1437, 578, 1248
1438, 600, 578
1439, 623, 600
1440, 1248, 616
1441, 603, 601
1442, 606, 603
1443, 601, 613
1444, 586, 590
1445, 622, 586
1446, 590, 615
1447, 579, 580
1448, 625, 579
1449, 580, 626
1450, 1241, 596
1451, 627, 1241
1452, 596, 629
1453, 1512, 608
1454, 609, 618
1455, 1253, 614
1456, 611, 610
1457, 617, 1256
1458, 631, 632
1459, 1254, 1257
1460, 605, 1249
1461, 1255, 1258
1462, 612, 624
1463, 620, 621
1464, 1250, 1251
1465, 628, 630
1466, 1252, 1513
1467, 618, 619
1468, 619, 652
1469, 1262, 618
1470, 648, 1253
1471, 1253, 641
1472, 610, 623
1473, 623, 1259
1474, 645, 610
1475, 616, 617
1476, 654, 616
1477, 617, 1263
1478, 607, 606
1479, 632, 607
1480, 606, 635
1481, 634, 632
1482, 613, 1254
1483, 636, 613
1484, 1254, 1264
1485, 1249, 622
1486, 622, 1267
1487, 1265, 1249
1488, 615, 1255
1489, 1268, 615
1490, 1255, 1266
1491, 624, 625
1492, 625, 638
1493, 637, 624
1494, 626, 620
1495, 639, 626
1496, 620, 1260
1497, 1251, 627
1498, 627, 1269
1499, 644, 1251
1500, 629, 628
1501, 633, 629
1502, 628, 1261
1503, 608, 609
1504, 1514, 608
1505, 609, 640
1506, 614, 611
1507, 642, 614
1508, 611, 649
1509, 1256, 604
1510, 604, 631
1511, 1263, 1256
1512, 631, 634
1513, 1257, 605
1514, 1264, 1257
1515, 605, 650
1516, 1258, 612
1517, 1266, 1258
1518, 612, 646
1519, 621, 1250
1520, 651, 621
1521, 1250, 643
1522, 630, 1252
1523, 647, 630
1524, 1252, 1515
1525, 1262, 652
1526, 648, 641
1527, 645, 1259
1528, 654, 655
1529, 658, 659
1530, 657, 656
1531, 1265, 1267
1532, 1268, 653
1533, 637, 638
1534, 639, 1260
1535, 644, 1269
1536, 633, 1261
1537, 1516, 1270
1538, 640, 1262
1539, 670, 640
1540, 1262, 1271
1541, 641, 642
1542, 642, 1278
1543, 665, 641
1544, 649, 645
1545, 675, 649
1546, 645, 676
1547, 655, 1263
1548, 1263, 669
1549, 1272, 655
1550, 634, 658
1551, 668, 634
1552, 658, 1273
1553, 656, 1264
1554, 1264, 682
1555, 1274, 656
1556, 650, 1265
1557, 671, 650
1558, 1265, 1275
1559, 653, 1266
1560, 1266, 680
1561, 1276, 653
1562, 646, 637
1563, 681, 646
1564, 637, 678
1565, 1260, 651
1566, 651, 667
1567, 673, 1260
1568, 643, 644
1569, 1279, 643
1570, 644, 1277
1571, 1261, 647
1572, 647, 1280
1573, 663, 1261
1574, 1281, 1517
1575, 652, 648
1576, 1271, 652
1577, 648, 664
1578, 1259, 654
1579, 677, 1259
1580, 654, 666
1581, 635, 636
1582, 659, 635
1583, 636, 657
1584, 662, 659
1585, 657, 1274
1586, 1267, 1268
1587, 660, 1267
1588, 1268, 661
1589, 638, 639
1590, 679, 638
1591, 639, 672
1592, 1269, 633
1593, 1277, 1269
1594, 633, 674
1595, 1518, 1270
1596, 670, 1271
1597, 685, 1278
1598, 675, 676
1599, 1272, 669
1600, 668, 1273
1601, 684, 682
1602, 671, 1275
1603, 1276, 680
1604, 681, 678
1605, 673, 667
1606, 1279, 683
1607, 663, 1280
1608, 1281, 1519
1609, 1271, 1282
1610, 1283, 1271
1611, 664, 665
1612, 665, 685
1613, 703, 664
1614, 685, 1292
1615, 676, 677
1616, 677, 1284
1617, 1285, 676
1618, 666, 1272
1619, 1286, 666
1620, 1272, 1287
1621, 1273, 662
1622, 662, 690
1623, 694, 1273
1624, 1274, 684
1625, 689, 1274
1626, 684, 688
1627, 1275, 660
1628, 660, 706
1629, 692, 1275
1630, 661, 1276
1631, 700, 661
1632, 1276, 699
1633, 678, 679
1634, 679, 1288
1635, 1289, 678
1636, 672, 673
1637, 1290, 672
1638, 673, 686
1639, 683, 1277
1640, 1277, 1291
1641, 696, 683
1642, 674, 663
1643, 693, 674
1644, 663, 1293
1645, 1270, 670
1646, 1520, 1270
1647, 670, 705
1648, 1278, 675
1649, 1292, 1278
1650, 675, 697
1651, 669, 668
1652, 1287, 669
1653, 668, 702
1654, 682, 671
1655, 698, 682
1656, 671, 691
1657, 680, 681
1658, 704, 680
1659, 681, 701
1660, 667, 1279
1661, 687, 667
1662, 1279, 695
1663, 1280, 1281
1664, 1293, 1280
1665, 1281, 1521
1666, 1283, 1282
1667, 703, 1292
1668, 1285, 1284
1669, 1286, 1287
1670, 694, 690
1671, 689, 688
1672, 707, 706
1673, 700, 699
1674, 1289, 1288
1675, 1290, 686
1676, 696, 1291
1677, 708, 693
1678, 693, 1293
1679, 1522, 1304
1680, 705, 1283
1681, 710, 705
1682, 1283, 709
1683, 1292, 1294
1684, 711, 1292
1685, 697, 1285
1686, 723, 697
1687, 1285, 724
1688, 1287, 727
1689, 728, 1287
1690, 702, 694
1691, 1295, 702
1692, 694, 1296
1693, 688, 698
1694, 698, 733
1695, 1301, 688
1696, 691, 692
1697, 692, 707
1698, 736, 691
1699, 707, 714
1700, 699, 704
1701, 704, 1297
1702, 1298, 699
1703, 701, 1289
1704, 1299, 701
1705, 1289, 1300
1706, 686, 687
1707, 687, 1305
1708, 1302, 686
1709, 695, 696
1710, 712, 695
1711, 696, 720
1712, 1293, 735
1713, 1303, 1293
1714, 717, 1523
1715, 1282, 703
1716, 729, 1282
1717, 703, 721
1718, 1284, 1286
1719, 731, 1284
1720, 1286, 734
1721, 690, 689
1722, 726, 690
1723, 689, 716
1724, 706, 700
1725, 713, 706
1726, 700, 732
1727, 1288, 1290
1728, 718, 1288
1729, 1290, 725
1730, 1291, 708
1731, 719, 1291
1732, 708, 715
1733, 1524, 1304
1734, 709, 730
1735, 710, 709
1736, 722, 711
1737, 711, 1294
1738, 723, 724
1739, 728, 727
1740, 1295, 1296
1741, 1301, 733
1742, 736, 737
1743, 1298, 1297
1744, 1299, 1300
1745, 1302, 1305
1746, 712, 720
1747, 1303, 735
1748, 717, 1525
1749, 730, 729
1750, 729, 740
1751, 1306, 730
1752, 721, 722
1753, 1307, 721
1754, 722, 1308
1755, 724, 731
1756, 731, 1316
1757, 752, 724
1758, 734, 728
1759, 738, 734
1760, 728, 741
1761, 1296, 726
1762, 726, 1309
1763, 747, 1296
1764, 716, 1301
1765, 1310, 716
1766, 1301, 744
1767, 714, 713
1768, 737, 714
1769, 713, 1311
1770, 745, 737
1771, 732, 1298
1772, 1312, 732
1773, 1298, 1313
1774, 1300, 718
1775, 718, 1317
1776, 751, 1300
1777, 725, 1302
1778, 1318, 725
1779, 1302, 1314
1780, 720, 719
1781, 719, 1319
1782, 749, 720
1783, 715, 1303
1784, 739, 715
1785, 1303, 1315
1786, 1304, 710
1787, 1526, 1304
1788, 710, 758
1789, 1294, 723
1790, 759, 1294
1791, 723, 756
1792, 727, 1295
1793, 742, 727
1794, 1295, 748
1795, 733, 736
1796, 743, 733
1797, 736, 746
1798, 1297, 1299
1799, 757, 1297
1800, 1299, 750
1801, 1305, 712
1802, 755, 1305
1803, 712, 753
1804, 735, 717
1805, 1315, 735
1806, 717, 1527
1807, 740, 761
1808, 1306, 740
1809, 1307, 1308
1810, 752, 1316
1811, 754, 741
1812, 747, 1309
1813, 1310, 744
1814, 745, 1311
1815, 1312, 1313
1816, 751, 1317
1817, 1318, 1314
1818, 749, 1319
1819, 760, 1315
1820, 1528, 782
1821, 758, 1306
1822, 777, 758
1823, 1306, 770
1824, 1308, 759
1825, 759, 1320
1826, 778, 1308
1827, 756, 752
1828, 1321, 756
1829, 752, 1324
1830, 741, 742
1831, 742, 788
1832, 1325, 741
1833, 748, 747
1834, 1322, 748
1835, 747, 773
1836, 744, 743
1837, 743, 1328
1838, 1326, 744
1839, 746, 745
1840, 1323, 746
1841, 745, 762
1842, 1313, 757
1843, 757, 780
1844, 787, 1313
1845, 750, 751
1846, 781, 750
1847, 751, 1327
1848, 1314, 755
1849, 755, 771
1850, 772, 1314
1851, 753, 749
1852, 763, 753
1853, 749, 764
1854, 1315, 767
1855, 766, 1315
1856, 765, 1529
1857, 761, 1307
1858, 769, 761
1859, 1307, 779
1860, 1316, 738
1861, 738, 754
1862, 1324, 1316
1863, 754, 1325
1864, 1309, 1310
1865, 774, 1309
1866, 1310, 783
1867, 1311, 1312
1868, 785, 1311
1869, 1312, 786
1870, 1317, 1318
1871, 1327, 1317
1872, 1318, 775
1873, 1319, 739
1874, 739, 760
1875, 776, 1319
1876, 760, 768
1877, 1530, 782
1878, 777, 770
1879, 778, 1320
1880, 1321, 1324
1881, 1325, 788
1882, 1322, 773
1883, 1326, 1328
1884, 762, 784
1885, 1323, 762
1886, 787, 780
1887, 781, 1327
1888, 772, 771
1889, 763, 764
1890, 766, 767
1891, 765, 1531
1892, 770, 769
1893, 769, 789
1894, 1336, 770
1895, 779, 778
1896, 1340, 779
1897, 778, 799
1898, 1324, 809
1899, 1337, 1324
1900, 1329, 1325
1901, 1325, 1330
1902, 773, 774
1903, 774, 801
1904, 803, 773
1905, 783, 1326
1906, 791, 783
1907, 1326, 1331
1908, 784, 785
1909, 785, 1341
1910, 1332, 784
1911, 786, 787
1912, 790, 786
1913, 787, 792
1914, 1327, 808
1915, 1338, 1327
1916, 775, 772
1917, 807, 775
1918, 772, 796
1919, 764, 776
1920, 776, 1333
1921, 1339, 764
1922, 768, 766
1923, 1334, 768
1924, 766, 1335
1925, 782, 777
1926, 1532, 782
1927, 777, 805
1928, 1320, 1321
1929, 800, 1320
1930, 1321, 798
1931, 788, 1322
1932, 802, 788
1933, 1322, 804
1934, 1328, 1323
1935, 795, 1328
1936, 1323, 810
1937, 780, 781
1938, 793, 780
1939, 781, 794
1940, 771, 763
1941, 797, 771
1942, 763, 1339
1943, 767, 765
1944, 806, 767
1945, 765, 1533
1946, 1336, 811
1947, 1340, 799
1948, 1337, 809
1949, 1329, 1330
1950, 803, 801
1951, 791, 1331
1952, 1332, 1341
1953, 790, 792
1954, 1338, 808
1955, 807, 812
1956, 1339, 1333
1957, 1334, 1335
1958, 1534, 824
1959, 805, 1336
1960, 823, 805
1961, 1336, 1348
1962, 799, 800
1963, 800, 816
1964, 1342, 799
1965, 798, 1337
1966, 817, 798
1967, 1337, 1349
1968, 1330, 802
1969, 802, 814
1970, 1343, 1330
1971, 804, 803
1972, 815, 804
1973, 803, 819
1974, 1331, 795
1975, 795, 1352
1976, 837, 1331
1977, 810, 1332
1978, 820, 810
1979, 1332, 827
1980, 792, 793
1981, 793, 822
1982, 826, 792
1983, 794, 1338
1984, 821, 794
1985, 1338, 1350
1986, 796, 797
1987, 812, 796
1988, 797, 835
1989, 1351, 812
1990, 1344, 1339
1991, 1339, 1345
1992, 1335, 806
1993, 806, 1346
1994, 1347, 1335
1995, 830, 1535
1996, 789, 1340
1997, 811, 789
1998, 813, 811
1999, 1340, 832
2000, 809, 1329
2001, 834, 809
2002, 1329, 831
2003, 801, 791
2004, 818, 801
2005, 791, 836
2006, 1341, 790
2007, 828, 1341
2008, 790, 825
2009, 808, 807
2010, 1350, 808
2011, 807, 1351
2012, 1333, 1334
2013, 829, 1333
2014, 1334, 833
2015, 1536, 824
2016, 823, 1348
2017, 1342, 816
2018, 839, 1349
2019, 1343, 814
2020, 815, 819
2021, 837, 1352
2022, 820, 827
2023, 826, 822
2024, 821, 1350
2025, 838, 835
2026, 1344, 1345
2027, 1347, 1346
2028, 830, 1537
2029, 1348, 813
2030, 813, 868
2031, 1357, 1348
2032, 832, 1342
2033, 841, 832
2034, 1342, 1353
2035, 1349, 834
2036, 834, 1354
2037, 851, 1349
2038, 831, 1343
2039, 1355, 831
2040, 1343, 863
2041, 819, 818
2042, 818, 840
2043, 850, 819
2044, 836, 837
2045, 1359, 836
2046, 837, 844
2047, 827, 828
2048, 828, 1356
2049, 854, 827
2050, 825, 826
2051, 865, 825
2052, 826, 860
2053, 1350, 848
2054, 847, 1350
2055, 1351, 838
2056, 842, 1351
2057, 838, 843
2058, 1345, 829
2059, 829, 864
2060, 1358, 1345
2061, 833, 1347
2062, 858, 833
2063, 1347, 857
2064, 824, 823
2065, 1538, 824
2066, 823, 1357
2067, 816, 817
2068, 817, 839
2069, 846, 816
2070, 839, 852
2071, 814, 815
2072, 862, 814
2073, 815, 849
2074, 1352, 820
2075, 845, 1352
2076, 820, 861
2077, 822, 821
2078, 859, 822
2079, 821, 855
2080, 835, 1344
2081, 853, 835
2082, 1344, 856
2083, 1346, 830
2084, 866, 1346
2085, 830, 1539
2086, 869, 868
2087, 867, 841
2088, 841, 1353
2089, 851, 1354
2090, 1355, 863
2091, 870, 871
2092, 1359, 844
2093, 854, 1356
2094, 865, 860
2095, 847, 848
2096, 842, 843
2097, 1358, 864
2098, 858, 857
2099, 1540, 1363
2100, 1357, 869
2101, 1364, 1357
2102, 869, 902
2103, 1353, 846
2104, 846, 904
2105, 888, 1353
2106, 852, 851
2107, 875, 852
2108, 851, 874
2109, 863, 862
2110, 862, 883
2111, 880, 863
2112, 849, 850
2113, 850, 870
2114, 898, 849
2115, 870, 1361
2116, 844, 845
2117, 845, 896
2118, 890, 844
2119, 861, 854
2120, 872, 861
2121, 854, 873
2122, 860, 859
2123, 859, 884
2124, 900, 860
2125, 855, 847
2126, 1365, 855
2127, 847, 1362
2128, 843, 853
2129, 853, 893
2130, 886, 843
2131, 856, 1358
2132, 1360, 856
2133, 1358, 877
2134, 857, 866
2135, 866, 881
2136, 882, 857
2137, 876, 1541
2138, 868, 867
2139, 903, 868
2140, 867, 889
2141, 1354, 1355
2142, 878, 1354
2143, 1355, 879
2144, 840, 1359
2145, 871, 840
2146, 1361, 871
2147, 1359, 891
2148, 1356, 865
2149, 894, 1356
2150, 865, 899
2151, 848, 842
2152, 901, 848
2153, 842, 887
2154, 864, 858
2155, 885, 864
2156, 858, 892
2157, 1542, 1363
2158, 1364, 902
2159, 906, 904
2160, 905, 875
2161, 875, 874
2162, 880, 883
2163, 898, 1361
2164, 890, 896
2165, 897, 872
2166, 873, 895
2167, 872, 873
2168, 900, 884
2169, 1365, 1362
2170, 886, 893
2171, 1360, 877
2172, 882, 881
2173, 876, 1543
2174, 902, 903
2175, 903, 1366
2176, 908, 902
2177, 889, 888
2178, 888, 906
2179, 917, 889
2180, 906, 1368
2181, 874, 878
2182, 878, 1370
2183, 932, 874
2184, 879, 880
2185, 912, 879
2186, 880, 916
2187, 1361, 910
2188, 911, 1361
2189, 891, 890
2190, 915, 891
2191, 890, 914
2192, 895, 894
2193, 894, 1371
2194, 929, 895
2195, 899, 900
2196, 1372, 899
2197, 900, 913
2198, 1362, 901
2199, 901, 930
2200, 921, 1362
2201, 887, 886
2202, 933, 887
2203, 886, 1369
2204, 877, 885
2205, 885, 1373
2206, 934, 877
2207, 892, 882
2208, 1367, 892
2209, 882, 907
2210, 1363, 1364
2211, 1544, 1363
2212, 1364, 925
2213, 904, 905
2214, 909, 904
2215, 905, 931
2216, 883, 898
2217, 923, 883
2218, 898, 928
2219, 896, 897
2220, 924, 896
2221, 897, 936
2222, 884, 1365
2223, 927, 884
2224, 1365, 922
2225, 893, 1360
2226, 920, 893
2227, 1360, 935
2228, 881, 876
2229, 918, 881
2230, 876, 1545
2231, 926, 908
2232, 908, 1366
2233, 917, 1368
2234, 932, 1370
2235, 912, 916
2236, 910, 937
2237, 911, 910
2238, 938, 915
2239, 915, 914
2240, 929, 1371
2241, 1372, 913
2242, 921, 930
2243, 933, 1369
2244, 934, 1373
2245, 907, 919
2246, 1367, 907
2247, 1546, 1377
2248, 925, 926
2249, 961, 925
2250, 926, 962
2251, 1368, 909
2252, 909, 941
2253, 952, 1368
2254, 931, 932
2255, 1378, 931
2256, 932, 956
2257, 916, 923
2258, 923, 1379
2259, 967, 916
2260, 928, 911
2261, 942, 928
2262, 911, 949
2263, 914, 924
2264, 924, 959
2265, 960, 914
2266, 936, 929
2267, 964, 936
2268, 929, 950
2269, 913, 927
2270, 927, 939
2271, 940, 913
2272, 922, 921
2273, 968, 922
2274, 921, 1376
2275, 1369, 920
2276, 920, 945
2277, 954, 1369
2278, 935, 934
2279, 946, 935
2280, 934, 948
2281, 919, 918
2282, 918, 943
2283, 1374, 919
2284, 944, 1547
2285, 1366, 917
2286, 963, 1366
2287, 917, 953
2288, 1370, 912
2289, 957, 1370
2290, 912, 970
2291, 937, 938
2292, 958, 937
2293, 938, 966
2294, 1371, 1372
2295, 951, 1371
2296, 1372, 1375
2297, 930, 933
2298, 947, 930
2299, 933, 955
2300, 1373, 1367
2301, 965, 1373
2302, 1367, 969
2303, 1548, 1377
2304, 961, 962
2305, 973, 972
2306, 1378, 956
2307, 967, 1379
2308, 942, 949
2309, 960, 959
2310, 964, 950
2311, 939, 971
2312, 1375, 940
2313, 940, 939
2314, 968, 1376
2315, 954, 945
2316, 946, 948
2317, 1374, 943
2318, 944, 1549
2319, 962, 963
2320, 963, 1386
2321, 983, 962
2322, 953, 952
2323, 952, 973
2324, 974, 953
2325, 973, 978
2326, 956, 957
2327, 957, 1387
2328, 1383, 956
2329, 970, 967
2330, 1388, 970
2331, 967, 988
2332, 949, 958
2333, 958, 975
2334, 976, 949
2335, 966, 960
2336, 979, 966
2337, 960, 1380
2338, 950, 951
2339, 951, 1381
2340, 981, 950
2341, 995, 1375
2342, 1375, 996
2343, 1376, 947
2344, 947, 984
2345, 1385, 1376
2346, 955, 954
2347, 985, 955
2348, 954, 999
2349, 948, 965
2350, 965, 1382
2351, 977, 948
2352, 969, 1374
2353, 992, 969
2354, 1374, 991
2355, 1377, 961
2356, 1550, 1377
2357, 961, 990
2358, 941, 1378
2359, 972, 941
2360, 986, 972
2361, 1378, 989
2362, 1379, 942
2363, 987, 1379
2364, 942, 1384
2365, 959, 964
2366, 998, 959
2367, 964, 982
2368, 971, 968
2369, 1001, 971
2370, 968, 980
2371, 945, 946
2372, 1000, 945
2373, 946, 994
2374, 943, 944
2375, 997, 943
2376, 944, 1551
2377, 983, 1386
2378, 974, 978
2379, 1383, 1387
2380, 1388, 988
2381, 1384, 976
2382, 976, 975
2383, 979, 1380
2384, 981, 1381
2385, 995, 996
2386, 1385, 984
2387, 985, 999
2388, 993, 977
2389, 977, 1382
2390, 992, 991
2391, 1552, 1003
2392, 990, 983
2393, 1011, 990
2394, 983, 1389
2395, 978, 986
2396, 986, 1390
2397, 1004, 978
2398, 989, 1383
2399, 1023, 989
2400, 1383, 1397
2401, 988, 987
2402, 987, 1005
2403, 1007, 988
2404, 1006, 1384
2405, 1384, 1016
2406, 1380, 998
2407, 998, 1012
2408, 1391, 1380
2409, 982, 981
2410, 1399, 982
2411, 981, 1027
2412, 996, 1001
2413, 1001, 1400
2414, 1017, 996
2415, 980, 1385
2416, 1002, 980
2417, 1385, 1398
2418, 999, 1000
2419, 1000, 1013
2420, 1014, 999
2421, 994, 993
2422, 1010, 994
2423, 993, 1392
2424, 991, 997
2425, 997, 1393
2426, 1394, 991
2427, 1395, 1553
2428, 1386, 974
2429, 1022, 1386
2430, 974, 1396
2431, 1387, 1388
2432, 1397, 1387
2433, 1388, 1008
2434, 975, 979
2435, 1024, 975
2436, 979, 1025
2437, 1381, 995
2438, 1026, 1381
2439, 995, 1018
2440, 984, 985
2441, 1009, 984
2442, 985, 1015
2443, 1382, 992
2444, 1021, 1382
2445, 992, 1019
2446, 1554, 1003
2447, 1011, 1389
2448, 1396, 1004
2449, 1004, 1390
2450, 1023, 1397
2451, 1007, 1005
2452, 1006, 1016
2453, 1391, 1012
2454, 1399, 1027
2455, 1017, 1400
2456, 1020, 1398
2457, 1014, 1013
2458, 1010, 1392
2459, 1394, 1393
2460, 1395, 1555
2461, 1389, 1022
2462, 1022, 1404
2463, 1052, 1389
2464, 1030, 1396
2465, 1396, 1039
2466, 1397, 1059
2467, 1035, 1397
2468, 1008, 1007
2469, 1058, 1008
2470, 1007, 1401
2471, 1016, 1024
2472, 1024, 1049
2473, 1402, 1016
2474, 1025, 1391
2475, 1029, 1025
2476, 1391, 1028
2477, 1027, 1026
2478, 1026, 1031
2479, 1032, 1027
2480, 1018, 1017
2481, 1038, 1018
2482, 1017, 1403
2483, 1398, 1009
2484, 1009, 1056
2485, 1045, 1398
2486, 1015, 1014
2487, 1055, 1015
2488, 1014, 1040
2489, 1392, 1021
2490, 1021, 1042
2491, 1053, 1392
2492, 1019, 1394
2493, 1043, 1019
2494, 1394, 1048
2495, 1003, 1011
2496, 1556, 1003
2497, 1011, 1051
2498, 1390, 1023
2499, 1057, 1390
2500, 1023, 1034
2501, 1005, 1006
2502, 1401, 1005
2503, 1006, 1402
2504, 1012, 1399
2505, 1037, 1012
2506, 1399, 1046
2507, 1400, 1002
2508, 1002, 1020
2509, 1033, 1400
2510, 1020, 1044
2511, 1013, 1010
2512, 1041, 1013
2513, 1010, 1054
2514, 1393, 1395
2515, 1047, 1393
2516, 1395, 1557
2517, 1052, 1404
2518, 1030, 1039
2519, 1060, 1059
2520, 1058, 1401
2521, 1402, 1049
2522, 1050, 1029
2523, 1028, 1036
2524, 1029, 1028
2525, 1032, 1031
2526, 1038, 1403
2527, 1045, 1056
2528, 1055, 1040
2529, 1053, 1042
2530, 1043, 1048
2531, 1558, 1077
2532, 1051, 1052
2533, 1405, 1051
2534, 1052, 1409
2535, 1039, 1057
2536, 1057, 1406
2537, 1061, 1039
2538, 1034, 1035
2539, 1035, 1060
2540, 1075, 1034
2541, 1060, 1410
2542, 1401, 1079
2543, 1067, 1401
2544, 1083, 1402
2545, 1402, 1411
2546, 1036, 1037
2547, 1037, 1070
2548, 1071, 1036
2549, 1046, 1032
2550, 1086, 1046
2551, 1032, 1084
2552, 1403, 1033
2553, 1033, 1081
2554, 1412, 1403
2555, 1044, 1045
2556, 1074, 1044
2557, 1045, 1073
2558, 1040, 1041
2559, 1041, 1407
2560, 1408, 1040
2561, 1054, 1053
2562, 1072, 1054
2563, 1053, 1064
2564, 1048, 1047
2565, 1047, 1063
2566, 1078, 1048
2567, 1413, 1559
2568, 1404, 1030
2569, 1409, 1404
2570, 1030, 1069
2571, 1059, 1058
2572, 1410, 1059
2573, 1058, 1068
2574, 1049, 1050
2575, 1066, 1049
2576, 1050, 1087
2577, 1031, 1038
2578, 1085, 1031
2579, 1038, 1062
2580, 1056, 1055
2581, 1082, 1056
2582, 1055, 1076
2583, 1042, 1043
2584, 1065, 1042
2585, 1043, 1080
2586, 1560, 1077
2587, 1405, 1409
2588, 1069, 1061
2589, 1061, 1406
2590, 1075, 1410
2591, 1067, 1079
2592, 1083, 1411
2593, 1071, 1070
2594, 1086, 1084
2595, 1412, 1081
2596, 1074, 1073
2597, 1408, 1407
2598, 1072, 1064
2599, 1078, 1063
2600, 1413, 1561
2601, 1409, 1562
2602, 1563, 1409
2603, 1564, 1069
2604, 1069, 1565
2605, 1410, 1566
2606, 1567, 1410
2607, 1068, 1067
2608, 1568, 1068
2609, 1067, 1569
2610, 1411, 1066
2611, 1066, 1570
2612, 1571, 1411
2613, 1087, 1071
2614, 1572, 1087
2615, 1071, 1573
2616, 1084, 1085
2617, 1085, 1574
2618, 1575, 1084
2619, 1062, 1412
2620, 1576, 1062
2621, 1412, 1577
2622, 1073, 1082
2623, 1082, 1578
2624, 1579, 1073
2625, 1076, 1408
2626, 1580, 1076
2627, 1408, 1581
2628, 1064, 1065
2629, 1065, 1582
2630, 1583, 1064
2631, 1080, 1078
2632, 1584, 1080
2633, 1078, 1585
2634, 1077, 1405
2635, 1586, 1077
2636, 1405, 1587
2637, 1406, 1075
2638, 1588, 1406
2639, 1075, 1589
2640, 1079, 1083
2641, 1590, 1079
2642, 1083, 1591
2643, 1070, 1086
2644, 1592, 1070
2645, 1086, 1593
2646, 1081, 1074
2647, 1594, 1081
2648, 1074, 1595
2649, 1407, 1072
2650, 1596, 1407
2651, 1072, 1597
2652, 1063, 1413
2653, 1598, 1063
2654, 1413, 1599
