1, 1, 1592
2, 11, 1593
3, 3, 1594
4, 6, 1595
5, 1596, 5
6, 1, 1597
7, 12, 8
8, 1598, 14
9, 7, 10
10, 1599, 15
11, 1737, 1600
12, 15, 1601
13, 1602, 12
14, 12, 1500
15, 23, 15
16, 8, 1603
17, 1604, 2
18, 52, 8
19, 1605, 1
20, 1, 16
21, 46, 35
22, 21, 1606
23, 1607, 11
24, 11, 1493
25, 26, 1608
26, 1493, 1609
27, 1610, 1494
28, 14, 1611
29, 1612, 1495
30, 1494, 14
31, 1495, 1613
32, 18, 1614
33, 1615, 3
34, 24, 1616
35, 3, 6
36, 6, 13
37, 31, 3
38, 1617, 32
39, 5, 1618
40, 33, 5
41, 28, 1619
42, 1496, 1620
43, 1621, 7
44, 7, 34
45, 38, 1622
46, 10, 1623
47, 1624, 9
48, 41, 10
49, 17, 1625
50, 1626, 4
51, 2, 1627
52, 35, 2
53, 1628, 35
54, 16, 21
55, 25, 16
56, 21, 26
57, 19, 1495
58, 1495, 42
59, 37, 18
60, 18, 30
61, 32, 33
62, 47, 32
63, 33, 39
64, 40, 61
65, 9, 17
66, 53, 41
67, 41, 9
68, 17, 27
69, 4, 1629
70, 49, 4
71, 1630, 1738
72, 1737, 29
73, 29, 23
74, 23, 1500
75, 76, 29
76, 56, 20
77, 20, 1493
78, 1493, 22
79, 77, 20
80, 22, 43
81, 69, 22
82, 48, 31
83, 31, 60
84, 60, 51
85, 81, 60
86, 13, 1736
87, 51, 13
88, 1736, 44
89, 58, 51
90, 1496, 50
91, 34, 59
92, 50, 38
93, 38, 34
94, 65, 50
95, 1497, 65
96, 65, 1501
97, 26, 56
98, 1498, 26
99, 56, 71
100, 30, 24
101, 24, 48
102, 1499, 30
103, 48, 62
104, 61, 1496
105, 79, 61
106, 1496, 1497
107, 63, 52
108, 43, 1494
109, 1494, 19
110, 19, 57
111, 55, 43
112, 44, 47
113, 47, 90
114, 64, 44
115, 53, 75
116, 52, 46
117, 46, 54
118, 101, 52
119, 54, 25
120, 25, 72
121, 82, 54
122, 78, 1498
123, 42, 45
124, 70, 42
125, 45, 37
126, 37, 1499
127, 88, 45
128, 1499, 87
129, 102, 1499
130, 94, 66
131, 74, 97
132, 39, 28
133, 28, 40
134, 66, 39
135, 40, 74
136, 74, 66
137, 27, 36
138, 75, 27
139, 89, 75
140, 49, 1738
141, 1738, 1631
142, 99, 85
143, 36, 49
144, 85, 36
145, 49, 85
146, 1632, 76
147, 76, 92
148, 71, 77
149, 77, 98
150, 83, 71
151, 62, 81
152, 81, 96
153, 86, 62
154, 1500, 63
155, 80, 1500
156, 63, 91
157, 68, 55
158, 55, 67
159, 103, 58
160, 58, 64
161, 64, 109
162, 59, 53
163, 1501, 59
164, 53, 104
165, 1498, 83
166, 1503, 1498
167, 83, 106
168, 102, 93
169, 97, 79
170, 79, 84
171, 112, 97
172, 118, 1633
173, 72, 78
174, 107, 82
175, 82, 72
176, 78, 136
177, 57, 70
178, 73, 57
179, 70, 95
180, 95, 88
181, 88, 102
182, 102, 120
183, 124, 95
184, 90, 108
185, 109, 90
186, 116, 109
187, 108, 94
188, 94, 112
189, 112, 141
190, 119, 108
191, 137, 89
192, 89, 115
193, 115, 99
194, 99, 118
195, 118, 148
196, 134, 115
197, 1634, 127
198, 92, 80
199, 121, 92
200, 80, 117
201, 117, 149
202, 91, 101
203, 101, 105
204, 117, 91
205, 122, 117
206, 106, 114
207, 150, 106
208, 98, 69
209, 69, 68
210, 114, 98
211, 68, 151
212, 131, 114
213, 67, 73
214, 132, 67
215, 73, 125
216, 87, 86
217, 93, 87
218, 86, 135
219, 144, 93
220, 96, 110
221, 130, 96
222, 126, 116
223, 116, 129
224, 1497, 111
225, 84, 1497
226, 140, 84
227, 111, 1501
228, 1501, 100
229, 123, 111
230, 1635, 139
231, 149, 169
232, 170, 149
233, 161, 131
234, 131, 152
235, 151, 132
236, 157, 151
237, 132, 162
238, 154, 135
239, 110, 103
240, 103, 126
241, 138, 110
242, 126, 143
243, 146, 128
244, 104, 137
245, 100, 104
246, 133, 100
247, 105, 113
248, 171, 122
249, 122, 105
250, 113, 107
251, 107, 136
252, 178, 113
253, 136, 1503
254, 188, 136
255, 125, 124
256, 124, 168
257, 163, 125
258, 120, 155
259, 168, 120
260, 1502, 168
261, 155, 164
262, 1502, 155
263, 129, 119
264, 119, 145
265, 142, 129
266, 145, 165
267, 202, 145
268, 141, 1504
269, 165, 141
270, 209, 165
271, 175, 174
272, 159, 134
273, 134, 160
274, 148, 1636
275, 160, 148
276, 191, 160
277, 169, 171
278, 200, 169
279, 171, 181
280, 162, 163
281, 185, 162
282, 163, 177
283, 143, 173
284, 166, 143
285, 175, 222
286, 1503, 150
287, 150, 156
288, 197, 1503
289, 164, 144
290, 144, 154
291, 154, 1507
292, 176, 164
293, 1504, 140
294, 140, 146
295, 146, 212
296, 127, 121
297, 139, 127
298, 121, 167
299, 1637, 139
300, 1505, 1638
301, 167, 170
302, 170, 183
303, 1505, 167
304, 183, 189
305, 233, 183
306, 156, 161
307, 161, 198
308, 223, 156
309, 152, 157
310, 193, 152
311, 157, 179
312, 179, 185
313, 185, 192
314, 204, 179
315, 194, 172
316, 135, 130
317, 130, 138
318, 172, 135
319, 138, 147
320, 1508, 172
321, 147, 166
322, 166, 184
323, 195, 147
324, 128, 123
325, 123, 133
326, 180, 128
327, 133, 153
328, 216, 180
329, 153, 158
330, 180, 153
331, 137, 175
332, 158, 137
333, 175, 206
334, 201, 158
335, 181, 178
336, 178, 188
337, 188, 199
338, 218, 181
339, 177, 186
340, 208, 177
341, 173, 142
342, 142, 203
343, 205, 173
344, 174, 159
345, 224, 174
346, 159, 214
347, 211, 197
348, 197, 217
349, 182, 176
350, 176, 190
351, 231, 1504
352, 1504, 187
353, 207, 191
354, 191, 1639
355, 1640, 1505
356, 1505, 226
357, 226, 236
358, 283, 226
359, 189, 200
360, 200, 1511
361, 1511, 189
362, 1511, 218
363, 218, 239
364, 199, 211
365, 239, 199
366, 211, 237
367, 246, 239
368, 217, 228
369, 241, 217
370, 228, 223
371, 223, 220
372, 255, 228
373, 198, 193
374, 220, 198
375, 193, 204
376, 204, 234
377, 251, 220
378, 192, 208
379, 234, 192
380, 208, 229
381, 1510, 234
382, 229, 232
383, 259, 229
384, 186, 1502
385, 1502, 182
386, 221, 186
387, 182, 1506
388, 190, 1507
389, 1506, 190
390, 1507, 194
391, 194, 1508
392, 247, 1507
393, 184, 196
394, 1508, 195
395, 195, 184
396, 227, 1508
397, 196, 205
398, 243, 196
399, 205, 210
400, 260, 205
401, 203, 202
402, 202, 209
403, 209, 231
404, 210, 203
405, 250, 210
406, 269, 252
407, 187, 215
408, 219, 187
409, 1512, 240
410, 216, 201
411, 201, 213
412, 206, 225
413, 213, 206
414, 242, 213
415, 222, 230
416, 225, 222
417, 244, 225
418, 230, 224
419, 214, 207
420, 224, 214
421, 207, 1509
422, 1509, 1641
423, 258, 246
424, 246, 262
425, 237, 241
426, 263, 237
427, 241, 271
428, 232, 221
429, 284, 232
430, 221, 253
431, 245, 1506
432, 1506, 257
433, 278, 250
434, 250, 264
435, 231, 219
436, 252, 231
437, 240, 252
438, 219, 240
439, 249, 230
440, 230, 268
441, 295, 1509
442, 1509, 1642
443, 286, 277
444, 236, 233
445, 233, 265
446, 277, 236
447, 287, 277
448, 323, 287
449, 287, 265
450, 280, 251
451, 251, 1510
452, 270, 238
453, 299, 293
454, 238, 227
455, 227, 243
456, 243, 267
457, 293, 238
458, 273, 293
459, 212, 216
460, 215, 212
461, 1512, 215
462, 216, 235
463, 248, 261
464, 305, 282
465, 235, 242
466, 242, 248
467, 282, 235
468, 248, 282
469, 265, 1511
470, 1511, 258
471, 258, 292
472, 288, 265
473, 271, 255
474, 255, 291
475, 275, 271
476, 259, 296
477, 257, 247
478, 247, 256
479, 272, 257
480, 266, 260
481, 260, 289
482, 274, 1512
483, 1512, 305
484, 305, 1513
485, 290, 244
486, 244, 249
487, 249, 303
488, 279, 1643
489, 315, 301
490, 262, 281
491, 292, 262
492, 301, 292
493, 330, 301
494, 296, 284
495, 284, 285
496, 341, 296
497, 253, 254
498, 285, 253
499, 335, 285
500, 289, 278
501, 264, 269
502, 278, 264
503, 311, 289
504, 311, 294
505, 268, 276
506, 303, 268
507, 1514, 303
508, 276, 297
509, 324, 276
510, 281, 263
511, 263, 275
512, 275, 302
513, 319, 281
514, 254, 245
515, 245, 272
516, 272, 298
517, 307, 254
518, 269, 274
519, 274, 321
520, 294, 269
521, 300, 294
522, 297, 295
523, 295, 279
524, 279, 317
525, 344, 297
526, 1739, 283
527, 283, 286
528, 286, 326
529, 354, 1739
530, 291, 280
531, 280, 312
532, 313, 291
533, 256, 270
534, 270, 306
535, 327, 256
536, 321, 1513
537, 338, 321
538, 337, 288
539, 288, 309
540, 1510, 259
541, 322, 1510
542, 259, 310
543, 267, 266
544, 339, 273
545, 273, 267
546, 266, 314
547, 261, 290
548, 318, 261
549, 290, 304
550, 325, 315
551, 315, 361
552, 330, 319
553, 319, 328
554, 347, 341
555, 341, 352
556, 343, 316
557, 332, 311
558, 311, 1516
559, 1516, 300
560, 300, 334
561, 1514, 324
562, 324, 331
563, 331, 346
564, 372, 331
565, 1644, 354
566, 326, 323
567, 323, 342
568, 359, 326
569, 309, 325
570, 364, 309
571, 325, 349
572, 302, 320
573, 328, 302
574, 1515, 328
575, 320, 313
576, 313, 329
577, 362, 320
578, 312, 322
579, 348, 312
580, 310, 347
581, 322, 310
582, 347, 366
583, 357, 322
584, 298, 333
585, 316, 307
586, 307, 298
587, 367, 316
588, 333, 327
589, 327, 308
590, 377, 333
591, 306, 299
592, 299, 345
593, 308, 306
594, 355, 308
595, 314, 332
596, 339, 314
597, 332, 368
598, 334, 340
599, 1517, 334
600, 353, 350
601, 1513, 318
602, 350, 1513
603, 318, 336
604, 369, 350
605, 304, 1514
606, 336, 304
607, 1514, 1520
608, 317, 1645
609, 351, 317
610, 342, 337
611, 337, 364
612, 1521, 342
613, 364, 1518
614, 329, 348
615, 380, 329
616, 348, 379
617, 382, 357
618, 357, 365
619, 377, 355
620, 345, 339
621, 356, 345
622, 339, 392
623, 374, 369
624, 369, 381
625, 393, 336
626, 336, 370
627, 389, 1515
628, 371, 377
629, 377, 383
630, 1517, 390
631, 358, 373
632, 361, 330
633, 1519, 361
634, 330, 378
635, 378, 389
636, 389, 432
637, 1519, 378
638, 352, 335
639, 335, 343
640, 391, 352
641, 343, 360
642, 360, 375
643, 1523, 360
644, 368, 363
645, 387, 368
646, 363, 1516
647, 1516, 1517
648, 1517, 406
649, 386, 363
650, 1520, 372
651, 372, 376
652, 346, 344
653, 344, 351
654, 376, 346
655, 351, 358
656, 358, 412
657, 408, 376
658, 349, 1519
659, 1518, 349
660, 1519, 395
661, 1515, 362
662, 362, 380
663, 380, 399
664, 400, 1515
665, 383, 411
666, 423, 383
667, 394, 387
668, 387, 410
669, 340, 338
670, 338, 353
671, 385, 340
672, 353, 374
673, 374, 396
674, 370, 1520
675, 417, 370
676, 1520, 404
677, 373, 1646
678, 407, 373
679, 354, 359
680, 1647, 354
681, 359, 1521
682, 431, 1648
683, 399, 397
684, 422, 399
685, 411, 384
686, 381, 403
687, 1524, 381
688, 1521, 388
689, 416, 1521
690, 388, 1518
691, 1518, 414
692, 426, 388
693, 379, 382
694, 397, 379
695, 382, 447
696, 446, 397
697, 366, 405
698, 365, 366
699, 429, 365
700, 355, 356
701, 384, 355
702, 356, 401
703, 413, 384
704, 392, 394
705, 401, 392
706, 394, 425
707, 413, 401
708, 403, 393
709, 393, 398
710, 435, 403
711, 398, 420
712, 453, 398
713, 395, 437
714, 415, 395
715, 449, 400
716, 400, 422
717, 422, 438
718, 402, 391
719, 391, 1523
720, 375, 367
721, 367, 371
722, 371, 436
723, 409, 375
724, 406, 424
725, 410, 386
726, 386, 406
727, 434, 410
728, 390, 385
729, 396, 1524
730, 1525, 390
731, 385, 396
732, 404, 418
733, 421, 404
734, 428, 407
735, 407, 1649
736, 1740, 431
737, 431, 430
738, 440, 433
739, 466, 472
740, 455, 411
741, 411, 439
742, 425, 448
743, 444, 425
744, 427, 441
745, 420, 417
746, 417, 421
747, 1527, 453
748, 453, 420
749, 421, 1526
750, 430, 416
751, 416, 426
752, 426, 440
753, 477, 430
754, 440, 474
755, 414, 415
756, 433, 414
757, 415, 452
758, 494, 433
759, 432, 449
760, 437, 432
761, 463, 437
762, 449, 1522
763, 438, 445
764, 1522, 438
765, 470, 446
766, 446, 451
767, 405, 402
768, 443, 429
769, 429, 405
770, 402, 457
771, 436, 442
772, 1523, 409
773, 459, 1523
774, 409, 436
775, 442, 423
776, 423, 455
777, 455, 478
778, 456, 442
779, 439, 413
780, 413, 444
781, 462, 439
782, 444, 1528
783, 448, 434
784, 434, 454
785, 481, 448
786, 424, 1525
787, 454, 424
788, 464, 454
789, 1524, 427
790, 1525, 1524
791, 427, 465
792, 460, 1525
793, 441, 435
794, 435, 1527
795, 473, 441
796, 418, 419
797, 450, 418
798, 412, 428
799, 419, 408
800, 408, 412
801, 428, 476
802, 461, 419
803, 452, 463
804, 490, 452
805, 463, 1529
806, 509, 518
807, 492, 491
808, 457, 459
809, 471, 457
810, 459, 484
811, 483, 456
812, 456, 488
813, 498, 481
814, 481, 464
815, 464, 493
816, 496, 460
817, 460, 468
818, 1526, 450
819, 450, 461
820, 461, 487
821, 479, 1741
822, 507, 494
823, 494, 1530
824, 447, 443
825, 451, 447
826, 467, 1531
827, 485, 451
828, 443, 458
829, 1528, 498
830, 1527, 499
831, 480, 1527
832, 1650, 495
833, 495, 477
834, 474, 507
835, 477, 474
836, 522, 495
837, 472, 470
838, 516, 472
839, 470, 475
840, 475, 485
841, 485, 1531
842, 534, 475
843, 489, 469
844, 469, 462
845, 462, 1528
846, 1528, 510
847, 550, 469
848, 486, 473
849, 473, 497
850, 497, 480
851, 480, 517
852, 505, 497
853, 445, 466
854, 466, 509
855, 491, 445
856, 509, 491
857, 478, 489
858, 488, 478
859, 525, 488
860, 489, 511
861, 465, 486
862, 468, 465
863, 514, 468
864, 486, 504
865, 519, 1530
866, 515, 467
867, 458, 471
868, 471, 526
869, 467, 458
870, 498, 521
871, 1532, 498
872, 499, 1526
873, 1526, 503
874, 508, 499
875, 1530, 490
876, 490, 1529
877, 533, 1530
878, 1529, 501
879, 553, 1529
880, 526, 500
881, 545, 526
882, 484, 483
883, 500, 484
884, 483, 506
885, 543, 500
886, 493, 502
887, 520, 493
888, 561, 512
889, 487, 482
890, 503, 487
891, 527, 503
892, 538, 527
893, 527, 524
894, 501, 1522
895, 1522, 492
896, 492, 528
897, 523, 501
898, 506, 525
899, 525, 547
900, 546, 506
901, 502, 496
902, 496, 514
903, 514, 542
904, 512, 502
905, 574, 512
906, 476, 479
907, 482, 476
908, 479, 540
909, 524, 482
910, 562, 524
911, 1651, 548
912, 507, 519
913, 529, 507
914, 519, 532
915, 518, 516
916, 535, 518
917, 516, 534
918, 1531, 515
919, 513, 1531
920, 515, 539
921, 511, 563
922, 530, 511
923, 510, 1532
924, 554, 550
925, 550, 510
926, 504, 505
927, 505, 531
928, 549, 504
929, 517, 508
930, 536, 517
931, 508, 537
932, 541, 553
933, 553, 567
934, 528, 535
935, 544, 528
936, 535, 558
937, 545, 556
938, 547, 551
939, 578, 547
940, 521, 520
941, 557, 521
942, 520, 561
943, 561, 576
944, 542, 552
945, 582, 574
946, 574, 542
947, 555, 538
948, 538, 570
949, 540, 1652
950, 575, 540
951, 548, 522
952, 522, 529
953, 566, 548
954, 529, 564
955, 532, 533
956, 533, 541
957, 560, 532
958, 541, 1534
959, 567, 523
960, 523, 544
961, 583, 567
962, 544, 571
963, 558, 569
964, 602, 558
965, 534, 513
966, 565, 534
967, 513, 580
968, 539, 545
969, 579, 539
970, 545, 572
971, 556, 543
972, 543, 546
973, 546, 586
974, 592, 556
975, 551, 530
976, 530, 573
977, 594, 551
978, 563, 554
979, 573, 563
980, 554, 581
981, 1532, 557
982, 585, 1532
983, 557, 577
984, 576, 582
985, 582, 591
986, 552, 549
987, 549, 559
988, 600, 552
989, 531, 536
990, 568, 531
991, 536, 1533
992, 537, 555
993, 1533, 537
994, 555, 597
995, 570, 562
996, 562, 575
997, 584, 570
998, 575, 593
999, 1653, 566
1000, 566, 603
1001, 564, 560
1002, 595, 564
1003, 560, 611
1004, 569, 565
1005, 623, 569
1006, 565, 604
1007, 580, 579
1008, 588, 580
1009, 579, 626
1010, 624, 594
1011, 594, 573
1012, 573, 615
1013, 581, 585
1014, 629, 581
1015, 585, 608
1016, 559, 568
1017, 613, 600
1018, 600, 559
1019, 568, 596
1020, 598, 1533
1021, 1533, 607
1022, 571, 602
1023, 590, 571
1024, 602, 621
1025, 586, 578
1026, 578, 625
1027, 610, 586
1028, 591, 613
1029, 605, 591
1030, 613, 622
1031, 606, 583
1032, 583, 589
1033, 589, 590
1034, 590, 640
1035, 661, 589
1036, 572, 592
1037, 587, 572
1038, 592, 610
1039, 610, 639
1040, 632, 592
1041, 577, 576
1042, 601, 577
1043, 576, 616
1044, 616, 605
1045, 605, 652
1046, 636, 616
1047, 609, 584
1048, 584, 614
1049, 648, 1538
1050, 593, 599
1051, 614, 593
1052, 690, 648
1053, 648, 614
1054, 1534, 619
1055, 626, 587
1056, 635, 626
1057, 587, 632
1058, 632, 647
1059, 608, 601
1060, 628, 608
1061, 601, 634
1062, 597, 609
1063, 607, 597
1064, 643, 607
1065, 609, 1536
1066, 621, 623
1067, 623, 630
1068, 631, 621
1069, 625, 624
1070, 624, 654
1071, 633, 625
1072, 637, 645
1073, 599, 1654
1074, 641, 599
1075, 1655, 617
1076, 603, 612
1077, 617, 603
1078, 686, 617
1079, 630, 627
1080, 676, 630
1081, 604, 588
1082, 627, 604
1083, 588, 642
1084, 638, 627
1085, 615, 1535
1086, 1537, 615
1087, 680, 1535
1088, 596, 620
1089, 645, 596
1090, 651, 645
1091, 620, 618
1092, 667, 620
1093, 612, 595
1094, 611, 1534
1095, 595, 611
1096, 1534, 657
1097, 653, 612
1098, 642, 658
1099, 649, 642
1100, 1535, 629
1101, 629, 628
1102, 628, 663
1103, 669, 1535
1104, 618, 598
1105, 598, 643
1106, 643, 656
1107, 662, 618
1108, 619, 606
1109, 606, 668
1110, 677, 619
1111, 640, 631
1112, 672, 640
1113, 631, 664
1114, 647, 655
1115, 650, 647
1116, 644, 633
1117, 633, 671
1118, 634, 636
1119, 636, 646
1120, 659, 634
1121, 622, 637
1122, 652, 622
1123, 673, 652
1124, 637, 665
1125, 660, 1536
1126, 690, 641
1127, 641, 1656
1128, 1657, 689
1129, 693, 676
1130, 676, 682
1131, 707, 725
1132, 1537, 680
1133, 680, 688
1134, 691, 651
1135, 651, 670
1136, 656, 660
1137, 675, 656
1138, 660, 681
1139, 692, 653
1140, 653, 666
1141, 679, 709
1142, 657, 677
1143, 666, 657
1144, 738, 679
1145, 679, 666
1146, 668, 661
1147, 661, 672
1148, 677, 668
1149, 672, 687
1150, 685, 677
1151, 664, 674
1152, 687, 664
1153, 708, 687
1154, 682, 638
1155, 638, 649
1156, 649, 684
1157, 704, 682
1158, 684, 1539
1159, 658, 635
1160, 635, 650
1161, 684, 658
1162, 650, 707
1163, 707, 684
1164, 639, 644
1165, 655, 639
1166, 701, 655
1167, 644, 702
1168, 654, 1537
1169, 671, 654
1170, 700, 671
1171, 1537, 743
1172, 688, 669
1173, 669, 678
1174, 712, 688
1175, 696, 718
1176, 663, 659
1177, 678, 663
1178, 659, 715
1179, 722, 696
1180, 696, 678
1181, 646, 673
1182, 720, 646
1183, 673, 698
1184, 665, 691
1185, 697, 665
1186, 691, 724
1187, 670, 667
1188, 667, 662
1189, 662, 675
1190, 703, 670
1191, 675, 683
1192, 1536, 1538
1193, 681, 1536
1194, 694, 681
1195, 1538, 690
1196, 690, 706
1197, 695, 1538
1198, 710, 1658
1199, 735, 685
1200, 685, 727
1201, 674, 693
1202, 693, 723
1203, 726, 708
1204, 708, 674
1205, 725, 701
1206, 701, 717
1207, 705, 700
1208, 700, 736
1209, 715, 720
1210, 739, 722
1211, 722, 715
1212, 720, 737
1213, 744, 753
1214, 716, 694
1215, 694, 695
1216, 695, 740
1217, 728, 710
1218, 710, 1659
1219, 742, 752
1220, 1539, 747
1221, 718, 762
1222, 732, 718
1223, 689, 686
1224, 686, 692
1225, 746, 689
1226, 692, 699
1227, 709, 742
1228, 699, 709
1229, 742, 1544
1230, 1544, 699
1231, 731, 704
1232, 704, 713
1233, 713, 1539
1234, 1539, 763
1235, 791, 713
1236, 745, 751
1237, 751, 712
1238, 712, 732
1239, 732, 1543
1240, 778, 751
1241, 719, 703
1242, 703, 711
1243, 733, 1547
1244, 768, 730
1245, 723, 731
1246, 734, 723
1247, 731, 749
1248, 743, 745
1249, 736, 743
1250, 767, 736
1251, 745, 787
1252, 698, 697
1253, 721, 698
1254, 697, 744
1255, 744, 769
1256, 1542, 1660
1257, 750, 738
1258, 738, 735
1259, 735, 761
1260, 747, 741
1261, 758, 747
1262, 762, 739
1263, 739, 788
1264, 773, 762
1265, 683, 716
1266, 711, 683
1267, 716, 1541
1268, 1541, 733
1269, 733, 711
1270, 727, 1540
1271, 761, 727
1272, 764, 761
1273, 757, 1540
1274, 1540, 726
1275, 726, 734
1276, 734, 803
1277, 779, 1540
1278, 741, 725
1279, 725, 760
1280, 783, 741
1281, 717, 714
1282, 760, 717
1283, 784, 760
1284, 702, 705
1285, 714, 702
1286, 705, 767
1287, 767, 775
1288, 781, 714
1289, 737, 729
1290, 770, 737
1291, 804, 772
1292, 729, 721
1293, 721, 771
1294, 772, 729
1295, 782, 772
1296, 740, 754
1297, 1541, 740
1298, 759, 1541
1299, 706, 728
1300, 748, 706
1301, 728, 755
1302, 754, 748
1303, 755, 1542
1304, 766, 754
1305, 748, 755
1306, 1661, 746
1307, 746, 1553
1308, 752, 750
1309, 777, 752
1310, 750, 756
1311, 749, 801
1312, 802, 749
1313, 763, 758
1314, 786, 763
1315, 758, 817
1316, 787, 800
1317, 1543, 773
1318, 773, 1552
1319, 724, 719
1320, 753, 724
1321, 1546, 753
1322, 730, 780
1323, 719, 730
1324, 1547, 765
1325, 1662, 1553
1326, 1544, 777
1327, 1553, 1544
1328, 777, 819
1329, 756, 789
1330, 813, 756
1331, 789, 764
1332, 764, 796
1333, 806, 789
1334, 796, 757
1335, 757, 785
1336, 805, 796
1337, 785, 779
1338, 779, 812
1339, 815, 785
1340, 803, 802
1341, 812, 803
1342, 802, 814
1343, 828, 812
1344, 801, 791
1345, 791, 786
1346, 814, 801
1347, 786, 821
1348, 831, 814
1349, 823, 783
1350, 783, 784
1351, 784, 795
1352, 797, 781
1353, 781, 790
1354, 775, 794
1355, 790, 775
1356, 1549, 790
1357, 794, 787
1358, 787, 1548
1359, 829, 794
1360, 800, 778
1361, 778, 1543
1362, 808, 800
1363, 1543, 837
1364, 788, 770
1365, 792, 788
1366, 770, 804
1367, 804, 1545
1368, 1545, 782
1369, 782, 798
1370, 769, 1546
1371, 771, 769
1372, 798, 771
1373, 825, 798
1374, 780, 810
1375, 1546, 780
1376, 838, 1546
1377, 811, 768
1378, 768, 1547
1379, 1547, 776
1380, 799, 774
1381, 765, 759
1382, 759, 793
1383, 774, 765
1384, 840, 774
1385, 793, 766
1386, 766, 807
1387, 820, 793
1388, 1542, 1663
1389, 807, 1542
1390, 816, 807
1391, 1664, 818
1392, 819, 813
1393, 832, 819
1394, 813, 806
1395, 806, 1551
1396, 856, 831
1397, 817, 823
1398, 821, 817
1399, 824, 821
1400, 823, 839
1401, 1548, 808
1402, 808, 842
1403, 835, 1552
1404, 809, 867
1405, 810, 811
1406, 858, 810
1407, 811, 827
1408, 776, 799
1409, 833, 776
1410, 799, 851
1411, 1551, 834
1412, 834, 805
1413, 805, 815
1414, 815, 849
1415, 859, 834
1416, 849, 841
1417, 873, 849
1418, 846, 822
1419, 795, 797
1420, 822, 795
1421, 797, 845
1422, 862, 822
1423, 845, 1549
1424, 871, 845
1425, 847, 850
1426, 850, 1545
1427, 1545, 830
1428, 869, 850
1429, 830, 825
1430, 825, 838
1431, 838, 857
1432, 874, 830
1433, 840, 820
1434, 820, 826
1435, 826, 816
1436, 816, 836
1437, 878, 826
1438, 904, 868
1439, 1555, 1551
1440, 1551, 883
1441, 864, 891
1442, 839, 852
1443, 910, 839
1444, 1549, 829
1445, 829, 853
1446, 870, 1549
1447, 1552, 792
1448, 1550, 809
1449, 792, 847
1450, 809, 1552
1451, 847, 1550
1452, 857, 858
1453, 858, 872
1454, 863, 857
1455, 855, 840
1456, 840, 860
1457, 909, 876
1458, 818, 1553
1459, 1553, 848
1460, 882, 818
1461, 1554, 848
1462, 848, 832
1463, 832, 1555
1464, 913, 848
1465, 831, 844
1466, 891, 831
1467, 912, 891
1468, 844, 854
1469, 916, 844
1470, 854, 824
1471, 824, 899
1472, 901, 854
1473, 853, 1548
1474, 1548, 865
1475, 875, 853
1476, 865, 861
1477, 887, 865
1478, 837, 835
1479, 842, 837
1480, 867, 880
1481, 861, 842
1482, 835, 867
1483, 903, 861
1484, 872, 866
1485, 906, 872
1486, 827, 833
1487, 866, 827
1488, 833, 843
1489, 888, 866
1490, 851, 855
1491, 843, 851
1492, 855, 884
1493, 886, 843
1494, 883, 859
1495, 859, 873
1496, 873, 879
1497, 905, 883
1498, 841, 828
1499, 828, 856
1500, 856, 864
1501, 900, 841
1502, 864, 907
1503, 852, 846
1504, 846, 862
1505, 862, 871
1506, 871, 893
1507, 895, 852
1508, 902, 870
1509, 870, 885
1510, 881, 1550
1511, 1550, 869
1512, 869, 892
1513, 877, 889
1514, 860, 878
1515, 878, 896
1516, 915, 860
1517, 836, 1665
1518, 868, 836
1519, 876, 868
1520, 1666, 876
1521, 1667, 882
1522, 882, 1554
1523, 1554, 913
1524, 933, 1554
1525, 913, 890
1526, 939, 913
1527, 921, 912
1528, 912, 918
1529, 918, 916
1530, 916, 917
1531, 940, 918
1532, 899, 910
1533, 917, 901
1534, 901, 899
1535, 943, 917
1536, 894, 875
1537, 875, 887
1538, 887, 898
1539, 898, 903
1540, 953, 898
1541, 880, 881
1542, 903, 880
1543, 929, 903
1544, 922, 906
1545, 906, 919
1546, 919, 888
1547, 888, 886
1548, 886, 911
1549, 949, 919
1550, 911, 897
1551, 942, 911
1552, 1555, 905
1553, 890, 1555
1554, 905, 924
1555, 941, 890
1556, 879, 908
1557, 924, 879
1558, 908, 900
1559, 907, 921
1560, 900, 907
1561, 921, 937
1562, 927, 908
1563, 910, 895
1564, 895, 914
1565, 1558, 910
1566, 893, 902
1567, 914, 893
1568, 902, 931
1569, 936, 926
1570, 881, 923
1571, 934, 881
1572, 892, 874
1573, 874, 877
1574, 920, 892
1575, 877, 930
1576, 889, 863
1577, 863, 922
1578, 925, 889
1579, 922, 928
1580, 884, 915
1581, 897, 884
1582, 915, 1557
1583, 932, 897
1584, 896, 904
1585, 904, 1556
1586, 1557, 896
1587, 1556, 909
1588, 909, 1668
1589, 945, 924
1590, 924, 961
1591, 935, 927
1592, 927, 937
1593, 958, 914
1594, 914, 962
1595, 885, 894
1596, 926, 885
1597, 894, 946
1598, 957, 926
1599, 923, 920
1600, 952, 923
1601, 920, 948
1602, 930, 925
1603, 956, 930
1604, 925, 938
1605, 1557, 972
1606, 963, 1556
1607, 1556, 1669
1608, 1670, 944
1609, 944, 933
1610, 933, 964
1611, 979, 944
1612, 964, 939
1613, 939, 941
1614, 1012, 964
1615, 973, 940
1616, 940, 951
1617, 951, 943
1618, 943, 954
1619, 993, 951
1620, 954, 1558
1621, 997, 954
1622, 946, 955
1623, 974, 957
1624, 957, 946
1625, 953, 929
1626, 929, 950
1627, 950, 967
1628, 985, 950
1629, 960, 942
1630, 1010, 981
1631, 942, 965
1632, 989, 942
1633, 941, 945
1634, 945, 998
1635, 987, 941
1636, 937, 973
1637, 994, 937
1638, 973, 1005
1639, 1558, 958
1640, 958, 969
1641, 984, 1558
1642, 980, 974
1643, 974, 1004
1644, 967, 934
1645, 934, 952
1646, 952, 976
1647, 928, 947
1648, 938, 928
1649, 959, 938
1650, 975, 990
1651, 965, 932
1652, 932, 1557
1653, 1557, 977
1654, 971, 965
1655, 961, 935
1656, 1017, 961
1657, 935, 970
1658, 1026, 983
1659, 970, 994
1660, 994, 1020
1661, 983, 970
1662, 1031, 983
1663, 962, 968
1664, 969, 962
1665, 1003, 969
1666, 931, 936
1667, 966, 931
1668, 936, 980
1669, 980, 999
1670, 968, 966
1671, 1560, 968
1672, 966, 1019
1673, 948, 956
1674, 978, 948
1675, 956, 986
1676, 1559, 1006
1677, 986, 959
1678, 959, 991
1679, 1559, 986
1680, 977, 982
1681, 1024, 977
1682, 972, 963
1683, 982, 972
1684, 963, 1011
1685, 1028, 982
1686, 1002, 1671
1687, 1672, 979
1688, 979, 1016
1689, 1027, 1012
1690, 1012, 1013
1691, 1005, 993
1692, 993, 1008
1693, 1015, 997
1694, 997, 988
1695, 955, 953
1696, 1007, 955
1697, 953, 985
1698, 985, 995
1699, 1000, 967
1700, 967, 992
1701, 947, 949
1702, 949, 960
1703, 981, 975
1704, 960, 981
1705, 975, 947
1706, 1014, 989
1707, 989, 971
1708, 971, 996
1709, 1016, 1027
1710, 1046, 1016
1711, 1027, 1064
1712, 998, 1018
1713, 1013, 987
1714, 987, 998
1715, 1041, 1013
1716, 1018, 1017
1717, 1017, 1023
1718, 1062, 1041
1719, 1041, 1018
1720, 1023, 1026
1721, 1026, 1031
1722, 1031, 1037
1723, 1072, 1023
1724, 1020, 1021
1725, 1038, 1020
1726, 1008, 1015
1727, 1058, 1008
1728, 1015, 1050
1729, 988, 984
1730, 984, 1009
1731, 1059, 988
1732, 1009, 1003
1733, 1003, 1560
1734, 1051, 1009
1735, 1560, 1029
1736, 999, 1047
1737, 1019, 999
1738, 1029, 1019
1739, 1057, 1029
1740, 1004, 1007
1741, 1047, 1004
1742, 1007, 1022
1743, 1066, 1047
1744, 995, 1000
1745, 1022, 995
1746, 1000, 1040
1747, 1045, 1022
1748, 992, 1001
1749, 1040, 992
1750, 1049, 1040
1751, 976, 978
1752, 1001, 976
1753, 1006, 1036
1754, 978, 1006
1755, 1054, 1001
1756, 1036, 1035
1757, 1562, 1036
1758, 1035, 1559
1759, 1559, 1025
1760, 1052, 1035
1761, 990, 1044
1762, 991, 990
1763, 1025, 991
1764, 1048, 1025
1765, 1044, 1010
1766, 1010, 1014
1767, 1014, 1033
1768, 1056, 1044
1769, 996, 1024
1770, 1024, 1032
1771, 1030, 996
1772, 1032, 1042
1773, 1063, 1032
1774, 1011, 1002
1775, 1034, 1011
1776, 1002, 1673
1777, 1065, 1039
1778, 1674, 1046
1779, 1046, 1075
1780, 1067, 1062
1781, 1062, 1070
1782, 1021, 1005
1783, 1005, 1058
1784, 1078, 1021
1785, 1058, 1076
1786, 1050, 1059
1787, 1083, 1050
1788, 1059, 1061
1789, 1066, 1045
1790, 1045, 1564
1791, 1053, 1049
1792, 1049, 1069
1793, 1055, 1056
1794, 1033, 1030
1795, 1068, 1033
1796, 1030, 1063
1797, 1063, 1080
1798, 1082, 1081
1799, 1109, 1098
1800, 1037, 1038
1801, 1081, 1037
1802, 1038, 1094
1803, 1098, 1081
1804, 1111, 1098
1805, 1071, 1560
1806, 1560, 1079
1807, 1079, 1085
1808, 1086, 1079
1809, 1085, 1057
1810, 1057, 1561
1811, 1123, 1085
1812, 1562, 1088
1813, 1128, 1084
1814, 1088, 1052
1815, 1052, 1060
1816, 1104, 1088
1817, 1042, 1043
1818, 1097, 1042
1819, 1043, 1028
1820, 1028, 1034
1821, 1039, 1565
1822, 1034, 1039
1823, 1095, 1043
1824, 1565, 1073
1825, 1070, 1103
1826, 1091, 1070
1827, 1094, 1078
1828, 1078, 1092
1829, 1061, 1051
1830, 1051, 1074
1831, 1096, 1061
1832, 1561, 1066
1833, 1066, 1100
1834, 1069, 1054
1835, 1054, 1562
1836, 1113, 1069
1837, 1084, 1093
1838, 1562, 1084
1839, 1060, 1048
1840, 1048, 1055
1841, 1055, 1131
1842, 1099, 1060
1843, 1080, 1106
1844, 1102, 1080
1845, 1075, 1089
1846, 1742, 1075
1847, 1089, 1090
1848, 1742, 1089
1849, 1064, 1067
1850, 1090, 1064
1851, 1067, 1091
1852, 1091, 1107
1853, 1566, 1090
1854, 1076, 1083
1855, 1092, 1076
1856, 1083, 1563
1857, 1120, 1092
1858, 1145, 1563
1859, 1563, 1096
1860, 1096, 1119
1861, 1143, 1563
1862, 1100, 1564
1863, 1117, 1100
1864, 1564, 1077
1865, 1139, 1564
1866, 1077, 1053
1867, 1053, 1105
1868, 1101, 1077
1869, 1056, 1068
1870, 1114, 1056
1871, 1068, 1087
1872, 1137, 1114
1873, 1087, 1102
1874, 1114, 1087
1875, 1108, 1072
1876, 1072, 1082
1877, 1082, 1109
1878, 1109, 1136
1879, 1130, 1111
1880, 1111, 1094
1881, 1094, 1121
1882, 1074, 1071
1883, 1071, 1086
1884, 1086, 1142
1885, 1112, 1074
1886, 1135, 1123
1887, 1123, 1561
1888, 1561, 1125
1889, 1093, 1569
1890, 1122, 1093
1891, 1115, 1104
1892, 1104, 1099
1893, 1099, 1126
1894, 1106, 1097
1895, 1097, 1095
1896, 1095, 1565
1897, 1565, 1132
1898, 1118, 1106
1899, 1073, 1065
1900, 1065, 1675
1901, 1140, 1073
1902, 1676, 1156
1903, 1156, 1566
1904, 1107, 1110
1905, 1566, 1107
1906, 1176, 1566
1907, 1103, 1108
1908, 1136, 1567
1909, 1110, 1103
1910, 1108, 1136
1911, 1170, 1110
1912, 1567, 1130
1913, 1130, 1144
1914, 1121, 1120
1915, 1120, 1133
1916, 1144, 1121
1917, 1133, 1146
1918, 1166, 1133
1919, 1146, 1145
1920, 1145, 1571
1921, 1165, 1146
1922, 1571, 1143
1923, 1143, 1129
1924, 1119, 1112
1925, 1129, 1119
1926, 1112, 1568
1927, 1152, 1129
1928, 1142, 1135
1929, 1568, 1142
1930, 1135, 1570
1931, 1125, 1134
1932, 1570, 1125
1933, 1134, 1117
1934, 1117, 1139
1935, 1139, 1148
1936, 1175, 1134
1937, 1105, 1116
1938, 1148, 1101
1939, 1101, 1105
1940, 1157, 1148
1941, 1116, 1113
1942, 1113, 1122
1943, 1122, 1147
1944, 1150, 1116
1945, 1147, 1569
1946, 1169, 1147
1947, 1569, 1128
1948, 1128, 1115
1949, 1115, 1154
1950, 1174, 1569
1951, 1131, 1138
1952, 1126, 1131
1953, 1155, 1126
1954, 1138, 1137
1955, 1137, 1153
1956, 1164, 1138
1957, 1102, 1124
1958, 1153, 1102
1959, 1158, 1153
1960, 1124, 1127
1961, 1163, 1124
1962, 1127, 1118
1963, 1118, 1151
1964, 1172, 1127
1965, 1132, 1149
1966, 1151, 1132
1967, 1160, 1151
1968, 1141, 1677
1969, 1179, 1567
1970, 1567, 1159
1971, 1173, 1144
1972, 1144, 1168
1973, 1162, 1568
1974, 1568, 1191
1975, 1187, 1570
1976, 1570, 1183
1977, 1189, 1190
1978, 1154, 1155
1979, 1155, 1181
1980, 1178, 1160
1981, 1160, 1149
1982, 1149, 1140
1983, 1140, 1141
1984, 1141, 1678
1985, 1215, 1149
1986, 1679, 1156
1987, 1156, 1212
1988, 1216, 1182
1989, 1194, 1165
1990, 1165, 1180
1991, 1180, 1571
1992, 1571, 1193
1993, 1203, 1180
1994, 1209, 1193
1995, 1184, 1167
1996, 1227, 1188
1997, 1167, 1157
1998, 1157, 1150
1999, 1150, 1185
2000, 1188, 1167
2001, 1195, 1188
2002, 1572, 1177
2003, 1161, 1158
2004, 1158, 1163
2005, 1163, 1186
2006, 1208, 1198
2007, 1680, 1218
2008, 1176, 1170
2009, 1170, 1179
2010, 1179, 1233
2011, 1168, 1166
2012, 1166, 1194
2013, 1201, 1168
2014, 1194, 1206
2015, 1192, 1152
2016, 1152, 1162
2017, 1162, 1211
2018, 1183, 1175
2019, 1175, 1184
2020, 1238, 1183
2021, 1184, 1214
2022, 1185, 1169
2023, 1169, 1189
2024, 1189, 1207
2025, 1181, 1164
2026, 1164, 1572
2027, 1205, 1181
2028, 1186, 1172
2029, 1172, 1178
2030, 1200, 1186
2031, 1159, 1171
2032, 1240, 1159
2033, 1220, 1197
2034, 1171, 1173
2035, 1173, 1201
2036, 1197, 1171
2037, 1204, 1197
2038, 1222, 1199
2039, 1191, 1187
2040, 1199, 1191
2041, 1187, 1232
2042, 1251, 1199
2043, 1207, 1196
2044, 1190, 1174
2045, 1174, 1154
2046, 1196, 1190
2047, 1154, 1202
2048, 1217, 1196
2049, 1202, 1205
2050, 1205, 1210
2051, 1228, 1217
2052, 1217, 1202
2053, 1178, 1215
2054, 1231, 1178
2055, 1215, 1681
2056, 1682, 1743
2057, 1224, 1215
2058, 1212, 1216
2059, 1218, 1212
2060, 1216, 1221
2061, 1683, 1218
2062, 1182, 1176
2063, 1234, 1182
2064, 1176, 1235
2065, 1213, 1219
2066, 1193, 1192
2067, 1211, 1225
2068, 1574, 1193
2069, 1192, 1211
2070, 1214, 1575
2071, 1236, 1214
2072, 1239, 1195
2073, 1195, 1185
2074, 1185, 1223
2075, 1177, 1161
2076, 1247, 1177
2077, 1198, 1247
2078, 1161, 1198
2079, 1233, 1240
2080, 1243, 1233
2081, 1240, 1573
2082, 1573, 1220
2083, 1220, 1230
2084, 1201, 1244
2085, 1230, 1204
2086, 1204, 1201
2087, 1270, 1230
2088, 1225, 1222
2089, 1222, 1273
2090, 1241, 1225
2091, 1232, 1238
2092, 1238, 1249
2093, 1269, 1251
2094, 1251, 1232
2095, 1262, 1279
2096, 1229, 1207
2097, 1207, 1250
2098, 1250, 1228
2099, 1228, 1257
2100, 1268, 1250
2101, 1210, 1226
2102, 1257, 1210
2103, 1578, 1257
2104, 1242, 1231
2105, 1231, 1255
2106, 1255, 1237
2107, 1278, 1255
2108, 1237, 1224
2109, 1224, 1743
2110, 1263, 1237
2111, 1684, 1290
2112, 1221, 1234
2113, 1281, 1221
2114, 1234, 1256
2115, 1235, 1243
2116, 1256, 1235
2117, 1243, 1275
2118, 1272, 1256
2119, 1206, 1213
2120, 1244, 1206
2121, 1213, 1265
2122, 1267, 1244
2123, 1219, 1203
2124, 1203, 1209
2125, 1209, 1248
2126, 1252, 1219
2127, 1574, 1241
2128, 1241, 1577
2129, 1249, 1236
2130, 1236, 1264
2131, 1274, 1262
2132, 1262, 1249
2133, 1575, 1227
2134, 1227, 1239
2135, 1239, 1576
2136, 1223, 1229
2137, 1576, 1223
2138, 1229, 1581
2139, 1572, 1246
2140, 1226, 1572
2141, 1260, 1226
2142, 1246, 1247
2143, 1247, 1259
2144, 1254, 1246
2145, 1245, 1208
2146, 1208, 1200
2147, 1200, 1242
2148, 1242, 1253
2149, 1265, 1252
2150, 1271, 1267
2151, 1267, 1265
2152, 1252, 1261
2153, 1258, 1574
2154, 1574, 1293
2155, 1264, 1575
2156, 1298, 1264
2157, 1575, 1282
2158, 1286, 1576
2159, 1576, 1285
2160, 1276, 1260
2161, 1260, 1254
2162, 1254, 1299
2163, 1259, 1245
2164, 1579, 1259
2165, 1245, 1266
2166, 1305, 1573
2167, 1573, 1280
2168, 1326, 1287
2169, 1280, 1270
2170, 1270, 1284
2171, 1287, 1280
2172, 1580, 1287
2173, 1577, 1273
2174, 1273, 1269
2175, 1279, 1288
2176, 1269, 1279
2177, 1319, 1273
2178, 1288, 1274
2179, 1274, 1283
2180, 1316, 1288
2181, 1581, 1268
2182, 1268, 1578
2183, 1578, 1582
2184, 1344, 1578
2185, 1296, 1278
2186, 1278, 1291
2187, 1291, 1584
2188, 1329, 1291
2189, 1300, 1263
2190, 1263, 1685
2191, 1275, 1294
2192, 1277, 1272
2193, 1272, 1275
2194, 1318, 1297
2195, 1284, 1271
2196, 1271, 1301
2197, 1580, 1284
2198, 1307, 1577
2199, 1577, 1320
2200, 1283, 1298
2201, 1298, 1308
2202, 1323, 1283
2203, 1285, 1581
2204, 1324, 1285
2205, 1582, 1276
2206, 1276, 1309
2207, 1253, 1296
2208, 1266, 1253
2209, 1304, 1266
2210, 1296, 1310
2211, 1302, 1686
2212, 1290, 1289
2213, 1687, 1290
2214, 1289, 1281
2215, 1281, 1292
2216, 1328, 1289
2217, 1292, 1277
2218, 1297, 1333
2219, 1277, 1297
2220, 1315, 1292
2221, 1314, 1311
2222, 1248, 1258
2223, 1261, 1248
2224, 1311, 1261
2225, 1258, 1295
2226, 1321, 1311
2227, 1293, 1307
2228, 1295, 1293
2229, 1307, 1354
2230, 1341, 1321
2231, 1321, 1295
2232, 1308, 1303
2233, 1282, 1286
2234, 1303, 1282
2235, 1286, 1317
2236, 1313, 1303
2237, 1317, 1324
2238, 1324, 1343
2239, 1362, 1317
2240, 1299, 1579
2241, 1306, 1299
2242, 1579, 1312
2243, 1342, 1579
2244, 1312, 1304
2245, 1304, 1327
2246, 1372, 1312
2247, 1294, 1305
2248, 1334, 1318
2249, 1305, 1326
2250, 1326, 1339
2251, 1318, 1294
2252, 1352, 1580
2253, 1580, 1332
2254, 1320, 1319
2255, 1319, 1330
2256, 1350, 1320
2257, 1331, 1316
2258, 1316, 1323
2259, 1323, 1583
2260, 1581, 1336
2261, 1340, 1581
2262, 1351, 1582
2263, 1582, 1348
2264, 1310, 1329
2265, 1329, 1345
2266, 1325, 1310
2267, 1584, 1300
2268, 1300, 1302
2269, 1302, 1688
2270, 1689, 1585
2271, 1333, 1346
2272, 1337, 1333
2273, 1346, 1334
2274, 1339, 1347
2275, 1334, 1339
2276, 1369, 1346
2277, 1349, 1352
2278, 1352, 1363
2279, 1332, 1338
2280, 1382, 1332
2281, 1301, 1314
2282, 1338, 1301
2283, 1314, 1368
2284, 1386, 1338
2285, 1354, 1365
2286, 1359, 1341
2287, 1341, 1354
2288, 1384, 1350
2289, 1350, 1366
2290, 1330, 1331
2291, 1367, 1330
2292, 1331, 1355
2293, 1583, 1308
2294, 1308, 1322
2295, 1322, 1335
2296, 1587, 1322
2297, 1374, 1353
2298, 1343, 1340
2299, 1353, 1343
2300, 1340, 1361
2301, 1398, 1353
2302, 1336, 1344
2303, 1344, 1375
2304, 1361, 1336
2305, 1385, 1361
2306, 1370, 1351
2307, 1351, 1348
2308, 1309, 1306
2309, 1348, 1309
2310, 1306, 1342
2311, 1342, 1356
2312, 1380, 1348
2313, 1379, 1364
2314, 1327, 1325
2315, 1364, 1327
2316, 1325, 1378
2317, 1391, 1364
2318, 1345, 1584
2319, 1381, 1345
2320, 1584, 1357
2321, 1357, 1690
2322, 1377, 1357
2323, 1585, 1328
2324, 1328, 1315
2325, 1315, 1337
2326, 1337, 1358
2327, 1373, 1359
2328, 1359, 1397
2329, 1335, 1313
2330, 1313, 1360
2331, 1376, 1335
2332, 1356, 1372
2333, 1372, 1379
2334, 1396, 1380
2335, 1380, 1356
2336, 1379, 1387
2337, 1406, 1369
2338, 1369, 1399
2339, 1363, 1371
2340, 1411, 1363
2341, 1366, 1367
2342, 1390, 1366
2343, 1367, 1400
2344, 1355, 1583
2345, 1403, 1355
2346, 1583, 1587
2347, 1413, 1398
2348, 1398, 1385
2349, 1385, 1394
2350, 1383, 1370
2351, 1370, 1395
2352, 1378, 1381
2353, 1392, 1378
2354, 1691, 1585
2355, 1358, 1406
2356, 1585, 1358
2357, 1410, 1585
2358, 1406, 1422
2359, 1442, 1410
2360, 1410, 1406
2361, 1368, 1373
2362, 1388, 1368
2363, 1373, 1393
2364, 1393, 1421
2365, 1590, 1393
2366, 1397, 1389
2367, 1421, 1397
2368, 1586, 1421
2369, 1360, 1362
2370, 1376, 1360
2371, 1401, 1376
2372, 1376, 1418
2373, 1362, 1374
2374, 1374, 1404
2375, 1418, 1362
2376, 1431, 1418
2377, 1412, 1416
2378, 1448, 1417
2379, 1387, 1429
2380, 1416, 1387
2381, 1440, 1416
2382, 1405, 1386
2383, 1386, 1388
2384, 1388, 1423
2385, 1365, 1384
2386, 1389, 1365
2387, 1384, 1390
2388, 1390, 1426
2389, 1420, 1389
2390, 1419, 1587
2391, 1404, 1413
2392, 1413, 1449
2393, 1427, 1404
2394, 1395, 1396
2395, 1396, 1412
2396, 1430, 1395
2397, 1417, 1432
2398, 1412, 1417
2399, 1429, 1391
2400, 1391, 1392
2401, 1392, 1457
2402, 1434, 1429
2403, 1347, 1349
2404, 1399, 1347
2405, 1349, 1409
2406, 1437, 1399
2407, 1409, 1411
2408, 1411, 1415
2409, 1441, 1409
2410, 1371, 1382
2411, 1382, 1405
2412, 1415, 1371
2413, 1405, 1436
2414, 1438, 1415
2415, 1400, 1408
2416, 1428, 1400
2417, 1408, 1403
2418, 1588, 1408
2419, 1403, 1419
2420, 1419, 1453
2421, 1461, 1403
2422, 1455, 1424
2423, 1375, 1383
2424, 1394, 1375
2425, 1424, 1394
2426, 1383, 1414
2427, 1447, 1424
2428, 1414, 1430
2429, 1430, 1439
2430, 1464, 1447
2431, 1447, 1414
2432, 1381, 1407
2433, 1458, 1381
2434, 1407, 1402
2435, 1425, 1435
2436, 1589, 1407
2437, 1402, 1377
2438, 1377, 1744
2439, 1744, 1425
2440, 1425, 1402
2441, 1692, 1442
2442, 1433, 1446
2443, 1423, 1590
2444, 1452, 1423
2445, 1586, 1420
2446, 1420, 1443
2447, 1587, 1401
2448, 1401, 1451
2449, 1450, 1587
2450, 1451, 1431
2451, 1431, 1427
2452, 1427, 1463
2453, 1432, 1444
2454, 1445, 1432
2455, 1460, 1454
2456, 1446, 1437
2457, 1437, 1441
2458, 1441, 1465
2459, 1465, 1470
2460, 1693, 1465
2461, 1436, 1456
2462, 1470, 1438
2463, 1438, 1436
2464, 1694, 1470
2465, 1426, 1428
2466, 1443, 1426
2467, 1428, 1588
2468, 1588, 1473
2469, 1485, 1588
2470, 1453, 1462
2471, 1473, 1461
2472, 1461, 1453
2473, 1695, 1473
2474, 1449, 1455
2475, 1463, 1449
2476, 1455, 1467
2477, 1474, 1463
2478, 1467, 1464
2479, 1464, 1471
2480, 1696, 1467
2481, 1439, 1445
2482, 1471, 1439
2483, 1445, 1491
2484, 1457, 1458
2485, 1458, 1480
2486, 1697, 1479
2487, 1477, 1589
2488, 1435, 1698
2489, 1468, 1435
2490, 1699, 1591
2491, 1442, 1459
2492, 1591, 1442
2493, 1700, 1446
2494, 1446, 1701
2495, 1456, 1452
2496, 1452, 1483
2497, 1702, 1456
2498, 1590, 1586
2499, 1482, 1590
2500, 1586, 1466
2501, 1466, 1443
2502, 1443, 1703
2503, 1484, 1466
2504, 1462, 1450
2505, 1450, 1472
2506, 1704, 1462
2507, 1478, 1451
2508, 1451, 1469
2509, 1469, 1474
2510, 1474, 1481
2511, 1705, 1469
2512, 1444, 1475
2513, 1492, 1444
2514, 1475, 1448
2515, 1448, 1440
2516, 1440, 1460
2517, 1460, 1476
2518, 1706, 1475
2519, 1454, 1434
2520, 1434, 1457
2521, 1479, 1454
2522, 1457, 1479
2523, 1707, 1591
2524, 1591, 1708
2525, 1422, 1433
2526, 1459, 1422
2527, 1433, 1709
2528, 1710, 1459
2529, 1483, 1482
2530, 1711, 1483
2531, 1482, 1712
2532, 1489, 1713
2533, 1472, 1478
2534, 1714, 1472
2535, 1478, 1486
2536, 1481, 1715
2537, 1716, 1481
2538, 1491, 1492
2539, 1717, 1491
2540, 1492, 1718
2541, 1476, 1719
2542, 1488, 1476
2543, 1720, 1485
2544, 1485, 1721
2545, 1722, 1471
2546, 1471, 1490
2547, 1480, 1477
2548, 1723, 1480
2549, 1477, 1724
2550, 1589, 1468
2551, 1725, 1589
2552, 1468, 1487
2553, 1486, 1726
2554, 1727, 1486
2555, 1487, 1728
2556, 1729, 1487
2557, 1730, 1484
2558, 1484, 1489
2559, 1489, 1731
2560, 1732, 1488
2561, 1488, 1733
2562, 1490, 1734
2563, 1735, 1490
