1, 2, 1607
2, 17, 1608
3, 1503, 1609
4, 21, 1610
5, 1611, 2
6, 22, 1612
7, 2, 1613
8, 13, 2
9, 10, 1614
10, 1615, 5
11, 12, 1616
12, 5, 1617
13, 1505, 5
14, 1618, 1737
15, 33, 1619
16, 20, 1737
17, 16, 1620
18, 1621, 4
19, 9, 1622
20, 4, 1623
21, 1624, 1
22, 1504, 4
23, 1, 1625
24, 1626, 3
25, 18, 1
26, 3, 1627
27, 24, 3
28, 14, 1628
29, 6, 1629
30, 15, 1630
31, 8, 1738
32, 27, 1631
33, 1506, 1632
34, 7, 1633
35, 11, 1634
36, 25, 1503
37, 28, 21
38, 21, 22
39, 22, 34
40, 13, 10
41, 29, 12
42, 12, 1505
43, 35, 20
44, 16, 9
45, 9, 26
46, 1504, 18
47, 18, 38
48, 32, 14
49, 14, 50
50, 23, 6
51, 6, 15
52, 15, 40
53, 30, 27
54, 27, 37
55, 1506, 7
56, 7, 19
57, 31, 11
58, 11, 1635
59, 1636, 51
60, 51, 17
61, 17, 25
62, 25, 68
63, 57, 51
64, 1503, 48
65, 71, 1503
66, 48, 28
67, 28, 59
68, 67, 48
69, 34, 47
70, 59, 34
71, 76, 59
72, 46, 13
73, 13, 70
74, 10, 36
75, 69, 10
76, 36, 29
77, 29, 84
78, 56, 36
79, 1505, 39
80, 84, 1505
81, 42, 33
82, 33, 35
83, 35, 79
84, 20, 44
85, 80, 20
86, 44, 16
87, 16, 72
88, 26, 43
89, 72, 26
90, 83, 72
91, 45, 1504
92, 1504, 64
93, 38, 52
94, 64, 38
95, 77, 64
96, 54, 24
97, 24, 32
98, 32, 55
99, 50, 65
100, 55, 50
101, 78, 55
102, 58, 23
103, 23, 74
104, 40, 49
105, 73, 40
106, 49, 8
107, 8, 30
108, 30, 63
109, 60, 49
110, 37, 53
111, 63, 37
112, 89, 63
113, 53, 1506
114, 1506, 62
115, 66, 53
116, 19, 41
117, 62, 19
118, 75, 62
119, 41, 31
120, 31, 1739
121, 61, 41
122, 1740, 1739
123, 1637, 57
124, 57, 90
125, 1507, 67
126, 67, 103
127, 47, 46
128, 85, 47
129, 46, 1508
130, 86, 56
131, 56, 97
132, 39, 42
133, 102, 39
134, 42, 101
135, 106, 44
136, 44, 93
137, 43, 45
138, 92, 43
139, 45, 81
140, 52, 54
141, 1509, 52
142, 54, 108
143, 65, 58
144, 88, 65
145, 58, 1510
146, 112, 60
147, 60, 82
148, 96, 66
149, 66, 99
150, 100, 61
151, 61, 91
152, 90, 94
153, 1638, 90
154, 68, 71
155, 94, 68
156, 71, 1507
157, 133, 94
158, 1507, 114
159, 131, 1507
160, 103, 76
161, 76, 85
162, 114, 103
163, 85, 98
164, 119, 114
165, 98, 1508
166, 136, 98
167, 70, 69
168, 1508, 70
169, 69, 86
170, 86, 115
171, 116, 1508
172, 115, 113
173, 128, 115
174, 97, 84
175, 84, 117
176, 113, 97
177, 1511, 113
178, 117, 102
179, 101, 118
180, 102, 101
181, 123, 117
182, 79, 80
183, 118, 79
184, 80, 107
185, 132, 118
186, 107, 106
187, 106, 105
188, 1512, 107
189, 93, 83
190, 83, 92
191, 105, 93
192, 92, 109
193, 148, 105
194, 81, 87
195, 109, 81
196, 129, 109
197, 87, 77
198, 77, 1509
199, 134, 87
200, 1509, 108
201, 139, 1509
202, 108, 78
203, 78, 88
204, 88, 95
205, 124, 108
206, 95, 1510
207, 147, 95
208, 74, 73
209, 1510, 74
210, 73, 112
211, 126, 1510
212, 82, 89
213, 89, 104
214, 112, 82
215, 127, 112
216, 104, 111
217, 141, 104
218, 111, 96
219, 96, 120
220, 151, 111
221, 99, 75
222, 75, 100
223, 120, 99
224, 138, 120
225, 100, 110
226, 125, 100
227, 91, 1740
228, 110, 91
229, 121, 110
230, 1639, 158
231, 131, 119
232, 119, 165
233, 146, 116
234, 116, 122
235, 135, 1511
236, 123, 144
237, 1512, 162
238, 153, 129
239, 129, 134
240, 134, 157
241, 164, 124
242, 124, 130
243, 152, 147
244, 147, 126
245, 126, 145
246, 140, 149
247, 150, 125
248, 125, 137
249, 158, 133
250, 133, 160
251, 192, 158
252, 160, 131
253, 131, 179
254, 167, 160
255, 165, 174
256, 179, 165
257, 201, 179
258, 170, 136
259, 136, 146
260, 146, 181
261, 122, 142
262, 181, 122
263, 194, 181
264, 143, 128
265, 128, 135
266, 135, 1514
267, 1511, 175
268, 1514, 1511
269, 173, 123
270, 123, 177
271, 144, 132
272, 132, 159
273, 177, 144
274, 159, 1512
275, 1512, 206
276, 184, 159
277, 162, 148
278, 148, 1513
279, 190, 162
280, 1513, 153
281, 153, 182
282, 157, 172
283, 182, 157
284, 176, 139
285, 139, 164
286, 164, 178
287, 130, 156
288, 178, 130
289, 185, 178
290, 152, 180
291, 145, 161
292, 180, 145
293, 188, 180
294, 161, 127
295, 127, 140
296, 140, 209
297, 169, 161
298, 149, 141
299, 141, 168
300, 214, 149
301, 171, 151
302, 151, 166
303, 166, 138
304, 138, 155
305, 187, 166
306, 163, 150
307, 150, 183
308, 137, 121
309, 121, 154
310, 183, 137
311, 186, 183
312, 216, 167
313, 167, 212
314, 174, 170
315, 195, 174
316, 170, 203
317, 142, 143
318, 204, 142
319, 143, 205
320, 175, 173
321, 211, 175
322, 173, 198
323, 191, 184
324, 184, 200
325, 1515, 1513
326, 1513, 224
327, 172, 176
328, 215, 172
329, 176, 189
330, 156, 152
331, 202, 156
332, 152, 219
333, 208, 169
334, 169, 226
335, 168, 171
336, 232, 168
337, 171, 217
338, 155, 163
339, 193, 155
340, 163, 196
341, 154, 1640
342, 199, 154
343, 1741, 192
344, 192, 221
345, 221, 216
346, 212, 229
347, 216, 212
348, 239, 221
349, 229, 201
350, 201, 210
351, 256, 229
352, 210, 195
353, 195, 236
354, 263, 210
355, 203, 194
356, 194, 218
357, 236, 203
358, 240, 236
359, 218, 204
360, 204, 205
361, 254, 218
362, 205, 1514
363, 1514, 213
364, 269, 205
365, 213, 211
366, 211, 220
367, 273, 213
368, 198, 177
369, 177, 191
370, 220, 198
371, 191, 225
372, 249, 220
373, 200, 227
374, 225, 200
375, 247, 225
376, 206, 190
377, 227, 206
378, 190, 1515
379, 250, 227
380, 224, 233
381, 1515, 224
382, 251, 1515
383, 233, 182
384, 182, 230
385, 257, 233
386, 230, 215
387, 189, 197
388, 215, 189
389, 241, 230
390, 197, 185
391, 185, 223
392, 280, 197
393, 223, 202
394, 219, 234
395, 202, 219
396, 245, 223
397, 234, 188
398, 188, 231
399, 238, 234
400, 231, 208
401, 208, 226
402, 246, 231
403, 209, 214
404, 226, 209
405, 214, 237
406, 265, 226
407, 237, 232
408, 217, 228
409, 232, 217
410, 243, 237
411, 228, 187
412, 187, 222
413, 244, 228
414, 222, 193
415, 196, 235
416, 193, 196
417, 262, 222
418, 235, 186
419, 186, 199
420, 199, 207
421, 242, 235
422, 207, 1641
423, 252, 207
424, 258, 239
425, 239, 266
426, 268, 240
427, 240, 259
428, 254, 269
429, 269, 285
430, 282, 255
431, 272, 264
432, 271, 251
433, 251, 267
434, 275, 283
435, 260, 238
436, 238, 261
437, 253, 265
438, 278, 270
439, 1516, 262
440, 262, 248
441, 274, 1642
442, 1643, 258
443, 258, 1517
444, 266, 256
445, 256, 287
446, 1517, 266
447, 287, 263
448, 263, 268
449, 268, 1519
450, 298, 287
451, 259, 288
452, 1519, 259
453, 288, 254
454, 254, 307
455, 296, 288
456, 285, 292
457, 306, 285
458, 293, 273
459, 273, 282
460, 282, 301
461, 255, 249
462, 249, 284
463, 301, 255
464, 284, 247
465, 247, 272
466, 272, 1520
467, 264, 250
468, 250, 289
469, 315, 264
470, 289, 271
471, 271, 305
472, 299, 289
473, 267, 257
474, 257, 276
475, 304, 267
476, 276, 241
477, 241, 275
478, 275, 311
479, 294, 276
480, 283, 280
481, 280, 290
482, 314, 283
483, 290, 245
484, 245, 260
485, 260, 291
486, 300, 290
487, 261, 281
488, 291, 261
489, 308, 291
490, 281, 246
491, 246, 253
492, 253, 1521
493, 297, 281
494, 265, 286
495, 1521, 265
496, 286, 243
497, 243, 278
498, 278, 312
499, 302, 286
500, 270, 244
501, 244, 279
502, 313, 270
503, 1516, 329
504, 248, 242
505, 242, 277
506, 330, 248
507, 277, 252
508, 252, 274
509, 274, 303
510, 295, 277
511, 1644, 331
512, 317, 298
513, 298, 1518
514, 321, 296
515, 296, 339
516, 292, 293
517, 327, 292
518, 293, 324
519, 319, 284
520, 284, 1520
521, 343, 299
522, 299, 316
523, 326, 294
524, 294, 328
525, 340, 300
526, 300, 323
527, 338, 297
528, 297, 309
529, 318, 302
530, 302, 325
531, 279, 1516
532, 334, 279
533, 1516, 332
534, 322, 295
535, 295, 310
536, 1645, 349
537, 331, 1517
538, 1517, 317
539, 349, 331
540, 358, 349
541, 317, 1518
542, 372, 317
543, 1518, 1519
544, 1519, 321
545, 321, 342
546, 370, 1518
547, 342, 339
548, 378, 342
549, 307, 306
550, 339, 307
551, 306, 344
552, 364, 339
553, 344, 327
554, 324, 336
555, 327, 324
556, 376, 344
557, 336, 301
558, 301, 319
559, 355, 336
560, 319, 347
561, 368, 319
562, 1520, 315
563, 315, 343
564, 347, 1520
565, 343, 353
566, 385, 347
567, 353, 346
568, 360, 353
569, 305, 304
570, 316, 305
571, 304, 348
572, 346, 316
573, 386, 346
574, 348, 326
575, 326, 337
576, 380, 348
577, 311, 314
578, 328, 311
579, 314, 340
580, 337, 328
581, 371, 337
582, 340, 341
583, 357, 340
584, 323, 308
585, 308, 338
586, 341, 323
587, 338, 351
588, 373, 341
589, 351, 335
590, 359, 351
591, 309, 1521
592, 1521, 318
593, 335, 309
594, 318, 350
595, 365, 335
596, 325, 345
597, 350, 325
598, 361, 350
599, 312, 313
600, 345, 312
601, 313, 334
602, 354, 345
603, 332, 352
604, 334, 332
605, 363, 334
606, 329, 330
607, 352, 329
608, 330, 333
609, 1522, 352
610, 333, 322
611, 322, 320
612, 356, 333
613, 303, 1646
614, 310, 303
615, 320, 310
616, 366, 320
617, 1647, 362
618, 382, 370
619, 396, 364
620, 364, 379
621, 395, 383
622, 389, 385
623, 385, 400
624, 392, 360
625, 360, 390
626, 393, 371
627, 371, 411
628, 377, 357
629, 357, 384
630, 388, 365
631, 365, 387
632, 367, 361
633, 361, 354
634, 354, 394
635, 374, 1522
636, 369, 356
637, 356, 381
638, 1648, 404
639, 362, 358
640, 358, 375
641, 404, 362
642, 458, 404
643, 375, 372
644, 372, 382
645, 382, 450
646, 425, 375
647, 370, 416
648, 444, 370
649, 409, 378
650, 378, 396
651, 396, 426
652, 379, 402
653, 426, 379
654, 432, 426
655, 399, 376
656, 376, 395
657, 395, 427
658, 383, 355
659, 355, 391
660, 431, 383
661, 391, 368
662, 368, 389
663, 389, 451
664, 410, 391
665, 400, 417
666, 448, 400
667, 403, 392
668, 392, 421
669, 390, 386
670, 386, 397
671, 421, 390
672, 440, 421
673, 398, 380
674, 380, 393
675, 393, 419
676, 419, 422
677, 430, 419
678, 406, 377
679, 377, 418
680, 384, 373
681, 373, 401
682, 418, 384
683, 434, 418
684, 401, 359
685, 359, 388
686, 388, 415
687, 424, 401
688, 387, 405
689, 415, 387
690, 423, 415
691, 408, 367
692, 367, 407
693, 394, 420
694, 407, 394
695, 441, 407
696, 420, 363
697, 363, 374
698, 374, 447
699, 1522, 412
700, 436, 1522
701, 414, 369
702, 369, 413
703, 381, 366
704, 366, 1649
705, 413, 381
706, 429, 413
707, 445, 425
708, 425, 1523
709, 416, 409
710, 464, 416
711, 409, 456
712, 402, 399
713, 449, 402
714, 399, 442
715, 443, 410
716, 410, 470
717, 417, 403
718, 437, 417
719, 403, 433
720, 397, 398
721, 1524, 397
722, 398, 474
723, 411, 406
724, 422, 411
725, 455, 422
726, 406, 453
727, 428, 424
728, 424, 435
729, 405, 408
730, 454, 405
731, 408, 461
732, 457, 420
733, 420, 452
734, 412, 414
735, 438, 412
736, 414, 460
737, 439, 1650
738, 1651, 458
739, 458, 468
740, 468, 445
741, 445, 1523
742, 502, 468
743, 450, 444
744, 1523, 450
745, 444, 471
746, 503, 1523
747, 471, 464
748, 464, 477
749, 511, 471
750, 456, 432
751, 432, 466
752, 477, 456
753, 489, 477
754, 466, 449
755, 449, 472
756, 1526, 466
757, 427, 431
758, 442, 427
759, 431, 443
760, 472, 442
761, 443, 481
762, 492, 472
763, 481, 470
764, 485, 481
765, 451, 448
766, 470, 451
767, 448, 479
768, 483, 470
769, 479, 437
770, 433, 469
771, 437, 433
772, 491, 479
773, 469, 440
774, 440, 1524
775, 1527, 469
776, 474, 476
777, 1524, 474
778, 488, 1524
779, 476, 430
780, 430, 455
781, 455, 465
782, 487, 476
783, 453, 462
784, 465, 453
785, 1525, 465
786, 462, 434
787, 434, 467
788, 497, 462
789, 467, 428
790, 428, 480
791, 493, 467
792, 435, 423
793, 423, 459
794, 480, 435
795, 486, 480
796, 459, 454
797, 454, 482
798, 1528, 459
799, 461, 441
800, 441, 463
801, 482, 461
802, 484, 482
803, 463, 457
804, 457, 478
805, 498, 463
806, 447, 436
807, 452, 447
808, 436, 446
809, 478, 452
810, 490, 478
811, 446, 438
812, 438, 475
813, 500, 446
814, 460, 429
815, 429, 439
816, 475, 460
817, 439, 473
818, 495, 475
819, 473, 1652
820, 494, 473
821, 502, 503
822, 519, 489
823, 489, 514
824, 1526, 492
825, 492, 501
826, 506, 485
827, 485, 483
828, 483, 499
829, 513, 491
830, 491, 1527
831, 522, 504
832, 1525, 510
833, 505, 496
834, 518, 484
835, 484, 516
836, 508, 490
837, 490, 507
838, 525, 500
839, 500, 495
840, 512, 494
841, 494, 1653
842, 1654, 502
843, 502, 1532
844, 503, 1530
845, 1532, 503
846, 1530, 511
847, 511, 519
848, 519, 542
849, 514, 1531
850, 542, 514
851, 569, 542
852, 1531, 1526
853, 1526, 540
854, 501, 515
855, 544, 501
856, 515, 506
857, 506, 533
858, 523, 515
859, 499, 520
860, 533, 499
861, 535, 533
862, 520, 513
863, 513, 547
864, 530, 520
865, 1527, 517
866, 546, 1527
867, 517, 488
868, 488, 522
869, 522, 536
870, 529, 517
871, 504, 487
872, 487, 521
873, 539, 504
874, 521, 1525
875, 1525, 548
876, 528, 521
877, 510, 497
878, 497, 509
879, 550, 510
880, 509, 493
881, 493, 505
882, 505, 554
883, 537, 509
884, 496, 486
885, 486, 1528
886, 559, 496
887, 1528, 518
888, 518, 534
889, 532, 1528
890, 516, 527
891, 534, 516
892, 538, 534
893, 531, 498
894, 498, 508
895, 508, 1535
896, 507, 524
897, 1535, 507
898, 526, 525
899, 525, 545
900, 495, 1529
901, 541, 495
902, 1529, 512
903, 512, 1655
904, 1656, 555
905, 578, 1530
906, 1530, 1533
907, 560, 1531
908, 1531, 562
909, 573, 523
910, 523, 566
911, 558, 530
912, 530, 583
913, 567, 529
914, 529, 553
915, 549, 528
916, 528, 565
917, 572, 537
918, 537, 557
919, 543, 532
920, 532, 561
921, 527, 531
922, 1534, 527
923, 531, 551
924, 524, 526
925, 563, 524
926, 526, 568
927, 552, 1529
928, 1529, 556
929, 555, 564
930, 1657, 555
931, 564, 1532
932, 1532, 587
933, 611, 564
934, 587, 578
935, 578, 1533
936, 609, 587
937, 1533, 569
938, 569, 589
939, 619, 1533
940, 589, 560
941, 562, 585
942, 560, 562
943, 598, 589
944, 540, 544
945, 585, 540
946, 544, 579
947, 1537, 585
948, 579, 573
949, 566, 584
950, 573, 566
951, 602, 579
952, 584, 535
953, 535, 570
954, 604, 584
955, 570, 558
956, 583, 590
957, 558, 583
958, 612, 570
959, 547, 546
960, 590, 547
961, 546, 567
962, 567, 591
963, 596, 590
964, 591, 571
965, 601, 591
966, 536, 539
967, 553, 536
968, 539, 549
969, 571, 553
970, 549, 577
971, 616, 571
972, 577, 565
973, 605, 577
974, 548, 550
975, 565, 548
976, 550, 572
977, 572, 586
978, 608, 565
979, 557, 580
980, 586, 557
981, 599, 586
982, 554, 574
983, 580, 554
984, 606, 580
985, 574, 559
986, 559, 543
987, 543, 582
988, 593, 574
989, 561, 538
990, 538, 1534
991, 582, 561
992, 592, 582
993, 1534, 551
994, 600, 1534
995, 551, 1535
996, 1535, 581
997, 1536, 551
998, 581, 563
999, 568, 588
1000, 563, 568
1001, 595, 581
1002, 545, 541
1003, 588, 545
1004, 541, 552
1005, 552, 575
1006, 594, 588
1007, 575, 576
1008, 607, 575
1009, 556, 1658
1010, 576, 556
1011, 615, 576
1012, 1659, 621
1013, 633, 619
1014, 619, 632
1015, 603, 1537
1016, 623, 602
1017, 602, 604
1018, 622, 596
1019, 596, 610
1020, 618, 616
1021, 613, 605
1022, 605, 614
1023, 629, 624
1024, 597, 592
1025, 600, 1536
1026, 617, 628
1027, 607, 620
1028, 1660, 641
1029, 621, 611
1030, 611, 635
1031, 641, 621
1032, 656, 641
1033, 636, 609
1034, 609, 633
1035, 633, 1539
1036, 632, 648
1037, 1539, 632
1038, 648, 598
1039, 598, 603
1040, 603, 650
1041, 1537, 639
1042, 649, 1537
1043, 638, 623
1044, 623, 652
1045, 604, 625
1046, 655, 604
1047, 631, 612
1048, 612, 622
1049, 622, 653
1050, 610, 642
1051, 654, 610
1052, 642, 601
1053, 601, 618
1054, 618, 661
1055, 616, 640
1056, 657, 616
1057, 640, 613
1058, 613, 672
1059, 658, 640
1060, 614, 608
1061, 608, 646
1062, 664, 614
1063, 644, 599
1064, 599, 629
1065, 629, 671
1066, 624, 606
1067, 606, 637
1068, 1540, 624
1069, 637, 593
1070, 593, 597
1071, 597, 660
1072, 645, 637
1073, 592, 626
1074, 659, 592
1075, 626, 600
1076, 600, 647
1077, 643, 626
1078, 1536, 630
1079, 647, 1536
1080, 676, 647
1081, 627, 595
1082, 595, 617
1083, 617, 666
1084, 628, 594
1085, 594, 634
1086, 663, 628
1087, 634, 607
1088, 607, 673
1089, 651, 634
1090, 620, 615
1091, 615, 1538
1092, 669, 620
1093, 1538, 1661
1094, 635, 636
1095, 662, 635
1096, 636, 677
1097, 686, 648
1098, 648, 683
1099, 639, 638
1100, 679, 639
1101, 638, 681
1102, 625, 631
1103, 693, 625
1104, 631, 678
1105, 680, 642
1106, 642, 694
1107, 658, 685
1108, 646, 644
1109, 665, 646
1110, 644, 689
1111, 668, 645
1112, 645, 1541
1113, 667, 643
1114, 643, 700
1115, 630, 627
1116, 682, 630
1117, 627, 690
1118, 670, 651
1119, 651, 692
1120, 696, 1538
1121, 1538, 1662
1122, 1663, 656
1123, 656, 662
1124, 662, 695
1125, 677, 688
1126, 695, 677
1127, 733, 695
1128, 688, 1539
1129, 1539, 706
1130, 711, 688
1131, 706, 686
1132, 686, 707
1133, 712, 706
1134, 650, 649
1135, 683, 650
1136, 649, 679
1137, 707, 683
1138, 679, 701
1139, 726, 707
1140, 681, 684
1141, 701, 681
1142, 724, 701
1143, 652, 655
1144, 684, 652
1145, 655, 693
1146, 723, 684
1147, 678, 687
1148, 693, 678
1149, 731, 693
1150, 653, 654
1151, 687, 653
1152, 654, 680
1153, 680, 697
1154, 743, 687
1155, 697, 694
1156, 715, 697
1157, 661, 657
1158, 694, 661
1159, 657, 674
1160, 717, 694
1161, 674, 658
1162, 658, 709
1163, 713, 674
1164, 672, 664
1165, 685, 672
1166, 664, 675
1167, 708, 685
1168, 675, 665
1169, 689, 702
1170, 665, 689
1171, 721, 675
1172, 671, 1540
1173, 702, 671
1174, 725, 702
1175, 1540, 668
1176, 668, 1541
1177, 1543, 1540
1178, 660, 659
1179, 1541, 660
1180, 659, 667
1181, 667, 704
1182, 720, 1541
1183, 704, 700
1184, 714, 704
1185, 700, 676
1186, 676, 698
1187, 722, 700
1188, 698, 682
1189, 682, 699
1190, 1542, 698
1191, 666, 663
1192, 690, 666
1193, 663, 670
1194, 699, 690
1195, 670, 691
1196, 716, 699
1197, 691, 703
1198, 718, 691
1199, 673, 669
1200, 692, 673
1201, 669, 696
1202, 703, 692
1203, 696, 705
1204, 719, 703
1205, 705, 1664
1206, 710, 705
1207, 748, 711
1208, 711, 737
1209, 735, 744
1210, 732, 724
1211, 724, 723
1212, 723, 749
1213, 738, 743
1214, 730, 729
1215, 709, 708
1216, 741, 713
1217, 713, 709
1218, 708, 734
1219, 727, 728
1220, 1543, 720
1221, 720, 736
1222, 1544, 714
1223, 714, 751
1224, 1542, 716
1225, 745, 719
1226, 719, 750
1227, 740, 710
1228, 710, 1665
1229, 1742, 733
1230, 733, 748
1231, 748, 768
1232, 737, 742
1233, 768, 737
1234, 773, 768
1235, 742, 712
1236, 712, 735
1237, 735, 1547
1238, 763, 742
1239, 744, 726
1240, 726, 746
1241, 784, 744
1242, 746, 732
1243, 732, 777
1244, 767, 746
1245, 749, 756
1246, 790, 749
1247, 753, 731
1248, 731, 738
1249, 738, 769
1250, 743, 754
1251, 769, 743
1252, 779, 769
1253, 752, 715
1254, 715, 730
1255, 730, 766
1256, 729, 717
1257, 717, 755
1258, 765, 729
1259, 755, 741
1260, 741, 759
1261, 761, 755
1262, 734, 760
1263, 759, 734
1264, 771, 759
1265, 760, 721
1266, 721, 727
1267, 727, 778
1268, 728, 725
1269, 725, 757
1270, 778, 728
1271, 758, 1543
1272, 1543, 770
1273, 736, 747
1274, 770, 736
1275, 781, 770
1276, 1544, 775
1277, 751, 722
1278, 722, 1545
1279, 775, 751
1280, 783, 775
1281, 1545, 1542
1282, 1542, 774
1283, 716, 739
1284, 776, 716
1285, 739, 718
1286, 718, 745
1287, 745, 1549
1288, 764, 739
1289, 788, 750
1290, 762, 740
1291, 740, 1666
1292, 1742, 1546
1293, 799, 763
1294, 763, 791
1295, 802, 767
1296, 767, 789
1297, 756, 753
1298, 807, 756
1299, 753, 800
1300, 754, 752
1301, 782, 754
1302, 752, 772
1303, 786, 761
1304, 761, 795
1305, 803, 760
1306, 760, 1548
1307, 757, 758
1308, 798, 757
1309, 758, 809
1310, 747, 1544
1311, 794, 747
1312, 1544, 812
1313, 793, 1545
1314, 1545, 806
1315, 792, 764
1316, 764, 785
1317, 750, 762
1318, 796, 750
1319, 762, 787
1320, 1667, 1546
1321, 1546, 773
1322, 773, 808
1323, 835, 1546
1324, 808, 799
1325, 791, 1547
1326, 799, 791
1327, 832, 808
1328, 1547, 784
1329, 784, 802
1330, 802, 817
1331, 840, 1547
1332, 789, 797
1333, 817, 789
1334, 827, 817
1335, 777, 790
1336, 797, 777
1337, 790, 813
1338, 834, 797
1339, 813, 807
1340, 800, 805
1341, 807, 800
1342, 1552, 813
1343, 805, 779
1344, 779, 822
1345, 842, 805
1346, 822, 782
1347, 782, 780
1348, 1553, 822
1349, 766, 765
1350, 772, 766
1351, 765, 786
1352, 780, 772
1353, 786, 816
1354, 1554, 780
1355, 816, 814
1356, 846, 816
1357, 795, 771
1358, 771, 803
1359, 814, 795
1360, 803, 815
1361, 845, 814
1362, 815, 1548
1363, 1555, 815
1364, 1548, 778
1365, 778, 798
1366, 798, 819
1367, 1550, 1548
1368, 819, 820
1369, 851, 819
1370, 809, 781
1371, 781, 804
1372, 820, 809
1373, 831, 820
1374, 804, 794
1375, 812, 821
1376, 794, 812
1377, 853, 804
1378, 821, 783
1379, 783, 793
1380, 793, 811
1381, 824, 821
1382, 806, 810
1383, 811, 806
1384, 841, 811
1385, 774, 776
1386, 810, 774
1387, 776, 792
1388, 792, 823
1389, 826, 810
1390, 785, 1549
1391, 823, 785
1392, 825, 823
1393, 1549, 788
1394, 788, 818
1395, 837, 1549
1396, 818, 796
1397, 787, 801
1398, 796, 787
1399, 833, 818
1400, 801, 1668
1401, 830, 801
1402, 1669, 843
1403, 836, 849
1404, 839, 834
1405, 834, 864
1406, 1552, 847
1407, 1553, 1554
1408, 846, 845
1409, 845, 861
1410, 1555, 1550
1411, 862, 858
1412, 859, 828
1413, 848, 841
1414, 841, 854
1415, 829, 837
1416, 844, 838
1417, 843, 835
1418, 835, 863
1419, 894, 843
1420, 863, 832
1421, 832, 836
1422, 836, 1557
1423, 878, 863
1424, 849, 840
1425, 840, 852
1426, 1557, 849
1427, 855, 827
1428, 827, 839
1429, 839, 1551
1430, 864, 872
1431, 1551, 864
1432, 865, 1552
1433, 1552, 879
1434, 847, 842
1435, 842, 866
1436, 879, 847
1437, 883, 879
1438, 860, 1553
1439, 1553, 885
1440, 1554, 850
1441, 885, 1554
1442, 846, 875
1443, 861, 871
1444, 875, 861
1445, 887, 875
1446, 871, 1555
1447, 1555, 876
1448, 874, 871
1449, 1550, 856
1450, 876, 1550
1451, 886, 876
1452, 867, 851
1453, 851, 862
1454, 862, 890
1455, 858, 831
1456, 831, 869
1457, 890, 858
1458, 899, 890
1459, 869, 853
1460, 853, 859
1461, 859, 884
1462, 828, 824
1463, 824, 870
1464, 889, 828
1465, 868, 848
1466, 848, 877
1467, 854, 826
1468, 826, 857
1469, 877, 854
1470, 857, 825
1471, 825, 829
1472, 829, 1561
1473, 873, 857
1474, 837, 1556
1475, 1561, 837
1476, 1556, 833
1477, 833, 844
1478, 844, 881
1479, 838, 830
1480, 830, 1670
1481, 1563, 838
1482, 888, 878
1483, 878, 912
1484, 852, 855
1485, 891, 852
1486, 855, 1558
1487, 872, 865
1488, 905, 872
1489, 865, 910
1490, 866, 860
1491, 897, 866
1492, 860, 901
1493, 850, 846
1494, 896, 850
1495, 846, 898
1496, 903, 874
1497, 874, 892
1498, 856, 867
1499, 1559, 856
1500, 867, 911
1501, 900, 869
1502, 869, 1560
1503, 870, 868
1504, 882, 870
1505, 868, 902
1506, 880, 873
1507, 873, 908
1508, 895, 1556
1509, 1556, 1562
1510, 1563, 1671
1511, 1672, 894
1512, 894, 920
1513, 920, 888
1514, 888, 917
1515, 931, 920
1516, 912, 1557
1517, 1557, 907
1518, 917, 912
1519, 935, 917
1520, 907, 891
1521, 891, 1558
1522, 937, 907
1523, 1558, 1551
1524, 1551, 914
1525, 1565, 1558
1526, 914, 905
1527, 910, 919
1528, 905, 910
1529, 932, 914
1530, 919, 883
1531, 883, 897
1532, 897, 906
1533, 936, 919
1534, 906, 901
1535, 939, 906
1536, 901, 885
1537, 885, 923
1538, 933, 901
1539, 923, 896
1540, 898, 904
1541, 896, 898
1542, 934, 923
1543, 904, 887
1544, 887, 915
1545, 929, 904
1546, 915, 903
1547, 903, 924
1548, 951, 915
1549, 892, 886
1550, 886, 1559
1551, 924, 892
1552, 926, 924
1553, 911, 922
1554, 1559, 911
1555, 948, 1559
1556, 922, 899
1557, 899, 900
1558, 900, 918
1559, 945, 922
1560, 918, 1560
1561, 947, 918
1562, 884, 889
1563, 1560, 884
1564, 889, 893
1565, 1566, 1560
1566, 893, 882
1567, 882, 925
1568, 946, 893
1569, 902, 877
1570, 877, 880
1571, 925, 902
1572, 880, 909
1573, 930, 925
1574, 909, 921
1575, 1567, 909
1576, 908, 1561
1577, 1561, 895
1578, 921, 908
1579, 895, 913
1580, 927, 921
1581, 913, 1562
1582, 938, 913
1583, 881, 1563
1584, 1562, 881
1585, 1563, 916
1586, 942, 1562
1587, 916, 1673
1588, 928, 916
1589, 940, 931
1590, 931, 944
1591, 961, 937
1592, 937, 1565
1593, 949, 936
1594, 936, 958
1595, 966, 939
1596, 939, 952
1597, 956, 929
1598, 929, 953
1599, 967, 926
1600, 926, 957
1601, 964, 971
1602, 947, 1566
1603, 959, 946
1604, 946, 930
1605, 930, 941
1606, 1567, 943
1607, 938, 950
1608, 954, 928
1609, 928, 1674
1610, 1675, 962
1611, 962, 940
1612, 940, 1564
1613, 1743, 962
1614, 944, 935
1615, 935, 963
1616, 1564, 944
1617, 963, 961
1618, 961, 993
1619, 986, 963
1620, 1565, 972
1621, 989, 1565
1622, 972, 932
1623, 932, 949
1624, 949, 990
1625, 977, 972
1626, 958, 974
1627, 990, 958
1628, 1001, 990
1629, 974, 966
1630, 966, 1572
1631, 982, 974
1632, 952, 933
1633, 933, 968
1634, 1572, 952
1635, 968, 934
1636, 934, 956
1637, 956, 985
1638, 978, 968
1639, 953, 969
1640, 985, 953
1641, 995, 985
1642, 969, 951
1643, 951, 967
1644, 967, 976
1645, 981, 969
1646, 957, 970
1647, 976, 957
1648, 996, 976
1649, 970, 948
1650, 948, 964
1651, 964, 992
1652, 987, 970
1653, 971, 945
1654, 945, 973
1655, 988, 971
1656, 973, 947
1657, 947, 984
1658, 975, 973
1659, 1566, 1569
1660, 984, 1566
1661, 1569, 959
1662, 959, 991
1663, 941, 960
1664, 991, 941
1665, 960, 1567
1666, 1567, 1568
1667, 983, 960
1668, 943, 927
1669, 927, 955
1670, 1568, 943
1671, 955, 938
1672, 938, 999
1673, 979, 955
1674, 950, 942
1675, 942, 965
1676, 998, 950
1677, 965, 954
1678, 954, 1676
1679, 980, 965
1680, 1743, 1025
1681, 1570, 986
1682, 986, 1013
1683, 1571, 977
1684, 977, 1001
1685, 1024, 982
1686, 982, 1014
1687, 1000, 978
1688, 978, 1005
1689, 1020, 981
1690, 981, 1573
1691, 1003, 975
1692, 975, 997
1693, 1010, 1569
1694, 1569, 1006
1695, 1004, 983
1696, 983, 1022
1697, 1021, 979
1698, 979, 994
1699, 1002, 980
1700, 980, 1015
1701, 1025, 1029
1702, 1677, 1025
1703, 1029, 1564
1704, 1564, 1570
1705, 1034, 1029
1706, 1570, 1028
1707, 1062, 1570
1708, 993, 989
1709, 1013, 993
1710, 989, 1571
1711, 1028, 1013
1712, 1036, 1028
1713, 1571, 1026
1714, 1061, 1571
1715, 1001, 1024
1716, 1026, 1001
1717, 1038, 1026
1718, 1014, 1017
1719, 1024, 1014
1720, 1033, 1024
1721, 1017, 1572
1722, 1572, 1000
1723, 1000, 1016
1724, 1056, 1017
1725, 1016, 1011
1726, 1043, 1016
1727, 1005, 995
1728, 995, 1020
1729, 1011, 1005
1730, 1049, 1011
1731, 1020, 1573
1732, 1042, 1020
1733, 1573, 996
1734, 996, 1023
1735, 1055, 1573
1736, 1023, 987
1737, 987, 1007
1738, 1048, 1023
1739, 992, 988
1740, 1007, 992
1741, 988, 1003
1742, 1003, 1019
1743, 1046, 1007
1744, 1019, 1009
1745, 1052, 1019
1746, 997, 984
1747, 984, 1010
1748, 1009, 997
1749, 1039, 1009
1750, 1010, 1027
1751, 1044, 1010
1752, 1006, 991
1753, 991, 1012
1754, 1027, 1006
1755, 1040, 1027
1756, 1012, 1004
1757, 1004, 1031
1758, 1051, 1012
1759, 1022, 1568
1760, 1568, 1021
1761, 1031, 1022
1762, 1041, 1031
1763, 994, 1018
1764, 1021, 994
1765, 1035, 1021
1766, 999, 998
1767, 1018, 999
1768, 998, 1008
1769, 1032, 1018
1770, 1008, 1002
1771, 1002, 1030
1772, 1053, 1008
1773, 1015, 1678
1774, 1030, 1015
1775, 1037, 1030
1776, 1679, 1034
1777, 1034, 1069
1778, 1070, 1062
1779, 1062, 1036
1780, 1036, 1077
1781, 1061, 1054
1782, 1064, 1033
1783, 1033, 1056
1784, 1050, 1057
1785, 1042, 1065
1786, 1072, 1048
1787, 1048, 1060
1788, 1073, 1059
1789, 1067, 1040
1790, 1040, 1068
1791, 1051, 1041
1792, 1041, 1058
1793, 1035, 1047
1794, 1066, 1045
1795, 1680, 1089
1796, 1069, 1098
1797, 1089, 1069
1798, 1106, 1089
1799, 1096, 1070
1800, 1070, 1093
1801, 1077, 1085
1802, 1093, 1077
1803, 1121, 1093
1804, 1086, 1061
1805, 1061, 1109
1806, 1054, 1038
1807, 1038, 1078
1808, 1109, 1054
1809, 1078, 1064
1810, 1064, 1094
1811, 1102, 1078
1812, 1056, 1075
1813, 1094, 1056
1814, 1103, 1094
1815, 1075, 1043
1816, 1043, 1050
1817, 1050, 1131
1818, 1079, 1075
1819, 1057, 1049
1820, 1049, 1091
1821, 1574, 1057
1822, 1088, 1042
1823, 1042, 1090
1824, 1065, 1055
1825, 1055, 1087
1826, 1090, 1065
1827, 1101, 1090
1828, 1084, 1072
1829, 1072, 1110
1830, 1060, 1046
1831, 1046, 1076
1832, 1107, 1060
1833, 1076, 1052
1834, 1052, 1073
1835, 1073, 1114
1836, 1083, 1076
1837, 1059, 1039
1838, 1039, 1063
1839, 1112, 1059
1840, 1063, 1044
1841, 1044, 1067
1842, 1067, 1100
1843, 1095, 1063
1844, 1068, 1082
1845, 1100, 1068
1846, 1111, 1100
1847, 1081, 1051
1848, 1051, 1104
1849, 1058, 1074
1850, 1105, 1058
1851, 1074, 1035
1852, 1035, 1117
1853, 1097, 1074
1854, 1047, 1032
1855, 1032, 1071
1856, 1108, 1047
1857, 1071, 1053
1858, 1053, 1066
1859, 1066, 1099
1860, 1092, 1071
1861, 1045, 1037
1862, 1037, 1080
1863, 1099, 1045
1864, 1115, 1099
1865, 1098, 1096
1866, 1132, 1098
1867, 1096, 1133
1868, 1085, 1086
1869, 1151, 1085
1870, 1086, 1141
1871, 1120, 1102
1872, 1102, 1122
1873, 1136, 1079
1874, 1079, 1138
1875, 1091, 1088
1876, 1574, 1091
1877, 1088, 1113
1878, 1087, 1084
1879, 1123, 1087
1880, 1084, 1135
1881, 1575, 1083
1882, 1083, 1124
1883, 1118, 1095
1884, 1095, 1145
1885, 1082, 1081
1886, 1140, 1082
1887, 1081, 1129
1888, 1126, 1097
1889, 1097, 1125
1890, 1119, 1108
1891, 1108, 1092
1892, 1092, 1127
1893, 1080, 1681
1894, 1128, 1080
1895, 1682, 1106
1896, 1106, 1144
1897, 1144, 1132
1898, 1132, 1133
1899, 1166, 1144
1900, 1133, 1121
1901, 1121, 1156
1902, 1179, 1133
1903, 1156, 1151
1904, 1141, 1149
1905, 1151, 1141
1906, 1163, 1156
1907, 1149, 1109
1908, 1109, 1120
1909, 1120, 1157
1910, 1174, 1149
1911, 1122, 1130
1912, 1157, 1122
1913, 1162, 1157
1914, 1130, 1103
1915, 1103, 1136
1916, 1136, 1152
1917, 1167, 1130
1918, 1152, 1138
1919, 1176, 1152
1920, 1131, 1574
1921, 1138, 1131
1922, 1574, 1153
1923, 1195, 1138
1924, 1113, 1116
1925, 1153, 1113
1926, 1159, 1153
1927, 1116, 1101
1928, 1101, 1123
1929, 1123, 1143
1930, 1578, 1116
1931, 1135, 1148
1932, 1143, 1135
1933, 1576, 1143
1934, 1110, 1107
1935, 1148, 1110
1936, 1107, 1575
1937, 1158, 1148
1938, 1124, 1146
1939, 1575, 1124
1940, 1171, 1575
1941, 1114, 1112
1942, 1146, 1114
1943, 1112, 1118
1944, 1118, 1137
1945, 1165, 1146
1946, 1137, 1155
1947, 1188, 1137
1948, 1145, 1111
1949, 1111, 1140
1950, 1155, 1145
1951, 1140, 1150
1952, 1161, 1155
1953, 1150, 1129
1954, 1160, 1150
1955, 1104, 1105
1956, 1129, 1104
1957, 1105, 1147
1958, 1177, 1129
1959, 1147, 1126
1960, 1126, 1142
1961, 1168, 1147
1962, 1117, 1119
1963, 1125, 1117
1964, 1142, 1125
1965, 1119, 1154
1966, 1170, 1142
1967, 1127, 1134
1968, 1154, 1127
1969, 1164, 1154
1970, 1134, 1115
1971, 1115, 1128
1972, 1128, 1139
1973, 1172, 1134
1974, 1139, 1683
1975, 1169, 1139
1976, 1184, 1190
1977, 1182, 1196
1978, 1175, 1162
1979, 1162, 1186
1980, 1197, 1200
1981, 1178, 1159
1982, 1159, 1578
1983, 1576, 1180
1984, 1192, 1171
1985, 1171, 1165
1986, 1194, 1161
1987, 1161, 1173
1988, 1193, 1160
1989, 1160, 1199
1990, 1191, 1170
1991, 1170, 1189
1992, 1164, 1172
1993, 1172, 1202
1994, 1183, 1684
1995, 1685, 1187
1996, 1187, 1166
1997, 1166, 1184
1998, 1184, 1227
1999, 1231, 1187
2000, 1190, 1179
2001, 1179, 1577
2002, 1226, 1190
2003, 1577, 1163
2004, 1163, 1182
2005, 1182, 1580
2006, 1196, 1174
2007, 1174, 1201
2008, 1580, 1196
2009, 1201, 1175
2010, 1175, 1241
2011, 1209, 1201
2012, 1186, 1167
2013, 1167, 1181
2014, 1240, 1186
2015, 1181, 1176
2016, 1176, 1197
2017, 1197, 1217
2018, 1211, 1181
2019, 1200, 1195
2020, 1195, 1214
2021, 1222, 1200
2022, 1212, 1178
2023, 1178, 1210
2024, 1578, 1198
2025, 1210, 1578
2026, 1242, 1210
2027, 1198, 1576
2028, 1576, 1224
2029, 1213, 1198
2030, 1180, 1158
2031, 1158, 1204
2032, 1219, 1180
2033, 1207, 1192
2034, 1192, 1225
2035, 1165, 1203
2036, 1225, 1165
2037, 1235, 1225
2038, 1206, 1188
2039, 1188, 1194
2040, 1194, 1221
2041, 1173, 1579
2042, 1223, 1173
2043, 1579, 1193
2044, 1193, 1234
2045, 1199, 1177
2046, 1177, 1185
2047, 1234, 1199
2048, 1185, 1168
2049, 1168, 1191
2050, 1191, 1218
2051, 1215, 1185
2052, 1189, 1208
2053, 1220, 1189
2054, 1205, 1164
2055, 1164, 1230
2056, 1202, 1216
2057, 1229, 1202
2058, 1216, 1169
2059, 1169, 1183
2060, 1183, 1239
2061, 1232, 1216
2062, 1686, 1231
2063, 1231, 1246
2064, 1238, 1577
2065, 1577, 1257
2066, 1251, 1209
2067, 1209, 1272
2068, 1256, 1211
2069, 1211, 1254
2070, 1214, 1212
2071, 1264, 1214
2072, 1212, 1259
2073, 1270, 1213
2074, 1213, 1263
2075, 1204, 1207
2076, 1228, 1204
2077, 1207, 1236
2078, 1203, 1206
2079, 1258, 1203
2080, 1206, 1581
2081, 1237, 1579
2082, 1579, 1248
2083, 1247, 1215
2084, 1215, 1233
2085, 1208, 1205
2086, 1244, 1208
2087, 1205, 1245
2088, 1255, 1232
2089, 1232, 1253
2090, 1246, 1252
2091, 1687, 1246
2092, 1227, 1226
2093, 1252, 1227
2094, 1226, 1238
2095, 1238, 1261
2096, 1303, 1252
2097, 1261, 1257
2098, 1284, 1261
2099, 1257, 1580
2100, 1580, 1251
2101, 1583, 1257
2102, 1251, 1277
2103, 1292, 1251
2104, 1241, 1240
2105, 1272, 1241
2106, 1240, 1256
2107, 1277, 1272
2108, 1256, 1268
2109, 1582, 1277
2110, 1268, 1254
2111, 1304, 1268
2112, 1217, 1222
2113, 1254, 1217
2114, 1222, 1273
2115, 1289, 1254
2116, 1273, 1264
2117, 1264, 1271
2118, 1280, 1273
2119, 1259, 1242
2120, 1242, 1270
2121, 1271, 1259
2122, 1270, 1278
2123, 1311, 1271
2124, 1263, 1265
2125, 1278, 1263
2126, 1279, 1278
2127, 1224, 1219
2128, 1265, 1224
2129, 1219, 1228
2130, 1228, 1243
2131, 1288, 1265
2132, 1236, 1249
2133, 1243, 1236
2134, 1282, 1243
2135, 1249, 1235
2136, 1235, 1258
2137, 1258, 1276
2138, 1286, 1249
2139, 1276, 1581
2140, 1285, 1276
2141, 1221, 1223
2142, 1581, 1221
2143, 1223, 1250
2144, 1299, 1581
2145, 1250, 1237
2146, 1248, 1266
2147, 1237, 1248
2148, 1281, 1250
2149, 1266, 1234
2150, 1234, 1262
2151, 1585, 1266
2152, 1262, 1247
2153, 1247, 1267
2154, 1283, 1262
2155, 1218, 1220
2156, 1233, 1218
2157, 1220, 1244
2158, 1267, 1233
2159, 1244, 1260
2160, 1291, 1267
2161, 1260, 1275
2162, 1588, 1260
2163, 1230, 1229
2164, 1245, 1230
2165, 1229, 1255
2166, 1275, 1245
2167, 1255, 1269
2168, 1586, 1275
2169, 1269, 1274
2170, 1287, 1269
2171, 1239, 1688
2172, 1253, 1239
2173, 1274, 1253
2174, 1293, 1274
2175, 1689, 1307
2176, 1294, 1284
2177, 1284, 1583
2178, 1298, 1582
2179, 1308, 1289
2180, 1289, 1295
2181, 1305, 1280
2182, 1280, 1311
2183, 1315, 1279
2184, 1279, 1301
2185, 1317, 1282
2186, 1282, 1290
2187, 1316, 1306
2188, 1296, 1281
2189, 1281, 1585
2190, 1302, 1283
2191, 1283, 1297
2192, 1588, 1586
2193, 1287, 1293
2194, 1293, 1300
2195, 1307, 1303
2196, 1303, 1318
2197, 1690, 1307
2198, 1318, 1294
2199, 1294, 1339
2200, 1583, 1314
2201, 1337, 1583
2202, 1313, 1292
2203, 1292, 1298
2204, 1298, 1332
2205, 1582, 1326
2206, 1332, 1582
2207, 1346, 1332
2208, 1327, 1304
2209, 1304, 1308
2210, 1308, 1333
2211, 1295, 1310
2212, 1334, 1295
2213, 1310, 1305
2214, 1305, 1330
2215, 1338, 1310
2216, 1311, 1324
2217, 1329, 1311
2218, 1324, 1315
2219, 1315, 1584
2220, 1335, 1324
2221, 1301, 1288
2222, 1288, 1320
2223, 1584, 1301
2224, 1321, 1317
2225, 1317, 1589
2226, 1290, 1286
2227, 1286, 1325
2228, 1589, 1290
2229, 1323, 1285
2230, 1285, 1316
2231, 1316, 1343
2232, 1306, 1299
2233, 1299, 1587
2234, 1343, 1306
2235, 1587, 1296
2236, 1296, 1331
2237, 1585, 1312
2238, 1331, 1585
2239, 1347, 1331
2240, 1312, 1302
2241, 1302, 1341
2242, 1336, 1312
2243, 1297, 1291
2244, 1291, 1309
2245, 1340, 1297
2246, 1588, 1328
2247, 1586, 1319
2248, 1328, 1586
2249, 1351, 1328
2250, 1319, 1287
2251, 1287, 1345
2252, 1322, 1319
2253, 1300, 1691
2254, 1344, 1300
2255, 1375, 1318
2256, 1318, 1368
2257, 1314, 1313
2258, 1360, 1314
2259, 1313, 1363
2260, 1326, 1327
2261, 1369, 1326
2262, 1327, 1357
2263, 1364, 1338
2264, 1338, 1354
2265, 1365, 1335
2266, 1335, 1376
2267, 1320, 1321
2268, 1361, 1320
2269, 1321, 1362
2270, 1325, 1323
2271, 1349, 1325
2272, 1323, 1355
2273, 1350, 1587
2274, 1587, 1382
2275, 1359, 1336
2276, 1336, 1358
2277, 1309, 1588
2278, 1342, 1309
2279, 1588, 1371
2280, 1370, 1322
2281, 1322, 1352
2282, 1353, 1692
2283, 1693, 1375
2284, 1375, 1368
2285, 1593, 1375
2286, 1339, 1337
2287, 1368, 1339
2288, 1337, 1360
2289, 1360, 1381
2290, 1590, 1368
2291, 1381, 1383
2292, 1412, 1381
2293, 1363, 1346
2294, 1346, 1369
2295, 1383, 1363
2296, 1595, 1383
2297, 1369, 1379
2298, 1407, 1369
2299, 1333, 1334
2300, 1357, 1333
2301, 1334, 1364
2302, 1379, 1357
2303, 1364, 1390
2304, 1395, 1379
2305, 1354, 1366
2306, 1390, 1354
2307, 1391, 1390
2308, 1330, 1329
2309, 1366, 1330
2310, 1329, 1365
2311, 1365, 1389
2312, 1405, 1366
2313, 1389, 1387
2314, 1393, 1389
2315, 1376, 1584
2316, 1584, 1373
2317, 1387, 1376
2318, 1591, 1387
2319, 1373, 1361
2320, 1362, 1374
2321, 1361, 1362
2322, 1399, 1373
2323, 1374, 1589
2324, 1589, 1349
2325, 1349, 1356
2326, 1409, 1374
2327, 1355, 1367
2328, 1356, 1355
2329, 1592, 1356
2330, 1367, 1343
2331, 1343, 1377
2332, 1400, 1367
2333, 1377, 1350
2334, 1350, 1388
2335, 1396, 1377
2336, 1382, 1347
2337, 1347, 1359
2338, 1388, 1382
2339, 1359, 1386
2340, 1596, 1388
2341, 1358, 1384
2342, 1386, 1358
2343, 1397, 1386
2344, 1341, 1340
2345, 1384, 1341
2346, 1340, 1348
2347, 1402, 1384
2348, 1348, 1342
2349, 1342, 1380
2350, 1398, 1348
2351, 1371, 1351
2352, 1351, 1378
2353, 1380, 1371
2354, 1392, 1380
2355, 1378, 1370
2356, 1370, 1372
2357, 1394, 1378
2358, 1345, 1344
2359, 1352, 1345
2360, 1344, 1353
2361, 1372, 1352
2362, 1353, 1385
2363, 1406, 1372
2364, 1385, 1694
2365, 1597, 1385
2366, 1593, 1590
2367, 1422, 1595
2368, 1425, 1395
2369, 1395, 1416
2370, 1403, 1391
2371, 1391, 1405
2372, 1410, 1591
2373, 1417, 1399
2374, 1399, 1409
2375, 1409, 1415
2376, 1592, 1400
2377, 1400, 1424
2378, 1404, 1596
2379, 1408, 1397
2380, 1397, 1414
2381, 1419, 1398
2382, 1398, 1392
2383, 1392, 1401
2384, 1597, 1695
2385, 1431, 1593
2386, 1593, 1448
2387, 1590, 1594
2388, 1448, 1590
2389, 1458, 1448
2390, 1594, 1412
2391, 1412, 1422
2392, 1422, 1447
2393, 1595, 1427
2394, 1449, 1595
2395, 1427, 1407
2396, 1407, 1425
2397, 1425, 1441
2398, 1452, 1427
2399, 1416, 1420
2400, 1442, 1416
2401, 1420, 1403
2402, 1403, 1460
2403, 1445, 1420
2404, 1405, 1418
2405, 1460, 1405
2406, 1418, 1393
2407, 1393, 1410
2408, 1410, 1455
2409, 1443, 1418
2410, 1591, 1428
2411, 1461, 1591
2412, 1426, 1417
2413, 1417, 1439
2414, 1415, 1423
2415, 1439, 1415
2416, 1475, 1439
2417, 1421, 1592
2418, 1592, 1437
2419, 1424, 1438
2420, 1437, 1424
2421, 1462, 1437
2422, 1435, 1396
2423, 1396, 1404
2424, 1404, 1454
2425, 1596, 1411
2426, 1450, 1596
2427, 1411, 1408
2428, 1408, 1457
2429, 1440, 1411
2430, 1414, 1402
2431, 1402, 1432
2432, 1453, 1414
2433, 1432, 1419
2434, 1419, 1444
2435, 1436, 1432
2436, 1401, 1429
2437, 1444, 1401
2438, 1451, 1444
2439, 1430, 1394
2440, 1394, 1413
2441, 1413, 1406
2442, 1406, 1433
2443, 1446, 1413
2444, 1434, 1597
2445, 1597, 1696
2446, 1697, 1431
2447, 1431, 1598
2448, 1477, 1594
2449, 1594, 1599
2450, 1452, 1479
2451, 1474, 1445
2452, 1445, 1476
2453, 1600, 1443
2454, 1443, 1601
2455, 1428, 1426
2456, 1472, 1428
2457, 1426, 1467
2458, 1423, 1421
2459, 1471, 1423
2460, 1421, 1470
2461, 1438, 1435
2462, 1490, 1438
2463, 1435, 1464
2464, 1602, 1440
2465, 1440, 1478
2466, 1466, 1436
2467, 1436, 1480
2468, 1429, 1430
2469, 1463, 1429
2470, 1430, 1456
2471, 1433, 1434
2472, 1465, 1433
2473, 1434, 1468
2474, 1698, 1598
2475, 1598, 1458
2476, 1458, 1487
2477, 1604, 1598
2478, 1487, 1477
2479, 1477, 1599
2480, 1699, 1487
2481, 1447, 1449
2482, 1599, 1447
2483, 1449, 1469
2484, 1700, 1599
2485, 1469, 1452
2486, 1452, 1605
2487, 1701, 1469
2488, 1441, 1442
2489, 1479, 1441
2490, 1442, 1473
2491, 1605, 1479
2492, 1473, 1474
2493, 1474, 1494
2494, 1702, 1473
2495, 1476, 1460
2496, 1460, 1600
2497, 1494, 1476
2498, 1496, 1494
2499, 1600, 1601
2500, 1498, 1600
2501, 1455, 1461
2502, 1601, 1455
2503, 1461, 1491
2504, 1703, 1601
2505, 1491, 1472
2506, 1467, 1484
2507, 1472, 1467
2508, 1499, 1491
2509, 1484, 1475
2510, 1475, 1492
2511, 1704, 1484
2512, 1492, 1471
2513, 1470, 1481
2514, 1471, 1470
2515, 1495, 1492
2516, 1481, 1462
2517, 1462, 1493
2518, 1705, 1481
2519, 1493, 1490
2520, 1490, 1603
2521, 1500, 1493
2522, 1454, 1450
2523, 1464, 1454
2524, 1450, 1602
2525, 1603, 1464
2526, 1602, 1486
2527, 1706, 1602
2528, 1457, 1453
2529, 1478, 1457
2530, 1453, 1466
2531, 1486, 1478
2532, 1466, 1488
2533, 1744, 1486
2534, 1488, 1489
2535, 1502, 1488
2536, 1480, 1451
2537, 1451, 1463
2538, 1489, 1480
2539, 1463, 1485
2540, 1745, 1489
2541, 1456, 1459
2542, 1485, 1456
2543, 1497, 1485
2544, 1459, 1446
2545, 1446, 1465
2546, 1465, 1482
2547, 1707, 1459
2548, 1482, 1483
2549, 1708, 1482
2550, 1468, 1709
2551, 1483, 1468
2552, 1606, 1483
2553, 1710, 1604
2554, 1711, 1501
2555, 1712, 1498
2556, 1498, 1713
2557, 1714, 1495
2558, 1495, 1715
2559, 1716, 1603
2560, 1603, 1717
2561, 1718, 1744
2562, 1719, 1745
2563, 1746, 1720
2564, 1721, 1606
2565, 1604, 1722
2566, 1723, 1604
2567, 1724, 1605
2568, 1605, 1725
2569, 1501, 1496
2570, 1496, 1726
2571, 1727, 1501
2572, 1728, 1499
2573, 1499, 1729
2574, 1730, 1500
2575, 1500, 1731
2576, 1732, 1502
2577, 1502, 1733
2578, 1734, 1497
2579, 1497, 1746
2580, 1606, 1735
2581, 1736, 1606
