1, 1453, 1401
2, 42, 1453
3, 1455, 1454
4, 1454, 57
5, 143, 1455
6, 1457, 1456
7, 1456, 158
8, 243, 1457
9, 1459, 1458
10, 1458, 257
11, 344, 1459
12, 1461, 1460
13, 1460, 358
14, 443, 1461
15, 1463, 1462
16, 1462, 459
17, 543, 1463
18, 1465, 1464
19, 1464, 557
20, 643, 1465
21, 1467, 1466
22, 1466, 658
23, 745, 1467
24, 1469, 1468
25, 1468, 757
26, 842, 1469
27, 1471, 1470
28, 1470, 860
29, 944, 1471
30, 1473, 1472
31, 1472, 957
32, 1043, 1473
33, 1475, 1474
34, 1474, 1058
35, 1143, 1475
36, 1477, 1476
37, 1476, 1158
38, 1243, 1477
39, 1479, 1478
40, 1478, 1259
41, 1342, 1479
42, 1402, 1480
43, 1480, 1359
44, 25, 1403
45, 57, 42
46, 42, 25
47, 79, 57
48, 25, 27
49, 123, 79
50, 79, 76
51, 158, 143
52, 143, 123
53, 174, 158
54, 123, 130
55, 231, 174
56, 174, 172
57, 257, 243
58, 243, 231
59, 272, 257
60, 231, 223
61, 321, 272
62, 272, 273
63, 358, 344
64, 344, 321
65, 377, 358
66, 321, 328
67, 424, 377
68, 377, 375
69, 459, 443
70, 443, 424
71, 481, 459
72, 424, 430
73, 522, 481
74, 481, 472
75, 557, 543
76, 543, 522
77, 579, 557
78, 522, 527
79, 631, 579
80, 579, 580
81, 658, 643
82, 643, 631
83, 668, 658
84, 631, 628
85, 729, 668
86, 668, 679
87, 757, 745
88, 745, 729
89, 774, 757
90, 729, 722
91, 823, 774
92, 774, 775
93, 860, 842
94, 842, 823
95, 874, 860
96, 823, 824
97, 926, 874
98, 874, 871
99, 957, 944
100, 944, 926
101, 973, 957
102, 926, 925
103, 1027, 973
104, 973, 974
105, 1058, 1043
106, 1043, 1027
107, 1073, 1058
108, 1027, 1025
109, 1128, 1073
110, 1073, 1082
111, 1158, 1143
112, 1143, 1128
113, 1175, 1158
114, 1128, 1122
115, 1226, 1175
116, 1175, 1180
117, 1259, 1243
118, 1243, 1226
119, 1276, 1259
120, 1226, 1224
121, 1328, 1276
122, 1276, 1277
123, 1359, 1342
124, 1342, 1328
125, 1375, 1359
126, 1328, 1321
127, 1404, 1375
128, 1375, 1379
129, 27, 9
130, 76, 27
131, 93, 76
132, 130, 107
133, 172, 130
134, 194, 172
135, 223, 207
136, 273, 223
137, 292, 273
138, 328, 309
139, 375, 328
140, 392, 375
141, 430, 408
142, 472, 430
143, 493, 472
144, 527, 507
145, 580, 527
146, 594, 580
147, 628, 609
148, 679, 628
149, 694, 679
150, 722, 706
151, 775, 722
152, 794, 775
153, 824, 809
154, 871, 824
155, 892, 871
156, 925, 906
157, 974, 925
158, 994, 974
159, 1025, 1008
160, 1082, 1025
161, 1095, 1082
162, 1122, 1108
163, 1180, 1122
164, 1193, 1180
165, 1224, 1207
166, 1277, 1224
167, 1291, 1277
168, 1321, 1309
169, 1379, 1321
170, 1393, 1379
171, 9, 1405
172, 47, 9
173, 107, 93
174, 93, 53
175, 149, 107
176, 207, 194
177, 194, 154
178, 249, 207
179, 309, 292
180, 292, 253
181, 347, 309
182, 408, 392
183, 392, 354
184, 447, 408
185, 507, 493
186, 493, 454
187, 547, 507
188, 609, 594
189, 594, 554
190, 647, 609
191, 706, 694
192, 694, 654
193, 748, 706
194, 809, 794
195, 794, 752
196, 848, 809
197, 906, 892
198, 892, 852
199, 948, 906
200, 1008, 994
201, 994, 953
202, 1048, 1008
203, 1108, 1095
204, 1095, 1053
205, 1148, 1108
206, 1207, 1193
207, 1193, 1153
208, 1248, 1207
209, 1309, 1291
210, 1291, 1253
211, 1349, 1309
212, 1406, 1393
213, 1393, 1351
214, 53, 47
215, 47, 14
216, 88, 53
217, 154, 149
218, 149, 113
219, 186, 154
220, 253, 249
221, 249, 212
222, 288, 253
223, 354, 347
224, 347, 313
225, 389, 354
226, 454, 447
227, 447, 413
228, 488, 454
229, 554, 547
230, 547, 514
231, 588, 554
232, 654, 647
233, 647, 613
234, 689, 654
235, 752, 748
236, 748, 713
237, 788, 752
238, 852, 848
239, 848, 811
240, 888, 852
241, 953, 948
242, 948, 914
243, 986, 953
244, 1053, 1048
245, 1048, 1015
246, 1089, 1053
247, 1153, 1148
248, 1148, 1112
249, 1187, 1153
250, 1253, 1248
251, 1248, 1213
252, 1289, 1253
253, 1351, 1349
254, 1349, 1312
255, 1389, 1351
256, 14, 1407
257, 26, 14
258, 78, 26
259, 26, 28
260, 113, 88
261, 88, 78
262, 124, 113
263, 78, 77
264, 171, 124
265, 124, 126
266, 212, 186
267, 186, 171
268, 232, 212
269, 171, 178
270, 271, 232
271, 232, 224
272, 313, 288
273, 288, 271
274, 325, 313
275, 271, 277
276, 373, 325
277, 325, 323
278, 413, 389
279, 389, 373
280, 427, 413
281, 373, 376
282, 475, 427
283, 427, 425
284, 514, 488
285, 488, 475
286, 529, 514
287, 475, 476
288, 571, 529
289, 529, 526
290, 613, 588
291, 588, 571
292, 633, 613
293, 571, 582
294, 670, 633
295, 633, 622
296, 713, 689
297, 689, 670
298, 721, 713
299, 670, 677
300, 781, 721
301, 721, 724
302, 811, 788
303, 788, 781
304, 822, 811
305, 781, 773
306, 872, 822
307, 822, 826
308, 914, 888
309, 888, 872
310, 933, 914
311, 872, 876
312, 969, 933
313, 933, 923
314, 1015, 986
315, 986, 969
316, 1028, 1015
317, 969, 976
318, 1074, 1028
319, 1028, 1021
320, 1112, 1089
321, 1089, 1074
322, 1126, 1112
323, 1074, 1076
324, 1176, 1126
325, 1126, 1129
326, 1213, 1187
327, 1187, 1176
328, 1231, 1213
329, 1176, 1181
330, 1272, 1231
331, 1231, 1218
332, 1312, 1289
333, 1289, 1272
334, 1324, 1312
335, 1272, 1273
336, 1378, 1324
337, 1324, 1334
338, 1408, 1389
339, 1389, 1378
340, 1378, 1373
341, 28, 1409
342, 38, 28
343, 77, 64
344, 126, 77
345, 137, 126
346, 178, 164
347, 224, 178
348, 236, 224
349, 277, 264
350, 323, 277
351, 337, 323
352, 376, 363
353, 425, 376
354, 437, 425
355, 476, 463
356, 526, 476
357, 538, 526
358, 582, 564
359, 622, 582
360, 638, 622
361, 677, 663
362, 724, 677
363, 739, 724
364, 773, 762
365, 826, 773
366, 838, 826
367, 876, 863
368, 923, 876
369, 937, 923
370, 976, 964
371, 1021, 976
372, 1038, 1021
373, 1076, 1062
374, 1129, 1076
375, 1138, 1129
376, 1181, 1164
377, 1218, 1181
378, 1238, 1218
379, 1273, 1262
380, 1334, 1273
381, 1339, 1334
382, 1373, 1363
383, 1410, 1373
384, 64, 38
385, 38, 4
386, 97, 64
387, 164, 137
388, 137, 103
389, 199, 164
390, 264, 236
391, 236, 204
392, 298, 264
393, 363, 337
394, 337, 303
395, 398, 363
396, 463, 437
397, 437, 402
398, 498, 463
399, 564, 538
400, 538, 502
401, 598, 564
402, 663, 638
403, 638, 602
404, 700, 663
405, 762, 739
406, 739, 701
407, 800, 762
408, 863, 838
409, 838, 804
410, 899, 863
411, 964, 937
412, 937, 902
413, 996, 964
414, 1062, 1038
415, 1038, 1002
416, 1100, 1062
417, 1164, 1138
418, 1138, 1102
419, 1198, 1164
420, 1262, 1238
421, 1238, 1201
422, 1300, 1262
423, 1363, 1339
424, 1339, 1301
425, 1399, 1363
426, 4, 1411
427, 43, 4
428, 103, 97
429, 97, 58
430, 142, 103
431, 204, 199
432, 199, 157
433, 245, 204
434, 303, 298
435, 298, 256
436, 343, 303
437, 402, 398
438, 398, 359
439, 444, 402
440, 502, 498
441, 498, 457
442, 542, 502
443, 602, 598
444, 598, 558
445, 644, 602
446, 701, 700
447, 700, 659
448, 742, 701
449, 804, 800
450, 800, 756
451, 843, 804
452, 902, 899
453, 899, 857
454, 941, 902
455, 1002, 996
456, 996, 960
457, 1042, 1002
458, 1102, 1100
459, 1100, 1059
460, 1144, 1102
461, 1201, 1198
462, 1198, 1156
463, 1244, 1201
464, 1301, 1300
465, 1300, 1257
466, 1345, 1301
467, 1412, 1399
468, 1399, 1357
469, 29, 1413
470, 58, 43
471, 43, 29
472, 69, 58
473, 29, 20
474, 131, 69
475, 69, 80
476, 157, 142
477, 142, 131
478, 173, 157
479, 131, 125
480, 226, 173
481, 173, 175
482, 256, 245
483, 245, 226
484, 270, 256
485, 226, 227
486, 329, 270
487, 270, 275
488, 359, 343
489, 343, 329
490, 371, 359
491, 329, 324
492, 431, 371
493, 371, 378
494, 457, 444
495, 444, 431
496, 477, 457
497, 431, 426
498, 528, 477
499, 477, 474
500, 558, 542
501, 542, 528
502, 567, 558
503, 528, 523
504, 632, 567
505, 567, 583
506, 659, 644
507, 644, 632
508, 680, 659
509, 632, 619
510, 730, 680
511, 680, 669
512, 756, 742
513, 742, 730
514, 771, 756
515, 730, 725
516, 827, 771
517, 771, 776
518, 857, 843
519, 843, 827
520, 869, 857
521, 827, 820
522, 928, 869
523, 869, 878
524, 960, 941
525, 941, 928
526, 971, 960
527, 928, 929
528, 1026, 971
529, 971, 977
530, 1059, 1042
531, 1042, 1026
532, 1077, 1059
533, 1026, 1024
534, 1130, 1077
535, 1077, 1075
536, 1156, 1144
537, 1144, 1130
538, 1170, 1156
539, 1130, 1127
540, 1227, 1170
541, 1170, 1182
542, 1257, 1244
543, 1244, 1227
544, 1271, 1257
545, 1227, 1228
546, 1332, 1271
547, 1271, 1274
548, 1357, 1345
549, 1345, 1332
550, 1377, 1357
551, 1332, 1318
552, 1414, 1377
553, 1377, 1380
554, 20, 8
555, 80, 20
556, 94, 80
557, 125, 108
558, 175, 125
559, 195, 175
560, 227, 206
561, 275, 227
562, 293, 275
563, 324, 308
564, 378, 324
565, 393, 378
566, 426, 409
567, 474, 426
568, 494, 474
569, 523, 506
570, 583, 523
571, 593, 583
572, 619, 610
573, 669, 619
574, 692, 669
575, 725, 708
576, 776, 725
577, 795, 776
578, 820, 806
579, 878, 820
580, 893, 878
581, 929, 909
582, 977, 929
583, 993, 977
584, 1024, 1009
585, 1075, 1024
586, 1094, 1075
587, 1127, 1106
588, 1182, 1127
589, 1194, 1182
590, 1228, 1208
591, 1274, 1228
592, 1293, 1274
593, 1318, 1308
594, 1380, 1318
595, 1392, 1380
596, 8, 1415
597, 48, 8
598, 108, 94
599, 94, 54
600, 148, 108
601, 206, 195
602, 195, 153
603, 250, 206
604, 308, 293
605, 293, 254
606, 346, 308
607, 409, 393
608, 393, 355
609, 446, 409
610, 506, 494
611, 494, 455
612, 548, 506
613, 610, 593
614, 593, 552
615, 649, 610
616, 708, 692
617, 692, 652
618, 746, 708
619, 806, 795
620, 795, 753
621, 849, 806
622, 909, 893
623, 893, 851
624, 947, 909
625, 1009, 993
626, 993, 955
627, 1047, 1009
628, 1106, 1094
629, 1094, 1054
630, 1147, 1106
631, 1208, 1194
632, 1194, 1154
633, 1246, 1208
634, 1308, 1293
635, 1293, 1255
636, 1348, 1308
637, 1416, 1392
638, 1392, 1352
639, 54, 48
640, 48, 15
641, 86, 54
642, 153, 148
643, 148, 114
644, 188, 153
645, 254, 250
646, 250, 211
647, 289, 254
648, 355, 346
649, 346, 315
650, 390, 355
651, 455, 446
652, 446, 412
653, 489, 455
654, 552, 548
655, 548, 512
656, 589, 552
657, 652, 649
658, 649, 612
659, 686, 652
660, 753, 746
661, 746, 715
662, 786, 753
663, 851, 849
664, 849, 813
665, 890, 851
666, 955, 947
667, 947, 911
668, 990, 955
669, 1054, 1047
670, 1047, 1011
671, 1090, 1054
672, 1154, 1147
673, 1147, 1113
674, 1186, 1154
675, 1255, 1246
676, 1246, 1212
677, 1288, 1255
678, 1352, 1348
679, 1348, 1313
680, 1387, 1352
681, 15, 1417
682, 31, 15
683, 75, 31
684, 31, 19
685, 114, 86
686, 86, 75
687, 122, 114
688, 75, 81
689, 170, 122
690, 122, 127
691, 211, 188
692, 188, 170
693, 229, 211
694, 170, 176
695, 274, 229
696, 229, 219
697, 315, 289
698, 289, 274
699, 320, 315
700, 274, 276
701, 380, 320
702, 320, 327
703, 412, 390
704, 390, 380
705, 432, 412
706, 380, 372
707, 467, 432
708, 432, 422
709, 512, 489
710, 489, 467
711, 520, 512
712, 467, 484
713, 584, 520
714, 520, 524
715, 612, 589
716, 589, 584
717, 621, 612
718, 584, 574
719, 681, 621
720, 621, 620
721, 715, 686
722, 686, 681
723, 723, 715
724, 681, 671
725, 772, 723
726, 723, 719
727, 813, 786
728, 786, 772
729, 825, 813
730, 772, 784
731, 873, 825
732, 825, 828
733, 911, 890
734, 890, 873
735, 927, 911
736, 873, 870
737, 975, 927
738, 927, 924
739, 1011, 990
740, 990, 975
741, 1019, 1011
742, 975, 972
743, 1084, 1019
744, 1019, 1030
745, 1113, 1090
746, 1090, 1084
747, 1123, 1113
748, 1084, 1067
749, 1177, 1123
750, 1123, 1132
751, 1212, 1186
752, 1186, 1177
753, 1219, 1212
754, 1177, 1169
755, 1269, 1219
756, 1219, 1229
757, 1313, 1288
758, 1288, 1269
759, 1329, 1313
760, 1269, 1281
761, 1372, 1329
762, 1329, 1320
763, 1418, 1387
764, 1387, 1372
765, 1372, 1381
766, 19, 1419
767, 36, 19
768, 81, 63
769, 127, 81
770, 139, 127
771, 176, 163
772, 219, 176
773, 237, 219
774, 276, 262
775, 327, 276
776, 336, 327
777, 372, 364
778, 422, 372
779, 438, 422
780, 484, 464
781, 524, 484
782, 539, 524
783, 574, 561
784, 620, 574
785, 639, 620
786, 671, 664
787, 719, 671
788, 737, 719
789, 784, 763
790, 828, 784
791, 836, 828
792, 870, 862
793, 924, 870
794, 938, 924
795, 972, 963
796, 1030, 972
797, 1039, 1030
798, 1067, 1061
799, 1132, 1067
800, 1139, 1132
801, 1169, 1162
802, 1229, 1169
803, 1239, 1229
804, 1281, 1263
805, 1320, 1281
806, 1338, 1320
807, 1381, 1365
808, 1420, 1381
809, 63, 36
810, 36, 2
811, 99, 63
812, 163, 139
813, 139, 102
814, 198, 163
815, 262, 237
816, 237, 205
817, 296, 262
818, 364, 336
819, 336, 304
820, 396, 364
821, 464, 438
822, 438, 405
823, 496, 464
824, 561, 539
825, 539, 504
826, 600, 561
827, 664, 639
828, 639, 603
829, 696, 664
830, 763, 737
831, 737, 704
832, 797, 763
833, 862, 836
834, 836, 802
835, 898, 862
836, 963, 938
837, 938, 903
838, 998, 963
839, 1061, 1039
840, 1039, 1003
841, 1096, 1061
842, 1162, 1139
843, 1139, 1104
844, 1199, 1162
845, 1263, 1239
846, 1239, 1203
847, 1297, 1263
848, 1365, 1338
849, 1338, 1302
850, 1397, 1365
851, 2, 1421
852, 41, 2
853, 102, 99
854, 99, 59
855, 145, 102
856, 205, 198
857, 198, 156
858, 241, 205
859, 304, 296
860, 296, 260
861, 342, 304
862, 405, 396
863, 396, 360
864, 441, 405
865, 504, 496
866, 496, 460
867, 541, 504
868, 603, 600
869, 600, 559
870, 645, 603
871, 704, 696
872, 696, 656
873, 744, 704
874, 802, 797
875, 797, 758
876, 844, 802
877, 903, 898
878, 898, 859
879, 943, 903
880, 1003, 998
881, 998, 956
882, 1041, 1003
883, 1104, 1096
884, 1096, 1057
885, 1145, 1104
886, 1203, 1199
887, 1199, 1157
888, 1245, 1203
889, 1302, 1297
890, 1297, 1258
891, 1343, 1302
892, 1422, 1397
893, 1397, 1358
894, 24, 1423
895, 59, 41
896, 41, 24
897, 71, 59
898, 24, 30
899, 132, 71
900, 71, 72
901, 156, 145
902, 145, 132
903, 168, 156
904, 132, 128
905, 228, 168
906, 168, 181
907, 260, 241
908, 241, 228
909, 285, 260
910, 228, 222
911, 326, 285
912, 285, 266
913, 360, 342
914, 342, 326
915, 367, 360
916, 326, 330
917, 423, 367
918, 367, 379
919, 460, 441
920, 441, 423
921, 478, 460
922, 423, 428
923, 530, 478
924, 478, 479
925, 559, 541
926, 541, 530
927, 568, 559
928, 530, 525
929, 623, 568
930, 568, 575
931, 656, 645
932, 645, 623
933, 682, 656
934, 623, 629
935, 726, 682
936, 682, 672
937, 758, 744
938, 744, 726
939, 777, 758
940, 726, 720
941, 821, 777
942, 777, 778
943, 859, 844
944, 844, 821
945, 881, 859
946, 821, 833
947, 935, 881
948, 881, 867
949, 956, 943
950, 943, 935
951, 966, 956
952, 935, 921
953, 1022, 966
954, 966, 978
955, 1057, 1041
956, 1041, 1022
957, 1070, 1057
958, 1022, 1031
959, 1116, 1070
960, 1070, 1071
961, 1157, 1145
962, 1145, 1116
963, 1183, 1157
964, 1116, 1134
965, 1221, 1183
966, 1183, 1167
967, 1258, 1245
968, 1245, 1221
969, 1278, 1258
970, 1221, 1232
971, 1330, 1278
972, 1278, 1266
973, 1358, 1343
974, 1343, 1330
975, 1382, 1358
976, 1330, 1331
977, 1424, 1382
978, 1382, 1370
979, 30, 7
980, 72, 30
981, 95, 72
982, 128, 106
983, 181, 128
984, 192, 181
985, 222, 208
986, 266, 222
987, 294, 266
988, 330, 307
989, 379, 330
990, 394, 379
991, 428, 407
992, 479, 428
993, 495, 479
994, 525, 508
995, 575, 525
996, 591, 575
997, 629, 607
998, 672, 629
999, 693, 672
1000, 720, 709
1001, 778, 720
1002, 793, 778
1003, 833, 807
1004, 867, 833
1005, 894, 867
1006, 921, 907
1007, 978, 921
1008, 991, 978
1009, 1031, 1010
1010, 1071, 1031
1011, 1091, 1071
1012, 1134, 1107
1013, 1167, 1134
1014, 1192, 1167
1015, 1232, 1209
1016, 1266, 1232
1017, 1292, 1266
1018, 1331, 1307
1019, 1370, 1331
1020, 1394, 1370
1021, 7, 1425
1022, 46, 7
1023, 106, 95
1024, 95, 52
1025, 150, 106
1026, 208, 192
1027, 192, 152
1028, 248, 208
1029, 307, 294
1030, 294, 252
1031, 349, 307
1032, 407, 394
1033, 394, 352
1034, 448, 407
1035, 508, 495
1036, 495, 452
1037, 549, 508
1038, 607, 591
1039, 591, 553
1040, 648, 607
1041, 709, 693
1042, 693, 653
1043, 747, 709
1044, 807, 793
1045, 793, 755
1046, 847, 807
1047, 907, 894
1048, 894, 854
1049, 949, 907
1050, 1010, 991
1051, 991, 954
1052, 1046, 1010
1053, 1107, 1091
1054, 1091, 1055
1055, 1146, 1107
1056, 1209, 1192
1057, 1192, 1155
1058, 1247, 1209
1059, 1307, 1292
1060, 1292, 1252
1061, 1347, 1307
1062, 1426, 1394
1063, 1394, 1353
1064, 52, 46
1065, 46, 13
1066, 89, 52
1067, 152, 150
1068, 150, 112
1069, 189, 152
1070, 252, 248
1071, 248, 215
1072, 286, 252
1073, 352, 349
1074, 349, 314
1075, 387, 352
1076, 452, 448
1077, 448, 414
1078, 486, 452
1079, 553, 549
1080, 549, 513
1081, 587, 553
1082, 653, 648
1083, 648, 614
1084, 690, 653
1085, 755, 747
1086, 747, 712
1087, 787, 755
1088, 854, 847
1089, 847, 815
1090, 889, 854
1091, 954, 949
1092, 949, 912
1093, 989, 954
1094, 1055, 1046
1095, 1046, 1014
1096, 1088, 1055
1097, 1155, 1146
1098, 1146, 1111
1099, 1190, 1155
1100, 1252, 1247
1101, 1247, 1211
1102, 1290, 1252
1103, 1353, 1347
1104, 1347, 1311
1105, 1388, 1353
1106, 13, 1427
1107, 23, 13
1108, 82, 23
1109, 23, 21
1110, 112, 89
1111, 89, 82
1112, 117, 112
1113, 82, 84
1114, 185, 117
1115, 117, 129
1116, 215, 189
1117, 189, 185
1118, 230, 215
1119, 185, 166
1120, 269, 230
1121, 230, 225
1122, 314, 286
1123, 286, 269
1124, 322, 314
1125, 269, 282
1126, 374, 322
1127, 322, 319
1128, 414, 387
1129, 387, 374
1130, 433, 414
1131, 374, 383
1132, 468, 433
1133, 433, 417
1134, 513, 486
1135, 486, 468
1136, 532, 513
1137, 468, 480
1138, 572, 532
1139, 532, 531
1140, 614, 587
1141, 587, 572
1142, 630, 614
1143, 572, 576
1144, 683, 630
1145, 630, 624
1146, 712, 690
1147, 690, 683
1148, 716, 712
1149, 683, 667
1150, 780, 716
1151, 716, 732
1152, 815, 787
1153, 787, 780
1154, 819, 815
1155, 780, 770
1156, 875, 819
1157, 819, 829
1158, 912, 889
1159, 889, 875
1160, 934, 912
1161, 875, 877
1162, 968, 934
1163, 934, 922
1164, 1014, 989
1165, 989, 968
1166, 1035, 1014
1167, 968, 979
1168, 1068, 1035
1169, 1035, 1017
1170, 1111, 1088
1171, 1088, 1068
1172, 1124, 1111
1173, 1068, 1078
1174, 1178, 1124
1175, 1124, 1135
1176, 1211, 1190
1177, 1190, 1178
1178, 1220, 1211
1179, 1178, 1168
1180, 1275, 1220
1181, 1220, 1230
1182, 1311, 1290
1183, 1290, 1275
1184, 1319, 1311
1185, 1275, 1279
1186, 1383, 1319
1187, 1319, 1333
1188, 1428, 1388
1189, 1388, 1383
1190, 1383, 1371
1191, 21, 1429
1192, 39, 21
1193, 84, 62
1194, 129, 84
1195, 138, 129
1196, 166, 162
1197, 225, 166
1198, 238, 225
1199, 282, 265
1200, 319, 282
1201, 339, 319
1202, 383, 361
1203, 417, 383
1204, 439, 417
1205, 480, 462
1206, 531, 480
1207, 540, 531
1208, 576, 563
1209, 624, 576
1210, 637, 624
1211, 667, 662
1212, 732, 667
1213, 740, 732
1214, 770, 765
1215, 829, 770
1216, 837, 829
1217, 877, 861
1218, 922, 877
1219, 936, 922
1220, 979, 965
1221, 1017, 979
1222, 1036, 1017
1223, 1078, 1064
1224, 1135, 1078
1225, 1140, 1135
1226, 1168, 1161
1227, 1230, 1168
1228, 1240, 1230
1229, 1279, 1261
1230, 1333, 1279
1231, 1340, 1333
1232, 1371, 1361
1233, 1430, 1371
1234, 62, 39
1235, 39, 3
1236, 98, 62
1237, 162, 138
1238, 138, 104
1239, 197, 162
1240, 265, 238
1241, 238, 203
1242, 297, 265
1243, 361, 339
1244, 339, 302
1245, 400, 361
1246, 462, 439
1247, 439, 401
1248, 500, 462
1249, 563, 540
1250, 540, 501
1251, 597, 563
1252, 662, 637
1253, 637, 604
1254, 697, 662
1255, 765, 740
1256, 740, 703
1257, 798, 765
1258, 861, 837
1259, 837, 803
1260, 897, 861
1261, 965, 936
1262, 936, 904
1263, 1000, 965
1264, 1064, 1036
1265, 1036, 1004
1266, 1097, 1064
1267, 1161, 1140
1268, 1140, 1105
1269, 1200, 1161
1270, 1261, 1240
1271, 1240, 1202
1272, 1299, 1261
1273, 1361, 1340
1274, 1340, 1303
1275, 1398, 1361
1276, 3, 1431
1277, 44, 3
1278, 104, 98
1279, 98, 60
1280, 141, 104
1281, 203, 197
1282, 197, 160
1283, 242, 203
1284, 302, 297
1285, 297, 258
1286, 345, 302
1287, 401, 400
1288, 400, 356
1289, 442, 401
1290, 501, 500
1291, 500, 458
1292, 544, 501
1293, 604, 597
1294, 597, 556
1295, 642, 604
1296, 703, 697
1297, 697, 660
1298, 741, 703
1299, 803, 798
1300, 798, 759
1301, 845, 803
1302, 904, 897
1303, 897, 856
1304, 945, 904
1305, 1004, 1000
1306, 1000, 958
1307, 1044, 1004
1308, 1105, 1097
1309, 1097, 1060
1310, 1142, 1105
1311, 1202, 1200
1312, 1200, 1159
1313, 1242, 1202
1314, 1303, 1299
1315, 1299, 1260
1316, 1344, 1303
1317, 1432, 1398
1318, 1398, 1356
1319, 33, 1433
1320, 60, 44
1321, 44, 33
1322, 73, 60
1323, 33, 22
1324, 118, 73
1325, 73, 74
1326, 160, 141
1327, 141, 118
1328, 179, 160
1329, 118, 120
1330, 233, 179
1331, 179, 180
1332, 258, 242
1333, 242, 233
1334, 283, 258
1335, 233, 234
1336, 318, 283
1337, 283, 284
1338, 356, 345
1339, 345, 318
1340, 381, 356
1341, 318, 316
1342, 434, 381
1343, 381, 384
1344, 458, 442
1345, 442, 434
1346, 466, 458
1347, 434, 418
1348, 533, 466
1349, 466, 482
1350, 556, 544
1351, 544, 533
1352, 569, 556
1353, 533, 517
1354, 634, 569
1355, 569, 585
1356, 660, 642
1357, 642, 634
1358, 673, 660
1359, 634, 618
1360, 717, 673
1361, 673, 678
1362, 759, 741
1363, 741, 717
1364, 785, 759
1365, 717, 733
1366, 830, 785
1367, 785, 768
1368, 856, 845
1369, 845, 830
1370, 866, 856
1371, 830, 831
1372, 930, 866
1373, 866, 879
1374, 958, 945
1375, 945, 930
1376, 980, 958
1377, 930, 931
1378, 1032, 980
1379, 980, 967
1380, 1060, 1044
1381, 1044, 1032
1382, 1079, 1060
1383, 1032, 1023
1384, 1117, 1079
1385, 1079, 1072
1386, 1159, 1142
1387, 1142, 1117
1388, 1171, 1159
1389, 1117, 1133
1390, 1225, 1171
1391, 1171, 1172
1392, 1260, 1242
1393, 1242, 1225
1394, 1267, 1260
1395, 1225, 1222
1396, 1322, 1267
1397, 1267, 1282
1398, 1356, 1344
1399, 1344, 1322
1400, 1376, 1356
1401, 1322, 1327
1402, 1434, 1376
1403, 1376, 1368
1404, 22, 6
1405, 74, 22
1406, 92, 74
1407, 120, 109
1408, 180, 120
1409, 191, 180
1410, 234, 210
1411, 284, 234
1412, 291, 284
1413, 316, 310
1414, 384, 316
1415, 391, 384
1416, 418, 410
1417, 482, 418
1418, 492, 482
1419, 517, 510
1420, 585, 517
1421, 592, 585
1422, 618, 608
1423, 678, 618
1424, 691, 678
1425, 733, 710
1426, 768, 733
1427, 791, 768
1428, 831, 808
1429, 879, 831
1430, 895, 879
1431, 931, 908
1432, 967, 931
1433, 995, 967
1434, 1023, 1006
1435, 1072, 1023
1436, 1092, 1072
1437, 1133, 1109
1438, 1172, 1133
1439, 1195, 1172
1440, 1222, 1206
1441, 1282, 1222
1442, 1295, 1282
1443, 1327, 1306
1444, 1368, 1327
1445, 1395, 1368
1446, 6, 1435
1447, 50, 6
1448, 109, 92
1449, 92, 55
1450, 146, 109
1451, 210, 191
1452, 191, 151
1453, 247, 210
1454, 310, 291
1455, 291, 255
1456, 348, 310
1457, 410, 391
1458, 391, 351
1459, 449, 410
1460, 510, 492
1461, 492, 453
1462, 550, 510
1463, 608, 592
1464, 592, 551
1465, 650, 608
1466, 710, 691
1467, 691, 655
1468, 749, 710
1469, 808, 791
1470, 791, 751
1471, 850, 808
1472, 908, 895
1473, 895, 853
1474, 946, 908
1475, 1006, 995
1476, 995, 951
1477, 1049, 1006
1478, 1109, 1092
1479, 1092, 1052
1480, 1149, 1109
1481, 1206, 1195
1482, 1195, 1152
1483, 1249, 1206
1484, 1306, 1295
1485, 1295, 1251
1486, 1350, 1306
1487, 1436, 1395
1488, 1395, 1354
1489, 55, 50
1490, 50, 12
1491, 87, 55
1492, 151, 146
1493, 146, 115
1494, 187, 151
1495, 255, 247
1496, 247, 213
1497, 290, 255
1498, 351, 348
1499, 348, 311
1500, 388, 351
1501, 453, 449
1502, 449, 415
1503, 490, 453
1504, 551, 550
1505, 550, 511
1506, 590, 551
1507, 655, 650
1508, 650, 611
1509, 687, 655
1510, 751, 749
1511, 749, 714
1512, 790, 751
1513, 853, 850
1514, 850, 814
1515, 886, 853
1516, 951, 946
1517, 946, 915
1518, 987, 951
1519, 1052, 1049
1520, 1049, 1012
1521, 1087, 1052
1522, 1152, 1149
1523, 1149, 1114
1524, 1188, 1152
1525, 1251, 1249
1526, 1249, 1214
1527, 1287, 1251
1528, 1354, 1350
1529, 1350, 1314
1530, 1386, 1354
1531, 12, 1437
1532, 32, 12
1533, 85, 32
1534, 32, 16
1535, 115, 87
1536, 87, 85
1537, 116, 115
1538, 85, 67
1539, 169, 116
1540, 116, 133
1541, 213, 187
1542, 187, 169
1543, 220, 213
1544, 169, 182
1545, 281, 220
1546, 220, 216
1547, 311, 290
1548, 290, 281
1549, 317, 311
1550, 281, 279
1551, 385, 317
1552, 317, 331
1553, 415, 388
1554, 388, 385
1555, 429, 415
1556, 385, 369
1557, 473, 429
1558, 429, 419
1559, 511, 490
1560, 490, 473
1561, 519, 511
1562, 473, 483
1563, 570, 519
1564, 519, 521
1565, 611, 590
1566, 590, 570
1567, 635, 611
1568, 570, 581
1569, 666, 635
1570, 635, 617
1571, 714, 687
1572, 687, 666
1573, 731, 714
1574, 666, 684
1575, 782, 731
1576, 731, 727
1577, 814, 790
1578, 790, 782
1579, 817, 814
1580, 782, 766
1581, 882, 817
1582, 817, 834
1583, 915, 886
1584, 886, 882
1585, 917, 915
1586, 882, 880
1587, 970, 917
1588, 917, 932
1589, 1012, 987
1590, 987, 970
1591, 1029, 1012
1592, 970, 981
1593, 1069, 1029
1594, 1029, 1033
1595, 1114, 1087
1596, 1087, 1069
1597, 1125, 1114
1598, 1069, 1080
1599, 1179, 1125
1600, 1125, 1118
1601, 1214, 1188
1602, 1188, 1179
1603, 1234, 1214
1604, 1179, 1173
1605, 1270, 1234
1606, 1234, 1217
1607, 1314, 1287
1608, 1287, 1270
1609, 1325, 1314
1610, 1270, 1285
1611, 1369, 1325
1612, 1325, 1316
1613, 1438, 1386
1614, 1386, 1369
1615, 1369, 1384
1616, 16, 1439
1617, 40, 16
1618, 67, 61
1619, 133, 67
1620, 140, 133
1621, 182, 161
1622, 216, 182
1623, 239, 216
1624, 279, 263
1625, 331, 279
1626, 338, 331
1627, 369, 365
1628, 419, 369
1629, 436, 419
1630, 483, 465
1631, 521, 483
1632, 536, 521
1633, 581, 565
1634, 617, 581
1635, 636, 617
1636, 684, 665
1637, 727, 684
1638, 738, 727
1639, 766, 761
1640, 834, 766
1641, 839, 834
1642, 880, 864
1643, 932, 880
1644, 939, 932
1645, 981, 962
1646, 1033, 981
1647, 1037, 1033
1648, 1080, 1065
1649, 1118, 1080
1650, 1137, 1118
1651, 1173, 1163
1652, 1217, 1173
1653, 1237, 1217
1654, 1285, 1264
1655, 1316, 1285
1656, 1337, 1316
1657, 1384, 1364
1658, 1440, 1384
1659, 61, 40
1660, 40, 5
1661, 100, 61
1662, 161, 140
1663, 140, 101
1664, 200, 161
1665, 263, 239
1666, 239, 201
1667, 299, 263
1668, 365, 338
1669, 338, 301
1670, 399, 365
1671, 465, 436
1672, 436, 403
1673, 497, 465
1674, 565, 536
1675, 536, 505
1676, 599, 565
1677, 665, 636
1678, 636, 605
1679, 698, 665
1680, 761, 738
1681, 738, 702
1682, 799, 761
1683, 864, 839
1684, 839, 805
1685, 896, 864
1686, 962, 939
1687, 939, 905
1688, 999, 962
1689, 1065, 1037
1690, 1037, 1001
1691, 1098, 1065
1692, 1163, 1137
1693, 1137, 1103
1694, 1196, 1163
1695, 1264, 1237
1696, 1237, 1204
1697, 1296, 1264
1698, 1364, 1337
1699, 1337, 1305
1700, 1396, 1364
1701, 5, 1441
1702, 45, 5
1703, 101, 100
1704, 100, 56
1705, 144, 101
1706, 201, 200
1707, 200, 159
1708, 244, 201
1709, 301, 299
1710, 299, 259
1711, 341, 301
1712, 403, 399
1713, 399, 357
1714, 445, 403
1715, 505, 497
1716, 497, 456
1717, 545, 505
1718, 605, 599
1719, 599, 560
1720, 641, 605
1721, 702, 698
1722, 698, 657
1723, 743, 702
1724, 805, 799
1725, 799, 760
1726, 841, 805
1727, 905, 896
1728, 896, 858
1729, 942, 905
1730, 1001, 999
1731, 999, 959
1732, 1045, 1001
1733, 1103, 1098
1734, 1098, 1056
1735, 1141, 1103
1736, 1204, 1196
1737, 1196, 1160
1738, 1241, 1204
1739, 1305, 1296
1740, 1296, 1256
1741, 1341, 1305
1742, 1442, 1396
1743, 1396, 1360
1744, 17, 1443
1745, 56, 45
1746, 45, 17
1747, 68, 56
1748, 17, 34
1749, 134, 68
1750, 68, 83
1751, 159, 144
1752, 144, 134
1753, 183, 159
1754, 134, 119
1755, 217, 183
1756, 183, 167
1757, 259, 244
1758, 244, 217
1759, 267, 259
1760, 217, 235
1761, 332, 267
1762, 267, 280
1763, 357, 341
1764, 341, 332
1765, 382, 357
1766, 332, 333
1767, 420, 382
1768, 382, 368
1769, 456, 445
1770, 445, 420
1771, 469, 456
1772, 420, 435
1773, 534, 469
1774, 469, 470
1775, 560, 545
1776, 545, 534
1777, 566, 560
1778, 534, 518
1779, 625, 566
1780, 566, 577
1781, 657, 641
1782, 641, 625
1783, 674, 657
1784, 625, 626
1785, 735, 674
1786, 674, 675
1787, 760, 743
1788, 743, 735
1789, 767, 760
1790, 735, 728
1791, 816, 767
1792, 767, 769
1793, 858, 841
1794, 841, 816
1795, 884, 858
1796, 816, 832
1797, 920, 884
1798, 884, 885
1799, 959, 942
1800, 942, 920
1801, 984, 959
1802, 920, 916
1803, 1018, 984
1804, 984, 983
1805, 1056, 1045
1806, 1045, 1018
1807, 1081, 1056
1808, 1018, 1016
1809, 1119, 1081
1810, 1081, 1085
1811, 1160, 1141
1812, 1141, 1119
1813, 1174, 1160
1814, 1119, 1120
1815, 1233, 1174
1816, 1174, 1184
1817, 1256, 1241
1818, 1241, 1233
1819, 1268, 1256
1820, 1233, 1223
1821, 1317, 1268
1822, 1268, 1283
1823, 1360, 1341
1824, 1341, 1317
1825, 1385, 1360
1826, 1317, 1323
1827, 1444, 1385
1828, 1385, 1367
1829, 34, 10
1830, 83, 34
1831, 91, 83
1832, 119, 110
1833, 167, 119
1834, 193, 167
1835, 235, 209
1836, 280, 235
1837, 295, 280
1838, 333, 306
1839, 368, 333
1840, 395, 368
1841, 435, 406
1842, 470, 435
1843, 491, 470
1844, 518, 509
1845, 577, 518
1846, 595, 577
1847, 626, 606
1848, 675, 626
1849, 695, 675
1850, 728, 707
1851, 769, 728
1852, 792, 769
1853, 832, 810
1854, 885, 832
1855, 891, 885
1856, 916, 910
1857, 983, 916
1858, 992, 983
1859, 1016, 1007
1860, 1085, 1016
1861, 1093, 1085
1862, 1120, 1110
1863, 1184, 1120
1864, 1191, 1184
1865, 1223, 1210
1866, 1283, 1223
1867, 1294, 1283
1868, 1323, 1310
1869, 1367, 1323
1870, 1391, 1367
1871, 10, 1445
1872, 49, 10
1873, 110, 91
1874, 91, 51
1875, 147, 110
1876, 209, 193
1877, 193, 155
1878, 246, 209
1879, 306, 295
1880, 295, 251
1881, 350, 306
1882, 406, 395
1883, 395, 353
1884, 450, 406
1885, 509, 491
1886, 491, 451
1887, 546, 509
1888, 606, 595
1889, 595, 555
1890, 646, 606
1891, 707, 695
1892, 695, 651
1893, 750, 707
1894, 810, 792
1895, 792, 754
1896, 846, 810
1897, 910, 891
1898, 891, 855
1899, 950, 910
1900, 1007, 992
1901, 992, 952
1902, 1050, 1007
1903, 1110, 1093
1904, 1093, 1051
1905, 1150, 1110
1906, 1210, 1191
1907, 1191, 1151
1908, 1250, 1210
1909, 1310, 1294
1910, 1294, 1254
1911, 1346, 1310
1912, 1446, 1391
1913, 1391, 1355
1914, 51, 49
1915, 49, 11
1916, 90, 51
1917, 155, 147
1918, 147, 111
1919, 190, 155
1920, 251, 246
1921, 246, 214
1922, 287, 251
1923, 353, 350
1924, 350, 312
1925, 386, 353
1926, 451, 450
1927, 450, 411
1928, 487, 451
1929, 555, 546
1930, 546, 515
1931, 586, 555
1932, 651, 646
1933, 646, 615
1934, 688, 651
1935, 754, 750
1936, 750, 711
1937, 789, 754
1938, 855, 846
1939, 846, 812
1940, 887, 855
1941, 952, 950
1942, 950, 913
1943, 988, 952
1944, 1051, 1050
1945, 1050, 1013
1946, 1086, 1051
1947, 1151, 1150
1948, 1150, 1115
1949, 1189, 1151
1950, 1254, 1250
1951, 1250, 1215
1952, 1286, 1254
1953, 1355, 1346
1954, 1346, 1315
1955, 1390, 1355
1956, 11, 1447
1957, 18, 11
1958, 70, 18
1959, 18, 35
1960, 111, 90
1961, 90, 70
1962, 121, 111
1963, 70, 66
1964, 177, 121
1965, 121, 135
1966, 214, 190
1967, 190, 177
1968, 221, 214
1969, 177, 184
1970, 278, 221
1971, 221, 218
1972, 312, 287
1973, 287, 278
1974, 334, 312
1975, 278, 268
1976, 366, 334
1977, 334, 335
1978, 411, 386
1979, 386, 366
1980, 416, 411
1981, 366, 370
1982, 485, 416
1983, 416, 421
1984, 515, 487
1985, 487, 485
1986, 516, 515
1987, 485, 471
1988, 573, 516
1989, 516, 535
1990, 615, 586
1991, 586, 573
1992, 616, 615
1993, 573, 578
1994, 685, 616
1995, 616, 627
1996, 711, 688
1997, 688, 685
1998, 734, 711
1999, 685, 676
2000, 783, 734
2001, 734, 718
2002, 812, 789
2003, 789, 783
2004, 818, 812
2005, 783, 779
2006, 883, 818
2007, 818, 835
2008, 913, 887
2009, 887, 883
2010, 918, 913
2011, 883, 868
2012, 982, 918
2013, 918, 919
2014, 1013, 988
2015, 988, 982
2016, 1020, 1013
2017, 982, 985
2018, 1083, 1020
2019, 1020, 1034
2020, 1115, 1086
2021, 1086, 1083
2022, 1131, 1115
2023, 1083, 1066
2024, 1166, 1131
2025, 1131, 1121
2026, 1215, 1189
2027, 1189, 1166
2028, 1235, 1215
2029, 1166, 1185
2030, 1284, 1235
2031, 1235, 1216
2032, 1315, 1286
2033, 1286, 1284
2034, 1326, 1315
2035, 1284, 1280
2036, 1374, 1326
2037, 1326, 1335
2038, 1448, 1390
2039, 1390, 1374
2040, 1374, 1366
2041, 35, 1449
2042, 37, 35
2043, 66, 65
2044, 135, 66
2045, 136, 135
2046, 184, 165
2047, 218, 184
2048, 240, 218
2049, 268, 261
2050, 335, 268
2051, 340, 335
2052, 370, 362
2053, 421, 370
2054, 440, 421
2055, 471, 461
2056, 535, 471
2057, 537, 535
2058, 578, 562
2059, 627, 578
2060, 640, 627
2061, 676, 661
2062, 718, 676
2063, 736, 718
2064, 779, 764
2065, 835, 779
2066, 840, 835
2067, 868, 865
2068, 919, 868
2069, 940, 919
2070, 985, 961
2071, 1034, 985
2072, 1040, 1034
2073, 1066, 1063
2074, 1121, 1066
2075, 1136, 1121
2076, 1185, 1165
2077, 1216, 1185
2078, 1236, 1216
2079, 1280, 1265
2080, 1335, 1280
2081, 1336, 1335
2082, 1366, 1362
2083, 1450, 1366
2084, 65, 37
2085, 37, 1
2086, 96, 65
2087, 165, 136
2088, 136, 105
2089, 196, 165
2090, 261, 240
2091, 240, 202
2092, 300, 261
2093, 362, 340
2094, 340, 305
2095, 397, 362
2096, 461, 440
2097, 440, 404
2098, 499, 461
2099, 562, 537
2100, 537, 503
2101, 596, 562
2102, 661, 640
2103, 640, 601
2104, 699, 661
2105, 764, 736
2106, 736, 705
2107, 796, 764
2108, 865, 840
2109, 840, 801
2110, 900, 865
2111, 961, 940
2112, 940, 901
2113, 997, 961
2114, 1063, 1040
2115, 1040, 1005
2116, 1099, 1063
2117, 1165, 1136
2118, 1136, 1101
2119, 1197, 1165
2120, 1265, 1236
2121, 1236, 1205
2122, 1298, 1265
2123, 1362, 1336
2124, 1336, 1304
2125, 1400, 1362
2126, 1, 1451
2127, 1481, 1
2128, 105, 96
2129, 96, 1482
2130, 1483, 105
2131, 202, 196
2132, 196, 1484
2133, 1485, 202
2134, 305, 300
2135, 300, 1486
2136, 1487, 305
2137, 404, 397
2138, 397, 1488
2139, 1489, 404
2140, 503, 499
2141, 499, 1490
2142, 1491, 503
2143, 601, 596
2144, 596, 1492
2145, 1493, 601
2146, 705, 699
2147, 699, 1494
2148, 1495, 705
2149, 801, 796
2150, 796, 1496
2151, 1497, 801
2152, 901, 900
2153, 900, 1498
2154, 1499, 901
2155, 1005, 997
2156, 997, 1500
2157, 1501, 1005
2158, 1101, 1099
2159, 1099, 1502
2160, 1503, 1101
2161, 1205, 1197
2162, 1197, 1504
2163, 1505, 1205
2164, 1304, 1298
2165, 1298, 1506
2166, 1507, 1304
2167, 1452, 1400
2168, 1400, 1508
2169, 1482, 1481
2170, 1484, 1483
2171, 1486, 1485
2172, 1488, 1487
2173, 1490, 1489
2174, 1492, 1491
2175, 1494, 1493
2176, 1496, 1495
2177, 1498, 1497
2178, 1500, 1499
2179, 1502, 1501
2180, 1504, 1503
2181, 1506, 1505
2182, 1508, 1507
