1, 878, 1138
2, 1139, 881
3, 19, 1140
4, 885, 1141
5, 9, 1142
6, 1143, 2
7, 14, 1144
8, 884, 1145
9, 7, 1146
10, 15, 1147
11, 1148, 878
12, 10, 1149
13, 879, 1150
14, 12, 1151
15, 886, 1152
16, 13, 1153
17, 1154, 3
18, 8, 1155
19, 880, 1156
20, 6, 1157
21, 11, 1158
22, 887, 1159
23, 1160, 1
24, 17, 1161
25, 881, 1162
26, 2, 1163
27, 5, 2
28, 1164, 4
29, 1282, 879
30, 878, 1282
31, 1283, 880
32, 3, 1283
33, 1, 1284
34, 1284, 881
35, 1165, 27
36, 23, 5
37, 5, 882
38, 4, 884
39, 882, 4
40, 18, 878
41, 878, 893
42, 879, 24
43, 893, 879
44, 26, 8
45, 8, 3
46, 3, 33
47, 880, 25
48, 34, 880
49, 29, 1
50, 1, 883
51, 881, 1166
52, 883, 881
53, 19, 885
54, 21, 9
55, 9, 14
56, 884, 7
57, 15, 16
58, 12, 886
59, 22, 30
60, 20, 6
61, 6, 11
62, 11, 28
63, 887, 17
64, 14, 23
65, 23, 891
66, 890, 14
67, 16, 10
68, 10, 18
69, 18, 46
70, 51, 16
71, 30, 26
72, 26, 894
73, 40, 30
74, 17, 29
75, 29, 43
76, 895, 17
77, 27, 19
78, 1167, 27
79, 19, 889
80, 892, 884
81, 884, 50
82, 24, 12
83, 44, 24
84, 12, 37
85, 25, 20
86, 41, 25
87, 20, 38
88, 896, 1168
89, 885, 36
90, 889, 885
91, 36, 21
92, 21, 890
93, 7, 32
94, 45, 7
95, 32, 15
96, 15, 47
97, 886, 31
98, 37, 886
99, 49, 37
100, 31, 13
101, 13, 22
102, 22, 42
103, 35, 31
104, 28, 888
105, 38, 28
106, 888, 887
107, 887, 39
108, 62, 36
109, 36, 59
110, 58, 32
111, 32, 61
112, 63, 35
113, 35, 60
114, 64, 888
115, 888, 57
116, 1169, 889
117, 889, 62
118, 62, 68
119, 901, 889
120, 59, 890
121, 890, 891
122, 74, 890
123, 891, 882
124, 882, 892
125, 904, 891
126, 892, 50
127, 73, 892
128, 50, 45
129, 45, 58
130, 71, 50
131, 47, 51
132, 61, 47
133, 897, 61
134, 51, 55
135, 72, 51
136, 46, 893
137, 893, 44
138, 55, 46
139, 44, 53
140, 75, 55
141, 53, 49
142, 76, 53
143, 49, 63
144, 63, 69
145, 84, 49
146, 42, 48
147, 60, 42
148, 66, 60
149, 48, 40
150, 40, 894
151, 85, 48
152, 33, 34
153, 894, 33
154, 34, 41
155, 41, 56
156, 903, 894
157, 56, 52
158, 78, 56
159, 52, 38
160, 38, 64
161, 899, 52
162, 39, 895
163, 57, 39
164, 900, 57
165, 895, 54
166, 77, 895
167, 43, 883
168, 883, 896
169, 54, 43
170, 905, 54
171, 896, 1170
172, 906, 896
173, 68, 65
174, 58, 897
175, 70, 58
176, 69, 66
177, 64, 900
178, 67, 64
179, 901, 68
180, 68, 91
181, 65, 59
182, 59, 87
183, 91, 65
184, 100, 91
185, 83, 70
186, 70, 97
187, 897, 902
188, 97, 897
189, 101, 97
190, 88, 69
191, 69, 898
192, 66, 89
193, 898, 66
194, 899, 67
195, 67, 913
196, 900, 82
197, 913, 900
198, 1171, 901
199, 87, 74
200, 74, 904
201, 80, 71
202, 71, 79
203, 902, 72
204, 72, 75
205, 75, 90
206, 81, 84
207, 85, 903
208, 78, 86
209, 77, 905
210, 906, 1172
211, 901, 103
212, 102, 901
213, 79, 83
214, 83, 115
215, 908, 79
216, 84, 88
217, 88, 109
218, 110, 84
219, 86, 899
220, 899, 117
221, 912, 86
222, 106, 87
223, 87, 907
224, 909, 902
225, 902, 114
226, 89, 85
227, 911, 89
228, 85, 113
229, 82, 77
230, 914, 82
231, 77, 112
232, 1173, 104
233, 904, 93
234, 907, 904
235, 93, 73
236, 73, 80
237, 80, 908
238, 90, 98
239, 111, 90
240, 99, 76
241, 76, 81
242, 81, 910
243, 903, 92
244, 113, 903
245, 94, 78
246, 78, 107
247, 905, 96
248, 105, 905
249, 95, 906
250, 906, 1174
251, 123, 93
252, 93, 916
253, 98, 99
254, 125, 98
255, 99, 917
256, 92, 94
257, 124, 92
258, 94, 918
259, 96, 95
260, 919, 96
261, 95, 915
262, 1175, 118
263, 103, 108
264, 104, 102
265, 102, 103
266, 118, 104
267, 141, 118
268, 108, 100
269, 100, 119
270, 140, 108
271, 119, 106
272, 106, 907
273, 138, 119
274, 907, 123
275, 123, 126
276, 920, 907
277, 916, 908
278, 115, 122
279, 908, 115
280, 147, 908
281, 122, 101
282, 101, 909
283, 922, 122
284, 909, 114
285, 132, 909
286, 114, 111
287, 111, 125
288, 137, 114
289, 917, 910
290, 910, 110
291, 110, 109
292, 139, 910
293, 109, 898
294, 898, 911
295, 134, 109
296, 911, 121
297, 133, 911
298, 121, 113
299, 113, 124
300, 130, 121
301, 107, 912
302, 918, 107
303, 117, 120
304, 912, 117
305, 136, 912
306, 120, 913
307, 913, 914
308, 131, 120
309, 914, 116
310, 135, 914
311, 112, 105
312, 116, 112
313, 105, 919
314, 921, 116
315, 915, 1176
316, 126, 916
317, 916, 129
318, 125, 917
319, 917, 128
320, 124, 918
321, 127, 124
322, 919, 915
323, 920, 126
324, 126, 162
325, 129, 150
326, 161, 129
327, 923, 125
328, 125, 154
329, 128, 924
330, 154, 128
331, 167, 154
332, 925, 127
333, 127, 160
334, 918, 926
335, 160, 918
336, 163, 160
337, 921, 919
338, 919, 156
339, 915, 1177
340, 156, 915
341, 166, 156
342, 146, 148
343, 151, 149
344, 147, 922
345, 142, 132
346, 132, 137
347, 137, 923
348, 924, 139
349, 139, 145
350, 143, 133
351, 133, 130
352, 130, 925
353, 926, 136
354, 136, 131
355, 131, 152
356, 144, 135
357, 135, 921
358, 921, 153
359, 1178, 141
360, 141, 146
361, 146, 168
362, 149, 920
363, 920, 177
364, 175, 149
365, 150, 147
366, 928, 150
367, 147, 927
368, 923, 181
369, 930, 923
370, 178, 924
371, 924, 171
372, 925, 184
373, 931, 925
374, 176, 926
375, 926, 174
376, 153, 180
377, 932, 153
378, 173, 1179
379, 148, 140
380, 140, 157
381, 168, 148
382, 182, 168
383, 922, 155
384, 927, 922
385, 145, 134
386, 134, 159
387, 171, 145
388, 152, 158
389, 169, 152
390, 157, 138
391, 138, 151
392, 151, 175
393, 165, 157
394, 155, 142
395, 142, 170
396, 159, 143
397, 143, 172
398, 164, 159
399, 158, 144
400, 144, 932
401, 202, 165
402, 165, 197
403, 929, 155
404, 155, 196
405, 193, 164
406, 164, 195
407, 194, 158
408, 158, 934
409, 1180, 182
410, 182, 201
411, 208, 182
412, 175, 185
413, 197, 175
414, 933, 197
415, 177, 190
416, 185, 177
417, 940, 185
418, 162, 161
419, 190, 162
420, 161, 928
421, 207, 190
422, 928, 186
423, 210, 928
424, 186, 927
425, 927, 929
426, 209, 186
427, 170, 930
428, 196, 170
429, 935, 196
430, 930, 192
431, 211, 930
432, 181, 167
433, 167, 191
434, 192, 181
435, 938, 192
436, 191, 178
437, 178, 189
438, 218, 191
439, 189, 171
440, 171, 193
441, 193, 200
442, 941, 189
443, 172, 931
444, 195, 172
445, 199, 195
446, 931, 184
447, 942, 931
448, 184, 163
449, 163, 183
450, 212, 184
451, 183, 176
452, 176, 188
453, 945, 183
454, 174, 169
455, 188, 174
456, 169, 194
457, 194, 198
458, 939, 188
459, 934, 932
460, 180, 187
461, 932, 180
462, 214, 932
463, 187, 166
464, 166, 179
465, 943, 187
466, 179, 173
467, 173, 1181
468, 213, 179
469, 202, 933
470, 929, 935
471, 200, 203
472, 205, 200
473, 204, 934
474, 934, 206
475, 201, 202
476, 217, 208
477, 208, 201
478, 202, 948
479, 933, 221
480, 948, 933
481, 937, 929
482, 929, 936
483, 935, 220
484, 936, 935
485, 219, 205
486, 205, 230
487, 203, 199
488, 199, 215
489, 230, 203
490, 198, 204
491, 216, 198
492, 204, 231
493, 206, 224
494, 232, 206
495, 1182, 217
496, 940, 207
497, 210, 209
498, 209, 937
499, 220, 211
500, 211, 938
501, 223, 941
502, 942, 212
503, 945, 939
504, 224, 214
505, 214, 943
506, 222, 1183
507, 217, 947
508, 238, 217
509, 221, 940
510, 949, 221
511, 940, 950
512, 937, 243
513, 234, 937
514, 951, 220
515, 220, 952
516, 941, 219
517, 219, 233
518, 240, 941
519, 215, 942
520, 239, 215
521, 942, 236
522, 939, 216
523, 216, 955
524, 235, 939
525, 237, 224
526, 224, 944
527, 207, 226
528, 950, 207
529, 938, 228
530, 952, 938
531, 212, 946
532, 236, 212
533, 943, 225
534, 944, 943
535, 1184, 238
536, 227, 210
537, 210, 234
538, 234, 241
539, 229, 218
540, 218, 223
541, 223, 953
542, 946, 945
543, 945, 235
544, 225, 213
545, 213, 222
546, 222, 1185
547, 226, 227
548, 251, 226
549, 227, 256
550, 228, 229
551, 257, 228
552, 229, 255
553, 954, 946
554, 946, 253
555, 258, 225
556, 225, 957
557, 238, 249
558, 1186, 238
559, 249, 947
560, 266, 249
561, 947, 948
562, 948, 949
563, 268, 947
564, 949, 950
565, 272, 949
566, 950, 251
567, 251, 254
568, 962, 950
569, 241, 247
570, 256, 241
571, 261, 256
572, 243, 248
573, 247, 243
574, 270, 247
575, 248, 936
576, 936, 951
577, 969, 248
578, 951, 952
579, 970, 951
580, 952, 959
581, 963, 952
582, 956, 953
583, 953, 240
584, 240, 250
585, 965, 953
586, 233, 230
587, 230, 242
588, 250, 233
589, 269, 250
590, 242, 239
591, 239, 244
592, 273, 242
593, 244, 236
594, 236, 954
595, 966, 244
596, 235, 245
597, 253, 235
598, 260, 253
599, 245, 955
600, 967, 245
601, 231, 232
602, 955, 231
603, 232, 237
604, 237, 246
605, 265, 955
606, 246, 252
607, 964, 246
608, 252, 944
609, 944, 259
610, 267, 252
611, 957, 1187
612, 254, 261
613, 262, 254
614, 959, 257
615, 255, 956
616, 257, 255
617, 954, 260
618, 259, 258
619, 258, 957
620, 264, 259
621, 957, 263
622, 1188, 276
623, 962, 262
624, 262, 958
625, 261, 274
626, 958, 261
627, 963, 959
628, 959, 960
629, 956, 965
630, 960, 956
631, 966, 954
632, 954, 286
633, 260, 967
634, 285, 260
635, 968, 264
636, 264, 961
637, 263, 1189
638, 961, 263
639, 276, 266
640, 266, 268
641, 268, 275
642, 278, 272
643, 272, 962
644, 962, 280
645, 274, 270
646, 270, 969
647, 970, 963
648, 963, 279
649, 965, 269
650, 269, 277
651, 273, 966
652, 967, 271
653, 964, 267
654, 267, 968
655, 1190, 276
656, 276, 304
657, 280, 298
658, 293, 280
659, 301, 274
660, 274, 290
661, 279, 303
662, 299, 279
663, 313, 965
664, 965, 294
665, 966, 307
666, 971, 966
667, 295, 967
668, 967, 291
669, 968, 302
670, 973, 968
671, 974, 1191
672, 275, 283
673, 296, 275
674, 969, 282
675, 290, 969
676, 300, 290
677, 277, 972
678, 294, 277
679, 271, 265
680, 265, 281
681, 291, 271
682, 284, 278
683, 278, 289
684, 282, 970
685, 970, 292
686, 287, 282
687, 972, 273
688, 273, 971
689, 281, 964
690, 964, 297
691, 288, 281
692, 283, 284
693, 975, 283
694, 284, 318
695, 323, 287
696, 287, 319
697, 322, 972
698, 972, 327
699, 317, 288
700, 288, 320
701, 1192, 316
702, 304, 296
703, 316, 304
704, 296, 975
705, 331, 316
706, 289, 293
707, 293, 308
708, 318, 289
709, 321, 318
710, 298, 311
711, 308, 298
712, 335, 308
713, 311, 958
714, 958, 312
715, 985, 311
716, 312, 301
717, 301, 300
718, 336, 312
719, 300, 323
720, 341, 300
721, 292, 299
722, 299, 315
723, 319, 292
724, 976, 319
725, 303, 306
726, 315, 303
727, 332, 315
728, 306, 960
729, 960, 313
730, 343, 306
731, 313, 305
732, 338, 313
733, 305, 294
734, 294, 322
735, 322, 325
736, 333, 305
737, 326, 971
738, 971, 307
739, 340, 971
740, 286, 285
741, 307, 286
742, 285, 295
743, 295, 310
744, 334, 307
745, 310, 314
746, 980, 310
747, 314, 291
748, 291, 317
749, 317, 978
750, 983, 314
751, 297, 973
752, 320, 297
753, 328, 320
754, 302, 309
755, 973, 302
756, 984, 973
757, 309, 961
758, 961, 974
759, 339, 309
760, 974, 1193
761, 337, 974
762, 975, 321
763, 321, 324
764, 323, 976
765, 330, 327
766, 978, 329
767, 342, 975
768, 975, 362
769, 324, 345
770, 363, 324
771, 981, 323
772, 323, 356
773, 976, 979
774, 356, 976
775, 325, 330
776, 348, 325
777, 330, 977
778, 327, 326
779, 326, 982
780, 977, 327
781, 983, 978
782, 978, 359
783, 329, 328
784, 328, 984
785, 359, 329
786, 1194, 331
787, 331, 342
788, 342, 350
789, 345, 335
790, 335, 985
791, 351, 341
792, 341, 981
793, 979, 332
794, 332, 343
795, 338, 333
796, 333, 346
797, 982, 340
798, 340, 344
799, 980, 983
800, 984, 339
801, 339, 347
802, 349, 337
803, 337, 1195
804, 350, 371
805, 375, 350
806, 377, 345
807, 345, 368
808, 981, 987
809, 986, 981
810, 373, 979
811, 979, 372
812, 346, 348
813, 348, 989
814, 370, 346
815, 379, 982
816, 982, 990
817, 983, 381
818, 374, 983
819, 365, 984
820, 984, 364
821, 985, 354
822, 366, 985
823, 343, 355
824, 367, 343
825, 344, 334
826, 334, 352
827, 990, 344
828, 347, 358
829, 992, 347
830, 1196, 1285
831, 354, 336
832, 336, 351
833, 351, 986
834, 361, 354
835, 355, 338
836, 338, 370
837, 360, 355
838, 353, 980
839, 980, 369
840, 357, 349
841, 349, 1197
842, 393, 361
843, 361, 392
844, 391, 360
845, 360, 988
846, 352, 353
847, 388, 352
848, 353, 991
849, 358, 357
850, 387, 358
851, 357, 389
852, 1285, 375
853, 371, 378
854, 375, 371
855, 999, 375
856, 362, 363
857, 378, 362
858, 363, 377
859, 401, 378
860, 377, 382
861, 1004, 377
862, 368, 366
863, 382, 368
864, 366, 393
865, 407, 382
866, 395, 986
867, 986, 987
868, 1000, 986
869, 987, 356
870, 356, 383
871, 404, 987
872, 383, 373
873, 373, 372
874, 399, 383
875, 372, 367
876, 367, 390
877, 408, 372
878, 370, 380
879, 988, 370
880, 380, 989
881, 402, 380
882, 989, 977
883, 977, 384
884, 997, 989
885, 384, 379
886, 379, 990
887, 400, 384
888, 990, 388
889, 388, 993
890, 1002, 990
891, 369, 374
892, 374, 385
893, 991, 369
894, 381, 386
895, 385, 381
896, 998, 385
897, 386, 359
898, 359, 376
899, 403, 386
900, 376, 365
901, 364, 992
902, 365, 364
903, 405, 376
904, 992, 387
905, 413, 992
906, 389, 1198
907, 994, 389
908, 392, 395
909, 393, 392
910, 395, 398
911, 394, 988
912, 993, 991
913, 991, 396
914, 387, 994
915, 397, 387
916, 416, 393
917, 393, 995
918, 398, 417
919, 995, 398
920, 390, 391
921, 391, 394
922, 408, 390
923, 394, 423
924, 988, 1001
925, 423, 988
926, 414, 993
927, 993, 1010
928, 396, 412
929, 1010, 396
930, 413, 397
931, 397, 996
932, 994, 1199
933, 996, 994
934, 999, 415
935, 1004, 407
936, 407, 416
937, 1000, 404
938, 409, 399
939, 399, 408
940, 408, 418
941, 1001, 402
942, 402, 997
943, 410, 400
944, 400, 1002
945, 998, 403
946, 403, 406
947, 411, 419
948, 1286, 999
949, 1200, 1286
950, 999, 431
951, 416, 1007
952, 1006, 416
953, 417, 1000
954, 441, 417
955, 1000, 1008
956, 418, 429
957, 428, 418
958, 430, 1001
959, 1001, 1003
960, 1002, 414
961, 414, 437
962, 427, 1002
963, 412, 998
964, 439, 412
965, 998, 432
966, 419, 413
967, 413, 438
968, 1011, 419
969, 434, 1201
970, 415, 401
971, 401, 422
972, 433, 415
973, 404, 421
974, 1008, 404
975, 997, 1005
976, 1003, 997
977, 406, 420
978, 435, 406
979, 422, 1004
980, 1004, 1006
981, 426, 422
982, 421, 409
983, 409, 428
984, 425, 421
985, 1005, 410
986, 410, 1009
987, 420, 405
988, 405, 411
989, 411, 1011
990, 424, 420
991, 1014, 426
992, 426, 1012
993, 450, 425
994, 425, 451
995, 1013, 1005
996, 1005, 452
997, 453, 424
998, 424, 454
999, 431, 433
1000, 1202, 431
1001, 433, 448
1002, 448, 1014
1003, 1018, 448
1004, 1012, 1006
1005, 1006, 1007
1006, 463, 1006
1007, 1007, 995
1008, 995, 441
1009, 1021, 1007
1010, 441, 444
1011, 466, 441
1012, 444, 1008
1013, 1008, 450
1014, 450, 1015
1015, 470, 444
1016, 428, 449
1017, 451, 428
1018, 455, 451
1019, 449, 440
1020, 469, 449
1021, 429, 423
1022, 423, 430
1023, 440, 429
1024, 430, 442
1025, 468, 440
1026, 442, 446
1027, 476, 442
1028, 446, 1003
1029, 1003, 1013
1030, 471, 446
1031, 452, 1009
1032, 457, 452
1033, 437, 447
1034, 1009, 427
1035, 427, 437
1036, 1019, 1009
1037, 447, 1010
1038, 1010, 439
1039, 462, 447
1040, 432, 436
1041, 439, 432
1042, 464, 439
1043, 436, 435
1044, 435, 453
1045, 453, 456
1046, 465, 436
1047, 454, 1011
1048, 458, 454
1049, 438, 445
1050, 1011, 438
1051, 472, 1011
1052, 445, 996
1053, 996, 443
1054, 467, 445
1055, 443, 434
1056, 434, 1203
1057, 1017, 443
1058, 1014, 1012
1059, 1015, 455
1060, 455, 461
1061, 1013, 460
1062, 456, 458
1063, 459, 456
1064, 1018, 1014
1065, 1014, 488
1066, 1012, 473
1067, 488, 1012
1068, 494, 488
1069, 480, 1015
1070, 1015, 1016
1071, 461, 474
1072, 1016, 461
1073, 479, 1013
1074, 1013, 487
1075, 460, 457
1076, 457, 1019
1077, 487, 460
1078, 496, 487
1079, 1020, 465
1080, 465, 459
1081, 459, 492
1082, 458, 472
1083, 493, 458
1084, 1204, 481
1085, 473, 463
1086, 463, 1021
1087, 484, 473
1088, 478, 466
1089, 466, 475
1090, 469, 468
1091, 468, 482
1092, 476, 471
1093, 1019, 477
1094, 464, 1020
1095, 472, 483
1096, 1017, 1205
1097, 481, 1018
1098, 1018, 506
1099, 505, 481
1100, 1024, 484
1101, 484, 497
1102, 475, 470
1103, 470, 480
1104, 480, 1025
1105, 1022, 475
1106, 474, 469
1107, 1026, 474
1108, 469, 500
1109, 471, 479
1110, 479, 1028
1111, 1027, 471
1112, 1029, 1019
1113, 1019, 1030
1114, 1020, 513
1115, 512, 1020
1116, 504, 472
1117, 472, 501
1118, 1206, 503
1119, 1021, 1023
1120, 497, 1021
1121, 499, 497
1122, 1023, 478
1123, 478, 1022
1124, 482, 490
1125, 500, 482
1126, 489, 476
1127, 476, 502
1128, 477, 462
1129, 462, 485
1130, 1030, 477
1131, 485, 464
1132, 464, 509
1133, 491, 485
1134, 483, 467
1135, 467, 486
1136, 498, 483
1137, 486, 1017
1138, 1017, 1207
1139, 495, 486
1140, 515, 1023
1141, 1023, 1033
1142, 490, 489
1143, 516, 490
1144, 489, 518
1145, 1031, 491
1146, 491, 1034
1147, 1035, 495
1148, 495, 1037
1149, 503, 505
1150, 1208, 503
1151, 505, 510
1152, 1038, 505
1153, 506, 494
1154, 494, 1024
1155, 510, 506
1156, 524, 510
1157, 1024, 514
1158, 521, 1024
1159, 514, 499
1160, 499, 1032
1161, 527, 514
1162, 1022, 511
1163, 1033, 1022
1164, 511, 1025
1165, 523, 511
1166, 1025, 1016
1167, 1016, 1026
1168, 1039, 1025
1169, 1026, 507
1170, 1041, 1026
1171, 507, 500
1172, 500, 516
1173, 525, 507
1174, 502, 1027
1175, 518, 502
1176, 1027, 1028
1177, 529, 1027
1178, 1028, 496
1179, 496, 1029
1180, 1042, 1028
1181, 1029, 1030
1182, 520, 1029
1183, 1030, 1031
1184, 526, 1030
1185, 509, 512
1186, 1034, 509
1187, 512, 513
1188, 531, 512
1189, 492, 493
1190, 513, 492
1191, 493, 504
1192, 1044, 513
1193, 504, 508
1194, 528, 504
1195, 501, 498
1196, 508, 501
1197, 498, 1035
1198, 522, 508
1199, 1037, 1209
1200, 1032, 515
1201, 515, 1033
1202, 516, 518
1203, 517, 516
1204, 518, 519
1205, 1031, 1034
1206, 1035, 1037
1207, 1210, 1038
1208, 533, 1032
1209, 1032, 541
1210, 1033, 523
1211, 523, 1040
1212, 541, 1033
1213, 548, 541
1214, 537, 525
1215, 525, 517
1216, 517, 1036
1217, 519, 536
1218, 1036, 519
1219, 1043, 1031
1220, 1031, 543
1221, 1034, 535
1222, 543, 1034
1223, 546, 543
1224, 530, 1035
1225, 1035, 1053
1226, 1037, 1211
1227, 1053, 1037
1228, 1038, 524
1229, 524, 534
1230, 538, 521
1231, 521, 527
1232, 527, 532
1233, 1040, 1039
1234, 1041, 537
1235, 529, 1042
1236, 520, 526
1237, 526, 1043
1238, 531, 1044
1239, 528, 522
1240, 522, 530
1241, 1212, 1038
1242, 1038, 1047
1243, 532, 533
1244, 533, 559
1245, 1048, 532
1246, 562, 1040
1247, 1040, 557
1248, 537, 569
1249, 558, 537
1250, 536, 529
1251, 1050, 536
1252, 529, 1051
1253, 1043, 560
1254, 563, 1043
1255, 535, 531
1256, 554, 535
1257, 531, 553
1258, 530, 551
1259, 1045, 530
1260, 549, 1213
1261, 534, 544
1262, 1047, 534
1263, 545, 538
1264, 538, 1048
1265, 1039, 1046
1266, 555, 1039
1267, 1046, 1041
1268, 1041, 552
1269, 1042, 539
1270, 1051, 1042
1271, 539, 520
1272, 520, 556
1273, 547, 539
1274, 1044, 540
1275, 550, 1044
1276, 542, 528
1277, 528, 1045
1278, 544, 545
1279, 574, 544
1280, 545, 577
1281, 1049, 1046
1282, 1046, 573
1283, 1054, 547
1284, 547, 576
1285, 540, 542
1286, 1052, 540
1287, 542, 572
1288, 1214, 567
1289, 567, 1047
1290, 1047, 574
1291, 574, 580
1292, 588, 567
1293, 578, 1048
1294, 559, 568
1295, 1048, 559
1296, 1055, 1048
1297, 568, 548
1298, 548, 571
1299, 587, 568
1300, 571, 562
1301, 557, 561
1302, 562, 557
1303, 592, 571
1304, 561, 555
1305, 555, 1049
1306, 1058, 561
1307, 552, 558
1308, 573, 552
1309, 579, 573
1310, 558, 569
1311, 1059, 558
1312, 569, 1036
1313, 1036, 1050
1314, 589, 569
1315, 1050, 570
1316, 594, 1050
1317, 570, 1051
1318, 1051, 1054
1319, 590, 570
1320, 556, 563
1321, 576, 556
1322, 583, 576
1323, 560, 566
1324, 563, 560
1325, 593, 563
1326, 566, 546
1327, 546, 554
1328, 1063, 566
1329, 554, 553
1330, 1057, 554
1331, 553, 550
1332, 550, 1052
1333, 595, 553
1334, 575, 1045
1335, 551, 564
1336, 1045, 551
1337, 596, 1045
1338, 564, 1053
1339, 1053, 549
1340, 549, 565
1341, 591, 564
1342, 565, 1215
1343, 1065, 565
1344, 580, 577
1345, 585, 580
1346, 1049, 579
1347, 579, 586
1348, 1054, 584
1349, 572, 575
1350, 582, 572
1351, 575, 581
1352, 602, 585
1353, 585, 1066
1354, 577, 578
1355, 578, 1055
1356, 1066, 577
1357, 1058, 1049
1358, 1049, 608
1359, 586, 1059
1360, 608, 586
1361, 612, 608
1362, 1056, 1054
1363, 1054, 614
1364, 584, 583
1365, 583, 597
1366, 615, 584
1367, 1052, 582
1368, 1060, 1052
1369, 582, 616
1370, 581, 596
1371, 616, 581
1372, 1216, 588
1373, 588, 599
1374, 1055, 587
1375, 603, 1058
1376, 604, 598
1377, 600, 590
1378, 590, 1056
1379, 601, 1063
1380, 1057, 595
1381, 595, 1060
1382, 596, 591
1383, 605, 596
1384, 1065, 1217
1385, 599, 602
1386, 602, 619
1387, 621, 599
1388, 639, 1055
1389, 1055, 1061
1390, 1058, 623
1391, 624, 1058
1392, 1059, 604
1393, 632, 1059
1394, 604, 1062
1395, 1056, 1070
1396, 1068, 1056
1397, 597, 593
1398, 593, 601
1399, 635, 597
1400, 601, 1064
1401, 1060, 630
1402, 625, 1060
1403, 622, 605
1404, 605, 618
1405, 1218, 621
1406, 587, 606
1407, 1061, 587
1408, 606, 592
1409, 592, 603
1410, 603, 620
1411, 613, 606
1412, 598, 589
1413, 589, 607
1414, 1062, 598
1415, 607, 594
1416, 594, 600
1417, 600, 1068
1418, 611, 607
1419, 1063, 610
1420, 1064, 1063
1421, 610, 1057
1422, 1057, 628
1423, 591, 609
1424, 618, 591
1425, 627, 618
1426, 609, 1065
1427, 1065, 1219
1428, 617, 609
1429, 643, 613
1430, 613, 1067
1431, 1071, 611
1432, 611, 1069
1433, 646, 610
1434, 610, 645
1435, 648, 617
1436, 617, 642
1437, 621, 629
1438, 1220, 621
1439, 619, 631
1440, 629, 619
1441, 663, 629
1442, 631, 1066
1443, 1066, 639
1444, 659, 631
1445, 639, 1061
1446, 1061, 637
1447, 668, 639
1448, 637, 647
1449, 1073, 637
1450, 620, 624
1451, 1067, 620
1452, 623, 638
1453, 624, 623
1454, 1074, 624
1455, 638, 612
1456, 612, 641
1457, 1079, 638
1458, 641, 632
1459, 632, 1062
1460, 658, 641
1461, 1062, 1071
1462, 1075, 1062
1463, 1068, 634
1464, 1069, 1068
1465, 634, 1070
1466, 660, 634
1467, 614, 615
1468, 1070, 614
1469, 615, 635
1470, 657, 1070
1471, 635, 626
1472, 662, 635
1473, 626, 1064
1474, 1064, 646
1475, 646, 653
1476, 1077, 626
1477, 628, 633
1478, 649, 628
1479, 633, 625
1480, 625, 630
1481, 671, 633
1482, 630, 616
1483, 616, 636
1484, 1081, 630
1485, 636, 622
1486, 622, 640
1487, 661, 636
1488, 640, 627
1489, 627, 651
1490, 1076, 640
1491, 644, 1221
1492, 647, 643
1493, 643, 1067
1494, 650, 647
1495, 1067, 655
1496, 1071, 1069
1497, 645, 649
1498, 656, 645
1499, 649, 654
1500, 651, 648
1501, 642, 644
1502, 648, 642
1503, 644, 652
1504, 1222, 665
1505, 1073, 650
1506, 650, 684
1507, 655, 1074
1508, 684, 655
1509, 688, 684
1510, 1075, 1071
1511, 1071, 1072
1512, 1069, 670
1513, 1072, 1069
1514, 653, 656
1515, 1077, 653
1516, 656, 680
1517, 654, 674
1518, 680, 654
1519, 686, 680
1520, 675, 651
1521, 651, 679
1522, 652, 1223
1523, 679, 652
1524, 687, 679
1525, 672, 669
1526, 673, 1073
1527, 1074, 1079
1528, 666, 658
1529, 658, 1075
1530, 670, 660
1531, 660, 657
1532, 657, 664
1533, 662, 1077
1534, 671, 1081
1535, 667, 1076
1536, 665, 663
1537, 663, 672
1538, 1224, 665
1539, 672, 695
1540, 1073, 710
1541, 1078, 1073
1542, 1082, 1074
1543, 1074, 1080
1544, 1075, 698
1545, 696, 1075
1546, 699, 670
1547, 670, 1083
1548, 1077, 693
1549, 692, 1077
1550, 674, 671
1551, 705, 674
1552, 671, 1084
1553, 1076, 675
1554, 675, 691
1555, 1085, 1076
1556, 690, 1225
1557, 669, 659
1558, 659, 676
1559, 689, 669
1560, 676, 668
1561, 668, 673
1562, 673, 1078
1563, 682, 676
1564, 1079, 683
1565, 1080, 1079
1566, 683, 666
1567, 666, 694
1568, 664, 678
1569, 1083, 664
1570, 677, 662
1571, 662, 697
1572, 1081, 681
1573, 1084, 1081
1574, 681, 661
1575, 661, 667
1576, 667, 1085
1577, 685, 681
1578, 1086, 682
1579, 682, 1087
1580, 713, 683
1581, 683, 714
1582, 678, 677
1583, 715, 678
1584, 677, 720
1585, 718, 685
1586, 685, 712
1587, 1226, 695
1588, 695, 689
1589, 689, 1086
1590, 736, 695
1591, 1078, 708
1592, 1087, 1078
1593, 708, 710
1594, 726, 708
1595, 710, 688
1596, 688, 1082
1597, 725, 710
1598, 1082, 709
1599, 1091, 1082
1600, 709, 1080
1601, 1080, 713
1602, 713, 1088
1603, 724, 709
1604, 694, 696
1605, 696, 703
1606, 714, 694
1607, 716, 714
1608, 698, 707
1609, 703, 698
1610, 732, 703
1611, 707, 1072
1612, 1072, 699
1613, 727, 707
1614, 699, 1083
1615, 1092, 699
1616, 1083, 715
1617, 715, 719
1618, 1095, 1083
1619, 697, 700
1620, 720, 697
1621, 693, 701
1622, 700, 692
1623, 692, 693
1624, 1093, 700
1625, 701, 686
1626, 686, 705
1627, 705, 711
1628, 730, 701
1629, 711, 704
1630, 728, 711
1631, 704, 1084
1632, 1084, 717
1633, 1096, 704
1634, 712, 1085
1635, 1089, 712
1636, 691, 706
1637, 1085, 691
1638, 1097, 1085
1639, 706, 687
1640, 687, 702
1641, 731, 706
1642, 702, 690
1643, 690, 1227
1644, 729, 702
1645, 1086, 1087
1646, 1088, 721
1647, 719, 720
1648, 722, 719
1649, 720, 723
1650, 718, 1089
1651, 744, 1086
1652, 1086, 755
1653, 1087, 740
1654, 755, 1087
1655, 1094, 1088
1656, 1088, 752
1657, 721, 716
1658, 716, 745
1659, 752, 721
1660, 738, 722
1661, 722, 1090
1662, 723, 739
1663, 1090, 723
1664, 717, 718
1665, 735, 717
1666, 718, 754
1667, 1089, 1097
1668, 754, 1089
1669, 1228, 736
1670, 736, 744
1671, 744, 747
1672, 740, 726
1673, 726, 733
1674, 746, 740
1675, 1091, 724
1676, 724, 1094
1677, 742, 732
1678, 732, 727
1679, 727, 741
1680, 1092, 1095
1681, 1093, 730
1682, 730, 743
1683, 728, 1096
1684, 1097, 737
1685, 734, 1229
1686, 747, 1101
1687, 1100, 747
1688, 774, 746
1689, 746, 1098
1690, 1094, 759
1691, 1102, 1094
1692, 745, 742
1693, 761, 745
1694, 742, 1103
1695, 1095, 738
1696, 738, 757
1697, 758, 1095
1698, 739, 1093
1699, 771, 739
1700, 1093, 1105
1701, 1096, 735
1702, 735, 760
1703, 766, 1096
1704, 768, 1097
1705, 1097, 772
1706, 1230, 764
1707, 733, 725
1708, 725, 750
1709, 1098, 733
1710, 750, 1091
1711, 1091, 1102
1712, 756, 750
1713, 741, 753
1714, 1103, 741
1715, 751, 1092
1716, 1092, 1104
1717, 743, 1099
1718, 762, 743
1719, 1099, 728
1720, 728, 766
1721, 766, 777
1722, 737, 731
1723, 731, 749
1724, 765, 737
1725, 748, 729
1726, 729, 734
1727, 734, 1231
1728, 1107, 756
1729, 756, 782
1730, 753, 751
1731, 781, 753
1732, 751, 1108
1733, 780, 1099
1734, 1099, 1109
1735, 749, 748
1736, 1106, 749
1737, 748, 1112
1738, 764, 1100
1739, 1232, 764
1740, 1100, 1101
1741, 1115, 1100
1742, 1101, 755
1743, 755, 774
1744, 774, 779
1745, 788, 1101
1746, 779, 1098
1747, 789, 779
1748, 1098, 1107
1749, 791, 1098
1750, 1102, 769
1751, 782, 1102
1752, 759, 767
1753, 769, 759
1754, 1113, 769
1755, 767, 752
1756, 752, 761
1757, 761, 775
1758, 787, 767
1759, 775, 763
1760, 1117, 775
1761, 763, 1103
1762, 1103, 781
1763, 798, 763
1764, 783, 1104
1765, 757, 773
1766, 1104, 758
1767, 758, 757
1768, 799, 1104
1769, 773, 1090
1770, 1090, 776
1771, 796, 773
1772, 776, 771
1773, 771, 1105
1774, 793, 776
1775, 1105, 762
1776, 762, 780
1777, 780, 1110
1778, 1114, 1105
1779, 1109, 777
1780, 760, 770
1781, 777, 760
1782, 1116, 777
1783, 770, 754
1784, 754, 778
1785, 797, 770
1786, 778, 768
1787, 768, 772
1788, 792, 778
1789, 772, 765
1790, 765, 1106
1791, 790, 772
1792, 1112, 1233
1793, 1107, 786
1794, 785, 1108
1795, 1110, 1109
1796, 1106, 784
1797, 1234, 1115
1798, 807, 1107
1799, 1107, 814
1800, 786, 782
1801, 782, 1113
1802, 813, 786
1803, 781, 785
1804, 798, 781
1805, 785, 1111
1806, 1108, 783
1807, 783, 799
1808, 1111, 1108
1809, 801, 1110
1810, 1110, 816
1811, 1109, 1116
1812, 816, 1109
1813, 803, 1106
1814, 1106, 1122
1815, 784, 1112
1816, 1112, 1235
1817, 1122, 784
1818, 1115, 795
1819, 794, 791
1820, 791, 807
1821, 1113, 787
1822, 787, 806
1823, 1117, 798
1824, 798, 804
1825, 799, 796
1826, 805, 799
1827, 800, 1114
1828, 1116, 797
1829, 792, 790
1830, 790, 802
1831, 1236, 1115
1832, 1115, 831
1833, 807, 1118
1834, 818, 807
1835, 825, 1113
1836, 1113, 829
1837, 804, 823
1838, 830, 804
1839, 820, 805
1840, 805, 1119
1841, 1114, 801
1842, 801, 822
1843, 824, 1114
1844, 839, 1116
1845, 1116, 821
1846, 802, 803
1847, 803, 833
1848, 1121, 802
1849, 834, 1237
1850, 795, 788
1851, 788, 811
1852, 831, 795
1853, 812, 789
1854, 789, 794
1855, 794, 818
1856, 818, 827
1857, 806, 815
1858, 828, 806
1859, 815, 1117
1860, 1117, 835
1861, 796, 808
1862, 1119, 796
1863, 809, 793
1864, 793, 800
1865, 800, 824
1866, 797, 810
1867, 819, 797
1868, 810, 792
1869, 792, 826
1870, 817, 810
1871, 811, 812
1872, 1123, 811
1873, 812, 841
1874, 843, 815
1875, 815, 1124
1876, 808, 809
1877, 842, 808
1878, 809, 1120
1879, 844, 817
1880, 817, 1128
1881, 1238, 831
1882, 831, 1123
1883, 851, 831
1884, 827, 838
1885, 841, 827
1886, 845, 841
1887, 838, 1118
1888, 849, 838
1889, 814, 813
1890, 1118, 814
1891, 813, 825
1892, 1129, 1118
1893, 825, 829
1894, 855, 825
1895, 829, 828
1896, 828, 843
1897, 843, 848
1898, 858, 829
1899, 1124, 835
1900, 823, 836
1901, 835, 830
1902, 830, 823
1903, 859, 835
1904, 836, 1111
1905, 1111, 820
1906, 1132, 836
1907, 820, 1119
1908, 1133, 820
1909, 1119, 842
1910, 842, 1125
1911, 1127, 1119
1912, 824, 837
1913, 1120, 824
1914, 822, 832
1915, 837, 822
1916, 1131, 837
1917, 832, 816
1918, 816, 839
1919, 852, 832
1920, 839, 840
1921, 1134, 839
1922, 821, 819
1923, 840, 821
1924, 819, 844
1925, 854, 840
1926, 826, 1121
1927, 1128, 826
1928, 1121, 833
1929, 853, 1121
1930, 833, 1122
1931, 1122, 834
1932, 850, 833
1933, 834, 1239
1934, 1135, 834
1935, 1123, 845
1936, 845, 847
1937, 848, 1124
1938, 1125, 1120
1939, 846, 1128
1940, 865, 1123
1941, 1123, 1136
1942, 847, 1130
1943, 1136, 847
1944, 863, 848
1945, 848, 1126
1946, 1124, 864
1947, 1126, 1124
1948, 1127, 1125
1949, 1125, 874
1950, 1120, 857
1951, 875, 1120
1952, 844, 846
1953, 861, 844
1954, 846, 1137
1955, 1128, 853
1956, 1137, 1128
1957, 1240, 851
1958, 851, 860
1959, 1130, 849
1960, 849, 1129
1961, 867, 868
1962, 869, 1132
1963, 1133, 866
1964, 1131, 862
1965, 1134, 854
1966, 853, 856
1967, 1135, 1241
1968, 860, 865
1969, 865, 1242
1970, 1243, 860
1971, 1244, 1130
1972, 1130, 1245
1973, 868, 858
1974, 858, 863
1975, 863, 1246
1976, 1247, 868
1977, 864, 859
1978, 859, 869
1979, 1248, 864
1980, 869, 1249
1981, 866, 1127
1982, 1127, 1250
1983, 1251, 866
1984, 857, 1131
1985, 1252, 857
1986, 1131, 1253
1987, 854, 861
1988, 861, 1254
1989, 1255, 854
1990, 1256, 853
1991, 853, 1257
1992, 1129, 872
1993, 1258, 1129
1994, 872, 855
1995, 855, 867
1996, 867, 1259
1997, 877, 872
1998, 1132, 873
1999, 1260, 1132
2000, 873, 1133
2001, 1133, 1261
2002, 862, 852
2003, 852, 871
2004, 1262, 862
2005, 871, 1134
2006, 1134, 1263
2007, 876, 871
2008, 856, 850
2009, 850, 870
2010, 1264, 856
2011, 870, 1135
2012, 1135, 1265
2013, 1266, 877
2014, 877, 1267
2015, 1268, 873
2016, 873, 1269
2017, 1270, 876
2018, 876, 1271
2019, 1272, 870
2020, 870, 1273
2021, 1274, 1136
2022, 1136, 1275
2023, 1276, 1126
2024, 1126, 1277
2025, 874, 875
2026, 1278, 874
2027, 875, 1279
2028, 1280, 1137
2029, 1137, 1281
