1, 2, 828
2, 829, 1
3, 3, 830
4, 831, 4
5, 832, 5
6, 833, 6
7, 834, 758
8, 12, 835
9, 9, 836
10, 837, 759
11, 838, 11
12, 8, 839
13, 840, 10
14, 7, 841
15, 20, 842
16, 843, 16
17, 760, 844
18, 845, 19
19, 14, 846
20, 847, 761
21, 848, 13
22, 17, 849
23, 10, 2
24, 2, 9
25, 9, 25
26, 23, 10
27, 758, 850
28, 851, 7
29, 7, 24
30, 1, 8
31, 759, 1
32, 8, 15
33, 16, 3
34, 3, 12
35, 12, 21
36, 6, 20
37, 19, 6
38, 4, 14
39, 13, 4
40, 22, 13
41, 5, 760
42, 761, 5
43, 852, 17
44, 11, 853
45, 18, 11
46, 15, 29
47, 45, 15
48, 33, 23
49, 23, 39
50, 25, 31
51, 38, 25
52, 29, 18
53, 18, 854
54, 55, 29
55, 26, 758
56, 758, 50
57, 21, 26
58, 37, 21
59, 26, 52
60, 30, 16
61, 16, 36
62, 31, 759
63, 759, 44
64, 51, 31
65, 20, 30
66, 43, 20
67, 30, 54
68, 28, 19
69, 19, 42
70, 760, 28
71, 41, 760
72, 28, 47
73, 27, 761
74, 761, 40
75, 32, 22
76, 22, 35
77, 17, 32
78, 855, 17
79, 32, 46
80, 14, 27
81, 34, 14
82, 27, 53
83, 24, 33
84, 49, 24
85, 33, 48
86, 44, 45
87, 45, 58
88, 69, 44
89, 763, 856
90, 39, 38
91, 61, 39
92, 38, 762
93, 50, 49
94, 66, 50
95, 49, 765
96, 857, 65
97, 40, 41
98, 41, 764
99, 74, 40
100, 35, 34
101, 56, 35
102, 34, 68
103, 42, 43
104, 43, 62
105, 57, 42
106, 36, 37
107, 37, 59
108, 71, 36
109, 762, 51
110, 51, 72
111, 63, 55
112, 55, 763
113, 47, 60
114, 764, 47
115, 52, 73
116, 59, 52
117, 70, 59
118, 53, 74
119, 68, 53
120, 54, 71
121, 64, 54
122, 46, 56
123, 65, 46
124, 76, 65
125, 56, 67
126, 48, 61
127, 765, 48
128, 61, 75
129, 763, 858
130, 96, 763
131, 79, 765
132, 765, 87
133, 72, 69
134, 69, 77
135, 85, 72
136, 80, 762
137, 762, 84
138, 83, 70
139, 70, 88
140, 58, 63
141, 77, 58
142, 63, 97
143, 106, 77
144, 71, 83
145, 98, 71
146, 83, 105
147, 62, 64
148, 78, 62
149, 64, 99
150, 74, 82
151, 92, 74
152, 60, 57
153, 57, 78
154, 91, 60
155, 78, 104
156, 859, 76
157, 76, 95
158, 81, 68
159, 68, 93
160, 67, 81
161, 94, 67
162, 81, 103
163, 75, 80
164, 86, 75
165, 80, 101
166, 82, 764
167, 764, 90
168, 102, 82
169, 73, 66
170, 66, 79
171, 89, 73
172, 79, 100
173, 97, 96
174, 96, 109
175, 121, 97
176, 84, 85
177, 85, 114
178, 112, 84
179, 88, 89
180, 116, 88
181, 89, 113
182, 87, 86
183, 110, 87
184, 86, 107
185, 90, 91
186, 91, 119
187, 766, 90
188, 99, 98
189, 98, 767
190, 118, 99
191, 93, 92
192, 92, 111
193, 768, 93
194, 95, 94
195, 108, 95
196, 94, 115
197, 109, 860
198, 120, 109
199, 101, 112
200, 107, 101
201, 112, 125
202, 127, 107
203, 114, 106
204, 106, 126
205, 124, 114
206, 105, 117
207, 767, 105
208, 111, 102
209, 102, 766
210, 861, 108
211, 104, 118
212, 123, 104
213, 103, 768
214, 115, 103
215, 100, 110
216, 113, 100
217, 110, 122
218, 134, 127
219, 127, 142
220, 131, 120
221, 120, 862
222, 117, 116
223, 116, 130
224, 139, 117
225, 122, 134
226, 149, 122
227, 134, 154
228, 126, 121
229, 121, 131
230, 145, 126
231, 131, 150
232, 130, 113
233, 113, 148
234, 155, 130
235, 125, 135
236, 143, 125
237, 132, 767
238, 767, 138
239, 766, 133
240, 137, 766
241, 129, 115
242, 115, 146
243, 768, 128
244, 147, 768
245, 135, 124
246, 124, 144
247, 153, 135
248, 119, 123
249, 133, 119
250, 123, 140
251, 156, 133
252, 118, 132
253, 141, 118
254, 132, 151
255, 108, 129
256, 863, 108
257, 129, 152
258, 128, 111
259, 111, 136
260, 157, 128
261, 148, 149
262, 149, 173
263, 163, 148
264, 144, 145
265, 145, 769
266, 170, 144
267, 158, 864
268, 138, 139
269, 139, 169
270, 162, 138
271, 142, 143
272, 159, 142
273, 143, 164
274, 146, 147
275, 166, 146
276, 147, 175
277, 136, 137
278, 137, 165
279, 770, 136
280, 865, 176
281, 140, 141
282, 167, 140
283, 141, 161
284, 150, 158
285, 769, 150
286, 158, 180
287, 151, 162
288, 161, 151
289, 162, 177
290, 172, 161
291, 165, 156
292, 156, 171
293, 174, 165
294, 154, 160
295, 173, 154
296, 179, 157
297, 157, 770
298, 169, 155
299, 155, 168
300, 164, 153
301, 153, 170
302, 152, 166
303, 176, 152
304, 166, 178
305, 180, 866
306, 202, 180
307, 181, 164
308, 164, 193
309, 182, 769
310, 769, 201
311, 184, 173
312, 173, 190
313, 160, 159
314, 159, 181
315, 191, 160
316, 181, 209
317, 170, 182
318, 192, 170
319, 182, 207
320, 183, 172
321, 172, 198
322, 186, 169
323, 169, 196
324, 177, 186
325, 199, 177
326, 186, 208
327, 187, 174
328, 174, 188
329, 178, 185
330, 204, 178
331, 175, 179
332, 185, 175
333, 179, 194
334, 205, 185
335, 770, 187
336, 195, 770
337, 187, 200
338, 171, 167
339, 167, 183
340, 189, 171
341, 183, 206
342, 168, 163
343, 163, 184
344, 197, 168
345, 184, 210
346, 867, 176
347, 176, 203
348, 201, 202
349, 202, 771
350, 219, 201
351, 193, 192
352, 222, 193
353, 192, 215
354, 190, 191
355, 774, 190
356, 191, 218
357, 196, 197
358, 776, 196
359, 197, 225
360, 188, 189
361, 213, 188
362, 189, 773
363, 198, 199
364, 217, 198
365, 199, 772
366, 203, 204
367, 204, 216
368, 212, 203
369, 194, 195
370, 775, 194
371, 195, 211
372, 207, 221
373, 215, 207
374, 210, 774
375, 226, 210
376, 771, 868
377, 209, 222
378, 223, 209
379, 200, 213
380, 211, 200
381, 213, 220
382, 224, 211
383, 208, 776
384, 772, 208
385, 869, 214
386, 216, 205
387, 205, 775
388, 206, 217
389, 773, 206
390, 221, 219
391, 219, 230
392, 238, 221
393, 218, 223
394, 228, 218
395, 223, 246
396, 230, 771
397, 771, 870
398, 249, 230
399, 232, 215
400, 215, 237
401, 217, 231
402, 244, 217
403, 231, 772
404, 772, 239
405, 251, 231
406, 222, 232
407, 245, 222
408, 232, 252
409, 774, 228
410, 236, 774
411, 228, 255
412, 220, 234
413, 247, 220
414, 229, 224
415, 224, 248
416, 214, 212
417, 212, 227
418, 871, 214
419, 775, 229
420, 242, 775
421, 229, 253
422, 227, 216
423, 216, 241
424, 256, 227
425, 225, 226
426, 233, 225
427, 226, 235
428, 776, 233
429, 240, 776
430, 233, 250
431, 234, 773
432, 773, 243
433, 254, 234
434, 239, 240
435, 778, 239
436, 240, 264
437, 237, 238
438, 238, 777
439, 781, 237
440, 246, 245
441, 260, 246
442, 245, 258
443, 248, 247
444, 247, 267
445, 263, 248
446, 243, 244
447, 244, 779
448, 782, 243
449, 241, 242
450, 242, 259
451, 265, 241
452, 235, 236
453, 236, 780
454, 783, 235
455, 872, 266
456, 257, 873
457, 777, 249
458, 249, 257
459, 257, 269
460, 252, 781
461, 261, 252
462, 255, 268
463, 780, 255
464, 250, 783
465, 264, 250
466, 253, 263
467, 262, 253
468, 270, 254
469, 254, 782
470, 779, 251
471, 251, 778
472, 271, 256
473, 256, 265
474, 273, 780
475, 780, 288
476, 269, 874
477, 293, 269
478, 274, 777
479, 777, 294
480, 781, 274
481, 290, 781
482, 274, 298
483, 782, 277
484, 291, 782
485, 275, 264
486, 264, 283
487, 258, 261
488, 272, 258
489, 261, 289
490, 277, 779
491, 779, 282
492, 297, 277
493, 259, 262
494, 276, 259
495, 262, 280
496, 267, 270
497, 278, 267
498, 270, 292
499, 263, 278
500, 279, 263
501, 278, 299
502, 783, 273
503, 284, 783
504, 273, 300
505, 268, 260
506, 260, 272
507, 287, 268
508, 272, 301
509, 778, 275
510, 281, 778
511, 275, 295
512, 265, 276
513, 285, 265
514, 276, 296
515, 266, 271
516, 875, 266
517, 271, 286
518, 294, 293
519, 293, 306
520, 309, 294
521, 289, 290
522, 290, 784
523, 785, 289
524, 288, 287
525, 786, 288
526, 287, 316
527, 292, 291
528, 291, 312
529, 308, 292
530, 280, 279
531, 314, 280
532, 279, 307
533, 283, 284
534, 302, 283
535, 284, 787
536, 282, 281
537, 304, 282
538, 281, 303
539, 286, 285
540, 285, 305
541, 311, 286
542, 298, 309
543, 784, 298
544, 301, 785
545, 319, 301
546, 300, 786
547, 787, 300
548, 318, 297
549, 297, 304
550, 304, 324
551, 295, 302
552, 303, 295
553, 302, 315
554, 322, 303
555, 306, 876
556, 321, 306
557, 296, 314
558, 305, 296
559, 314, 323
560, 313, 305
561, 877, 317
562, 299, 310
563, 307, 299
564, 320, 307
565, 309, 329
566, 335, 309
567, 328, 784
568, 784, 336
569, 329, 321
570, 321, 878
571, 349, 329
572, 316, 319
573, 326, 316
574, 319, 338
575, 315, 330
576, 347, 315
577, 785, 328
578, 337, 785
579, 328, 350
580, 312, 318
581, 325, 312
582, 318, 345
583, 786, 326
584, 342, 786
585, 326, 354
586, 334, 322
587, 322, 346
588, 324, 334
589, 344, 324
590, 334, 339
591, 327, 313
592, 313, 341
593, 330, 787
594, 787, 343
595, 351, 330
596, 317, 311
597, 311, 327
598, 879, 317
599, 327, 352
600, 333, 320
601, 320, 331
602, 323, 333
603, 340, 323
604, 333, 348
605, 310, 308
606, 308, 325
607, 332, 310
608, 325, 353
609, 338, 337
610, 369, 338
611, 337, 361
612, 358, 880
613, 345, 344
614, 364, 345
615, 344, 355
616, 346, 347
617, 347, 372
618, 357, 346
619, 331, 332
620, 356, 331
621, 332, 367
622, 881, 790
623, 343, 342
624, 342, 359
625, 360, 343
626, 341, 340
627, 363, 341
628, 340, 789
629, 336, 335
630, 335, 788
631, 791, 336
632, 372, 351
633, 351, 362
634, 354, 369
635, 366, 354
636, 350, 791
637, 361, 350
638, 788, 349
639, 349, 358
640, 358, 371
641, 353, 368
642, 367, 353
643, 339, 357
644, 355, 339
645, 357, 370
646, 348, 356
647, 789, 348
648, 356, 373
649, 352, 365
650, 790, 352
651, 791, 378
652, 393, 791
653, 371, 882
654, 385, 371
655, 368, 364
656, 364, 375
657, 387, 368
658, 379, 361
659, 361, 394
660, 375, 355
661, 355, 396
662, 403, 375
663, 373, 380
664, 390, 373
665, 365, 363
666, 363, 376
667, 383, 365
668, 883, 790
669, 790, 384
670, 370, 377
671, 395, 370
672, 359, 366
673, 374, 359
674, 366, 392
675, 362, 360
676, 360, 374
677, 381, 362
678, 374, 401
679, 369, 379
680, 391, 369
681, 379, 402
682, 377, 372
683, 372, 382
684, 398, 377
685, 380, 367
686, 367, 388
687, 400, 380
688, 376, 789
689, 789, 389
690, 399, 376
691, 378, 788
692, 788, 386
693, 397, 378
694, 394, 393
695, 393, 420
696, 417, 394
697, 386, 385
698, 385, 411
699, 405, 386
700, 389, 390
701, 390, 792
702, 416, 389
703, 384, 383
704, 383, 794
705, 404, 384
706, 382, 381
707, 381, 793
708, 406, 382
709, 392, 391
710, 408, 392
711, 391, 409
712, 388, 387
713, 387, 410
714, 407, 388
715, 396, 395
716, 422, 396
717, 395, 415
718, 401, 418
719, 793, 401
720, 411, 884
721, 423, 411
722, 402, 421
723, 414, 402
724, 794, 399
725, 399, 419
726, 412, 403
727, 403, 427
728, 415, 398
729, 398, 406
730, 406, 424
731, 420, 397
732, 397, 405
733, 405, 426
734, 885, 404
735, 404, 425
736, 792, 400
737, 400, 413
738, 431, 415
739, 415, 438
740, 421, 417
741, 417, 430
742, 437, 421
743, 426, 435
744, 448, 426
745, 430, 420
746, 420, 449
747, 452, 430
748, 424, 434
749, 439, 424
750, 418, 408
751, 408, 428
752, 446, 418
753, 409, 414
754, 428, 409
755, 414, 436
756, 456, 428
757, 434, 793
758, 793, 447
759, 455, 434
760, 435, 423
761, 423, 886
762, 451, 435
763, 413, 407
764, 407, 429
765, 441, 413
766, 410, 412
767, 429, 410
768, 412, 442
769, 454, 429
770, 427, 422
771, 422, 431
772, 443, 427
773, 431, 457
774, 419, 416
775, 416, 433
776, 444, 419
777, 433, 792
778, 792, 440
779, 450, 433
780, 425, 432
781, 934, 425
782, 432, 794
783, 794, 445
784, 453, 432
785, 438, 439
786, 796, 438
787, 439, 465
788, 460, 887
789, 449, 448
790, 448, 459
791, 462, 449
792, 436, 437
793, 437, 463
794, 799, 436
795, 447, 446
796, 446, 471
797, 467, 447
798, 445, 444
799, 444, 795
800, 798, 445
801, 442, 443
802, 468, 442
803, 443, 464
804, 934, 461
805, 440, 441
806, 441, 797
807, 458, 440
808, 459, 451
809, 451, 460
810, 460, 470
811, 472, 459
812, 475, 456
813, 456, 799
814, 795, 450
815, 450, 458
816, 458, 476
817, 465, 455
818, 455, 473
819, 474, 465
820, 463, 452
821, 452, 462
822, 462, 469
823, 461, 453
824, 453, 798
825, 477, 461
826, 797, 454
827, 454, 468
828, 457, 796
829, 466, 457
830, 471, 475
831, 479, 471
832, 475, 489
833, 470, 888
834, 496, 470
835, 478, 463
836, 463, 493
837, 796, 484
838, 488, 796
839, 473, 467
840, 467, 479
841, 485, 473
842, 479, 502
843, 469, 483
844, 494, 469
845, 483, 472
846, 472, 495
847, 506, 483
848, 482, 797
849, 797, 491
850, 484, 474
851, 474, 486
852, 505, 484
853, 476, 482
854, 499, 476
855, 482, 497
856, 464, 466
857, 480, 464
858, 466, 487
859, 798, 481
860, 501, 798
861, 481, 795
862, 795, 498
863, 503, 481
864, 468, 480
865, 492, 468
866, 480, 507
867, 889, 477
868, 477, 500
869, 799, 478
870, 490, 799
871, 478, 504
872, 495, 496
873, 496, 800
874, 513, 495
875, 487, 488
876, 488, 514
877, 523, 487
878, 493, 494
879, 521, 493
880, 494, 802
881, 491, 492
882, 509, 491
883, 492, 803
884, 486, 485
885, 485, 510
886, 518, 486
887, 498, 499
888, 499, 508
889, 804, 498
890, 500, 501
891, 501, 512
892, 511, 500
893, 489, 490
894, 801, 489
895, 490, 519
896, 800, 890
897, 502, 801
898, 510, 502
899, 524, 510
900, 517, 503
901, 503, 804
902, 507, 525
903, 803, 507
904, 504, 522
905, 519, 504
906, 802, 506
907, 506, 520
908, 497, 509
909, 508, 497
910, 509, 526
911, 516, 508
912, 514, 505
913, 505, 518
914, 891, 515
915, 522, 521
916, 521, 530
917, 544, 522
918, 520, 513
919, 513, 529
920, 541, 520
921, 532, 514
922, 514, 539
923, 533, 524
924, 524, 545
925, 529, 800
926, 800, 892
927, 555, 529
928, 531, 519
929, 519, 543
930, 530, 802
931, 802, 542
932, 550, 530
933, 518, 533
934, 540, 518
935, 533, 552
936, 528, 516
937, 516, 547
938, 534, 803
939, 803, 536
940, 801, 531
941, 546, 801
942, 531, 554
943, 525, 523
944, 523, 532
945, 535, 525
946, 532, 549
947, 512, 517
948, 527, 512
949, 517, 538
950, 526, 534
951, 548, 526
952, 534, 553
953, 515, 511
954, 511, 527
955, 893, 515
956, 527, 551
957, 804, 528
958, 537, 804
959, 528, 556
960, 545, 546
961, 807, 545
962, 546, 572
963, 542, 541
964, 541, 560
965, 808, 542
966, 562, 894
967, 536, 535
968, 564, 536
969, 535, 559
970, 539, 540
971, 557, 539
972, 540, 810
973, 543, 544
974, 544, 805
975, 561, 543
976, 538, 537
977, 566, 538
978, 537, 570
979, 895, 809
980, 547, 548
981, 569, 547
982, 548, 806
983, 568, 555
984, 555, 565
985, 805, 550
986, 550, 808
987, 556, 571
988, 570, 556
989, 553, 567
990, 806, 553
991, 552, 807
992, 810, 552
993, 551, 566
994, 809, 551
995, 554, 563
996, 572, 554
997, 549, 558
998, 559, 549
999, 808, 574
1000, 586, 808
1001, 563, 561
1002, 561, 576
1003, 595, 563
1004, 558, 557
1005, 557, 573
1006, 593, 558
1007, 576, 805
1008, 805, 587
1009, 598, 576
1010, 579, 572
1011, 572, 594
1012, 571, 569
1013, 569, 577
1014, 588, 571
1015, 575, 559
1016, 559, 592
1017, 896, 809
1018, 809, 590
1019, 566, 578
1020, 591, 566
1021, 577, 806
1022, 806, 584
1023, 596, 577
1024, 578, 570
1025, 570, 589
1026, 599, 578
1027, 567, 564
1028, 564, 575
1029, 585, 567
1030, 575, 602
1031, 565, 562
1032, 562, 897
1033, 582, 565
1034, 573, 810
1035, 810, 581
1036, 601, 573
1037, 807, 579
1038, 580, 807
1039, 579, 597
1040, 560, 568
1041, 574, 560
1042, 568, 583
1043, 600, 574
1044, 587, 586
1045, 586, 611
1046, 607, 587
1047, 592, 593
1048, 593, 619
1049, 606, 592
1050, 581, 580
1051, 610, 581
1052, 580, 811
1053, 584, 585
1054, 603, 584
1055, 585, 622
1056, 583, 582
1057, 582, 608
1058, 613, 583
1059, 590, 591
1060, 617, 590
1061, 591, 614
1062, 589, 588
1063, 588, 604
1064, 812, 589
1065, 594, 595
1066, 595, 609
1067, 813, 594
1068, 612, 898
1069, 615, 600
1070, 600, 623
1071, 597, 813
1072, 811, 597
1073, 602, 618
1074, 624, 602
1075, 625, 601
1076, 601, 610
1077, 616, 598
1078, 598, 607
1079, 621, 599
1080, 599, 812
1081, 899, 617
1082, 604, 596
1083, 596, 603
1084, 603, 605
1085, 620, 604
1086, 608, 612
1087, 627, 608
1088, 612, 900
1089, 607, 629
1090, 644, 607
1091, 623, 613
1092, 613, 627
1093, 640, 623
1094, 627, 651
1095, 633, 811
1096, 811, 643
1097, 618, 606
1098, 606, 628
1099, 636, 618
1100, 610, 633
1101, 635, 610
1102, 633, 649
1103, 609, 616
1104, 626, 609
1105, 616, 645
1106, 614, 621
1107, 631, 614
1108, 621, 639
1109, 632, 620
1110, 620, 647
1111, 812, 632
1112, 638, 812
1113, 632, 648
1114, 622, 624
1115, 630, 622
1116, 624, 637
1117, 619, 625
1118, 628, 619
1119, 625, 634
1120, 653, 628
1121, 813, 626
1122, 642, 813
1123, 626, 654
1124, 617, 631
1125, 901, 617
1126, 631, 652
1127, 605, 630
1128, 646, 605
1129, 630, 650
1130, 611, 615
1131, 629, 611
1132, 615, 641
1133, 655, 629
1134, 645, 644
1135, 644, 667
1136, 669, 645
1137, 814, 902
1138, 641, 640
1139, 640, 817
1140, 665, 641
1141, 634, 635
1142, 635, 661
1143, 815, 634
1144, 643, 642
1145, 660, 643
1146, 642, 818
1147, 637, 636
1148, 636, 670
1149, 657, 637
1150, 647, 646
1151, 658, 647
1152, 646, 664
1153, 903, 659
1154, 639, 638
1155, 816, 639
1156, 638, 656
1157, 671, 655
1158, 655, 668
1159, 651, 814
1160, 817, 651
1161, 654, 674
1162, 818, 654
1163, 675, 653
1164, 653, 815
1165, 649, 660
1166, 661, 649
1167, 650, 657
1168, 666, 650
1169, 657, 673
1170, 648, 658
1171, 656, 648
1172, 658, 672
1173, 662, 656
1174, 652, 816
1175, 663, 652
1176, 678, 817
1177, 817, 696
1178, 814, 904
1179, 695, 814
1180, 674, 669
1181, 669, 679
1182, 683, 674
1183, 667, 671
1184, 679, 667
1185, 671, 686
1186, 703, 679
1187, 672, 677
1188, 694, 672
1189, 680, 661
1190, 661, 698
1191, 676, 818
1192, 818, 684
1193, 673, 681
1194, 689, 673
1195, 816, 682
1196, 691, 816
1197, 660, 676
1198, 697, 660
1199, 676, 699
1200, 668, 665
1201, 665, 678
1202, 685, 668
1203, 678, 702
1204, 659, 663
1205, 905, 659
1206, 663, 692
1207, 682, 662
1208, 662, 693
1209, 700, 682
1210, 815, 680
1211, 688, 815
1212, 680, 705
1213, 670, 675
1214, 681, 670
1215, 675, 687
1216, 701, 681
1217, 664, 666
1218, 677, 664
1219, 666, 690
1220, 704, 677
1221, 686, 685
1222, 826, 686
1223, 685, 819
1224, 698, 697
1225, 707, 698
1226, 697, 823
1227, 684, 683
1228, 683, 820
1229, 706, 684
1230, 690, 689
1231, 689, 821
1232, 717, 690
1233, 687, 688
1234, 688, 824
1235, 708, 687
1236, 696, 695
1237, 822, 696
1238, 695, 709
1239, 693, 694
1240, 694, 713
1241, 825, 693
1242, 692, 691
1243, 691, 710
1244, 711, 692
1245, 702, 822
1246, 819, 702
1247, 820, 703
1248, 703, 826
1249, 715, 906
1250, 907, 714
1251, 699, 706
1252, 823, 699
1253, 706, 719
1254, 821, 701
1255, 701, 712
1256, 713, 704
1257, 704, 718
1258, 705, 716
1259, 824, 705
1260, 710, 700
1261, 700, 825
1262, 822, 722
1263, 738, 822
1264, 727, 820
1265, 820, 734
1266, 726, 819
1267, 819, 739
1268, 719, 727
1269, 740, 719
1270, 727, 746
1271, 724, 821
1272, 821, 737
1273, 716, 707
1274, 707, 720
1275, 731, 716
1276, 709, 715
1277, 722, 709
1278, 715, 908
1279, 742, 722
1280, 718, 717
1281, 717, 724
1282, 729, 718
1283, 724, 747
1284, 720, 823
1285, 823, 741
1286, 749, 720
1287, 723, 824
1288, 824, 730
1289, 825, 725
1290, 732, 825
1291, 721, 710
1292, 710, 733
1293, 712, 708
1294, 708, 723
1295, 736, 712
1296, 723, 748
1297, 725, 713
1298, 713, 728
1299, 743, 725
1300, 714, 711
1301, 711, 721
1302, 909, 714
1303, 721, 745
1304, 826, 726
1305, 735, 826
1306, 726, 744
1307, 741, 740
1308, 740, 750
1309, 757, 741
1310, 730, 731
1311, 731, 910
1312, 754, 730
1313, 737, 736
1314, 751, 737
1315, 736, 911
1316, 734, 735
1317, 937, 734
1318, 735, 912
1319, 728, 729
1320, 729, 913
1321, 935, 728
1322, 739, 738
1323, 738, 752
1324, 827, 739
1325, 733, 732
1326, 732, 755
1327, 914, 733
1328, 746, 937
1329, 753, 746
1330, 752, 742
1331, 742, 915
1332, 916, 752
1333, 917, 749
1334, 749, 918
1335, 744, 827
1336, 919, 744
1337, 755, 743
1338, 743, 935
1339, 920, 755
1340, 747, 756
1341, 921, 747
1342, 745, 922
1343, 923, 745
1344, 748, 936
1345, 924, 748
1346, 827, 925
1347, 926, 827
1348, 927, 757
1349, 757, 928
1350, 936, 754
1351, 754, 929
1352, 750, 753
1353, 930, 750
1354, 753, 931
1355, 756, 751
1356, 751, 932
1357, 933, 756
