1, 19, 979
2, 980, 42
3, 83, 981
4, 982, 97
5, 146, 983
6, 984, 161
7, 814, 985
8, 986, 815
9, 816, 987
10, 988, 264
11, 321, 989
12, 990, 817
13, 818, 991
14, 992, 379
15, 819, 993
16, 994, 812
17, 476, 995
18, 996, 486
19, 820, 997
20, 998, 542
21, 580, 999
22, 1000, 603
23, 813, 1001
24, 1002, 821
25, 822, 1003
26, 1004, 713
27, 756, 1005
28, 1006, 773
29, 28, 19
30, 19, 1007
31, 42, 32
32, 90, 83
33, 83, 42
34, 146, 97
35, 814, 161
36, 816, 815
37, 321, 264
38, 818, 817
39, 819, 383
40, 476, 812
41, 820, 486
42, 588, 580
43, 580, 542
44, 603, 594
45, 813, 603
46, 822, 821
47, 748, 713
48, 1008, 779
49, 32, 28
50, 28, 15
51, 43, 32
52, 97, 90
53, 90, 73
54, 112, 97
55, 161, 146
56, 146, 130
57, 174, 161
58, 815, 814
59, 814, 179
60, 230, 815
61, 264, 816
62, 816, 238
63, 285, 264
64, 817, 321
65, 321, 303
66, 337, 817
67, 379, 818
68, 383, 379
69, 818, 349
70, 399, 383
71, 812, 819
72, 819, 402
73, 449, 812
74, 486, 476
75, 476, 462
76, 504, 486
77, 542, 820
78, 820, 510
79, 563, 542
80, 594, 588
81, 588, 577
82, 606, 594
83, 821, 813
84, 813, 632
85, 665, 821
86, 713, 822
87, 822, 679
88, 731, 713
89, 773, 756
90, 756, 748
91, 779, 773
92, 748, 732
93, 795, 779
94, 1009, 800
95, 15, 1010
96, 30, 15
97, 73, 43
98, 43, 31
99, 89, 73
100, 130, 112
101, 112, 834
102, 823, 130
103, 179, 174
104, 174, 824
105, 825, 179
106, 238, 230
107, 230, 214
108, 826, 238
109, 303, 285
110, 285, 272
111, 827, 303
112, 349, 337
113, 337, 324
114, 368, 349
115, 402, 399
116, 399, 828
117, 416, 402
118, 462, 449
119, 449, 434
120, 835, 462
121, 510, 504
122, 504, 488
123, 829, 510
124, 577, 563
125, 563, 547
126, 830, 577
127, 632, 606
128, 606, 836
129, 837, 632
130, 679, 665
131, 665, 654
132, 831, 679
133, 732, 731
134, 731, 832
135, 833, 732
136, 800, 795
137, 795, 777
138, 1011, 800
139, 21, 1012
140, 89, 31
141, 823, 834
142, 825, 824
143, 214, 207
144, 826, 214
145, 272, 261
146, 827, 272
147, 368, 324
148, 423, 416
149, 416, 828
150, 835, 434
151, 829, 488
152, 547, 536
153, 830, 547
154, 837, 836
155, 831, 654
156, 833, 832
157, 1013, 777
158, 31, 30
159, 30, 21
160, 21, 8
161, 47, 31
162, 834, 89
163, 89, 67
164, 119, 834
165, 824, 823
166, 823, 142
167, 164, 824
168, 207, 825
169, 825, 189
170, 220, 207
171, 261, 826
172, 826, 244
173, 279, 261
174, 324, 827
175, 827, 302
176, 338, 324
177, 828, 368
178, 368, 352
179, 393, 828
180, 434, 423
181, 423, 409
182, 446, 434
183, 488, 835
184, 835, 460
185, 499, 488
186, 536, 829
187, 829, 523
188, 551, 536
189, 836, 830
190, 830, 567
191, 618, 836
192, 654, 837
193, 837, 624
194, 671, 654
195, 832, 831
196, 831, 686
197, 727, 832
198, 777, 833
199, 833, 733
200, 794, 777
201, 1014, 798
202, 8, 1015
203, 22, 8
204, 67, 47
205, 47, 40
206, 82, 67
207, 142, 119
208, 119, 100
209, 153, 142
210, 189, 164
211, 164, 844
212, 838, 189
213, 244, 220
214, 220, 206
215, 257, 244
216, 302, 279
217, 279, 845
218, 318, 302
219, 352, 338
220, 338, 839
221, 840, 352
222, 409, 393
223, 393, 841
224, 422, 409
225, 460, 446
226, 446, 842
227, 472, 460
228, 523, 499
229, 499, 485
230, 532, 523
231, 567, 551
232, 551, 539
233, 843, 567
234, 624, 618
235, 618, 598
236, 643, 624
237, 686, 671
238, 671, 655
239, 846, 686
240, 733, 727
241, 727, 847
242, 749, 733
243, 798, 794
244, 794, 775
245, 1016, 798
246, 22, 1017
247, 82, 40
248, 145, 100
249, 838, 844
250, 206, 200
251, 257, 206
252, 318, 845
253, 840, 839
254, 422, 841
255, 472, 842
256, 526, 493
257, 843, 539
258, 643, 598
259, 846, 655
260, 749, 847
261, 1018, 775
262, 40, 22
263, 22, 1107
264, 58, 40
265, 100, 82
266, 82, 65
267, 117, 100
268, 844, 153
269, 153, 145
270, 145, 128
271, 177, 844
272, 200, 838
273, 838, 194
274, 215, 200
275, 845, 257
276, 257, 239
277, 287, 845
278, 839, 318
279, 318, 307
280, 331, 839
281, 841, 840
282, 840, 358
283, 388, 841
284, 842, 422
285, 422, 412
286, 442, 842
287, 485, 472
288, 493, 485
289, 472, 459
290, 508, 493
291, 539, 532
292, 532, 526
293, 526, 511
294, 562, 539
295, 598, 843
296, 843, 571
297, 608, 598
298, 655, 643
299, 643, 630
300, 668, 655
301, 847, 846
302, 846, 685
303, 723, 847
304, 775, 749
305, 749, 734
306, 793, 775
307, 1019, 809
308, 848, 1107
309, 65, 58
310, 58, 849
311, 850, 65
312, 128, 117
313, 117, 95
314, 851, 128
315, 194, 177
316, 177, 852
317, 199, 194
318, 239, 215
319, 215, 854
320, 254, 239
321, 307, 287
322, 287, 266
323, 319, 307
324, 358, 331
325, 331, 855
326, 370, 358
327, 412, 388
328, 388, 377
329, 420, 412
330, 459, 442
331, 442, 431
332, 856, 459
333, 511, 508
334, 508, 491
335, 527, 511
336, 571, 562
337, 562, 546
338, 583, 571
339, 630, 608
340, 608, 593
341, 647, 630
342, 685, 668
343, 668, 651
344, 698, 685
345, 734, 723
346, 723, 857
347, 755, 734
348, 809, 793
349, 793, 853
350, 1020, 809
351, 848, 1021
352, 850, 849
353, 851, 95
354, 199, 852
355, 254, 854
356, 311, 266
357, 370, 855
358, 420, 377
359, 856, 438
360, 527, 491
361, 583, 546
362, 647, 593
363, 698, 651
364, 755, 857
365, 1022, 853
366, 849, 848
367, 848, 6
368, 54, 849
369, 95, 850
370, 850, 70
371, 115, 95
372, 852, 851
373, 851, 135
374, 168, 852
375, 854, 199
376, 199, 193
377, 216, 854
378, 266, 254
379, 254, 242
380, 282, 266
381, 855, 319
382, 319, 311
383, 311, 294
384, 346, 855
385, 377, 370
386, 370, 356
387, 389, 377
388, 431, 420
389, 438, 431
390, 420, 406
391, 452, 438
392, 491, 856
393, 856, 455
394, 509, 491
395, 546, 527
396, 527, 516
397, 558, 546
398, 593, 583
399, 583, 572
400, 607, 593
401, 651, 647
402, 647, 633
403, 664, 651
404, 857, 698
405, 698, 682
406, 726, 857
407, 853, 755
408, 755, 739
409, 787, 853
410, 1023, 802
411, 6, 1024
412, 858, 6
413, 70, 54
414, 54, 38
415, 86, 70
416, 135, 115
417, 115, 101
418, 147, 135
419, 193, 168
420, 168, 862
421, 863, 193
422, 242, 216
423, 216, 201
424, 256, 242
425, 294, 282
426, 282, 859
427, 310, 294
428, 356, 346
429, 346, 330
430, 864, 356
431, 406, 389
432, 389, 865
433, 424, 406
434, 455, 452
435, 452, 437
436, 471, 455
437, 516, 509
438, 509, 860
439, 531, 516
440, 572, 558
441, 558, 540
442, 584, 572
443, 633, 607
444, 607, 866
445, 645, 633
446, 682, 664
447, 664, 867
448, 697, 682
449, 739, 726
450, 726, 861
451, 753, 739
452, 802, 787
453, 787, 770
454, 1025, 802
455, 858, 1026
456, 86, 38
457, 147, 101
458, 863, 862
459, 256, 201
460, 317, 310
461, 310, 859
462, 864, 330
463, 424, 865
464, 437, 429
465, 477, 471
466, 471, 437
467, 531, 860
468, 584, 540
469, 636, 866
470, 697, 867
471, 753, 861
472, 1027, 770
473, 38, 858
474, 858, 10
475, 51, 38
476, 101, 86
477, 86, 64
478, 122, 101
479, 862, 147
480, 147, 129
481, 175, 862
482, 201, 863
483, 863, 190
484, 218, 201
485, 859, 256
486, 256, 241
487, 283, 859
488, 330, 317
489, 317, 298
490, 342, 330
491, 865, 864
492, 864, 347
493, 398, 865
494, 429, 424
495, 424, 414
496, 440, 429
497, 860, 477
498, 477, 466
499, 498, 860
500, 540, 531
501, 531, 513
502, 559, 540
503, 866, 584
504, 584, 574
505, 613, 866
506, 867, 645
507, 645, 636
508, 636, 620
509, 676, 867
510, 861, 697
511, 697, 687
512, 718, 861
513, 770, 753
514, 753, 737
515, 791, 770
516, 1028, 803
517, 10, 1029
518, 23, 10
519, 64, 51
520, 51, 37
521, 84, 64
522, 129, 122
523, 122, 110
524, 144, 129
525, 190, 175
526, 175, 155
527, 198, 190
528, 241, 218
529, 218, 203
530, 871, 241
531, 298, 283
532, 283, 872
533, 313, 298
534, 347, 342
535, 342, 327
536, 366, 347
537, 414, 398
538, 398, 868
539, 873, 414
540, 466, 440
541, 440, 874
542, 478, 466
543, 513, 498
544, 498, 869
545, 870, 513
546, 574, 559
547, 559, 543
548, 875, 574
549, 620, 613
550, 613, 876
551, 639, 620
552, 687, 676
553, 676, 660
554, 699, 687
555, 737, 718
556, 718, 705
557, 759, 737
558, 803, 791
559, 791, 774
560, 1030, 803
561, 23, 1031
562, 84, 37
563, 110, 99
564, 152, 144
565, 144, 110
566, 198, 155
567, 871, 203
568, 313, 872
569, 366, 327
570, 873, 868
571, 478, 874
572, 870, 869
573, 875, 543
574, 639, 876
575, 660, 656
576, 699, 660
577, 759, 705
578, 1032, 774
579, 37, 23
580, 23, 5
581, 52, 37
582, 99, 84
583, 84, 66
584, 118, 99
585, 155, 152
586, 152, 137
587, 167, 155
588, 203, 198
589, 198, 188
590, 221, 203
591, 872, 871
592, 871, 233
593, 292, 872
594, 327, 313
595, 313, 300
596, 341, 327
597, 868, 366
598, 366, 350
599, 394, 868
600, 874, 873
601, 873, 400
602, 454, 874
603, 869, 478
604, 478, 467
605, 496, 869
606, 543, 870
607, 870, 520
608, 554, 543
609, 876, 875
610, 875, 569
611, 614, 876
612, 656, 639
613, 639, 631
614, 666, 656
615, 705, 699
616, 699, 692
617, 716, 705
618, 774, 759
619, 759, 743
620, 789, 774
621, 1033, 811
622, 5, 1034
623, 26, 5
624, 66, 52
625, 52, 36
626, 877, 66
627, 137, 118
628, 118, 104
629, 881, 137
630, 188, 167
631, 167, 882
632, 878, 188
633, 233, 221
634, 221, 205
635, 247, 233
636, 300, 292
637, 292, 274
638, 314, 300
639, 350, 341
640, 341, 329
641, 363, 350
642, 400, 394
643, 394, 382
644, 879, 400
645, 467, 454
646, 454, 436
647, 883, 467
648, 520, 496
649, 496, 483
650, 884, 520
651, 569, 554
652, 554, 537
653, 586, 569
654, 631, 614
655, 614, 589
656, 885, 631
657, 692, 666
658, 666, 886
659, 701, 692
660, 743, 716
661, 716, 708
662, 761, 743
663, 811, 789
664, 789, 880
665, 1035, 811
666, 26, 1036
667, 877, 36
668, 104, 92
669, 881, 104
670, 878, 882
671, 247, 205
672, 314, 274
673, 373, 363
674, 363, 329
675, 382, 378
676, 879, 382
677, 883, 436
678, 884, 492
679, 586, 537
680, 885, 589
681, 695, 886
682, 761, 715
683, 1037, 880
684, 36, 26
685, 26, 12
686, 46, 36
687, 92, 877
688, 877, 72
689, 111, 92
690, 882, 881
691, 881, 127
692, 178, 882
693, 205, 878
694, 878, 186
695, 222, 205
696, 274, 247
697, 247, 231
698, 293, 274
699, 329, 314
700, 314, 295
701, 345, 329
702, 378, 373
703, 373, 360
704, 387, 378
705, 436, 879
706, 879, 404
707, 451, 436
708, 483, 883
709, 492, 483
710, 883, 458
711, 505, 492
712, 537, 884
713, 884, 522
714, 550, 537
715, 589, 586
716, 586, 579
717, 605, 589
718, 886, 885
719, 885, 628
720, 669, 886
721, 708, 701
722, 701, 695
723, 715, 708
724, 695, 680
725, 729, 715
726, 880, 761
727, 761, 745
728, 780, 880
729, 1038, 808
730, 12, 1039
731, 27, 12
732, 72, 46
733, 46, 35
734, 88, 72
735, 127, 111
736, 111, 93
737, 143, 127
738, 186, 178
739, 178, 162
740, 893, 186
741, 231, 222
742, 222, 894
743, 887, 231
744, 295, 293
745, 293, 277
746, 312, 295
747, 360, 345
748, 345, 328
749, 895, 360
750, 404, 387
751, 387, 376
752, 888, 404
753, 458, 451
754, 451, 432
755, 889, 458
756, 522, 505
757, 505, 890
758, 896, 522
759, 579, 550
760, 550, 897
761, 587, 579
762, 628, 605
763, 605, 590
764, 640, 628
765, 680, 669
766, 669, 891
767, 892, 680
768, 745, 729
769, 729, 714
770, 757, 745
771, 808, 780
772, 780, 764
773, 1040, 808
774, 27, 1041
775, 88, 35
776, 149, 143
777, 143, 103
778, 162, 160
779, 893, 162
780, 887, 894
781, 277, 270
782, 312, 277
783, 895, 328
784, 888, 376
785, 889, 432
786, 896, 890
787, 587, 897
788, 648, 640
789, 640, 590
790, 892, 891
791, 757, 714
792, 1042, 764
793, 35, 27
794, 27, 9
795, 50, 35
796, 93, 88
797, 103, 93
798, 88, 68
799, 121, 103
800, 160, 149
801, 149, 141
802, 165, 160
803, 894, 893
804, 893, 181
805, 228, 894
806, 270, 887
807, 887, 240
808, 284, 270
809, 328, 312
810, 312, 296
811, 343, 328
812, 376, 895
813, 895, 355
814, 392, 376
815, 432, 888
816, 888, 410
817, 441, 432
818, 890, 889
819, 889, 469
820, 495, 890
821, 897, 896
822, 896, 515
823, 557, 897
824, 590, 587
825, 587, 573
826, 610, 590
827, 891, 648
828, 648, 634
829, 663, 891
830, 714, 892
831, 892, 681
832, 728, 714
833, 764, 757
834, 757, 741
835, 784, 764
836, 1043, 810
837, 9, 1044
838, 25, 9
839, 68, 50
840, 50, 39
841, 85, 68
842, 141, 121
843, 121, 106
844, 898, 141
845, 181, 165
846, 165, 901
847, 195, 181
848, 240, 228
849, 228, 212
850, 252, 240
851, 296, 284
852, 284, 902
853, 899, 296
854, 355, 343
855, 343, 900
856, 367, 355
857, 410, 392
858, 392, 380
859, 421, 410
860, 469, 441
861, 441, 428
862, 481, 469
863, 515, 495
864, 495, 903
865, 528, 515
866, 573, 557
867, 557, 545
868, 581, 573
869, 634, 610
870, 610, 904
871, 905, 634
872, 681, 663
873, 663, 649
874, 906, 681
875, 741, 728
876, 728, 710
877, 754, 741
878, 810, 784
879, 784, 769
880, 1045, 810
881, 25, 1046
882, 85, 39
883, 106, 94
884, 898, 106
885, 195, 901
886, 252, 212
887, 899, 902
888, 367, 900
889, 427, 421
890, 421, 380
891, 474, 428
892, 528, 903
893, 581, 545
894, 905, 904
895, 906, 658
896, 754, 710
897, 1047, 769
898, 39, 25
899, 25, 7
900, 53, 39
901, 94, 85
902, 85, 69
903, 116, 94
904, 901, 898
905, 898, 136
906, 170, 901
907, 212, 195
908, 195, 180
909, 229, 212
910, 902, 252
911, 252, 235
912, 288, 902
913, 900, 899
914, 899, 306
915, 333, 900
916, 380, 367
917, 367, 348
918, 396, 380
919, 428, 427
920, 427, 415
921, 439, 428
922, 903, 481
923, 481, 474
924, 474, 464
925, 502, 903
926, 545, 528
927, 528, 512
928, 561, 545
929, 904, 581
930, 581, 564
931, 619, 904
932, 649, 905
933, 658, 649
934, 905, 629
935, 667, 658
936, 710, 906
937, 906, 688
938, 722, 710
939, 769, 754
940, 754, 740
941, 786, 769
942, 1048, 807
943, 7, 1049
944, 24, 7
945, 69, 53
946, 53, 913
947, 914, 69
948, 136, 116
949, 116, 907
950, 150, 136
951, 180, 170
952, 170, 154
953, 908, 180
954, 235, 229
955, 229, 213
956, 251, 235
957, 306, 288
958, 288, 265
959, 322, 306
960, 348, 333
961, 333, 325
962, 909, 348
963, 415, 396
964, 396, 915
965, 426, 415
966, 464, 439
967, 439, 916
968, 910, 464
969, 512, 502
970, 502, 911
971, 530, 512
972, 564, 561
973, 561, 544
974, 912, 564
975, 629, 619
976, 619, 600
977, 917, 629
978, 688, 667
979, 667, 653
980, 703, 688
981, 740, 722
982, 722, 709
983, 760, 740
984, 807, 786
985, 786, 766
986, 1050, 807
987, 24, 1051
988, 914, 913
989, 150, 907
990, 908, 154
991, 213, 204
992, 258, 251
993, 251, 213
994, 315, 265
995, 909, 325
996, 418, 915
997, 910, 916
998, 530, 911
999, 912, 544
1000, 917, 600
1001, 703, 653
1002, 760, 709
1003, 1052, 766
1004, 913, 24
1005, 24, 13
1006, 44, 913
1007, 907, 914
1008, 914, 71
1009, 114, 907
1010, 154, 150
1011, 150, 139
1012, 169, 154
1013, 204, 908
1014, 908, 191
1015, 217, 204
1016, 265, 258
1017, 258, 243
1018, 280, 265
1019, 325, 322
1020, 322, 315
1021, 315, 299
1022, 340, 325
1023, 915, 909
1024, 909, 354
1025, 395, 915
1026, 916, 426
1027, 426, 418
1028, 418, 407
1029, 445, 916
1030, 911, 910
1031, 910, 470
1032, 494, 911
1033, 544, 530
1034, 530, 519
1035, 553, 544
1036, 600, 912
1037, 912, 576
1038, 609, 600
1039, 653, 917
1040, 917, 625
1041, 673, 653
1042, 709, 703
1043, 703, 690
1044, 720, 709
1045, 766, 760
1046, 760, 747
1047, 781, 766
1048, 1053, 797
1049, 13, 1054
1050, 922, 13
1051, 71, 44
1052, 44, 33
1053, 87, 71
1054, 139, 114
1055, 114, 98
1056, 923, 139
1057, 191, 169
1058, 169, 156
1059, 918, 191
1060, 243, 217
1061, 217, 202
1062, 924, 243
1063, 299, 280
1064, 280, 263
1065, 316, 299
1066, 354, 340
1067, 340, 919
1068, 365, 354
1069, 407, 395
1070, 395, 381
1071, 417, 407
1072, 470, 445
1073, 445, 433
1074, 480, 470
1075, 519, 494
1076, 494, 482
1077, 925, 519
1078, 576, 553
1079, 553, 926
1080, 927, 576
1081, 625, 609
1082, 609, 595
1083, 642, 625
1084, 690, 673
1085, 673, 920
1086, 921, 690
1087, 747, 720
1088, 720, 706
1089, 928, 747
1090, 797, 781
1091, 781, 763
1092, 1055, 797
1093, 922, 1056
1094, 77, 33
1095, 923, 109
1096, 918, 156
1097, 924, 202
1098, 316, 273
1099, 365, 919
1100, 417, 381
1101, 480, 433
1102, 925, 489
1103, 927, 926
1104, 642, 595
1105, 921, 920
1106, 928, 706
1107, 1057, 763
1108, 33, 922
1109, 922, 3
1110, 48, 33
1111, 98, 87
1112, 87, 77
1113, 109, 98
1114, 77, 61
1115, 125, 109
1116, 156, 923
1117, 923, 133
1118, 171, 156
1119, 202, 918
1120, 918, 192
1121, 219, 202
1122, 263, 924
1123, 273, 263
1124, 924, 234
1125, 290, 273
1126, 919, 316
1127, 316, 301
1128, 339, 919
1129, 381, 365
1130, 365, 351
1131, 397, 381
1132, 433, 417
1133, 417, 403
1134, 450, 433
1135, 482, 480
1136, 489, 482
1137, 480, 465
1138, 500, 489
1139, 926, 925
1140, 925, 518
1141, 556, 926
1142, 595, 927
1143, 927, 565
1144, 612, 595
1145, 920, 642
1146, 642, 626
1147, 670, 920
1148, 706, 921
1149, 921, 693
1150, 719, 706
1151, 763, 928
1152, 928, 742
1153, 782, 763
1154, 1058, 805
1155, 3, 1059
1156, 16, 3
1157, 61, 48
1158, 48, 34
1159, 78, 61
1160, 133, 125
1161, 125, 105
1162, 148, 133
1163, 192, 171
1164, 171, 159
1165, 933, 192
1166, 234, 219
1167, 219, 208
1168, 249, 234
1169, 301, 290
1170, 290, 268
1171, 934, 301
1172, 351, 339
1173, 339, 326
1174, 929, 351
1175, 403, 397
1176, 397, 930
1177, 419, 403
1178, 465, 450
1179, 450, 435
1180, 475, 465
1181, 518, 500
1182, 500, 935
1183, 529, 518
1184, 565, 556
1185, 556, 931
1186, 932, 565
1187, 626, 612
1188, 612, 597
1189, 644, 626
1190, 693, 670
1191, 670, 652
1192, 700, 693
1193, 742, 719
1194, 719, 711
1195, 751, 742
1196, 805, 782
1197, 782, 765
1198, 1060, 805
1199, 29, 16
1200, 16, 1061
1201, 78, 34
1202, 148, 105
1203, 933, 159
1204, 259, 249
1205, 249, 208
1206, 934, 268
1207, 929, 326
1208, 419, 930
1209, 475, 435
1210, 529, 935
1211, 932, 931
1212, 644, 597
1213, 694, 652
1214, 751, 711
1215, 1062, 778
1216, 34, 29
1217, 29, 14
1218, 45, 34
1219, 105, 78
1220, 78, 60
1221, 124, 105
1222, 159, 148
1223, 148, 131
1224, 176, 159
1225, 208, 933
1226, 933, 182
1227, 227, 208
1228, 268, 259
1229, 259, 245
1230, 281, 268
1231, 326, 934
1232, 934, 297
1233, 344, 326
1234, 930, 929
1235, 929, 359
1236, 386, 930
1237, 435, 419
1238, 419, 408
1239, 447, 435
1240, 935, 475
1241, 475, 457
1242, 506, 935
1243, 931, 529
1244, 529, 517
1245, 555, 931
1246, 597, 932
1247, 932, 566
1248, 617, 597
1249, 652, 644
1250, 644, 635
1251, 662, 652
1252, 711, 700
1253, 700, 694
1254, 694, 678
1255, 730, 711
1256, 765, 751
1257, 778, 765
1258, 751, 736
1259, 792, 778
1260, 1063, 796
1261, 14, 1064
1262, 940, 14
1263, 60, 45
1264, 45, 941
1265, 76, 60
1266, 131, 124
1267, 124, 108
1268, 936, 131
1269, 182, 176
1270, 176, 157
1271, 197, 182
1272, 245, 227
1273, 227, 211
1274, 255, 245
1275, 297, 281
1276, 281, 267
1277, 937, 297
1278, 359, 344
1279, 344, 938
1280, 369, 359
1281, 408, 386
1282, 386, 942
1283, 943, 408
1284, 457, 447
1285, 447, 944
1286, 473, 457
1287, 517, 506
1288, 506, 487
1289, 945, 517
1290, 566, 555
1291, 555, 541
1292, 582, 566
1293, 635, 617
1294, 617, 599
1295, 646, 635
1296, 678, 662
1297, 662, 650
1298, 696, 678
1299, 736, 730
1300, 730, 939
1301, 752, 736
1302, 796, 792
1303, 792, 776
1304, 1065, 796
1305, 940, 1066
1306, 76, 941
1307, 936, 108
1308, 197, 157
1309, 248, 211
1310, 937, 276
1311, 369, 938
1312, 943, 942
1313, 473, 944
1314, 945, 487
1315, 582, 541
1316, 646, 599
1317, 696, 659
1318, 752, 939
1319, 776, 771
1320, 1067, 776
1321, 941, 940
1322, 940, 2
1323, 57, 941
1324, 108, 76
1325, 76, 59
1326, 126, 108
1327, 157, 936
1328, 936, 138
1329, 166, 157
1330, 211, 197
1331, 197, 185
1332, 223, 211
1333, 267, 255
1334, 255, 248
1335, 276, 267
1336, 248, 232
1337, 291, 276
1338, 938, 937
1339, 937, 309
1340, 334, 938
1341, 942, 369
1342, 369, 353
1343, 391, 942
1344, 944, 943
1345, 943, 401
1346, 453, 944
1347, 487, 473
1348, 473, 463
1349, 501, 487
1350, 541, 945
1351, 945, 514
1352, 560, 541
1353, 599, 582
1354, 582, 570
1355, 616, 599
1356, 650, 646
1357, 659, 650
1358, 646, 627
1359, 672, 659
1360, 939, 696
1361, 696, 684
1362, 724, 939
1363, 771, 752
1364, 752, 735
1365, 790, 771
1366, 1068, 801
1367, 2, 1069
1368, 18, 2
1369, 59, 57
1370, 57, 946
1371, 75, 59
1372, 138, 126
1373, 126, 107
1374, 955, 138
1375, 185, 166
1376, 166, 947
1377, 948, 185
1378, 232, 223
1379, 223, 210
1380, 949, 232
1381, 309, 291
1382, 291, 271
1383, 956, 309
1384, 353, 334
1385, 334, 950
1386, 364, 353
1387, 401, 391
1388, 391, 951
1389, 952, 401
1390, 463, 453
1391, 453, 953
1392, 479, 463
1393, 514, 501
1394, 501, 484
1395, 954, 514
1396, 570, 560
1397, 560, 538
1398, 585, 570
1399, 627, 616
1400, 616, 602
1401, 641, 627
1402, 684, 672
1403, 672, 957
1404, 702, 684
1405, 735, 724
1406, 724, 712
1407, 750, 735
1408, 801, 790
1409, 790, 772
1410, 1070, 801
1411, 18, 1071
1412, 79, 75
1413, 75, 946
1414, 955, 107
1415, 948, 947
1416, 949, 210
1417, 956, 271
1418, 374, 364
1419, 364, 950
1420, 952, 951
1421, 479, 953
1422, 954, 484
1423, 585, 538
1424, 602, 591
1425, 641, 602
1426, 702, 957
1427, 712, 704
1428, 762, 750
1429, 750, 712
1430, 1072, 772
1431, 946, 18
1432, 18, 1
1433, 56, 946
1434, 107, 79
1435, 79, 62
1436, 123, 107
1437, 947, 955
1438, 955, 140
1439, 163, 947
1440, 210, 948
1441, 948, 187
1442, 225, 210
1443, 271, 949
1444, 949, 237
1445, 286, 271
1446, 950, 956
1447, 956, 304
1448, 335, 950
1449, 951, 374
1450, 374, 362
1451, 385, 951
1452, 953, 952
1453, 952, 413
1454, 443, 953
1455, 484, 479
1456, 479, 468
1457, 497, 484
1458, 538, 954
1459, 954, 525
1460, 549, 538
1461, 591, 585
1462, 585, 578
1463, 604, 591
1464, 957, 641
1465, 641, 622
1466, 675, 957
1467, 704, 702
1468, 702, 691
1469, 717, 704
1470, 772, 762
1471, 762, 744
1472, 788, 772
1473, 1073, 799
1474, 1, 1074
1475, 17, 1
1476, 62, 56
1477, 56, 41
1478, 81, 62
1479, 140, 123
1480, 123, 102
1481, 151, 140
1482, 187, 163
1483, 163, 959
1484, 960, 187
1485, 237, 225
1486, 225, 209
1487, 253, 237
1488, 304, 286
1489, 286, 269
1490, 320, 304
1491, 362, 335
1492, 335, 958
1493, 372, 362
1494, 413, 385
1495, 385, 375
1496, 425, 413
1497, 468, 443
1498, 443, 430
1499, 961, 468
1500, 525, 497
1501, 497, 962
1502, 963, 525
1503, 578, 549
1504, 549, 534
1505, 964, 578
1506, 622, 604
1507, 604, 592
1508, 637, 622
1509, 691, 675
1510, 675, 965
1511, 966, 691
1512, 744, 717
1513, 717, 707
1514, 758, 744
1515, 799, 788
1516, 788, 768
1517, 1075, 799
1518, 17, 1076
1519, 81, 41
1520, 151, 102
1521, 960, 959
1522, 253, 209
1523, 320, 269
1524, 372, 958
1525, 425, 375
1526, 961, 430
1527, 963, 962
1528, 964, 534
1529, 637, 601
1530, 966, 965
1531, 758, 707
1532, 1077, 768
1533, 41, 17
1534, 17, 4
1535, 55, 41
1536, 102, 81
1537, 81, 63
1538, 120, 102
1539, 959, 151
1540, 151, 134
1541, 172, 959
1542, 209, 960
1543, 960, 183
1544, 226, 209
1545, 269, 253
1546, 253, 236
1547, 289, 269
1548, 958, 320
1549, 320, 305
1550, 336, 958
1551, 375, 372
1552, 372, 361
1553, 384, 375
1554, 430, 425
1555, 425, 411
1556, 444, 430
1557, 962, 961
1558, 961, 461
1559, 503, 962
1560, 534, 963
1561, 963, 524
1562, 548, 534
1563, 592, 964
1564, 601, 592
1565, 964, 568
1566, 615, 601
1567, 965, 637
1568, 637, 621
1569, 677, 965
1570, 707, 966
1571, 966, 683
1572, 721, 707
1573, 768, 758
1574, 758, 746
1575, 783, 768
1576, 1078, 804
1577, 4, 1079
1578, 20, 4
1579, 63, 55
1580, 55, 967
1581, 80, 63
1582, 134, 120
1583, 120, 96
1584, 972, 134
1585, 183, 172
1586, 172, 158
1587, 196, 183
1588, 236, 226
1589, 226, 968
1590, 250, 236
1591, 305, 289
1592, 289, 275
1593, 969, 305
1594, 361, 336
1595, 336, 323
1596, 371, 361
1597, 411, 384
1598, 384, 973
1599, 974, 411
1600, 461, 444
1601, 444, 975
1602, 976, 461
1603, 524, 503
1604, 503, 490
1605, 533, 524
1606, 568, 548
1607, 548, 535
1608, 970, 568
1609, 621, 615
1610, 615, 596
1611, 638, 621
1612, 683, 677
1613, 677, 661
1614, 971, 683
1615, 746, 721
1616, 721, 977
1617, 978, 746
1618, 804, 783
1619, 783, 767
1620, 1080, 804
1621, 20, 1081
1622, 91, 80
1623, 80, 967
1624, 972, 96
1625, 196, 158
1626, 260, 250
1627, 250, 968
1628, 275, 262
1629, 969, 275
1630, 371, 323
1631, 974, 973
1632, 976, 975
1633, 533, 490
1634, 970, 535
1635, 638, 596
1636, 661, 657
1637, 971, 661
1638, 978, 977
1639, 1082, 767
1640, 967, 20
1641, 20, 11
1642, 49, 967
1643, 96, 91
1644, 91, 74
1645, 113, 96
1646, 158, 972
1647, 972, 132
1648, 173, 158
1649, 968, 196
1650, 196, 184
1651, 224, 968
1652, 262, 260
1653, 260, 246
1654, 278, 262
1655, 323, 969
1656, 969, 308
1657, 332, 323
1658, 973, 371
1659, 371, 357
1660, 390, 973
1661, 975, 974
1662, 974, 405
1663, 448, 975
1664, 490, 976
1665, 976, 456
1666, 507, 490
1667, 535, 533
1668, 533, 521
1669, 552, 535
1670, 596, 970
1671, 970, 575
1672, 611, 596
1673, 657, 638
1674, 638, 623
1675, 674, 657
1676, 977, 971
1677, 971, 689
1678, 725, 977
1679, 767, 978
1680, 978, 738
1681, 785, 767
1682, 1083, 806
1683, 11, 1084
1684, 1085, 11
1685, 74, 49
1686, 49, 1086
1687, 1108, 74
1688, 132, 113
1689, 113, 1109
1690, 1110, 132
1691, 184, 173
1692, 173, 1087
1693, 1088, 184
1694, 246, 224
1695, 224, 1089
1696, 1111, 246
1697, 308, 278
1698, 278, 1112
1699, 1113, 308
1700, 357, 332
1701, 332, 1114
1702, 1115, 357
1703, 405, 390
1704, 390, 1116
1705, 1090, 405
1706, 456, 448
1707, 448, 1091
1708, 1092, 456
1709, 521, 507
1710, 507, 1117
1711, 1118, 521
1712, 575, 552
1713, 552, 1119
1714, 1120, 575
1715, 623, 611
1716, 611, 1093
1717, 1094, 623
1718, 689, 674
1719, 674, 1095
1720, 1121, 689
1721, 738, 725
1722, 725, 1096
1723, 1097, 738
1724, 806, 785
1725, 785, 1098
1726, 1099, 806
1727, 1108, 1100
1728, 1110, 1109
1729, 1111, 1101
1730, 1113, 1112
1731, 1115, 1114
1732, 1102, 1116
1733, 1118, 1117
1734, 1120, 1119
1735, 1109, 1108
1736, 1103, 1110
1737, 1112, 1111
1738, 1114, 1113
1739, 1116, 1115
1740, 1117, 1104
1741, 1119, 1118
1742, 1105, 1120
1743, 1106, 1121
