1, 1377, 1346
2, 1346, 21
3, 6, 1377
4, 1347, 1368
5, 21, 1347
6, 1368, 1192
7, 1366, 1378
8, 3, 1366
9, 1378, 6
10, 1375, 1363
11, 1363, 20
12, 18, 1375
13, 1353, 1361
14, 5, 1353
15, 1361, 19
16, 1372, 1370
17, 1370, 7
18, 10, 1372
19, 1374, 1388
20, 17, 1374
21, 1388, 16
22, 1389, 1358
23, 1358, 2
24, 16, 1389
25, 1359, 1352
26, 1352, 5
27, 2, 1359
28, 1349, 1364
29, 8, 1349
30, 1364, 4
31, 1365, 1350
32, 1350, 9
33, 4, 1365
34, 1351, 1367
35, 9, 1351
36, 1367, 3
37, 1369, 1373
38, 7, 1369
39, 1373, 17
40, 1360, 1376
41, 19, 1360
42, 1376, 18
43, 1382, 1384
44, 15, 1382
45, 1384, 1
46, 1383, 1386
47, 1, 1383
48, 1386, 13
49, 1387, 1357
50, 1357, 11
51, 13, 1387
52, 1356, 1354
53, 1354, 12
54, 11, 1356
55, 1385, 1380
56, 1380, 14
57, 1193, 1385
58, 1379, 1381
59, 14, 1379
60, 1381, 15
61, 1355, 1371
62, 12, 1355
63, 1371, 10
64, 1362, 1348
65, 1348, 8
66, 20, 1362
67, 3, 6
68, 8, 4
69, 6, 21
70, 19, 18
71, 18, 20
72, 17, 16
73, 11, 12
74, 12, 10
75, 16, 2
76, 2, 5
77, 20, 8
78, 4, 9
79, 1194, 14
80, 5, 19
81, 14, 15
82, 15, 1
83, 1, 13
84, 7, 17
85, 9, 3
86, 13, 11
87, 10, 7
88, 21, 1195
89, 64, 1196
90, 23, 6
91, 6, 65
92, 27, 20
93, 20, 62
94, 60, 9
95, 9, 31
96, 3, 63
97, 61, 3
98, 58, 2
99, 2, 59
100, 30, 18
101, 18, 43
102, 17, 35
103, 57, 17
104, 37, 16
105, 16, 32
106, 19, 42
107, 39, 19
108, 8, 26
109, 28, 8
110, 25, 4
111, 4, 33
112, 22, 21
113, 21, 24
114, 11, 55
115, 45, 11
116, 56, 10
117, 10, 54
118, 48, 1
119, 1, 49
120, 7, 34
121, 40, 7
122, 29, 5
123, 5, 41
124, 1197, 50
125, 52, 15
126, 15, 38
127, 44, 13
128, 13, 53
129, 46, 12
130, 12, 36
131, 51, 14
132, 14, 47
133, 65, 22
134, 69, 65
135, 22, 75
136, 62, 28
137, 70, 62
138, 28, 83
139, 59, 29
140, 67, 59
141, 29, 86
142, 63, 23
143, 23, 69
144, 66, 63
145, 24, 64
146, 64, 1198
147, 75, 24
148, 34, 57
149, 57, 77
150, 85, 34
151, 31, 61
152, 80, 31
153, 61, 66
154, 26, 25
155, 83, 26
156, 25, 71
157, 54, 40
158, 73, 54
159, 40, 85
160, 41, 39
161, 39, 72
162, 86, 41
163, 42, 30
164, 30, 74
165, 72, 42
166, 43, 27
167, 27, 70
168, 74, 43
169, 53, 45
170, 45, 84
171, 76, 53
172, 50, 51
173, 1199, 50
174, 51, 81
175, 47, 52
176, 52, 82
177, 81, 47
178, 38, 48
179, 48, 68
180, 82, 38
181, 49, 44
182, 68, 49
183, 44, 76
184, 36, 56
185, 56, 73
186, 78, 36
187, 55, 46
188, 84, 55
189, 46, 78
190, 32, 58
191, 58, 67
192, 79, 32
193, 33, 60
194, 60, 80
195, 71, 33
196, 35, 37
197, 77, 35
198, 37, 79
199, 75, 1200
200, 79, 67
201, 69, 75
202, 86, 72
203, 72, 74
204, 67, 86
205, 68, 76
206, 73, 85
207, 85, 77
208, 77, 79
209, 70, 83
210, 83, 71
211, 71, 80
212, 81, 82
213, 76, 84
214, 82, 68
215, 1201, 81
216, 84, 78
217, 78, 73
218, 74, 70
219, 80, 66
220, 66, 69
221, 69, 98
222, 91, 69
223, 70, 89
224, 93, 70
225, 130, 71
226, 71, 127
227, 94, 83
228, 83, 87
229, 108, 67
230, 67, 109
231, 126, 74
232, 74, 120
233, 106, 77
234, 77, 122
235, 79, 123
236, 107, 79
237, 86, 88
238, 125, 86
239, 96, 66
240, 66, 97
241, 75, 99
242, 92, 75
243, 129, 1202
244, 110, 84
245, 84, 112
246, 115, 78
247, 78, 100
248, 73, 119
249, 124, 73
250, 102, 85
251, 85, 121
252, 128, 72
253, 72, 101
254, 68, 103
255, 118, 68
256, 1203, 113
257, 81, 111
258, 105, 81
259, 114, 82
260, 82, 104
261, 116, 76
262, 76, 117
263, 95, 80
264, 80, 90
265, 99, 129
266, 135, 99
267, 129, 1204
268, 87, 130
269, 130, 134
270, 136, 87
271, 98, 92
272, 146, 98
273, 92, 135
274, 109, 125
275, 133, 109
276, 125, 141
277, 101, 126
278, 126, 142
279, 144, 101
280, 119, 102
281, 138, 119
282, 102, 139
283, 120, 93
284, 93, 137
285, 142, 120
286, 88, 128
287, 141, 88
288, 128, 144
289, 127, 95
290, 134, 127
291, 95, 145
292, 117, 110
293, 110, 148
294, 143, 117
295, 121, 106
296, 106, 140
297, 139, 121
298, 100, 124
299, 149, 100
300, 124, 138
301, 122, 107
302, 140, 122
303, 107, 147
304, 90, 96
305, 96, 131
306, 145, 90
307, 104, 118
308, 118, 132
309, 151, 104
310, 103, 116
311, 132, 103
312, 116, 143
313, 112, 115
314, 148, 112
315, 115, 149
316, 113, 105
317, 1205, 113
318, 105, 150
319, 111, 114
320, 150, 111
321, 114, 151
322, 89, 94
323, 137, 89
324, 94, 136
325, 123, 108
326, 108, 133
327, 147, 123
328, 97, 91
329, 91, 146
330, 131, 97
331, 145, 131
332, 131, 146
333, 135, 1206
334, 136, 134
335, 146, 135
336, 147, 133
337, 139, 140
338, 140, 147
339, 133, 141
340, 141, 144
341, 151, 132
342, 132, 143
343, 149, 138
344, 150, 151
345, 1207, 150
346, 138, 139
347, 143, 148
348, 148, 149
349, 144, 142
350, 137, 136
351, 134, 145
352, 142, 137
353, 155, 131
354, 131, 153
355, 195, 1208
356, 145, 163
357, 192, 145
358, 137, 193
359, 156, 137
360, 191, 134
361, 134, 159
362, 168, 141
363, 141, 185
364, 158, 142
365, 142, 160
366, 161, 144
367, 144, 167
368, 149, 164
369, 170, 149
370, 186, 143
371, 143, 172
372, 187, 138
373, 138, 181
374, 139, 188
375, 189, 139
376, 136, 162
377, 157, 136
378, 194, 146
379, 146, 190
380, 135, 152
381, 154, 135
382, 178, 148
383, 148, 182
384, 173, 140
385, 140, 179
386, 1209, 169
387, 150, 174
388, 176, 150
389, 151, 175
390, 171, 151
391, 165, 132
392, 132, 177
393, 147, 180
394, 166, 147
395, 183, 133
396, 133, 184
397, 160, 156
398, 156, 208
399, 215, 160
400, 167, 158
401, 158, 215
402, 214, 167
403, 190, 154
404, 211, 190
405, 154, 216
406, 152, 195
407, 195, 1210
408, 216, 152
409, 193, 157
410, 208, 193
411, 157, 199
412, 162, 191
413, 191, 209
414, 199, 162
415, 153, 194
416, 198, 153
417, 194, 211
418, 180, 183
419, 203, 180
420, 183, 197
421, 159, 192
422, 192, 210
423, 209, 159
424, 185, 161
425, 200, 185
426, 161, 214
427, 181, 189
428, 204, 181
429, 189, 202
430, 179, 166
431, 207, 179
432, 166, 203
433, 182, 170
434, 170, 206
435, 201, 182
436, 177, 186
437, 186, 212
438, 196, 177
439, 164, 187
440, 206, 164
441, 187, 204
442, 184, 168
443, 168, 200
444, 197, 184
445, 163, 155
446, 155, 198
447, 210, 163
448, 175, 165
449, 205, 175
450, 165, 196
451, 174, 171
452, 213, 174
453, 171, 205
454, 169, 176
455, 1211, 169
456, 176, 213
457, 172, 178
458, 212, 172
459, 178, 201
460, 188, 173
461, 202, 188
462, 173, 207
463, 210, 198
464, 211, 216
465, 216, 1212
466, 197, 200
467, 200, 214
468, 199, 209
469, 202, 207
470, 214, 215
471, 209, 210
472, 212, 201
473, 201, 206
474, 206, 204
475, 207, 203
476, 213, 205
477, 205, 196
478, 1213, 213
479, 204, 202
480, 203, 197
481, 215, 208
482, 208, 199
483, 196, 212
484, 198, 211
485, 260, 216
486, 216, 217
487, 223, 1214
488, 254, 215
489, 215, 255
490, 210, 249
491, 219, 210
492, 211, 220
493, 259, 211
494, 197, 240
495, 239, 197
496, 246, 204
497, 204, 233
498, 202, 225
499, 234, 202
500, 251, 203
501, 203, 243
502, 244, 200
503, 200, 252
504, 222, 208
505, 208, 257
506, 199, 221
507, 229, 199
508, 256, 209
509, 209, 258
510, 237, 205
511, 205, 231
512, 212, 232
513, 235, 212
514, 248, 196
515, 196, 242
516, 228, 214
517, 214, 241
518, 213, 238
519, 236, 213
520, 1215, 245
521, 247, 201
522, 201, 224
523, 250, 207
524, 207, 227
525, 253, 206
526, 206, 226
527, 230, 198
528, 198, 218
529, 255, 222
530, 266, 255
531, 222, 271
532, 243, 239
533, 239, 261
534, 268, 243
535, 218, 259
536, 259, 265
537, 263, 218
538, 249, 230
539, 272, 249
540, 230, 263
541, 220, 260
542, 260, 264
543, 265, 220
544, 227, 251
545, 251, 268
546, 277, 227
547, 240, 244
548, 261, 240
549, 244, 269
550, 252, 228
551, 269, 252
552, 228, 273
553, 242, 235
554, 235, 280
555, 262, 242
556, 232, 247
557, 280, 232
558, 247, 279
559, 224, 253
560, 279, 224
561, 253, 275
562, 225, 250
563, 276, 225
564, 250, 277
565, 226, 246
566, 246, 274
567, 275, 226
568, 233, 234
569, 274, 233
570, 234, 276
571, 221, 256
572, 270, 221
573, 256, 267
574, 258, 219
575, 219, 272
576, 267, 258
577, 245, 236
578, 236, 278
579, 1216, 245
580, 238, 237
581, 237, 281
582, 278, 238
583, 231, 248
584, 281, 231
585, 248, 262
586, 241, 254
587, 254, 266
588, 273, 241
589, 257, 229
590, 271, 257
591, 229, 270
592, 217, 223
593, 264, 217
594, 223, 1217
595, 270, 267
596, 263, 265
597, 264, 1218
598, 273, 266
599, 274, 276
600, 269, 273
601, 266, 271
602, 267, 272
603, 272, 263
604, 281, 262
605, 276, 277
606, 271, 270
607, 278, 281
608, 262, 280
609, 1219, 278
610, 280, 279
611, 279, 275
612, 275, 274
613, 277, 268
614, 268, 261
615, 261, 269
616, 265, 264
617, 322, 1220
618, 324, 265
619, 265, 325
620, 323, 271
621, 271, 285
622, 273, 315
623, 312, 273
624, 269, 297
625, 319, 269
626, 263, 282
627, 310, 263
628, 293, 277
629, 277, 294
630, 296, 268
631, 268, 318
632, 288, 261
633, 261, 289
634, 305, 279
635, 279, 292
636, 274, 287
637, 306, 274
638, 314, 276
639, 276, 299
640, 284, 266
641, 266, 316
642, 270, 313
643, 321, 270
644, 291, 280
645, 280, 311
646, 298, 275
647, 275, 304
648, 1221, 300
649, 278, 308
650, 301, 278
651, 281, 295
652, 307, 281
653, 302, 262
654, 262, 303
655, 309, 267
656, 267, 286
657, 317, 272
658, 272, 320
659, 264, 283
660, 290, 264
661, 325, 290
662, 336, 325
663, 290, 329
664, 286, 317
665, 337, 286
666, 317, 343
667, 294, 296
668, 338, 294
669, 296, 331
670, 285, 321
671, 333, 285
672, 321, 335
673, 282, 324
674, 324, 336
675, 326, 282
676, 304, 306
677, 306, 341
678, 339, 304
679, 320, 310
680, 310, 326
681, 343, 320
682, 287, 314
683, 341, 287
684, 314, 342
685, 318, 288
686, 331, 318
687, 288, 327
688, 297, 312
689, 312, 330
690, 332, 297
691, 315, 284
692, 330, 315
693, 284, 334
694, 316, 323
695, 323, 333
696, 334, 316
697, 313, 309
698, 335, 313
699, 309, 337
700, 308, 307
701, 345, 308
702, 307, 344
703, 300, 301
704, 1222, 300
705, 301, 345
706, 295, 302
707, 344, 295
708, 302, 328
709, 303, 291
710, 291, 340
711, 328, 303
712, 311, 305
713, 305, 346
714, 340, 311
715, 292, 298
716, 346, 292
717, 298, 339
718, 289, 319
719, 319, 332
720, 327, 289
721, 299, 293
722, 293, 338
723, 342, 299
724, 283, 322
725, 322, 1223
726, 329, 283
727, 326, 336
728, 336, 329
729, 329, 1224
730, 332, 330
731, 341, 342
732, 327, 332
733, 335, 337
734, 337, 343
735, 340, 346
736, 346, 339
737, 342, 338
738, 334, 333
739, 333, 335
740, 345, 344
741, 339, 341
742, 331, 327
743, 1225, 345
744, 344, 328
745, 328, 340
746, 330, 334
747, 338, 331
748, 343, 326
749, 349, 336
750, 336, 347
751, 334, 388
752, 380, 334
753, 352, 333
754, 333, 358
755, 348, 343
756, 343, 353
757, 385, 329
758, 329, 354
759, 371, 344
760, 344, 366
761, 361, 339
762, 339, 381
763, 341, 387
764, 355, 341
765, 331, 384
766, 350, 331
767, 327, 369
768, 351, 327
769, 357, 330
770, 330, 363
771, 335, 367
772, 364, 335
773, 379, 337
774, 337, 359
775, 372, 328
776, 328, 362
777, 345, 370
778, 365, 345
779, 1226, 374
780, 368, 342
781, 342, 356
782, 340, 373
783, 375, 340
784, 382, 338
785, 338, 377
786, 332, 383
787, 378, 332
788, 326, 390
789, 389, 326
790, 386, 1227
791, 360, 346
792, 346, 376
793, 363, 380
794, 380, 397
795, 407, 363
796, 388, 352
797, 397, 388
798, 352, 408
799, 353, 389
800, 395, 353
801, 389, 391
802, 356, 382
803, 394, 356
804, 382, 405
805, 367, 379
806, 398, 367
807, 379, 409
808, 390, 349
809, 349, 410
810, 391, 390
811, 384, 351
812, 406, 384
813, 351, 393
814, 377, 350
815, 350, 406
816, 405, 377
817, 347, 385
818, 410, 347
819, 385, 411
820, 381, 355
821, 403, 381
822, 355, 399
823, 383, 357
824, 357, 407
825, 396, 383
826, 366, 372
827, 401, 366
828, 372, 392
829, 362, 375
830, 392, 362
831, 375, 400
832, 374, 365
833, 365, 402
834, 1228, 374
835, 373, 360
836, 400, 373
837, 360, 404
838, 387, 368
839, 399, 387
840, 368, 394
841, 370, 371
842, 371, 401
843, 402, 370
844, 376, 361
845, 361, 403
846, 404, 376
847, 369, 378
848, 393, 369
849, 378, 396
850, 358, 364
851, 408, 358
852, 364, 398
853, 359, 348
854, 348, 395
855, 409, 359
856, 354, 386
857, 411, 354
858, 386, 1229
859, 395, 391
860, 408, 398
861, 410, 411
862, 397, 408
863, 405, 406
864, 393, 396
865, 411, 1230
866, 396, 407
867, 398, 409
868, 401, 392
869, 400, 404
870, 394, 405
871, 407, 397
872, 404, 403
873, 1231, 402
874, 402, 401
875, 392, 400
876, 399, 394
877, 403, 399
878, 406, 393
879, 409, 395
880, 391, 410
881, 412, 398
882, 398, 446
883, 397, 448
884, 417, 397
885, 414, 411
886, 411, 455
887, 405, 445
888, 439, 405
889, 452, 407
890, 407, 447
891, 408, 424
892, 451, 408
893, 444, 409
894, 409, 425
895, 420, 1232
896, 394, 418
897, 428, 394
898, 433, 404
899, 404, 443
900, 393, 441
901, 440, 393
902, 427, 392
903, 392, 429
904, 400, 421
905, 432, 400
906, 399, 438
907, 435, 399
908, 434, 403
909, 403, 422
910, 1233, 430
911, 423, 402
912, 402, 442
913, 401, 431
914, 426, 401
915, 415, 406
916, 406, 436
917, 437, 396
918, 396, 416
919, 395, 454
920, 413, 395
921, 453, 391
922, 391, 449
923, 410, 450
924, 419, 410
925, 425, 413
926, 463, 425
927, 413, 459
928, 449, 419
929, 458, 449
930, 419, 461
931, 448, 451
932, 460, 448
933, 451, 462
934, 454, 453
935, 459, 454
936, 453, 458
937, 455, 420
938, 464, 455
939, 420, 1234
940, 422, 435
941, 435, 465
942, 470, 422
943, 441, 437
944, 457, 441
945, 437, 474
946, 416, 452
947, 452, 476
948, 474, 416
949, 442, 426
950, 475, 442
951, 426, 466
952, 429, 432
953, 456, 429
954, 432, 467
955, 443, 434
956, 469, 443
957, 434, 470
958, 438, 428
959, 428, 471
960, 465, 438
961, 445, 415
962, 472, 445
963, 415, 473
964, 430, 423
965, 1235, 430
966, 423, 475
967, 421, 433
968, 433, 469
969, 467, 421
970, 431, 427
971, 427, 456
972, 466, 431
973, 424, 412
974, 412, 468
975, 462, 424
976, 446, 444
977, 468, 446
978, 444, 463
979, 418, 439
980, 439, 472
981, 471, 418
982, 436, 440
983, 440, 457
984, 473, 436
985, 447, 417
986, 417, 460
987, 476, 447
988, 450, 414
989, 414, 464
990, 461, 450
991, 476, 460
992, 468, 463
993, 459, 458
994, 461, 464
995, 471, 472
996, 472, 473
997, 462, 468
998, 464, 1236
999, 473, 457
1000, 457, 474
1001, 469, 470
1002, 466, 456
1003, 465, 471
1004, 474, 476
1005, 1237, 475
1006, 456, 467
1007, 467, 469
1008, 460, 462
1009, 475, 466
1010, 470, 465
1011, 458, 461
1012, 463, 459
1013, 459, 488
1014, 519, 459
1015, 518, 458
1016, 458, 481
1017, 493, 473
1018, 473, 509
1019, 510, 467
1020, 467, 504
1021, 515, 474
1022, 474, 512
1023, 476, 480
1024, 485, 476
1025, 497, 463
1026, 463, 479
1027, 461, 520
1028, 489, 461
1029, 490, 464
1030, 464, 477
1031, 491, 1238
1032, 514, 470
1033, 470, 502
1034, 465, 511
1035, 501, 465
1036, 471, 507
1037, 482, 471
1038, 503, 475
1039, 475, 499
1040, 1239, 505
1041, 466, 513
1042, 500, 466
1043, 469, 492
1044, 506, 469
1045, 484, 456
1046, 456, 498
1047, 483, 472
1048, 472, 508
1049, 478, 460
1050, 460, 516
1051, 462, 486
1052, 496, 462
1053, 468, 487
1054, 517, 468
1055, 494, 457
1056, 457, 495
1057, 516, 496
1058, 529, 516
1059, 496, 538
1060, 481, 489
1061, 523, 481
1062, 489, 524
1063, 477, 491
1064, 528, 477
1065, 491, 1240
1066, 512, 485
1067, 526, 512
1068, 485, 534
1069, 479, 519
1070, 519, 527
1071, 530, 479
1072, 520, 490
1073, 524, 520
1074, 490, 528
1075, 502, 501
1076, 536, 502
1077, 501, 531
1078, 509, 494
1079, 533, 509
1080, 494, 521
1081, 507, 483
1082, 537, 507
1083, 483, 532
1084, 480, 478
1085, 534, 480
1086, 478, 529
1087, 486, 517
1088, 538, 486
1089, 517, 525
1090, 505, 503
1091, 503, 541
1092, 1241, 505
1093, 492, 514
1094, 514, 536
1095, 539, 492
1096, 499, 500
1097, 541, 499
1098, 500, 540
1099, 513, 484
1100, 540, 513
1101, 484, 522
1102, 498, 510
1103, 510, 535
1104, 522, 498
1105, 504, 506
1106, 535, 504
1107, 506, 539
1108, 511, 482
1109, 531, 511
1110, 482, 537
1111, 508, 493
1112, 493, 533
1113, 532, 508
1114, 495, 515
1115, 515, 526
1116, 521, 495
1117, 488, 518
1118, 527, 488
1119, 518, 523
1120, 487, 497
1121, 497, 530
1122, 525, 487
1123, 530, 527
1124, 527, 523
1125, 534, 529
1126, 537, 532
1127, 526, 534
1128, 539, 536
1129, 521, 526
1130, 532, 533
1131, 535, 539
1132, 541, 540
1133, 522, 535
1134, 533, 521
1135, 540, 522
1136, 1242, 541
1137, 529, 538
1138, 538, 525
1139, 525, 530
1140, 531, 537
1141, 524, 528
1142, 528, 1243
1143, 536, 531
1144, 523, 524
1145, 524, 544
1146, 546, 524
1147, 543, 538
1148, 538, 558
1149, 585, 523
1150, 523, 580
1151, 521, 548
1152, 553, 521
1153, 534, 584
1154, 556, 534
1155, 577, 525
1156, 525, 559
1157, 562, 528
1158, 528, 551
1159, 582, 1244
1160, 522, 574
1161, 566, 522
1162, 535, 575
1163, 549, 535
1164, 539, 576
1165, 550, 539
1166, 531, 547
1167, 572, 531
1168, 537, 561
1169, 578, 537
1170, 552, 532
1171, 532, 571
1172, 569, 533
1173, 533, 573
1174, 1245, 567
1175, 541, 570
1176, 564, 541
1177, 568, 536
1178, 536, 563
1179, 565, 540
1180, 540, 560
1181, 526, 579
1182, 583, 526
1183, 557, 529
1184, 529, 555
1185, 530, 581
1186, 554, 530
1187, 542, 527
1188, 527, 545
1189, 544, 562
1190, 605, 544
1191, 562, 601
1192, 551, 582
1193, 601, 551
1194, 582, 1246
1195, 571, 569
1196, 603, 571
1197, 569, 599
1198, 555, 543
1199, 543, 604
1200, 590, 555
1201, 559, 554
1202, 591, 559
1203, 554, 594
1204, 573, 553
1205, 553, 586
1206, 599, 573
1207, 563, 572
1208, 572, 598
1209, 602, 563
1210, 560, 566
1211, 566, 588
1212, 595, 560
1213, 548, 583
1214, 586, 548
1215, 583, 592
1216, 567, 564
1217, 1247, 567
1218, 564, 600
1219, 574, 549
1220, 588, 574
1221, 549, 589
1222, 576, 568
1223, 597, 576
1224, 568, 602
1225, 575, 550
1226, 589, 575
1227, 550, 597
1228, 579, 556
1229, 556, 593
1230, 592, 579
1231, 584, 557
1232, 593, 584
1233, 557, 590
1234, 558, 577
1235, 604, 558
1236, 577, 591
1237, 561, 552
1238, 596, 561
1239, 552, 603
1240, 545, 585
1241, 585, 587
1242, 606, 545
1243, 570, 565
1244, 600, 570
1245, 565, 595
1246, 547, 578
1247, 598, 547
1248, 578, 596
1249, 581, 542
1250, 594, 581
1251, 542, 606
1252, 580, 546
1253, 546, 605
1254, 587, 580
1255, 586, 592
1256, 594, 606
1257, 601, 1248
1258, 587, 605
1259, 598, 596
1260, 603, 599
1261, 590, 604
1262, 591, 594
1263, 600, 595
1264, 596, 603
1265, 589, 597
1266, 1249, 600
1267, 606, 587
1268, 605, 601
1269, 595, 588
1270, 588, 589
1271, 602, 598
1272, 599, 586
1273, 592, 593
1274, 593, 590
1275, 604, 591
1276, 597, 602
1277, 594, 617
1278, 628, 594
1279, 619, 1250
1280, 587, 624
1281, 649, 587
1282, 620, 599
1283, 599, 616
1284, 586, 622
1285, 621, 586
1286, 623, 604
1287, 604, 608
1288, 602, 639
1289, 629, 602
1290, 610, 596
1291, 596, 640
1292, 1251, 631
1293, 589, 638
1294, 614, 589
1295, 635, 597
1296, 597, 612
1297, 637, 588
1298, 588, 633
1299, 632, 595
1300, 595, 615
1301, 642, 592
1302, 592, 611
1303, 598, 645
1304, 636, 598
1305, 603, 641
1306, 626, 603
1307, 600, 634
1308, 630, 600
1309, 648, 593
1310, 593, 607
1311, 590, 627
1312, 643, 590
1313, 591, 613
1314, 646, 591
1315, 609, 606
1316, 606, 644
1317, 618, 605
1318, 605, 625
1319, 601, 650
1320, 647, 601
1321, 611, 648
1322, 656, 611
1323, 648, 663
1324, 624, 618
1325, 653, 624
1326, 618, 654
1327, 616, 621
1328, 665, 616
1329, 621, 652
1330, 622, 642
1331, 652, 622
1332, 642, 656
1333, 607, 643
1334, 663, 607
1335, 643, 669
1336, 608, 646
1337, 660, 608
1338, 646, 658
1339, 613, 628
1340, 628, 657
1341, 658, 613
1342, 644, 649
1343, 649, 653
1344, 661, 644
1345, 625, 647
1346, 654, 625
1347, 647, 655
1348, 612, 629
1349, 629, 667
1350, 662, 612
1351, 650, 619
1352, 619, 1252
1353, 655, 650
1354, 633, 614
1355, 614, 671
1356, 651, 633
1357, 645, 610
1358, 610, 659
1359, 666, 645
1360, 627, 623
1361, 623, 660
1362, 669, 627
1363, 631, 630
1364, 1253, 631
1365, 630, 670
1366, 638, 635
1367, 671, 638
1368, 635, 662
1369, 634, 632
1370, 632, 664
1371, 670, 634
1372, 639, 636
1373, 667, 639
1374, 636, 666
1375, 640, 626
1376, 659, 640
1377, 626, 668
1378, 641, 620
1379, 620, 665
1380, 668, 641
1381, 617, 609
1382, 657, 617
1383, 609, 661
1384, 615, 637
1385, 637, 651
1386, 664, 615
1387, 658, 657
1388, 663, 669
1389, 653, 654
1390, 652, 656
1391, 655, 1254
1392, 668, 665
1393, 660, 658
1394, 664, 651
1395, 667, 666
1396, 651, 671
1397, 1255, 670
1398, 669, 660
1399, 661, 653
1400, 671, 662
1401, 662, 667
1402, 666, 659
1403, 659, 668
1404, 665, 652
1405, 656, 663
1406, 670, 664
1407, 654, 655
1408, 657, 661
1409, 715, 657
1410, 657, 685
1411, 663, 714
1412, 676, 663
1413, 655, 674
1414, 712, 655
1415, 652, 681
1416, 680, 652
1417, 708, 669
1418, 669, 682
1419, 660, 683
1420, 672, 660
1421, 658, 684
1422, 701, 658
1423, 661, 686
1424, 702, 661
1425, 653, 704
1426, 703, 653
1427, 668, 675
1428, 679, 668
1429, 707, 656
1430, 656, 711
1431, 667, 678
1432, 697, 667
1433, 709, 659
1434, 659, 705
1435, 677, 666
1436, 666, 698
1437, 1256, 691
1438, 693, 670
1439, 670, 689
1440, 664, 692
1441, 694, 664
1442, 695, 651
1443, 651, 699
1444, 688, 671
1445, 671, 700
1446, 696, 662
1447, 662, 690
1448, 713, 1257
1449, 710, 665
1450, 665, 706
1451, 687, 654
1452, 654, 673
1453, 673, 712
1454, 712, 719
1455, 736, 673
1456, 681, 707
1457, 716, 681
1458, 707, 731
1459, 706, 680
1460, 680, 716
1461, 730, 706
1462, 704, 687
1463, 717, 704
1464, 687, 736
1465, 699, 688
1466, 718, 699
1467, 688, 728
1468, 705, 679
1469, 679, 729
1470, 723, 705
1471, 711, 676
1472, 676, 724
1473, 731, 711
1474, 714, 708
1475, 724, 714
1476, 708, 721
1477, 683, 701
1478, 720, 683
1479, 701, 722
1480, 689, 694
1481, 733, 689
1482, 694, 735
1483, 700, 696
1484, 728, 700
1485, 696, 732
1486, 691, 693
1487, 1258, 691
1488, 693, 733
1489, 685, 702
1490, 725, 685
1491, 702, 726
1492, 692, 695
1493, 735, 692
1494, 695, 718
1495, 690, 697
1496, 697, 727
1497, 732, 690
1498, 678, 677
1499, 727, 678
1500, 677, 734
1501, 698, 709
1502, 709, 723
1503, 734, 698
1504, 682, 672
1505, 721, 682
1506, 672, 720
1507, 675, 710
1508, 729, 675
1509, 710, 730
1510, 674, 713
1511, 719, 674
1512, 713, 1259
1513, 686, 703
1514, 726, 686
1515, 703, 717
1516, 684, 715
1517, 715, 725
1518, 722, 684
1519, 725, 726
1520, 724, 721
1521, 722, 725
1522, 736, 719
1523, 719, 1260
1524, 727, 734
1525, 716, 731
1526, 720, 722
1527, 733, 735
1528, 728, 732
1529, 734, 723
1530, 735, 718
1531, 723, 729
1532, 731, 724
1533, 726, 717
1534, 1261, 733
1535, 732, 727
1536, 729, 730
1537, 717, 736
1538, 721, 720
1539, 718, 728
1540, 730, 716
1541, 722, 738
1542, 745, 722
1543, 736, 758
1544, 743, 736
1545, 737, 730
1546, 730, 778
1547, 772, 731
1548, 731, 740
1549, 725, 739
1550, 776, 725
1551, 757, 717
1552, 717, 777
1553, 744, 719
1554, 719, 769
1555, 775, 732
1556, 732, 746
1557, 1262, 761
1558, 733, 759
1559, 760, 733
1560, 749, 735
1561, 735, 764
1562, 728, 751
1563, 747, 728
1564, 750, 718
1565, 718, 767
1566, 727, 752
1567, 770, 727
1568, 766, 734
1569, 734, 762
1570, 765, 723
1571, 723, 748
1572, 768, 729
1573, 729, 771
1574, 716, 754
1575, 753, 716
1576, 724, 741
1577, 773, 724
1578, 774, 721
1579, 721, 755
1580, 720, 780
1581, 756, 720
1582, 779, 726
1583, 726, 742
1584, 763, 1263
1585, 778, 753
1586, 784, 778
1587, 753, 781
1588, 771, 737
1589, 737, 784
1590, 794, 771
1591, 755, 756
1592, 786, 755
1593, 756, 799
1594, 738, 776
1595, 801, 738
1596, 776, 787
1597, 742, 757
1598, 757, 783
1599, 796, 742
1600, 769, 763
1601, 789, 769
1602, 763, 1264
1603, 764, 750
1604, 792, 764
1605, 750, 782
1606, 748, 768
1607, 793, 748
1608, 768, 794
1609, 762, 765
1610, 798, 762
1611, 765, 793
1612, 740, 773
1613, 785, 740
1614, 773, 795
1615, 751, 775
1616, 775, 800
1617, 791, 751
1618, 767, 747
1619, 747, 791
1620, 782, 767
1621, 746, 770
1622, 800, 746
1623, 770, 790
1624, 761, 760
1625, 1265, 761
1626, 760, 797
1627, 758, 744
1628, 788, 758
1629, 744, 789
1630, 759, 749
1631, 797, 759
1632, 749, 792
1633, 752, 766
1634, 790, 752
1635, 766, 798
1636, 754, 772
1637, 772, 785
1638, 781, 754
1639, 741, 774
1640, 795, 741
1641, 774, 786
1642, 739, 779
1643, 787, 739
1644, 779, 796
1645, 780, 745
1646, 745, 801
1647, 799, 780
1648, 777, 743
1649, 743, 788
1650, 783, 777
1651, 789, 1266
1652, 799, 801
1653, 787, 796
1654, 781, 785
1655, 801, 787
1656, 796, 783
1657, 783, 788
1658, 791, 800
1659, 794, 784
1660, 782, 791
1661, 788, 789
1662, 800, 790
1663, 790, 798
1664, 1267, 797
1665, 797, 792
1666, 792, 782
1667, 795, 786
1668, 798, 793
1669, 793, 794
1670, 784, 781
1671, 785, 795
1672, 786, 799
1673, 789, 816
1674, 842, 789
1675, 839, 783
1676, 783, 802
1677, 817, 1268
1678, 794, 811
1679, 808, 794
1680, 825, 784
1681, 784, 812
1682, 837, 785
1683, 785, 827
1684, 795, 828
1685, 813, 795
1686, 799, 804
1687, 841, 799
1688, 843, 801
1689, 801, 805
1690, 845, 796
1691, 796, 815
1692, 838, 788
1693, 788, 803
1694, 782, 821
1695, 831, 782
1696, 830, 798
1697, 798, 824
1698, 840, 793
1699, 793, 836
1700, 1269, 833
1701, 809, 790
1702, 790, 832
1703, 819, 797
1704, 797, 834
1705, 791, 822
1706, 820, 791
1707, 814, 786
1708, 786, 829
1709, 818, 792
1710, 792, 835
1711, 810, 800
1712, 800, 823
1713, 781, 807
1714, 826, 781
1715, 787, 806
1716, 844, 787
1717, 802, 838
1718, 846, 802
1719, 838, 866
1720, 824, 840
1721, 856, 824
1722, 840, 851
1723, 828, 814
1724, 852, 828
1725, 814, 863
1726, 804, 843
1727, 850, 804
1728, 843, 854
1729, 805, 844
1730, 854, 805
1731, 844, 859
1732, 806, 845
1733, 845, 855
1734, 859, 806
1735, 815, 839
1736, 839, 846
1737, 855, 815
1738, 816, 817
1739, 849, 816
1740, 817, 1270
1741, 803, 842
1742, 842, 849
1743, 866, 803
1744, 836, 808
1745, 808, 862
1746, 851, 836
1747, 812, 826
1748, 857, 812
1749, 826, 848
1750, 829, 841
1751, 841, 850
1752, 863, 829
1753, 834, 818
1754, 864, 834
1755, 818, 861
1756, 823, 809
1757, 809, 865
1758, 853, 823
1759, 827, 813
1760, 858, 827
1761, 813, 852
1762, 833, 819
1763, 1271, 833
1764, 819, 864
1765, 821, 820
1766, 847, 821
1767, 820, 860
1768, 822, 810
1769, 860, 822
1770, 810, 853
1771, 832, 830
1772, 830, 856
1773, 865, 832
1774, 835, 831
1775, 831, 847
1776, 861, 835
1777, 811, 825
1778, 862, 811
1779, 825, 857
1780, 807, 837
1781, 837, 858
1782, 848, 807
1783, 866, 849
1784, 846, 866
1785, 862, 857
1786, 863, 850
1787, 859, 855
1788, 851, 862
1789, 858, 852
1790, 849, 1272
1791, 857, 848
1792, 850, 854
1793, 865, 856
1794, 861, 847
1795, 1273, 864
1796, 864, 861
1797, 854, 859
1798, 855, 846
1799, 856, 851
1800, 847, 860
1801, 848, 858
1802, 852, 863
1803, 860, 853
1804, 853, 865
1805, 908, 849
1806, 849, 872
1807, 910, 850
1808, 850, 868
1809, 859, 869
1810, 906, 859
1811, 846, 892
1812, 909, 846
1813, 890, 848
1814, 848, 877
1815, 862, 880
1816, 875, 862
1817, 876, 857
1818, 857, 881
1819, 887, 1274
1820, 894, 856
1821, 856, 904
1822, 851, 898
1823, 884, 851
1824, 858, 878
1825, 899, 858
1826, 900, 852
1827, 852, 905
1828, 1275, 888
1829, 861, 882
1830, 901, 861
1831, 896, 847
1832, 847, 889
1833, 897, 860
1834, 860, 883
1835, 885, 853
1836, 853, 903
1837, 865, 874
1838, 886, 865
1839, 895, 864
1840, 864, 879
1841, 863, 867
1842, 873, 863
1843, 891, 854
1844, 854, 902
1845, 866, 893
1846, 871, 866
1847, 907, 855
1848, 855, 870
1849, 905, 873
1850, 918, 905
1851, 873, 924
1852, 883, 885
1853, 931, 883
1854, 885, 922
1855, 902, 906
1856, 906, 915
1857, 920, 902
1858, 870, 909
1859, 909, 912
1860, 921, 870
1861, 904, 884
1862, 916, 904
1863, 884, 926
1864, 877, 899
1865, 911, 877
1866, 899, 929
1867, 867, 910
1868, 910, 919
1869, 924, 867
1870, 903, 886
1871, 922, 903
1872, 886, 927
1873, 893, 908
1874, 908, 914
1875, 923, 893
1876, 879, 901
1877, 901, 925
1878, 930, 879
1879, 868, 891
1880, 919, 868
1881, 891, 920
1882, 892, 871
1883, 912, 892
1884, 871, 923
1885, 882, 896
1886, 925, 882
1887, 896, 913
1888, 889, 897
1889, 913, 889
1890, 897, 931
1891, 881, 890
1892, 890, 911
1893, 928, 881
1894, 869, 907
1895, 915, 869
1896, 907, 921
1897, 888, 895
1898, 1276, 888
1899, 895, 930
1900, 874, 894
1901, 894, 916
1902, 927, 874
1903, 898, 875
1904, 875, 917
1905, 926, 898
1906, 880, 876
1907, 917, 880
1908, 876, 928
1909, 878, 900
1910, 929, 878
1911, 900, 918
1912, 872, 887
1913, 914, 872
1914, 887, 1277
1915, 923, 914
1916, 917, 928
1917, 929, 918
1918, 919, 920
1919, 921, 912
1920, 926, 917
1921, 915, 921
1922, 914, 1278
1923, 1279, 930
1924, 925, 913
1925, 918, 924
1926, 930, 925
1927, 913, 931
1928, 931, 922
1929, 922, 927
1930, 927, 916
1931, 928, 911
1932, 911, 929
1933, 916, 926
1934, 924, 919
1935, 912, 923
1936, 920, 915
1937, 923, 943
1938, 966, 923
1939, 919, 939
1940, 970, 919
1941, 929, 954
1942, 935, 929
1943, 921, 965
1944, 959, 921
1945, 946, 916
1946, 916, 968
1947, 964, 924
1948, 924, 974
1949, 975, 920
1950, 920, 933
1951, 926, 948
1952, 969, 926
1953, 945, 922
1954, 922, 956
1955, 960, 912
1956, 912, 934
1957, 925, 944
1958, 961, 925
1959, 962, 913
1960, 913, 951
1961, 1280, 955
1962, 953, 928
1963, 928, 938
1964, 947, 931
1965, 931, 941
1966, 957, 927
1967, 927, 942
1968, 940, 930
1969, 930, 963
1970, 917, 949
1971, 952, 917
1972, 958, 911
1973, 911, 972
1974, 950, 918
1975, 918, 937
1976, 915, 936
1977, 971, 915
1978, 973, 914
1979, 914, 932
1980, 967, 1281
1981, 932, 967
1982, 996, 932
1983, 967, 1282
1984, 933, 971
1985, 994, 933
1986, 971, 995
1987, 972, 935
1988, 935, 992
1989, 976, 972
1990, 954, 950
1991, 992, 954
1992, 950, 981
1993, 974, 970
1994, 970, 979
1995, 993, 974
1996, 936, 959
1997, 959, 982
1998, 995, 936
1999, 965, 960
2000, 982, 965
2001, 960, 978
2002, 939, 975
2003, 979, 939
2004, 975, 994
2005, 951, 947
2006, 977, 951
2007, 947, 986
2008, 956, 957
2009, 987, 956
2010, 957, 990
2011, 968, 969
2012, 985, 968
2013, 969, 991
2014, 941, 945
2015, 945, 987
2016, 986, 941
2017, 938, 958
2018, 984, 938
2019, 958, 976
2020, 948, 952
2021, 991, 948
2022, 952, 980
2023, 955, 940
2024, 1283, 955
2025, 940, 988
2026, 942, 946
2027, 946, 985
2028, 990, 942
2029, 944, 962
2030, 989, 944
2031, 962, 977
2032, 949, 953
2033, 953, 984
2034, 980, 949
2035, 937, 964
2036, 964, 993
2037, 981, 937
2038, 963, 961
2039, 961, 989
2040, 988, 963
2041, 934, 966
2042, 966, 983
2043, 978, 934
2044, 943, 973
2045, 983, 943
2046, 973, 996
2047, 978, 983
2048, 983, 996
2049, 985, 991
2050, 976, 992
2051, 979, 994
2052, 995, 982
2053, 990, 985
2054, 981, 993
2055, 986, 987
2056, 987, 990
2057, 989, 977
2058, 991, 980
2059, 988, 989
2060, 984, 976
2061, 993, 979
2062, 982, 978
2063, 977, 986
2064, 980, 984
2065, 992, 981
2066, 1284, 988
2067, 994, 995
2068, 996, 1285
2069, 1000, 993
2070, 993, 1028
2071, 1002, 982
2072, 982, 998
2073, 1020, 996
2074, 996, 1004
2075, 981, 1037
2076, 1017, 981
2077, 979, 1018
2078, 1013, 979
2079, 1024, 977
2080, 977, 1031
2081, 985, 1007
2082, 1036, 985
2083, 1008, 980
2084, 980, 1015
2085, 1035, 992
2086, 992, 1027
2087, 997, 994
2088, 994, 1001
2089, 1019, 983
2090, 983, 1014
2091, 1038, 991
2092, 991, 1034
2093, 976, 1009
2094, 1026, 976
2095, 986, 1032
2096, 1005, 986
2097, 1033, 987
2098, 987, 1012
2099, 990, 1006
2100, 1022, 990
2101, 988, 1030
2102, 1010, 988
2103, 989, 1023
2104, 1011, 989
2105, 1286, 1029
2106, 984, 1016
2107, 1025, 984
2108, 995, 999
2109, 1039, 995
2110, 978, 1003
2111, 1040, 978
2112, 1021, 1287
2113, 1015, 1025
2114, 1052, 1015
2115, 1025, 1057
2116, 998, 1040
2117, 1045, 998
2118, 1040, 1043
2119, 1003, 1019
2120, 1019, 1047
2121, 1043, 1003
2122, 1016, 1026
2123, 1026, 1042
2124, 1057, 1016
2125, 1037, 1000
2126, 1000, 1061
2127, 1050, 1037
2128, 1028, 1013
2129, 1061, 1028
2130, 1013, 1046
2131, 1001, 1039
2132, 1056, 1001
2133, 1039, 1044
2134, 1004, 1021
2135, 1051, 1004
2136, 1021, 1288
2137, 1006, 1036
2138, 1036, 1049
2139, 1055, 1006
2140, 1014, 1020
2141, 1020, 1051
2142, 1047, 1014
2143, 1023, 1024
2144, 1024, 1041
2145, 1059, 1023
2146, 1031, 1005
2147, 1041, 1031
2148, 1005, 1060
2149, 1029, 1010
2150, 1010, 1058
2151, 1289, 1029
2152, 1007, 1038
2153, 1049, 1007
2154, 1038, 1048
2155, 1009, 1035
2156, 1035, 1053
2157, 1042, 1009
2158, 1032, 1033
2159, 1060, 1032
2160, 1033, 1054
2161, 1030, 1011
2162, 1058, 1030
2163, 1011, 1059
2164, 1012, 1022
2165, 1054, 1012
2166, 1022, 1055
2167, 1027, 1017
2168, 1017, 1050
2169, 1053, 1027
2170, 1034, 1008
2171, 1008, 1052
2172, 1048, 1034
2173, 1018, 997
2174, 1046, 1018
2175, 997, 1056
2176, 999, 1002
2177, 1002, 1045
2178, 1044, 999
2179, 1051, 1290
2180, 1056, 1044
2181, 1048, 1052
2182, 1044, 1045
2183, 1049, 1048
2184, 1050, 1061
2185, 1046, 1056
2186, 1053, 1050
2187, 1061, 1046
2188, 1055, 1049
2189, 1059, 1041
2190, 1052, 1057
2191, 1058, 1059
2192, 1041, 1060
2193, 1060, 1054
2194, 1042, 1053
2195, 1057, 1042
2196, 1291, 1058
2197, 1054, 1055
2198, 1045, 1043
2199, 1047, 1051
2200, 1043, 1047
2201, 1078, 1292
2202, 1087, 1044
2203, 1044, 1099
2204, 1056, 1063
2205, 1064, 1056
2206, 1088, 1043
2207, 1043, 1062
2208, 1049, 1081
2209, 1098, 1049
2210, 1082, 1057
2211, 1057, 1076
2212, 1042, 1102
2213, 1094, 1042
2214, 1050, 1084
2215, 1071, 1050
2216, 1072, 1061
2217, 1061, 1085
2218, 1096, 1041
2219, 1041, 1090
2220, 1293, 1079
2221, 1058, 1080
2222, 1095, 1058
2223, 1059, 1073
2224, 1075, 1059
2225, 1074, 1054
2226, 1054, 1097
2227, 1089, 1060
2228, 1060, 1091
2229, 1055, 1067
2230, 1092, 1055
2231, 1048, 1093
2232, 1070, 1048
2233, 1101, 1052
2234, 1052, 1068
2235, 1053, 1083
2236, 1069, 1053
2237, 1046, 1100
2238, 1086, 1046
2239, 1103, 1045
2240, 1045, 1104
2241, 1047, 1065
2242, 1105, 1047
2243, 1051, 1066
2244, 1077, 1051
2245, 1100, 1064
2246, 1064, 1110
2247, 1126, 1100
2248, 1104, 1088
2249, 1088, 1106
2250, 1114, 1104
2251, 1076, 1094
2252, 1124, 1076
2253, 1094, 1108
2254, 1062, 1105
2255, 1106, 1062
2256, 1105, 1113
2257, 1065, 1077
2258, 1113, 1065
2259, 1077, 1109
2260, 1090, 1089
2261, 1107, 1090
2262, 1089, 1119
2263, 1097, 1092
2264, 1121, 1097
2265, 1092, 1115
2266, 1102, 1069
2267, 1108, 1102
2268, 1069, 1125
2269, 1084, 1072
2270, 1117, 1084
2271, 1072, 1118
2272, 1080, 1075
2273, 1122, 1080
2274, 1075, 1120
2275, 1081, 1070
2276, 1116, 1081
2277, 1070, 1123
2278, 1079, 1095
2279, 1294, 1079
2280, 1095, 1122
2281, 1091, 1074
2282, 1074, 1121
2283, 1119, 1091
2284, 1083, 1071
2285, 1071, 1117
2286, 1125, 1083
2287, 1085, 1086
2288, 1118, 1085
2289, 1086, 1126
2290, 1099, 1103
2291, 1111, 1099
2292, 1103, 1114
2293, 1073, 1096
2294, 1096, 1107
2295, 1120, 1073
2296, 1067, 1098
2297, 1098, 1116
2298, 1115, 1067
2299, 1093, 1101
2300, 1123, 1093
2301, 1101, 1112
2302, 1068, 1082
2303, 1082, 1124
2304, 1112, 1068
2305, 1063, 1087
2306, 1087, 1111
2307, 1110, 1063
2308, 1066, 1078
2309, 1078, 1295
2310, 1109, 1066
2311, 1113, 1109
2312, 1112, 1124
2313, 1125, 1117
2314, 1110, 1111
2315, 1114, 1106
2316, 1106, 1113
2317, 1120, 1107
2318, 1115, 1116
2319, 1126, 1110
2320, 1109, 1296
2321, 1297, 1122
2322, 1121, 1115
2323, 1123, 1112
2324, 1118, 1126
2325, 1122, 1120
2326, 1107, 1119
2327, 1119, 1121
2328, 1116, 1123
2329, 1124, 1108
2330, 1108, 1125
2331, 1117, 1118
2332, 1111, 1114
2333, 1113, 1169
2334, 1136, 1113
2335, 1163, 1298
2336, 1110, 1133
2337, 1147, 1110
2338, 1170, 1109
2339, 1109, 1131
2340, 1126, 1144
2341, 1166, 1126
2342, 1114, 1135
2343, 1167, 1114
2344, 1115, 1139
2345, 1149, 1115
2346, 1123, 1128
2347, 1154, 1123
2348, 1112, 1150
2349, 1162, 1112
2350, 1137, 1119
2351, 1119, 1153
2352, 1141, 1124
2353, 1124, 1151
2354, 1125, 1156
2355, 1152, 1125
2356, 1299, 1161
2357, 1120, 1148
2358, 1138, 1120
2359, 1121, 1143
2360, 1164, 1121
2361, 1145, 1122
2362, 1122, 1157
2363, 1146, 1107
2364, 1107, 1158
2365, 1165, 1116
2366, 1116, 1140
2367, 1155, 1108
2368, 1108, 1142
2369, 1132, 1117
2370, 1117, 1159
2371, 1118, 1127
2372, 1160, 1118
2373, 1129, 1111
2374, 1111, 1134
2375, 1130, 1106
2376, 1106, 1168
2377, 1144, 1147
2378, 1147, 1188
2379, 1174, 1144
2380, 1159, 1160
2381, 1187, 1159
2382, 1160, 1190
2383, 1134, 1167
2384, 1167, 1175
2385, 1181, 1134
2386, 1142, 1152
2387, 1152, 1180
2388, 1171, 1142
2389, 1143, 1149
2390, 1149, 1179
2391, 1177, 1143
2392, 1131, 1163
2393, 1163, 1300
2394, 1182, 1131
2395, 1156, 1132
2396, 1180, 1156
2397, 1132, 1187
2398, 1169, 1170
2399, 1191, 1169
2400, 1170, 1182
2401, 1161, 1145
2402, 1301, 1161
2403, 1145, 1184
2404, 1139, 1165
2405, 1179, 1139
2406, 1165, 1189
2407, 1148, 1146
2408, 1178, 1148
2409, 1146, 1173
2410, 1128, 1162
2411, 1185, 1128
2412, 1162, 1186
2413, 1135, 1130
2414, 1175, 1135
2415, 1130, 1172
2416, 1168, 1136
2417, 1136, 1191
2418, 1172, 1168
2419, 1140, 1154
2420, 1154, 1185
2421, 1189, 1140
2422, 1151, 1155
2423, 1176, 1151
2424, 1155, 1171
2425, 1127, 1166
2426, 1166, 1174
2427, 1190, 1127
2428, 1157, 1138
2429, 1138, 1178
2430, 1184, 1157
2431, 1158, 1137
2432, 1137, 1183
2433, 1173, 1158
2434, 1153, 1164
2435, 1183, 1153
2436, 1164, 1177
2437, 1150, 1141
2438, 1186, 1150
2439, 1141, 1176
2440, 1133, 1129
2441, 1188, 1133
2442, 1129, 1181
2443, 1172, 1191
2444, 1182, 1302
2445, 1175, 1172
2446, 1189, 1185
2447, 1176, 1171
2448, 1171, 1180
2449, 1187, 1190
2450, 1179, 1189
2451, 1185, 1186
2452, 1188, 1181
2453, 1181, 1175
2454, 1184, 1178
2455, 1178, 1173
2456, 1303, 1184
2457, 1173, 1183
2458, 1183, 1177
2459, 1177, 1179
2460, 1186, 1176
2461, 1180, 1187
2462, 1190, 1174
2463, 1191, 1182
2464, 1174, 1188
2465, 1304, 1190
2466, 1190, 1305
2467, 1306, 1174
2468, 1174, 1307
2469, 1188, 1308
2470, 1309, 1188
2471, 1182, 1310
2472, 1311, 1182
2473, 1312, 1177
2474, 1177, 1313
2475, 1187, 1314
2476, 1315, 1187
2477, 1179, 1316
2478, 1317, 1179
2479, 1318, 1171
2480, 1171, 1319
2481, 1320, 1180
2482, 1180, 1321
2483, 1172, 1322
2484, 1323, 1172
2485, 1184, 1324
2486, 1325, 1184
2487, 1326, 1186
2488, 1186, 1327
2489, 1328, 1185
2490, 1185, 1329
2491, 1330, 1191
2492, 1191, 1331
2493, 1332, 1178
2494, 1178, 1333
2495, 1334, 1173
2496, 1173, 1335
2497, 1189, 1336
2498, 1337, 1189
2499, 1176, 1338
2500, 1339, 1176
2501, 1340, 1181
2502, 1181, 1341
2503, 1175, 1342
2504, 1343, 1175
2505, 1344, 1183
2506, 1183, 1345
