1, 1443, 1222
2, 1444, 85
3, 1445, 127
4, 1446, 164
5, 1447, 210
6, 1448, 1223
7, 1449, 322
8, 1450, 374
9, 1451, 420
10, 1452, 473
11, 1453, 510
12, 1454, 554
13, 1455, 610
14, 1456, 641
15, 1457, 693
16, 1458, 756
17, 1459, 810
18, 1460, 849
19, 1461, 868
20, 1462, 932
21, 1463, 965
22, 1464, 1224
23, 1465, 1051
24, 1466, 1106
25, 1467, 1148
26, 1468, 1192
27, 1222, 1469
28, 74, 1222
29, 1222, 28
30, 85, 74
31, 127, 85
32, 133, 127
33, 74, 79
34, 164, 133
35, 180, 164
36, 133, 126
37, 210, 180
38, 222, 210
39, 180, 183
40, 1223, 222
41, 222, 212
42, 322, 1223
43, 1223, 269
44, 374, 322
45, 322, 1226
46, 420, 374
47, 374, 1228
48, 457, 420
49, 420, 1229
50, 473, 457
51, 503, 473
52, 457, 455
53, 510, 503
54, 554, 510
55, 561, 554
56, 503, 514
57, 592, 561
58, 561, 547
59, 610, 592
60, 641, 610
61, 592, 605
62, 693, 641
63, 710, 693
64, 641, 640
65, 756, 710
66, 767, 756
67, 710, 703
68, 800, 767
69, 767, 763
70, 810, 800
71, 843, 810
72, 800, 807
73, 849, 843
74, 868, 849
75, 843, 834
76, 932, 868
77, 868, 887
78, 965, 932
79, 932, 921
80, 1224, 965
81, 965, 962
82, 1051, 1224
83, 1063, 1051
84, 1224, 1018
85, 1086, 1063
86, 1063, 1053
87, 1106, 1086
88, 1143, 1106
89, 1086, 1104
90, 1148, 1143
91, 1192, 1148
92, 1143, 1139
93, 1470, 1192
94, 1192, 1185
95, 28, 1471
96, 70, 37
97, 79, 70
98, 1225, 79
99, 70, 73
100, 126, 1225
101, 166, 126
102, 183, 179
103, 203, 183
104, 257, 212
105, 269, 257
106, 310, 269
107, 257, 256
108, 362, 1226
109, 1229, 1228
110, 455, 426
111, 1227, 455
112, 514, 1227
113, 547, 525
114, 557, 547
115, 605, 557
116, 557, 558
117, 640, 605
118, 655, 640
119, 605, 607
120, 703, 662
121, 751, 703
122, 703, 706
123, 807, 768
124, 831, 807
125, 872, 847
126, 921, 890
127, 962, 931
128, 976, 962
129, 1013, 976
130, 1018, 1013
131, 1047, 1018
132, 1087, 1065
133, 1104, 1094
134, 1139, 1104
135, 1185, 1156
136, 1189, 1185
137, 1472, 1189
138, 1189, 1190
139, 7, 1473
140, 37, 28
141, 28, 7
142, 43, 37
143, 73, 43
144, 93, 73
145, 1225, 1230
146, 159, 1225
147, 179, 166
148, 166, 159
149, 1232, 179
150, 159, 157
151, 212, 203
152, 203, 199
153, 1231, 212
154, 256, 1231
155, 290, 256
156, 1226, 310
157, 310, 302
158, 339, 1226
159, 1228, 362
160, 362, 346
161, 389, 1228
162, 426, 1229
163, 1229, 408
164, 436, 426
165, 1227, 436
166, 1233, 1227
167, 525, 514
168, 514, 1233
169, 540, 525
170, 558, 540
171, 572, 558
172, 540, 534
173, 607, 572
174, 627, 607
175, 572, 574
176, 662, 655
177, 655, 627
178, 683, 662
179, 706, 683
180, 730, 706
181, 763, 751
182, 768, 763
183, 751, 746
184, 778, 768
185, 807, 778
186, 811, 807
187, 834, 831
188, 847, 834
189, 831, 830
190, 1234, 847
191, 887, 872
192, 890, 887
193, 872, 1234
194, 1235, 890
195, 931, 921
196, 921, 908
197, 1236, 931
198, 976, 1236
199, 994, 976
200, 1013, 994
201, 1237, 1013
202, 994, 1238
203, 1053, 1047
204, 1065, 1053
205, 1047, 1237
206, 1064, 1065
207, 1094, 1087
208, 1087, 1084
209, 1124, 1094
210, 1156, 1139
211, 1139, 1136
212, 1174, 1156
213, 1190, 1174
214, 1208, 1190
215, 1174, 1172
216, 1474, 1208
217, 7, 1475
218, 19, 7
219, 43, 19
220, 54, 43
221, 19, 13
222, 1230, 93
223, 93, 54
224, 54, 65
225, 141, 1230
226, 1230, 91
227, 157, 141
228, 1232, 157
229, 141, 144
230, 199, 1232
231, 1231, 199
232, 240, 1231
233, 1232, 194
234, 285, 240
235, 240, 230
236, 302, 290
237, 346, 339
238, 290, 285
239, 339, 302
240, 356, 346
241, 285, 291
242, 399, 389
243, 389, 356
244, 356, 343
245, 408, 399
246, 436, 408
247, 449, 436
248, 399, 406
249, 1233, 449
250, 449, 450
251, 534, 1233
252, 1233, 496
253, 574, 534
254, 534, 539
255, 627, 574
256, 634, 627
257, 574, 576
258, 675, 634
259, 634, 624
260, 683, 675
261, 720, 683
262, 675, 687
263, 746, 730
264, 730, 720
265, 778, 746
266, 785, 778
267, 720, 744
268, 822, 811
269, 811, 785
270, 785, 774
271, 830, 822
272, 1234, 830
273, 822, 1239
274, 1235, 1234
275, 1234, 854
276, 908, 1235
277, 1236, 908
278, 1235, 895
279, 1238, 1236
280, 1236, 944
281, 1237, 1238
282, 1238, 1240
283, 1080, 1064
284, 1064, 1237
285, 1237, 1044
286, 1084, 1080
287, 1124, 1084
288, 1080, 1075
289, 1136, 1124
290, 1172, 1136
291, 1124, 1116
292, 1204, 1172
293, 1172, 1171
294, 1208, 1204
295, 1476, 1208
296, 1204, 1206
297, 13, 1477
298, 44, 13
299, 13, 10
300, 65, 44
301, 91, 65
302, 97, 91
303, 44, 46
304, 144, 97
305, 153, 144
306, 97, 99
307, 188, 153
308, 153, 148
309, 194, 188
310, 230, 194
311, 246, 230
312, 188, 189
313, 281, 246
314, 246, 232
315, 291, 281
316, 343, 291
317, 354, 343
318, 281, 303
319, 391, 354
320, 354, 340
321, 406, 391
322, 432, 406
323, 391, 1241
324, 450, 432
325, 481, 450
326, 432, 428
327, 496, 481
328, 539, 496
329, 481, 487
330, 576, 539
331, 539, 528
332, 624, 576
333, 626, 624
334, 576, 569
335, 670, 626
336, 626, 1247
337, 687, 670
338, 738, 687
339, 670, 1242
340, 744, 738
341, 774, 744
342, 782, 774
343, 738, 742
344, 1239, 782
345, 782, 787
346, 854, 1239
347, 858, 854
348, 1239, 818
349, 895, 858
350, 911, 895
351, 858, 1243
352, 944, 911
353, 911, 910
354, 1240, 944
355, 944, 956
356, 1044, 1240
357, 1240, 997
358, 1075, 1044
359, 1044, 1045
360, 1116, 1075
361, 1132, 1116
362, 1075, 1250
363, 1171, 1132
364, 1132, 1114
365, 1206, 1171
366, 1213, 1206
367, 1171, 1178
368, 1478, 1213
369, 1213, 1211
370, 2, 1479
371, 42, 10
372, 99, 61
373, 148, 99
374, 99, 105
375, 189, 148
376, 148, 147
377, 232, 198
378, 250, 232
379, 295, 250
380, 303, 295
381, 340, 303
382, 349, 340
383, 295, 296
384, 1241, 349
385, 349, 347
386, 428, 1241
387, 487, 435
388, 498, 487
389, 528, 498
390, 532, 528
391, 498, 495
392, 569, 532
393, 1247, 582
394, 1242, 631
395, 727, 1242
396, 1242, 672
397, 742, 727
398, 770, 742
399, 727, 725
400, 818, 787
401, 1248, 818
402, 1243, 1248
403, 902, 1243
404, 910, 902
405, 1244, 910
406, 956, 1244
407, 987, 956
408, 997, 987
409, 1245, 997
410, 987, 992
411, 1045, 1245
412, 1250, 1045
413, 1114, 1250
414, 1168, 1134
415, 1178, 1168
416, 1211, 1178
417, 1168, 1169
418, 1480, 1220
419, 10, 2
420, 2, 1481
421, 1251, 10
422, 46, 42
423, 61, 46
424, 42, 1251
425, 69, 61
426, 105, 69
427, 121, 105
428, 147, 121
429, 178, 147
430, 121, 1252
431, 198, 189
432, 189, 178
433, 209, 198
434, 178, 1253
435, 250, 209
436, 1246, 250
437, 209, 211
438, 296, 1246
439, 1254, 296
440, 347, 1254
441, 378, 347
442, 1241, 385
443, 415, 1241
444, 435, 428
445, 428, 415
446, 460, 435
447, 495, 460
448, 511, 495
449, 460, 463
450, 532, 527
451, 1255, 532
452, 582, 569
453, 569, 1255
454, 595, 582
455, 631, 1247
456, 1247, 617
457, 642, 631
458, 672, 653
459, 707, 672
460, 725, 707
461, 764, 725
462, 707, 704
463, 787, 770
464, 770, 764
465, 791, 787
466, 1248, 1256
467, 1257, 1248
468, 1243, 1257
469, 866, 1243
470, 902, 889
471, 938, 902
472, 1244, 938
473, 1249, 1244
474, 938, 937
475, 992, 1249
476, 1024, 992
477, 1245, 1024
478, 1060, 1245
479, 1024, 1022
480, 1250, 1060
481, 1258, 1250
482, 1134, 1114
483, 1114, 1258
484, 1146, 1134
485, 1169, 1146
486, 1194, 1169
487, 1220, 1211
488, 1211, 1194
489, 1482, 1220
490, 1194, 1196
491, 1251, 1483
492, 69, 1251
493, 76, 69
494, 1251, 32
495, 1252, 76
496, 76, 82
497, 1253, 1252
498, 1252, 130
499, 211, 1253
500, 1253, 176
501, 1246, 211
502, 211, 1259
503, 1254, 1246
504, 1246, 263
505, 369, 1254
506, 1254, 314
507, 385, 378
508, 378, 369
509, 415, 385
510, 422, 415
511, 369, 379
512, 463, 422
513, 472, 463
514, 422, 410
515, 506, 472
516, 472, 1260
517, 527, 511
518, 511, 506
519, 551, 527
520, 506, 512
521, 606, 595
522, 1255, 551
523, 595, 1255
524, 551, 1261
525, 617, 606
526, 653, 642
527, 642, 617
528, 661, 653
529, 606, 609
530, 697, 661
531, 661, 638
532, 704, 697
533, 752, 704
534, 697, 705
535, 1256, 791
536, 764, 752
537, 791, 764
538, 752, 1262
539, 1257, 1256
540, 1256, 793
541, 871, 866
542, 866, 1257
543, 1257, 833
544, 889, 871
545, 926, 889
546, 871, 870
547, 937, 926
548, 975, 937
549, 926, 920
550, 1249, 975
551, 1009, 1249
552, 975, 967
553, 1022, 1009
554, 1060, 1022
555, 1009, 1025
556, 1095, 1060
557, 1060, 1263
558, 1258, 1095
559, 1146, 1258
560, 1152, 1146
561, 1095, 1103
562, 1182, 1152
563, 1152, 1264
564, 1196, 1182
565, 1484, 1196
566, 1182, 1265
567, 32, 1485
568, 36, 32
569, 82, 36
570, 36, 27
571, 130, 82
572, 136, 130
573, 82, 81
574, 176, 136
575, 136, 132
576, 1259, 176
577, 176, 181
578, 263, 1259
579, 275, 263
580, 1259, 224
581, 314, 275
582, 320, 314
583, 275, 265
584, 368, 320
585, 320, 1267
586, 379, 368
587, 410, 379
588, 368, 367
589, 1260, 410
590, 410, 1268
591, 505, 1260
592, 1260, 458
593, 512, 505
594, 1261, 512
595, 505, 504
596, 596, 1261
597, 1261, 1269
598, 609, 596
599, 638, 609
600, 644, 638
601, 596, 614
602, 699, 644
603, 644, 646
604, 705, 699
605, 1262, 705
606, 699, 694
607, 793, 1262
608, 804, 793
609, 1262, 1270
610, 833, 804
611, 840, 833
612, 804, 809
613, 870, 840
614, 879, 870
615, 840, 841
616, 920, 879
617, 925, 920
618, 879, 876
619, 967, 925
620, 978, 967
621, 925, 1275
622, 1008, 978
623, 978, 971
624, 1025, 1008
625, 1263, 1025
626, 1008, 1272
627, 1103, 1263
628, 1263, 1059
629, 1264, 1103
630, 1103, 1273
631, 1265, 1264
632, 1264, 1162
633, 1486, 1265
634, 1265, 1186
635, 27, 1487
636, 81, 39
637, 1266, 81
638, 81, 80
639, 132, 1266
640, 170, 132
641, 181, 170
642, 204, 181
643, 170, 171
644, 265, 228
645, 277, 265
646, 1267, 277
647, 277, 274
648, 367, 1267
649, 373, 367
650, 1268, 373
651, 453, 1268
652, 504, 478
653, 524, 504
654, 1269, 524
655, 524, 517
656, 590, 563
657, 646, 614
658, 694, 646
659, 646, 649
660, 1270, 694
661, 694, 696
662, 798, 1270
663, 837, 809
664, 841, 837
665, 1271, 841
666, 876, 1271
667, 1275, 876
668, 966, 939
669, 971, 966
670, 1004, 971
671, 1048, 1272
672, 1273, 1059
673, 1144, 1273
674, 1162, 1144
675, 1186, 1162
676, 1488, 1186
677, 1186, 1188
678, 18, 1489
679, 39, 27
680, 27, 18
681, 51, 39
682, 18, 22
683, 80, 51
684, 1274, 80
685, 1266, 1274
686, 149, 1266
687, 171, 149
688, 192, 171
689, 224, 204
690, 228, 224
691, 204, 192
692, 1277, 228
693, 192, 1276
694, 274, 1277
695, 293, 274
696, 1267, 305
697, 341, 1267
698, 373, 351
699, 1278, 373
700, 1268, 1278
701, 1279, 1268
702, 458, 453
703, 478, 458
704, 453, 452
705, 489, 478
706, 517, 489
707, 535, 517
708, 489, 486
709, 563, 1269
710, 1269, 545
711, 565, 563
712, 614, 590
713, 590, 587
714, 621, 614
715, 649, 621
716, 1280, 649
717, 696, 1280
718, 737, 696
719, 1270, 737
720, 1281, 1270
721, 737, 735
722, 809, 798
723, 798, 1281
724, 821, 809
725, 837, 828
726, 1282, 837
727, 1271, 1282
728, 903, 1271
729, 939, 1275
730, 1275, 903
731, 942, 939
732, 903, 907
733, 966, 1283
734, 1284, 966
735, 1272, 1004
736, 1004, 1003
737, 1028, 1272
738, 1059, 1048
739, 1048, 1028
740, 1066, 1059
741, 1273, 1067
742, 1110, 1273
743, 1144, 1128
744, 1165, 1144
745, 1188, 1165
746, 1203, 1188
747, 1165, 1164
748, 1490, 1212
749, 22, 1491
750, 51, 22
751, 62, 51
752, 22, 1285
753, 96, 62
754, 62, 59
755, 1274, 96
756, 149, 1274
757, 156, 149
758, 96, 103
759, 1276, 156
760, 156, 151
761, 1277, 1276
762, 1276, 191
763, 305, 293
764, 293, 1277
765, 1277, 243
766, 351, 341
767, 341, 305
768, 360, 351
769, 305, 301
770, 1278, 360
771, 360, 359
772, 1279, 1278
773, 1278, 401
774, 452, 1279
775, 486, 452
776, 499, 486
777, 1279, 451
778, 535, 499
779, 499, 494
780, 545, 535
781, 580, 565
782, 565, 545
783, 535, 1286
784, 587, 580
785, 621, 587
786, 633, 621
787, 580, 575
788, 1280, 633
789, 633, 1287
790, 735, 1280
791, 1280, 685
792, 1281, 735
793, 735, 736
794, 821, 1281
795, 1281, 779
796, 828, 821
797, 1282, 828
798, 821, 825
799, 907, 1282
800, 1282, 1288
801, 1283, 942
802, 942, 907
803, 907, 905
804, 1284, 1283
805, 1283, 946
806, 1003, 1284
807, 1028, 1003
808, 1041, 1028
809, 1284, 993
810, 1067, 1066
811, 1066, 1041
812, 1083, 1067
813, 1041, 1289
814, 1110, 1083
815, 1083, 1290
816, 1128, 1110
817, 1164, 1128
818, 1170, 1164
819, 1110, 1131
820, 1212, 1203
821, 1203, 1170
822, 1170, 1291
823, 1492, 1212
824, 1212, 1292
825, 1285, 1493
826, 59, 1285
827, 1285, 21
828, 94, 59
829, 59, 45
830, 103, 94
831, 151, 103
832, 94, 104
833, 191, 151
834, 151, 1298
835, 243, 191
836, 191, 1293
837, 292, 243
838, 243, 1300
839, 301, 292
840, 342, 301
841, 292, 280
842, 359, 342
843, 401, 359
844, 342, 352
845, 437, 401
846, 401, 396
847, 451, 437
848, 482, 451
849, 437, 441
850, 494, 482
851, 1286, 494
852, 482, 1302
853, 575, 1286
854, 584, 575
855, 1286, 1295
856, 1287, 584
857, 584, 586
858, 667, 1287
859, 1287, 1303
860, 685, 667
861, 736, 685
862, 667, 1296
863, 779, 736
864, 736, 719
865, 819, 779
866, 779, 1304
867, 825, 819
868, 1288, 825
869, 819, 1297
870, 905, 1288
871, 1288, 861
872, 946, 905
873, 905, 897
874, 993, 946
875, 1000, 993
876, 946, 952
877, 1289, 1000
878, 1000, 991
879, 1290, 1289
880, 1289, 1305
881, 1113, 1290
882, 1290, 1071
883, 1131, 1113
884, 1291, 1131
885, 1113, 1117
886, 1292, 1291
887, 1291, 1177
888, 1494, 1292
889, 1292, 1210
890, 21, 1495
891, 45, 21
892, 49, 45
893, 95, 49
894, 104, 95
895, 1298, 104
896, 1293, 160
897, 1300, 1293
898, 1293, 187
899, 280, 1300
900, 288, 280
901, 1301, 288
902, 352, 1301
903, 396, 352
904, 441, 405
905, 1294, 441
906, 480, 1294
907, 1295, 1302
908, 567, 1295
909, 586, 577
910, 1303, 586
911, 1296, 1303
912, 719, 1296
913, 729, 719
914, 1304, 729
915, 729, 728
916, 812, 1304
917, 851, 1297
918, 897, 865
919, 912, 897
920, 952, 912
921, 912, 914
922, 984, 952
923, 952, 953
924, 991, 984
925, 1305, 991
926, 984, 986
927, 1071, 1305
928, 1079, 1071
929, 1117, 1079
930, 1079, 1078
931, 1177, 1117
932, 1117, 1120
933, 1201, 1177
934, 1177, 1176
935, 1496, 1221
936, 21, 1497
937, 1306, 21
938, 49, 1306
939, 68, 49
940, 95, 90
941, 134, 95
942, 160, 1298
943, 1298, 134
944, 1299, 160
945, 134, 135
946, 187, 1299
947, 216, 187
948, 1300, 226
949, 1307, 1300
950, 288, 1307
951, 329, 288
952, 1301, 329
953, 370, 1301
954, 329, 330
955, 405, 396
956, 396, 370
957, 1308, 405
958, 1294, 1308
959, 456, 1294
960, 1302, 480
961, 480, 476
962, 502, 1302
963, 1295, 522
964, 1309, 1295
965, 577, 567
966, 567, 1309
967, 600, 577
968, 1303, 600
969, 637, 1303
970, 600, 601
971, 1296, 664
972, 712, 1296
973, 728, 712
974, 760, 728
975, 712, 711
976, 1304, 760
977, 803, 1304
978, 760, 761
979, 1297, 812
980, 812, 803
981, 1310, 1297
982, 803, 801
983, 861, 851
984, 865, 861
985, 851, 1310
986, 867, 865
987, 914, 873
988, 928, 914
989, 953, 928
990, 969, 953
991, 928, 1311
992, 986, 969
993, 1010, 986
994, 969, 1312
995, 1305, 1010
996, 1054, 1305
997, 1010, 1007
998, 1078, 1054
999, 1313, 1078
1000, 1054, 1052
1001, 1120, 1313
1002, 1158, 1120
1003, 1176, 1158
1004, 1183, 1176
1005, 1158, 1154
1006, 1210, 1201
1007, 1221, 1210
1008, 1201, 1202
1009, 1498, 1221
1010, 1306, 1499
1011, 84, 68
1012, 68, 1306
1013, 1306, 1314
1014, 90, 84
1015, 129, 90
1016, 84, 75
1017, 135, 129
1018, 1299, 135
1019, 129, 128
1020, 206, 1299
1021, 1299, 1315
1022, 226, 216
1023, 216, 206
1024, 1307, 226
1025, 206, 208
1026, 326, 1307
1027, 1307, 1316
1028, 330, 326
1029, 370, 330
1030, 381, 370
1031, 326, 327
1032, 1308, 381
1033, 381, 383
1034, 466, 456
1035, 456, 1308
1036, 1308, 417
1037, 476, 466
1038, 522, 502
1039, 502, 476
1040, 466, 475
1041, 1309, 522
1042, 522, 516
1043, 601, 1309
1044, 615, 601
1045, 1309, 556
1046, 656, 637
1047, 637, 615
1048, 615, 1317
1049, 664, 656
1050, 690, 664
1051, 656, 654
1052, 711, 690
1053, 749, 711
1054, 690, 692
1055, 761, 749
1056, 790, 761
1057, 749, 748
1058, 801, 790
1059, 1310, 801
1060, 790, 795
1061, 873, 867
1062, 867, 1310
1063, 1310, 1318
1064, 1311, 873
1065, 873, 869
1066, 1312, 1311
1067, 1311, 922
1068, 1007, 1312
1069, 1312, 974
1070, 1052, 1007
1071, 1007, 1021
1072, 1097, 1052
1073, 1052, 1050
1074, 1313, 1097
1075, 1154, 1313
1076, 1097, 1096
1077, 1183, 1154
1078, 1154, 1145
1079, 1202, 1183
1080, 1500, 1202
1081, 1183, 1319
1082, 1314, 1501
1083, 67, 1314
1084, 1314, 1320
1085, 75, 67
1086, 128, 75
1087, 67, 88
1088, 1315, 128
1089, 128, 115
1090, 208, 1315
1091, 220, 208
1092, 1315, 1321
1093, 1316, 220
1094, 220, 214
1095, 318, 1316
1096, 1316, 1322
1097, 327, 318
1098, 376, 327
1099, 318, 317
1100, 383, 376
1101, 417, 383
1102, 425, 417
1103, 376, 382
1104, 454, 425
1105, 425, 411
1106, 475, 454
1107, 516, 475
1108, 454, 470
1109, 556, 516
1110, 564, 556
1111, 516, 515
1112, 1317, 564
1113, 564, 560
1114, 645, 1317
1115, 1317, 611
1116, 654, 645
1117, 692, 654
1118, 645, 643
1119, 748, 692
1120, 753, 748
1121, 692, 698
1122, 795, 753
1123, 753, 1325
1124, 1318, 795
1125, 795, 796
1126, 869, 1318
1127, 875, 869
1128, 1318, 836
1129, 922, 875
1130, 940, 922
1131, 875, 878
1132, 974, 940
1133, 940, 924
1134, 1012, 974
1135, 974, 977
1136, 1021, 1012
1137, 1050, 1021
1138, 1062, 1050
1139, 1012, 1026
1140, 1096, 1062
1141, 1062, 1049
1142, 1145, 1096
1143, 1159, 1145
1144, 1096, 1100
1145, 1319, 1159
1146, 1159, 1160
1147, 1502, 1319
1148, 1319, 1199
1149, 1320, 1503
1150, 88, 40
1151, 115, 88
1152, 119, 115
1153, 88, 89
1154, 167, 119
1155, 119, 122
1156, 214, 1321
1157, 255, 214
1158, 317, 1322
1159, 366, 317
1160, 317, 316
1161, 411, 382
1162, 470, 411
1163, 411, 414
1164, 515, 477
1165, 523, 515
1166, 548, 523
1167, 560, 552
1168, 593, 560
1169, 643, 619
1170, 657, 643
1171, 698, 657
1172, 1323, 698
1173, 657, 659
1174, 1325, 1323
1175, 796, 762
1176, 836, 796
1177, 796, 797
1178, 878, 836
1179, 886, 878
1180, 924, 886
1181, 886, 883
1182, 968, 924
1183, 977, 968
1184, 1006, 977
1185, 1026, 1017
1186, 1049, 1026
1187, 1057, 1049
1188, 1089, 1057
1189, 1057, 1058
1190, 1100, 1089
1191, 1142, 1100
1192, 1089, 1090
1193, 1160, 1147
1194, 1199, 1160
1195, 1504, 1199
1196, 11, 1505
1197, 40, 1320
1198, 1320, 11
1199, 1327, 40
1200, 11, 1328
1201, 89, 66
1202, 110, 89
1203, 122, 110
1204, 155, 122
1205, 110, 1329
1206, 1321, 167
1207, 167, 155
1208, 190, 1321
1209, 155, 162
1210, 214, 190
1211, 242, 214
1212, 1322, 255
1213, 255, 253
1214, 279, 1322
1215, 316, 307
1216, 1324, 316
1217, 382, 366
1218, 366, 1324
1219, 395, 382
1220, 414, 404
1221, 446, 414
1222, 477, 470
1223, 470, 446
1224, 497, 477
1225, 446, 442
1226, 523, 501
1227, 1330, 523
1228, 552, 548
1229, 548, 1330
1230, 571, 552
1231, 611, 593
1232, 619, 611
1233, 593, 583
1234, 1331, 619
1235, 659, 1331
1236, 677, 659
1237, 1323, 677
1238, 718, 1323
1239, 677, 684
1240, 762, 1325
1241, 1325, 740
1242, 773, 762
1243, 797, 773
1244, 815, 797
1245, 836, 815
1246, 853, 836
1247, 815, 816
1248, 883, 853
1249, 894, 883
1250, 853, 852
1251, 924, 899
1252, 950, 924
1253, 968, 950
1254, 1326, 968
1255, 1017, 1006
1256, 1006, 1326
1257, 1033, 1017
1258, 1058, 1033
1259, 1076, 1058
1260, 1090, 1076
1261, 1119, 1090
1262, 1076, 1072
1263, 1147, 1142
1264, 1142, 1119
1265, 1175, 1147
1266, 1119, 1123
1267, 1199, 1175
1268, 1218, 1199
1269, 1506, 1218
1270, 1218, 1332
1271, 1328, 1507
1272, 1327, 1328
1273, 1328, 23
1274, 66, 1327
1275, 1329, 66
1276, 1327, 53
1277, 150, 1329
1278, 1329, 98
1279, 162, 150
1280, 190, 162
1281, 150, 152
1282, 235, 190
1283, 190, 1333
1284, 253, 242
1285, 298, 279
1286, 242, 235
1287, 279, 253
1288, 235, 249
1289, 307, 298
1290, 338, 307
1291, 298, 282
1292, 1324, 338
1293, 395, 1324
1294, 338, 348
1295, 404, 395
1296, 442, 404
1297, 448, 442
1298, 395, 390
1299, 485, 448
1300, 448, 430
1301, 501, 497
1302, 497, 485
1303, 1330, 501
1304, 485, 483
1305, 571, 1330
1306, 1330, 533
1307, 583, 571
1308, 1331, 583
1309, 625, 1331
1310, 571, 578
1311, 674, 625
1312, 625, 1334
1313, 740, 718
1314, 684, 674
1315, 718, 684
1316, 674, 686
1317, 773, 740
1318, 781, 773
1319, 740, 722
1320, 816, 781
1321, 824, 816
1322, 781, 780
1323, 852, 824
1324, 864, 852
1325, 824, 827
1326, 899, 894
1327, 894, 864
1328, 913, 899
1329, 864, 1335
1330, 950, 913
1331, 954, 950
1332, 913, 909
1333, 1326, 954
1334, 954, 958
1335, 1033, 1326
1336, 1326, 996
1337, 1072, 1033
1338, 1033, 1030
1339, 1123, 1072
1340, 1137, 1123
1341, 1072, 1082
1342, 1175, 1137
1343, 1137, 1115
1344, 1332, 1175
1345, 1175, 1173
1346, 1508, 1332
1347, 1332, 1219
1348, 15, 1509
1349, 23, 15
1350, 53, 23
1351, 15, 9
1352, 98, 53
1353, 108, 98
1354, 53, 56
1355, 152, 108
1356, 108, 111
1357, 1333, 152
1358, 152, 161
1359, 238, 1333
1360, 1333, 185
1361, 249, 238
1362, 282, 249
1363, 304, 282
1364, 238, 236
1365, 348, 304
1366, 304, 299
1367, 390, 348
1368, 348, 357
1369, 430, 390
1370, 445, 430
1371, 390, 402
1372, 483, 445
1373, 491, 483
1374, 445, 1337
1375, 533, 491
1376, 491, 490
1377, 568, 533
1378, 533, 531
1379, 578, 568
1380, 1334, 578
1381, 568, 566
1382, 681, 1334
1383, 1334, 623
1384, 686, 681
1385, 722, 686
1386, 739, 722
1387, 681, 1338
1388, 780, 739
1389, 788, 780
1390, 739, 745
1391, 827, 788
1392, 829, 827
1393, 788, 1345
1394, 1335, 829
1395, 829, 820
1396, 909, 1335
1397, 1335, 863
1398, 943, 909
1399, 909, 896
1400, 958, 943
1401, 985, 958
1402, 943, 949
1403, 996, 985
1404, 1030, 996
1405, 1040, 1030
1406, 985, 1340
1407, 1082, 1040
1408, 1040, 1032
1409, 1115, 1082
1410, 1082, 1073
1411, 1173, 1115
1412, 1179, 1173
1413, 1115, 1133
1414, 1209, 1179
1415, 1179, 1341
1416, 1219, 1209
1417, 1510, 1219
1418, 1209, 1342
1419, 4, 1511
1420, 56, 9
1421, 111, 64
1422, 146, 111
1423, 111, 109
1424, 185, 161
1425, 196, 185
1426, 236, 200
1427, 252, 236
1428, 284, 252
1429, 252, 248
1430, 299, 284
1431, 336, 299
1432, 284, 286
1433, 357, 350
1434, 1336, 357
1435, 402, 1336
1436, 1337, 402
1437, 490, 1337
1438, 1344, 490
1439, 1337, 439
1440, 531, 1344
1441, 541, 531
1442, 566, 541
1443, 579, 566
1444, 623, 588
1445, 628, 623
1446, 1338, 628
1447, 628, 630
1448, 724, 1338
1449, 1338, 676
1450, 745, 724
1451, 771, 745
1452, 724, 723
1453, 820, 1345
1454, 1339, 820
1455, 855, 1339
1456, 863, 855
1457, 896, 863
1458, 904, 896
1459, 949, 918
1460, 959, 949
1461, 1340, 959
1462, 1032, 1340
1463, 1037, 1032
1464, 1340, 990
1465, 1073, 1037
1466, 1346, 1073
1467, 1037, 1036
1468, 1109, 1346
1469, 1133, 1127
1470, 1341, 1133
1471, 1342, 1180
1472, 1512, 1342
1473, 1342, 1216
1474, 9, 4
1475, 4, 1513
1476, 1343, 9
1477, 64, 56
1478, 56, 1343
1479, 1347, 64
1480, 109, 1347
1481, 120, 109
1482, 161, 146
1483, 146, 137
1484, 182, 161
1485, 200, 196
1486, 196, 182
1487, 217, 200
1488, 248, 217
1489, 258, 248
1490, 217, 1348
1491, 286, 266
1492, 324, 286
1493, 350, 336
1494, 336, 324
1495, 372, 350
1496, 324, 323
1497, 1336, 372
1498, 412, 1336
1499, 372, 371
1500, 439, 412
1501, 465, 439
1502, 412, 1349
1503, 1344, 465
1504, 509, 1344
1505, 465, 474
1506, 541, 518
1507, 1350, 541
1508, 588, 579
1509, 579, 1350
1510, 597, 588
1511, 630, 597
1512, 639, 630
1513, 597, 594
1514, 676, 660
1515, 701, 676
1516, 723, 701
1517, 1352, 723
1518, 701, 1351
1519, 1345, 771
1520, 771, 1352
1521, 1353, 1345
1522, 1339, 1353
1523, 844, 1339
1524, 855, 844
1525, 877, 855
1526, 844, 842
1527, 918, 904
1528, 904, 877
1529, 929, 918
1530, 877, 880
1531, 959, 929
1532, 963, 959
1533, 929, 927
1534, 990, 979
1535, 1014, 990
1536, 1036, 1014
1537, 1056, 1036
1538, 1014, 1011
1539, 1346, 1056
1540, 1099, 1346
1541, 1127, 1109
1542, 1109, 1108
1543, 1140, 1127
1544, 1180, 1341
1545, 1341, 1150
1546, 1191, 1180
1547, 1216, 1191
1548, 1514, 1216
1549, 1191, 1193
1550, 1343, 1515
1551, 1347, 1343
1552, 1343, 41
1553, 120, 1347
1554, 1347, 1354
1555, 137, 120
1556, 174, 137
1557, 120, 124
1558, 182, 174
1559, 1348, 182
1560, 174, 175
1561, 266, 258
1562, 258, 1348
1563, 1348, 225
1564, 323, 266
1565, 266, 262
1566, 365, 323
1567, 323, 315
1568, 371, 365
1569, 1349, 371
1570, 365, 384
1571, 474, 1349
1572, 1349, 419
1573, 509, 474
1574, 474, 461
1575, 518, 509
1576, 1350, 518
1577, 562, 1350
1578, 509, 520
1579, 594, 562
1580, 604, 594
1581, 562, 1355
1582, 636, 604
1583, 604, 598
1584, 660, 639
1585, 639, 636
1586, 1351, 660
1587, 636, 1356
1588, 754, 1351
1589, 1351, 689
1590, 1352, 754
1591, 1353, 1352
1592, 754, 765
1593, 842, 1353
1594, 1353, 808
1595, 880, 842
1596, 884, 880
1597, 842, 845
1598, 927, 884
1599, 884, 874
1600, 979, 963
1601, 963, 927
1602, 927, 936
1603, 1011, 979
1604, 979, 964
1605, 1056, 1011
1606, 1061, 1056
1607, 1011, 1023
1608, 1105, 1099
1609, 1099, 1061
1610, 1061, 1357
1611, 1108, 1105
1612, 1150, 1140
1613, 1140, 1108
1614, 1163, 1150
1615, 1105, 1107
1616, 1193, 1163
1617, 1163, 1149
1618, 1516, 1193
1619, 1193, 1187
1620, 31, 1517
1621, 41, 31
1622, 1354, 41
1623, 31, 33
1624, 117, 1354
1625, 1354, 72
1626, 124, 117
1627, 169, 124
1628, 117, 114
1629, 175, 169
1630, 215, 175
1631, 169, 172
1632, 225, 215
1633, 262, 225
1634, 271, 262
1635, 215, 1363
1636, 315, 271
1637, 333, 315
1638, 271, 272
1639, 384, 333
1640, 333, 331
1641, 419, 384
1642, 424, 419
1643, 384, 1366
1644, 461, 424
1645, 424, 416
1646, 508, 461
1647, 461, 467
1648, 520, 508
1649, 1355, 520
1650, 508, 526
1651, 598, 1355
1652, 608, 598
1653, 1355, 550
1654, 1356, 608
1655, 608, 603
1656, 689, 1356
1657, 695, 689
1658, 1356, 652
1659, 755, 695
1660, 695, 700
1661, 765, 755
1662, 808, 765
1663, 755, 757
1664, 835, 808
1665, 808, 802
1666, 845, 835
1667, 874, 845
1668, 835, 846
1669, 936, 874
1670, 941, 936
1671, 874, 885
1672, 964, 941
1673, 981, 964
1674, 941, 934
1675, 1015, 981
1676, 981, 973
1677, 1023, 1015
1678, 1357, 1023
1679, 1015, 1027
1680, 1092, 1357
1681, 1357, 1361
1682, 1107, 1092
1683, 1149, 1107
1684, 1092, 1098
1685, 1187, 1149
1686, 1200, 1187
1687, 1149, 1153
1688, 1518, 1200
1689, 1200, 1195
1690, 33, 1519
1691, 72, 33
1692, 78, 72
1693, 33, 34
1694, 114, 78
1695, 118, 114
1696, 78, 77
1697, 172, 138
1698, 1358, 172
1699, 1363, 1358
1700, 260, 223
1701, 272, 260
1702, 313, 272
1703, 260, 259
1704, 331, 319
1705, 1366, 331
1706, 416, 1366
1707, 467, 416
1708, 416, 421
1709, 1368, 467
1710, 467, 471
1711, 526, 1368
1712, 550, 526
1713, 1359, 550
1714, 603, 1359
1715, 612, 603
1716, 652, 618
1717, 700, 663
1718, 713, 700
1719, 757, 713
1720, 759, 757
1721, 713, 714
1722, 792, 759
1723, 759, 758
1724, 802, 792
1725, 1369, 802
1726, 846, 1369
1727, 1371, 846
1728, 885, 1371
1729, 934, 885
1730, 1360, 934
1731, 934, 935
1732, 973, 1360
1733, 1005, 973
1734, 1027, 1020
1735, 1361, 1027
1736, 1098, 1361
1737, 1362, 1098
1738, 1153, 1362
1739, 1195, 1153
1740, 1153, 1157
1741, 1520, 1195
1742, 1195, 1197
1743, 12, 1521
1744, 34, 12
1745, 52, 34
1746, 12, 8
1747, 77, 52
1748, 101, 77
1749, 52, 55
1750, 138, 118
1751, 118, 101
1752, 145, 138
1753, 1358, 145
1754, 1364, 1358
1755, 223, 1363
1756, 1363, 1364
1757, 229, 223
1758, 259, 237
1759, 1365, 259
1760, 319, 313
1761, 313, 1365
1762, 1367, 319
1763, 1366, 1367
1764, 1375, 1366
1765, 421, 1375
1766, 434, 421
1767, 471, 434
1768, 484, 471
1769, 434, 444
1770, 1368, 484
1771, 530, 1368
1772, 484, 1376
1773, 1359, 530
1774, 1377, 1359
1775, 530, 529
1776, 618, 612
1777, 612, 1377
1778, 1378, 618
1779, 663, 652
1780, 652, 635
1781, 678, 663
1782, 714, 678
1783, 733, 714
1784, 678, 680
1785, 758, 733
1786, 1379, 758
1787, 733, 732
1788, 792, 1379
1789, 1370, 792
1790, 1369, 1370
1791, 1372, 1369
1792, 1371, 1372
1793, 898, 1371
1794, 935, 898
1795, 1381, 935
1796, 898, 1380
1797, 1360, 1381
1798, 1382, 1360
1799, 1020, 1005
1800, 1005, 1001
1801, 1373, 1020
1802, 1361, 1373
1803, 1069, 1361
1804, 1362, 1081
1805, 1121, 1362
1806, 1157, 1121
1807, 1167, 1157
1808, 1121, 1118
1809, 1197, 1383
1810, 1374, 1197
1811, 1522, 1374
1812, 6, 1523
1813, 8, 6
1814, 55, 8
1815, 60, 55
1816, 6, 16
1817, 101, 60
1818, 112, 101
1819, 60, 58
1820, 145, 112
1821, 158, 145
1822, 112, 1384
1823, 1364, 158
1824, 158, 1385
1825, 237, 229
1826, 229, 1364
1827, 247, 237
1828, 1364, 186
1829, 1365, 247
1830, 306, 1365
1831, 247, 251
1832, 1367, 306
1833, 358, 1367
1834, 306, 309
1835, 1375, 358
1836, 358, 345
1837, 444, 1375
1838, 1375, 400
1839, 1376, 444
1840, 444, 440
1841, 529, 1376
1842, 538, 529
1843, 1376, 492
1844, 1377, 538
1845, 538, 536
1846, 1378, 1377
1847, 1377, 570
1848, 635, 1378
1849, 668, 635
1850, 1378, 620
1851, 680, 668
1852, 732, 680
1853, 668, 671
1854, 1379, 732
1855, 732, 721
1856, 1370, 1379
1857, 1379, 776
1858, 1372, 1370
1859, 1370, 826
1860, 1380, 1372
1861, 1372, 859
1862, 1381, 1380
1863, 1380, 893
1864, 1382, 1381
1865, 1381, 947
1866, 1001, 1382
1867, 1029, 1001
1868, 1382, 989
1869, 1081, 1069
1870, 1373, 1029
1871, 1069, 1373
1872, 1085, 1081
1873, 1029, 1042
1874, 1118, 1085
1875, 1138, 1118
1876, 1085, 1070
1877, 1383, 1167
1878, 1167, 1138
1879, 1138, 1135
1880, 1374, 1383
1881, 1383, 1386
1882, 1524, 1374
1883, 1374, 1215
1884, 16, 1525
1885, 50, 16
1886, 16, 17
1887, 58, 50
1888, 1384, 58
1889, 50, 63
1890, 1385, 1384
1891, 1384, 102
1892, 186, 1385
1893, 1385, 1387
1894, 231, 186
1895, 186, 1388
1896, 251, 231
1897, 294, 251
1898, 231, 239
1899, 309, 294
1900, 345, 309
1901, 353, 345
1902, 294, 289
1903, 388, 353
1904, 353, 344
1905, 400, 388
1906, 440, 400
1907, 388, 403
1908, 492, 440
1909, 440, 431
1910, 536, 492
1911, 544, 536
1912, 492, 488
1913, 570, 544
1914, 581, 570
1915, 544, 1396
1916, 620, 581
1917, 632, 620
1918, 581, 1397
1919, 666, 632
1920, 632, 622
1921, 671, 666
1922, 721, 671
1923, 741, 721
1924, 666, 673
1925, 776, 741
1926, 784, 776
1927, 741, 731
1928, 817, 784
1929, 784, 783
1930, 826, 817
1931, 859, 826
1932, 817, 1399
1933, 893, 859
1934, 915, 893
1935, 859, 860
1936, 947, 915
1937, 915, 900
1938, 989, 947
1939, 947, 951
1940, 1035, 989
1941, 989, 995
1942, 1042, 1035
1943, 1070, 1042
1944, 1035, 1390
1945, 1126, 1070
1946, 1070, 1391
1947, 1135, 1126
1948, 1386, 1135
1949, 1126, 1125
1950, 1215, 1386
1951, 1386, 1401
1952, 1526, 1215
1953, 1215, 1217
1954, 1, 1527
1955, 57, 17
1956, 63, 57
1957, 92, 63
1958, 57, 47
1959, 102, 92
1960, 139, 102
1961, 1388, 1387
1962, 239, 201
1963, 289, 239
1964, 300, 289
1965, 239, 241
1966, 335, 300
1967, 394, 361
1968, 403, 394
1969, 431, 403
1970, 1389, 431
1971, 394, 397
1972, 488, 1389
1973, 1396, 500
1974, 1397, 1396
1975, 622, 1397
1976, 1398, 622
1977, 673, 1398
1978, 679, 673
1979, 731, 688
1980, 769, 731
1981, 731, 734
1982, 783, 777
1983, 1399, 783
1984, 860, 1399
1985, 900, 860
1986, 916, 900
1987, 860, 862
1988, 951, 916
1989, 982, 951
1990, 1390, 1002
1991, 1391, 1390
1992, 1390, 1038
1993, 1111, 1391
1994, 1125, 1111
1995, 1401, 1125
1996, 1111, 1112
1997, 1392, 1401
1998, 1217, 1392
1999, 1528, 1217
2000, 17, 1
2001, 1, 1529
2002, 24, 17
2003, 47, 38
2004, 83, 47
2005, 92, 83
2006, 1393, 92
2007, 83, 86
2008, 1387, 139
2009, 139, 1393
2010, 1394, 1387
2011, 201, 1388
2012, 1388, 1394
2013, 202, 201
2014, 241, 227
2015, 270, 241
2016, 300, 270
2017, 312, 300
2018, 270, 273
2019, 344, 335
2020, 361, 344
2021, 335, 328
2022, 364, 361
2023, 397, 364
2024, 409, 397
2025, 364, 363
2026, 1389, 413
2027, 1395, 1389
2028, 500, 488
2029, 488, 1395
2030, 1402, 500
2031, 1396, 521
2032, 1403, 1396
2033, 1397, 1403
2034, 591, 1397
2035, 1398, 616
2036, 647, 1398
2037, 688, 679
2038, 679, 665
2039, 709, 688
2040, 734, 709
2041, 1404, 734
2042, 709, 708
2043, 777, 769
2044, 769, 1404
2045, 805, 777
2046, 1399, 805
2047, 839, 1399
2048, 805, 799
2049, 862, 848
2050, 881, 862
2051, 916, 881
2052, 919, 916
2053, 881, 1405
2054, 951, 933
2055, 961, 951
2056, 995, 982
2057, 1002, 995
2058, 982, 983
2059, 1406, 1002
2060, 1038, 1406
2061, 1400, 1038
2062, 1391, 1400
2063, 1091, 1391
2064, 1112, 1091
2065, 1407, 1112
2066, 1091, 1093
2067, 1401, 1407
2068, 1184, 1401
2069, 1392, 1408
2070, 1530, 1392
2071, 29, 24
2072, 24, 1531
2073, 38, 29
2074, 71, 38
2075, 29, 26
2076, 86, 71
2077, 1393, 86
2078, 71, 1409
2079, 165, 1393
2080, 1393, 113
2081, 207, 202
2082, 1394, 165
2083, 202, 1394
2084, 165, 168
2085, 227, 207
2086, 261, 227
2087, 207, 205
2088, 328, 312
2089, 273, 261
2090, 312, 273
2091, 261, 264
2092, 363, 328
2093, 375, 363
2094, 328, 325
2095, 413, 409
2096, 409, 375
2097, 423, 413
2098, 375, 386
2099, 462, 423
2100, 423, 418
2101, 1395, 462
2102, 1402, 1395
2103, 462, 464
2104, 521, 1402
2105, 1403, 521
2106, 1402, 513
2107, 602, 591
2108, 591, 1403
2109, 1403, 549
2110, 616, 602
2111, 647, 616
2112, 602, 599
2113, 665, 647
2114, 708, 665
2115, 715, 708
2116, 647, 658
2117, 1404, 715
2118, 715, 1410
2119, 799, 1404
2120, 1404, 766
2121, 839, 799
2122, 799, 1411
2123, 848, 839
2124, 1405, 848
2125, 839, 838
2126, 933, 919
2127, 919, 1405
2128, 1405, 1412
2129, 972, 961
2130, 961, 933
2131, 933, 930
2132, 983, 972
2133, 1406, 983
2134, 972, 1413
2135, 1400, 1406
2136, 1406, 1019
2137, 1093, 1400
2138, 1101, 1093
2139, 1400, 1414
2140, 1407, 1101
2141, 1161, 1407
2142, 1101, 1415
2143, 1408, 1184
2144, 1184, 1161
2145, 1161, 1151
2146, 1532, 1408
2147, 1408, 1198
2148, 26, 1533
2149, 1409, 26
2150, 26, 35
2151, 113, 1409
2152, 131, 113
2153, 1409, 87
2154, 168, 131
2155, 131, 116
2156, 205, 168
2157, 219, 205
2158, 168, 173
2159, 264, 219
2160, 278, 264
2161, 219, 213
2162, 325, 278
2163, 332, 325
2164, 278, 276
2165, 380, 332
2166, 332, 321
2167, 386, 380
2168, 418, 386
2169, 380, 377
2170, 464, 418
2171, 479, 464
2172, 418, 427
2173, 507, 479
2174, 479, 459
2175, 513, 507
2176, 549, 513
2177, 507, 519
2178, 599, 549
2179, 549, 553
2180, 648, 599
2181, 599, 1428
2182, 658, 648
2183, 1410, 658
2184, 648, 650
2185, 750, 1410
2186, 1410, 702
2187, 766, 750
2188, 1411, 766
2189, 750, 1420
2190, 838, 1411
2191, 1411, 794
2192, 1412, 838
2193, 838, 1429
2194, 930, 1412
2195, 1412, 882
2196, 1413, 930
2197, 930, 1421
2198, 1019, 1413
2199, 1413, 970
2200, 1414, 1019
2201, 1019, 1016
2202, 1415, 1414
2203, 1414, 1055
2204, 1141, 1415
2205, 1415, 1088
2206, 1151, 1141
2207, 1198, 1151
2208, 1141, 1422
2209, 1534, 1198
2210, 1198, 1181
2211, 25, 1535
2212, 35, 30
2213, 1416, 35
2214, 87, 1416
2215, 116, 87
2216, 125, 116
2217, 173, 125
2218, 125, 123
2219, 213, 173
2220, 221, 213
2221, 173, 177
2222, 268, 221
2223, 221, 218
2224, 276, 268
2225, 311, 276
2226, 268, 267
2227, 377, 334
2228, 1417, 377
2229, 1418, 1417
2230, 427, 1418
2231, 459, 427
2232, 468, 459
2233, 1419, 468
2234, 468, 469
2235, 519, 1419
2236, 553, 519
2237, 559, 553
2238, 1428, 559
2239, 559, 555
2240, 650, 613
2241, 691, 650
2242, 650, 651
2243, 1420, 716
2244, 789, 1420
2245, 1429, 806
2246, 882, 850
2247, 1421, 888
2248, 960, 1421
2249, 1421, 923
2250, 1016, 980
2251, 1046, 1016
2252, 1088, 1055
2253, 1102, 1088
2254, 1422, 1102
2255, 1181, 1422
2256, 1423, 1181
2257, 1422, 1155
2258, 1536, 1423
2259, 14, 1537
2260, 30, 25
2261, 25, 14
2262, 1424, 30
2263, 1416, 1424
2264, 1425, 1416
2265, 123, 1425
2266, 143, 123
2267, 177, 163
2268, 195, 177
2269, 218, 195
2270, 244, 218
2271, 195, 197
2272, 267, 244
2273, 287, 267
2274, 244, 245
2275, 321, 311
2276, 334, 321
2277, 311, 308
2278, 1426, 334
2279, 1417, 1426
2280, 398, 1417
2281, 1418, 407
2282, 438, 1418
2283, 469, 438
2284, 1427, 469
2285, 438, 433
2286, 1419, 1427
2287, 543, 1419
2288, 555, 543
2289, 1430, 555
2290, 543, 542
2291, 613, 1428
2292, 1428, 589
2293, 629, 613
2294, 651, 629
2295, 1432, 651
2296, 629, 1431
2297, 702, 691
2298, 716, 702
2299, 691, 1432
2300, 726, 716
2301, 1420, 747
2302, 775, 1420
2303, 794, 789
2304, 806, 794
2305, 789, 786
2306, 814, 806
2307, 850, 1429
2308, 1429, 832
2309, 857, 850
2310, 888, 882
2311, 882, 857
2312, 891, 888
2313, 857, 856
2314, 923, 917
2315, 957, 923
2316, 970, 960
2317, 980, 970
2318, 960, 957
2319, 1433, 980
2320, 1016, 999
2321, 1034, 1016
2322, 1055, 1046
2323, 1046, 1043
2324, 1074, 1055
2325, 1102, 1074
2326, 1122, 1102
2327, 1074, 1434
2328, 1155, 1122
2329, 1166, 1155
2330, 1122, 1130
2331, 1423, 1166
2332, 1207, 1423
2333, 1166, 1435
2334, 1538, 1207
2335, 1207, 1436
2336, 5, 1539
2337, 14, 5
2338, 48, 14
2339, 5, 3
2340, 1424, 48
2341, 1425, 1424
2342, 107, 1425
2343, 48, 1437
2344, 140, 107
2345, 107, 100
2346, 163, 143
2347, 143, 140
2348, 197, 163
2349, 140, 154
2350, 234, 197
2351, 197, 184
2352, 308, 287
2353, 245, 234
2354, 287, 245
2355, 234, 254
2356, 337, 308
2357, 308, 283
2358, 1426, 337
2359, 392, 1426
2360, 337, 355
2361, 407, 398
2362, 398, 392
2363, 433, 407
2364, 443, 433
2365, 392, 387
2366, 493, 443
2367, 443, 429
2368, 1427, 493
2369, 542, 1427
2370, 493, 1438
2371, 1430, 542
2372, 542, 537
2373, 589, 1430
2374, 1431, 589
2375, 1430, 573
2376, 1432, 1431
2377, 1431, 1439
2378, 726, 1432
2379, 1432, 682
2380, 747, 726
2381, 772, 747
2382, 726, 717
2383, 786, 775
2384, 775, 772
2385, 814, 786
2386, 772, 1440
2387, 832, 814
2388, 856, 832
2389, 814, 813
2390, 901, 891
2391, 891, 856
2392, 856, 1441
2393, 917, 901
2394, 948, 917
2395, 901, 906
2396, 957, 948
2397, 1433, 957
2398, 948, 955
2399, 999, 1433
2400, 1034, 999
2401, 1433, 988
2402, 1043, 1034
2403, 1434, 1043
2404, 1034, 1031
2405, 1130, 1434
2406, 1434, 1077
2407, 1435, 1130
2408, 1130, 1129
2409, 1436, 1435
2410, 1435, 1442
2411, 1540, 1436
2412, 1436, 1205
2413, 3, 1541
2414, 20, 3
2415, 1437, 20
2416, 20, 1542
2417, 100, 1437
2418, 106, 100
2419, 1437, 1543
2420, 142, 106
2421, 106, 1544
2422, 154, 142
2423, 184, 154
2424, 193, 184
2425, 142, 1545
2426, 233, 193
2427, 193, 1546
2428, 254, 233
2429, 283, 254
2430, 297, 283
2431, 233, 1547
2432, 355, 297
2433, 297, 1548
2434, 387, 355
2435, 393, 387
2436, 355, 1549
2437, 429, 393
2438, 447, 429
2439, 393, 1550
2440, 1438, 447
2441, 447, 1551
2442, 537, 1438
2443, 546, 537
2444, 1438, 1552
2445, 573, 546
2446, 585, 573
2447, 546, 1553
2448, 1439, 585
2449, 585, 1554
2450, 669, 1439
2451, 1439, 1555
2452, 682, 669
2453, 717, 682
2454, 743, 717
2455, 669, 1556
2456, 1440, 743
2457, 743, 1557
2458, 813, 1440
2459, 823, 813
2460, 1440, 1558
2461, 1441, 823
2462, 823, 1559
2463, 892, 1441
2464, 1441, 1560
2465, 906, 892
2466, 945, 906
2467, 892, 1561
2468, 955, 945
2469, 988, 955
2470, 998, 988
2471, 945, 1562
2472, 1031, 998
2473, 1039, 1031
2474, 998, 1563
2475, 1068, 1039
2476, 1039, 1564
2477, 1077, 1068
2478, 1129, 1077
2479, 1068, 1565
2480, 1442, 1129
2481, 1129, 1566
2482, 1205, 1442
2483, 1214, 1205
2484, 1442, 1567
2485, 1568, 1214
2486, 1214, 1569
