1, 6, 1132
2, 1133, 1014
3, 2, 1134
4, 1135, 5
5, 18, 1136
6, 16, 1137
7, 26, 1138
8, 1139, 19
9, 1140, 1015
10, 1141, 15
11, 4, 1142
12, 1143, 8
13, 13, 1144
14, 1145, 9
15, 1146, 7
16, 23, 1147
17, 1148, 1
18, 1149, 20
19, 1014, 1150
20, 9, 1151
21, 1152, 22
22, 24, 9
23, 1153, 11
24, 1015, 1154
25, 17, 1155
26, 1156, 28
27, 1157, 14
28, 10, 1158
29, 1159, 6
30, 12, 1160
31, 8, 1161
32, 1162, 4
33, 4, 37
34, 29, 8
35, 1163, 3
36, 27, 1164
37, 1165, 30
38, 21, 1166
39, 19, 23
40, 36, 19
41, 23, 59
42, 1, 1260
43, 1260, 1262
44, 59, 1
45, 33, 21
46, 21, 58
47, 20, 16
48, 16, 33
49, 42, 20
50, 33, 50
51, 6, 31
52, 1019, 6
53, 31, 1014
54, 1014, 43
55, 47, 31
56, 11, 2
57, 2, 32
58, 1016, 11
59, 5, 10
60, 32, 5
61, 10, 39
62, 48, 32
63, 14, 13
64, 13, 38
65, 39, 14
66, 66, 39
67, 22, 18
68, 18, 35
69, 49, 22
70, 35, 12
71, 12, 55
72, 52, 35
73, 37, 40
74, 1022, 37
75, 38, 24
76, 24, 56
77, 44, 38
78, 1167, 29
79, 29, 1022
80, 3, 1261
81, 1261, 25
82, 41, 3
83, 7, 17
84, 25, 7
85, 17, 51
86, 54, 25
87, 15, 27
88, 40, 15
89, 27, 1018
90, 45, 40
91, 34, 1015
92, 1015, 1016
93, 28, 34
94, 1021, 28
95, 34, 1017
96, 30, 26
97, 26, 36
98, 1020, 30
99, 36, 57
100, 72, 1168
101, 58, 1020
102, 50, 58
103, 61, 50
104, 57, 71
105, 69, 57
106, 1019, 47
107, 47, 60
108, 75, 66
109, 66, 53
110, 65, 49
111, 49, 52
112, 52, 62
113, 76, 45
114, 45, 1018
115, 67, 70
116, 63, 75
117, 75, 79
118, 1017, 46
119, 1021, 1017
120, 1017, 85
121, 62, 55
122, 81, 62
123, 1169, 1022
124, 74, 76
125, 76, 87
126, 1018, 41
127, 41, 54
128, 54, 67
129, 77, 1018
130, 67, 83
131, 1016, 48
132, 48, 63
133, 46, 1016
134, 63, 89
135, 73, 46
136, 56, 65
137, 53, 44
138, 44, 56
139, 90, 53
140, 65, 78
141, 43, 64
142, 60, 43
143, 86, 60
144, 64, 42
145, 42, 61
146, 61, 84
147, 80, 64
148, 71, 59
149, 59, 68
150, 82, 71
151, 68, 72
152, 72, 120
153, 106, 68
154, 99, 80
155, 80, 91
156, 55, 1019
157, 1019, 97
158, 113, 55
159, 1020, 69
160, 92, 1020
161, 69, 101
162, 51, 1021
163, 70, 51
164, 1023, 70
165, 1021, 102
166, 103, 73
167, 73, 98
168, 79, 1024
169, 112, 79
170, 1022, 74
171, 104, 1022
172, 74, 107
173, 78, 88
174, 100, 78
175, 94, 77
176, 77, 95
177, 123, 1170
178, 105, 82
179, 82, 110
180, 84, 92
181, 93, 84
182, 92, 118
183, 87, 96
184, 107, 87
185, 115, 107
186, 88, 81
187, 81, 114
188, 97, 86
189, 86, 99
190, 83, 1023
191, 95, 83
192, 121, 95
193, 85, 103
194, 109, 85
195, 103, 116
196, 89, 119
197, 98, 89
198, 108, 98
199, 1024, 90
200, 90, 100
201, 100, 117
202, 1171, 104
203, 104, 111
204, 110, 106
205, 106, 127
206, 136, 110
207, 114, 113
208, 113, 124
209, 1025, 114
210, 91, 93
211, 131, 91
212, 93, 143
213, 132, 1024
214, 1024, 153
215, 101, 105
216, 125, 101
217, 105, 136
218, 136, 140
219, 120, 123
220, 127, 120
221, 123, 1172
222, 147, 127
223, 99, 131
224, 149, 99
225, 131, 1029
226, 124, 97
227, 97, 134
228, 1026, 124
229, 118, 125
230, 143, 118
231, 1030, 143
232, 125, 150
233, 1023, 122
234, 138, 1023
235, 116, 126
236, 141, 116
237, 119, 112
238, 112, 132
239, 139, 119
240, 132, 146
241, 117, 128
242, 154, 117
243, 130, 115
244, 115, 148
245, 111, 130
246, 1173, 111
247, 130, 159
248, 96, 94
249, 94, 129
250, 148, 96
251, 102, 109
252, 122, 102
253, 109, 152
254, 135, 122
255, 126, 108
256, 108, 1028
257, 1027, 126
258, 129, 121
259, 121, 142
260, 133, 129
261, 128, 88
262, 88, 1025
263, 137, 128
264, 157, 147
265, 147, 1174
266, 1030, 169
267, 156, 157
268, 157, 180
269, 170, 1026
270, 1025, 160
271, 167, 137
272, 137, 1025
273, 134, 161
274, 1026, 134
275, 174, 1026
276, 164, 154
277, 154, 167
278, 167, 182
279, 151, 141
280, 141, 1027
281, 1027, 1028
282, 183, 1027
283, 140, 156
284, 150, 140
285, 169, 150
286, 179, 169
287, 155, 152
288, 145, 133
289, 133, 165
290, 158, 145
291, 145, 188
292, 1028, 139
293, 146, 163
294, 139, 146
295, 168, 1028
296, 144, 138
297, 138, 135
298, 135, 155
299, 155, 175
300, 166, 148
301, 148, 158
302, 158, 172
303, 159, 166
304, 1175, 159
305, 166, 173
306, 153, 164
307, 163, 153
308, 164, 171
309, 178, 163
310, 162, 149
311, 149, 1029
312, 1029, 1030
313, 177, 1029
314, 189, 1176
315, 1030, 208
316, 1032, 1030
317, 171, 206
318, 212, 171
319, 160, 170
320, 170, 184
321, 196, 160
322, 161, 162
323, 176, 161
324, 162, 192
325, 142, 144
326, 165, 142
327, 1031, 165
328, 144, 181
329, 152, 151
330, 151, 185
331, 211, 152
332, 197, 168
333, 168, 209
334, 156, 194
335, 186, 156
336, 1177, 203
337, 172, 1033
338, 187, 172
339, 180, 191
340, 194, 180
341, 205, 194
342, 184, 174
343, 174, 176
344, 202, 184
345, 176, 200
346, 210, 178
347, 178, 212
348, 198, 177
349, 177, 1032
350, 173, 193
351, 203, 173
352, 195, 183
353, 183, 201
354, 188, 1031
355, 1033, 188
356, 175, 213
357, 181, 175
358, 199, 181
359, 182, 196
360, 207, 182
361, 196, 204
362, 208, 179
363, 179, 190
364, 214, 208
365, 190, 186
366, 186, 216
367, 249, 190
368, 212, 218
369, 238, 212
370, 204, 223
371, 242, 204
372, 1032, 221
373, 1037, 1032
374, 192, 198
375, 215, 192
376, 198, 226
377, 201, 197
378, 197, 222
379, 243, 201
380, 209, 210
381, 222, 209
382, 210, 238
383, 225, 222
384, 206, 207
385, 218, 206
386, 207, 242
387, 228, 218
388, 191, 189
389, 189, 1178
390, 232, 191
391, 213, 211
392, 211, 219
393, 241, 213
394, 217, 199
395, 199, 235
396, 220, 1033
397, 1033, 234
398, 1179, 203
399, 203, 229
400, 1031, 217
401, 253, 1031
402, 217, 1036
403, 193, 187
404, 187, 220
405, 229, 193
406, 220, 1034
407, 1035, 229
408, 200, 215
409, 224, 200
410, 215, 227
411, 185, 195
412, 219, 185
413, 195, 230
414, 236, 219
415, 223, 202
416, 202, 224
417, 231, 223
418, 224, 239
419, 216, 205
420, 205, 1038
421, 237, 216
422, 221, 214
423, 214, 251
424, 233, 221
425, 247, 256
426, 1038, 232
427, 232, 1180
428, 254, 261
429, 255, 231
430, 231, 245
431, 259, 246
432, 238, 244
433, 258, 238
434, 244, 228
435, 228, 242
436, 268, 244
437, 230, 1039
438, 236, 230
439, 262, 1036
440, 1035, 1034
441, 1181, 263
442, 234, 253
443, 1034, 234
444, 253, 262
445, 272, 1034
446, 235, 241
447, 1036, 235
448, 277, 1036
449, 1039, 243
450, 243, 240
451, 241, 236
452, 236, 265
453, 252, 241
454, 248, 255
455, 255, 264
456, 226, 1037
457, 227, 226
458, 246, 227
459, 270, 246
460, 240, 225
461, 225, 260
462, 266, 240
463, 257, 237
464, 237, 247
465, 247, 275
466, 250, 233
467, 233, 254
468, 254, 267
469, 256, 1038
470, 284, 256
471, 1038, 290
472, 251, 249
473, 249, 257
474, 261, 251
475, 276, 261
476, 257, 279
477, 242, 248
478, 273, 242
479, 248, 1042
480, 283, 252
481, 252, 287
482, 278, 1039
483, 1039, 304
484, 260, 258
485, 258, 1040
486, 269, 260
487, 239, 259
488, 245, 239
489, 271, 245
490, 259, 280
491, 1037, 250
492, 281, 1037
493, 250, 282
494, 262, 285
495, 299, 262
496, 263, 1035
497, 1035, 293
498, 274, 263
499, 275, 284
500, 292, 275
501, 284, 295
502, 1040, 268
503, 268, 273
504, 273, 310
505, 267, 276
506, 282, 267
507, 276, 289
508, 298, 282
509, 286, 270
510, 270, 288
511, 264, 271
512, 1042, 264
513, 271, 303
514, 293, 272
515, 272, 299
516, 307, 266
517, 266, 269
518, 269, 301
519, 1182, 274
520, 274, 300
521, 297, 277
522, 277, 291
523, 265, 278
524, 287, 265
525, 306, 287
526, 278, 294
527, 296, 1183
528, 295, 305
529, 1043, 295
530, 279, 292
531, 302, 279
532, 292, 325
533, 291, 283
534, 283, 311
535, 328, 291
536, 303, 309
537, 318, 303
538, 280, 286
539, 309, 280
540, 286, 1049
541, 326, 309
542, 288, 281
543, 281, 308
544, 1049, 288
545, 294, 312
546, 322, 294
547, 314, 293
548, 293, 1047
549, 315, 1040
550, 1040, 1041
551, 289, 302
552, 1045, 289
553, 302, 1046
554, 290, 296
555, 305, 290
556, 296, 1184
557, 330, 305
558, 285, 297
559, 317, 285
560, 297, 320
561, 311, 306
562, 306, 319
563, 331, 311
564, 301, 315
565, 316, 301
566, 315, 324
567, 310, 313
568, 1041, 310
569, 313, 1042
570, 1042, 318
571, 318, 1050
572, 333, 313
573, 304, 307
574, 312, 304
575, 307, 316
576, 327, 312
577, 316, 1044
578, 299, 317
579, 1047, 299
580, 317, 1048
581, 308, 298
582, 298, 323
583, 321, 308
584, 300, 314
585, 1185, 300
586, 314, 334
587, 1049, 321
588, 321, 342
589, 323, 1045
590, 342, 323
591, 349, 342
592, 325, 1043
593, 1046, 325
594, 1043, 330
595, 330, 1186
596, 348, 330
597, 319, 322
598, 322, 329
599, 337, 319
600, 327, 1044
601, 1044, 338
602, 1045, 1046
603, 340, 1045
604, 1046, 359
605, 333, 1050
606, 324, 345
607, 338, 324
608, 353, 338
609, 1050, 336
610, 334, 343
611, 1187, 334
612, 346, 1048
613, 343, 1047
614, 1047, 339
615, 352, 343
616, 320, 332
617, 1048, 320
618, 351, 1048
619, 335, 328
620, 328, 331
621, 331, 337
622, 337, 356
623, 329, 327
624, 344, 329
625, 327, 355
626, 336, 326
627, 326, 1049
628, 1049, 341
629, 350, 336
630, 347, 333
631, 333, 362
632, 360, 340
633, 340, 366
634, 379, 1050
635, 1050, 377
636, 341, 354
637, 1052, 341
638, 345, 1041
639, 1041, 347
640, 357, 345
641, 347, 365
642, 332, 335
643, 358, 332
644, 335, 375
645, 372, 1188
646, 1051, 344
647, 344, 363
648, 369, 1044
649, 1044, 371
650, 1189, 374
651, 339, 346
652, 346, 364
653, 386, 339
654, 370, 1043
655, 1043, 361
656, 354, 349
657, 349, 367
658, 388, 354
659, 356, 1051
660, 389, 356
661, 378, 350
662, 350, 1052
663, 355, 369
664, 368, 355
665, 364, 351
666, 351, 358
667, 358, 376
668, 380, 364
669, 361, 348
670, 348, 372
671, 372, 385
672, 383, 361
673, 374, 352
674, 352, 390
675, 387, 374
676, 381, 353
677, 353, 357
678, 357, 391
679, 362, 392
680, 365, 362
681, 384, 365
682, 359, 373
683, 366, 359
684, 382, 366
685, 397, 382
686, 382, 1053
687, 373, 370
688, 370, 401
689, 1053, 373
690, 401, 383
691, 383, 403
692, 407, 401
693, 1052, 395
694, 406, 1052
695, 395, 388
696, 388, 1055
697, 412, 395
698, 394, 384
699, 384, 1063
700, 392, 379
701, 379, 398
702, 405, 392
703, 363, 368
704, 399, 363
705, 368, 402
706, 371, 381
707, 396, 371
708, 381, 1054
709, 391, 394
710, 1054, 391
711, 394, 415
712, 390, 386
713, 386, 400
714, 1062, 390
715, 375, 389
716, 393, 375
717, 389, 1065
718, 400, 380
719, 380, 418
720, 1060, 400
721, 1190, 387
722, 387, 1059
723, 376, 393
724, 417, 376
725, 393, 420
726, 1051, 399
727, 1065, 1051
728, 399, 404
729, 369, 396
730, 1061, 369
731, 396, 411
732, 377, 378
733, 398, 377
734, 378, 406
735, 406, 1056
736, 1057, 398
737, 385, 1191
738, 403, 385
739, 408, 403
740, 367, 360
741, 360, 397
742, 1055, 367
743, 397, 409
744, 409, 1053
745, 1053, 1064
746, 414, 409
747, 1056, 421
748, 404, 410
749, 416, 404
750, 413, 405
751, 405, 1057
752, 422, 419
753, 415, 425
754, 419, 1054
755, 1054, 415
756, 421, 412
757, 412, 1058
758, 432, 421
759, 1057, 1056
760, 1056, 430
761, 434, 1057
762, 420, 429
763, 417, 420
764, 425, 1063
765, 433, 425
766, 1058, 1055
767, 1055, 414
768, 414, 436
769, 1064, 407
770, 407, 424
771, 1192, 1059
772, 1060, 427
773, 429, 428
774, 438, 429
775, 402, 1061
776, 410, 402
777, 435, 410
778, 1062, 1060
779, 1060, 441
780, 411, 422
781, 423, 411
782, 422, 451
783, 424, 431
784, 439, 424
785, 426, 408
786, 408, 1193
787, 1063, 413
788, 413, 443
789, 457, 1063
790, 440, 1058
791, 1058, 463
792, 444, 1064
793, 1064, 456
794, 431, 426
795, 1066, 431
796, 426, 442
797, 430, 454
798, 1067, 430
799, 1061, 423
800, 446, 1061
801, 423, 453
802, 428, 1065
803, 1065, 416
804, 416, 447
805, 1069, 428
806, 464, 419
807, 419, 450
808, 1059, 1062
809, 437, 1059
810, 1062, 455
811, 418, 417
812, 427, 418
813, 417, 467
814, 445, 427
815, 451, 464
816, 458, 451
817, 436, 448
818, 462, 436
819, 456, 439
820, 439, 1066
821, 469, 456
822, 442, 1194
823, 465, 442
824, 454, 432
825, 432, 440
826, 440, 471
827, 473, 438
828, 438, 461
829, 449, 435
830, 435, 446
831, 446, 459
832, 1195, 437
833, 437, 470
834, 441, 445
835, 468, 441
836, 445, 466
837, 443, 434
838, 434, 1067
839, 452, 433
840, 433, 460
841, 453, 458
842, 479, 453
843, 458, 491
844, 471, 480
845, 1068, 471
846, 448, 444
847, 444, 474
848, 490, 448
849, 464, 477
850, 484, 464
851, 460, 457
852, 457, 475
853, 1073, 460
854, 1066, 478
855, 515, 1066
856, 478, 465
857, 465, 1196
858, 496, 478
859, 476, 454
860, 454, 1068
861, 466, 472
862, 489, 466
863, 447, 449
864, 1069, 447
865, 449, 487
866, 455, 468
867, 481, 455
868, 468, 502
869, 1067, 476
870, 485, 1067
871, 476, 514
872, 463, 462
873, 480, 463
874, 462, 490
875, 497, 480
876, 467, 473
877, 472, 467
878, 473, 1070
879, 1071, 472
880, 470, 481
881, 1197, 470
882, 481, 500
883, 461, 1069
884, 1070, 461
885, 1069, 486
886, 450, 452
887, 477, 450
888, 452, 1073
889, 483, 477
890, 459, 479
891, 487, 459
892, 479, 488
893, 474, 469
894, 469, 492
895, 498, 474
896, 475, 443
897, 443, 494
898, 482, 475
899, 499, 498
900, 498, 520
901, 506, 496
902, 496, 1198
903, 495, 482
904, 482, 494
905, 1068, 512
906, 501, 1068
907, 492, 515
908, 515, 518
909, 520, 492
910, 525, 520
911, 486, 493
912, 505, 486
913, 491, 1072
914, 517, 491
915, 512, 497
916, 497, 503
917, 528, 512
918, 1071, 508
919, 513, 507
920, 488, 517
921, 510, 488
922, 517, 524
923, 509, 516
924, 1072, 484
925, 484, 483
926, 483, 509
927, 509, 526
928, 1073, 495
929, 511, 1073
930, 495, 529
931, 518, 506
932, 506, 531
933, 500, 502
934, 507, 500
935, 530, 507
936, 494, 485
937, 485, 514
938, 521, 494
939, 514, 501
940, 501, 522
941, 523, 514
942, 504, 489
943, 489, 1071
944, 1071, 527
945, 493, 487
946, 487, 510
947, 533, 493
948, 510, 519
949, 519, 542
950, 1074, 519
951, 516, 511
952, 555, 516
953, 511, 539
954, 536, 521
955, 521, 541
956, 522, 1076
957, 557, 522
958, 490, 499
959, 503, 490
960, 499, 563
961, 550, 503
962, 532, 1199
963, 1075, 1072
964, 1072, 535
965, 508, 1070
966, 1070, 505
967, 505, 544
968, 540, 508
969, 1200, 513
970, 513, 537
971, 502, 504
972, 545, 502
973, 504, 538
974, 546, 518
975, 518, 548
976, 541, 523
977, 523, 562
978, 531, 534
979, 552, 531
980, 529, 536
981, 543, 529
982, 536, 567
983, 1076, 528
984, 528, 549
985, 558, 533
986, 533, 1074
987, 547, 530
988, 530, 553
989, 524, 1075
990, 542, 524
991, 559, 542
992, 526, 555
993, 535, 526
994, 555, 570
995, 551, 535
996, 527, 540
997, 554, 527
998, 540, 560
999, 565, 525
1000, 525, 546
1001, 546, 556
1002, 556, 571
1003, 1082, 556
1004, 573, 541
1005, 541, 580
1006, 572, 559
1007, 559, 576
1008, 562, 557
1009, 557, 574
1010, 580, 562
1011, 598, 580
1012, 574, 1076
1013, 1076, 583
1014, 582, 574
1015, 539, 543
1016, 564, 539
1017, 543, 1079
1018, 568, 551
1019, 551, 577
1020, 538, 554
1021, 561, 538
1022, 554, 590
1023, 560, 566
1024, 581, 560
1025, 553, 545
1026, 545, 561
1027, 588, 553
1028, 561, 600
1029, 1075, 568
1030, 576, 1075
1031, 1078, 576
1032, 568, 592
1033, 570, 564
1034, 575, 570
1035, 564, 579
1036, 549, 550
1037, 550, 569
1038, 587, 549
1039, 563, 565
1040, 569, 563
1041, 565, 586
1042, 585, 569
1043, 537, 547
1044, 1201, 537
1045, 547, 584
1046, 567, 573
1047, 1079, 567
1048, 573, 607
1049, 548, 552
1050, 571, 548
1051, 552, 1077
1052, 595, 571
1053, 534, 532
1054, 532, 1202
1055, 1077, 534
1056, 544, 558
1057, 566, 544
1058, 558, 578
1059, 597, 566
1060, 1074, 572
1061, 578, 1074
1062, 572, 596
1063, 593, 578
1064, 602, 606
1065, 608, 599
1066, 611, 589
1067, 592, 611
1068, 1078, 592
1069, 611, 617
1070, 577, 575
1071, 589, 577
1072, 575, 591
1073, 613, 589
1074, 579, 1079
1075, 591, 579
1076, 618, 591
1077, 607, 598
1078, 598, 1081
1079, 610, 585
1080, 585, 608
1081, 608, 621
1082, 583, 587
1083, 594, 582
1084, 582, 583
1085, 587, 610
1086, 1082, 595
1087, 595, 602
1088, 602, 616
1089, 1080, 603
1090, 1079, 607
1091, 607, 614
1092, 605, 1203
1093, 600, 609
1094, 588, 600
1095, 590, 581
1096, 581, 604
1097, 604, 597
1098, 597, 593
1099, 593, 1080
1100, 622, 604
1101, 596, 1078
1102, 603, 596
1103, 620, 603
1104, 584, 588
1105, 1204, 584
1106, 588, 601
1107, 609, 590
1108, 615, 609
1109, 590, 612
1110, 1081, 594
1111, 594, 619
1112, 586, 1082
1113, 599, 586
1114, 1084, 599
1115, 1082, 1083
1116, 623, 613
1117, 613, 625
1118, 634, 1081
1119, 1081, 626
1120, 610, 631
1121, 629, 610
1122, 612, 648
1123, 641, 612
1124, 1078, 639
1125, 1085, 1078
1126, 601, 637
1127, 632, 601
1128, 1080, 630
1129, 638, 1080
1130, 606, 1077
1131, 1077, 605
1132, 650, 606
1133, 605, 624
1134, 627, 1079
1135, 1079, 1086
1136, 619, 629
1137, 635, 619
1138, 629, 647
1139, 616, 653
1140, 1083, 616
1141, 628, 1205
1142, 642, 615
1143, 615, 643
1144, 625, 618
1145, 618, 627
1146, 633, 625
1147, 627, 651
1148, 617, 623
1149, 640, 617
1150, 1206, 632
1151, 649, 622
1152, 622, 638
1153, 614, 634
1154, 1086, 614
1155, 634, 645
1156, 621, 1084
1157, 644, 621
1158, 636, 620
1159, 620, 1085
1160, 624, 628
1161, 652, 624
1162, 628, 1207
1163, 646, 1083
1164, 1083, 1089
1165, 660, 1086
1166, 1086, 663
1167, 1085, 656
1168, 671, 1085
1169, 645, 654
1170, 663, 645
1171, 678, 663
1172, 631, 644
1173, 658, 631
1174, 644, 1088
1175, 632, 655
1176, 1208, 632
1177, 630, 636
1178, 661, 630
1179, 636, 671
1180, 648, 649
1181, 659, 648
1182, 649, 1090
1183, 639, 640
1184, 656, 639
1185, 640, 662
1186, 669, 656
1187, 637, 642
1188, 655, 637
1189, 642, 1087
1190, 676, 655
1191, 651, 660
1192, 672, 651
1193, 660, 682
1194, 643, 641
1195, 641, 659
1196, 1087, 643
1197, 659, 666
1198, 623, 657
1199, 662, 623
1200, 673, 662
1201, 638, 661
1202, 670, 638
1203, 661, 668
1204, 653, 650
1205, 650, 652
1206, 675, 653
1207, 652, 674
1208, 657, 633
1209, 633, 665
1210, 677, 657
1211, 626, 635
1212, 654, 626
1213, 635, 664
1214, 684, 654
1215, 647, 658
1216, 664, 647
1217, 658, 667
1218, 689, 664
1219, 1084, 646
1220, 680, 1084
1221, 646, 683
1222, 665, 672
1223, 672, 698
1224, 702, 665
1225, 686, 675
1226, 675, 704
1227, 698, 705
1228, 707, 698
1229, 682, 696
1230, 705, 682
1231, 712, 705
1232, 694, 670
1233, 670, 681
1234, 691, 669
1235, 669, 706
1236, 693, 684
1237, 684, 689
1238, 689, 695
1239, 679, 1088
1240, 1088, 680
1241, 683, 703
1242, 680, 683
1243, 708, 1088
1244, 700, 692
1245, 667, 679
1246, 701, 667
1247, 679, 724
1248, 690, 676
1249, 676, 1087
1250, 1087, 685
1251, 697, 691
1252, 691, 709
1253, 671, 688
1254, 668, 671
1255, 681, 668
1256, 716, 681
1257, 1209, 690
1258, 690, 715
1259, 687, 693
1260, 693, 717
1261, 666, 1090
1262, 692, 666
1263, 711, 692
1264, 699, 673
1265, 673, 677
1266, 677, 702
1267, 702, 710
1268, 674, 1210
1269, 704, 674
1270, 718, 704
1271, 703, 1089
1272, 714, 703
1273, 695, 701
1274, 723, 695
1275, 701, 1093
1276, 696, 678
1277, 678, 687
1278, 743, 696
1279, 687, 742
1280, 685, 700
1281, 700, 725
1282, 719, 685
1283, 688, 697
1284, 697, 738
1285, 730, 688
1286, 706, 699
1287, 1094, 706
1288, 699, 720
1289, 722, 708
1290, 708, 729
1291, 1089, 686
1292, 686, 1091
1293, 733, 1089
1294, 726, 1211
1295, 1212, 731
1296, 1092, 707
1297, 707, 740
1298, 1090, 694
1299, 694, 721
1300, 713, 1090
1301, 729, 714
1302, 714, 741
1303, 717, 728
1304, 744, 717
1305, 1091, 718
1306, 718, 735
1307, 710, 1092
1308, 720, 710
1309, 749, 720
1310, 740, 712
1311, 712, 750
1312, 724, 737
1313, 1093, 724
1314, 725, 711
1315, 711, 713
1316, 732, 725
1317, 713, 739
1318, 709, 1094
1319, 747, 709
1320, 715, 719
1321, 734, 715
1322, 719, 746
1323, 727, 716
1324, 716, 736
1325, 737, 722
1326, 722, 745
1327, 768, 737
1328, 745, 729
1329, 729, 762
1330, 1095, 745
1331, 754, 1091
1332, 1091, 772
1333, 735, 726
1334, 726, 1213
1335, 770, 735
1336, 1094, 756
1337, 758, 1094
1338, 756, 749
1339, 749, 767
1340, 763, 756
1341, 721, 727
1342, 748, 721
1343, 727, 760
1344, 738, 747
1345, 751, 738
1346, 747, 758
1347, 758, 766
1348, 1092, 755
1349, 767, 1092
1350, 778, 767
1351, 755, 740
1352, 740, 773
1353, 764, 755
1354, 742, 744
1355, 752, 742
1356, 744, 1102
1357, 728, 723
1358, 723, 757
1359, 1102, 728
1360, 741, 733
1361, 733, 754
1362, 776, 741
1363, 754, 774
1364, 736, 730
1365, 730, 751
1366, 760, 736
1367, 765, 760
1368, 751, 1098
1369, 753, 732
1370, 732, 1097
1371, 739, 748
1372, 775, 739
1373, 748, 780
1374, 731, 734
1375, 1214, 731
1376, 734, 759
1377, 750, 743
1378, 743, 752
1379, 769, 750
1380, 752, 1099
1381, 746, 753
1382, 759, 746
1383, 753, 783
1384, 779, 759
1385, 757, 1093
1386, 1093, 781
1387, 761, 757
1388, 784, 776
1389, 776, 789
1390, 787, 770
1391, 770, 1215
1392, 782, 777
1393, 781, 1096
1394, 777, 761
1395, 761, 781
1396, 797, 777
1397, 762, 784
1398, 1095, 762
1399, 784, 793
1400, 769, 1099
1401, 1096, 768
1402, 768, 1095
1403, 1095, 801
1404, 785, 790
1405, 1103, 783
1406, 1097, 775
1407, 775, 788
1408, 771, 1098
1409, 766, 1100
1410, 1098, 766
1411, 800, 1098
1412, 1216, 779
1413, 779, 1103
1414, 783, 1097
1415, 799, 783
1416, 1097, 792
1417, 791, 1101
1418, 780, 765
1419, 788, 780
1420, 794, 788
1421, 1101, 778
1422, 778, 764
1423, 764, 785
1424, 785, 798
1425, 772, 786
1426, 774, 772
1427, 789, 774
1428, 795, 789
1429, 1100, 763
1430, 763, 791
1431, 791, 805
1432, 1099, 1102
1433, 796, 1099
1434, 793, 810
1435, 820, 793
1436, 813, 1100
1437, 1100, 815
1438, 825, 1101
1439, 1101, 806
1440, 773, 769
1441, 790, 773
1442, 769, 804
1443, 830, 790
1444, 1102, 782
1445, 782, 828
1446, 802, 1102
1447, 786, 787
1448, 787, 814
1449, 812, 786
1450, 792, 1106
1451, 818, 792
1452, 1103, 811
1453, 809, 1103
1454, 765, 771
1455, 771, 824
1456, 1107, 765
1457, 803, 1096
1458, 1096, 1104
1459, 817, 1217
1460, 805, 827
1461, 815, 805
1462, 833, 815
1463, 828, 797
1464, 797, 807
1465, 801, 821
1466, 1104, 801
1467, 808, 795
1468, 795, 816
1469, 798, 830
1470, 806, 798
1471, 834, 806
1472, 829, 799
1473, 799, 819
1474, 1218, 809
1475, 809, 823
1476, 1106, 794
1477, 794, 1107
1478, 804, 796
1479, 796, 802
1480, 831, 804
1481, 802, 822
1482, 824, 800
1483, 800, 826
1484, 816, 812
1485, 812, 839
1486, 845, 816
1487, 830, 840
1488, 848, 830
1489, 821, 820
1490, 820, 1109
1491, 876, 821
1492, 822, 836
1493, 1105, 822
1494, 838, 1104
1495, 1104, 865
1496, 827, 825
1497, 825, 1108
1498, 1111, 827
1499, 840, 831
1500, 831, 1105
1501, 852, 840
1502, 836, 828
1503, 828, 842
1504, 847, 836
1505, 807, 803
1506, 803, 838
1507, 851, 807
1508, 838, 853
1509, 810, 808
1510, 1109, 810
1511, 808, 845
1512, 845, 866
1513, 826, 813
1514, 813, 837
1515, 846, 826
1516, 841, 1106
1517, 1106, 857
1518, 811, 829
1519, 832, 811
1520, 829, 855
1521, 1107, 835
1522, 854, 1107
1523, 835, 824
1524, 824, 856
1525, 850, 835
1526, 837, 833
1527, 833, 843
1528, 860, 837
1529, 823, 832
1530, 1219, 823
1531, 832, 867
1532, 819, 818
1533, 818, 841
1534, 1114, 819
1535, 841, 844
1536, 1108, 834
1537, 834, 848
1538, 848, 1110
1539, 814, 817
1540, 839, 814
1541, 817, 1220
1542, 849, 839
1543, 859, 1221
1544, 1112, 1109
1545, 878, 1110
1546, 842, 851
1547, 862, 842
1548, 851, 864
1549, 843, 1111
1550, 868, 843
1551, 1105, 871
1552, 863, 1105
1553, 853, 873
1554, 864, 853
1555, 880, 864
1556, 865, 876
1557, 876, 1112
1558, 873, 865
1559, 886, 873
1560, 861, 850
1561, 850, 1113
1562, 858, 854
1563, 854, 861
1564, 861, 883
1565, 877, 1108
1566, 1108, 878
1567, 878, 882
1568, 871, 847
1569, 847, 862
1570, 862, 885
1571, 879, 871
1572, 844, 869
1573, 1114, 844
1574, 867, 874
1575, 1222, 867
1576, 869, 870
1577, 890, 869
1578, 855, 1114
1579, 874, 855
1580, 881, 874
1581, 1110, 852
1582, 852, 863
1583, 863, 894
1584, 1109, 872
1585, 888, 1109
1586, 856, 846
1587, 846, 860
1588, 1113, 856
1589, 860, 868
1590, 868, 884
1591, 875, 849
1592, 849, 859
1593, 859, 897
1594, 866, 875
1595, 872, 866
1596, 907, 872
1597, 875, 889
1598, 893, 880
1599, 880, 900
1600, 1112, 887
1601, 914, 1112
1602, 905, 879
1603, 879, 906
1604, 857, 858
1605, 870, 857
1606, 858, 909
1607, 1117, 870
1608, 898, 1113
1609, 1113, 918
1610, 1111, 877
1611, 1115, 1111
1612, 877, 891
1613, 1223, 904
1614, 1114, 901
1615, 1119, 1114
1616, 899, 1110
1617, 1110, 1116
1618, 908, 1224
1619, 882, 902
1620, 895, 882
1621, 901, 890
1622, 890, 1117
1623, 916, 901
1624, 884, 1115
1625, 919, 884
1626, 900, 886
1627, 886, 915
1628, 927, 900
1629, 904, 881
1630, 881, 1119
1631, 892, 888
1632, 888, 912
1633, 883, 898
1634, 913, 883
1635, 898, 921
1636, 897, 910
1637, 889, 897
1638, 903, 889
1639, 894, 911
1640, 1116, 894
1641, 885, 896
1642, 906, 885
1643, 917, 906
1644, 896, 893
1645, 893, 930
1646, 1120, 896
1647, 910, 908
1648, 908, 1225
1649, 942, 910
1650, 923, 903
1651, 903, 939
1652, 911, 905
1653, 905, 925
1654, 947, 911
1655, 1117, 924
1656, 1125, 1117
1657, 902, 899
1658, 899, 922
1659, 1127, 902
1660, 887, 892
1661, 929, 887
1662, 892, 1128
1663, 928, 916
1664, 916, 1126
1665, 1115, 920
1666, 1118, 1115
1667, 891, 895
1668, 920, 891
1669, 895, 1127
1670, 931, 920
1671, 922, 1116
1672, 1116, 935
1673, 944, 922
1674, 1226, 904
1675, 904, 934
1676, 921, 926
1677, 933, 921
1678, 918, 919
1679, 926, 918
1680, 919, 1118
1681, 948, 926
1682, 930, 927
1683, 927, 1121
1684, 937, 930
1685, 1119, 928
1686, 932, 1119
1687, 928, 936
1688, 909, 913
1689, 924, 909
1690, 913, 933
1691, 941, 924
1692, 933, 946
1693, 925, 917
1694, 917, 1120
1695, 943, 925
1696, 912, 907
1697, 907, 923
1698, 1128, 912
1699, 923, 1122
1700, 915, 914
1701, 914, 929
1702, 1121, 915
1703, 929, 940
1704, 954, 1122
1705, 961, 960
1706, 1118, 931
1707, 931, 938
1708, 950, 1118
1709, 938, 1127
1710, 972, 938
1711, 1127, 944
1712, 944, 949
1713, 935, 1124
1714, 949, 935
1715, 968, 949
1716, 958, 1121
1717, 1121, 959
1718, 940, 1128
1719, 951, 940
1720, 939, 942
1721, 942, 957
1722, 1122, 939
1723, 965, 1122
1724, 1124, 947
1725, 947, 943
1726, 943, 953
1727, 959, 951
1728, 964, 959
1729, 951, 970
1730, 1125, 952
1731, 952, 941
1732, 941, 955
1733, 969, 952
1734, 962, 956
1735, 946, 948
1736, 948, 961
1737, 961, 967
1738, 953, 1123
1739, 966, 953
1740, 963, 1227
1741, 1228, 945
1742, 936, 1126
1743, 956, 936
1744, 971, 956
1745, 1120, 937
1746, 937, 958
1747, 1123, 1120
1748, 958, 977
1749, 999, 964
1750, 964, 994
1751, 957, 963
1752, 975, 957
1753, 963, 983
1754, 1130, 1124
1755, 1124, 980
1756, 1129, 1123
1757, 1123, 976
1758, 1126, 1125
1759, 1125, 1003
1760, 978, 1126
1761, 960, 950
1762, 1131, 960
1763, 950, 982
1764, 989, 1127
1765, 1127, 988
1766, 934, 932
1767, 945, 934
1768, 932, 962
1769, 962, 974
1770, 990, 945
1771, 955, 946
1772, 973, 955
1773, 946, 984
1774, 1128, 954
1775, 954, 981
1776, 979, 1128
1777, 977, 999
1778, 987, 977
1779, 970, 979
1780, 998, 970
1781, 979, 997
1782, 1008, 969
1783, 969, 973
1784, 973, 1000
1785, 980, 966
1786, 966, 1129
1787, 974, 971
1788, 971, 978
1789, 978, 985
1790, 1006, 974
1791, 982, 972
1792, 972, 992
1793, 995, 982
1794, 988, 968
1795, 968, 1130
1796, 996, 988
1797, 1229, 993
1798, 967, 1131
1799, 984, 967
1800, 1007, 984
1801, 981, 965
1802, 965, 975
1803, 975, 1001
1804, 991, 981
1805, 986, 1263
1806, 983, 986
1807, 1010, 983
1808, 986, 1230
1809, 1013, 1007
1810, 1007, 1231
1811, 997, 1002
1812, 1232, 997
1813, 1264, 995
1814, 995, 1233
1815, 1129, 1004
1816, 1234, 1129
1817, 999, 1235
1818, 1236, 999
1819, 1001, 1010
1820, 1237, 1001
1821, 1010, 1238
1822, 1003, 1008
1823, 1011, 1003
1824, 1008, 1239
1825, 992, 989
1826, 989, 1005
1827, 1240, 992
1828, 1130, 1012
1829, 1241, 1130
1830, 994, 998
1831, 1242, 994
1832, 998, 1243
1833, 1002, 991
1834, 991, 1244
1835, 1245, 1002
1836, 976, 987
1837, 1004, 976
1838, 987, 1246
1839, 1247, 1004
1840, 993, 990
1841, 990, 1009
1842, 1248, 993
1843, 985, 1011
1844, 1249, 985
1845, 1011, 1250
1846, 1131, 1264
1847, 1251, 1131
1848, 1005, 996
1849, 996, 1252
1850, 1253, 1005
1851, 1009, 1006
1852, 1006, 1254
1853, 1255, 1009
1854, 1012, 980
1855, 980, 1256
1856, 1257, 1012
1857, 1000, 1013
1858, 1258, 1000
1859, 1013, 1259
