1, 1108, 1251
2, 3, 1252
3, 1105, 1253
4, 1106, 1254
5, 1107, 1255
6, 4, 1256
7, 1257, 1108
8, 15, 1258
9, 1108, 1259
10, 1260, 3
11, 3, 8
12, 18, 1261
13, 8, 1262
14, 17, 8
15, 1263, 14
16, 20, 1264
17, 11, 1265
18, 1266, 5
19, 39, 1267
20, 1105, 1268
21, 1269, 2
22, 1111, 1270
23, 2, 1271
24, 13, 2
25, 1272, 1106
26, 33, 1273
27, 7, 1274
28, 34, 1275
29, 21, 1377
30, 1276, 6
31, 22, 1277
32, 1107, 1278
33, 12, 1279
34, 9, 1280
35, 1281, 1
36, 28, 1282
37, 4, 1283
38, 27, 1284
39, 1285, 15
40, 15, 30
41, 1109, 18
42, 18, 17
43, 17, 20
44, 20, 1110
45, 52, 17
46, 5, 1105
47, 43, 5
48, 1105, 19
49, 19, 1111
50, 53, 19
51, 35, 1106
52, 1106, 7
53, 7, 34
54, 56, 1106
55, 6, 1107
56, 32, 22
57, 22, 6
58, 1107, 10
59, 10, 12
60, 12, 1113
61, 55, 10
62, 1, 4
63, 31, 1
64, 4, 16
65, 47, 31
66, 16, 29
67, 31, 16
68, 36, 1108
69, 1108, 40
70, 60, 1108
71, 1110, 23
72, 14, 11
73, 23, 14
74, 11, 41
75, 58, 23
76, 1111, 13
77, 13, 24
78, 24, 46
79, 57, 24
80, 1112, 26
81, 26, 21
82, 21, 42
83, 69, 26
84, 1113, 9
85, 9, 25
86, 25, 37
87, 61, 25
88, 48, 1286
89, 30, 36
90, 1287, 30
91, 36, 49
92, 49, 60
93, 60, 65
94, 1118, 49
95, 40, 1109
96, 66, 40
97, 1109, 52
98, 52, 62
99, 1119, 1109
100, 62, 50
101, 73, 62
102, 50, 1110
103, 1110, 63
104, 82, 50
105, 41, 44
106, 1114, 41
107, 44, 39
108, 39, 43
109, 43, 53
110, 53, 75
111, 1115, 44
112, 70, 1111
113, 1111, 51
114, 51, 57
115, 81, 51
116, 57, 54
117, 76, 57
118, 46, 33
119, 33, 35
120, 35, 64
121, 54, 46
122, 74, 54
123, 34, 1112
124, 64, 56
125, 56, 34
126, 1116, 64
127, 1112, 69
128, 69, 79
129, 78, 1112
130, 42, 45
131, 79, 42
132, 45, 32
133, 32, 55
134, 88, 45
135, 55, 1113
136, 80, 55
137, 1113, 61
138, 61, 72
139, 92, 1113
140, 37, 38
141, 71, 37
142, 38, 28
143, 28, 47
144, 47, 67
145, 98, 38
146, 29, 27
147, 27, 48
148, 68, 29
149, 48, 59
150, 59, 1288
151, 103, 59
152, 65, 66
153, 100, 65
154, 66, 77
155, 77, 96
156, 114, 77
157, 63, 58
158, 58, 1114
159, 91, 82
160, 82, 63
161, 1114, 1115
162, 101, 1114
163, 93, 81
164, 81, 76
165, 76, 74
166, 74, 1117
167, 111, 76
168, 1121, 78
169, 78, 83
170, 83, 79
171, 79, 89
172, 117, 83
173, 99, 84
174, 72, 71
175, 84, 72
176, 71, 104
177, 112, 84
178, 1289, 97
179, 1119, 73
180, 73, 86
181, 86, 113
182, 125, 86
183, 1120, 87
184, 75, 70
185, 87, 75
186, 70, 107
187, 119, 87
188, 1117, 1116
189, 1116, 108
190, 123, 1116
191, 94, 80
192, 80, 106
193, 128, 80
194, 90, 85
195, 67, 68
196, 85, 67
197, 68, 102
198, 120, 85
199, 97, 1118
200, 1290, 97
201, 1118, 100
202, 100, 114
203, 114, 126
204, 1122, 1118
205, 96, 1119
206, 126, 96
207, 1119, 110
208, 143, 126
209, 110, 125
210, 1123, 110
211, 113, 116
212, 134, 113
213, 116, 91
214, 91, 101
215, 101, 122
216, 154, 116
217, 1115, 1120
218, 122, 1115
219, 145, 122
220, 1120, 132
221, 1124, 1120
222, 129, 119
223, 119, 118
224, 107, 93
225, 93, 127
226, 118, 107
227, 1125, 118
228, 127, 111
229, 111, 1117
230, 1117, 121
231, 121, 123
232, 151, 121
233, 108, 1121
234, 131, 108
235, 1121, 117
236, 117, 124
237, 1127, 1121
238, 89, 88
239, 88, 95
240, 124, 89
241, 147, 124
242, 95, 94
243, 94, 135
244, 156, 95
245, 130, 115
246, 106, 92
247, 92, 99
248, 99, 137
249, 115, 106
250, 162, 115
251, 104, 98
252, 98, 105
253, 139, 112
254, 112, 104
255, 105, 90
256, 90, 133
257, 136, 105
258, 102, 109
259, 133, 120
260, 120, 102
261, 138, 133
262, 109, 103
263, 103, 1378
264, 146, 109
265, 1291, 1122
266, 1123, 142
267, 125, 134
268, 142, 125
269, 134, 169
270, 176, 142
271, 132, 129
272, 1124, 132
273, 129, 141
274, 141, 1125
275, 179, 141
276, 123, 131
277, 174, 123
278, 131, 149
279, 149, 158
280, 177, 149
281, 157, 135
282, 135, 128
283, 128, 130
284, 130, 168
285, 182, 135
286, 152, 136
287, 136, 138
288, 138, 144
289, 144, 146
290, 146, 161
291, 184, 144
292, 171, 143
293, 143, 166
294, 1128, 143
295, 165, 154
296, 154, 145
297, 145, 150
298, 150, 175
299, 1129, 150
300, 1126, 127
301, 127, 140
302, 140, 151
303, 151, 160
304, 185, 140
305, 1127, 153
306, 153, 147
307, 147, 155
308, 164, 153
309, 137, 139
310, 167, 137
311, 139, 148
312, 148, 159
313, 188, 148
314, 170, 1292
315, 1122, 171
316, 1293, 1122
317, 171, 193
318, 220, 171
319, 194, 180
320, 166, 1123
321, 1123, 187
322, 180, 166
323, 218, 180
324, 169, 165
325, 187, 176
326, 176, 169
327, 165, 172
328, 1131, 187
329, 172, 1129
330, 212, 172
331, 189, 181
332, 175, 1124
333, 1124, 179
334, 179, 190
335, 181, 175
336, 236, 181
337, 1125, 1126
338, 192, 1125
339, 1126, 1130
340, 215, 1126
341, 1130, 185
342, 185, 178
343, 160, 174
344, 174, 177
345, 177, 200
346, 178, 160
347, 1133, 178
348, 158, 1127
349, 199, 158
350, 1127, 205
351, 203, 164
352, 164, 196
353, 155, 156
354, 197, 155
355, 156, 157
356, 157, 186
357, 209, 156
358, 168, 162
359, 162, 167
360, 186, 182
361, 182, 168
362, 167, 183
363, 1132, 186
364, 183, 188
365, 211, 183
366, 159, 163
367, 195, 159
368, 163, 152
369, 152, 184
370, 184, 191
371, 210, 163
372, 161, 173
373, 191, 161
374, 198, 191
375, 173, 170
376, 170, 1294
377, 207, 173
378, 193, 1128
379, 224, 193
380, 1128, 194
381, 194, 235
382, 245, 1128
383, 216, 1129
384, 1129, 189
385, 189, 233
386, 238, 1129
387, 215, 1130
388, 1130, 201
389, 201, 1133
390, 242, 201
391, 205, 203
392, 225, 205
393, 203, 204
394, 196, 197
395, 204, 196
396, 197, 209
397, 209, 214
398, 247, 204
399, 188, 195
400, 230, 188
401, 195, 202
402, 202, 210
403, 239, 202
404, 217, 207
405, 207, 1295
406, 1296, 231
407, 227, 1131
408, 1131, 228
409, 1135, 1131
410, 236, 213
411, 190, 192
412, 213, 190
413, 192, 222
414, 251, 213
415, 221, 208
416, 200, 199
417, 208, 200
418, 199, 225
419, 225, 237
420, 254, 208
421, 223, 1132
422, 1132, 219
423, 257, 1132
424, 210, 198
425, 198, 206
426, 206, 1134
427, 255, 206
428, 1297, 256
429, 231, 220
430, 220, 224
431, 224, 245
432, 245, 250
433, 256, 231
434, 293, 256
435, 235, 218
436, 218, 229
437, 250, 235
438, 262, 250
439, 229, 227
440, 227, 1135
441, 281, 229
442, 228, 232
443, 252, 228
444, 232, 212
445, 212, 216
446, 216, 248
447, 1139, 232
448, 233, 236
449, 248, 238
450, 238, 233
451, 236, 244
452, 261, 248
453, 244, 267
454, 278, 244
455, 222, 234
456, 1136, 251
457, 251, 222
458, 234, 215
459, 215, 242
460, 242, 249
461, 269, 234
462, 1133, 226
463, 249, 1133
464, 265, 249
465, 226, 221
466, 221, 263
467, 286, 226
468, 264, 254
469, 254, 240
470, 237, 259
471, 240, 237
472, 298, 240
473, 214, 223
474, 259, 247
475, 247, 214
476, 223, 246
477, 268, 259
478, 246, 1137
479, 273, 246
480, 1137, 257
481, 257, 243
482, 219, 211
483, 211, 230
484, 230, 239
485, 239, 253
486, 243, 219
487, 280, 243
488, 253, 210
489, 210, 241
490, 266, 253
491, 241, 255
492, 277, 241
493, 258, 1134
494, 1134, 217
495, 217, 1298
496, 1138, 1134
497, 1299, 293
498, 293, 300
499, 282, 1135
500, 1135, 252
501, 252, 297
502, 301, 1135
503, 267, 1136
504, 295, 267
505, 1136, 269
506, 269, 276
507, 312, 1136
508, 263, 264
509, 290, 263
510, 264, 271
511, 271, 298
512, 309, 271
513, 283, 273
514, 273, 272
515, 272, 1137
516, 1137, 280
517, 311, 272
518, 255, 260
519, 299, 255
520, 260, 258
521, 258, 1138
522, 305, 260
523, 300, 270
524, 270, 262
525, 262, 288
526, 317, 270
527, 1139, 261
528, 261, 279
529, 279, 287
530, 314, 279
531, 285, 275
532, 275, 265
533, 265, 286
534, 318, 275
535, 306, 268
536, 268, 283
537, 283, 302
538, 308, 268
539, 291, 266
540, 266, 274
541, 274, 277
542, 277, 289
543, 316, 274
544, 296, 1300
545, 1301, 300
546, 300, 304
547, 304, 317
548, 317, 1141
549, 335, 304
550, 288, 292
551, 1141, 288
552, 292, 281
553, 281, 282
554, 282, 323
555, 1145, 292
556, 297, 1139
557, 323, 301
558, 301, 297
559, 330, 323
560, 1139, 314
561, 314, 1142
562, 337, 1139
563, 322, 307
564, 287, 278
565, 278, 295
566, 295, 324
567, 307, 287
568, 347, 307
569, 276, 284
570, 321, 312
571, 312, 276
572, 284, 285
573, 285, 327
574, 338, 284
575, 318, 303
576, 286, 290
577, 290, 309
578, 309, 1140
579, 303, 286
580, 1149, 303
581, 298, 306
582, 1140, 298
583, 306, 310
584, 310, 315
585, 340, 310
586, 315, 308
587, 308, 319
588, 328, 315
589, 302, 311
590, 319, 302
591, 331, 319
592, 280, 294
593, 311, 280
594, 325, 311
595, 294, 291
596, 291, 1143
597, 349, 294
598, 320, 316
599, 316, 313
600, 289, 299
601, 299, 1144
602, 313, 289
603, 343, 313
604, 1138, 296
605, 1144, 305
606, 305, 1138
607, 296, 1302
608, 1153, 296
609, 353, 335
610, 335, 329
611, 329, 1141
612, 1141, 360
613, 1146, 329
614, 344, 1142
615, 1142, 322
616, 322, 348
617, 368, 1142
618, 327, 318
619, 341, 327
620, 318, 339
621, 339, 361
622, 364, 339
623, 356, 340
624, 340, 328
625, 328, 333
626, 333, 331
627, 331, 346
628, 374, 333
629, 351, 1143
630, 1143, 320
631, 320, 343
632, 343, 358
633, 365, 1143
634, 1153, 1303
635, 1304, 362
636, 1145, 330
637, 330, 334
638, 334, 337
639, 371, 334
640, 345, 332
641, 324, 321
642, 332, 324
643, 321, 350
644, 1148, 332
645, 363, 1140
646, 1140, 336
647, 336, 359
648, 378, 336
649, 1151, 342
650, 342, 325
651, 325, 357
652, 1152, 342
653, 354, 326
654, 326, 1144
655, 1144, 352
656, 376, 326
657, 362, 367
658, 1305, 362
659, 367, 353
660, 353, 1146
661, 391, 367
662, 360, 1145
663, 1146, 360
664, 1145, 369
665, 369, 1147
666, 398, 369
667, 1147, 371
668, 371, 372
669, 337, 344
670, 344, 373
671, 372, 337
672, 1157, 372
673, 348, 347
674, 347, 355
675, 373, 368
676, 368, 348
677, 385, 373
678, 355, 345
679, 345, 380
680, 397, 355
681, 1148, 370
682, 350, 338
683, 338, 341
684, 341, 364
685, 364, 383
686, 370, 350
687, 395, 370
688, 361, 1149
689, 383, 361
690, 387, 383
691, 1149, 363
692, 363, 1150
693, 1159, 1149
694, 1150, 378
695, 378, 379
696, 359, 356
697, 356, 381
698, 379, 359
699, 400, 379
700, 346, 1151
701, 381, 374
702, 374, 346
703, 1151, 1154
704, 1162, 1151
705, 1152, 366
706, 357, 349
707, 349, 351
708, 351, 377
709, 366, 357
710, 413, 366
711, 377, 365
712, 365, 358
713, 388, 377
714, 358, 354
715, 354, 375
716, 393, 358
717, 352, 1153
718, 1155, 352
719, 1153, 1306
720, 394, 1153
721, 1307, 391
722, 391, 408
723, 404, 1147
724, 1147, 389
725, 389, 1157
726, 431, 389
727, 380, 384
728, 411, 380
729, 384, 1148
730, 1148, 415
731, 425, 384
732, 1159, 1150
733, 1150, 409
734, 1160, 1150
735, 1162, 1154
736, 1154, 1152
737, 1152, 412
738, 421, 1154
739, 375, 376
740, 376, 1155
741, 1163, 375
742, 1155, 402
743, 416, 1155
744, 408, 382
745, 382, 1146
746, 1146, 1156
747, 1164, 382
748, 399, 385
749, 385, 396
750, 396, 405
751, 427, 396
752, 401, 395
753, 395, 387
754, 387, 390
755, 390, 403
756, 436, 390
757, 410, 381
758, 381, 386
759, 386, 407
760, 1161, 386
761, 413, 392
762, 392, 388
763, 388, 393
764, 393, 1163
765, 420, 392
766, 406, 394
767, 394, 1308
768, 1309, 408
769, 408, 419
770, 419, 1164
771, 1168, 419
772, 1164, 1156
773, 1156, 398
774, 398, 404
775, 404, 431
776, 431, 1158
777, 458, 1156
778, 1158, 1157
779, 1157, 399
780, 399, 427
781, 427, 434
782, 1165, 1157
783, 1166, 423
784, 405, 397
785, 397, 411
786, 411, 425
787, 425, 435
788, 423, 405
789, 463, 423
790, 415, 414
791, 435, 415
792, 441, 435
793, 414, 401
794, 401, 436
795, 436, 439
796, 452, 414
797, 439, 418
798, 403, 1159
799, 1159, 433
800, 418, 403
801, 457, 418
802, 409, 400
803, 400, 410
804, 1160, 409
805, 410, 422
806, 422, 1161
807, 466, 422
808, 1161, 417
809, 438, 1161
810, 407, 1162
811, 1162, 428
812, 417, 407
813, 437, 417
814, 412, 413
815, 428, 421
816, 421, 412
817, 413, 429
818, 440, 428
819, 429, 430
820, 449, 429
821, 430, 420
822, 420, 426
823, 442, 430
824, 1163, 416
825, 416, 432
826, 426, 1163
827, 455, 426
828, 402, 406
829, 432, 402
830, 406, 424
831, 444, 432
832, 424, 1310
833, 1167, 424
834, 476, 453
835, 453, 1164
836, 1164, 467
837, 475, 453
838, 434, 1166
839, 1165, 434
840, 1166, 470
841, 487, 1166
842, 462, 452
843, 452, 439
844, 439, 447
845, 447, 457
846, 457, 469
847, 1172, 447
848, 468, 438
849, 438, 446
850, 446, 437
851, 437, 456
852, 485, 446
853, 460, 449
854, 449, 445
855, 445, 442
856, 442, 459
857, 486, 445
858, 1167, 1311
859, 1312, 1168
860, 465, 450
861, 450, 1158
862, 1158, 1165
863, 498, 450
864, 451, 441
865, 441, 461
866, 461, 1169
867, 505, 461
868, 433, 1160
869, 477, 433
870, 1160, 443
871, 443, 471
872, 488, 443
873, 472, 440
874, 440, 448
875, 448, 460
876, 491, 448
877, 478, 454
878, 454, 444
879, 444, 464
880, 489, 454
881, 1313, 1168
882, 1168, 476
883, 476, 500
884, 1173, 1168
885, 467, 458
886, 458, 465
887, 500, 475
888, 475, 467
889, 465, 483
890, 1170, 500
891, 483, 501
892, 515, 483
893, 496, 1165
894, 1165, 487
895, 487, 494
896, 519, 1165
897, 470, 463
898, 463, 473
899, 494, 470
900, 473, 451
901, 451, 502
902, 512, 473
903, 508, 1169
904, 1169, 462
905, 462, 1172
906, 1171, 1169
907, 469, 477
908, 1172, 469
909, 477, 484
910, 484, 488
911, 488, 493
912, 521, 484
913, 471, 474
914, 492, 471
915, 474, 466
916, 466, 468
917, 468, 490
918, 516, 474
919, 456, 472
920, 490, 485
921, 485, 456
922, 472, 479
923, 506, 490
924, 479, 491
925, 517, 479
926, 491, 482
927, 504, 491
928, 460, 486
929, 486, 495
930, 482, 460
931, 511, 482
932, 459, 455
933, 455, 481
934, 495, 459
935, 481, 478
936, 478, 499
937, 522, 481
938, 497, 489
939, 489, 480
940, 464, 1167
941, 1167, 1314
942, 480, 464
943, 1176, 480
944, 1315, 1173
945, 523, 515
946, 515, 513
947, 501, 498
948, 498, 496
949, 513, 501
950, 496, 540
951, 555, 513
952, 502, 505
953, 505, 507
954, 529, 512
955, 512, 502
956, 507, 508
957, 508, 536
958, 551, 507
959, 535, 493
960, 493, 492
961, 492, 533
962, 549, 493
963, 524, 517
964, 517, 504
965, 504, 510
966, 510, 511
967, 511, 526
968, 547, 510
969, 499, 497
970, 530, 499
971, 497, 509
972, 509, 1176
973, 545, 509
974, 538, 1170
975, 1170, 528
976, 559, 1170
977, 542, 514
978, 514, 494
979, 494, 525
980, 556, 514
981, 1171, 1172
982, 1172, 527
983, 1177, 1172
984, 539, 520
985, 520, 506
986, 506, 518
987, 554, 520
988, 526, 503
989, 544, 526
990, 503, 495
991, 495, 532
992, 1175, 503
993, 1176, 1316
994, 1317, 1173
995, 1173, 538
996, 538, 562
997, 589, 1173
998, 528, 531
999, 558, 528
1000, 531, 523
1001, 523, 1181
1002, 576, 531
1003, 540, 519
1004, 519, 542
1005, 1181, 555
1006, 555, 540
1007, 542, 557
1008, 571, 542
1009, 525, 534
1010, 560, 556
1011, 556, 525
1012, 534, 529
1013, 529, 551
1014, 551, 1183
1015, 582, 534
1016, 536, 1171
1017, 1183, 536
1018, 1171, 552
1019, 573, 1171
1020, 1177, 543
1021, 527, 521
1022, 521, 535
1023, 535, 1174
1024, 543, 527
1025, 572, 543
1026, 533, 516
1027, 516, 539
1028, 1174, 549
1029, 549, 533
1030, 539, 546
1031, 546, 561
1032, 581, 546
1033, 518, 524
1034, 524, 537
1035, 1178, 554
1036, 554, 518
1037, 537, 550
1038, 1185, 537
1039, 550, 547
1040, 547, 544
1041, 544, 548
1042, 566, 550
1043, 548, 1175
1044, 1179, 548
1045, 1175, 541
1046, 1180, 1175
1047, 532, 522
1048, 522, 530
1049, 530, 545
1050, 545, 553
1051, 541, 532
1052, 569, 541
1053, 553, 1176
1054, 563, 553
1055, 1176, 1318
1056, 1188, 1176
1057, 591, 562
1058, 562, 559
1059, 559, 558
1060, 558, 576
1061, 576, 594
1062, 602, 562
1063, 557, 560
1064, 1182, 557
1065, 560, 587
1066, 592, 560
1067, 552, 1177
1068, 580, 573
1069, 573, 552
1070, 1177, 565
1071, 565, 574
1072, 598, 565
1073, 561, 1178
1074, 597, 561
1075, 1178, 578
1076, 1186, 1178
1077, 1179, 1180
1078, 1180, 569
1079, 603, 1180
1080, 1188, 1319
1081, 1320, 593
1082, 584, 1181
1083, 1181, 571
1084, 571, 1182
1085, 605, 1181
1086, 588, 564
1087, 564, 1183
1088, 1183, 590
1089, 604, 564
1090, 577, 567
1091, 567, 1174
1092, 1174, 575
1093, 609, 567
1094, 1185, 570
1095, 570, 566
1096, 566, 583
1097, 606, 570
1098, 579, 563
1099, 563, 568
1100, 568, 1188
1101, 1187, 568
1102, 593, 596
1103, 1321, 593
1104, 596, 589
1105, 589, 591
1106, 591, 1184
1107, 635, 596
1108, 1184, 602
1109, 602, 594
1110, 594, 584
1111, 584, 614
1112, 631, 594
1113, 615, 605
1114, 605, 607
1115, 1182, 592
1116, 592, 1191
1117, 607, 1182
1118, 626, 607
1119, 587, 582
1120, 582, 588
1121, 1191, 587
1122, 588, 599
1123, 599, 604
1124, 604, 1190
1125, 1189, 599
1126, 590, 595
1127, 1190, 590
1128, 595, 580
1129, 580, 598
1130, 598, 1192
1131, 633, 595
1132, 574, 572
1133, 572, 586
1134, 1192, 574
1135, 586, 577
1136, 577, 611
1137, 623, 586
1138, 575, 581
1139, 612, 609
1140, 609, 575
1141, 581, 597
1142, 597, 1186
1143, 638, 581
1144, 578, 1185
1145, 1186, 578
1146, 1185, 601
1147, 616, 1186
1148, 601, 606
1149, 628, 601
1150, 583, 1179
1151, 610, 583
1152, 1179, 603
1153, 603, 608
1154, 630, 1179
1155, 569, 585
1156, 608, 569
1157, 618, 608
1158, 585, 579
1159, 579, 1187
1160, 624, 585
1161, 1187, 600
1162, 1188, 1322
1163, 600, 1188
1164, 1195, 600
1165, 614, 615
1166, 641, 631
1167, 631, 614
1168, 615, 619
1169, 619, 626
1170, 1199, 619
1171, 1189, 1190
1172, 1190, 640
1173, 671, 1190
1174, 611, 613
1175, 625, 611
1176, 613, 612
1177, 612, 637
1178, 655, 613
1179, 639, 628
1180, 628, 617
1181, 606, 610
1182, 617, 606
1183, 610, 636
1184, 661, 617
1185, 1194, 624
1186, 624, 1187
1187, 1187, 647
1188, 662, 1187
1189, 648, 629
1190, 629, 1184
1191, 1184, 651
1192, 669, 629
1193, 626, 622
1194, 632, 626
1195, 622, 1191
1196, 1191, 645
1197, 657, 622
1198, 643, 627
1199, 627, 1192
1200, 1192, 634
1201, 660, 627
1202, 646, 616
1203, 616, 621
1204, 621, 644
1205, 666, 621
1206, 642, 618
1207, 618, 620
1208, 620, 1194
1209, 659, 620
1210, 1195, 1323
1211, 1324, 635
1212, 635, 654
1213, 654, 648
1214, 648, 673
1215, 684, 654
1216, 651, 658
1217, 669, 651
1218, 658, 641
1219, 641, 667
1220, 693, 658
1221, 1199, 632
1222, 632, 1193
1223, 1193, 657
1224, 657, 1196
1225, 645, 652
1226, 1196, 645
1227, 652, 1189
1228, 1189, 671
1229, 1201, 652
1230, 640, 633
1231, 633, 643
1232, 671, 640
1233, 643, 649
1234, 681, 671
1235, 649, 1197
1236, 694, 649
1237, 1197, 660
1238, 660, 634
1239, 634, 623
1240, 623, 625
1241, 625, 655
1242, 655, 665
1243, 689, 634
1244, 637, 638
1245, 638, 653
1246, 665, 637
1247, 680, 665
1248, 653, 646
1249, 646, 666
1250, 666, 1198
1251, 676, 653
1252, 675, 656
1253, 644, 639
1254, 639, 672
1255, 656, 644
1256, 711, 656
1257, 636, 630
1258, 630, 642
1259, 668, 661
1260, 661, 636
1261, 642, 650
1262, 650, 663
1263, 687, 650
1264, 663, 659
1265, 659, 674
1266, 670, 663
1267, 1194, 664
1268, 674, 1194
1269, 688, 674
1270, 647, 1195
1271, 664, 662
1272, 662, 647
1273, 677, 664
1274, 1195, 1325
1275, 1200, 1195
1276, 692, 684
1277, 684, 679
1278, 673, 669
1279, 679, 673
1280, 669, 698
1281, 727, 679
1282, 700, 1193
1283, 1193, 682
1284, 682, 1196
1285, 1196, 1201
1286, 723, 682
1287, 710, 694
1288, 694, 1197
1289, 1197, 690
1290, 730, 1197
1291, 703, 676
1292, 676, 1198
1293, 1198, 675
1294, 675, 712
1295, 720, 1198
1296, 699, 687
1297, 687, 678
1298, 678, 670
1299, 670, 691
1300, 715, 678
1301, 704, 1326
1302, 1327, 692
1303, 692, 701
1304, 667, 1199
1305, 708, 667
1306, 1199, 686
1307, 686, 702
1308, 718, 686
1309, 1201, 685
1310, 685, 681
1311, 681, 713
1312, 726, 685
1313, 697, 680
1314, 680, 696
1315, 696, 705
1316, 724, 696
1317, 707, 683
1318, 672, 668
1319, 683, 672
1320, 668, 1202
1321, 728, 683
1322, 709, 677
1323, 677, 695
1324, 695, 1200
1325, 717, 695
1326, 1328, 722
1327, 701, 736
1328, 722, 701
1329, 768, 722
1330, 698, 693
1331, 693, 708
1332, 736, 727
1333, 727, 698
1334, 708, 714
1335, 1206, 736
1336, 714, 718
1337, 718, 739
1338, 759, 714
1339, 702, 706
1340, 750, 702
1341, 706, 700
1342, 700, 735
1343, 761, 706
1344, 735, 723
1345, 723, 1201
1346, 1201, 729
1347, 747, 735
1348, 729, 726
1349, 726, 745
1350, 760, 729
1351, 744, 719
1352, 713, 710
1353, 710, 730
1354, 730, 738
1355, 719, 713
1356, 778, 719
1357, 690, 689
1358, 689, 697
1359, 738, 690
1360, 697, 716
1361, 748, 738
1362, 716, 737
1363, 1203, 716
1364, 737, 724
1365, 724, 742
1366, 1204, 737
1367, 705, 703
1368, 703, 720
1369, 720, 732
1370, 742, 705
1371, 754, 742
1372, 712, 711
1373, 732, 712
1374, 740, 732
1375, 711, 707
1376, 707, 746
1377, 776, 711
1378, 734, 728
1379, 728, 1202
1380, 1202, 699
1381, 699, 731
1382, 758, 1202
1383, 691, 688
1384, 688, 709
1385, 731, 715
1386, 715, 691
1387, 709, 721
1388, 741, 731
1389, 721, 717
1390, 717, 725
1391, 755, 721
1392, 725, 733
1393, 749, 725
1394, 1200, 704
1395, 704, 1329
1396, 733, 1200
1397, 1205, 733
1398, 1330, 1379
1399, 739, 743
1400, 764, 759
1401, 759, 739
1402, 743, 750
1403, 750, 766
1404, 790, 743
1405, 779, 760
1406, 760, 745
1407, 745, 744
1408, 744, 786
1409, 791, 745
1410, 1203, 1204
1411, 1204, 754
1412, 754, 774
1413, 792, 1204
1414, 776, 746
1415, 746, 734
1416, 734, 758
1417, 758, 775
1418, 789, 746
1419, 767, 755
1420, 755, 753
1421, 753, 749
1422, 749, 1205
1423, 794, 753
1424, 773, 1206
1425, 1206, 762
1426, 800, 1206
1427, 771, 757
1428, 757, 747
1429, 747, 779
1430, 795, 757
1431, 772, 748
1432, 748, 752
1433, 752, 763
1434, 1208, 752
1435, 774, 740
1436, 740, 751
1437, 751, 781
1438, 797, 751
1439, 770, 756
1440, 756, 741
1441, 741, 765
1442, 1211, 756
1443, 1379, 768
1444, 768, 777
1445, 777, 773
1446, 773, 807
1447, 818, 777
1448, 762, 764
1449, 764, 769
1450, 801, 762
1451, 769, 790
1452, 790, 805
1453, 821, 769
1454, 766, 761
1455, 761, 771
1456, 805, 766
1457, 771, 788
1458, 809, 805
1459, 788, 1207
1460, 812, 788
1461, 1207, 795
1462, 795, 793
1463, 779, 798
1464, 793, 779
1465, 1215, 793
1466, 786, 787
1467, 798, 791
1468, 791, 786
1469, 811, 798
1470, 787, 778
1471, 778, 772
1472, 772, 1208
1473, 1216, 787
1474, 763, 1203
1475, 802, 763
1476, 1203, 799
1477, 1209, 1203
1478, 799, 792
1479, 792, 784
1480, 813, 799
1481, 784, 774
1482, 774, 796
1483, 819, 784
1484, 781, 785
1485, 1210, 781
1486, 785, 776
1487, 776, 810
1488, 815, 785
1489, 775, 780
1490, 806, 789
1491, 789, 775
1492, 780, 770
1493, 770, 1212
1494, 817, 780
1495, 765, 767
1496, 767, 782
1497, 1211, 765
1498, 782, 804
1499, 1213, 782
1500, 1205, 783
1501, 804, 794
1502, 794, 1205
1503, 808, 804
1504, 783, 1380
1505, 814, 783
1506, 826, 818
1507, 818, 807
1508, 807, 800
1509, 800, 801
1510, 801, 821
1511, 845, 807
1512, 828, 812
1513, 812, 1207
1514, 1207, 1215
1515, 841, 1207
1516, 1208, 803
1517, 823, 1208
1518, 803, 802
1519, 802, 1209
1520, 853, 803
1521, 796, 797
1522, 797, 1210
1523, 825, 796
1524, 1210, 815
1525, 815, 830
1526, 843, 1210
1527, 817, 1212
1528, 1212, 1211
1529, 1211, 1213
1530, 842, 1212
1531, 1218, 814
1532, 814, 1331
1533, 1332, 834
1534, 833, 809
1535, 809, 828
1536, 850, 809
1537, 836, 811
1538, 811, 820
1539, 820, 829
1540, 849, 820
1541, 831, 813
1542, 813, 816
1543, 816, 819
1544, 819, 824
1545, 1217, 816
1546, 839, 810
1547, 810, 806
1548, 806, 835
1549, 1220, 810
1550, 827, 808
1551, 808, 822
1552, 822, 832
1553, 846, 822
1554, 1333, 1214
1555, 834, 826
1556, 826, 855
1557, 1214, 834
1558, 821, 833
1559, 855, 845
1560, 845, 821
1561, 833, 848
1562, 868, 855
1563, 848, 856
1564, 878, 848
1565, 856, 850
1566, 850, 844
1567, 861, 856
1568, 828, 841
1569, 841, 858
1570, 844, 828
1571, 884, 844
1572, 1215, 838
1573, 858, 1215
1574, 869, 858
1575, 838, 836
1576, 836, 849
1577, 849, 865
1578, 876, 838
1579, 829, 1216
1580, 870, 829
1581, 1216, 823
1582, 823, 853
1583, 853, 857
1584, 888, 1216
1585, 1209, 831
1586, 857, 1209
1587, 831, 840
1588, 862, 857
1589, 840, 1217
1590, 1219, 840
1591, 1217, 851
1592, 824, 825
1593, 825, 843
1594, 843, 854
1595, 851, 824
1596, 880, 851
1597, 830, 839
1598, 854, 830
1599, 839, 852
1600, 866, 854
1601, 852, 1220
1602, 1221, 852
1603, 1220, 847
1604, 835, 817
1605, 817, 863
1606, 847, 835
1607, 1224, 847
1608, 1213, 837
1609, 859, 842
1610, 842, 1213
1611, 837, 827
1612, 827, 846
1613, 846, 864
1614, 873, 837
1615, 832, 1218
1616, 860, 832
1617, 1218, 1334
1618, 889, 1218
1619, 1335, 1214
1620, 1214, 890
1621, 883, 878
1622, 878, 877
1623, 877, 861
1624, 861, 884
1625, 910, 877
1626, 886, 876
1627, 876, 871
1628, 865, 870
1629, 871, 865
1630, 870, 888
1631, 907, 871
1632, 1219, 1217
1633, 1217, 874
1634, 874, 880
1635, 880, 887
1636, 906, 874
1637, 900, 1220
1638, 1220, 896
1639, 908, 1220
1640, 885, 873
1641, 873, 864
1642, 864, 860
1643, 860, 894
1644, 911, 864
1645, 895, 868
1646, 868, 875
1647, 875, 882
1648, 1222, 875
1649, 893, 869
1650, 869, 879
1651, 879, 891
1652, 1226, 879
1653, 902, 862
1654, 862, 881
1655, 881, 905
1656, 912, 881
1657, 887, 872
1658, 897, 887
1659, 872, 866
1660, 866, 1221
1661, 1223, 872
1662, 1224, 867
1663, 863, 859
1664, 867, 863
1665, 859, 899
1666, 1225, 867
1667, 901, 1336
1668, 890, 898
1669, 1337, 890
1670, 898, 895
1671, 895, 1222
1672, 925, 898
1673, 882, 883
1674, 883, 904
1675, 920, 882
1676, 904, 1228
1677, 927, 904
1678, 884, 893
1679, 1228, 910
1680, 910, 884
1681, 893, 909
1682, 909, 1226
1683, 938, 909
1684, 891, 892
1685, 917, 891
1686, 892, 886
1687, 886, 1229
1688, 939, 892
1689, 888, 902
1690, 1229, 907
1691, 907, 888
1692, 902, 912
1693, 1233, 902
1694, 912, 915
1695, 918, 912
1696, 905, 1219
1697, 1219, 906
1698, 906, 913
1699, 915, 905
1700, 921, 915
1701, 913, 897
1702, 897, 914
1703, 1230, 913
1704, 914, 1223
1705, 929, 914
1706, 1223, 1221
1707, 1227, 1223
1708, 1221, 900
1709, 900, 908
1710, 936, 1221
1711, 896, 1224
1712, 908, 896
1713, 919, 908
1714, 1224, 916
1715, 941, 1224
1716, 1225, 903
1717, 899, 885
1718, 885, 1231
1719, 903, 899
1720, 934, 903
1721, 894, 889
1722, 889, 901
1723, 1231, 911
1724, 911, 894
1725, 901, 1338
1726, 928, 901
1727, 949, 925
1728, 925, 923
1729, 1222, 920
1730, 923, 1222
1731, 920, 927
1732, 927, 946
1733, 969, 923
1734, 945, 922
1735, 1226, 917
1736, 922, 1226
1737, 917, 952
1738, 960, 922
1739, 1233, 918
1740, 918, 924
1741, 924, 921
1742, 921, 931
1743, 968, 924
1744, 932, 929
1745, 929, 1227
1746, 1227, 936
1747, 966, 1227
1748, 958, 916
1749, 916, 1225
1750, 1225, 940
1751, 950, 916
1752, 935, 928
1753, 928, 1339
1754, 957, 1228
1755, 1228, 1232
1756, 983, 1228
1757, 933, 926
1758, 926, 1229
1759, 1229, 942
1760, 1234, 926
1761, 931, 1230
1762, 944, 931
1763, 1230, 953
1764, 970, 1230
1765, 937, 919
1766, 919, 941
1767, 941, 956
1768, 967, 937
1769, 943, 1231
1770, 1231, 930
1771, 930, 954
1772, 965, 930
1773, 1340, 949
1774, 949, 964
1775, 964, 969
1776, 969, 977
1777, 991, 964
1778, 946, 961
1779, 977, 946
1780, 993, 977
1781, 961, 957
1782, 957, 980
1783, 1001, 961
1784, 983, 1232
1785, 1232, 938
1786, 938, 945
1787, 945, 975
1788, 992, 1232
1789, 952, 947
1790, 975, 960
1791, 960, 952
1792, 985, 975
1793, 947, 939
1794, 939, 933
1795, 933, 976
1796, 996, 947
1797, 942, 1233
1798, 1234, 942
1799, 1233, 968
1800, 968, 971
1801, 1237, 1233
1802, 971, 944
1803, 944, 962
1804, 999, 971
1805, 962, 970
1806, 970, 981
1807, 1017, 962
1808, 953, 951
1809, 979, 953
1810, 951, 932
1811, 932, 966
1812, 966, 974
1813, 1238, 951
1814, 936, 948
1815, 974, 936
1816, 986, 974
1817, 948, 937
1818, 937, 988
1819, 998, 948
1820, 982, 967
1821, 967, 963
1822, 956, 958
1823, 958, 972
1824, 963, 956
1825, 1008, 963
1826, 940, 934
1827, 934, 943
1828, 973, 950
1829, 950, 940
1830, 943, 959
1831, 959, 965
1832, 965, 978
1833, 1006, 959
1834, 954, 955
1835, 987, 954
1836, 955, 935
1837, 935, 1341
1838, 997, 955
1839, 1342, 991
1840, 991, 1007
1841, 980, 983
1842, 1235, 1001
1843, 1001, 980
1844, 983, 990
1845, 990, 992
1846, 992, 1014
1847, 1236, 990
1848, 1010, 996
1849, 996, 984
1850, 976, 1234
1851, 984, 976
1852, 1234, 1237
1853, 1027, 984
1854, 1018, 995
1855, 981, 979
1856, 995, 981
1857, 979, 1025
1858, 1033, 995
1859, 988, 989
1860, 1004, 998
1861, 998, 988
1862, 989, 982
1863, 982, 1008
1864, 1028, 989
1865, 978, 987
1866, 1011, 978
1867, 987, 994
1868, 994, 997
1869, 997, 1240
1870, 1241, 994
1871, 1015, 1003
1872, 1003, 993
1873, 993, 1235
1874, 1034, 1003
1875, 1005, 1002
1876, 1002, 985
1877, 985, 1020
1878, 1036, 1002
1879, 1023, 1009
1880, 1009, 999
1881, 999, 1019
1882, 1053, 1009
1883, 1238, 986
1884, 986, 1239
1885, 1243, 1239
1886, 972, 973
1887, 1029, 972
1888, 973, 1000
1889, 1000, 1013
1890, 1031, 1000
1891, 1240, 1343
1892, 1007, 1015
1893, 1344, 1007
1894, 1015, 1039
1895, 1039, 1034
1896, 1034, 1041
1897, 1061, 1039
1898, 1043, 1030
1899, 1235, 1236
1900, 1030, 1235
1901, 1063, 1030
1902, 1236, 1014
1903, 1048, 1236
1904, 1014, 1005
1905, 1005, 1242
1906, 1068, 1014
1907, 1020, 1026
1908, 1040, 1036
1909, 1036, 1020
1910, 1026, 1010
1911, 1010, 1035
1912, 1244, 1026
1913, 1237, 1022
1914, 1035, 1027
1915, 1027, 1237
1916, 1056, 1035
1917, 1022, 1023
1918, 1023, 1052
1919, 1070, 1022
1920, 1019, 1021
1921, 1050, 1019
1922, 1021, 1017
1923, 1017, 1018
1924, 1018, 1045
1925, 1069, 1021
1926, 1025, 1024
1927, 1045, 1033
1928, 1033, 1025
1929, 1245, 1045
1930, 1024, 1238
1931, 1238, 1243
1932, 1247, 1024
1933, 1239, 1012
1934, 1046, 1239
1935, 1012, 1004
1936, 1004, 1037
1937, 1055, 1012
1938, 1008, 1032
1939, 1037, 1028
1940, 1028, 1008
1941, 1051, 1037
1942, 1032, 1029
1943, 1029, 1031
1944, 1031, 1044
1945, 1058, 1032
1946, 1013, 1016
1947, 1042, 1013
1948, 1016, 1006
1949, 1006, 1011
1950, 1011, 1241
1951, 1248, 1016
1952, 1241, 1240
1953, 1240, 1038
1954, 1038, 1345
1955, 1064, 1038
1956, 1061, 1047
1957, 1041, 1043
1958, 1047, 1041
1959, 1043, 1073
1960, 1089, 1047
1961, 1071, 1242
1962, 1242, 1040
1963, 1040, 1079
1964, 1085, 1242
1965, 1052, 1053
1966, 1246, 1070
1967, 1070, 1052
1968, 1053, 1050
1969, 1050, 1072
1970, 1088, 1053
1971, 1243, 1049
1972, 1247, 1243
1973, 1049, 1046
1974, 1046, 1055
1975, 1055, 1062
1976, 1087, 1049
1977, 1060, 1058
1978, 1058, 1054
1979, 1044, 1042
1980, 1054, 1044
1981, 1042, 1248
1982, 1249, 1054
1983, 1067, 1346
1984, 1347, 1080
1985, 1081, 1048
1986, 1048, 1057
1987, 1057, 1075
1988, 1092, 1057
1989, 1244, 1056
1990, 1056, 1246
1991, 1086, 1056
1992, 1069, 1245
1993, 1245, 1082
1994, 1250, 1245
1995, 1074, 1051
1996, 1051, 1065
1997, 1065, 1078
1998, 1090, 1065
1999, 1076, 1059
2000, 1059, 1241
2001, 1241, 1066
2002, 1096, 1059
2003, 1348, 1080
2004, 1080, 1061
2005, 1061, 1089
2006, 1089, 1097
2007, 1349, 1080
2008, 1073, 1063
2009, 1063, 1081
2010, 1095, 1073
2011, 1081, 1094
2012, 1094, 1092
2013, 1350, 1094
2014, 1092, 1351
2015, 1352, 1092
2016, 1075, 1068
2017, 1068, 1071
2018, 1071, 1093
2019, 1353, 1075
2020, 1079, 1244
2021, 1093, 1085
2022, 1085, 1079
2023, 1244, 1354
2024, 1355, 1093
2025, 1356, 1086
2026, 1086, 1381
2027, 1381, 1246
2028, 1246, 1098
2029, 1357, 1246
2030, 1072, 1069
2031, 1098, 1088
2032, 1088, 1072
2033, 1069, 1091
2034, 1102, 1098
2035, 1091, 1250
2036, 1358, 1091
2037, 1082, 1084
2038, 1250, 1082
2039, 1084, 1247
2040, 1247, 1087
2041, 1087, 1099
2042, 1359, 1084
2043, 1062, 1074
2044, 1099, 1062
2045, 1074, 1083
2046, 1360, 1099
2047, 1083, 1100
2048, 1361, 1083
2049, 1100, 1090
2050, 1090, 1104
2051, 1362, 1100
2052, 1078, 1060
2053, 1060, 1249
2054, 1103, 1078
2055, 1248, 1076
2056, 1249, 1248
2057, 1382, 1249
2058, 1076, 1363
2059, 1364, 1076
2060, 1066, 1077
2061, 1101, 1096
2062, 1096, 1066
2063, 1077, 1064
2064, 1064, 1067
2065, 1067, 1365
2066, 1366, 1077
2067, 1367, 1250
2068, 1250, 1368
2069, 1104, 1103
2070, 1369, 1104
2071, 1103, 1370
2072, 1371, 1101
2073, 1101, 1372
2074, 1097, 1095
2075, 1373, 1097
2076, 1095, 1374
2077, 1375, 1102
2078, 1102, 1376
