1, 920, 2
2, 921, 6
3, 1, 922
4, 923, 14
5, 4, 924
6, 15, 925
7, 12, 926
8, 927, 25
9, 8, 928
10, 929, 3
11, 930, 20
12, 9, 931
13, 932, 7
14, 933, 15
15, 15, 33
16, 42, 11
17, 36, 934
18, 30, 935
19, 1022, 17
20, 14, 1022
21, 39, 14
22, 17, 869
23, 37, 17
24, 869, 936
25, 11, 21
26, 937, 11
27, 29, 40
28, 32, 1
29, 1, 4
30, 4, 29
31, 29, 46
32, 1023, 8
33, 938, 1023
34, 22, 939
35, 3, 16
36, 13, 3
37, 20, 22
38, 27, 20
39, 22, 35
40, 7, 19
41, 23, 7
42, 6, 940
43, 19, 6
44, 941, 24
45, 31, 19
46, 2, 12
47, 16, 2
48, 12, 26
49, 28, 16
50, 942, 5
51, 10, 943
52, 944, 9
53, 5, 945
54, 9, 18
55, 49, 5
56, 946, 10
57, 10, 38
58, 21, 42
59, 42, 50
60, 56, 869
61, 869, 21
62, 40, 39
63, 39, 52
64, 58, 40
65, 8, 13
66, 34, 8
67, 13, 74
68, 33, 36
69, 54, 33
70, 36, 44
71, 18, 23
72, 23, 48
73, 45, 18
74, 38, 51
75, 872, 38
76, 25, 32
77, 26, 25
78, 32, 47
79, 60, 26
80, 24, 27
81, 27, 870
82, 43, 24
83, 44, 30
84, 30, 947
85, 57, 44
86, 72, 28
87, 28, 60
88, 60, 69
89, 46, 58
90, 47, 46
91, 58, 71
92, 61, 47
93, 50, 54
94, 62, 50
95, 54, 63
96, 35, 53
97, 870, 35
98, 55, 31
99, 31, 41
100, 948, 872
101, 51, 49
102, 49, 45
103, 45, 59
104, 871, 51
105, 64, 37
106, 37, 56
107, 56, 66
108, 68, 57
109, 57, 83
110, 52, 64
111, 80, 52
112, 64, 89
113, 66, 73
114, 89, 66
115, 63, 68
116, 874, 63
117, 68, 88
118, 81, 949
119, 53, 34
120, 34, 78
121, 65, 53
122, 75, 61
123, 61, 77
124, 48, 55
125, 67, 48
126, 55, 92
127, 69, 75
128, 85, 69
129, 75, 106
130, 71, 80
131, 79, 71
132, 80, 96
133, 41, 43
134, 43, 70
135, 82, 41
136, 86, 871
137, 76, 72
138, 72, 85
139, 85, 95
140, 872, 86
141, 950, 872
142, 86, 101
143, 59, 67
144, 87, 59
145, 67, 91
146, 70, 870
147, 870, 65
148, 65, 84
149, 875, 70
150, 73, 62
151, 62, 873
152, 97, 73
153, 83, 81
154, 81, 951
155, 94, 89
156, 89, 116
157, 873, 874
158, 77, 79
159, 113, 77
160, 79, 114
161, 95, 102
162, 115, 95
163, 84, 876
164, 98, 84
165, 871, 87
166, 105, 871
167, 87, 93
168, 92, 82
169, 100, 92
170, 82, 90
171, 952, 104
172, 109, 97
173, 97, 873
174, 873, 130
175, 88, 83
176, 112, 88
177, 83, 878
178, 874, 112
179, 121, 874
180, 112, 878
181, 102, 117
182, 125, 102
183, 114, 110
184, 118, 114
185, 875, 98
186, 98, 107
187, 106, 113
188, 117, 106
189, 113, 119
190, 146, 117
191, 96, 94
192, 110, 96
193, 94, 127
194, 136, 110
195, 91, 99
196, 93, 91
197, 108, 93
198, 74, 76
199, 78, 74
200, 876, 78
201, 76, 115
202, 115, 124
203, 90, 875
204, 120, 90
205, 875, 123
206, 129, 876
207, 876, 124
208, 116, 109
209, 131, 116
210, 109, 128
211, 99, 100
212, 100, 103
213, 132, 99
214, 101, 111
215, 104, 101
216, 953, 104
217, 111, 105
218, 105, 122
219, 134, 111
220, 135, 121
221, 121, 144
222, 133, 131
223, 131, 882
224, 142, 125
225, 125, 143
226, 126, 1024
227, 119, 118
228, 118, 879
229, 137, 119
230, 107, 129
231, 140, 107
232, 129, 147
233, 122, 108
234, 108, 132
235, 132, 877
236, 150, 122
237, 103, 120
238, 120, 880
239, 881, 103
240, 152, 136
241, 136, 139
242, 144, 138
243, 148, 144
244, 124, 142
245, 145, 124
246, 142, 156
247, 123, 141
248, 880, 123
249, 954, 134
250, 134, 883
251, 877, 881
252, 149, 146
253, 146, 153
254, 130, 135
255, 128, 130
256, 882, 128
257, 135, 155
258, 878, 126
259, 138, 878
260, 126, 1025
261, 170, 138
262, 127, 133
263, 139, 127
264, 133, 162
265, 171, 139
266, 147, 145
267, 145, 168
268, 153, 137
269, 137, 154
270, 167, 153
271, 155, 165
272, 181, 155
273, 143, 149
274, 161, 143
275, 149, 184
276, 154, 879
277, 175, 154
278, 177, 1025
279, 151, 880
280, 880, 172
281, 156, 161
282, 160, 156
283, 161, 192
284, 157, 877
285, 877, 179
286, 141, 140
287, 140, 147
288, 166, 141
289, 147, 180
290, 881, 151
291, 190, 881
292, 151, 159
293, 955, 158
294, 162, 882
295, 882, 163
296, 178, 162
297, 165, 148
298, 148, 169
299, 187, 165
300, 883, 150
301, 150, 157
302, 157, 164
303, 163, 181
304, 181, 186
305, 194, 163
306, 169, 170
307, 189, 169
308, 168, 160
309, 176, 168
310, 160, 204
311, 879, 152
312, 152, 171
313, 195, 879
314, 172, 166
315, 183, 172
316, 166, 193
317, 158, 883
318, 182, 158
319, 883, 197
320, 184, 167
321, 167, 173
322, 179, 190
323, 185, 179
324, 186, 202
325, 209, 186
326, 199, 194
327, 194, 208
328, 192, 184
329, 884, 192
330, 184, 214
331, 191, 195
332, 195, 203
333, 170, 177
334, 177, 956
335, 205, 170
336, 957, 222
337, 204, 884
338, 217, 204
339, 159, 174
340, 190, 159
341, 200, 190
342, 173, 175
343, 175, 191
344, 215, 173
345, 191, 218
346, 171, 178
347, 178, 199
348, 201, 171
349, 199, 224
350, 193, 198
351, 212, 193
352, 206, 188
353, 180, 176
354, 198, 180
355, 176, 213
356, 207, 198
357, 174, 183
358, 183, 211
359, 219, 174
360, 164, 185
361, 188, 164
362, 185, 210
363, 227, 188
364, 958, 182
365, 182, 196
366, 202, 187
367, 187, 189
368, 189, 220
369, 221, 202
370, 220, 205
371, 205, 226
372, 242, 220
373, 203, 201
374, 885, 203
375, 201, 231
376, 210, 200
377, 200, 225
378, 241, 227
379, 227, 210
380, 216, 212
381, 212, 237
382, 213, 217
383, 217, 247
384, 228, 213
385, 214, 215
386, 240, 214
387, 215, 229
388, 197, 206
389, 196, 197
390, 206, 233
391, 959, 196
392, 208, 209
393, 209, 223
394, 234, 208
395, 222, 960
396, 226, 222
397, 256, 226
398, 884, 238
399, 249, 884
400, 218, 885
401, 229, 218
402, 248, 229
403, 224, 234
404, 232, 224
405, 234, 243
406, 235, 221
407, 221, 250
408, 245, 207
409, 207, 228
410, 228, 236
411, 211, 216
412, 225, 219
413, 219, 211
414, 252, 225
415, 216, 230
416, 246, 241
417, 241, 255
418, 250, 242
419, 242, 256
420, 270, 250
421, 287, 303
422, 236, 254
423, 264, 236
424, 243, 253
425, 262, 243
426, 238, 240
427, 240, 263
428, 267, 238
429, 223, 235
430, 253, 223
431, 235, 269
432, 279, 253
433, 271, 961
434, 300, 295
435, 231, 232
436, 259, 231
437, 232, 273
438, 233, 246
439, 244, 233
440, 246, 265
441, 284, 272
442, 230, 239
443, 261, 230
444, 237, 245
445, 239, 237
446, 245, 886
447, 274, 239
448, 247, 249
449, 254, 247
450, 249, 266
451, 288, 254
452, 258, 252
453, 252, 260
454, 962, 244
455, 272, 963
456, 244, 272
457, 263, 248
458, 248, 257
459, 277, 263
460, 255, 258
461, 276, 255
462, 258, 290
463, 885, 259
464, 251, 885
465, 259, 268
466, 257, 251
467, 304, 257
468, 251, 299
469, 275, 270
470, 270, 302
471, 886, 264
472, 264, 283
473, 266, 267
474, 267, 297
475, 296, 266
476, 273, 262
477, 262, 291
478, 278, 273
479, 265, 285
480, 286, 265
481, 260, 261
482, 261, 280
483, 305, 260
484, 256, 271
485, 295, 287
486, 287, 256
487, 271, 295
488, 269, 275
489, 282, 279
490, 279, 269
491, 275, 316
492, 299, 289
493, 309, 299
494, 302, 887
495, 317, 302
496, 303, 313
497, 887, 303
498, 291, 282
499, 308, 291
500, 282, 324
501, 281, 274
502, 274, 886
503, 886, 306
504, 268, 278
505, 289, 268
506, 278, 293
507, 332, 289
508, 294, 305
509, 305, 314
510, 283, 288
511, 288, 301
512, 319, 283
513, 301, 296
514, 296, 310
515, 322, 301
516, 292, 304
517, 304, 309
518, 297, 277
519, 277, 292
520, 307, 297
521, 292, 318
522, 280, 281
523, 320, 280
524, 281, 321
525, 1026, 284
526, 284, 298
527, 298, 286
528, 286, 312
529, 315, 298
530, 285, 276
531, 290, 294
532, 276, 290
533, 311, 285
534, 294, 323
535, 313, 300
536, 300, 964
537, 344, 313
538, 293, 308
539, 308, 335
540, 329, 293
541, 310, 307
542, 339, 310
543, 307, 325
544, 314, 320
545, 327, 314
546, 320, 337
547, 312, 311
548, 331, 312
549, 311, 328
550, 309, 345
551, 341, 309
552, 1026, 965
553, 306, 319
554, 326, 306
555, 319, 336
556, 316, 317
557, 330, 316
558, 317, 352
559, 351, 887
560, 887, 357
561, 347, 332
562, 332, 329
563, 329, 340
564, 336, 322
565, 322, 339
566, 348, 336
567, 324, 333
568, 338, 324
569, 321, 326
570, 337, 321
571, 350, 337
572, 326, 354
573, 323, 334
574, 328, 323
575, 343, 328
576, 888, 315
577, 315, 331
578, 331, 353
579, 318, 341
580, 325, 318
581, 356, 325
582, 341, 349
583, 340, 342
584, 375, 340
585, 352, 351
586, 370, 352
587, 351, 367
588, 333, 330
589, 330, 370
590, 365, 333
591, 370, 379
592, 346, 966
593, 349, 363
594, 366, 349
595, 345, 347
596, 363, 345
597, 347, 358
598, 390, 363
599, 335, 338
600, 342, 335
601, 338, 361
602, 392, 342
603, 369, 350
604, 350, 376
605, 372, 356
606, 356, 371
607, 334, 327
608, 327, 369
609, 364, 334
610, 369, 382
611, 354, 360
612, 377, 354
613, 353, 355
614, 359, 353
615, 355, 343
616, 343, 368
617, 384, 355
618, 967, 888
619, 339, 372
620, 373, 339
621, 372, 391
622, 360, 348
623, 348, 373
624, 388, 360
625, 373, 380
626, 357, 344
627, 344, 346
628, 362, 357
629, 346, 968
630, 358, 375
631, 375, 385
632, 389, 358
633, 361, 365
634, 365, 381
635, 374, 361
636, 367, 362
637, 395, 367
638, 362, 387
639, 376, 377
640, 394, 376
641, 377, 393
642, 380, 398
643, 890, 380
644, 368, 364
645, 364, 383
646, 378, 368
647, 371, 366
648, 366, 404
649, 410, 371
650, 888, 359
651, 359, 889
652, 408, 888
653, 379, 386
654, 381, 379
655, 409, 381
656, 391, 410
657, 410, 421
658, 387, 1027
659, 413, 387
660, 385, 401
661, 397, 385
662, 400, 394
663, 394, 415
664, 398, 391
665, 420, 398
666, 391, 419
667, 393, 396
668, 427, 393
669, 382, 400
670, 383, 382
671, 411, 383
672, 400, 418
673, 386, 395
674, 395, 416
675, 422, 386
676, 404, 406
677, 424, 404
678, 889, 399
679, 399, 384
680, 384, 378
681, 378, 407
682, 405, 399
683, 969, 408
684, 408, 412
685, 396, 388
686, 388, 890
687, 423, 396
688, 401, 392
689, 392, 374
690, 374, 403
691, 406, 390
692, 390, 402
693, 425, 406
694, 1028, 1027
695, 403, 409
696, 409, 430
697, 417, 403
698, 416, 413
699, 413, 893
700, 433, 416
701, 890, 420
702, 420, 434
703, 428, 890
704, 421, 424
705, 438, 421
706, 424, 445
707, 407, 411
708, 411, 892
709, 437, 407
710, 412, 889
711, 889, 431
712, 426, 412
713, 402, 389
714, 389, 397
715, 397, 895
716, 414, 402
717, 415, 891
718, 429, 415
719, 435, 422
720, 422, 439
721, 895, 401
722, 401, 417
723, 417, 447
724, 896, 425
725, 425, 414
726, 414, 443
727, 419, 438
728, 432, 419
729, 438, 448
730, 891, 427
731, 427, 423
732, 423, 436
733, 418, 429
734, 892, 418
735, 429, 452
736, 431, 405
737, 405, 440
738, 442, 431
739, 893, 1028
740, 450, 893
741, 893, 468
742, 448, 461
743, 454, 448
744, 436, 428
745, 428, 444
746, 463, 436
747, 434, 432
748, 444, 434
749, 432, 460
750, 470, 444
751, 446, 895
752, 895, 459
753, 441, 442
754, 442, 451
755, 452, 449
756, 458, 452
757, 443, 446
758, 455, 443
759, 446, 897
760, 970, 426
761, 426, 441
762, 441, 899
763, 440, 437
764, 437, 457
765, 451, 440
766, 466, 451
767, 457, 892
768, 892, 456
769, 465, 457
770, 449, 891
771, 891, 462
772, 474, 449
773, 430, 435
774, 894, 430
775, 435, 453
776, 471, 894
777, 439, 433
778, 433, 450
779, 464, 439
780, 450, 469
781, 445, 896
782, 461, 445
783, 494, 461
784, 468, 971
785, 472, 468
786, 453, 464
787, 477, 453
788, 464, 485
789, 447, 894
790, 459, 447
791, 894, 495
792, 467, 459
793, 896, 455
794, 455, 473
795, 479, 896
796, 472, 1029
797, 460, 454
798, 454, 489
799, 490, 460
800, 478, 466
801, 466, 482
802, 462, 463
803, 463, 481
804, 476, 462
805, 456, 458
806, 458, 483
807, 475, 456
808, 972, 486
809, 898, 479
810, 479, 498
811, 897, 467
812, 467, 502
813, 469, 472
814, 487, 469
815, 472, 901
816, 473, 897
817, 496, 473
818, 897, 505
819, 973, 1029
820, 484, 477
821, 477, 499
822, 481, 470
823, 470, 480
824, 504, 481
825, 489, 494
826, 494, 898
827, 492, 489
828, 480, 490
829, 490, 493
830, 528, 480
831, 491, 476
832, 476, 506
833, 485, 487
834, 497, 485
835, 487, 520
836, 488, 475
837, 475, 501
838, 495, 471
839, 471, 484
840, 900, 495
841, 484, 518
842, 899, 478
843, 478, 503
844, 482, 465
845, 465, 488
846, 512, 482
847, 488, 510
848, 483, 474
849, 474, 491
850, 500, 483
851, 491, 513
852, 486, 899
853, 974, 486
854, 899, 902
855, 901, 975
856, 499, 497
857, 515, 499
858, 497, 508
859, 506, 504
860, 504, 530
861, 519, 506
862, 502, 900
863, 514, 502
864, 501, 500
865, 517, 501
866, 500, 511
867, 493, 492
868, 492, 903
869, 531, 493
870, 503, 512
871, 507, 503
872, 512, 525
873, 976, 902
874, 498, 496
875, 522, 498
876, 496, 509
877, 523, 515
878, 515, 533
879, 520, 901
880, 526, 520
881, 898, 524
882, 903, 898
883, 530, 528
884, 528, 542
885, 544, 530
886, 505, 514
887, 509, 505
888, 514, 551
889, 521, 509
890, 513, 516
891, 511, 513
892, 538, 511
893, 510, 517
894, 525, 510
895, 517, 529
896, 540, 525
897, 902, 507
898, 507, 536
899, 537, 902
900, 532, 977
901, 901, 532
902, 584, 901
903, 532, 978
904, 551, 539
905, 556, 551
906, 518, 523
907, 900, 518
908, 539, 900
909, 523, 545
910, 905, 539
911, 906, 544
912, 544, 567
913, 529, 541
914, 550, 529
915, 516, 519
916, 519, 560
917, 553, 516
918, 542, 531
919, 531, 534
920, 546, 542
921, 524, 522
922, 522, 527
923, 558, 524
924, 541, 538
925, 538, 557
926, 582, 541
927, 527, 521
928, 521, 562
929, 569, 527
930, 543, 540
931, 540, 559
932, 533, 535
933, 565, 533
934, 536, 543
935, 548, 536
936, 543, 575
937, 508, 526
938, 535, 508
939, 526, 549
940, 554, 535
941, 534, 903
942, 903, 552
943, 564, 534
944, 979, 537
945, 537, 547
946, 552, 558
947, 558, 568
948, 561, 552
949, 549, 584
950, 584, 904
951, 572, 554
952, 554, 549
953, 559, 550
954, 550, 573
955, 576, 559
956, 567, 546
957, 574, 567
958, 546, 555
959, 562, 556
960, 556, 577
961, 570, 562
962, 545, 563
963, 905, 545
964, 557, 553
965, 553, 566
966, 580, 557
967, 547, 548
968, 548, 579
969, 583, 547
970, 581, 572
971, 572, 596
972, 904, 1030
973, 1030, 980
974, 578, 570
975, 570, 595
976, 571, 564
977, 564, 561
978, 561, 597
979, 568, 569
980, 569, 578
981, 585, 568
982, 578, 599
983, 555, 571
984, 586, 555
985, 571, 600
986, 573, 582
987, 582, 587
988, 598, 573
989, 579, 575
990, 593, 579
991, 591, 580
992, 580, 589
993, 906, 574
994, 574, 588
995, 577, 905
996, 590, 577
997, 905, 604
998, 620, 905
999, 563, 565
1000, 565, 581
1001, 603, 563
1002, 581, 608
1003, 981, 583
1004, 583, 592
1005, 560, 906
1006, 566, 560
1007, 594, 566
1008, 906, 614
1009, 575, 576
1010, 576, 598
1011, 602, 575
1012, 604, 603
1013, 621, 604
1014, 603, 609
1015, 588, 586
1016, 586, 607
1017, 613, 588
1018, 595, 590
1019, 617, 595
1020, 590, 629
1021, 598, 618
1022, 612, 598
1023, 597, 585
1024, 606, 597
1025, 585, 624
1026, 596, 904
1027, 630, 596
1028, 904, 632
1029, 589, 594
1030, 605, 589
1031, 594, 627
1032, 592, 593
1033, 593, 601
1034, 622, 592
1035, 629, 620
1036, 620, 634
1037, 636, 629
1038, 599, 611
1039, 625, 599
1040, 600, 606
1041, 607, 600
1042, 619, 607
1043, 606, 633
1044, 614, 623
1045, 626, 614
1046, 608, 630
1047, 616, 608
1048, 630, 647
1049, 601, 602
1050, 602, 615
1051, 637, 601
1052, 982, 628
1053, 587, 591
1054, 618, 587
1055, 591, 605
1056, 643, 618
1057, 605, 610
1058, 632, 983
1059, 652, 632
1060, 632, 640
1061, 631, 636
1062, 636, 648
1063, 639, 619
1064, 619, 655
1065, 624, 625
1066, 644, 624
1067, 625, 653
1068, 609, 616
1069, 677, 609
1070, 616, 907
1071, 640, 650
1072, 670, 640
1073, 611, 617
1074, 617, 631
1075, 662, 611
1076, 631, 659
1077, 615, 612
1078, 612, 641
1079, 646, 615
1080, 627, 626
1081, 635, 627
1082, 626, 660
1083, 645, 637
1084, 637, 646
1085, 646, 657
1086, 633, 644
1087, 654, 633
1088, 644, 658
1089, 641, 649
1090, 668, 641
1091, 610, 635
1092, 642, 610
1093, 635, 661
1094, 623, 613
1095, 613, 639
1096, 651, 623
1097, 639, 666
1098, 628, 622
1099, 622, 645
1100, 1031, 628
1101, 645, 656
1102, 634, 621
1103, 621, 908
1104, 638, 634
1105, 907, 671
1106, 655, 654
1107, 682, 655
1108, 654, 683
1109, 650, 984
1110, 675, 650
1111, 648, 638
1112, 664, 648
1113, 638, 672
1114, 653, 662
1115, 667, 653
1116, 1031, 985
1117, 657, 673
1118, 680, 657
1119, 660, 651
1120, 679, 660
1121, 651, 669
1122, 649, 643
1123, 643, 642
1124, 676, 649
1125, 642, 663
1126, 672, 908
1127, 692, 672
1128, 659, 664
1129, 674, 659
1130, 664, 690
1131, 666, 689
1132, 669, 666
1133, 684, 669
1134, 908, 677
1135, 677, 907
1136, 907, 707
1137, 714, 908
1138, 662, 674
1139, 687, 662
1140, 674, 700
1141, 691, 675
1142, 675, 694
1143, 678, 679
1144, 679, 686
1145, 658, 667
1146, 681, 658
1147, 667, 695
1148, 661, 678
1149, 663, 661
1150, 699, 663
1151, 678, 717
1152, 696, 684
1153, 684, 710
1154, 647, 652
1155, 665, 647
1156, 652, 670
1157, 670, 688
1158, 693, 676
1159, 676, 698
1160, 656, 680
1161, 685, 656
1162, 680, 704
1163, 986, 685
1164, 685, 702
1165, 673, 668
1166, 668, 693
1167, 697, 673
1168, 693, 701
1169, 683, 681
1170, 909, 683
1171, 681, 705
1172, 694, 987
1173, 715, 694
1174, 671, 665
1175, 707, 671
1176, 725, 707
1177, 665, 703
1178, 686, 696
1179, 732, 686
1180, 696, 911
1181, 689, 682
1182, 682, 909
1183, 706, 689
1184, 695, 687
1185, 687, 708
1186, 712, 695
1187, 910, 697
1188, 697, 718
1189, 698, 699
1190, 699, 721
1191, 716, 698
1192, 690, 692
1193, 692, 723
1194, 711, 690
1195, 988, 720
1196, 700, 719
1197, 708, 700
1198, 726, 708
1199, 688, 691
1200, 691, 713
1201, 703, 688
1202, 727, 703
1203, 724, 714
1204, 714, 739
1205, 705, 712
1206, 709, 705
1207, 717, 722
1208, 721, 717
1209, 735, 721
1210, 704, 910
1211, 702, 704
1212, 720, 702
1213, 742, 720
1214, 701, 716
1215, 718, 701
1216, 731, 718
1217, 710, 706
1218, 911, 710
1219, 706, 728
1220, 739, 737
1221, 754, 739
1222, 719, 711
1223, 711, 736
1224, 749, 719
1225, 730, 726
1226, 726, 748
1227, 729, 732
1228, 732, 743
1229, 914, 989
1230, 910, 738
1231, 751, 910
1232, 909, 709
1233, 734, 909
1234, 709, 744
1235, 728, 734
1236, 747, 728
1237, 734, 755
1238, 716, 740
1239, 753, 716
1240, 723, 724
1241, 736, 723
1242, 724, 745
1243, 752, 736
1244, 990, 742
1245, 742, 913
1246, 738, 731
1247, 731, 750
1248, 769, 738
1249, 740, 735
1250, 735, 758
1251, 766, 740
1252, 712, 730
1253, 912, 712
1254, 730, 770
1255, 737, 725
1256, 725, 727
1257, 727, 733
1258, 779, 737
1259, 743, 911
1260, 911, 746
1261, 767, 743
1262, 713, 715
1263, 715, 914
1264, 733, 713
1265, 741, 733
1266, 914, 991
1267, 784, 741
1268, 741, 764
1269, 746, 747
1270, 747, 785
1271, 783, 746
1272, 748, 749
1273, 749, 756
1274, 768, 748
1275, 722, 729
1276, 758, 722
1277, 729, 774
1278, 762, 758
1279, 744, 912
1280, 757, 744
1281, 745, 754
1282, 754, 777
1283, 771, 745
1284, 913, 751
1285, 751, 761
1286, 750, 753
1287, 753, 765
1288, 759, 750
1289, 760, 752
1290, 752, 771
1291, 771, 802
1292, 764, 763
1293, 793, 764
1294, 912, 770
1295, 787, 912
1296, 770, 768
1297, 768, 792
1298, 807, 770
1299, 755, 757
1300, 776, 755
1301, 757, 789
1302, 777, 779
1303, 779, 786
1304, 782, 777
1305, 756, 760
1306, 778, 756
1307, 760, 796
1308, 781, 767
1309, 767, 780
1310, 780, 783
1311, 783, 791
1312, 788, 780
1313, 765, 766
1314, 766, 772
1315, 799, 765
1316, 772, 762
1317, 762, 773
1318, 805, 772
1319, 786, 784
1320, 784, 810
1321, 794, 786
1322, 914, 992
1323, 761, 775
1324, 800, 761
1325, 785, 776
1326, 797, 785
1327, 776, 790
1328, 775, 769
1329, 769, 759
1330, 759, 803
1331, 795, 775
1332, 993, 913
1333, 913, 804
1334, 802, 782
1335, 808, 802
1336, 782, 801
1337, 791, 797
1338, 798, 791
1339, 797, 811
1340, 792, 778
1341, 813, 792
1342, 778, 806
1343, 789, 787
1344, 787, 814
1345, 815, 789
1346, 810, 793
1347, 793, 831
1348, 825, 810
1349, 803, 799
1350, 799, 915
1351, 916, 803
1352, 804, 800
1353, 800, 809
1354, 816, 804
1355, 774, 781
1356, 773, 774
1357, 781, 828
1358, 819, 773
1359, 796, 812
1360, 806, 796
1361, 827, 806
1362, 763, 914
1363, 830, 763
1364, 914, 994
1365, 814, 807
1366, 807, 818
1367, 823, 814
1368, 837, 788
1369, 788, 798
1370, 798, 836
1371, 809, 795
1372, 795, 916
1373, 821, 809
1374, 790, 815
1375, 811, 790
1376, 915, 805
1377, 805, 822
1378, 801, 794
1379, 794, 834
1380, 817, 801
1381, 834, 825
1382, 825, 835
1383, 845, 834
1384, 832, 823
1385, 823, 829
1386, 815, 832
1387, 826, 815
1388, 832, 862
1389, 831, 830
1390, 835, 831
1391, 830, 841
1392, 851, 835
1393, 841, 995
1394, 861, 841
1395, 820, 827
1396, 827, 919
1397, 822, 819
1398, 819, 833
1399, 852, 822
1400, 828, 837
1401, 833, 828
1402, 837, 917
1403, 1033, 833
1404, 842, 811
1405, 811, 838
1406, 839, 915
1407, 915, 918
1408, 818, 813
1409, 813, 820
1410, 843, 818
1411, 820, 868
1412, 996, 816
1413, 816, 846
1414, 836, 842
1415, 917, 836
1416, 842, 867
1417, 824, 817
1418, 817, 844
1419, 846, 821
1420, 821, 847
1421, 812, 808
1422, 808, 824
1423, 840, 812
1424, 824, 866
1425, 916, 839
1426, 848, 916
1427, 839, 853
1428, 997, 861
1429, 861, 998
1430, 919, 840
1431, 840, 864
1432, 850, 917
1433, 917, 863
1434, 838, 826
1435, 826, 854
1436, 1036, 838
1437, 844, 845
1438, 845, 859
1439, 860, 844
1440, 829, 843
1441, 856, 829
1442, 843, 855
1443, 847, 849
1444, 857, 847
1445, 918, 852
1446, 852, 1032
1447, 1035, 868
1448, 854, 1034
1449, 999, 854
1450, 853, 918
1451, 858, 853
1452, 918, 1000
1453, 866, 860
1454, 860, 1001
1455, 1002, 851
1456, 851, 1003
1457, 1004, 867
1458, 849, 848
1459, 848, 858
1460, 1005, 849
1461, 858, 1006
1462, 868, 919
1463, 919, 1007
1464, 1008, 868
1465, 864, 866
1466, 1009, 864
1467, 866, 1010
1468, 1032, 1033
1469, 1033, 850
1470, 850, 1011
1471, 1012, 865
1472, 867, 1036
1473, 1013, 867
1474, 865, 846
1475, 846, 857
1476, 857, 1014
1477, 1015, 865
1478, 862, 1016
1479, 1034, 862
1480, 859, 1017
1481, 1018, 859
1482, 1019, 856
1483, 855, 1035
1484, 856, 855
1485, 863, 1020
1486, 1021, 863
