1, 1117, 510
2, 1118, 702
3, 1119, 741
4, 1120, 1040
5, 1121, 945
6, 1122, 1041
7, 29, 1123
8, 1124, 29
9, 98, 1125
10, 29, 26
11, 124, 98
12, 98, 94
13, 1222, 124
14, 181, 1222
15, 124, 142
16, 1126, 181
17, 218, 1127
18, 181, 1042
19, 253, 218
20, 218, 222
21, 1128, 253
22, 1223, 1129
23, 253, 244
24, 1224, 1223
25, 354, 1224
26, 1223, 308
27, 368, 354
28, 354, 334
29, 1130, 368
30, 418, 1131
31, 368, 1043
32, 1132, 418
33, 481, 1133
34, 418, 430
35, 497, 481
36, 481, 469
37, 510, 497
38, 525, 510
39, 497, 495
40, 1134, 525
41, 588, 1135
42, 525, 540
43, 1225, 588
44, 610, 1225
45, 588, 574
46, 1136, 610
47, 662, 1137
48, 610, 1046
49, 694, 662
50, 662, 661
51, 702, 694
52, 741, 702
53, 750, 741
54, 694, 681
55, 1040, 750
56, 750, 1044
57, 803, 1040
58, 1040, 762
59, 1138, 803
60, 881, 1139
61, 803, 802
62, 887, 881
63, 881, 880
64, 1140, 887
65, 945, 1141
66, 887, 918
67, 1041, 945
68, 945, 932
69, 1020, 1041
70, 1041, 986
71, 1226, 1020
72, 1142, 1226
73, 1020, 1029
74, 6, 1143
75, 26, 6
76, 42, 26
77, 6, 1144
78, 94, 42
79, 42, 39
80, 133, 94
81, 94, 93
82, 142, 133
83, 1042, 142
84, 133, 136
85, 198, 1042
86, 1042, 171
87, 222, 198
88, 244, 222
89, 249, 244
90, 198, 196
91, 296, 249
92, 249, 261
93, 308, 296
94, 329, 308
95, 296, 288
96, 334, 329
97, 1043, 334
98, 329, 332
99, 421, 1043
100, 1043, 383
101, 430, 421
102, 461, 430
103, 421, 423
104, 469, 461
105, 495, 469
106, 461, 444
107, 529, 495
108, 495, 499
109, 540, 529
110, 565, 540
111, 529, 524
112, 574, 565
113, 1046, 574
114, 565, 1045
115, 644, 1046
116, 661, 644
117, 681, 661
118, 701, 681
119, 644, 655
120, 1044, 701
121, 701, 691
122, 762, 1044
123, 797, 762
124, 1044, 758
125, 802, 797
126, 1047, 802
127, 797, 764
128, 880, 847
129, 899, 880
130, 918, 899
131, 932, 918
132, 943, 932
133, 899, 897
134, 974, 943
135, 943, 963
136, 986, 974
137, 1029, 986
138, 1227, 1029
139, 974, 966
140, 1227, 1030
141, 2, 1145
142, 39, 2
143, 2, 1048
144, 74, 39
145, 39, 1048
146, 93, 74
147, 136, 93
148, 144, 136
149, 74, 95
150, 171, 144
151, 192, 171
152, 144, 137
153, 196, 192
154, 205, 196
155, 192, 191
156, 261, 205
157, 278, 261
158, 205, 231
159, 288, 278
160, 278, 254
161, 332, 288
162, 347, 332
163, 288, 314
164, 383, 347
165, 389, 383
166, 347, 350
167, 397, 389
168, 389, 366
169, 423, 397
170, 444, 423
171, 451, 444
172, 397, 435
173, 499, 451
174, 522, 499
175, 451, 450
176, 524, 522
177, 534, 524
178, 522, 517
179, 1045, 534
180, 534, 535
181, 1046, 1045
182, 1045, 573
183, 655, 1046
184, 658, 655
185, 1046, 634
186, 675, 658
187, 658, 636
188, 691, 675
189, 738, 691
190, 675, 683
191, 758, 738
192, 764, 758
193, 785, 764
194, 738, 749
195, 1047, 785
196, 785, 775
197, 847, 1047
198, 850, 847
199, 1047, 1049
200, 897, 850
201, 922, 897
202, 850, 846
203, 946, 922
204, 922, 921
205, 963, 946
206, 966, 963
207, 1010, 966
208, 946, 954
209, 1030, 1010
210, 1010, 1004
211, 1146, 1030
212, 1030, 1025
213, 5, 1147
214, 1048, 5
215, 63, 1048
216, 5, 1148
217, 95, 63
218, 102, 95
219, 63, 69
220, 112, 102
221, 102, 81
222, 137, 112
223, 187, 137
224, 112, 127
225, 191, 187
226, 221, 191
227, 187, 183
228, 231, 221
229, 254, 231
230, 265, 254
231, 221, 226
232, 291, 265
233, 265, 248
234, 314, 291
235, 338, 314
236, 291, 295
237, 350, 338
238, 366, 350
239, 377, 366
240, 338, 337
241, 408, 377
242, 377, 374
243, 435, 408
244, 450, 435
245, 459, 450
246, 408, 1050
247, 504, 459
248, 459, 457
249, 517, 504
250, 535, 517
251, 560, 535
252, 504, 1051
253, 573, 560
254, 609, 573
255, 560, 561
256, 634, 609
257, 636, 634
258, 667, 636
259, 609, 605
260, 683, 667
261, 667, 1052
262, 744, 683
263, 683, 1052
264, 749, 744
265, 775, 749
266, 744, 755
267, 1049, 775
268, 775, 759
269, 846, 1049
270, 874, 846
271, 1049, 1053
272, 896, 874
273, 874, 879
274, 921, 896
275, 941, 921
276, 896, 888
277, 954, 941
278, 981, 954
279, 941, 1054
280, 1004, 981
281, 1025, 1004
282, 1228, 1025
283, 981, 975
284, 1228, 1026
285, 12, 1149
286, 65, 12
287, 12, 18
288, 69, 65
289, 81, 69
290, 101, 81
291, 65, 32
292, 127, 114
293, 177, 127
294, 183, 177
295, 201, 183
296, 177, 162
297, 226, 201
298, 248, 226
299, 267, 248
300, 201, 223
301, 295, 267
302, 300, 295
303, 267, 1055
304, 330, 300
305, 300, 281
306, 337, 330
307, 367, 337
308, 330, 1056
309, 374, 367
310, 1050, 374
311, 367, 1056
312, 457, 1050
313, 476, 457
314, 1050, 417
315, 1051, 476
316, 476, 480
317, 536, 1051
318, 1051, 523
319, 561, 536
320, 594, 561
321, 536, 528
322, 605, 594
323, 627, 605
324, 594, 1057
325, 1052, 647
326, 688, 1052
327, 727, 688
328, 688, 692
329, 755, 727
330, 759, 755
331, 792, 759
332, 727, 733
333, 1053, 792
334, 792, 790
335, 876, 1053
336, 1053, 838
337, 879, 876
338, 888, 879
339, 903, 888
340, 876, 858
341, 1054, 903
342, 903, 923
343, 969, 1054
344, 1054, 958
345, 975, 969
346, 1026, 975
347, 1229, 1026
348, 969, 988
349, 1229, 1058
350, 18, 1150
351, 32, 18
352, 43, 32
353, 67, 43
354, 43, 34
355, 114, 101
356, 101, 67
357, 155, 114
358, 67, 70
359, 162, 155
360, 175, 162
361, 155, 146
362, 223, 175
363, 175, 186
364, 1055, 223
365, 223, 209
366, 281, 1055
367, 294, 281
368, 1055, 263
369, 345, 294
370, 294, 293
371, 1056, 345
372, 393, 1056
373, 345, 352
374, 401, 393
375, 393, 387
376, 417, 401
377, 467, 417
378, 401, 404
379, 480, 467
380, 508, 480
381, 467, 468
382, 523, 508
383, 528, 523
384, 508, 494
385, 566, 528
386, 528, 1060
387, 1057, 566
388, 566, 572
389, 647, 627
390, 627, 1057
391, 669, 647
392, 1057, 595
393, 692, 669
394, 703, 692
395, 669, 674
396, 716, 703
397, 703, 687
398, 733, 716
399, 790, 733
400, 796, 790
401, 716, 725
402, 805, 796
403, 796, 780
404, 838, 805
405, 845, 838
406, 805, 828
407, 858, 845
408, 902, 858
409, 845, 1061
410, 923, 902
411, 944, 923
412, 902, 893
413, 958, 944
414, 970, 958
415, 944, 935
416, 988, 970
417, 1058, 988
418, 970, 1005
419, 1151, 1058
420, 1058, 1036
421, 34, 1152
422, 66, 34
423, 1153, 1230
424, 70, 66
425, 90, 70
426, 66, 52
427, 118, 90
428, 90, 97
429, 146, 118
430, 1059, 146
431, 118, 110
432, 186, 1059
433, 200, 186
434, 209, 200
435, 263, 209
436, 270, 263
437, 200, 199
438, 293, 270
439, 317, 293
440, 270, 272
441, 352, 317
442, 355, 352
443, 317, 315
444, 361, 355
445, 355, 333
446, 387, 361
447, 404, 387
448, 416, 404
449, 361, 364
450, 453, 416
451, 416, 429
452, 468, 453
453, 494, 468
454, 506, 494
455, 453, 452
456, 1060, 506
457, 506, 498
458, 572, 1060
459, 586, 572
460, 1060, 555
461, 595, 586
462, 606, 595
463, 586, 575
464, 638, 606
465, 606, 602
466, 674, 638
467, 678, 674
468, 638, 1062
469, 687, 678
470, 725, 687
471, 748, 725
472, 678, 679
473, 771, 748
474, 748, 736
475, 780, 771
476, 822, 780
477, 771, 761
478, 828, 822
479, 1061, 828
480, 822, 830
481, 893, 1061
482, 913, 893
483, 1061, 853
484, 931, 913
485, 913, 908
486, 935, 931
487, 993, 935
488, 931, 936
489, 1005, 993
490, 1036, 1005
491, 1154, 1036
492, 993, 994
493, 20, 1230
494, 44, 20
495, 20, 3
496, 52, 44
497, 87, 52
498, 44, 59
499, 97, 87
500, 110, 97
501, 122, 110
502, 87, 91
503, 150, 122
504, 122, 121
505, 1059, 150
506, 199, 1059
507, 220, 199
508, 150, 152
509, 247, 220
510, 220, 197
511, 272, 247
512, 302, 272
513, 247, 260
514, 315, 302
515, 328, 315
516, 302, 287
517, 333, 328
518, 364, 333
519, 328, 342
520, 425, 364
521, 364, 362
522, 429, 425
523, 452, 429
524, 485, 452
525, 425, 428
526, 484, 474
527, 498, 485
528, 539, 498
529, 485, 484
530, 484, 490
531, 555, 539
532, 575, 555
533, 584, 575
534, 539, 548
535, 602, 584
536, 617, 602
537, 584, 571
538, 1062, 617
539, 617, 1063
540, 679, 1062
541, 714, 679
542, 1062, 648
543, 719, 714
544, 714, 704
545, 736, 719
546, 761, 736
547, 778, 761
548, 719, 739
549, 824, 778
550, 778, 781
551, 830, 824
552, 840, 830
553, 824, 823
554, 853, 840
555, 908, 853
556, 840, 862
557, 936, 908
558, 908, 884
559, 968, 936
560, 936, 934
561, 994, 968
562, 1155, 994
563, 968, 987
564, 3, 1156
565, 19, 3
566, 41, 19
567, 19, 1
568, 59, 41
569, 91, 59
570, 107, 91
571, 41, 45
572, 121, 107
573, 132, 121
574, 107, 104
575, 152, 132
576, 188, 152
577, 132, 134
578, 197, 188
579, 213, 197
580, 188, 185
581, 260, 213
582, 276, 260
583, 213, 1064
584, 287, 276
585, 309, 287
586, 276, 1065
587, 323, 309
588, 309, 306
589, 342, 323
590, 362, 342
591, 396, 362
592, 323, 321
593, 406, 396
594, 396, 398
595, 428, 406
596, 442, 428
597, 406, 419
598, 474, 442
599, 490, 474
600, 442, 440
601, 548, 490
602, 556, 548
603, 490, 1066
604, 571, 556
605, 596, 571
606, 556, 552
607, 648, 1063
608, 653, 648
609, 704, 653
610, 706, 704
611, 653, 652
612, 739, 706
613, 706, 693
614, 781, 739
615, 804, 781
616, 739, 752
617, 813, 804
618, 804, 799
619, 823, 813
620, 862, 823
621, 868, 862
622, 813, 819
623, 884, 868
624, 912, 884
625, 868, 859
626, 930, 912
627, 912, 920
628, 934, 930
629, 983, 934
630, 930, 956
631, 987, 983
632, 1157, 987
633, 983, 965
634, 1158, 1038
635, 1, 1159
636, 27, 1
637, 45, 27
638, 104, 45
639, 27, 31
640, 123, 104
641, 104, 1067
642, 134, 123
643, 169, 134
644, 123, 117
645, 185, 169
646, 1064, 185
647, 169, 173
648, 1065, 1064
649, 1064, 204
650, 284, 1065
651, 1065, 250
652, 306, 284
653, 321, 306
654, 1068, 321
655, 284, 286
656, 398, 372
657, 412, 398
658, 419, 412
659, 440, 419
660, 446, 440
661, 412, 431
662, 1066, 446
663, 446, 438
664, 552, 1066
665, 557, 552
666, 1066, 516
667, 559, 557
668, 557, 1069
669, 1063, 596
670, 596, 559
671, 630, 1063
672, 559, 563
673, 652, 630
674, 673, 652
675, 630, 620
676, 677, 673
677, 673, 670
678, 693, 677
679, 720, 693
680, 677, 682
681, 752, 720
682, 765, 752
683, 720, 721
684, 799, 765
685, 819, 799
686, 836, 819
687, 765, 768
688, 859, 836
689, 863, 859
690, 836, 812
691, 889, 863
692, 863, 873
693, 920, 889
694, 956, 920
695, 964, 956
696, 889, 885
697, 965, 964
698, 992, 965
699, 964, 949
700, 1038, 992
701, 1160, 1038
702, 992, 999
703, 1161, 1034
704, 31, 1231
705, 55, 31
706, 1231, 11
707, 1067, 55
708, 55, 40
709, 117, 1067
710, 126, 117
711, 1067, 83
712, 153, 126
713, 126, 119
714, 173, 153
715, 204, 173
716, 208, 204
717, 153, 166
718, 246, 208
719, 208, 210
720, 250, 246
721, 286, 250
722, 304, 286
723, 246, 1070
724, 1068, 304
725, 304, 311
726, 372, 1068
727, 384, 372
728, 1068, 326
729, 409, 384
730, 384, 390
731, 431, 409
732, 438, 431
733, 447, 438
734, 409, 399
735, 496, 447
736, 447, 449
737, 516, 496
738, 1069, 516
739, 496, 509
740, 563, 1069
741, 585, 563
742, 1069, 541
743, 597, 585
744, 585, 578
745, 620, 597
746, 657, 620
747, 597, 607
748, 670, 657
749, 676, 670
750, 657, 643
751, 682, 676
752, 721, 682
753, 754, 721
754, 676, 680
755, 768, 754
756, 783, 768
757, 754, 757
758, 812, 783
759, 783, 766
760, 852, 812
761, 812, 815
762, 873, 852
763, 885, 873
764, 904, 885
765, 852, 856
766, 938, 904
767, 904, 898
768, 949, 938
769, 999, 949
770, 1006, 999
771, 938, 952
772, 1034, 1006
773, 1006, 1012
774, 1162, 1034
775, 1034, 1017
776, 11, 1163
777, 40, 11
778, 51, 40
779, 83, 51
780, 92, 83
781, 51, 35
782, 119, 92
783, 128, 119
784, 92, 1071
785, 158, 128
786, 128, 125
787, 166, 158
788, 210, 166
789, 158, 161
790, 1070, 210
791, 210, 195
792, 289, 1070
793, 1070, 274
794, 311, 289
795, 326, 311
796, 341, 326
797, 289, 282
798, 363, 341
799, 341, 339
800, 390, 363
801, 399, 390
802, 426, 399
803, 363, 365
804, 449, 426
805, 426, 424
806, 500, 449
807, 449, 458
808, 509, 500
809, 531, 509
810, 500, 491
811, 541, 531
812, 578, 541
813, 589, 578
814, 531, 530
815, 607, 589
816, 632, 607
817, 589, 587
818, 643, 632
819, 632, 1072
820, 680, 643
821, 700, 680
822, 643, 649
823, 729, 700
824, 700, 689
825, 757, 729
826, 766, 757
827, 729, 723
828, 815, 766
829, 829, 815
830, 766, 795
831, 856, 829
832, 872, 856
833, 829, 832
834, 898, 872
835, 915, 898
836, 872, 854
837, 952, 915
838, 915, 924
839, 996, 952
840, 952, 959
841, 1012, 996
842, 1017, 1012
843, 1039, 1017
844, 996, 978
845, 1164, 1039
846, 1039, 1165
847, 25, 1166
848, 35, 25
849, 64, 35
850, 25, 24
851, 1071, 64
852, 64, 37
853, 109, 1071
854, 1071, 89
855, 125, 109
856, 161, 125
857, 178, 161
858, 109, 129
859, 195, 178
860, 219, 195
861, 178, 1073
862, 264, 219
863, 219, 224
864, 274, 264
865, 282, 274
866, 298, 282
867, 264, 257
868, 339, 298
869, 298, 297
870, 365, 339
871, 395, 365
872, 339, 348
873, 424, 395
874, 395, 379
875, 458, 424
876, 464, 458
877, 424, 432
878, 491, 464
879, 513, 491
880, 464, 478
881, 530, 513
882, 549, 530
883, 513, 511
884, 570, 549
885, 549, 1074
886, 587, 570
887, 1072, 587
888, 570, 576
889, 639, 1072
890, 1072, 623
891, 649, 639
892, 689, 649
893, 705, 689
894, 639, 646
895, 723, 705
896, 734, 723
897, 705, 697
898, 784, 734
899, 734, 718
900, 795, 784
901, 826, 795
902, 784, 793
903, 832, 826
904, 854, 832
905, 865, 854
906, 826, 825
907, 910, 865
908, 865, 861
909, 924, 910
910, 947, 924
911, 910, 907
912, 959, 947
913, 971, 959
914, 947, 953
915, 978, 971
916, 1024, 978
917, 971, 972
918, 1167, 1024
919, 1024, 1033
920, 8, 1168
921, 24, 8
922, 37, 24
923, 8, 9
924, 77, 37
925, 37, 50
926, 89, 77
927, 129, 89
928, 77, 71
929, 1073, 129
930, 129, 138
931, 211, 1073
932, 1073, 180
933, 224, 211
934, 251, 224
935, 211, 206
936, 257, 251
937, 297, 257
938, 310, 297
939, 251, 1075
940, 348, 310
941, 356, 348
942, 310, 312
943, 379, 356
944, 380, 379
945, 356, 336
946, 420, 380
947, 380, 1076
948, 432, 420
949, 478, 432
950, 483, 478
951, 420, 1077
952, 482, 441
953, 511, 483
954, 1074, 511
955, 483, 482
956, 482, 487
957, 576, 1074
958, 1074, 537
959, 623, 576
960, 628, 623
961, 576, 598
962, 646, 628
963, 672, 646
964, 628, 624
965, 684, 672
966, 672, 668
967, 697, 684
968, 718, 697
969, 743, 718
970, 684, 1078
971, 769, 743
972, 743, 717
973, 793, 769
974, 809, 793
975, 769, 772
976, 825, 809
977, 861, 825
978, 866, 861
979, 809, 827
980, 892, 866
981, 866, 848
982, 907, 892
983, 940, 907
984, 892, 1079
985, 953, 940
986, 972, 953
987, 980, 972
988, 940, 928
989, 1033, 980
990, 1169, 1033
991, 980, 1003
992, 1170, 1013
993, 9, 1171
994, 33, 9
995, 50, 33
996, 71, 50
997, 106, 71
998, 33, 61
999, 138, 108
1000, 174, 138
1001, 180, 174
1002, 206, 180
1003, 217, 206
1004, 174, 189
1005, 1075, 217
1006, 217, 194
1007, 305, 1075
1008, 1075, 269
1009, 312, 305
1010, 327, 312
1011, 305, 1080
1012, 336, 327
1013, 1076, 336
1014, 327, 335
1015, 1077, 1076
1016, 1076, 388
1017, 441, 1077
1018, 454, 441
1019, 1077, 411
1020, 487, 454
1021, 502, 487
1022, 454, 465
1023, 537, 502
1024, 546, 537
1025, 502, 503
1026, 591, 546
1027, 546, 1081
1028, 598, 591
1029, 601, 598
1030, 591, 1082
1031, 624, 601
1032, 660, 624
1033, 601, 1083
1034, 668, 660
1035, 1078, 668
1036, 660, 659
1037, 717, 1078
1038, 730, 717
1039, 1078, 707
1040, 763, 730
1041, 730, 726
1042, 772, 763
1043, 811, 772
1044, 763, 779
1045, 827, 811
1046, 848, 827
1047, 877, 848
1048, 811, 806
1049, 1079, 877
1050, 877, 871
1051, 928, 1079
1052, 951, 928
1053, 1079, 919
1054, 979, 951
1055, 951, 933
1056, 1003, 979
1057, 1013, 1003
1058, 1015, 1013
1059, 979, 977
1060, 1172, 1015
1061, 1015, 1016
1062, 61, 1232
1063, 68, 61
1064, 76, 68
1065, 68, 1084
1066, 108, 106
1067, 106, 76
1068, 135, 108
1069, 76, 72
1070, 151, 135
1071, 135, 141
1072, 189, 151
1073, 194, 189
1074, 216, 194
1075, 151, 159
1076, 245, 216
1077, 216, 207
1078, 269, 245
1079, 1080, 269
1080, 245, 239
1081, 335, 1080
1082, 343, 335
1083, 1080, 290
1084, 382, 343
1085, 343, 357
1086, 388, 382
1087, 411, 388
1088, 433, 411
1089, 382, 381
1090, 455, 433
1091, 433, 427
1092, 465, 455
1093, 492, 465
1094, 455, 466
1095, 503, 492
1096, 1081, 503
1097, 492, 1085
1098, 1082, 1081
1099, 1081, 538
1100, 1083, 1082
1101, 1082, 583
1102, 640, 1083
1103, 1083, 625
1104, 659, 640
1105, 690, 659
1106, 640, 637
1107, 707, 690
1108, 726, 707
1109, 751, 726
1110, 690, 698
1111, 779, 751
1112, 788, 779
1113, 751, 753
1114, 806, 788
1115, 831, 806
1116, 788, 786
1117, 844, 831
1118, 831, 834
1119, 871, 844
1120, 911, 871
1121, 844, 855
1122, 919, 911
1123, 933, 919
1124, 960, 933
1125, 911, 906
1126, 977, 960
1127, 1008, 977
1128, 960, 962
1129, 1016, 1008
1130, 1023, 1016
1131, 1008, 1007
1132, 1173, 1023
1133, 1023, 1027
1134, 17, 1232
1135, 1084, 17
1136, 17, 14
1137, 72, 1084
1138, 1084, 1086
1139, 141, 72
1140, 72, 75
1141, 159, 141
1142, 207, 159
1143, 237, 207
1144, 141, 140
1145, 239, 237
1146, 255, 239
1147, 237, 238
1148, 290, 255
1149, 301, 290
1150, 255, 271
1151, 340, 301
1152, 301, 292
1153, 357, 340
1154, 371, 357
1155, 340, 1087
1156, 381, 371
1157, 427, 381
1158, 434, 427
1159, 371, 373
1160, 466, 434
1161, 434, 413
1162, 1085, 466
1163, 466, 477
1164, 538, 1085
1165, 1085, 507
1166, 583, 538
1167, 593, 583
1168, 538, 547
1169, 603, 593
1170, 593, 580
1171, 625, 603
1172, 637, 625
1173, 664, 637
1174, 603, 613
1175, 686, 664
1176, 664, 666
1177, 698, 686
1178, 737, 698
1179, 686, 685
1180, 753, 737
1181, 767, 753
1182, 737, 732
1183, 786, 767
1184, 820, 786
1185, 767, 1088
1186, 834, 820
1187, 841, 834
1188, 820, 833
1189, 855, 841
1190, 900, 855
1191, 841, 839
1192, 906, 900
1193, 939, 906
1194, 900, 894
1195, 962, 939
1196, 990, 962
1197, 939, 1089
1198, 1007, 990
1199, 1027, 1007
1200, 1233, 1027
1201, 990, 982
1202, 1233, 1035
1203, 4, 1174
1204, 14, 4
1205, 1086, 14
1206, 4, 7
1207, 75, 1086
1208, 84, 75
1209, 1086, 38
1210, 140, 84
1211, 149, 140
1212, 84, 100
1213, 184, 149
1214, 149, 147
1215, 238, 193
1216, 271, 238
1217, 277, 271
1218, 292, 277
1219, 313, 292
1220, 277, 273
1221, 1087, 313
1222, 313, 319
1223, 373, 1087
1224, 392, 373
1225, 1087, 344
1226, 413, 392
1227, 443, 413
1228, 392, 385
1229, 477, 443
1230, 486, 477
1231, 443, 439
1232, 507, 486
1233, 526, 507
1234, 486, 488
1235, 547, 526
1236, 580, 547
1237, 599, 580
1238, 526, 533
1239, 613, 599
1240, 621, 613
1241, 599, 600
1242, 645, 621
1243, 621, 616
1244, 666, 645
1245, 685, 666
1246, 645, 651
1247, 732, 685
1248, 747, 732
1249, 685, 1090
1250, 1088, 747
1251, 747, 746
1252, 833, 773
1253, 837, 833
1254, 839, 837
1255, 864, 839
1256, 837, 818
1257, 894, 864
1258, 916, 894
1259, 864, 1091
1260, 1089, 916
1261, 916, 901
1262, 982, 1089
1263, 995, 982
1264, 1089, 961
1265, 1011, 995
1266, 995, 985
1267, 1035, 1011
1268, 1175, 1035
1269, 1011, 1021
1270, 7, 1176
1271, 15, 7
1272, 38, 15
1273, 60, 38
1274, 15, 1234
1275, 88, 60
1276, 60, 57
1277, 100, 88
1278, 115, 100
1279, 88, 86
1280, 147, 115
1281, 168, 147
1282, 115, 1092
1283, 193, 184
1284, 184, 168
1285, 230, 193
1286, 168, 154
1287, 262, 230
1288, 230, 234
1289, 273, 262
1290, 316, 273
1291, 262, 1093
1292, 319, 316
1293, 325, 319
1294, 316, 318
1295, 344, 325
1296, 378, 344
1297, 325, 1094
1298, 385, 378
1299, 436, 385
1300, 378, 375
1301, 439, 436
1302, 470, 439
1303, 436, 437
1304, 488, 470
1305, 514, 488
1306, 470, 472
1307, 533, 514
1308, 543, 533
1309, 514, 512
1310, 592, 543
1311, 543, 1095
1312, 600, 592
1313, 604, 600
1314, 592, 590
1315, 616, 604
1316, 651, 616
1317, 656, 651
1318, 604, 631
1319, 1090, 656
1320, 656, 650
1321, 724, 1090
1322, 1090, 695
1323, 773, 1088
1324, 746, 724
1325, 1088, 746
1326, 800, 773
1327, 724, 728
1328, 807, 800
1329, 800, 777
1330, 818, 807
1331, 1091, 818
1332, 807, 808
1333, 901, 1091
1334, 914, 901
1335, 1091, 870
1336, 937, 914
1337, 914, 1096
1338, 961, 937
1339, 985, 961
1340, 998, 985
1341, 937, 1097
1342, 1021, 998
1343, 1177, 1021
1344, 998, 1098
1345, 47, 1234
1346, 1234, 1178
1347, 57, 47
1348, 73, 57
1349, 47, 54
1350, 86, 73
1351, 1092, 86
1352, 73, 79
1353, 154, 1092
1354, 163, 154
1355, 1092, 130
1356, 228, 163
1357, 163, 164
1358, 234, 228
1359, 1093, 234
1360, 228, 229
1361, 283, 1093
1362, 1093, 256
1363, 318, 299
1364, 1094, 318
1365, 375, 1094
1366, 394, 375
1367, 1094, 353
1368, 403, 394
1369, 394, 369
1370, 437, 403
1371, 448, 437
1372, 403, 407
1373, 472, 448
1374, 512, 472
1375, 448, 471
1376, 1095, 512
1377, 512, 501
1378, 582, 1095
1379, 1095, 1099
1380, 590, 582
1381, 631, 590
1382, 582, 1100
1383, 635, 631
1384, 631, 633
1385, 650, 635
1386, 695, 650
1387, 709, 695
1388, 635, 1101
1389, 728, 709
1390, 709, 1102
1391, 777, 728
1392, 728, 740
1393, 808, 777
1394, 816, 808
1395, 777, 770
1396, 842, 816
1397, 816, 1103
1398, 870, 842
1399, 1096, 870
1400, 842, 851
1401, 1097, 1096
1402, 1096, 909
1403, 1098, 1097
1404, 1097, 957
1405, 1179, 1098
1406, 1098, 973
1407, 48, 1180
1408, 54, 48
1409, 79, 54
1410, 103, 79
1411, 48, 49
1412, 130, 103
1413, 143, 130
1414, 164, 143
1415, 182, 164
1416, 143, 139
1417, 214, 182
1418, 182, 179
1419, 229, 214
1420, 243, 229
1421, 214, 225
1422, 299, 283
1423, 256, 243
1424, 283, 256
1425, 307, 299
1426, 243, 258
1427, 353, 307
1428, 359, 353
1429, 307, 275
1430, 369, 359
1431, 386, 369
1432, 359, 360
1433, 407, 386
1434, 414, 407
1435, 386, 391
1436, 471, 414
1437, 414, 410
1438, 501, 471
1439, 519, 501
1440, 471, 479
1441, 1099, 519
1442, 519, 505
1443, 1100, 1099
1444, 1099, 551
1445, 614, 1100
1446, 1100, 577
1447, 633, 614
1448, 1101, 633
1449, 614, 611
1450, 1102, 1101
1451, 1101, 641
1452, 713, 1102
1453, 1102, 708
1454, 740, 713
1455, 770, 740
1456, 782, 770
1457, 713, 735
1458, 1103, 782
1459, 782, 774
1460, 843, 1103
1461, 1103, 814
1462, 851, 843
1463, 895, 851
1464, 843, 849
1465, 909, 895
1466, 957, 909
1467, 895, 1104
1468, 967, 957
1469, 957, 927
1470, 973, 967
1471, 1032, 973
1472, 967, 976
1473, 1181, 1032
1474, 13, 1182
1475, 49, 13
1476, 53, 49
1477, 13, 23
1478, 82, 53
1479, 53, 46
1480, 103, 82
1481, 139, 103
1482, 145, 139
1483, 82, 105
1484, 156, 145
1485, 145, 131
1486, 179, 156
1487, 225, 179
1488, 236, 225
1489, 156, 172
1490, 258, 236
1491, 275, 258
1492, 236, 233
1493, 285, 275
1494, 275, 268
1495, 360, 346
1496, 376, 360
1497, 391, 376
1498, 402, 391
1499, 376, 1105
1500, 410, 402
1501, 462, 410
1502, 402, 415
1503, 479, 462
1504, 505, 479
1505, 518, 505
1506, 462, 460
1507, 542, 518
1508, 518, 515
1509, 551, 542
1510, 577, 551
1511, 542, 554
1512, 611, 577
1513, 618, 611
1514, 577, 558
1515, 641, 618
1516, 654, 641
1517, 618, 622
1518, 708, 654
1519, 710, 708
1520, 654, 642
1521, 731, 710
1522, 710, 711
1523, 735, 731
1524, 774, 735
1525, 794, 774
1526, 731, 756
1527, 814, 794
1528, 794, 787
1529, 849, 814
1530, 869, 849
1531, 814, 835
1532, 1104, 869
1533, 869, 878
1534, 927, 1104
1535, 948, 927
1536, 1104, 905
1537, 976, 948
1538, 984, 976
1539, 948, 942
1540, 1014, 984
1541, 984, 991
1542, 1032, 1014
1543, 1183, 1032
1544, 1014, 1009
1545, 16, 1184
1546, 23, 16
1547, 28, 23
1548, 16, 1235
1549, 46, 28
1550, 80, 46
1551, 28, 30
1552, 105, 80
1553, 131, 105
1554, 80, 78
1555, 172, 131
1556, 190, 172
1557, 131, 148
1558, 203, 190
1559, 190, 160
1560, 233, 203
1561, 242, 233
1562, 203, 202
1563, 324, 285
1564, 268, 242
1565, 285, 268
1566, 242, 266
1567, 331, 324
1568, 324, 303
1569, 346, 331
1570, 1105, 346
1571, 331, 1106
1572, 400, 1105
1573, 1105, 1107
1574, 415, 400
1575, 460, 415
1576, 475, 460
1577, 400, 405
1578, 489, 475
1579, 475, 473
1580, 515, 489
1581, 544, 515
1582, 489, 493
1583, 554, 544
1584, 558, 554
1585, 568, 558
1586, 544, 532
1587, 622, 568
1588, 629, 622
1589, 568, 581
1590, 642, 629
1591, 663, 642
1592, 629, 626
1593, 696, 663
1594, 663, 665
1595, 711, 696
1596, 722, 711
1597, 696, 1108
1598, 756, 722
1599, 760, 756
1600, 722, 715
1601, 787, 760
1602, 817, 787
1603, 760, 776
1604, 835, 817
1605, 860, 835
1606, 817, 821
1607, 878, 860
1608, 905, 878
1609, 917, 905
1610, 860, 867
1611, 942, 917
1612, 950, 942
1613, 917, 882
1614, 991, 950
1615, 1002, 991
1616, 950, 955
1617, 1009, 1002
1618, 1028, 1009
1619, 1002, 1001
1620, 1185, 1028
1621, 1028, 1031
1622, 30, 1235
1623, 56, 30
1624, 1235, 10
1625, 78, 56
1626, 96, 78
1627, 56, 36
1628, 113, 96
1629, 96, 99
1630, 148, 113
1631, 160, 148
1632, 176, 160
1633, 113, 120
1634, 202, 176
1635, 232, 202
1636, 176, 170
1637, 241, 232
1638, 232, 227
1639, 266, 241
1640, 303, 266
1641, 322, 303
1642, 241, 259
1643, 1106, 322
1644, 322, 320
1645, 1107, 1106
1646, 1106, 349
1647, 405, 1107
1648, 422, 405
1649, 1107, 370
1650, 445, 422
1651, 422, 1109
1652, 473, 445
1653, 493, 473
1654, 520, 493
1655, 445, 1110
1656, 532, 520
1657, 553, 532
1658, 520, 1111
1659, 564, 553
1660, 553, 550
1661, 581, 564
1662, 612, 581
1663, 564, 569
1664, 626, 612
1665, 665, 626
1666, 671, 665
1667, 612, 615
1668, 1108, 671
1669, 671, 1112
1670, 715, 1108
1671, 742, 715
1672, 1108, 699
1673, 776, 742
1674, 798, 776
1675, 742, 745
1676, 810, 798
1677, 798, 801
1678, 821, 810
1679, 867, 821
1680, 810, 1113
1681, 882, 867
1682, 886, 882
1683, 867, 857
1684, 926, 886
1685, 886, 883
1686, 955, 926
1687, 989, 955
1688, 926, 925
1689, 1001, 989
1690, 1019, 1001
1691, 989, 1000
1692, 1031, 1019
1693, 1186, 1031
1694, 1019, 1022
1695, 10, 1187
1696, 21, 10
1697, 36, 21
1698, 62, 36
1699, 21, 22
1700, 85, 62
1701, 62, 58
1702, 99, 85
1703, 116, 99
1704, 85, 1114
1705, 120, 116
1706, 165, 120
1707, 116, 111
1708, 170, 165
1709, 212, 170
1710, 165, 167
1711, 227, 212
1712, 259, 227
1713, 212, 215
1714, 279, 259
1715, 259, 252
1716, 320, 279
1717, 349, 320
1718, 279, 280
1719, 370, 349
1720, 349, 351
1721, 1109, 370
1722, 370, 1236
1723, 1110, 1109
1724, 1109, 1188
1725, 1111, 1110
1726, 1110, 456
1727, 545, 1111
1728, 1111, 521
1729, 550, 545
1730, 562, 550
1731, 545, 527
1732, 569, 562
1733, 615, 569
1734, 619, 615
1735, 562, 579
1736, 1112, 619
1737, 619, 608
1738, 699, 1112
1739, 1112, 1189
1740, 712, 699
1741, 699, 1190
1742, 745, 712
1743, 789, 745
1744, 712, 1191
1745, 801, 789
1746, 1113, 801
1747, 789, 791
1748, 857, 1113
1749, 875, 857
1750, 1113, 1192
1751, 883, 875
1752, 891, 883
1753, 875, 1115
1754, 925, 891
1755, 1116, 925
1756, 891, 890
1757, 1000, 1116
1758, 1022, 1000
1759, 1037, 1022
1760, 1000, 997
1761, 1193, 1037
1762, 1037, 1018
1763, 22, 1194
1764, 1195, 22
1765, 58, 1196
1766, 1114, 58
1767, 111, 1114
1768, 1197, 111
1769, 1114, 1198
1770, 157, 1199
1771, 167, 157
1772, 215, 167
1773, 235, 215
1774, 157, 1200
1775, 240, 235
1776, 235, 1201
1777, 252, 240
1778, 280, 252
1779, 1202, 280
1780, 240, 1203
1781, 351, 1204
1782, 358, 351
1783, 1236, 358
1784, 358, 1205
1785, 456, 1206
1786, 463, 456
1787, 1207, 463
1788, 463, 1208
1789, 521, 1209
1790, 527, 521
1791, 1210, 527
1792, 567, 1211
1793, 579, 567
1794, 608, 579
1795, 1237, 608
1796, 567, 1212
1797, 1213, 1237
1798, 791, 1214
1799, 1215, 791
1800, 1115, 1216
1801, 890, 1115
1802, 1115, 1217
1803, 929, 890
1804, 890, 1218
1805, 1116, 929
1806, 997, 1116
1807, 929, 1219
1808, 1018, 997
1809, 1220, 1018
1810, 997, 1221
