1, 992, 880
2, 60, 881
3, 992, 23
4, 882, 64
5, 163, 883
6, 884, 140
7, 730, 885
8, 886, 229
9, 993, 730
10, 993, 312
11, 887, 349
12, 888, 994
13, 994, 421
14, 995, 889
15, 890, 455
16, 990, 891
17, 892, 990
18, 630, 893
19, 894, 643
20, 707, 895
21, 896, 670
22, 897, 714
23, 23, 732
24, 729, 23
25, 64, 60
26, 60, 729
27, 81, 64
28, 898, 81
29, 107, 899
30, 140, 733
31, 151, 140
32, 900, 163
33, 163, 151
34, 187, 901
35, 151, 158
36, 902, 192
37, 734, 903
38, 229, 734
39, 244, 229
40, 730, 255
41, 286, 730
42, 312, 292
43, 329, 312
44, 349, 339
45, 360, 349
46, 904, 360
47, 401, 905
48, 360, 735
49, 421, 401
50, 736, 421
51, 401, 398
52, 455, 736
53, 731, 455
54, 995, 731
55, 502, 995
56, 990, 502
57, 539, 990
58, 502, 503
59, 906, 539
60, 738, 907
61, 539, 737
62, 908, 738
63, 623, 909
64, 991, 630
65, 643, 991
66, 630, 623
67, 645, 643
68, 623, 739
69, 670, 645
70, 679, 670
71, 645, 644
72, 714, 707
73, 707, 679
74, 740, 714
75, 679, 678
76, 910, 740
77, 732, 911
78, 42, 732
79, 732, 2
80, 729, 42
81, 81, 729
82, 42, 741
83, 733, 107
84, 107, 81
85, 81, 82
86, 146, 733
87, 733, 123
88, 192, 187
89, 158, 146
90, 187, 158
91, 146, 153
92, 215, 192
93, 192, 182
94, 255, 244
95, 734, 215
96, 244, 734
97, 262, 255
98, 215, 742
99, 292, 286
100, 286, 262
101, 262, 243
102, 324, 292
103, 292, 743
104, 339, 329
105, 329, 324
106, 735, 339
107, 324, 328
108, 398, 735
109, 735, 366
110, 736, 398
111, 448, 736
112, 398, 399
113, 731, 448
114, 478, 731
115, 448, 445
116, 503, 478
117, 505, 503
118, 478, 481
119, 737, 505
120, 505, 744
121, 738, 737
122, 737, 745
123, 739, 738
124, 738, 592
125, 644, 739
126, 648, 644
127, 739, 613
128, 678, 648
129, 648, 746
130, 740, 678
131, 678, 694
132, 912, 740
133, 740, 725
134, 2, 913
135, 741, 2
136, 914, 753
137, 70, 741
138, 741, 754
139, 82, 70
140, 115, 82
141, 70, 78
142, 123, 115
143, 145, 123
144, 115, 118
145, 153, 145
146, 175, 153
147, 145, 748
148, 182, 175
149, 742, 182
150, 175, 177
151, 243, 742
152, 252, 243
153, 742, 755
154, 743, 252
155, 252, 258
156, 325, 743
157, 743, 294
158, 328, 325
159, 366, 328
160, 374, 366
161, 325, 331
162, 399, 374
163, 374, 358
164, 445, 399
165, 399, 412
166, 468, 445
167, 445, 437
168, 481, 468
169, 744, 481
170, 468, 465
171, 745, 744
172, 744, 749
173, 570, 745
174, 745, 533
175, 592, 570
176, 613, 592
177, 625, 613
178, 570, 575
179, 746, 625
180, 625, 612
181, 685, 746
182, 746, 751
183, 694, 685
184, 725, 694
185, 915, 725
186, 685, 692
187, 916, 752
188, 753, 917
189, 754, 9
190, 747, 754
191, 78, 747
192, 118, 78
193, 127, 118
194, 748, 127
195, 127, 124
196, 177, 748
197, 185, 177
198, 755, 185
199, 185, 186
200, 241, 755
201, 294, 266
202, 302, 294
203, 331, 302
204, 341, 331
205, 358, 341
206, 756, 358
207, 341, 340
208, 393, 756
209, 412, 406
210, 433, 412
211, 437, 433
212, 465, 437
213, 757, 465
214, 433, 435
215, 749, 757
216, 533, 749
217, 541, 533
218, 750, 541
219, 541, 537
220, 575, 750
221, 605, 575
222, 751, 622
223, 688, 751
224, 692, 688
225, 752, 692
226, 688, 687
227, 918, 752
228, 9, 753
229, 753, 919
230, 15, 9
231, 754, 36
232, 61, 754
233, 747, 61
234, 761, 747
235, 61, 760
236, 124, 761
237, 136, 124
238, 748, 136
239, 170, 748
240, 136, 138
241, 186, 170
242, 762, 186
243, 755, 209
244, 230, 755
245, 258, 241
246, 266, 258
247, 241, 238
248, 271, 266
249, 302, 271
250, 313, 302
251, 271, 267
252, 340, 321
253, 763, 340
254, 756, 354
255, 379, 756
256, 406, 393
257, 393, 392
258, 413, 406
259, 435, 425
260, 451, 435
261, 757, 451
262, 758, 757
263, 451, 452
264, 749, 758
265, 512, 749
266, 537, 512
267, 550, 537
268, 512, 515
269, 750, 562
270, 759, 750
271, 612, 605
272, 622, 612
273, 605, 759
274, 764, 622
275, 751, 764
276, 668, 751
277, 687, 668
278, 765, 687
279, 668, 669
280, 752, 765
281, 920, 752
282, 26, 15
283, 15, 921
284, 36, 26
285, 760, 36
286, 26, 33
287, 761, 760
288, 760, 56
289, 132, 761
290, 761, 96
291, 138, 132
292, 170, 138
293, 132, 139
294, 762, 170
295, 170, 165
296, 209, 762
297, 230, 209
298, 762, 208
299, 238, 230
300, 267, 238
301, 273, 267
302, 230, 225
303, 313, 273
304, 273, 276
305, 321, 313
306, 763, 321
307, 313, 314
308, 354, 763
309, 386, 379
310, 379, 354
311, 763, 346
312, 392, 386
313, 425, 413
314, 413, 392
315, 428, 425
316, 386, 389
317, 452, 428
318, 454, 452
319, 428, 419
320, 758, 454
321, 491, 758
322, 454, 766
323, 515, 491
324, 521, 515
325, 491, 493
326, 562, 550
327, 550, 521
328, 565, 562
329, 521, 516
330, 594, 565
331, 565, 564
332, 759, 594
333, 764, 759
334, 594, 604
335, 669, 764
336, 674, 669
337, 764, 631
338, 765, 674
339, 674, 767
340, 922, 765
341, 765, 715
342, 28, 923
343, 33, 28
344, 56, 33
345, 28, 34
346, 96, 56
347, 106, 96
348, 56, 768
349, 129, 106
350, 106, 101
351, 139, 129
352, 165, 139
353, 171, 165
354, 129, 141
355, 200, 171
356, 171, 168
357, 208, 200
358, 225, 208
359, 231, 225
360, 200, 207
361, 276, 231
362, 231, 228
363, 314, 276
364, 276, 269
365, 346, 314
366, 356, 346
367, 314, 769
368, 380, 356
369, 356, 773
370, 389, 380
371, 415, 389
372, 380, 774
373, 419, 415
374, 766, 419
375, 415, 414
376, 486, 766
377, 766, 771
378, 493, 486
379, 509, 493
380, 486, 770
381, 516, 509
382, 559, 516
383, 509, 775
384, 564, 559
385, 596, 564
386, 559, 555
387, 604, 596
388, 631, 604
389, 639, 631
390, 596, 603
391, 767, 639
392, 639, 633
393, 715, 767
394, 767, 675
395, 924, 715
396, 715, 712
397, 19, 925
398, 34, 19
399, 768, 34
400, 19, 21
401, 94, 768
402, 768, 57
403, 101, 94
404, 130, 101
405, 94, 95
406, 141, 135
407, 168, 141
408, 174, 168
409, 201, 174
410, 174, 173
411, 772, 207
412, 228, 772
413, 269, 228
414, 274, 269
415, 769, 279
416, 773, 769
417, 769, 317
418, 774, 773
419, 414, 774
420, 427, 414
421, 771, 427
422, 427, 426
423, 770, 771
424, 508, 770
425, 770, 489
426, 555, 775
427, 557, 555
428, 600, 569
429, 603, 600
430, 633, 603
431, 642, 633
432, 600, 602
433, 660, 642
434, 675, 672
435, 777, 675
436, 712, 777
437, 926, 712
438, 21, 7
439, 48, 21
440, 57, 48
441, 65, 57
442, 48, 50
443, 95, 86
444, 116, 95
445, 135, 130
446, 130, 116
447, 142, 135
448, 116, 778
449, 173, 147
450, 779, 173
451, 207, 201
452, 201, 779
453, 214, 207
454, 772, 780
455, 242, 772
456, 279, 274
457, 274, 260
458, 299, 279
459, 317, 299
460, 781, 317
461, 299, 295
462, 773, 781
463, 361, 773
464, 774, 370
465, 397, 774
466, 426, 397
467, 446, 426
468, 397, 395
469, 771, 446
470, 475, 771
471, 489, 475
472, 495, 489
473, 475, 477
474, 775, 508
475, 508, 495
476, 532, 775
477, 495, 782
478, 569, 557
479, 557, 532
480, 580, 569
481, 602, 580
482, 776, 602
483, 580, 571
484, 642, 776
485, 784, 642
486, 672, 660
487, 660, 655
488, 783, 672
489, 777, 783
490, 720, 777
491, 927, 720
492, 720, 718
493, 7, 996
494, 11, 7
495, 41, 11
496, 11, 785
497, 71, 65
498, 50, 41
499, 65, 50
500, 41, 51
501, 86, 71
502, 778, 86
503, 71, 66
504, 147, 142
505, 142, 778
506, 154, 147
507, 778, 786
508, 779, 154
509, 154, 150
510, 780, 214
511, 214, 779
512, 779, 191
513, 260, 242
514, 242, 780
515, 780, 787
516, 289, 260
517, 260, 261
518, 295, 289
519, 781, 295
520, 336, 781
521, 289, 291
522, 370, 361
523, 361, 336
524, 336, 327
525, 395, 370
526, 400, 395
527, 370, 375
528, 443, 400
529, 400, 404
530, 446, 443
531, 469, 446
532, 443, 440
533, 477, 469
534, 782, 477
535, 469, 788
536, 532, 782
537, 782, 789
538, 571, 532
539, 585, 571
540, 532, 530
541, 610, 585
542, 585, 581
543, 776, 610
544, 784, 776
545, 610, 611
546, 655, 784
547, 783, 655
548, 695, 783
549, 784, 790
550, 718, 695
551, 728, 718
552, 695, 696
553, 928, 728
554, 728, 719
555, 785, 929
556, 43, 785
557, 785, 13
558, 51, 43
559, 66, 51
560, 80, 66
561, 43, 798
562, 786, 80
563, 80, 83
564, 150, 786
565, 162, 150
566, 786, 111
567, 188, 162
568, 162, 791
569, 191, 188
570, 787, 191
571, 188, 196
572, 240, 787
573, 787, 801
574, 261, 240
575, 291, 261
576, 304, 291
577, 240, 248
578, 327, 304
579, 335, 327
580, 304, 792
581, 359, 335
582, 335, 338
583, 375, 359
584, 396, 375
585, 359, 364
586, 404, 396
587, 434, 404
588, 396, 795
589, 440, 434
590, 788, 440
591, 434, 794
592, 789, 788
593, 788, 796
594, 530, 789
595, 543, 530
596, 789, 797
597, 581, 543
598, 591, 581
599, 543, 548
600, 611, 591
601, 621, 611
602, 591, 587
603, 790, 621
604, 621, 607
605, 682, 790
606, 790, 646
607, 696, 682
608, 719, 696
609, 682, 803
610, 930, 719
611, 719, 717
612, 798, 18
613, 72, 798
614, 111, 90
615, 800, 111
616, 143, 800
617, 179, 791
618, 196, 190
619, 801, 196
620, 248, 801
621, 792, 248
622, 248, 249
623, 793, 792
624, 792, 297
625, 338, 793
626, 364, 338
627, 376, 364
628, 795, 377
629, 794, 795
630, 796, 450
631, 498, 796
632, 796, 467
633, 548, 797
634, 576, 548
635, 548, 546
636, 587, 576
637, 607, 587
638, 619, 607
639, 576, 578
640, 646, 619
641, 619, 618
642, 681, 658
643, 717, 803
644, 724, 717
645, 931, 724
646, 724, 726
647, 13, 932
648, 18, 13
649, 30, 18
650, 798, 30
651, 799, 798
652, 30, 24
653, 83, 72
654, 90, 83
655, 72, 799
656, 97, 90
657, 800, 97
658, 131, 800
659, 791, 143
660, 143, 137
661, 167, 791
662, 190, 179
663, 179, 172
664, 802, 190
665, 801, 802
666, 221, 801
667, 249, 239
668, 264, 249
669, 297, 284
670, 804, 297
671, 793, 804
672, 353, 793
673, 377, 376
674, 376, 353
675, 378, 377
676, 353, 805
677, 795, 390
678, 418, 795
679, 450, 794
680, 794, 418
681, 806, 450
682, 418, 424
683, 467, 459
684, 483, 467
685, 797, 498
686, 498, 488
687, 507, 797
688, 546, 513
689, 552, 546
690, 578, 563
691, 598, 578
692, 618, 598
693, 627, 618
694, 598, 599
695, 658, 646
696, 646, 640
697, 667, 658
698, 803, 681
699, 681, 667
700, 703, 803
701, 667, 666
702, 726, 710
703, 933, 726
704, 20, 934
705, 24, 20
706, 54, 24
707, 20, 16
708, 799, 54
709, 97, 799
710, 103, 97
711, 54, 807
712, 137, 131
713, 131, 103
714, 103, 102
715, 167, 137
716, 137, 134
717, 172, 167
718, 802, 172
719, 202, 802
720, 167, 169
721, 236, 221
722, 221, 202
723, 202, 199
724, 239, 236
725, 278, 264
726, 264, 239
727, 236, 808
728, 284, 278
729, 315, 284
730, 278, 281
731, 804, 315
732, 805, 804
733, 315, 323
734, 387, 378
735, 378, 805
736, 805, 345
737, 390, 387
738, 417, 390
739, 387, 384
740, 424, 417
741, 806, 424
742, 417, 416
743, 459, 806
744, 483, 459
745, 806, 453
746, 488, 483
747, 513, 507
748, 507, 488
749, 524, 513
750, 483, 487
751, 549, 524
752, 524, 511
753, 563, 552
754, 552, 549
755, 599, 563
756, 549, 554
757, 640, 627
758, 627, 599
759, 599, 809
760, 666, 640
761, 640, 628
762, 710, 703
763, 703, 666
764, 666, 673
765, 935, 710
766, 710, 810
767, 16, 936
768, 29, 16
769, 807, 29
770, 29, 27
771, 93, 807
772, 807, 63
773, 102, 93
774, 134, 102
775, 93, 98
776, 169, 134
777, 134, 816
778, 199, 169
779, 204, 199
780, 169, 811
781, 808, 204
782, 204, 205
783, 272, 808
784, 808, 233
785, 281, 272
786, 320, 281
787, 272, 277
788, 323, 320
789, 345, 323
790, 320, 311
791, 384, 345
792, 391, 384
793, 345, 352
794, 416, 391
795, 429, 416
796, 391, 818
797, 453, 429
798, 429, 422
799, 487, 453
800, 453, 456
801, 511, 487
802, 523, 511
803, 487, 813
804, 554, 523
805, 556, 554
806, 523, 506
807, 809, 556
808, 556, 567
809, 628, 809
810, 632, 628
811, 809, 814
812, 661, 632
813, 632, 634
814, 673, 661
815, 810, 673
816, 661, 662
817, 937, 810
818, 810, 705
819, 14, 938
820, 27, 22
821, 58, 27
822, 98, 63
823, 816, 98
824, 98, 99
825, 811, 816
826, 198, 811
827, 223, 210
828, 233, 223
829, 277, 233
830, 812, 277
831, 223, 224
832, 311, 812
833, 318, 311
834, 352, 347
835, 383, 352
836, 422, 818
837, 449, 422
838, 813, 462
839, 506, 813
840, 510, 506
841, 813, 490
842, 551, 525
843, 567, 558
844, 814, 567
845, 626, 814
846, 814, 595
847, 634, 626
848, 662, 634
849, 664, 662
850, 626, 629
851, 705, 664
852, 815, 705
853, 939, 815
854, 22, 14
855, 14, 5
856, 35, 22
857, 63, 58
858, 58, 49
859, 67, 63
860, 99, 85
861, 125, 99
862, 816, 125
863, 817, 816
864, 125, 126
865, 811, 817
866, 194, 811
867, 205, 198
868, 210, 205
869, 198, 194
870, 212, 210
871, 224, 216
872, 245, 224
873, 812, 245
874, 293, 812
875, 245, 246
876, 332, 318
877, 318, 303
878, 347, 332
879, 369, 347
880, 332, 820
881, 818, 383
882, 383, 369
883, 407, 818
884, 369, 368
885, 422, 407
886, 432, 422
887, 407, 408
888, 456, 449
889, 462, 456
890, 449, 441
891, 819, 462
892, 490, 819
893, 821, 490
894, 525, 510
895, 510, 504
896, 822, 525
897, 558, 551
898, 551, 545
899, 584, 558
900, 595, 584
901, 615, 595
902, 584, 579
903, 629, 615
904, 649, 629
905, 615, 616
906, 664, 649
907, 684, 664
908, 649, 651
909, 815, 699
910, 823, 815
911, 1, 940
912, 5, 1
913, 39, 35
914, 35, 5
915, 1, 997
916, 49, 39
917, 85, 67
918, 67, 49
919, 89, 85
920, 39, 824
921, 112, 89
922, 89, 87
923, 126, 112
924, 144, 126
925, 112, 113
926, 817, 144
927, 180, 817
928, 144, 161
929, 216, 212
930, 194, 180
931, 212, 194
932, 220, 216
933, 180, 181
934, 246, 220
935, 259, 246
936, 220, 217
937, 287, 259
938, 259, 825
939, 303, 293
940, 293, 287
941, 820, 303
942, 287, 290
943, 368, 820
944, 820, 826
945, 408, 368
946, 368, 372
947, 441, 432
948, 432, 408
949, 447, 441
950, 408, 827
951, 466, 447
952, 447, 442
953, 819, 466
954, 821, 819
955, 466, 471
956, 504, 821
957, 822, 504
958, 821, 828
959, 545, 822
960, 579, 545
961, 586, 579
962, 822, 547
963, 606, 586
964, 586, 583
965, 616, 606
966, 651, 616
967, 654, 651
968, 606, 608
969, 684, 654
970, 654, 653
971, 699, 684
972, 823, 699
973, 684, 691
974, 941, 823
975, 823, 716
976, 8, 997
977, 824, 8
978, 8, 829
979, 69, 824
980, 824, 37
981, 87, 69
982, 113, 87
983, 122, 113
984, 69, 75
985, 157, 122
986, 122, 121
987, 161, 157
988, 181, 161
989, 195, 181
990, 157, 160
991, 217, 195
992, 218, 217
993, 195, 193
994, 825, 218
995, 218, 830
996, 290, 825
997, 825, 834
998, 826, 290
999, 290, 298
1000, 357, 826
1001, 826, 334
1002, 372, 357
1003, 827, 372
1004, 357, 355
1005, 442, 827
1006, 827, 394
1007, 463, 442
1008, 442, 444
1009, 471, 463
1010, 828, 471
1011, 463, 464
1012, 535, 828
1013, 828, 500
1014, 547, 535
1015, 572, 547
1016, 535, 538
1017, 583, 572
1018, 608, 583
1019, 572, 836
1020, 653, 608
1021, 608, 614
1022, 691, 653
1023, 697, 691
1024, 653, 831
1025, 716, 697
1026, 697, 676
1027, 942, 716
1028, 716, 998
1029, 829, 943
1030, 37, 10
1031, 832, 37
1032, 75, 832
1033, 84, 75
1034, 110, 91
1035, 156, 121
1036, 160, 156
1037, 833, 160
1038, 156, 155
1039, 193, 833
1040, 830, 193
1041, 834, 219
1042, 288, 263
1043, 326, 306
1044, 334, 326
1045, 355, 334
1046, 835, 355
1047, 394, 835
1048, 403, 394
1049, 436, 403
1050, 403, 405
1051, 444, 438
1052, 464, 444
1053, 470, 464
1054, 500, 480
1055, 531, 500
1056, 500, 499
1057, 538, 531
1058, 836, 538
1059, 531, 529
1060, 609, 836
1061, 831, 624
1062, 676, 831
1063, 693, 676
1064, 723, 698
1065, 998, 723
1066, 723, 999
1067, 10, 829
1068, 829, 944
1069, 31, 10
1070, 832, 31
1071, 838, 832
1072, 31, 32
1073, 91, 84
1074, 84, 838
1075, 839, 91
1076, 121, 110
1077, 110, 105
1078, 128, 121
1079, 155, 840
1080, 841, 155
1081, 833, 841
1082, 842, 833
1083, 219, 830
1084, 830, 842
1085, 232, 219
1086, 263, 834
1087, 834, 232
1088, 280, 263
1089, 298, 288
1090, 306, 298
1091, 288, 280
1092, 309, 306
1093, 280, 282
1094, 326, 322
1095, 343, 326
1096, 835, 351
1097, 381, 835
1098, 438, 436
1099, 436, 430
1100, 460, 438
1101, 480, 470
1102, 470, 460
1103, 482, 480
1104, 460, 843
1105, 499, 485
1106, 519, 499
1107, 836, 844
1108, 837, 836
1109, 614, 609
1110, 624, 614
1111, 609, 837
1112, 638, 624
1113, 831, 638
1114, 845, 831
1115, 638, 637
1116, 698, 693
1117, 693, 845
1118, 701, 698
1119, 999, 706
1120, 25, 945
1121, 32, 25
1122, 52, 32
1123, 25, 846
1124, 838, 52
1125, 839, 838
1126, 52, 53
1127, 105, 839
1128, 840, 128
1129, 128, 105
1130, 839, 100
1131, 841, 840
1132, 840, 133
1133, 842, 841
1134, 841, 847
1135, 232, 842
1136, 237, 232
1137, 842, 206
1138, 275, 237
1139, 237, 234
1140, 316, 309
1141, 282, 275
1142, 309, 282
1143, 275, 270
1144, 322, 316
1145, 342, 322
1146, 316, 319
1147, 351, 343
1148, 343, 342
1149, 381, 351
1150, 342, 848
1151, 405, 381
1152, 430, 405
1153, 431, 430
1154, 381, 382
1155, 843, 431
1156, 431, 849
1157, 485, 482
1158, 482, 843
1159, 492, 485
1160, 843, 461
1161, 517, 492
1162, 492, 494
1163, 529, 519
1164, 844, 529
1165, 519, 517
1166, 517, 522
1167, 597, 844
1168, 844, 560
1169, 837, 597
1170, 637, 837
1171, 641, 637
1172, 597, 601
1173, 845, 641
1174, 641, 636
1175, 706, 701
1176, 701, 845
1177, 709, 706
1178, 845, 665
1179, 946, 709
1180, 709, 711
1181, 846, 947
1182, 53, 846
1183, 59, 53
1184, 846, 856
1185, 100, 59
1186, 59, 55
1187, 133, 100
1188, 100, 104
1189, 847, 133
1190, 133, 851
1191, 197, 847
1192, 847, 164
1193, 206, 197
1194, 226, 206
1195, 197, 203
1196, 234, 226
1197, 270, 234
1198, 226, 227
1199, 310, 270
1200, 270, 265
1201, 319, 310
1202, 848, 319
1203, 310, 852
1204, 382, 848
1205, 388, 382
1206, 848, 344
1207, 849, 388
1208, 388, 853
1209, 458, 849
1210, 849, 423
1211, 461, 458
1212, 484, 461
1213, 458, 854
1214, 494, 484
1215, 518, 494
1216, 484, 857
1217, 522, 518
1218, 560, 522
1219, 568, 560
1220, 518, 514
1221, 593, 568
1222, 568, 561
1223, 601, 593
1224, 636, 601
1225, 593, 858
1226, 659, 636
1227, 636, 635
1228, 665, 659
1229, 704, 665
1230, 659, 671
1231, 711, 704
1232, 948, 711
1233, 704, 702
1234, 17, 949
1235, 55, 856
1236, 850, 62
1237, 104, 850
1238, 851, 104
1239, 164, 851
1240, 166, 164
1241, 222, 211
1242, 265, 235
1243, 268, 265
1244, 852, 283
1245, 344, 852
1246, 350, 344
1247, 853, 350
1248, 350, 348
1249, 423, 853
1250, 853, 385
1251, 854, 423
1252, 423, 420
1253, 857, 854
1254, 854, 457
1255, 514, 857
1256, 520, 514
1257, 553, 526
1258, 858, 566
1259, 855, 858
1260, 635, 855
1261, 663, 635
1262, 671, 663
1263, 702, 671
1264, 708, 702
1265, 950, 713
1266, 856, 17
1267, 17, 4
1268, 45, 856
1269, 62, 55
1270, 55, 45
1271, 88, 62
1272, 45, 44
1273, 850, 92
1274, 114, 850
1275, 851, 114
1276, 148, 851
1277, 184, 166
1278, 166, 148
1279, 148, 860
1280, 203, 184
1281, 211, 203
1282, 213, 211
1283, 184, 183
1284, 227, 222
1285, 235, 227
1286, 222, 861
1287, 254, 235
1288, 283, 268
1289, 268, 254
1290, 285, 283
1291, 254, 256
1292, 852, 307
1293, 862, 852
1294, 348, 862
1295, 363, 348
1296, 385, 363
1297, 863, 385
1298, 363, 362
1299, 420, 863
1300, 864, 420
1301, 457, 864
1302, 472, 457
1303, 857, 472
1304, 501, 857
1305, 472, 473
1306, 526, 520
1307, 520, 501
1308, 540, 526
1309, 501, 865
1310, 561, 553
1311, 566, 561
1312, 553, 540
1313, 574, 566
1314, 540, 542
1315, 858, 574
1316, 859, 858
1317, 574, 573
1318, 855, 859
1319, 652, 855
1320, 663, 652
1321, 677, 663
1322, 713, 708
1323, 708, 700
1324, 727, 713
1325, 951, 727
1326, 727, 721
1327, 4, 952
1328, 12, 4
1329, 40, 12
1330, 12, 866
1331, 44, 40
1332, 74, 44
1333, 40, 47
1334, 92, 88
1335, 88, 74
1336, 114, 92
1337, 120, 114
1338, 74, 68
1339, 860, 120
1340, 120, 117
1341, 176, 860
1342, 860, 159
1343, 861, 213
1344, 183, 176
1345, 213, 183
1346, 176, 178
1347, 250, 861
1348, 861, 867
1349, 296, 285
1350, 256, 250
1351, 285, 256
1352, 250, 247
1353, 307, 296
1354, 862, 307
1355, 296, 308
1356, 362, 862
1357, 373, 362
1358, 862, 330
1359, 863, 373
1360, 410, 863
1361, 373, 367
1362, 439, 410
1363, 410, 402
1364, 864, 439
1365, 473, 864
1366, 476, 473
1367, 439, 868
1368, 865, 476
1369, 476, 474
1370, 534, 865
1371, 865, 869
1372, 542, 534
1373, 573, 542
1374, 589, 573
1375, 534, 544
1376, 859, 589
1377, 620, 859
1378, 589, 582
1379, 647, 620
1380, 620, 617
1381, 686, 677
1382, 652, 647
1383, 677, 652
1384, 647, 656
1385, 700, 686
1386, 721, 700
1387, 686, 680
1388, 953, 721
1389, 721, 870
1390, 866, 954
1391, 47, 866
1392, 866, 6
1393, 68, 47
1394, 77, 68
1395, 47, 38
1396, 109, 77
1397, 77, 79
1398, 117, 109
1399, 149, 117
1400, 109, 108
1401, 159, 149
1402, 178, 159
1403, 189, 178
1404, 149, 152
1405, 867, 189
1406, 189, 872
1407, 247, 867
1408, 253, 247
1409, 867, 873
1410, 301, 253
1411, 253, 251
1412, 308, 301
1413, 330, 308
1414, 337, 330
1415, 301, 305
1416, 367, 337
1417, 337, 333
1418, 402, 367
1419, 409, 402
1420, 367, 365
1421, 868, 409
1422, 409, 875
1423, 474, 868
1424, 479, 474
1425, 868, 876
1426, 869, 479
1427, 479, 877
1428, 527, 869
1429, 869, 496
1430, 544, 527
1431, 582, 544
1432, 590, 582
1433, 527, 536
1434, 617, 590
1435, 590, 588
1436, 650, 617
1437, 617, 878
1438, 656, 650
1439, 680, 656
1440, 689, 680
1441, 650, 657
1442, 870, 689
1443, 689, 683
1444, 955, 870
1445, 870, 722
1446, 3, 956
1447, 38, 6
1448, 73, 46
1449, 79, 73
1450, 108, 79
1451, 119, 108
1452, 73, 76
1453, 871, 119
1454, 152, 871
1455, 872, 152
1456, 873, 872
1457, 251, 873
1458, 257, 251
1459, 300, 257
1460, 257, 957
1461, 305, 300
1462, 874, 305
1463, 300, 958
1464, 333, 874
1465, 365, 333
1466, 371, 365
1467, 875, 371
1468, 371, 1001
1469, 876, 875
1470, 875, 411
1471, 877, 876
1472, 496, 877
1473, 877, 1002
1474, 528, 496
1475, 496, 497
1476, 536, 528
1477, 577, 536
1478, 588, 577
1479, 878, 588
1480, 577, 1003
1481, 879, 878
1482, 657, 879
1483, 683, 657
1484, 690, 683
1485, 722, 690
1486, 690, 1004
1487, 6, 3
1488, 3, 959
1489, 960, 6
1490, 46, 38
1491, 38, 961
1492, 962, 46
1493, 76, 963
1494, 964, 76
1495, 119, 965
1496, 966, 119
1497, 871, 967
1498, 968, 871
1499, 872, 969
1500, 970, 872
1501, 873, 971
1502, 972, 873
1503, 874, 973
1504, 974, 874
1505, 411, 975
1506, 976, 411
1507, 876, 977
1508, 978, 876
1509, 497, 979
1510, 980, 497
1511, 528, 981
1512, 982, 528
1513, 983, 1003
1514, 878, 984
1515, 985, 878
1516, 879, 986
1517, 987, 879
1518, 1000, 722
1519, 722, 988
1520, 989, 1000
