1, 1369, 9
2, 8, 6
3, 1370, 3
4, 12, 1371
5, 1372, 15
6, 1278, 1373
7, 29, 1374
8, 1375, 2
9, 4, 1376
10, 20, 1377
11, 1378, 26
12, 20, 1379
13, 31, 1380
14, 1381, 11
15, 11, 13
16, 23, 11
17, 3, 4
18, 10, 3
19, 4, 16
20, 1382, 1
21, 16, 1383
22, 25, 16
23, 1495, 1384
24, 1385, 9
25, 38, 17
26, 26, 27
27, 41, 26
28, 1386, 18
29, 27, 1387
30, 44, 27
31, 18, 7
32, 48, 18
33, 7, 1388
34, 1284, 7
35, 1389, 30
36, 1284, 1390
37, 30, 29
38, 29, 31
39, 31, 46
40, 35, 30
41, 46, 42
42, 75, 46
43, 1494, 8
44, 8, 32
45, 42, 1494
46, 85, 42
47, 23, 40
48, 65, 43
49, 13, 1391
50, 1392, 5
51, 24, 13
52, 2, 1279
53, 5, 2
54, 40, 24
55, 54, 40
56, 24, 5
57, 1, 1493
58, 1493, 14
59, 21, 1
60, 15, 47
61, 14, 15
62, 51, 14
63, 1393, 19
64, 47, 1394
65, 33, 53
66, 59, 47
67, 1278, 1395
68, 37, 1278
69, 28, 1496
70, 1495, 22
71, 68, 28
72, 22, 45
73, 28, 22
74, 45, 1396
75, 56, 45
76, 9, 20
77, 20, 36
78, 17, 9
79, 82, 17
80, 60, 76
81, 6, 1397
82, 32, 6
83, 1398, 23
84, 43, 32
85, 23, 43
86, 57, 39
87, 70, 44
88, 44, 66
89, 76, 62
90, 81, 76
91, 49, 51
92, 51, 101
93, 86, 63
94, 53, 50
95, 61, 53
96, 52, 74
97, 83, 81
98, 81, 91
99, 101, 97
100, 19, 1278
101, 50, 33
102, 33, 19
103, 1278, 52
104, 52, 50
105, 1496, 68
106, 34, 1399
107, 1400, 38
108, 38, 1401
109, 121, 1282
110, 93, 85
111, 85, 1287
112, 67, 54
113, 54, 1279
114, 105, 56
115, 56, 1402
116, 100, 82
117, 82, 77
118, 66, 48
119, 48, 60
120, 60, 83
121, 73, 66
122, 83, 109
123, 58, 35
124, 35, 89
125, 80, 65
126, 65, 67
127, 67, 84
128, 55, 57
129, 57, 88
130, 69, 1279
131, 97, 95
132, 137, 97
133, 1280, 37
134, 37, 34
135, 34, 64
136, 114, 100
137, 100, 136
138, 71, 70
139, 70, 73
140, 73, 94
141, 1279, 12
142, 12, 10
143, 10, 55
144, 55, 1279
145, 95, 59
146, 59, 61
147, 61, 78
148, 132, 95
149, 36, 41
150, 41, 1281
151, 72, 36
152, 91, 113
153, 124, 91
154, 99, 75
155, 75, 93
156, 93, 118
157, 84, 107
158, 106, 84
159, 39, 25
160, 25, 21
161, 21, 49
162, 63, 39
163, 49, 63
164, 108, 1280
165, 68, 90
166, 64, 68
167, 79, 64
168, 135, 140
169, 1281, 71
170, 71, 98
171, 1284, 58
172, 102, 1282
173, 58, 87
174, 103, 1286
175, 104, 69
176, 69, 125
177, 111, 137
178, 137, 147
179, 92, 108
180, 108, 148
181, 90, 105
182, 105, 122
183, 110, 90
184, 77, 72
185, 119, 77
186, 98, 133
187, 72, 1281
188, 1281, 98
189, 131, 139
190, 89, 99
191, 96, 89
192, 99, 103
193, 103, 143
194, 127, 134
195, 88, 86
196, 86, 101
197, 101, 111
198, 112, 88
199, 111, 1288
200, 74, 92
201, 78, 74
202, 120, 78
203, 92, 126
204, 1280, 79
205, 149, 1280
206, 79, 110
207, 110, 115
208, 1403, 114
209, 114, 135
210, 135, 1291
211, 133, 123
212, 151, 133
213, 62, 1284
214, 1282, 62
215, 1284, 1282
216, 150, 160
217, 142, 132
218, 132, 120
219, 126, 141
220, 120, 126
221, 122, 1497
222, 165, 122
223, 179, 145
224, 169, 1285
225, 116, 102
226, 87, 96
227, 102, 87
228, 96, 130
229, 129, 121
230, 121, 116
231, 116, 130
232, 160, 155
233, 157, 177
234, 182, 160
235, 125, 128
236, 147, 142
237, 142, 156
238, 153, 175
239, 164, 1497
240, 1404, 1291
241, 136, 119
242, 140, 136
243, 172, 140
244, 119, 144
245, 144, 151
246, 151, 189
247, 170, 144
248, 109, 124
249, 94, 109
250, 123, 94
251, 124, 131
252, 131, 154
253, 145, 123
254, 166, 145
255, 154, 169
256, 180, 166
257, 166, 154
258, 113, 129
259, 139, 113
260, 1285, 139
261, 129, 146
262, 143, 162
263, 130, 143
264, 163, 130
265, 162, 174
266, 191, 162
267, 118, 1287
268, 117, 150
269, 1286, 118
270, 150, 167
271, 174, 1286
272, 167, 194
273, 1286, 167
274, 1287, 80
275, 80, 106
276, 155, 117
277, 106, 127
278, 127, 157
279, 157, 155
280, 117, 1287
281, 107, 104
282, 134, 107
283, 104, 125
284, 168, 134
285, 125, 1290
286, 177, 168
287, 187, 177
288, 168, 1290
289, 128, 112
290, 112, 1288
291, 161, 128
292, 1288, 152
293, 181, 161
294, 161, 1288
295, 152, 147
296, 147, 153
297, 153, 176
298, 207, 152
299, 141, 159
300, 156, 141
301, 175, 156
302, 197, 175
303, 1283, 185
304, 148, 149
305, 158, 148
306, 149, 1283
307, 115, 165
308, 138, 115
309, 165, 173
310, 196, 1283
311, 1283, 138
312, 138, 171
313, 184, 164
314, 164, 1405
315, 1289, 172
316, 172, 170
317, 170, 1289
318, 189, 179
319, 179, 193
320, 202, 189
321, 205, 1285
322, 146, 163
323, 1285, 146
324, 219, 192
325, 176, 199
326, 204, 1289
327, 1289, 218
328, 193, 190
329, 214, 193
330, 1290, 181
331, 192, 1290
332, 181, 220
333, 206, 192
334, 199, 197
335, 197, 216
336, 244, 199
337, 228, 214
338, 214, 227
339, 200, 182
340, 182, 198
341, 230, 236
342, 1406, 188
343, 1291, 204
344, 188, 1291
345, 204, 213
346, 1407, 188
347, 223, 202
348, 227, 241
349, 246, 227
350, 190, 180
351, 169, 210
352, 180, 169
353, 238, 190
354, 163, 178
355, 217, 163
356, 208, 231
357, 195, 225
358, 1301, 215
359, 194, 200
360, 203, 174
361, 174, 194
362, 270, 277
363, 226, 222
364, 250, 226
365, 229, 207
366, 207, 211
367, 211, 176
368, 176, 232
369, 235, 211
370, 216, 224
371, 253, 216
372, 274, 212
373, 186, 184
374, 184, 1498
375, 1498, 1499
376, 256, 209
377, 242, 1301
378, 259, 266
379, 1301, 243
380, 198, 187
381, 187, 226
382, 245, 230
383, 230, 198
384, 226, 237
385, 247, 1302
386, 159, 158
387, 224, 159
388, 158, 183
389, 1295, 224
390, 201, 1295
391, 1292, 196
392, 173, 186
393, 171, 173
394, 196, 171
395, 209, 1292
396, 186, 209
397, 213, 252
398, 248, 213
399, 202, 228
400, 228, 239
401, 1296, 202
402, 178, 191
403, 191, 195
404, 215, 208
405, 208, 178
406, 195, 215
407, 269, 245
408, 237, 270
409, 270, 276
410, 245, 237
411, 220, 229
412, 221, 220
413, 229, 247
414, 247, 268
415, 232, 244
416, 1294, 235
417, 235, 232
418, 255, 1297
419, 267, 273
420, 218, 223
421, 252, 218
422, 223, 258
423, 273, 252
424, 1299, 273
425, 239, 246
426, 246, 302
427, 1296, 239
428, 241, 238
429, 306, 241
430, 238, 240
431, 264, 295
432, 286, 240
433, 272, 289
434, 236, 271
435, 200, 236
436, 233, 200
437, 271, 269
438, 276, 297
439, 269, 276
440, 234, 206
441, 206, 221
442, 221, 251
443, 281, 1293
444, 268, 280
445, 1293, 268
446, 244, 257
447, 1294, 244
448, 260, 1295
449, 1295, 263
450, 185, 1292
451, 183, 185
452, 212, 255
453, 254, 201
454, 1292, 212
455, 201, 183
456, 255, 265
457, 261, 1499
458, 1408, 249
459, 258, 1296
460, 275, 258
461, 1296, 304
462, 210, 205
463, 205, 217
464, 231, 242
465, 240, 210
466, 217, 231
467, 242, 264
468, 264, 240
469, 266, 272
470, 1301, 266
471, 272, 282
472, 222, 219
473, 219, 234
474, 1293, 250
475, 250, 222
476, 251, 1293
477, 234, 251
478, 263, 254
479, 265, 294
480, 279, 263
481, 254, 265
482, 249, 248
483, 248, 267
484, 267, 1298
485, 1298, 249
486, 314, 1304
487, 304, 312
488, 299, 304
489, 291, 275
490, 275, 299
491, 299, 303
492, 1300, 286
493, 286, 1305
494, 225, 203
495, 262, 259
496, 243, 225
497, 203, 233
498, 259, 243
499, 233, 262
500, 289, 262
501, 305, 289
502, 262, 1309
503, 287, 300
504, 277, 281
505, 290, 277
506, 281, 285
507, 1302, 1294
508, 1294, 288
509, 257, 253
510, 253, 260
511, 298, 257
512, 260, 296
513, 309, 298
514, 296, 279
515, 279, 284
516, 308, 296
517, 1297, 274
518, 274, 278
519, 283, 311
520, 278, 256
521, 256, 261
522, 261, 292
523, 293, 283
524, 283, 278
525, 319, 336
526, 1298, 314
527, 1409, 1298
528, 314, 319
529, 319, 1410
530, 1304, 1299
531, 1299, 291
532, 303, 1307
533, 291, 303
534, 346, 1299
535, 302, 310
536, 312, 302
537, 1307, 312
538, 310, 306
539, 306, 1300
540, 348, 310
541, 1300, 1305
542, 331, 1300
543, 301, 1301
544, 282, 327
545, 1301, 282
546, 370, 358
547, 313, 316
548, 350, 343
549, 338, 362
550, 363, 324
551, 1309, 271
552, 271, 287
553, 287, 1310
554, 1310, 317
555, 307, 290
556, 290, 315
557, 285, 318
558, 315, 285
559, 325, 315
560, 280, 1302
561, 318, 280
562, 1302, 1311
563, 329, 318
564, 1311, 328
565, 288, 298
566, 328, 288
567, 298, 335
568, 340, 328
569, 321, 322
570, 294, 1303
571, 284, 294
572, 322, 284
573, 326, 322
574, 330, 1306
575, 333, 1303
576, 1303, 1297
577, 311, 330
578, 1297, 311
579, 330, 1303
580, 292, 1411
581, 1306, 293
582, 293, 292
583, 334, 1304
584, 1304, 352
585, 399, 346
586, 346, 353
587, 347, 331
588, 331, 1305
589, 320, 354
590, 295, 301
591, 1305, 295
592, 301, 320
593, 320, 1305
594, 327, 305
595, 305, 313
596, 343, 327
597, 313, 338
598, 338, 343
599, 407, 362
600, 1308, 389
601, 395, 1308
602, 377, 383
603, 387, 375
604, 361, 1306
605, 1306, 365
606, 376, 1412
607, 353, 1307
608, 410, 353
609, 390, 347
610, 347, 357
611, 297, 307
612, 300, 297
613, 323, 300
614, 307, 325
615, 325, 1308
616, 1308, 344
617, 375, 326
618, 326, 333
619, 333, 342
620, 378, 375
621, 379, 380
622, 336, 334
623, 404, 336
624, 352, 400
625, 334, 352
626, 1307, 348
627, 348, 366
628, 359, 1307
629, 366, 384
630, 394, 366
631, 358, 388
632, 354, 358
633, 360, 354
634, 392, 370
635, 370, 350
636, 350, 407
637, 407, 428
638, 316, 1309
639, 324, 316
640, 317, 324
641, 1309, 317
642, 1310, 323
643, 355, 1310
644, 344, 356
645, 323, 344
646, 381, 341
647, 409, 345
648, 405, 427
649, 335, 339
650, 345, 340
651, 340, 335
652, 420, 405
653, 405, 345
654, 337, 309
655, 309, 308
656, 308, 321
657, 321, 377
658, 377, 349
659, 1314, 378
660, 378, 364
661, 416, 361
662, 365, 379
663, 361, 365
664, 379, 430
665, 372, 1413
666, 414, 429
667, 373, 371
668, 424, 391
669, 332, 329
670, 329, 1311
671, 1311, 351
672, 435, 420
673, 369, 406
674, 420, 374
675, 342, 396
676, 364, 342
677, 403, 364
678, 451, 446
679, 412, 359
680, 359, 382
681, 357, 360
682, 360, 393
683, 422, 386
684, 430, 456
685, 443, 430
686, 1414, 404
687, 404, 419
688, 401, 357
689, 357, 397
690, 393, 436
691, 397, 393
692, 418, 397
693, 367, 398
694, 448, 424
695, 424, 385
696, 389, 381
697, 425, 389
698, 381, 368
699, 474, 1312
700, 402, 409
701, 427, 449
702, 409, 427
703, 449, 458
704, 444, 402
705, 383, 387
706, 406, 383
707, 387, 1314
708, 415, 406
709, 396, 416
710, 421, 403
711, 416, 443
712, 403, 396
713, 443, 454
714, 380, 376
715, 376, 372
716, 446, 380
717, 372, 1415
718, 1416, 446
719, 400, 399
720, 399, 408
721, 411, 400
722, 384, 390
723, 390, 401
724, 432, 384
725, 401, 413
726, 388, 392
727, 436, 388
728, 392, 414
729, 414, 445
730, 441, 436
731, 371, 355
732, 356, 367
733, 355, 356
734, 385, 371
735, 367, 385
736, 341, 332
737, 351, 402
738, 368, 341
739, 332, 351
740, 402, 368
741, 339, 337
742, 349, 369
743, 374, 339
744, 337, 349
745, 369, 374
746, 423, 411
747, 411, 450
748, 408, 410
749, 410, 412
750, 412, 433
751, 463, 408
752, 440, 432
753, 459, 465
754, 432, 439
755, 445, 469
756, 447, 441
757, 441, 445
758, 362, 363
759, 363, 373
760, 386, 362
761, 391, 417
762, 373, 391
763, 417, 386
764, 398, 395
765, 395, 426
766, 437, 398
767, 425, 471
768, 496, 1312
769, 455, 438
770, 456, 451
771, 472, 456
772, 452, 1417
773, 419, 423
774, 1418, 419
775, 450, 463
776, 423, 450
777, 463, 467
778, 467, 470
779, 498, 467
780, 382, 394
781, 394, 440
782, 465, 483
783, 434, 382
784, 440, 465
785, 433, 434
786, 461, 433
787, 434, 478
788, 482, 459
789, 413, 418
790, 418, 447
791, 439, 413
792, 459, 439
793, 447, 490
794, 490, 486
795, 508, 490
796, 428, 431
797, 429, 428
798, 466, 429
799, 462, 473
800, 431, 422
801, 417, 453
802, 422, 417
803, 481, 462
804, 462, 431
805, 453, 448
806, 476, 453
807, 448, 437
808, 437, 457
809, 489, 448
810, 426, 425
811, 457, 426
812, 425, 475
813, 488, 457
814, 458, 474
815, 471, 444
816, 474, 480
817, 444, 458
818, 475, 471
819, 479, 475
820, 449, 442
821, 1312, 449
822, 522, 1312
823, 442, 435
824, 435, 415
825, 415, 460
826, 484, 442
827, 460, 455
828, 455, 464
829, 491, 460
830, 1314, 421
831, 438, 1314
832, 421, 1313
833, 464, 438
834, 1313, 464
835, 454, 472
836, 485, 454
837, 472, 500
838, 451, 452
839, 487, 451
840, 452, 1419
841, 470, 468
842, 504, 470
843, 546, 510
844, 469, 466
845, 486, 469
846, 1319, 486
847, 466, 477
848, 1319, 512
849, 1317, 481
850, 481, 476
851, 476, 520
852, 525, 489
853, 489, 488
854, 488, 499
855, 528, 518
856, 480, 496
857, 496, 526
858, 479, 480
859, 534, 497
860, 515, 484
861, 484, 491
862, 491, 506
863, 500, 487
864, 519, 500
865, 487, 492
866, 509, 498
867, 498, 504
868, 504, 535
869, 542, 546
870, 512, 505
871, 550, 512
872, 499, 514
873, 516, 499
874, 503, 479
875, 518, 532
876, 497, 518
877, 479, 497
878, 1323, 515
879, 506, 529
880, 515, 506
881, 492, 1420
882, 1421, 492
883, 1422, 509
884, 509, 555
885, 468, 461
886, 461, 493
887, 1316, 468
888, 1316, 501
889, 507, 542
890, 542, 579
891, 1315, 508
892, 508, 1318
893, 541, 1315
894, 473, 495
895, 477, 473
896, 505, 477
897, 513, 505
898, 520, 525
899, 1317, 520
900, 525, 530
901, 543, 516
902, 516, 533
903, 521, 503
904, 532, 559
905, 503, 532
906, 1313, 485
907, 524, 1313
908, 485, 517
909, 483, 494
910, 478, 483
911, 493, 478
912, 501, 493
913, 527, 501
914, 502, 511
915, 546, 541
916, 573, 546
917, 541, 1318
918, 495, 1317
919, 531, 513
920, 513, 495
921, 1317, 523
922, 559, 567
923, 548, 559
924, 597, 594
925, 560, 579
926, 539, 1319
927, 1319, 540
928, 530, 545
929, 583, 530
930, 1320, 528
931, 528, 534
932, 534, 536
933, 529, 547
934, 1323, 529
935, 535, 1316
936, 555, 535
937, 563, 555
938, 580, 563
939, 563, 609
940, 551, 527
941, 511, 560
942, 527, 511
943, 560, 558
944, 494, 482
945, 482, 1315
946, 510, 507
947, 1315, 510
948, 507, 502
949, 502, 494
950, 568, 539
951, 539, 544
952, 562, 1321
953, 514, 521
954, 533, 514
955, 557, 533
956, 521, 548
957, 548, 581
958, 581, 572
959, 585, 581
960, 536, 537
961, 1320, 536
962, 526, 522
963, 522, 564
964, 537, 526
965, 576, 537
966, 547, 554
967, 554, 591
968, 565, 547
969, 517, 538
970, 571, 566
971, 524, 517
972, 1316, 551
973, 558, 587
974, 549, 1316
975, 551, 558
976, 570, 568
977, 568, 575
978, 552, 586
979, 604, 1321
980, 545, 543
981, 543, 557
982, 593, 545
983, 557, 584
984, 553, 519
985, 519, 1423
986, 1424, 556
987, 601, 549
988, 549, 598
989, 1318, 570
990, 578, 573
991, 573, 1318
992, 570, 606
993, 595, 578
994, 578, 610
995, 1321, 531
996, 523, 552
997, 531, 523
998, 552, 1321
999, 584, 585
1000, 585, 624
1001, 596, 584
1002, 569, 565
1003, 565, 589
1004, 554, 524
1005, 566, 554
1006, 524, 566
1007, 577, 574
1008, 574, 561
1009, 582, 574
1010, 1425, 580
1011, 580, 1322
1012, 609, 607
1013, 1322, 609
1014, 607, 601
1015, 601, 611
1016, 629, 607
1017, 579, 595
1018, 587, 579
1019, 598, 587
1020, 605, 598
1021, 595, 613
1022, 613, 627
1023, 658, 613
1024, 615, 1329
1025, 540, 550
1026, 550, 562
1027, 544, 540
1028, 575, 544
1029, 562, 612
1030, 1329, 575
1031, 586, 583
1032, 583, 593
1033, 1324, 586
1034, 593, 599
1035, 619, 639
1036, 599, 602
1037, 626, 619
1038, 619, 599
1039, 602, 596
1040, 596, 644
1041, 649, 602
1042, 624, 625
1043, 640, 624
1044, 567, 1320
1045, 572, 567
1046, 625, 572
1047, 1320, 576
1048, 576, 590
1049, 653, 625
1050, 608, 616
1051, 564, 1323
1052, 1323, 569
1053, 592, 564
1054, 569, 608
1055, 645, 633
1056, 608, 647
1057, 591, 597
1058, 597, 618
1059, 589, 591
1060, 616, 589
1061, 630, 616
1062, 594, 588
1063, 618, 594
1064, 636, 618
1065, 538, 577
1066, 588, 571
1067, 571, 538
1068, 577, 600
1069, 632, 588
1070, 600, 614
1071, 628, 600
1072, 561, 553
1073, 556, 1500
1074, 553, 556
1075, 603, 582
1076, 582, 561
1077, 1500, 617
1078, 617, 1426
1079, 620, 617
1080, 621, 634
1081, 611, 605
1082, 646, 611
1083, 605, 638
1084, 606, 615
1085, 610, 606
1086, 622, 610
1087, 615, 684
1088, 1324, 1325
1089, 590, 592
1090, 641, 590
1091, 633, 643
1092, 592, 633
1093, 603, 620
1094, 620, 652
1095, 665, 664
1096, 651, 642
1097, 697, 1328
1098, 674, 670
1099, 644, 640
1100, 656, 649
1101, 649, 644
1102, 640, 675
1103, 659, 1331
1104, 635, 628
1105, 628, 648
1106, 1427, 621
1107, 621, 631
1108, 631, 1428
1109, 1429, 631
1110, 655, 629
1111, 629, 646
1112, 678, 693
1113, 646, 654
1114, 692, 678
1115, 638, 658
1116, 658, 662
1117, 654, 638
1118, 678, 654
1119, 662, 661
1120, 1328, 700
1121, 676, 662
1122, 627, 622
1123, 642, 627
1124, 622, 673
1125, 679, 642
1126, 718, 677
1127, 639, 1326
1128, 1325, 639
1129, 688, 683
1130, 1326, 626
1131, 626, 660
1132, 671, 663
1133, 1331, 645
1134, 645, 647
1135, 647, 630
1136, 630, 637
1137, 680, 647
1138, 650, 632
1139, 632, 635
1140, 635, 666
1141, 648, 623
1142, 668, 689
1143, 1333, 648
1144, 652, 1430
1145, 1334, 665
1146, 665, 652
1147, 661, 651
1148, 651, 1328
1149, 1328, 661
1150, 612, 604
1151, 604, 1324
1152, 657, 1329
1153, 1329, 612
1154, 1324, 674
1155, 674, 1330
1156, 660, 656
1157, 656, 685
1158, 669, 660
1159, 666, 686
1160, 698, 666
1161, 722, 1431
1162, 693, 711
1163, 684, 708
1164, 673, 684
1165, 694, 679
1166, 679, 673
1167, 670, 1325
1168, 677, 670
1169, 683, 677
1170, 1325, 683
1171, 685, 675
1172, 695, 705
1173, 704, 685
1174, 614, 603
1175, 623, 614
1176, 664, 668
1177, 603, 664
1178, 668, 623
1179, 634, 1322
1180, 1322, 655
1181, 1501, 634
1182, 655, 687
1183, 703, 1501
1184, 725, 693
1185, 693, 736
1186, 723, 730
1187, 732, 721
1188, 711, 692
1189, 700, 723
1190, 692, 676
1191, 676, 700
1192, 721, 711
1193, 723, 721
1194, 699, 657
1195, 657, 1330
1196, 690, 669
1197, 669, 704
1198, 675, 653
1199, 653, 671
1200, 671, 695
1201, 695, 675
1202, 1331, 702
1203, 763, 706
1204, 637, 636
1205, 636, 650
1206, 701, 1327
1207, 1327, 637
1208, 650, 667
1209, 735, 701
1210, 667, 698
1211, 698, 1332
1212, 701, 667
1213, 689, 709
1214, 681, 689
1215, 687, 696
1216, 743, 762
1217, 703, 687
1218, 712, 699
1219, 699, 1330
1220, 704, 726
1221, 727, 704
1222, 663, 641
1223, 643, 659
1224, 641, 643
1225, 659, 682
1226, 691, 663
1227, 686, 1333
1228, 707, 686
1229, 696, 725
1230, 755, 743
1231, 725, 749
1232, 743, 696
1233, 744, 732
1234, 732, 783
1235, 715, 697
1236, 697, 694
1237, 694, 716
1238, 751, 756
1239, 708, 712
1240, 716, 708
1241, 771, 751
1242, 712, 724
1243, 751, 716
1244, 1330, 718
1245, 718, 739
1246, 719, 1330
1247, 740, 742
1248, 672, 1326
1249, 1326, 690
1250, 690, 717
1251, 682, 1331
1252, 729, 691
1253, 706, 750
1254, 1331, 706
1255, 691, 682
1256, 710, 747
1257, 746, 733
1258, 1327, 710
1259, 702, 680
1260, 680, 1327
1261, 733, 702
1262, 710, 733
1263, 1334, 722
1264, 722, 1432
1265, 784, 779
1266, 1433, 703
1267, 703, 764
1268, 779, 1434
1269, 781, 779
1270, 736, 744
1271, 749, 736
1272, 755, 749
1273, 744, 789
1274, 730, 715
1275, 778, 730
1276, 715, 760
1277, 756, 798
1278, 760, 756
1279, 795, 760
1280, 728, 719
1281, 719, 745
1282, 745, 754
1283, 759, 745
1284, 731, 688
1285, 688, 672
1286, 717, 727
1287, 727, 734
1288, 672, 717
1289, 739, 731
1290, 754, 739
1291, 786, 754
1292, 731, 773
1293, 742, 741
1294, 794, 742
1295, 705, 714
1296, 726, 705
1297, 741, 726
1298, 748, 782
1299, 788, 741
1300, 714, 737
1301, 766, 748
1302, 748, 714
1303, 1335, 766
1304, 747, 752
1305, 757, 746
1306, 746, 747
1307, 785, 780
1308, 775, 763
1309, 763, 757
1310, 780, 811
1311, 757, 780
1312, 752, 735
1313, 735, 1332
1314, 758, 752
1315, 1332, 707
1316, 707, 713
1317, 772, 1332
1318, 1333, 681
1319, 681, 720
1320, 713, 1333
1321, 738, 713
1322, 709, 1334
1323, 720, 709
1324, 1334, 761
1325, 776, 738
1326, 738, 720
1327, 833, 810
1328, 783, 797
1329, 790, 778
1330, 778, 795
1331, 724, 728
1332, 753, 724
1333, 728, 759
1334, 759, 765
1335, 798, 771
1336, 771, 753
1337, 765, 1338
1338, 753, 765
1339, 734, 740
1340, 740, 787
1341, 767, 734
1342, 782, 1335
1343, 1336, 782
1344, 737, 729
1345, 729, 750
1346, 766, 737
1347, 769, 766
1348, 1341, 785
1349, 785, 768
1350, 768, 758
1351, 758, 774
1352, 1341, 768
1353, 801, 772
1354, 772, 777
1355, 821, 805
1356, 761, 1435
1357, 792, 761
1358, 770, 755
1359, 755, 802
1360, 810, 800
1361, 812, 810
1362, 797, 790
1363, 832, 797
1364, 816, 799
1365, 1335, 815
1366, 1336, 1335
1367, 777, 776
1368, 776, 807
1369, 805, 777
1370, 813, 805
1371, 1436, 784
1372, 784, 819
1373, 829, 1437
1374, 762, 770
1375, 764, 762
1376, 803, 781
1377, 781, 764
1378, 800, 814
1379, 770, 800
1380, 824, 845
1381, 795, 825
1382, 790, 795
1383, 827, 790
1384, 835, 851
1385, 773, 767
1386, 793, 773
1387, 767, 791
1388, 820, 840
1389, 817, 826
1390, 862, 848
1391, 796, 788
1392, 788, 817
1393, 817, 822
1394, 750, 775
1395, 806, 769
1396, 775, 808
1397, 769, 750
1398, 836, 841
1399, 774, 809
1400, 818, 774
1401, 807, 830
1402, 828, 813
1403, 813, 807
1404, 1337, 792
1405, 792, 1438
1406, 883, 829
1407, 829, 823
1408, 802, 804
1409, 853, 812
1410, 812, 802
1411, 804, 849
1412, 837, 844
1413, 799, 786
1414, 786, 793
1415, 851, 799
1416, 860, 851
1417, 793, 834
1418, 815, 806
1419, 843, 815
1420, 841, 1340
1421, 806, 841
1422, 830, 1337
1423, 842, 830
1424, 819, 803
1425, 823, 819
1426, 865, 823
1427, 789, 783
1428, 804, 789
1429, 783, 824
1430, 824, 804
1431, 1338, 816
1432, 816, 835
1433, 864, 1338
1434, 835, 867
1435, 850, 862
1436, 862, 877
1437, 821, 831
1438, 814, 833
1439, 833, 854
1440, 803, 814
1441, 858, 803
1442, 845, 832
1443, 832, 827
1444, 861, 845
1445, 827, 838
1446, 885, 871
1447, 844, 798
1448, 798, 1338
1449, 1338, 881
1450, 870, 844
1451, 840, 850
1452, 834, 840
1453, 856, 834
1454, 850, 905
1455, 787, 794
1456, 794, 796
1457, 791, 787
1458, 848, 820
1459, 820, 791
1460, 822, 848
1461, 796, 822
1462, 846, 843
1463, 843, 1340
1464, 1340, 886
1465, 876, 1340
1466, 811, 1341
1467, 808, 811
1468, 1342, 836
1469, 836, 808
1470, 831, 828
1471, 828, 842
1472, 842, 863
1473, 852, 831
1474, 1439, 888
1475, 857, 853
1476, 849, 869
1477, 853, 849
1478, 825, 837
1479, 838, 825
1480, 837, 872
1481, 885, 838
1482, 880, 860
1483, 860, 856
1484, 856, 884
1485, 826, 1336
1486, 1336, 846
1487, 847, 826
1488, 846, 868
1489, 874, 887
1490, 1342, 855
1491, 863, 859
1492, 896, 863
1493, 1343, 915
1494, 854, 857
1495, 878, 865
1496, 865, 858
1497, 858, 854
1498, 857, 897
1499, 900, 882
1500, 869, 861
1501, 871, 914
1502, 861, 871
1503, 1344, 869
1504, 906, 905
1505, 884, 906
1506, 889, 884
1507, 906, 918
1508, 873, 847
1509, 847, 879
1510, 868, 890
1511, 879, 868
1512, 895, 879
1513, 899, 1342
1514, 887, 913
1515, 1342, 887
1516, 1337, 866
1517, 859, 1337
1518, 1343, 859
1519, 866, 1440
1520, 1441, 1343
1521, 1343, 866
1522, 888, 883
1523, 883, 1339
1524, 1339, 1442
1525, 1443, 888
1526, 1339, 878
1527, 1349, 1339
1528, 882, 922
1529, 878, 882
1530, 1344, 926
1531, 969, 948
1532, 1347, 885
1533, 885, 872
1534, 931, 1347
1535, 932, 931
1536, 931, 907
1537, 892, 864
1538, 867, 904
1539, 864, 867
1540, 921, 910
1541, 904, 880
1542, 880, 889
1543, 889, 912
1544, 920, 904
1545, 939, 911
1546, 980, 934
1547, 877, 873
1548, 893, 877
1549, 873, 898
1550, 898, 895
1551, 895, 901
1552, 938, 898
1553, 890, 876
1554, 876, 894
1555, 901, 890
1556, 919, 901
1557, 913, 1346
1558, 967, 925
1559, 916, 913
1560, 886, 899
1561, 894, 886
1562, 925, 1345
1563, 899, 916
1564, 1345, 894
1565, 916, 925
1566, 1341, 818
1567, 818, 839
1568, 891, 874
1569, 855, 1341
1570, 874, 855
1571, 903, 875
1572, 944, 928
1573, 809, 801
1574, 801, 821
1575, 839, 809
1576, 821, 852
1577, 852, 902
1578, 875, 839
1579, 928, 875
1580, 924, 928
1581, 908, 896
1582, 915, 923
1583, 896, 915
1584, 950, 923
1585, 923, 1444
1586, 1001, 923
1587, 1445, 943
1588, 909, 1344
1589, 1344, 964
1590, 914, 927
1591, 926, 914
1592, 930, 926
1593, 1027, 956
1594, 881, 892
1595, 872, 870
1596, 870, 881
1597, 907, 872
1598, 910, 907
1599, 892, 910
1600, 983, 942
1601, 936, 938
1602, 938, 946
1603, 946, 941
1604, 951, 946
1605, 937, 944
1606, 975, 1351
1607, 940, 945
1608, 964, 990
1609, 970, 964
1610, 963, 932
1611, 932, 921
1612, 921, 929
1613, 918, 939
1614, 912, 918
1615, 917, 912
1616, 939, 953
1617, 944, 984
1618, 1008, 975
1619, 975, 944
1620, 959, 970
1621, 970, 1348
1622, 927, 1347
1623, 948, 930
1624, 949, 948
1625, 930, 927
1626, 929, 935
1627, 963, 929
1628, 935, 920
1629, 920, 917
1630, 953, 960
1631, 917, 953
1632, 965, 935
1633, 905, 893
1634, 911, 905
1635, 934, 911
1636, 942, 934
1637, 893, 936
1638, 936, 942
1639, 941, 919
1640, 919, 954
1641, 974, 941
1642, 961, 973
1643, 954, 952
1644, 968, 961
1645, 961, 954
1646, 995, 1346
1647, 1346, 891
1648, 891, 903
1649, 903, 937
1650, 937, 955
1651, 957, 1346
1652, 902, 908
1653, 966, 924
1654, 924, 902
1655, 908, 940
1656, 940, 981
1657, 897, 909
1658, 922, 900
1659, 900, 897
1660, 933, 922
1661, 909, 947
1662, 1347, 985
1663, 956, 949
1664, 992, 956
1665, 949, 1347
1666, 1004, 965
1667, 965, 978
1668, 993, 1030
1669, 1034, 999
1670, 955, 1351
1671, 1002, 957
1672, 957, 955
1673, 986, 966
1674, 981, 991
1675, 966, 981
1676, 943, 1349
1677, 958, 943
1678, 1349, 962
1679, 1000, 1348
1680, 960, 980
1681, 980, 993
1682, 978, 960
1683, 999, 1010
1684, 989, 978
1685, 993, 999
1686, 971, 951
1687, 951, 979
1688, 1009, 1021
1689, 972, 1001
1690, 1446, 958
1691, 962, 1037
1692, 958, 962
1693, 1349, 933
1694, 947, 959
1695, 996, 1349
1696, 959, 987
1697, 933, 947
1698, 990, 969
1699, 969, 1357
1700, 1026, 1016
1701, 1015, 1025
1702, 1017, 989
1703, 989, 1010
1704, 1010, 1059
1705, 1056, 1010
1706, 1012, 983
1707, 983, 976
1708, 976, 971
1709, 971, 1019
1710, 1035, 976
1711, 1079, 1033
1712, 988, 995
1713, 995, 1006
1714, 1356, 997
1715, 1038, 1063
1716, 991, 977
1717, 1003, 991
1718, 982, 1018
1719, 1001, 1024
1720, 1018, 1001
1721, 1029, 1018
1722, 1040, 1013
1723, 1022, 1032
1724, 1016, 992
1725, 992, 985
1726, 1023, 1016
1727, 985, 963
1728, 963, 1015
1729, 1015, 1011
1730, 994, 985
1731, 979, 974
1732, 973, 1007
1733, 974, 973
1734, 1019, 979
1735, 1042, 1035
1736, 1035, 1019
1737, 1351, 1014
1738, 1021, 1003
1739, 1060, 1021
1740, 1003, 1045
1741, 1013, 996
1742, 987, 1000
1743, 1000, 1022
1744, 996, 987
1745, 1022, 1013
1746, 1357, 1027
1747, 1027, 1026
1748, 1026, 1071
1749, 1025, 1004
1750, 1004, 1017
1751, 1044, 1025
1752, 1017, 1050
1753, 1030, 1031
1754, 1059, 1034
1755, 1034, 1030
1756, 1089, 1059
1757, 1068, 1355
1758, 1345, 967
1759, 952, 1345
1760, 967, 988
1761, 1352, 968
1762, 968, 952
1763, 997, 1352
1764, 988, 997
1765, 1020, 1351
1766, 1028, 1041
1767, 1351, 998
1768, 1353, 1028
1769, 998, 1353
1770, 1028, 998
1771, 984, 986
1772, 1005, 984
1773, 986, 1009
1774, 1009, 1038
1775, 1038, 1036
1776, 945, 950
1777, 950, 972
1778, 977, 945
1779, 972, 982
1780, 982, 977
1781, 1024, 1447
1782, 1047, 1024
1783, 1448, 1043
1784, 1037, 1040
1785, 1043, 1037
1786, 1040, 1053
1787, 1076, 1043
1788, 1069, 1055
1789, 1090, 1082
1790, 1348, 990
1791, 1032, 1348
1792, 990, 1052
1793, 1055, 1032
1794, 1075, 1055
1795, 1354, 1065
1796, 1072, 1077
1797, 1128, 1074
1798, 1071, 1023
1799, 1011, 1044
1800, 1023, 994
1801, 994, 1011
1802, 1077, 1071
1803, 1044, 1358
1804, 1088, 1077
1805, 1050, 1056
1806, 1056, 1084
1807, 1057, 1050
1808, 1358, 1057
1809, 1057, 1083
1810, 1084, 1091
1811, 1106, 1084
1812, 1097, 1107
1813, 1031, 1012
1814, 1012, 1350
1815, 1350, 1068
1816, 1068, 1031
1817, 1350, 1042
1818, 1103, 1350
1819, 1042, 1051
1820, 1062, 1081
1821, 1007, 1352
1822, 1033, 1062
1823, 1352, 1033
1824, 1049, 1007
1825, 1062, 1049
1826, 1086, 1070
1827, 1006, 1002
1828, 1002, 1020
1829, 1070, 1006
1830, 1041, 1054
1831, 1020, 1041
1832, 1078, 1070
1833, 1014, 1008
1834, 1008, 1005
1835, 1058, 1353
1836, 1036, 1046
1837, 1353, 1014
1838, 1005, 1036
1839, 1061, 1058
1840, 1046, 1066
1841, 1058, 1046
1842, 1048, 1029
1843, 1029, 1039
1844, 1063, 1060
1845, 1045, 1048
1846, 1060, 1045
1847, 1163, 1111
1848, 1048, 1073
1849, 1039, 1047
1850, 1047, 1064
1851, 1067, 1039
1852, 1053, 1069
1853, 1082, 1080
1854, 1076, 1053
1855, 1069, 1082
1856, 1354, 1087
1857, 1130, 1088
1858, 1088, 1104
1859, 1112, 1121
1860, 1355, 1097
1861, 1097, 1142
1862, 1107, 1103
1863, 1134, 1107
1864, 1103, 1114
1865, 1085, 1079
1866, 1079, 1356
1867, 1066, 1063
1868, 1115, 1066
1869, 1111, 1126
1870, 1063, 1111
1871, 1073, 1067
1872, 1099, 1073
1873, 1067, 1092
1874, 1080, 1095
1875, 1096, 1076
1876, 1076, 1080
1877, 1052, 1357
1878, 1357, 1072
1879, 1065, 1052
1880, 1074, 1065
1881, 1072, 1074
1882, 1142, 1134
1883, 1158, 1142
1884, 1134, 1147
1885, 1081, 1085
1886, 1122, 1116
1887, 1094, 1081
1888, 1085, 1101
1889, 1054, 1061
1890, 1108, 1078
1891, 1078, 1054
1892, 1061, 1102
1893, 1178, 1163
1894, 1163, 1362
1895, 1359, 1129
1896, 1095, 1100
1897, 1110, 1095
1898, 1100, 1090
1899, 1090, 1120
1900, 1153, 1100
1901, 1087, 1136
1902, 1123, 1087
1903, 1104, 1109
1904, 1125, 1104
1905, 1105, 1358
1906, 1083, 1112
1907, 1358, 1083
1908, 1148, 1124
1909, 1091, 1089
1910, 1089, 1355
1911, 1124, 1091
1912, 1355, 1150
1913, 1175, 1124
1914, 1114, 1135
1915, 1147, 1114
1916, 1051, 1049
1917, 1116, 1051
1918, 1049, 1094
1919, 1094, 1116
1920, 1356, 1086
1921, 1086, 1113
1922, 1101, 1356
1923, 1118, 1101
1924, 1102, 1138
1925, 1108, 1102
1926, 1140, 1115
1927, 1126, 1169
1928, 1115, 1126
1929, 1064, 1449
1930, 1093, 1064
1931, 1450, 1359
1932, 1451, 1096
1933, 1096, 1110
1934, 1110, 1151
1935, 1135, 1144
1936, 1159, 1135
1937, 1359, 1183
1938, 1119, 1075
1939, 1075, 1354
1940, 1354, 1117
1941, 1127, 1122
1942, 1122, 1118
1943, 1118, 1160
1944, 1169, 1178
1945, 1178, 1200
1946, 1174, 1169
1947, 1133, 1452
1948, 1161, 1153
1949, 1153, 1146
1950, 1120, 1119
1951, 1117, 1123
1952, 1146, 1120
1953, 1123, 1152
1954, 1119, 1117
1955, 1176, 1146
1956, 1136, 1128
1957, 1128, 1360
1958, 1149, 1136
1959, 1206, 1209
1960, 1360, 1130
1961, 1130, 1125
1962, 1125, 1157
1963, 1157, 1137
1964, 1143, 1165
1965, 1191, 1157
1966, 1112, 1131
1967, 1165, 1112
1968, 1172, 1165
1969, 1150, 1158
1970, 1158, 1203
1971, 1222, 1175
1972, 1175, 1150
1973, 1202, 1147
1974, 1147, 1159
1975, 1159, 1361
1976, 1144, 1127
1977, 1361, 1144
1978, 1127, 1141
1979, 1113, 1145
1980, 1156, 1113
1981, 1185, 1139
1982, 1192, 1213
1983, 1139, 1108
1984, 1108, 1166
1985, 1179, 1192
1986, 1192, 1139
1987, 1221, 1218
1988, 1362, 1099
1989, 1099, 1098
1990, 1129, 1133
1991, 1181, 1129
1992, 1133, 1453
1993, 1183, 1181
1994, 1201, 1183
1995, 1181, 1454
1996, 1151, 1161
1997, 1455, 1151
1998, 1161, 1216
1999, 1190, 1176
2000, 1176, 1170
2001, 1109, 1105
2002, 1137, 1109
2003, 1105, 1143
2004, 1143, 1137
2005, 1184, 1155
2006, 1145, 1185
2007, 1185, 1193
2008, 1166, 1162
2009, 1194, 1179
2010, 1179, 1166
2011, 1196, 1362
2012, 1164, 1189
2013, 1362, 1154
2014, 1152, 1149
2015, 1170, 1152
2016, 1149, 1168
2017, 1177, 1170
2018, 1195, 1360
2019, 1360, 1212
2020, 1121, 1106
2021, 1106, 1364
2022, 1132, 1121
2023, 1210, 1202
2024, 1202, 1361
2025, 1361, 1199
2026, 1160, 1171
2027, 1141, 1160
2028, 1155, 1141
2029, 1187, 1155
2030, 1180, 1156
2031, 1156, 1145
2032, 1145, 1207
2033, 1193, 1214
2034, 1215, 1193
2035, 1138, 1140
2036, 1162, 1138
2037, 1140, 1167
2038, 1173, 1162
2039, 1167, 1174
2040, 1205, 1194
2041, 1174, 1186
2042, 1194, 1173
2043, 1173, 1167
2044, 1092, 1093
2045, 1098, 1092
2046, 1093, 1359
2047, 1359, 1164
2048, 1154, 1098
2049, 1164, 1154
2050, 1456, 1223
2051, 1457, 1253
2052, 1216, 1190
2053, 1190, 1225
2054, 1277, 1248
2055, 1209, 1241
2056, 1168, 1209
2057, 1365, 1177
2058, 1177, 1168
2059, 1242, 1365
2060, 1231, 1206
2061, 1206, 1195
2062, 1195, 1367
2063, 1240, 1367
2064, 1182, 1172
2065, 1172, 1188
2066, 1131, 1132
2067, 1364, 1233
2068, 1188, 1131
2069, 1132, 1364
2070, 1368, 1188
2071, 1364, 1148
2072, 1148, 1229
2073, 1363, 1364
2074, 1366, 1222
2075, 1222, 1208
2076, 1219, 1226
2077, 1262, 1237
2078, 1199, 1184
2079, 1184, 1198
2080, 1217, 1199
2081, 1171, 1180
2082, 1198, 1187
2083, 1187, 1171
2084, 1180, 1197
2085, 1236, 1198
2086, 1207, 1220
2087, 1197, 1207
2088, 1250, 1197
2089, 1258, 1230
2090, 1243, 1238
2091, 1458, 1263
2092, 1251, 1228
2093, 1228, 1205
2094, 1186, 1221
2095, 1221, 1249
2096, 1205, 1186
2097, 1247, 1228
2098, 1200, 1204
2099, 1218, 1200
2100, 1254, 1218
2101, 1204, 1196
2102, 1189, 1201
2103, 1201, 1211
2104, 1196, 1189
2105, 1235, 1204
2106, 1260, 1235
2107, 1235, 1232
2108, 1211, 1459
2109, 1227, 1211
2110, 1225, 1365
2111, 1264, 1225
2112, 1365, 1460
2113, 1244, 1231
2114, 1231, 1240
2115, 1240, 1257
2116, 1461, 1246
2117, 1234, 1245
2118, 1233, 1363
2119, 1368, 1233
2120, 1363, 1462
2121, 1229, 1366
2122, 1252, 1363
2123, 1363, 1229
2124, 1463, 1267
2125, 1220, 1215
2126, 1215, 1243
2127, 1230, 1220
2128, 1263, 1230
2129, 1243, 1263
2130, 1213, 1255
2131, 1214, 1213
2132, 1238, 1214
2133, 1266, 1238
2134, 1223, 1216
2135, 1253, 1223
2136, 1248, 1253
2137, 1216, 1248
2138, 1367, 1224
2139, 1246, 1367
2140, 1268, 1246
2141, 1259, 1275
2142, 1226, 1217
2143, 1267, 1226
2144, 1217, 1239
2145, 1270, 1267
2146, 1255, 1251
2147, 1249, 1271
2148, 1251, 1247
2149, 1247, 1249
2150, 1269, 1255
2151, 1464, 1260
2152, 1260, 1274
2153, 1465, 1277
2154, 1277, 1466
2155, 1467, 1264
2156, 1264, 1468
2157, 1257, 1469
2158, 1261, 1257
2159, 1212, 1191
2160, 1191, 1182
2161, 1224, 1212
2162, 1182, 1234
2163, 1234, 1259
2164, 1259, 1224
2165, 1245, 1368
2166, 1256, 1245
2167, 1368, 1470
2168, 1272, 1252
2169, 1366, 1273
2170, 1252, 1366
2171, 1273, 1262
2172, 1262, 1276
2173, 1471, 1273
2174, 1239, 1236
2175, 1236, 1265
2176, 1472, 1270
2177, 1270, 1239
2178, 1271, 1254
2179, 1254, 1473
2180, 1474, 1271
2181, 1203, 1210
2182, 1208, 1203
2183, 1210, 1219
2184, 1237, 1208
2185, 1219, 1237
2186, 1475, 1266
2187, 1266, 1269
2188, 1241, 1244
2189, 1476, 1242
2190, 1242, 1241
2191, 1244, 1261
2192, 1276, 1477
2193, 1478, 1276
2194, 1269, 1479
2195, 1480, 1269
2196, 1481, 1272
2197, 1272, 1482
2198, 1232, 1227
2199, 1274, 1232
2200, 1227, 1483
2201, 1484, 1274
2202, 1265, 1250
2203, 1250, 1258
2204, 1258, 1485
2205, 1486, 1265
2206, 1261, 1487
2207, 1488, 1261
2208, 1489, 1256
2209, 1256, 1490
2210, 1491, 1268
2211, 1275, 1492
2212, 1268, 1275
