1, 973, 11
2, 974, 12
3, 2, 975
4, 976, 6
5, 977, 5
6, 9, 978
7, 15, 979
8, 10, 980
9, 1077, 4
10, 29, 981
11, 982, 8
12, 983, 30
13, 984, 3
14, 26, 985
15, 3, 986
16, 987, 2
17, 2, 13
18, 25, 3
19, 1, 1076
20, 1076, 20
21, 988, 7
22, 17, 989
23, 7, 990
24, 991, 14
25, 36, 7
26, 919, 992
27, 993, 1
28, 22, 994
29, 1, 920
30, 995, 19
31, 33, 996
32, 4, 16
33, 31, 4
34, 1075, 27
35, 16, 1075
36, 49, 16
37, 8, 11
38, 32, 8
39, 11, 10
40, 10, 28
41, 39, 11
42, 6, 919
43, 23, 6
44, 13, 23
45, 40, 13
46, 23, 50
47, 20, 18
48, 44, 20
49, 21, 22
50, 22, 41
51, 14, 9
52, 9, 24
53, 38, 14
54, 24, 15
55, 15, 997
56, 59, 24
57, 5, 17
58, 18, 5
59, 17, 42
60, 57, 18
61, 12, 21
62, 19, 12
63, 46, 19
64, 21, 54
65, 28, 29
66, 51, 28
67, 27, 26
68, 26, 35
69, 43, 27
70, 29, 31
71, 31, 37
72, 69, 29
73, 30, 34
74, 998, 30
75, 34, 32
76, 32, 53
77, 66, 34
78, 35, 25
79, 25, 45
80, 65, 35
81, 48, 33
82, 33, 47
83, 919, 48
84, 922, 919
85, 48, 67
86, 42, 36
87, 61, 42
88, 36, 38
89, 38, 64
90, 84, 36
91, 920, 44
92, 44, 55
93, 41, 920
94, 921, 41
95, 920, 75
96, 45, 40
97, 40, 62
98, 71, 45
99, 56, 49
100, 49, 43
101, 43, 72
102, 52, 39
103, 39, 51
104, 51, 78
105, 37, 56
106, 68, 37
107, 56, 924
108, 50, 922
109, 62, 50
110, 923, 62
111, 53, 52
112, 73, 53
113, 52, 77
114, 47, 46
115, 46, 60
116, 82, 47
117, 54, 921
118, 60, 54
119, 89, 60
120, 63, 59
121, 59, 999
122, 58, 57
123, 57, 61
124, 61, 76
125, 64, 63
126, 81, 64
127, 63, 95
128, 55, 58
129, 87, 55
130, 58, 96
131, 1000, 66
132, 66, 74
133, 72, 70
134, 83, 72
135, 78, 79
136, 94, 78
137, 70, 65
138, 65, 71
139, 71, 86
140, 106, 70
141, 79, 69
142, 69, 68
143, 68, 85
144, 101, 79
145, 67, 82
146, 80, 67
147, 82, 90
148, 922, 80
149, 93, 922
150, 80, 103
151, 75, 87
152, 88, 75
153, 87, 97
154, 921, 88
155, 925, 921
156, 88, 111
157, 92, 84
158, 84, 81
159, 81, 105
160, 76, 92
161, 100, 76
162, 92, 114
163, 74, 73
164, 73, 91
165, 99, 74
166, 77, 94
167, 91, 77
168, 118, 91
169, 923, 93
170, 93, 108
171, 86, 923
172, 104, 86
173, 923, 928
174, 85, 924
175, 926, 85
176, 924, 83
177, 83, 115
178, 119, 924
179, 98, 89
180, 89, 925
181, 90, 98
182, 117, 90
183, 98, 124
184, 97, 102
185, 126, 97
186, 96, 100
187, 102, 96
188, 100, 110
189, 127, 102
190, 1001, 99
191, 99, 116
192, 95, 1002
193, 113, 95
194, 105, 113
195, 927, 105
196, 113, 128
197, 109, 101
198, 101, 926
199, 94, 109
200, 131, 94
201, 109, 138
202, 108, 107
203, 120, 108
204, 103, 117
205, 107, 103
206, 117, 130
207, 929, 107
208, 925, 122
209, 123, 925
210, 112, 106
211, 106, 104
212, 104, 134
213, 115, 112
214, 135, 115
215, 112, 141
216, 111, 129
217, 122, 111
218, 139, 122
219, 110, 125
220, 142, 110
221, 114, 927
222, 125, 114
223, 145, 125
224, 116, 121
225, 1003, 116
226, 121, 118
227, 118, 132
228, 156, 121
229, 926, 133
230, 151, 926
231, 133, 119
232, 119, 135
233, 154, 133
234, 137, 127
235, 127, 142
236, 129, 126
237, 126, 137
238, 152, 129
239, 137, 170
240, 124, 123
241, 136, 124
242, 123, 146
243, 928, 120
244, 120, 147
245, 134, 928
246, 143, 134
247, 928, 153
248, 130, 136
249, 140, 130
250, 136, 164
251, 128, 1078
252, 148, 128
253, 927, 148
254, 161, 927
255, 148, 162
256, 138, 151
257, 144, 138
258, 151, 158
259, 132, 131
260, 131, 144
261, 159, 132
262, 144, 176
263, 1004, 157
264, 141, 143
265, 160, 141
266, 143, 150
267, 135, 160
268, 174, 135
269, 160, 171
270, 149, 152
271, 152, 167
272, 146, 139
273, 139, 149
274, 172, 146
275, 149, 192
276, 142, 155
277, 168, 142
278, 929, 140
279, 140, 173
280, 155, 145
281, 145, 165
282, 930, 155
283, 147, 929
284, 166, 147
285, 929, 187
286, 178, 1005
287, 169, 159
288, 159, 180
289, 158, 177
290, 182, 158
291, 177, 154
292, 154, 174
293, 174, 185
294, 199, 177
295, 157, 156
296, 156, 169
297, 1006, 157
298, 169, 190
299, 150, 163
300, 188, 150
301, 153, 166
302, 163, 153
303, 166, 181
304, 194, 163
305, 165, 161
306, 161, 179
307, 191, 165
308, 173, 164
309, 931, 173
310, 170, 168
311, 175, 170
312, 168, 186
313, 167, 175
314, 193, 167
315, 175, 208
316, 162, 178
317, 179, 162
318, 178, 184
319, 204, 179
320, 164, 172
321, 172, 189
322, 211, 164
323, 183, 182
324, 182, 209
325, 185, 197
326, 201, 185
327, 171, 188
328, 197, 171
329, 188, 195
330, 214, 197
331, 1007, 200
332, 176, 183
333, 180, 176
334, 210, 180
335, 183, 932
336, 181, 198
337, 207, 181
338, 187, 931
339, 198, 187
340, 218, 198
341, 184, 1008
342, 212, 184
343, 930, 191
344, 191, 216
345, 192, 196
346, 189, 192
347, 220, 189
348, 186, 930
349, 215, 186
350, 930, 228
351, 196, 193
352, 193, 205
353, 217, 196
354, 195, 203
355, 223, 195
356, 203, 194
357, 194, 207
358, 207, 224
359, 934, 203
360, 190, 210
361, 202, 190
362, 210, 219
363, 209, 206
364, 221, 209
365, 200, 202
366, 1009, 200
367, 202, 229
368, 206, 199
369, 199, 201
370, 201, 231
371, 933, 206
372, 931, 213
373, 234, 931
374, 213, 211
375, 211, 226
376, 246, 213
377, 222, 204
378, 204, 212
379, 212, 232
380, 208, 225
381, 205, 208
382, 240, 205
383, 225, 215
384, 215, 233
385, 243, 225
386, 216, 222
387, 238, 216
388, 222, 254
389, 230, 218
390, 218, 237
391, 231, 227
392, 219, 932
393, 242, 219
394, 932, 221
395, 221, 249
396, 255, 932
397, 227, 214
398, 214, 223
399, 223, 241
400, 259, 227
401, 224, 230
402, 236, 224
403, 230, 258
404, 247, 217
405, 217, 245
406, 226, 220
407, 220, 247
408, 244, 226
409, 232, 1010
410, 253, 232
411, 239, 238
412, 238, 248
413, 228, 239
414, 233, 228
415, 257, 233
416, 239, 270
417, 1011, 235
418, 229, 242
419, 235, 229
420, 242, 250
421, 264, 235
422, 251, 246
423, 246, 244
424, 244, 256
425, 934, 236
426, 236, 263
427, 237, 234
428, 234, 251
429, 260, 237
430, 251, 279
431, 933, 231
432, 231, 261
433, 249, 933
434, 271, 249
435, 933, 273
436, 241, 934
437, 267, 241
438, 934, 275
439, 245, 240
440, 240, 252
441, 935, 245
442, 252, 243
443, 243, 262
444, 277, 252
445, 248, 254
446, 290, 248
447, 254, 253
448, 253, 285
449, 276, 254
450, 250, 265
451, 278, 250
452, 265, 255
453, 255, 272
454, 288, 265
455, 268, 260
456, 260, 282
457, 247, 935
458, 269, 247
459, 266, 267
460, 267, 286
461, 261, 259
462, 259, 266
463, 287, 261
464, 266, 297
465, 256, 269
466, 284, 256
467, 269, 300
468, 258, 268
469, 263, 258
470, 280, 263
471, 268, 309
472, 270, 292
473, 274, 270
474, 262, 257
475, 257, 274
476, 298, 262
477, 274, 305
478, 1079, 264
479, 264, 278
480, 278, 294
481, 1079, 317
482, 285, 1012
483, 296, 285
484, 273, 289
485, 293, 273
486, 272, 271
487, 271, 293
488, 299, 272
489, 293, 313
490, 279, 284
491, 283, 279
492, 284, 311
493, 275, 280
494, 281, 275
495, 280, 307
496, 291, 277
497, 277, 301
498, 286, 281
499, 322, 286
500, 281, 324
501, 935, 291
502, 302, 935
503, 291, 312
504, 282, 283
505, 315, 282
506, 283, 326
507, 295, 276
508, 276, 306
509, 292, 290
510, 290, 295
511, 316, 292
512, 295, 321
513, 304, 288
514, 288, 299
515, 299, 319
516, 294, 304
517, 320, 294
518, 304, 340
519, 297, 327
520, 303, 297
521, 289, 287
522, 287, 303
523, 323, 289
524, 303, 338
525, 301, 298
526, 298, 318
527, 328, 301
528, 305, 316
529, 318, 305
530, 316, 325
531, 349, 318
532, 309, 314
533, 307, 309
534, 337, 307
535, 300, 308
536, 311, 300
537, 332, 311
538, 308, 302
539, 302, 331
540, 357, 308
541, 314, 315
542, 315, 330
543, 343, 314
544, 306, 296
545, 296, 310
546, 346, 306
547, 310, 1013
548, 348, 310
549, 317, 320
550, 1080, 317
551, 320, 333
552, 319, 339
553, 342, 319
554, 313, 323
555, 339, 313
556, 323, 345
557, 354, 339
558, 1080, 1014
559, 327, 322
560, 322, 334
561, 351, 327
562, 324, 341
563, 334, 324
564, 367, 334
565, 329, 328
566, 328, 355
567, 312, 329
568, 331, 312
569, 359, 331
570, 329, 371
571, 321, 347
572, 336, 321
573, 325, 336
574, 350, 325
575, 336, 372
576, 330, 335
577, 936, 330
578, 326, 332
579, 335, 326
580, 332, 358
581, 361, 335
582, 338, 351
583, 352, 338
584, 340, 342
585, 344, 340
586, 342, 365
587, 345, 352
588, 364, 345
589, 352, 386
590, 333, 344
591, 360, 333
592, 344, 937
593, 353, 343
594, 343, 936
595, 341, 337
596, 337, 353
597, 366, 341
598, 353, 384
599, 356, 349
600, 349, 350
601, 350, 368
602, 347, 346
603, 346, 362
604, 373, 347
605, 358, 363
606, 378, 358
607, 355, 356
608, 374, 355
609, 356, 389
610, 363, 357
611, 357, 359
612, 359, 370
613, 393, 363
614, 362, 348
615, 348, 1015
616, 383, 362
617, 388, 367
618, 367, 366
619, 366, 377
620, 354, 364
621, 364, 376
622, 351, 388
623, 385, 351
624, 388, 399
625, 369, 360
626, 360, 382
627, 365, 354
628, 387, 365
629, 354, 397
630, 1016, 369
631, 369, 404
632, 936, 375
633, 392, 936
634, 375, 361
635, 361, 381
636, 411, 375
637, 371, 379
638, 370, 371
639, 407, 370
640, 380, 373
641, 373, 408
642, 372, 380
643, 368, 372
644, 398, 368
645, 380, 418
646, 391, 1017
647, 379, 374
648, 374, 390
649, 413, 379
650, 376, 386
651, 402, 376
652, 377, 400
653, 406, 377
654, 384, 392
655, 400, 384
656, 392, 401
657, 416, 400
658, 386, 385
659, 385, 409
660, 423, 386
661, 382, 937
662, 414, 382
663, 937, 387
664, 387, 396
665, 420, 937
666, 395, 393
667, 393, 412
668, 381, 378
669, 378, 395
670, 939, 381
671, 395, 425
672, 389, 398
673, 394, 389
674, 398, 422
675, 408, 403
676, 421, 408
677, 390, 394
678, 938, 390
679, 394, 431
680, 403, 383
681, 383, 391
682, 391, 1018
683, 941, 403
684, 404, 415
685, 1019, 404
686, 417, 411
687, 411, 939
688, 399, 406
689, 410, 399
690, 406, 432
691, 409, 410
692, 427, 409
693, 410, 447
694, 401, 417
695, 433, 401
696, 417, 441
697, 397, 405
698, 396, 397
699, 436, 396
700, 405, 402
701, 402, 426
702, 434, 405
703, 419, 413
704, 413, 938
705, 412, 407
706, 407, 419
707, 437, 412
708, 419, 445
709, 422, 424
710, 940, 422
711, 418, 421
712, 424, 418
713, 421, 444
714, 453, 424
715, 415, 414
716, 414, 430
717, 442, 415
718, 430, 420
719, 420, 439
720, 454, 430
721, 428, 427
722, 427, 450
723, 432, 429
724, 448, 432
725, 939, 435
726, 452, 939
727, 425, 440
728, 435, 425
729, 461, 435
730, 426, 423
731, 423, 428
732, 457, 426
733, 428, 458
734, 429, 416
735, 416, 433
736, 433, 443
737, 469, 429
738, 438, 940
739, 431, 438
740, 938, 431
741, 456, 938
742, 438, 470
743, 941, 1020
744, 444, 941
745, 462, 444
746, 941, 466
747, 446, 434
748, 434, 457
749, 439, 436
750, 436, 446
751, 465, 439
752, 446, 474
753, 440, 437
754, 437, 455
755, 468, 440
756, 447, 448
757, 451, 447
758, 448, 472
759, 441, 449
760, 443, 441
761, 463, 443
762, 449, 452
763, 452, 476
764, 480, 449
765, 445, 459
766, 455, 445
767, 487, 455
768, 450, 451
769, 475, 450
770, 451, 485
771, 467, 453
772, 453, 464
773, 940, 467
774, 495, 940
775, 467, 483
776, 460, 454
777, 454, 465
778, 465, 481
779, 1021, 442
780, 442, 460
781, 460, 496
782, 942, 1022
783, 458, 475
784, 478, 458
785, 475, 482
786, 457, 478
787, 489, 457
788, 478, 507
789, 470, 497
790, 473, 470
791, 476, 461
792, 461, 477
793, 490, 476
794, 459, 456
795, 456, 473
796, 494, 459
797, 473, 511
798, 472, 471
799, 501, 472
800, 471, 469
801, 469, 463
802, 463, 479
803, 505, 471
804, 477, 468
805, 468, 486
806, 514, 477
807, 466, 942
808, 488, 466
809, 464, 462
810, 462, 488
811, 509, 464
812, 488, 508
813, 474, 493
814, 484, 474
815, 1023, 499
816, 481, 484
817, 502, 481
818, 484, 526
819, 482, 491
820, 510, 482
821, 485, 504
822, 491, 485
823, 527, 491
824, 497, 495
825, 495, 503
826, 483, 509
827, 503, 483
828, 509, 512
829, 533, 503
830, 479, 480
831, 480, 498
832, 516, 479
833, 498, 490
834, 490, 515
835, 521, 498
836, 486, 487
837, 487, 492
838, 519, 486
839, 492, 494
840, 494, 506
841, 532, 492
842, 942, 1024
843, 943, 942
844, 496, 500
845, 499, 496
846, 1025, 499
847, 507, 513
848, 522, 507
849, 493, 489
850, 489, 522
851, 524, 493
852, 522, 545
853, 500, 502
854, 502, 525
855, 546, 500
856, 517, 505
857, 505, 516
858, 504, 501
859, 501, 517
860, 539, 504
861, 517, 543
862, 523, 497
863, 497, 538
864, 515, 520
865, 537, 515
866, 511, 523
867, 506, 511
868, 535, 506
869, 523, 944
870, 512, 518
871, 534, 512
872, 520, 514
873, 514, 519
874, 519, 528
875, 541, 520
876, 508, 943
877, 518, 508
878, 551, 518
879, 513, 510
880, 510, 530
881, 555, 513
882, 526, 524
883, 531, 526
884, 524, 540
885, 525, 531
886, 549, 525
887, 531, 565
888, 1026, 1081
889, 530, 527
890, 527, 542
891, 563, 530
892, 516, 529
893, 554, 516
894, 529, 521
895, 521, 537
896, 537, 547
897, 567, 529
898, 943, 1027
899, 560, 943
900, 1028, 571
901, 544, 533
902, 533, 534
903, 534, 556
904, 528, 532
905, 532, 536
906, 569, 528
907, 536, 535
908, 535, 553
909, 568, 536
910, 538, 544
911, 552, 538
912, 544, 577
913, 548, 555
914, 555, 562
915, 545, 548
916, 540, 545
917, 572, 540
918, 548, 580
919, 542, 539
920, 539, 561
921, 564, 542
922, 543, 557
923, 561, 543
924, 581, 561
925, 1081, 550
926, 550, 546
927, 546, 549
928, 549, 566
929, 584, 550
930, 559, 541
931, 541, 569
932, 547, 559
933, 945, 547
934, 559, 587
935, 556, 551
936, 551, 558
937, 578, 556
938, 558, 560
939, 560, 574
940, 590, 558
941, 553, 944
942, 946, 553
943, 944, 552
944, 552, 579
945, 575, 944
946, 557, 554
947, 554, 570
948, 585, 557
949, 576, 564
950, 564, 588
951, 562, 563
952, 563, 576
953, 586, 562
954, 576, 949
955, 566, 565
956, 592, 566
957, 565, 572
958, 572, 582
959, 597, 565
960, 570, 567
961, 567, 945
962, 606, 570
963, 573, 568
964, 568, 946
965, 569, 573
966, 948, 569
967, 573, 603
968, 579, 577
969, 600, 579
970, 571, 1029
971, 574, 571
972, 599, 574
973, 577, 578
974, 578, 595
975, 611, 577
976, 1030, 591
977, 591, 584
978, 584, 593
979, 610, 591
980, 587, 948
981, 598, 587
982, 583, 586
983, 586, 607
984, 589, 585
985, 585, 601
986, 580, 583
987, 582, 580
988, 605, 582
989, 583, 616
990, 588, 581
991, 581, 589
992, 604, 588
993, 589, 621
994, 945, 598
995, 947, 945
996, 598, 951
997, 596, 575
998, 575, 600
999, 600, 608
1000, 946, 596
1001, 614, 946
1002, 596, 615
1003, 595, 594
1004, 620, 595
1005, 594, 590
1006, 590, 599
1007, 599, 612
1008, 630, 594
1009, 593, 592
1010, 592, 602
1011, 618, 593
1012, 602, 597
1013, 597, 609
1014, 631, 602
1015, 603, 614
1016, 613, 603
1017, 614, 617
1018, 606, 947
1019, 601, 606
1020, 625, 601
1021, 606, 633
1022, 948, 613
1023, 626, 948
1024, 613, 634
1025, 607, 949
1026, 950, 607
1027, 949, 604
1028, 604, 624
1029, 639, 949
1030, 619, 611
1031, 611, 622
1032, 608, 619
1033, 627, 608
1034, 619, 641
1035, 1031, 610
1036, 610, 618
1037, 618, 628
1038, 612, 1082
1039, 637, 612
1040, 1032, 1082
1041, 609, 605
1042, 605, 623
1043, 638, 609
1044, 616, 950
1045, 623, 616
1046, 652, 623
1047, 617, 632
1048, 644, 617
1049, 947, 951
1050, 648, 947
1051, 615, 627
1052, 632, 615
1053, 627, 635
1054, 660, 632
1055, 629, 625
1056, 625, 640
1057, 951, 626
1058, 626, 645
1059, 952, 951
1060, 621, 629
1061, 624, 621
1062, 653, 624
1063, 629, 658
1064, 636, 630
1065, 630, 637
1066, 637, 643
1067, 622, 620
1068, 620, 636
1069, 655, 622
1070, 636, 667
1071, 628, 642
1072, 650, 628
1073, 642, 631
1074, 631, 638
1075, 638, 647
1076, 671, 642
1077, 651, 639
1078, 639, 654
1079, 950, 651
1080, 668, 950
1081, 651, 662
1082, 641, 655
1083, 657, 641
1084, 655, 663
1085, 635, 657
1086, 666, 635
1087, 657, 689
1088, 645, 646
1089, 665, 645
1090, 634, 644
1091, 646, 634
1092, 644, 661
1093, 953, 646
1094, 649, 648
1095, 648, 664
1096, 633, 649
1097, 640, 633
1098, 675, 640
1099, 649, 678
1100, 659, 1033
1101, 643, 659
1102, 674, 643
1103, 659, 680
1104, 647, 656
1105, 676, 647
1106, 656, 652
1107, 652, 670
1108, 692, 656
1109, 1034, 650
1110, 650, 672
1111, 658, 677
1112, 669, 658
1113, 654, 653
1114, 653, 669
1115, 954, 654
1116, 669, 691
1117, 663, 681
1118, 690, 663
1119, 667, 674
1120, 681, 667
1121, 674, 682
1122, 704, 681
1123, 664, 952
1124, 688, 664
1125, 673, 660
1126, 660, 666
1127, 666, 686
1128, 952, 665
1129, 665, 685
1130, 694, 952
1131, 661, 673
1132, 683, 661
1133, 673, 700
1134, 670, 668
1135, 668, 684
1136, 698, 670
1137, 662, 954
1138, 684, 662
1139, 707, 684
1140, 679, 676
1141, 676, 695
1142, 672, 671
1143, 671, 679
1144, 693, 672
1145, 679, 716
1146, 678, 688
1147, 687, 678
1148, 677, 675
1149, 675, 687
1150, 696, 677
1151, 687, 719
1152, 682, 701
1153, 708, 682
1154, 680, 1035
1155, 701, 680
1156, 721, 701
1157, 685, 953
1158, 705, 685
1159, 686, 689
1160, 697, 686
1161, 689, 690
1162, 690, 713
1163, 955, 689
1164, 953, 683
1165, 683, 711
1166, 722, 953
1167, 691, 696
1168, 702, 691
1169, 696, 706
1170, 695, 692
1171, 692, 699
1172, 723, 695
1173, 1036, 693
1174, 693, 717
1175, 699, 698
1176, 698, 718
1177, 734, 699
1178, 954, 702
1179, 714, 954
1180, 702, 956
1181, 688, 703
1182, 727, 688
1183, 703, 694
1184, 694, 710
1185, 733, 703
1186, 720, 1037
1187, 712, 704
1188, 704, 708
1189, 708, 726
1190, 709, 697
1191, 697, 728
1192, 700, 709
1193, 711, 700
1194, 957, 711
1195, 709, 738
1196, 713, 712
1197, 735, 713
1198, 712, 737
1199, 719, 730
1200, 724, 719
1201, 706, 724
1202, 736, 706
1203, 724, 959
1204, 716, 723
1205, 723, 731
1206, 715, 714
1207, 714, 729
1208, 717, 716
1209, 958, 717
1210, 716, 748
1211, 718, 707
1212, 707, 715
1213, 739, 718
1214, 715, 749
1215, 710, 705
1216, 705, 732
1217, 747, 710
1218, 732, 722
1219, 722, 957
1220, 751, 732
1221, 725, 721
1222, 721, 720
1223, 720, 1038
1224, 955, 735
1225, 735, 744
1226, 726, 725
1227, 746, 726
1228, 725, 752
1229, 728, 955
1230, 743, 728
1231, 955, 760
1232, 1039, 958
1233, 731, 741
1234, 753, 731
1235, 741, 734
1236, 734, 739
1237, 739, 754
1238, 769, 741
1239, 729, 956
1240, 756, 729
1241, 730, 727
1242, 727, 740
1243, 757, 730
1244, 740, 733
1245, 733, 747
1246, 960, 740
1247, 956, 736
1248, 736, 742
1249, 763, 956
1250, 957, 750
1251, 770, 957
1252, 738, 743
1253, 750, 738
1254, 743, 761
1255, 768, 750
1256, 758, 1040
1257, 737, 745
1258, 744, 737
1259, 774, 744
1260, 745, 746
1261, 746, 765
1262, 779, 745
1263, 958, 766
1264, 1041, 958
1265, 748, 753
1266, 766, 748
1267, 753, 767
1268, 778, 766
1269, 759, 751
1270, 751, 772
1271, 742, 959
1272, 773, 742
1273, 749, 756
1274, 755, 749
1275, 756, 775
1276, 754, 755
1277, 782, 754
1278, 755, 786
1279, 959, 757
1280, 757, 777
1281, 784, 959
1282, 747, 759
1283, 771, 747
1284, 759, 800
1285, 761, 764
1286, 794, 761
1287, 760, 776
1288, 764, 760
1289, 799, 764
1290, 752, 758
1291, 762, 752
1292, 758, 1042
1293, 765, 762
1294, 787, 765
1295, 762, 803
1296, 767, 781
1297, 795, 767
1298, 781, 769
1299, 769, 782
1300, 782, 783
1301, 808, 781
1302, 772, 770
1303, 770, 789
1304, 798, 772
1305, 775, 763
1306, 763, 780
1307, 791, 775
1308, 960, 771
1309, 771, 805
1310, 777, 960
1311, 796, 777
1312, 960, 815
1313, 789, 768
1314, 768, 793
1315, 962, 789
1316, 780, 773
1317, 773, 788
1318, 812, 780
1319, 776, 774
1320, 774, 785
1321, 961, 776
1322, 785, 779
1323, 779, 787
1324, 787, 801
1325, 802, 785
1326, 790, 778
1327, 778, 797
1328, 1043, 790
1329, 790, 826
1330, 807, 1044
1331, 786, 791
1332, 804, 786
1333, 791, 810
1334, 783, 804
1335, 821, 783
1336, 804, 816
1337, 806, 798
1338, 798, 817
1339, 809, 799
1340, 799, 961
1341, 800, 806
1342, 805, 800
1343, 820, 805
1344, 806, 837
1345, 788, 784
1346, 784, 792
1347, 823, 788
1348, 792, 796
1349, 796, 824
1350, 831, 792
1351, 793, 794
1352, 794, 809
1353, 819, 793
1354, 809, 832
1355, 803, 811
1356, 813, 803
1357, 801, 813
1358, 827, 801
1359, 813, 830
1360, 797, 795
1361, 795, 818
1362, 829, 797
1363, 818, 808
1364, 808, 821
1365, 845, 818
1366, 810, 814
1367, 834, 810
1368, 814, 812
1369, 812, 822
1370, 859, 814
1371, 828, 802
1372, 802, 827
1373, 827, 835
1374, 961, 828
1375, 840, 961
1376, 828, 856
1377, 817, 962
1378, 842, 817
1379, 815, 820
1380, 825, 815
1381, 820, 848
1382, 824, 825
1383, 844, 824
1384, 825, 854
1385, 962, 819
1386, 819, 841
1387, 855, 962
1388, 811, 807
1389, 807, 1045
1390, 847, 811
1391, 826, 833
1392, 1046, 826
1393, 821, 836
1394, 852, 821
1395, 816, 838
1396, 836, 816
1397, 965, 836
1398, 833, 829
1399, 829, 851
1400, 869, 833
1401, 839, 831
1402, 831, 849
1403, 822, 823
1404, 823, 839
1405, 963, 822
1406, 839, 868
1407, 846, 840
1408, 840, 862
1409, 835, 857
1410, 860, 835
1411, 832, 846
1412, 841, 832
1413, 871, 841
1414, 846, 967
1415, 830, 853
1416, 857, 830
1417, 966, 857
1418, 848, 843
1419, 861, 848
1420, 837, 842
1421, 843, 837
1422, 842, 864
1423, 876, 843
1424, 838, 834
1425, 834, 863
1426, 865, 838
1427, 850, 845
1428, 845, 852
1429, 852, 873
1430, 863, 859
1431, 859, 963
1432, 880, 863
1433, 851, 850
1434, 875, 851
1435, 850, 969
1436, 854, 861
1437, 866, 854
1438, 861, 867
1439, 849, 844
1440, 844, 866
1441, 964, 849
1442, 866, 883
1443, 870, 871
1444, 871, 877
1445, 864, 855
1446, 855, 870
1447, 970, 864
1448, 870, 887
1449, 853, 847
1450, 847, 1047
1451, 878, 853
1452, 1048, 890
1453, 856, 860
1454, 858, 856
1455, 860, 881
1456, 862, 858
1457, 884, 862
1458, 858, 893
1459, 963, 872
1460, 898, 963
1461, 1049, 869
1462, 869, 874
1463, 868, 964
1464, 872, 868
1465, 971, 872
1466, 874, 875
1467, 875, 886
1468, 900, 874
1469, 873, 965
1470, 879, 873
1471, 965, 865
1472, 865, 885
1473, 901, 965
1474, 882, 876
1475, 876, 970
1476, 867, 882
1477, 968, 867
1478, 882, 899
1479, 966, 878
1480, 878, 888
1481, 877, 967
1482, 903, 877
1483, 967, 884
1484, 884, 896
1485, 902, 967
1486, 881, 966
1487, 891, 881
1488, 966, 915
1489, 969, 879
1490, 879, 905
1491, 883, 968
1492, 894, 883
1493, 885, 880
1494, 880, 889
1495, 910, 885
1496, 886, 969
1497, 972, 886
1498, 969, 912
1499, 964, 894
1500, 906, 964
1501, 894, 917
1502, 889, 898
1503, 898, 904
1504, 1050, 889
1505, 887, 909
1506, 895, 887
1507, 970, 895
1508, 918, 970
1509, 895, 1084
1510, 892, 1051
1511, 897, 891
1512, 891, 908
1513, 890, 892
1514, 888, 890
1515, 913, 888
1516, 892, 1052
1517, 893, 897
1518, 896, 893
1519, 1086, 896
1520, 897, 1053
1521, 1054, 900
1522, 900, 972
1523, 907, 901
1524, 901, 910
1525, 910, 1055
1526, 899, 1085
1527, 911, 899
1528, 904, 971
1529, 1056, 904
1530, 971, 906
1531, 906, 1057
1532, 1058, 971
1533, 905, 907
1534, 1059, 905
1535, 907, 1060
1536, 968, 911
1537, 914, 968
1538, 911, 1061
1539, 916, 902
1540, 902, 1062
1541, 909, 903
1542, 903, 916
1543, 1063, 909
1544, 916, 1064
1545, 908, 1083
1546, 1065, 908
1547, 915, 913
1548, 1083, 915
1549, 913, 1066
1550, 912, 1067
1551, 1068, 912
1552, 972, 1069
1553, 1070, 972
1554, 1071, 917
1555, 1085, 918
1556, 918, 1072
1557, 917, 914
1558, 914, 1073
1559, 1074, 917
