1, 1081, 24
2, 1082, 7
3, 17, 1083
4, 11, 1084
5, 1085, 9
6, 9, 1086
7, 1087, 3
8, 1008, 9
9, 3, 1
10, 16, 3
11, 32, 1088
12, 1089, 6
13, 6, 1090
14, 10, 6
15, 1010, 1091
16, 2, 1092
17, 1093, 4
18, 1205, 1012
19, 4, 1205
20, 1011, 4
21, 1012, 5
22, 5, 1094
23, 1095, 1206
24, 8, 5
25, 1096, 13
26, 23, 1097
27, 1098, 14
28, 18, 1099
29, 15, 1100
30, 1101, 30
31, 1102, 25
32, 43, 1007
33, 1, 1103
34, 1104, 35
35, 44, 1
36, 36, 1105
37, 1106, 1009
38, 20, 10
39, 10, 1107
40, 1108, 27
41, 1109, 2
42, 26, 1110
43, 2, 33
44, 13, 23
45, 12, 13
46, 23, 29
47, 22, 1111
48, 1112, 21
49, 1113, 38
50, 24, 39
51, 25, 24
52, 38, 25
53, 1015, 38
54, 7, 11
55, 39, 17
56, 17, 7
57, 11, 43
58, 43, 61
59, 60, 39
60, 1007, 1008
61, 1008, 16
62, 16, 49
63, 73, 1008
64, 35, 32
65, 49, 44
66, 32, 40
67, 44, 35
68, 40, 36
69, 36, 1009
70, 1009, 20
71, 20, 46
72, 62, 1009
73, 27, 1010
74, 46, 27
75, 53, 46
76, 1010, 26
77, 26, 50
78, 58, 1010
79, 33, 1011
80, 41, 33
81, 1011, 34
82, 76, 1011
83, 34, 1012
84, 1012, 47
85, 79, 34
86, 48, 8
87, 8, 1206
88, 1206, 12
89, 12, 28
90, 28, 59
91, 65, 28
92, 29, 37
93, 52, 29
94, 42, 18
95, 18, 19
96, 14, 15
97, 19, 14
98, 15, 31
99, 57, 19
100, 31, 22
101, 21, 45
102, 22, 21
103, 51, 31
104, 30, 1114
105, 45, 30
106, 54, 45
107, 1207, 1115
108, 1116, 1015
109, 68, 1007
110, 1007, 64
111, 78, 72
112, 56, 53
113, 53, 63
114, 50, 41
115, 69, 50
116, 41, 84
117, 47, 48
118, 85, 47
119, 48, 55
120, 1014, 65
121, 65, 70
122, 37, 42
123, 77, 37
124, 42, 57
125, 57, 67
126, 66, 83
127, 74, 1207
128, 118, 95
129, 61, 68
130, 88, 60
131, 60, 61
132, 68, 103
133, 64, 73
134, 73, 80
135, 109, 64
136, 80, 78
137, 78, 111
138, 1016, 80
139, 72, 49
140, 49, 92
141, 1017, 72
142, 98, 40
143, 40, 62
144, 62, 75
145, 107, 98
146, 75, 91
147, 98, 75
148, 82, 56
149, 56, 100
150, 63, 58
151, 58, 1013
152, 94, 63
153, 102, 1013
154, 1013, 69
155, 84, 89
156, 69, 84
157, 119, 1013
158, 90, 76
159, 76, 79
160, 79, 85
161, 85, 93
162, 55, 1014
163, 97, 55
164, 1014, 101
165, 59, 52
166, 70, 59
167, 52, 86
168, 99, 70
169, 86, 77
170, 77, 87
171, 113, 86
172, 67, 71
173, 87, 67
174, 122, 87
175, 71, 51
176, 51, 66
177, 66, 112
178, 96, 71
179, 83, 54
180, 54, 81
181, 1018, 83
182, 81, 74
183, 74, 1117
184, 106, 81
185, 1015, 88
186, 95, 1015
187, 120, 95
188, 88, 104
189, 109, 1016
190, 92, 105
191, 1017, 92
192, 91, 82
193, 110, 91
194, 82, 115
195, 100, 94
196, 114, 100
197, 94, 102
198, 102, 124
199, 89, 90
200, 127, 89
201, 90, 131
202, 121, 1014
203, 1014, 116
204, 128, 123
205, 126, 96
206, 96, 1019
207, 1018, 106
208, 106, 139
209, 1118, 118
210, 118, 134
211, 134, 120
212, 104, 125
213, 120, 104
214, 150, 134
215, 103, 109
216, 125, 103
217, 109, 147
218, 157, 125
219, 1016, 140
220, 147, 1016
221, 164, 147
222, 111, 1017
223, 140, 111
224, 1017, 129
225, 152, 140
226, 105, 107
227, 107, 130
228, 129, 105
229, 154, 129
230, 130, 138
231, 155, 130
232, 138, 110
233, 115, 133
234, 110, 115
235, 158, 138
236, 133, 114
237, 114, 136
238, 149, 133
239, 136, 124
240, 177, 136
241, 124, 119
242, 119, 127
243, 127, 144
244, 165, 124
245, 135, 117
246, 93, 97
247, 117, 93
248, 97, 108
249, 151, 117
250, 108, 121
251, 121, 142
252, 170, 151
253, 151, 108
254, 101, 99
255, 116, 101
256, 99, 128
257, 142, 116
258, 128, 1023
259, 143, 142
260, 123, 113
261, 113, 122
262, 122, 132
263, 1024, 123
264, 132, 141
265, 145, 132
266, 141, 126
267, 126, 1019
268, 148, 141
269, 112, 1018
270, 1019, 112
271, 1018, 160
272, 146, 1019
273, 139, 137
274, 160, 139
275, 137, 1119
276, 1120, 137
277, 168, 150
278, 150, 162
279, 172, 164
280, 164, 152
281, 152, 167
282, 156, 155
283, 155, 180
284, 166, 158
285, 158, 149
286, 149, 159
287, 131, 135
288, 144, 131
289, 163, 144
290, 135, 174
291, 1022, 143
292, 143, 181
293, 178, 148
294, 148, 153
295, 176, 183
296, 162, 157
297, 157, 186
298, 183, 162
299, 194, 183
300, 184, 172
301, 172, 1020
302, 1020, 167
303, 161, 154
304, 154, 156
305, 156, 169
306, 169, 203
307, 218, 169
308, 180, 166
309, 193, 180
310, 166, 196
311, 196, 171
312, 209, 196
313, 159, 177
314, 177, 195
315, 171, 159
316, 200, 171
317, 205, 165
318, 165, 173
319, 173, 163
320, 174, 1021
321, 163, 174
322, 191, 173
323, 1021, 170
324, 170, 1022
325, 1022, 1025
326, 182, 1022
327, 187, 1023
328, 179, 216
329, 1023, 1024
330, 204, 179
331, 179, 1023
332, 1024, 145
333, 145, 178
334, 178, 190
335, 192, 1024
336, 153, 146
337, 146, 188
338, 189, 153
339, 185, 160
340, 160, 175
341, 175, 1121
342, 197, 175
343, 1122, 168
344, 168, 176
345, 176, 210
346, 186, 184
347, 202, 186
348, 184, 214
349, 167, 161
350, 211, 167
351, 161, 212
352, 203, 193
353, 231, 203
354, 193, 1026
355, 195, 207
356, 222, 200
357, 200, 195
358, 226, 199
359, 213, 1021
360, 1021, 182
361, 182, 223
362, 181, 187
363, 1025, 181
364, 216, 229
365, 187, 216
366, 206, 198
367, 188, 185
368, 208, 188
369, 185, 201
370, 210, 217
371, 1123, 210
372, 217, 194
373, 194, 202
374, 202, 215
375, 245, 217
376, 215, 221
377, 253, 215
378, 214, 1020
379, 1020, 224
380, 221, 214
381, 248, 221
382, 224, 211
383, 212, 219
384, 211, 212
385, 1027, 224
386, 219, 218
387, 218, 231
388, 231, 1028
389, 244, 219
390, 1028, 1026
391, 239, 209
392, 209, 222
393, 222, 238
394, 238, 249
395, 269, 238
396, 207, 205
397, 205, 230
398, 1030, 207
399, 199, 191
400, 191, 213
401, 232, 199
402, 213, 234
403, 234, 237
404, 243, 234
405, 237, 236
406, 256, 237
407, 233, 1025
408, 1025, 229
409, 240, 204
410, 204, 192
411, 192, 206
412, 206, 225
413, 225, 227
414, 246, 225
415, 190, 189
416, 198, 190
417, 189, 208
418, 227, 198
419, 208, 228
420, 252, 227
421, 228, 220
422, 255, 228
423, 201, 197
424, 197, 1124
425, 220, 201
426, 251, 220
427, 1125, 254
428, 1026, 239
429, 1029, 1026
430, 239, 242
431, 249, 1030
432, 269, 249
433, 230, 226
434, 226, 232
435, 247, 230
436, 232, 243
437, 243, 250
438, 223, 235
439, 236, 223
440, 263, 236
441, 229, 240
442, 268, 229
443, 240, 241
444, 261, 246
445, 246, 252
446, 252, 265
447, 270, 255
448, 255, 258
449, 260, 272
450, 307, 296
451, 272, 248
452, 248, 262
453, 287, 272
454, 262, 1027
455, 302, 262
456, 1027, 244
457, 244, 1031
458, 275, 1027
459, 1031, 1028
460, 1028, 1029
461, 282, 264
462, 242, 269
463, 264, 242
464, 269, 291
465, 288, 264
466, 1030, 267
467, 305, 1030
468, 267, 247
469, 250, 276
470, 247, 250
471, 276, 274
472, 286, 276
473, 283, 292
474, 319, 297
475, 235, 233
476, 292, 263
477, 233, 257
478, 263, 235
479, 304, 292
480, 257, 268
481, 268, 273
482, 1032, 257
483, 241, 259
484, 281, 241
485, 259, 261
486, 261, 298
487, 266, 259
488, 265, 271
489, 285, 265
490, 271, 270
491, 270, 280
492, 295, 271
493, 258, 251
494, 251, 277
495, 280, 258
496, 290, 280
497, 277, 1126
498, 293, 277
499, 254, 245
500, 245, 253
501, 253, 260
502, 1127, 254
503, 296, 1128
504, 260, 296
505, 284, 1031
506, 1031, 299
507, 291, 1037
508, 312, 288
509, 288, 291
510, 300, 267
511, 267, 278
512, 274, 256
513, 256, 283
514, 297, 274
515, 283, 297
516, 273, 279
517, 306, 273
518, 303, 266
519, 266, 294
520, 301, 285
521, 285, 295
522, 295, 1033
523, 308, 293
524, 293, 1129
525, 1130, 307
526, 307, 320
527, 336, 1131
528, 1036, 287
529, 287, 302
530, 302, 313
531, 313, 315
532, 328, 313
533, 315, 275
534, 275, 289
535, 335, 315
536, 289, 284
537, 284, 321
538, 324, 289
539, 1029, 282
540, 299, 1029
541, 282, 318
542, 322, 299
543, 318, 312
544, 312, 1037
545, 327, 318
546, 309, 305
547, 305, 314
548, 314, 300
549, 1034, 314
550, 278, 286
551, 286, 326
552, 300, 278
553, 323, 300
554, 326, 319
555, 319, 325
556, 331, 326
557, 325, 304
558, 304, 1032
559, 358, 325
560, 1032, 306
561, 306, 311
562, 329, 1032
563, 279, 281
564, 281, 303
565, 311, 279
566, 303, 317
567, 1038, 311
568, 1035, 317
569, 298, 301
570, 294, 298
571, 317, 294
572, 301, 310
573, 338, 317
574, 310, 1033
575, 330, 310
576, 1033, 290
577, 290, 316
578, 339, 1033
579, 316, 308
580, 308, 1132
581, 333, 316
582, 320, 1036
583, 341, 320
584, 334, 344
585, 321, 322
586, 340, 324
587, 324, 321
588, 322, 343
589, 349, 327
590, 327, 345
591, 347, 1034
592, 332, 329
593, 329, 369
594, 1035, 338
595, 338, 357
596, 337, 346
597, 1133, 336
598, 336, 341
599, 341, 366
600, 1036, 328
601, 328, 334
602, 348, 1036
603, 334, 365
604, 344, 335
605, 335, 375
606, 388, 344
607, 375, 340
608, 340, 363
609, 382, 375
610, 343, 351
611, 362, 343
612, 356, 349
613, 349, 361
614, 345, 342
615, 361, 345
616, 386, 361
617, 1037, 309
618, 342, 1037
619, 309, 347
620, 347, 364
621, 354, 342
622, 1034, 323
623, 323, 350
624, 360, 1034
625, 350, 331
626, 331, 1039
627, 359, 350
628, 1039, 358
629, 358, 368
630, 368, 332
631, 332, 391
632, 385, 368
633, 392, 378
634, 1038, 1035
635, 1035, 374
636, 357, 353
637, 374, 357
638, 384, 374
639, 379, 333
640, 333, 337
641, 337, 381
642, 346, 1134
643, 380, 346
644, 376, 348
645, 365, 390
646, 348, 365
647, 351, 356
648, 377, 351
649, 356, 373
650, 371, 359
651, 359, 394
652, 403, 385
653, 385, 398
654, 369, 1038
655, 378, 369
656, 372, 378
657, 1038, 355
658, 353, 330
659, 330, 339
660, 339, 352
661, 383, 353
662, 396, 379
663, 379, 389
664, 1135, 405
665, 366, 376
666, 405, 366
667, 376, 395
668, 420, 405
669, 395, 399
670, 436, 395
671, 390, 388
672, 388, 402
673, 399, 390
674, 424, 399
675, 402, 382
676, 382, 400
677, 418, 402
678, 363, 362
679, 400, 363
680, 362, 387
681, 421, 400
682, 387, 377
683, 373, 397
684, 377, 373
685, 415, 387
686, 397, 386
687, 386, 370
688, 426, 397
689, 370, 354
690, 354, 367
691, 419, 370
692, 364, 360
693, 367, 364
694, 360, 371
695, 371, 407
696, 417, 367
697, 394, 1039
698, 1039, 406
699, 407, 394
700, 422, 407
701, 409, 403
702, 403, 416
703, 391, 392
704, 398, 391
705, 392, 412
706, 416, 398
707, 431, 416
708, 411, 372
709, 355, 404
710, 372, 355
711, 404, 384
712, 384, 393
713, 1042, 404
714, 393, 383
715, 383, 401
716, 414, 393
717, 352, 396
718, 401, 352
719, 396, 1040
720, 408, 401
721, 1040, 410
722, 381, 380
723, 389, 381
724, 380, 1136
725, 410, 389
726, 445, 410
727, 444, 1137
728, 1138, 420
729, 420, 425
730, 443, 424
731, 424, 442
732, 437, 421
733, 428, 423
734, 427, 419
735, 419, 417
736, 417, 446
737, 441, 422
738, 422, 448
739, 434, 431
740, 431, 451
741, 457, 449
742, 1042, 430
743, 413, 408
744, 408, 429
745, 425, 438
746, 1139, 425
747, 438, 436
748, 436, 443
749, 443, 456
750, 476, 438
751, 442, 435
752, 456, 442
753, 479, 456
754, 435, 418
755, 418, 437
756, 437, 450
757, 1044, 435
758, 421, 428
759, 464, 421
760, 428, 439
761, 423, 415
762, 415, 426
763, 426, 433
764, 467, 423
765, 454, 427
766, 427, 1041
767, 471, 1041
768, 447, 441
769, 441, 469
770, 448, 440
771, 463, 448
772, 406, 409
773, 440, 406
774, 409, 434
775, 434, 465
776, 459, 440
777, 412, 411
778, 449, 412
779, 411, 1042
780, 1042, 449
781, 430, 1043
782, 470, 430
783, 1043, 414
784, 414, 413
785, 413, 453
786, 429, 432
787, 453, 429
788, 483, 453
789, 432, 1040
790, 1040, 462
791, 458, 432
792, 462, 445
793, 445, 455
794, 468, 462
795, 502, 479
796, 479, 489
797, 439, 474
798, 1045, 439
799, 433, 452
800, 461, 433
801, 446, 447
802, 1041, 446
803, 472, 1041
804, 447, 488
805, 475, 459
806, 459, 465
807, 460, 457
808, 457, 473
809, 480, 1043
810, 1043, 486
811, 485, 458
812, 458, 466
813, 455, 444
814, 444, 1140
815, 478, 455
816, 1141, 478
817, 1142, 495
818, 490, 476
819, 476, 497
820, 500, 502
821, 502, 517
822, 489, 1044
823, 518, 489
824, 450, 464
825, 1044, 450
826, 464, 1045
827, 509, 1044
828, 474, 467
829, 467, 461
830, 1046, 474
831, 461, 487
832, 525, 1046
833, 452, 454
834, 454, 492
835, 487, 452
836, 501, 487
837, 494, 471
838, 471, 482
839, 482, 472
840, 488, 499
841, 472, 488
842, 516, 482
843, 469, 463
844, 499, 469
845, 463, 475
846, 475, 493
847, 493, 496
848, 529, 493
849, 451, 460
850, 465, 451
851, 496, 465
852, 460, 506
853, 514, 496
854, 503, 481
855, 473, 470
856, 470, 480
857, 481, 473
858, 480, 505
859, 530, 481
860, 536, 505
861, 486, 483
862, 483, 485
863, 491, 486
864, 485, 512
865, 466, 484
866, 512, 466
867, 521, 512
868, 484, 468
869, 468, 477
870, 504, 484
871, 477, 478
872, 478, 511
873, 542, 477
874, 513, 1143
875, 528, 518
876, 518, 509
877, 509, 510
878, 1045, 1046
879, 507, 1045
880, 1046, 527
881, 533, 501
882, 501, 498
883, 515, 499
884, 499, 508
885, 545, 529
886, 529, 524
887, 506, 503
888, 522, 506
889, 503, 526
890, 505, 491
891, 564, 505
892, 491, 538
893, 544, 521
894, 521, 519
895, 511, 513
896, 1051, 542
897, 542, 511
898, 513, 1144
899, 495, 490
900, 532, 495
901, 490, 520
902, 531, 550
903, 497, 500
904, 520, 497
905, 500, 570
906, 587, 531
907, 531, 520
908, 517, 528
909, 555, 517
910, 528, 541
911, 541, 549
912, 548, 541
913, 510, 507
914, 527, 556
915, 537, 510
916, 507, 527
917, 578, 525
918, 525, 534
919, 492, 494
920, 498, 492
921, 494, 547
922, 1047, 498
923, 559, 1047
924, 547, 516
925, 516, 515
926, 515, 554
927, 553, 547
928, 554, 552
929, 561, 554
930, 539, 545
931, 545, 588
932, 579, 568
933, 524, 514
934, 514, 523
935, 596, 524
936, 540, 546
937, 595, 585
938, 526, 530
939, 530, 535
940, 546, 526
941, 562, 546
942, 535, 536
943, 536, 565
944, 551, 535
945, 538, 557
946, 560, 538
947, 557, 544
948, 544, 566
949, 584, 557
950, 519, 504
951, 504, 543
952, 566, 519
953, 572, 566
954, 543, 1051
955, 1048, 543
956, 574, 1145
957, 1146, 532
958, 550, 580
959, 532, 550
960, 556, 573
961, 549, 537
962, 590, 549
963, 537, 556
964, 534, 533
965, 533, 1047
966, 567, 534
967, 1047, 563
968, 569, 553
969, 553, 561
970, 561, 576
971, 508, 539
972, 552, 508
973, 568, 552
974, 539, 568
975, 523, 522
976, 522, 540
977, 585, 523
978, 540, 585
979, 575, 562
980, 562, 551
981, 551, 1050
982, 571, 564
983, 564, 560
984, 560, 584
985, 584, 591
986, 1048, 582
987, 1147, 583
988, 580, 587
989, 587, 1053
990, 583, 580
991, 1148, 583
992, 570, 555
993, 1053, 570
994, 555, 558
995, 558, 548
996, 548, 593
997, 615, 558
998, 573, 578
999, 578, 592
1000, 1049, 573
1001, 623, 1049
1002, 592, 567
1003, 563, 586
1004, 567, 563
1005, 604, 592
1006, 586, 559
1007, 559, 577
1008, 619, 586
1009, 577, 569
1010, 569, 626
1011, 629, 577
1012, 576, 579
1013, 579, 597
1014, 608, 576
1015, 597, 599
1016, 594, 596
1017, 596, 1056
1018, 600, 603
1019, 603, 575
1020, 575, 1050
1021, 630, 603
1022, 1050, 589
1023, 601, 1050
1024, 565, 571
1025, 589, 565
1026, 571, 610
1027, 625, 589
1028, 591, 598
1029, 610, 591
1030, 613, 610
1031, 598, 572
1032, 572, 1048
1033, 1048, 606
1034, 620, 598
1035, 1051, 574
1036, 582, 1051
1037, 574, 581
1038, 602, 582
1039, 581, 607
1040, 609, 602
1041, 602, 581
1042, 605, 1149
1043, 1150, 1052
1044, 612, 615
1045, 615, 1057
1046, 614, 604
1047, 604, 622
1048, 626, 621
1049, 611, 597
1050, 597, 1055
1051, 1056, 595
1052, 595, 600
1053, 600, 627
1054, 633, 601
1055, 601, 625
1056, 628, 620
1057, 620, 638
1058, 606, 609
1059, 636, 606
1060, 609, 617
1061, 1052, 616
1062, 616, 1053
1063, 1053, 612
1064, 612, 641
1065, 642, 616
1066, 641, 648
1067, 664, 641
1068, 593, 590
1069, 590, 1049
1070, 1057, 593
1071, 1049, 637
1072, 637, 623
1073, 623, 632
1074, 649, 637
1075, 632, 614
1076, 614, 661
1077, 643, 632
1078, 622, 619
1079, 619, 629
1080, 662, 622
1081, 629, 626
1082, 626, 653
1083, 645, 629
1084, 621, 608
1085, 608, 611
1086, 671, 621
1087, 611, 1054
1088, 671, 1054
1089, 588, 594
1090, 599, 588
1091, 1055, 599
1092, 594, 640
1093, 660, 624
1094, 624, 1056
1095, 627, 646
1096, 1056, 627
1097, 1060, 624
1098, 639, 665
1099, 625, 635
1100, 1061, 625
1101, 635, 618
1102, 651, 635
1103, 618, 613
1104, 613, 628
1105, 628, 659
1106, 668, 618
1107, 638, 636
1108, 636, 644
1109, 617, 634
1110, 644, 617
1111, 670, 644
1112, 607, 605
1113, 631, 607
1114, 605, 1151
1115, 647, 1052
1116, 1052, 642
1117, 642, 669
1118, 648, 1057
1119, 657, 648
1120, 1057, 650
1121, 680, 643
1122, 643, 672
1123, 654, 645
1124, 645, 656
1125, 640, 652
1126, 1054, 1055
1127, 1059, 1054
1128, 1055, 640
1129, 658, 660
1130, 660, 673
1131, 646, 630
1132, 630, 633
1133, 633, 639
1134, 666, 646
1135, 639, 674
1136, 655, 651
1137, 651, 676
1138, 663, 638
1139, 638, 678
1140, 634, 631
1141, 1062, 634
1142, 631, 1152
1143, 1153, 647
1144, 647, 682
1145, 682, 675
1146, 691, 682
1147, 669, 664
1148, 664, 657
1149, 675, 669
1150, 657, 1058
1151, 699, 675
1152, 1058, 686
1153, 650, 649
1154, 649, 679
1155, 686, 650
1156, 713, 686
1157, 661, 662
1158, 672, 661
1159, 662, 667
1160, 690, 672
1161, 667, 654
1162, 654, 677
1163, 708, 667
1164, 653, 671
1165, 656, 653
1166, 671, 681
1167, 677, 656
1168, 696, 677
1169, 681, 1059
1170, 688, 681
1171, 652, 658
1172, 1059, 652
1173, 658, 689
1174, 1063, 1059
1175, 673, 683
1176, 689, 673
1177, 1064, 689
1178, 683, 1060
1179, 697, 683
1180, 1060, 666
1181, 674, 692
1182, 666, 674
1183, 698, 1060
1184, 665, 1061
1185, 692, 665
1186, 702, 692
1187, 1061, 655
1188, 655, 685
1189, 703, 1061
1190, 659, 663
1191, 676, 668
1192, 668, 659
1193, 685, 676
1194, 663, 684
1195, 694, 685
1196, 684, 687
1197, 718, 684
1198, 678, 670
1199, 670, 1062
1200, 687, 678
1201, 707, 687
1202, 1062, 1154
1203, 701, 1062
1204, 695, 691
1205, 691, 723
1206, 714, 724
1207, 704, 732
1208, 721, 696
1209, 696, 709
1210, 693, 688
1211, 688, 1063
1212, 705, 694
1213, 694, 706
1214, 715, 701
1215, 701, 700
1216, 1155, 695
1217, 695, 1208
1218, 723, 699
1219, 699, 712
1220, 743, 723
1221, 712, 1058
1222, 1058, 714
1223, 714, 730
1224, 719, 712
1225, 724, 713
1226, 713, 725
1227, 734, 724
1228, 738, 744
1229, 679, 680
1230, 680, 690
1231, 725, 679
1232, 690, 704
1233, 704, 738
1234, 738, 725
1235, 732, 737
1236, 748, 732
1237, 737, 708
1238, 708, 721
1239, 721, 731
1240, 754, 737
1241, 709, 711
1242, 731, 709
1243, 747, 731
1244, 711, 693
1245, 693, 740
1246, 766, 711
1247, 1063, 735
1248, 740, 1063
1249, 745, 740
1250, 736, 1064
1251, 710, 697
1252, 697, 727
1253, 717, 698
1254, 698, 720
1255, 720, 702
1256, 702, 716
1257, 772, 720
1258, 716, 703
1259, 703, 705
1260, 705, 729
1261, 758, 716
1262, 706, 728
1263, 729, 706
1264, 759, 729
1265, 728, 726
1266, 742, 757
1267, 753, 728
1268, 726, 718
1269, 718, 707
1270, 707, 722
1271, 733, 742
1272, 742, 726
1273, 722, 715
1274, 751, 733
1275, 715, 739
1276, 733, 722
1277, 700, 1156
1278, 1065, 700
1279, 1208, 1066
1280, 730, 741
1281, 749, 719
1282, 719, 730
1283, 735, 736
1284, 755, 735
1285, 736, 746
1286, 727, 717
1287, 752, 727
1288, 717, 768
1289, 782, 758
1290, 758, 769
1291, 1065, 1157
1292, 1158, 1066
1293, 1066, 743
1294, 743, 763
1295, 801, 1066
1296, 763, 749
1297, 749, 765
1298, 810, 763
1299, 741, 734
1300, 734, 750
1301, 765, 741
1302, 779, 765
1303, 744, 770
1304, 750, 744
1305, 1067, 750
1306, 770, 748
1307, 748, 767
1308, 776, 770
1309, 767, 754
1310, 754, 762
1311, 785, 767
1312, 762, 747
1313, 747, 780
1314, 791, 762
1315, 780, 771
1316, 799, 780
1317, 771, 766
1318, 766, 745
1319, 745, 760
1320, 789, 771
1321, 760, 755
1322, 755, 786
1323, 783, 760
1324, 1064, 710
1325, 746, 1064
1326, 710, 756
1327, 784, 746
1328, 756, 752
1329, 768, 778
1330, 752, 768
1331, 800, 756
1332, 777, 772
1333, 772, 781
1334, 769, 773
1335, 792, 769
1336, 773, 759
1337, 759, 774
1338, 805, 773
1339, 757, 775
1340, 774, 753
1341, 753, 757
1342, 802, 774
1343, 775, 761
1344, 794, 775
1345, 761, 751
1346, 751, 764
1347, 788, 761
1348, 739, 1065
1349, 764, 739
1350, 1065, 787
1351, 788, 764
1352, 787, 1159
1353, 798, 787
1354, 815, 810
1355, 810, 813
1356, 795, 1067
1357, 814, 804
1358, 806, 1160
1359, 1161, 801
1360, 801, 809
1361, 809, 815
1362, 815, 858
1363, 841, 809
1364, 813, 779
1365, 779, 816
1366, 1068, 813
1367, 820, 795
1368, 795, 1071
1369, 1067, 776
1370, 776, 822
1371, 826, 1067
1372, 822, 821
1373, 821, 785
1374, 785, 791
1375, 791, 811
1376, 1069, 821
1377, 812, 799
1378, 799, 797
1379, 856, 817
1380, 796, 803
1381, 839, 830
1382, 786, 784
1383, 803, 786
1384, 784, 793
1385, 837, 803
1386, 814, 843
1387, 778, 777
1388, 804, 778
1389, 777, 823
1390, 1070, 804
1391, 790, 792
1392, 792, 825
1393, 825, 805
1394, 805, 808
1395, 834, 825
1396, 808, 802
1397, 802, 819
1398, 833, 808
1399, 819, 794
1400, 794, 827
1401, 847, 819
1402, 829, 824
1403, 824, 788
1404, 788, 807
1405, 842, 824
1406, 818, 1162
1407, 816, 820
1408, 1068, 816
1409, 820, 845
1410, 828, 822
1411, 822, 838
1412, 811, 812
1413, 1069, 811
1414, 812, 846
1415, 797, 789
1416, 789, 783
1417, 783, 796
1418, 817, 797
1419, 830, 817
1420, 796, 830
1421, 793, 800
1422, 800, 814
1423, 832, 793
1424, 814, 831
1425, 781, 782
1426, 782, 790
1427, 823, 781
1428, 1070, 823
1429, 790, 835
1430, 836, 833
1431, 833, 868
1432, 827, 829
1433, 860, 827
1434, 829, 844
1435, 807, 798
1436, 798, 806
1437, 806, 818
1438, 1072, 807
1439, 818, 859
1440, 1163, 853
1441, 853, 841
1442, 841, 864
1443, 899, 853
1444, 862, 850
1445, 850, 1068
1446, 845, 857
1447, 1068, 845
1448, 888, 850
1449, 857, 1071
1450, 876, 857
1451, 1071, 826
1452, 826, 828
1453, 828, 852
1454, 885, 1071
1455, 838, 1069
1456, 852, 838
1457, 1069, 855
1458, 880, 852
1459, 855, 866
1460, 884, 855
1461, 846, 856
1462, 866, 846
1463, 900, 866
1464, 856, 839
1465, 839, 854
1466, 865, 856
1467, 854, 849
1468, 889, 854
1469, 849, 837
1470, 837, 832
1471, 831, 861
1472, 832, 831
1473, 878, 849
1474, 843, 848
1475, 861, 843
1476, 871, 861
1477, 848, 1070
1478, 882, 848
1479, 835, 834
1480, 834, 840
1481, 851, 835
1482, 840, 836
1483, 836, 870
1484, 1073, 840
1485, 868, 847
1486, 847, 863
1487, 863, 860
1488, 860, 867
1489, 874, 863
1490, 844, 842
1491, 842, 1072
1492, 867, 844
1493, 875, 867
1494, 872, 873
1495, 858, 862
1496, 864, 858
1497, 894, 864
1498, 862, 891
1499, 890, 885
1500, 885, 880
1501, 880, 892
1502, 877, 865
1503, 865, 889
1504, 889, 909
1505, 883, 871
1506, 871, 881
1507, 1070, 851
1508, 903, 1070
1509, 851, 869
1510, 887, 1073
1511, 874, 875
1512, 875, 908
1513, 873, 1164
1514, 907, 873
1515, 1165, 899
1516, 899, 910
1517, 910, 894
1518, 891, 926
1519, 894, 891
1520, 917, 910
1521, 926, 888
1522, 888, 893
1523, 893, 876
1524, 876, 897
1525, 930, 893
1526, 898, 890
1527, 890, 1074
1528, 892, 884
1529, 884, 896
1530, 1074, 892
1531, 896, 1075
1532, 919, 896
1533, 1075, 900
1534, 900, 895
1535, 895, 877
1536, 877, 901
1537, 931, 895
1538, 909, 878
1539, 878, 883
1540, 923, 909
1541, 883, 922
1542, 940, 922
1543, 881, 886
1544, 920, 881
1545, 886, 882
1546, 882, 904
1547, 914, 886
1548, 869, 911
1549, 902, 869
1550, 911, 887
1551, 887, 921
1552, 918, 911
1553, 870, 868
1554, 1073, 870
1555, 868, 879
1556, 915, 1073
1557, 879, 874
1558, 874, 927
1559, 912, 879
1560, 908, 905
1561, 933, 908
1562, 859, 872
1563, 1072, 859
1564, 905, 1072
1565, 872, 907
1566, 907, 925
1567, 916, 905
1568, 949, 1166
1569, 897, 898
1570, 944, 930
1571, 930, 897
1572, 898, 934
1573, 929, 1074
1574, 1074, 919
1575, 901, 923
1576, 1076, 931
1577, 931, 901
1578, 923, 1077
1579, 935, 914
1580, 914, 913
1581, 924, 918
1582, 918, 937
1583, 921, 915
1584, 938, 921
1585, 915, 912
1586, 912, 932
1587, 925, 947
1588, 936, 916
1589, 916, 925
1590, 951, 1167
1591, 1168, 941
1592, 941, 917
1593, 917, 945
1594, 984, 941
1595, 945, 926
1596, 926, 953
1597, 969, 945
1598, 956, 944
1599, 934, 943
1600, 944, 934
1601, 967, 944
1602, 943, 929
1603, 929, 976
1604, 962, 943
1605, 919, 928
1606, 961, 919
1607, 928, 1075
1608, 1075, 1076
1609, 950, 928
1610, 1076, 942
1611, 960, 1076
1612, 942, 1077
1613, 982, 942
1614, 1077, 940
1615, 940, 948
1616, 979, 1077
1617, 922, 920
1618, 948, 922
1619, 920, 935
1620, 935, 946
1621, 980, 948
1622, 904, 906
1623, 913, 904
1624, 946, 913
1625, 957, 946
1626, 906, 903
1627, 903, 902
1628, 902, 924
1629, 924, 1079
1630, 965, 906
1631, 937, 938
1632, 966, 937
1633, 938, 958
1634, 927, 939
1635, 932, 927
1636, 952, 932
1637, 975, 959
1638, 939, 933
1639, 933, 936
1640, 936, 955
1641, 959, 939
1642, 963, 959
1643, 947, 949
1644, 949, 951
1645, 954, 947
1646, 951, 1169
1647, 1170, 994
1648, 971, 970
1649, 981, 967
1650, 967, 962
1651, 962, 997
1652, 976, 961
1653, 961, 950
1654, 950, 974
1655, 985, 960
1656, 960, 982
1657, 982, 1078
1658, 958, 952
1659, 972, 958
1660, 952, 977
1661, 955, 954
1662, 964, 955
1663, 954, 978
1664, 993, 984
1665, 983, 969
1666, 969, 971
1667, 971, 995
1668, 953, 956
1669, 970, 953
1670, 956, 989
1671, 990, 970
1672, 989, 1171
1673, 1080, 989
1674, 1006, 981
1675, 981, 997
1676, 998, 976
1677, 976, 986
1678, 974, 992
1679, 986, 974
1680, 1004, 986
1681, 1000, 1078
1682, 1002, 979
1683, 979, 980
1684, 980, 991
1685, 999, 979
1686, 991, 957
1687, 957, 968
1688, 968, 965
1689, 965, 973
1690, 1209, 968
1691, 1079, 966
1692, 966, 1172
1693, 1003, 972
1694, 972, 1173
1695, 977, 975
1696, 975, 987
1697, 1174, 977
1698, 978, 1001
1699, 988, 978
1700, 1005, 1175
1701, 984, 983
1702, 1176, 984
1703, 983, 1177
1704, 1080, 1178
1705, 997, 998
1706, 1179, 997
1707, 998, 1180
1708, 992, 985
1709, 985, 1000
1710, 1181, 992
1711, 1000, 1182
1712, 1078, 1002
1713, 1183, 1078
1714, 1002, 1184
1715, 1185, 991
1716, 991, 1186
1717, 973, 1079
1718, 1187, 973
1719, 1079, 1188
1720, 987, 963
1721, 963, 964
1722, 964, 996
1723, 1189, 987
1724, 996, 1190
1725, 1001, 1005
1726, 1210, 1001
1727, 1005, 1191
1728, 994, 993
1729, 1192, 994
1730, 993, 1193
1731, 995, 990
1732, 1194, 995
1733, 990, 1080
1734, 1080, 1195
1735, 1196, 1006
1736, 1006, 1197
1737, 1198, 1004
1738, 1004, 1199
1739, 1200, 999
1740, 999, 1201
1741, 1202, 1003
1742, 1003, 1203
1743, 996, 988
1744, 1204, 996
1745, 988, 1210
