1, 6, 842
2, 5, 843
3, 11, 844
4, 658, 845
5, 4, 846
6, 847, 659
7, 1, 848
8, 849, 16
9, 17, 850
10, 659, 851
11, 657, 852
12, 853, 12
13, 854, 3
14, 15, 855
15, 8, 856
16, 22, 857
17, 858, 10
18, 660, 859
19, 658, 860
20, 661, 861
21, 862, 4
22, 4, 9
23, 662, 863
24, 2, 864
25, 951, 7
26, 21, 865
27, 866, 27
28, 949, 1
29, 1, 867
30, 950, 948
31, 16, 950
32, 948, 949
33, 949, 33
34, 34, 948
35, 952, 6
36, 6, 5
37, 5, 8
38, 8, 18
39, 868, 657
40, 25, 869
41, 3, 2
42, 664, 3
43, 2, 32
44, 12, 15
45, 657, 12
46, 7, 20
47, 35, 7
48, 10, 11
49, 660, 10
50, 11, 658
51, 41, 11
52, 658, 661
53, 40, 658
54, 9, 14
55, 662, 9
56, 14, 13
57, 46, 14
58, 13, 659
59, 659, 21
60, 21, 26
61, 668, 13
62, 19, 17
63, 17, 16
64, 16, 23
65, 952, 43
66, 18, 28
67, 42, 18
68, 663, 657
69, 657, 49
70, 37, 870
71, 24, 22
72, 22, 660
73, 660, 31
74, 15, 664
75, 45, 15
76, 20, 19
77, 666, 20
78, 19, 52
79, 32, 35
80, 664, 32
81, 23, 38
82, 665, 23
83, 50, 661
84, 661, 662
85, 58, 661
86, 662, 51
87, 59, 662
88, 26, 30
89, 47, 26
90, 30, 29
91, 63, 30
92, 27, 25
93, 29, 27
94, 25, 663
95, 670, 29
96, 33, 37
97, 36, 34
98, 34, 33
99, 37, 39
100, 28, 24
101, 56, 28
102, 24, 669
103, 871, 43
104, 31, 48
105, 669, 31
106, 667, 664
107, 664, 64
108, 44, 41
109, 41, 40
110, 40, 50
111, 50, 55
112, 35, 666
113, 61, 35
114, 38, 36
115, 671, 38
116, 36, 673
117, 52, 665
118, 666, 52
119, 872, 71
120, 39, 873
121, 673, 39
122, 663, 53
123, 670, 663
124, 53, 54
125, 78, 53
126, 49, 45
127, 54, 49
128, 45, 667
129, 674, 54
130, 668, 47
131, 47, 65
132, 69, 51
133, 51, 46
134, 46, 668
135, 668, 74
136, 672, 51
137, 43, 42
138, 42, 56
139, 56, 57
140, 70, 43
141, 48, 44
142, 73, 48
143, 44, 675
144, 60, 669
145, 55, 66
146, 675, 55
147, 72, 666
148, 666, 83
149, 62, 58
150, 58, 59
151, 59, 69
152, 665, 671
153, 76, 665
154, 82, 874
155, 671, 673
156, 57, 60
157, 85, 57
158, 60, 90
159, 667, 67
160, 674, 667
161, 67, 68
162, 98, 67
163, 64, 61
164, 68, 64
165, 61, 72
166, 72, 79
167, 680, 68
168, 670, 81
169, 65, 63
170, 80, 65
171, 63, 670
172, 670, 678
173, 679, 63
174, 669, 73
175, 88, 669
176, 66, 62
177, 677, 66
178, 62, 91
179, 75, 675
180, 69, 77
181, 676, 69
182, 94, 671
183, 671, 96
184, 71, 70
185, 875, 71
186, 70, 85
187, 85, 89
188, 74, 80
189, 672, 74
190, 80, 86
191, 673, 82
192, 95, 673
193, 82, 876
194, 87, 82
195, 73, 75
196, 100, 73
197, 75, 683
198, 79, 84
199, 680, 79
200, 84, 83
201, 687, 84
202, 83, 76
203, 76, 94
204, 94, 681
205, 688, 83
206, 674, 97
207, 81, 78
208, 678, 81
209, 78, 674
210, 674, 106
211, 105, 78
212, 675, 677
213, 683, 675
214, 77, 672
215, 686, 77
216, 672, 682
217, 91, 676
218, 677, 91
219, 86, 99
220, 682, 86
221, 107, 87
222, 87, 877
223, 89, 92
224, 878, 89
225, 92, 93
226, 113, 92
227, 90, 88
228, 93, 90
229, 88, 100
230, 100, 102
231, 114, 93
232, 679, 678
233, 678, 101
234, 684, 677
235, 677, 690
236, 97, 98
237, 685, 97
238, 98, 680
239, 121, 98
240, 680, 108
241, 691, 680
242, 688, 681
243, 681, 96
244, 692, 681
245, 96, 95
246, 95, 107
247, 107, 110
248, 693, 96
249, 676, 686
250, 116, 676
251, 99, 679
252, 119, 99
253, 679, 689
254, 686, 682
255, 101, 111
256, 689, 101
257, 879, 117
258, 102, 104
259, 115, 102
260, 104, 103
261, 697, 104
262, 103, 683
263, 683, 684
264, 698, 103
265, 106, 685
266, 109, 105
267, 105, 106
268, 123, 686
269, 686, 127
270, 108, 687
271, 691, 108
272, 687, 688
273, 128, 687
274, 688, 122
275, 699, 688
276, 110, 112
277, 693, 110
278, 112, 880
279, 701, 112
280, 682, 119
281, 125, 682
282, 111, 109
283, 700, 111
284, 109, 696
285, 119, 689
286, 685, 695
287, 696, 685
288, 117, 118
289, 694, 117
290, 118, 113
291, 113, 114
292, 702, 118
293, 114, 115
294, 115, 697
295, 135, 114
296, 684, 120
297, 698, 684
298, 120, 690
299, 704, 120
300, 690, 116
301, 116, 123
302, 123, 126
303, 705, 690
304, 695, 121
305, 121, 691
306, 691, 124
307, 134, 119
308, 119, 141
309, 122, 692
310, 699, 122
311, 692, 693
312, 146, 692
313, 693, 131
314, 147, 693
315, 881, 694
316, 689, 700
317, 139, 689
318, 707, 695
319, 695, 143
320, 700, 696
321, 124, 133
322, 703, 124
323, 142, 697
324, 697, 698
325, 150, 697
326, 698, 138
327, 151, 698
328, 126, 130
329, 705, 126
330, 130, 129
331, 154, 130
332, 127, 125
333, 129, 127
334, 125, 134
335, 134, 140
336, 709, 129
337, 132, 128
338, 128, 699
339, 699, 136
340, 694, 137
341, 882, 694
342, 706, 700
343, 700, 159
344, 131, 701
345, 147, 131
346, 701, 883
347, 164, 701
348, 702, 135
349, 135, 142
350, 696, 707
351, 157, 696
352, 133, 132
353, 161, 133
354, 132, 713
355, 143, 703
356, 707, 143
357, 136, 149
358, 713, 136
359, 138, 704
360, 155, 138
361, 704, 705
362, 711, 704
363, 705, 708
364, 175, 705
365, 140, 144
366, 158, 140
367, 144, 145
368, 173, 144
369, 141, 139
370, 145, 141
371, 139, 706
372, 715, 145
373, 148, 146
374, 146, 147
375, 147, 152
376, 137, 702
377, 167, 137
378, 702, 710
379, 142, 156
380, 710, 142
381, 171, 707
382, 707, 176
383, 153, 150
384, 150, 151
385, 151, 155
386, 155, 160
387, 703, 161
388, 172, 703
389, 149, 148
390, 179, 149
391, 148, 714
392, 165, 713
393, 152, 168
394, 714, 152
395, 712, 708
396, 708, 154
397, 154, 709
398, 186, 708
399, 709, 158
400, 158, 174
401, 187, 709
402, 706, 162
403, 715, 706
404, 162, 163
405, 718, 162
406, 159, 157
407, 163, 159
408, 157, 171
409, 171, 177
410, 191, 163
411, 884, 169
412, 166, 164
413, 164, 885
414, 156, 153
415, 716, 156
416, 153, 184
417, 170, 710
418, 160, 178
419, 185, 160
420, 161, 165
421, 183, 161
422, 165, 190
423, 711, 175
424, 175, 712
425, 713, 179
426, 188, 713
427, 168, 166
428, 194, 168
429, 166, 717
430, 182, 714
431, 169, 167
432, 167, 170
433, 886, 169
434, 170, 197
435, 717, 887
436, 174, 173
437, 189, 174
438, 173, 715
439, 202, 173
440, 715, 718
441, 203, 715
442, 177, 181
443, 192, 177
444, 181, 180
445, 724, 181
446, 176, 172
447, 180, 176
448, 172, 183
449, 183, 719
450, 207, 180
451, 710, 716
452, 197, 710
453, 178, 711
454, 199, 178
455, 711, 722
456, 184, 185
457, 716, 184
458, 712, 721
459, 722, 712
460, 179, 182
461, 720, 179
462, 182, 206
463, 721, 186
464, 186, 187
465, 187, 189
466, 189, 196
467, 714, 195
468, 204, 714
469, 194, 717
470, 717, 198
471, 211, 716
472, 716, 213
473, 723, 718
474, 718, 191
475, 218, 718
476, 191, 192
477, 192, 205
478, 729, 191
479, 208, 719
480, 719, 193
481, 731, 719
482, 190, 188
483, 193, 190
484, 188, 720
485, 725, 193
486, 185, 199
487, 212, 185
488, 727, 721
489, 721, 214
490, 199, 722
491, 196, 726
492, 728, 196
493, 195, 194
494, 215, 195
495, 194, 223
496, 888, 200
497, 200, 201
498, 954, 200
499, 201, 197
500, 197, 211
501, 734, 201
502, 726, 202
503, 202, 203
504, 203, 723
505, 198, 889
506, 221, 198
507, 225, 199
508, 199, 736
509, 205, 724
510, 729, 205
511, 724, 207
512, 230, 724
513, 207, 208
514, 208, 220
515, 737, 207
516, 720, 209
517, 725, 720
518, 209, 210
519, 738, 209
520, 206, 204
521, 210, 206
522, 204, 215
523, 215, 222
524, 231, 210
525, 722, 727
526, 227, 722
527, 733, 726
528, 726, 229
529, 214, 728
530, 727, 214
531, 219, 727
532, 723, 730
533, 732, 723
534, 211, 216
535, 734, 211
536, 216, 217
537, 739, 216
538, 213, 212
539, 217, 213
540, 212, 225
541, 225, 735
542, 239, 217
543, 730, 218
544, 218, 729
545, 729, 226
546, 236, 219
547, 219, 241
548, 220, 731
549, 737, 220
550, 731, 725
551, 245, 731
552, 725, 234
553, 244, 725
554, 222, 224
555, 232, 222
556, 224, 223
557, 744, 224
558, 223, 221
559, 221, 953
560, 246, 223
561, 728, 733
562, 240, 728
563, 743, 730
564, 730, 242
565, 229, 732
566, 733, 229
567, 226, 235
568, 745, 226
569, 954, 228
570, 955, 954
571, 228, 734
572, 734, 739
573, 252, 228
574, 238, 735
575, 735, 736
576, 740, 735
577, 736, 227
578, 227, 236
579, 236, 741
580, 748, 736
581, 233, 230
582, 230, 737
583, 737, 237
584, 742, 733
585, 733, 257
586, 234, 738
587, 249, 234
588, 738, 231
589, 259, 738
590, 231, 232
591, 232, 744
592, 260, 231
593, 247, 890
594, 732, 243
595, 254, 732
596, 235, 233
597, 746, 235
598, 233, 747
599, 242, 745
600, 743, 242
601, 237, 251
602, 747, 237
603, 255, 739
604, 739, 239
605, 266, 739
606, 239, 238
607, 238, 740
608, 267, 239
609, 256, 741
610, 741, 241
611, 750, 741
612, 241, 240
613, 240, 742
614, 751, 241
615, 248, 245
616, 245, 244
617, 244, 249
618, 249, 253
619, 243, 743
620, 263, 243
621, 743, 270
622, 262, 744
623, 744, 250
624, 279, 744
625, 250, 246
626, 246, 247
627, 247, 891
628, 278, 250
629, 955, 252
630, 252, 255
631, 255, 261
632, 745, 746
633, 269, 745
634, 251, 248
635, 749, 251
636, 248, 752
637, 746, 747
638, 253, 265
639, 752, 253
640, 274, 740
641, 740, 748
642, 285, 740
643, 748, 256
644, 256, 750
645, 286, 748
646, 742, 258
647, 271, 742
648, 258, 257
649, 291, 258
650, 257, 254
651, 254, 263
652, 263, 272
653, 753, 257
654, 264, 259
655, 259, 260
656, 260, 262
657, 262, 268
658, 892, 288
659, 261, 275
660, 754, 261
661, 287, 746
662, 746, 293
663, 282, 893
664, 273, 266
665, 266, 267
666, 267, 274
667, 274, 280
668, 747, 749
669, 289, 747
670, 265, 264
671, 295, 265
672, 264, 298
673, 281, 752
674, 268, 284
675, 758, 268
676, 292, 750
677, 750, 751
678, 756, 750
679, 751, 271
680, 271, 291
681, 305, 751
682, 272, 276
683, 753, 272
684, 276, 277
685, 761, 276
686, 270, 269
687, 277, 270
688, 269, 287
689, 287, 294
690, 309, 277
691, 283, 279
692, 279, 278
693, 278, 282
694, 282, 290
695, 275, 273
696, 300, 275
697, 273, 762
698, 288, 754
699, 894, 288
700, 280, 755
701, 762, 280
702, 749, 281
703, 301, 749
704, 281, 304
705, 755, 285
706, 285, 286
707, 286, 292
708, 292, 299
709, 752, 295
710, 303, 752
711, 284, 283
712, 759, 284
713, 283, 313
714, 298, 758
715, 297, 298
716, 290, 302
717, 315, 290
718, 757, 291
719, 291, 753
720, 319, 291
721, 753, 307
722, 318, 753
723, 308, 294
724, 294, 296
725, 765, 294
726, 293, 289
727, 296, 293
728, 289, 301
729, 301, 306
730, 324, 296
731, 754, 300
732, 300, 760
733, 956, 754
734, 763, 755
735, 755, 317
736, 760, 762
737, 299, 310
738, 320, 299
739, 295, 297
740, 316, 295
741, 297, 325
742, 756, 305
743, 305, 757
744, 758, 759
745, 321, 758
746, 302, 895
747, 329, 302
748, 313, 315
749, 314, 313
750, 767, 760
751, 760, 334
752, 306, 311
753, 328, 306
754, 311, 312
755, 345, 311
756, 304, 303
757, 312, 304
758, 303, 316
759, 316, 764
760, 770, 312
761, 307, 761
762, 323, 307
763, 761, 309
764, 337, 761
765, 309, 308
766, 308, 765
767, 336, 309
768, 762, 763
769, 332, 762
770, 310, 756
771, 766, 310
772, 756, 338
773, 317, 322
774, 763, 317
775, 757, 327
776, 338, 757
777, 759, 314
778, 339, 759
779, 314, 342
780, 956, 767
781, 326, 319
782, 319, 318
783, 318, 323
784, 323, 333
785, 315, 330
786, 340, 315
787, 329, 896
788, 768, 763
789, 763, 352
790, 328, 344
791, 348, 764
792, 764, 331
793, 363, 764
794, 325, 321
795, 331, 325
796, 321, 339
797, 339, 769
798, 361, 331
799, 343, 765
800, 765, 324
801, 324, 328
802, 328, 358
803, 357, 765
804, 322, 320
805, 320, 766
806, 351, 322
807, 327, 326
808, 356, 327
809, 326, 771
810, 766, 338
811, 338, 341
812, 333, 349
813, 771, 333
814, 330, 329
815, 353, 330
816, 329, 897
817, 957, 767
818, 767, 335
819, 772, 767
820, 334, 332
821, 335, 334
822, 332, 768
823, 773, 335
824, 346, 337
825, 337, 336
826, 336, 343
827, 343, 350
828, 368, 766
829, 766, 774
830, 362, 769
831, 769, 347
832, 775, 769
833, 342, 340
834, 347, 342
835, 340, 353
836, 353, 366
837, 381, 347
838, 344, 345
839, 360, 344
840, 345, 770
841, 377, 345
842, 770, 348
843, 348, 364
844, 378, 770
845, 341, 356
846, 371, 341
847, 349, 346
848, 373, 349
849, 346, 375
850, 359, 771
851, 350, 367
852, 379, 350
853, 957, 772
854, 768, 355
855, 773, 768
856, 355, 354
857, 777, 355
858, 352, 351
859, 354, 352
860, 351, 368
861, 368, 372
862, 392, 354
863, 358, 360
864, 365, 357
865, 357, 358
866, 360, 370
867, 356, 359
868, 385, 356
869, 359, 388
870, 361, 362
871, 362, 775
872, 366, 369
873, 382, 366
874, 369, 958
875, 778, 369
876, 959, 958
877, 364, 363
878, 380, 364
879, 363, 361
880, 361, 396
881, 397, 363
882, 771, 373
883, 386, 771
884, 367, 365
885, 776, 367
886, 365, 395
887, 375, 379
888, 376, 375
889, 370, 384
890, 780, 370
891, 898, 772
892, 772, 773
893, 402, 772
894, 773, 390
895, 779, 773
896, 372, 374
897, 391, 372
898, 374, 774
899, 781, 374
900, 774, 371
901, 371, 385
902, 385, 389
903, 405, 774
904, 383, 377
905, 377, 378
906, 378, 380
907, 380, 387
908, 373, 376
909, 400, 373
910, 376, 783
911, 398, 775
912, 775, 381
913, 785, 775
914, 381, 382
915, 382, 778
916, 411, 381
917, 379, 776
918, 404, 379
919, 384, 383
920, 786, 384
921, 383, 408
922, 395, 780
923, 776, 395
924, 387, 401
925, 410, 387
926, 390, 777
927, 779, 390
928, 777, 392
929, 414, 777
930, 392, 391
931, 391, 781
932, 415, 392
933, 389, 394
934, 405, 389
935, 394, 393
936, 422, 394
937, 388, 386
938, 393, 388
939, 386, 400
940, 400, 782
941, 787, 393
942, 396, 398
943, 399, 397
944, 397, 396
945, 398, 403
946, 899, 407
947, 784, 776
948, 776, 419
949, 412, 778
950, 778, 959
951, 429, 778
952, 406, 402
953, 402, 779
954, 779, 409
955, 780, 786
956, 416, 780
957, 401, 399
958, 424, 401
959, 399, 425
960, 408, 410
961, 786, 408
962, 403, 413
963, 790, 403
964, 418, 781
965, 781, 405
966, 434, 781
967, 405, 421
968, 435, 405
969, 787, 782
970, 782, 783
971, 792, 782
972, 783, 404
973, 404, 784
974, 793, 783
975, 785, 411
976, 411, 412
977, 412, 417
978, 407, 406
979, 789, 407
980, 406, 431
981, 409, 423
982, 788, 409
983, 433, 786
984, 786, 441
985, 420, 414
986, 414, 415
987, 415, 418
988, 418, 428
989, 410, 424
990, 436, 410
991, 413, 785
992, 443, 413
993, 785, 794
994, 425, 790
995, 424, 425
996, 417, 432
997, 794, 417
998, 421, 422
999, 437, 421
1000, 422, 787
1001, 449, 422
1002, 787, 438
1003, 450, 787
1004, 784, 426
1005, 793, 784
1006, 426, 427
1007, 797, 426
1008, 419, 416
1009, 427, 419
1010, 416, 433
1011, 433, 439
1012, 454, 427
1013, 900, 789
1014, 430, 429
1015, 429, 901
1016, 423, 420
1017, 795, 423
1018, 420, 447
1019, 431, 788
1020, 789, 431
1021, 428, 442
1022, 451, 428
1023, 448, 424
1024, 424, 796
1025, 440, 434
1026, 434, 435
1027, 435, 437
1028, 437, 446
1029, 790, 443
1030, 443, 791
1031, 457, 790
1032, 432, 430
1033, 458, 432
1034, 430, 461
1035, 791, 794
1036, 902, 789
1037, 789, 464
1038, 801, 903
1039, 438, 792
1040, 452, 438
1041, 792, 793
1042, 466, 792
1043, 793, 797
1044, 467, 793
1045, 439, 445
1046, 455, 439
1047, 445, 444
1048, 468, 445
1049, 441, 436
1050, 444, 441
1051, 436, 448
1052, 448, 453
1053, 803, 444
1054, 788, 795
1055, 463, 788
1056, 442, 440
1057, 802, 442
1058, 440, 465
1059, 447, 451
1060, 795, 447
1061, 446, 459
1062, 804, 446
1063, 470, 791
1064, 791, 472
1065, 456, 449
1066, 449, 450
1067, 450, 452
1068, 452, 462
1069, 794, 458
1070, 458, 798
1071, 471, 794
1072, 461, 801
1073, 798, 461
1074, 799, 795
1075, 795, 477
1076, 453, 460
1077, 803, 453
1078, 460, 796
1079, 489, 460
1080, 796, 457
1081, 457, 470
1082, 485, 796
1083, 800, 797
1084, 797, 454
1085, 486, 797
1086, 454, 455
1087, 455, 469
1088, 805, 454
1089, 451, 802
1090, 476, 451
1091, 459, 456
1092, 478, 459
1093, 456, 479
1094, 465, 804
1095, 802, 465
1096, 462, 475
1097, 483, 462
1098, 482, 798
1099, 798, 492
1100, 904, 464
1101, 464, 463
1102, 463, 799
1103, 807, 464
1104, 473, 466
1105, 466, 467
1106, 467, 800
1107, 801, 905
1108, 487, 801
1109, 496, 802
1110, 802, 499
1111, 803, 488
1112, 470, 474
1113, 484, 470
1114, 474, 472
1115, 806, 474
1116, 472, 471
1117, 471, 482
1118, 482, 493
1119, 511, 472
1120, 469, 468
1121, 805, 469
1122, 468, 803
1123, 803, 508
1124, 509, 468
1125, 804, 478
1126, 497, 804
1127, 475, 473
1128, 501, 475
1129, 473, 505
1130, 479, 483
1131, 478, 479
1132, 800, 491
1133, 507, 800
1134, 504, 906
1135, 799, 481
1136, 807, 799
1137, 481, 480
1138, 809, 481
1139, 477, 476
1140, 480, 477
1141, 476, 496
1142, 496, 500
1143, 517, 480
1144, 486, 805
1145, 805, 498
1146, 513, 478
1147, 478, 521
1148, 493, 494
1149, 510, 493
1150, 494, 495
1151, 531, 494
1152, 492, 487
1153, 495, 492
1154, 487, 504
1155, 504, 960
1156, 532, 495
1157, 488, 489
1158, 508, 488
1159, 489, 490
1160, 526, 489
1161, 490, 485
1162, 485, 484
1163, 484, 806
1164, 527, 490
1165, 483, 501
1166, 516, 483
1167, 491, 486
1168, 808, 491
1169, 486, 523
1170, 505, 507
1171, 506, 505
1172, 498, 514
1173, 523, 498
1174, 528, 523
1175, 907, 807
1176, 807, 520
1177, 811, 807
1178, 500, 502
1179, 518, 500
1180, 502, 503
1181, 813, 502
1182, 499, 497
1183, 503, 499
1184, 497, 513
1185, 513, 522
1186, 814, 503
1187, 512, 509
1188, 509, 508
1189, 508, 519
1190, 501, 506
1191, 535, 501
1192, 506, 538
1193, 511, 510
1194, 510, 531
1195, 533, 960
1196, 810, 515
1197, 806, 511
1198, 515, 806
1199, 511, 544
1200, 543, 515
1201, 507, 808
1202, 537, 507
1203, 514, 512
1204, 540, 514
1205, 512, 812
1206, 529, 528
1207, 519, 534
1208, 812, 519
1209, 520, 809
1210, 811, 520
1211, 809, 517
1212, 816, 809
1213, 517, 518
1214, 518, 813
1215, 549, 517
1216, 522, 525
1217, 539, 522
1218, 525, 524
1219, 551, 525
1220, 521, 516
1221, 524, 521
1222, 516, 535
1223, 535, 536
1224, 819, 524
1225, 530, 526
1226, 526, 527
1227, 527, 810
1228, 808, 529
1229, 548, 808
1230, 529, 552
1231, 815, 531
1232, 531, 532
1233, 558, 531
1234, 532, 533
1235, 533, 908
1236, 559, 532
1237, 909, 811
1238, 528, 540
1239, 550, 528
1240, 534, 530
1241, 818, 534
1242, 530, 821
1243, 545, 812
1244, 810, 547
1245, 821, 810
1246, 817, 813
1247, 813, 814
1248, 566, 813
1249, 814, 539
1250, 539, 554
1251, 567, 814
1252, 536, 542
1253, 819, 536
1254, 542, 541
1255, 574, 542
1256, 538, 537
1257, 541, 538
1258, 537, 548
1259, 548, 553
1260, 824, 541
1261, 544, 815
1262, 546, 543
1263, 543, 544
1264, 910, 563
1265, 811, 555
1266, 565, 811
1267, 540, 545
1268, 564, 540
1269, 545, 573
1270, 820, 911
1271, 816, 549
1272, 549, 817
1273, 812, 818
1274, 568, 812
1275, 547, 546
1276, 822, 547
1277, 546, 823
1278, 561, 821
1279, 815, 562
1280, 823, 815
1281, 554, 551
1282, 569, 554
1283, 551, 819
1284, 587, 551
1285, 819, 575
1286, 586, 819
1287, 553, 556
1288, 572, 553
1289, 556, 557
1290, 827, 556
1291, 552, 550
1292, 557, 552
1293, 550, 564
1294, 564, 570
1295, 828, 557
1296, 560, 558
1297, 558, 559
1298, 559, 820
1299, 555, 816
1300, 583, 555
1301, 816, 585
1302, 563, 565
1303, 912, 563
1304, 565, 571
1305, 817, 825
1306, 585, 817
1307, 818, 561
1308, 582, 818
1309, 561, 591
1310, 825, 566
1311, 566, 567
1312, 567, 569
1313, 569, 576
1314, 821, 822
1315, 588, 821
1316, 562, 560
1317, 831, 562
1318, 560, 826
1319, 579, 823
1320, 820, 581
1321, 826, 820
1322, 575, 574
1323, 590, 575
1324, 574, 824
1325, 598, 574
1326, 824, 572
1327, 572, 827
1328, 599, 824
1329, 570, 578
1330, 828, 570
1331, 578, 577
1332, 603, 578
1333, 573, 568
1334, 577, 573
1335, 568, 582
1336, 582, 592
1337, 833, 577
1338, 571, 583
1339, 913, 571
1340, 580, 914
1341, 832, 825
1342, 825, 597
1343, 584, 585
1344, 585, 589
1345, 576, 829
1346, 830, 576
1347, 822, 579
1348, 600, 822
1349, 579, 606
1350, 829, 587
1351, 587, 586
1352, 586, 590
1353, 590, 595
1354, 823, 831
1355, 601, 823
1356, 581, 580
1357, 610, 581
1358, 580, 915
1359, 596, 826
1360, 583, 584
1361, 611, 583
1362, 584, 618
1363, 605, 827
1364, 827, 828
1365, 620, 827
1366, 828, 608
1367, 619, 828
1368, 592, 594
1369, 609, 592
1370, 594, 593
1371, 629, 594
1372, 591, 588
1373, 593, 591
1374, 588, 600
1375, 600, 602
1376, 631, 593
1377, 589, 832
1378, 616, 589
1379, 834, 829
1380, 829, 624
1381, 597, 830
1382, 832, 597
1383, 595, 607
1384, 626, 595
1385, 831, 596
1386, 625, 831
1387, 596, 628
1388, 916, 611
1389, 611, 617
1390, 604, 598
1391, 598, 599
1392, 599, 605
1393, 605, 614
1394, 826, 610
1395, 627, 826
1396, 615, 917
1397, 635, 832
1398, 832, 641
1399, 602, 613
1400, 632, 602
1401, 613, 612
1402, 839, 613
1403, 606, 601
1404, 612, 606
1405, 601, 625
1406, 625, 633
1407, 840, 612
1408, 634, 608
1409, 608, 603
1410, 603, 833
1411, 645, 608
1412, 833, 609
1413, 609, 630
1414, 837, 833
1415, 830, 834
1416, 640, 830
1417, 607, 604
1418, 838, 607
1419, 604, 836
1420, 624, 626
1421, 623, 624
1422, 614, 835
1423, 836, 614
1424, 610, 615
1425, 642, 610
1426, 615, 648
1427, 617, 621
1428, 918, 617
1429, 621, 622
1430, 961, 621
1431, 618, 616
1432, 622, 618
1433, 616, 635
1434, 635, 636
1435, 962, 622
1436, 835, 620
1437, 620, 619
1438, 619, 634
1439, 634, 639
1440, 834, 623
1441, 653, 834
1442, 623, 655
1443, 631, 632
1444, 632, 839
1445, 633, 638
1446, 647, 633
1447, 638, 637
1448, 919, 638
1449, 628, 627
1450, 637, 628
1451, 627, 642
1452, 642, 649
1453, 920, 637
1454, 630, 629
1455, 837, 630
1456, 629, 631
1457, 631, 921
1458, 922, 629
1459, 626, 838
1460, 654, 626
1461, 923, 835
1462, 835, 924
1463, 646, 836
1464, 639, 841
1465, 925, 639
1466, 926, 656
1467, 636, 644
1468, 962, 636
1469, 644, 643
1470, 927, 644
1471, 641, 640
1472, 643, 641
1473, 640, 653
1474, 653, 963
1475, 928, 643
1476, 841, 645
1477, 645, 837
1478, 837, 650
1479, 838, 646
1480, 929, 838
1481, 646, 930
1482, 649, 651
1483, 931, 649
1484, 651, 652
1485, 932, 651
1486, 648, 933
1487, 652, 648
1488, 934, 652
1489, 935, 839
1490, 839, 840
1491, 936, 839
1492, 840, 647
1493, 647, 937
1494, 938, 840
1495, 836, 939
1496, 940, 836
1497, 941, 841
1498, 841, 942
1499, 650, 943
1500, 944, 650
1501, 656, 961
1502, 945, 656
1503, 961, 962
1504, 655, 654
1505, 946, 655
1506, 654, 947
