1, 10, 900
2, 16, 901
3, 902, 6
4, 849, 903
5, 4, 904
6, 905, 2
7, 906, 12
8, 3, 907
9, 908, 33
10, 8, 909
11, 910, 850
12, 911, 9
13, 1001, 999
14, 11, 1001
15, 7, 912
16, 913, 851
17, 914, 5
18, 13, 915
19, 999, 916
20, 917, 15
21, 20, 999
22, 918, 22
23, 919, 17
24, 19, 920
25, 2, 1
26, 30, 2
27, 21, 16
28, 16, 8
29, 8, 32
30, 14, 10
31, 10, 7
32, 7, 31
33, 9, 6
34, 34, 9
35, 1, 1000
36, 1000, 921
37, 44, 1
38, 849, 11
39, 11, 23
40, 15, 14
41, 28, 15
42, 14, 50
43, 17, 849
44, 24, 17
45, 849, 40
46, 5, 4
47, 4, 18
48, 27, 5
49, 922, 25
50, 18, 13
51, 13, 36
52, 54, 18
53, 12, 21
54, 39, 12
55, 21, 852
56, 6, 3
57, 3, 35
58, 51, 6
59, 33, 37
60, 35, 33
61, 45, 35
62, 32, 850
63, 47, 32
64, 26, 28
65, 28, 49
66, 31, 851
67, 57, 31
68, 37, 39
69, 39, 56
70, 70, 37
71, 851, 34
72, 34, 48
73, 67, 851
74, 850, 30
75, 30, 46
76, 65, 850
77, 23, 20
78, 20, 26
79, 41, 23
80, 26, 63
81, 29, 27
82, 27, 58
83, 38, 19
84, 19, 24
85, 24, 43
86, 36, 38
87, 53, 36
88, 38, 69
89, 22, 29
90, 25, 22
91, 923, 25
92, 29, 62
93, 852, 47
94, 47, 66
95, 51, 45
96, 45, 75
97, 46, 44
98, 44, 52
99, 71, 46
100, 52, 924
101, 925, 52
102, 55, 57
103, 57, 77
104, 40, 41
105, 42, 40
106, 41, 80
107, 48, 51
108, 76, 48
109, 51, 86
110, 58, 54
111, 54, 59
112, 72, 58
113, 43, 42
114, 68, 43
115, 42, 89
116, 50, 55
117, 49, 50
118, 60, 49
119, 55, 85
120, 56, 852
121, 64, 56
122, 852, 853
123, 926, 61
124, 59, 53
125, 53, 79
126, 81, 59
127, 63, 60
128, 82, 63
129, 60, 84
130, 77, 78
131, 92, 77
132, 75, 70
133, 88, 75
134, 70, 64
135, 64, 91
136, 111, 70
137, 66, 65
138, 94, 66
139, 78, 67
140, 67, 76
141, 76, 98
142, 100, 78
143, 73, 68
144, 68, 90
145, 74, 72
146, 72, 93
147, 69, 73
148, 79, 69
149, 83, 79
150, 73, 108
151, 80, 82
152, 87, 80
153, 82, 102
154, 62, 74
155, 61, 62
156, 927, 61
157, 74, 113
158, 65, 71
159, 71, 95
160, 112, 65
161, 97, 928
162, 95, 97
163, 121, 95
164, 97, 1003
165, 86, 88
166, 101, 86
167, 88, 103
168, 853, 94
169, 94, 115
170, 98, 101
171, 107, 98
172, 101, 855
173, 91, 853
174, 114, 91
175, 853, 854
176, 89, 87
177, 87, 109
178, 85, 99
179, 84, 85
180, 104, 84
181, 93, 96
182, 122, 93
183, 90, 89
184, 119, 90
185, 89, 125
186, 96, 81
187, 81, 83
188, 83, 105
189, 130, 96
190, 99, 92
191, 92, 106
192, 124, 99
193, 117, 121
194, 121, 132
195, 115, 112
196, 112, 117
197, 135, 115
198, 117, 160
199, 106, 100
200, 100, 110
201, 123, 106
202, 103, 111
203, 111, 120
204, 136, 103
205, 109, 102
206, 133, 109
207, 102, 104
208, 104, 140
209, 146, 102
210, 108, 116
211, 105, 108
212, 129, 105
213, 110, 107
214, 107, 138
215, 143, 110
216, 120, 114
217, 114, 126
218, 150, 120
219, 113, 118
220, 1002, 113
221, 929, 1002
222, 118, 122
223, 122, 127
224, 142, 118
225, 116, 119
226, 119, 128
227, 856, 116
228, 126, 854
229, 153, 126
230, 854, 135
231, 135, 158
232, 167, 854
233, 131, 1003
234, 132, 131
235, 147, 132
236, 131, 162
237, 137, 124
238, 124, 123
239, 123, 144
240, 138, 855
241, 156, 138
242, 125, 134
243, 128, 125
244, 161, 128
245, 134, 133
246, 133, 152
247, 857, 134
248, 930, 148
249, 141, 130
250, 130, 129
251, 129, 149
252, 127, 141
253, 139, 127
254, 141, 165
255, 855, 136
256, 136, 159
257, 168, 855
258, 140, 137
259, 145, 140
260, 137, 177
261, 159, 154
262, 163, 159
263, 158, 164
264, 169, 158
265, 154, 150
266, 150, 153
267, 153, 175
268, 190, 154
269, 160, 147
270, 164, 160
271, 147, 166
272, 182, 164
273, 157, 156
274, 156, 176
275, 149, 856
276, 172, 149
277, 155, 146
278, 146, 145
279, 145, 178
280, 144, 143
281, 143, 157
282, 179, 144
283, 157, 191
284, 856, 161
285, 161, 170
286, 195, 856
287, 151, 142
288, 142, 139
289, 139, 174
290, 148, 151
291, 931, 148
292, 151, 187
293, 152, 155
294, 184, 152
295, 155, 201
296, 176, 180
297, 183, 176
298, 173, 167
299, 167, 169
300, 169, 194
301, 162, 932
302, 166, 162
303, 186, 166
304, 178, 181
305, 196, 178
306, 175, 173
307, 197, 175
308, 173, 858
309, 171, 172
310, 172, 202
311, 180, 168
312, 168, 163
313, 163, 200
314, 219, 180
315, 857, 184
316, 184, 204
317, 165, 171
318, 174, 165
319, 192, 174
320, 171, 210
321, 170, 857
322, 193, 170
323, 857, 207
324, 933, 189
325, 177, 179
326, 181, 177
327, 179, 185
328, 859, 181
329, 1004, 934
330, 198, 190
331, 190, 197
332, 197, 222
333, 185, 191
334, 208, 185
335, 200, 198
336, 220, 200
337, 198, 237
338, 194, 182
339, 182, 188
340, 215, 194
341, 199, 192
342, 192, 216
343, 187, 199
344, 189, 187
345, 1005, 189
346, 199, 230
347, 201, 205
348, 204, 201
349, 209, 204
350, 188, 186
351, 186, 218
352, 221, 188
353, 205, 196
354, 196, 212
355, 225, 205
356, 202, 195
357, 195, 203
358, 206, 202
359, 203, 193
360, 193, 211
361, 860, 203
362, 191, 183
363, 183, 213
364, 231, 191
365, 858, 215
366, 215, 226
367, 218, 1004
368, 223, 218
369, 222, 858
370, 228, 222
371, 858, 245
372, 1006, 1004
373, 213, 219
374, 243, 213
375, 219, 220
376, 220, 236
377, 254, 219
378, 859, 208
379, 208, 233
380, 214, 209
381, 209, 238
382, 210, 206
383, 217, 210
384, 206, 224
385, 1005, 229
386, 216, 217
387, 235, 216
388, 217, 246
389, 207, 214
390, 211, 207
391, 232, 211
392, 214, 861
393, 212, 859
394, 227, 212
395, 859, 250
396, 240, 221
397, 221, 223
398, 223, 248
399, 237, 241
400, 236, 237
401, 261, 236
402, 241, 228
403, 228, 256
404, 265, 241
405, 242, 243
406, 243, 259
407, 226, 240
408, 244, 226
409, 240, 269
410, 238, 234
411, 260, 238
412, 224, 860
413, 247, 224
414, 233, 231
415, 231, 242
416, 255, 233
417, 242, 262
418, 860, 232
419, 232, 249
420, 271, 860
421, 230, 239
422, 229, 230
423, 935, 229
424, 239, 235
425, 235, 252
426, 263, 239
427, 234, 225
428, 225, 227
429, 227, 251
430, 273, 234
431, 256, 257
432, 281, 256
433, 245, 244
434, 257, 245
435, 244, 268
436, 302, 257
437, 248, 1006
438, 267, 248
439, 290, 1006
440, 250, 253
441, 251, 250
442, 276, 251
443, 254, 261
444, 261, 272
445, 259, 254
446, 280, 259
447, 254, 284
448, 249, 861
449, 266, 249
450, 936, 270
451, 252, 258
452, 277, 252
453, 253, 255
454, 255, 264
455, 296, 253
456, 246, 247
457, 258, 246
458, 247, 275
459, 283, 258
460, 861, 260
461, 260, 274
462, 293, 861
463, 272, 265
464, 285, 272
465, 269, 267
466, 267, 292
467, 265, 281
468, 281, 295
469, 310, 265
470, 278, 273
471, 273, 276
472, 276, 287
473, 274, 278
474, 288, 274
475, 278, 863
476, 268, 269
477, 300, 268
478, 269, 309
479, 262, 282
480, 264, 262
481, 294, 264
482, 271, 266
483, 266, 289
484, 279, 263
485, 263, 277
486, 277, 286
487, 270, 279
488, 937, 270
489, 279, 304
490, 275, 271
491, 301, 275
492, 271, 862
493, 282, 280
494, 280, 299
495, 315, 282
496, 284, 291
497, 299, 284
498, 316, 299
499, 291, 285
500, 285, 318
501, 329, 291
502, 295, 302
503, 308, 295
504, 302, 300
505, 300, 323
506, 865, 302
507, 298, 301
508, 301, 313
509, 303, 293
510, 293, 288
511, 288, 320
512, 287, 296
513, 305, 287
514, 297, 290
515, 290, 938
516, 289, 303
517, 307, 289
518, 303, 324
519, 296, 294
520, 294, 317
521, 330, 296
522, 286, 283
523, 283, 298
524, 312, 286
525, 298, 331
526, 939, 306
527, 292, 297
528, 311, 292
529, 297, 864
530, 323, 322
531, 341, 323
532, 863, 305
533, 305, 336
534, 309, 311
535, 322, 309
536, 311, 325
537, 347, 322
538, 317, 319
539, 327, 317
540, 318, 321
541, 328, 318
542, 321, 310
543, 310, 308
544, 308, 337
545, 352, 321
546, 319, 315
547, 315, 316
548, 316, 332
549, 358, 319
550, 313, 862
551, 326, 313
552, 304, 314
553, 306, 304
554, 940, 306
555, 862, 307
556, 307, 340
557, 348, 862
558, 314, 312
559, 312, 334
560, 866, 314
561, 320, 863
562, 333, 320
563, 863, 343
564, 325, 864
565, 353, 325
566, 865, 341
567, 341, 351
568, 324, 333
569, 339, 324
570, 333, 355
571, 338, 330
572, 330, 327
573, 327, 867
574, 340, 339
575, 361, 340
576, 339, 366
577, 335, 329
578, 329, 328
579, 328, 354
580, 337, 865
581, 356, 337
582, 865, 869
583, 336, 338
584, 342, 336
585, 338, 360
586, 331, 326
587, 326, 344
588, 941, 345
589, 334, 331
590, 346, 334
591, 331, 369
592, 332, 335
593, 349, 332
594, 335, 363
595, 864, 942
596, 373, 864
597, 350, 353
598, 353, 377
599, 354, 352
600, 352, 357
601, 378, 354
602, 351, 347
603, 347, 350
604, 368, 351
605, 350, 392
606, 355, 359
607, 371, 355
608, 358, 349
609, 349, 370
610, 343, 342
611, 359, 343
612, 342, 364
613, 380, 359
614, 348, 361
615, 361, 367
616, 345, 866
617, 943, 345
618, 866, 346
619, 346, 365
620, 870, 866
621, 344, 348
622, 374, 344
623, 348, 383
624, 357, 356
625, 356, 868
626, 379, 357
627, 867, 358
628, 358, 388
629, 360, 867
630, 362, 360
631, 867, 396
632, 868, 869
633, 377, 373
634, 373, 382
635, 387, 377
636, 869, 368
637, 368, 391
638, 871, 869
639, 382, 944
640, 401, 382
641, 375, 371
642, 371, 397
643, 363, 376
644, 370, 363
645, 390, 370
646, 364, 362
647, 384, 364
648, 362, 414
649, 376, 378
650, 378, 385
651, 412, 376
652, 372, 374
653, 374, 386
654, 366, 375
655, 367, 366
656, 394, 367
657, 375, 405
658, 369, 372
659, 365, 369
660, 381, 365
661, 372, 400
662, 945, 393
663, 389, 379
664, 379, 868
665, 868, 407
666, 391, 392
667, 406, 391
668, 396, 399
669, 408, 396
670, 398, 380
671, 380, 384
672, 384, 416
673, 385, 389
674, 418, 385
675, 389, 434
676, 397, 398
677, 409, 397
678, 398, 427
679, 395, 394
680, 394, 410
681, 870, 381
682, 381, 402
683, 383, 395
684, 386, 383
685, 403, 386
686, 395, 419
687, 388, 390
688, 399, 388
689, 390, 411
690, 872, 399
691, 393, 870
692, 946, 393
693, 870, 421
694, 392, 387
695, 387, 415
696, 432, 392
697, 871, 406
698, 406, 426
699, 407, 871
700, 435, 407
701, 871, 441
702, 417, 412
703, 412, 418
704, 418, 438
705, 415, 404
706, 429, 415
707, 410, 413
708, 424, 410
709, 414, 408
710, 408, 430
711, 416, 414
712, 420, 416
713, 414, 873
714, 411, 417
715, 428, 411
716, 417, 454
717, 404, 401
718, 401, 947
719, 948, 404
720, 400, 403
721, 403, 422
722, 949, 423
723, 402, 400
724, 425, 402
725, 400, 442
726, 405, 409
727, 413, 405
728, 409, 436
729, 440, 413
730, 426, 432
731, 447, 426
732, 436, 437
733, 444, 436
734, 432, 429
735, 429, 455
736, 462, 432
737, 439, 435
738, 435, 450
739, 872, 428
740, 428, 458
741, 422, 431
742, 451, 422
743, 423, 433
744, 950, 423
745, 430, 872
746, 446, 430
747, 872, 464
748, 421, 425
749, 433, 421
750, 425, 443
751, 460, 433
752, 434, 439
753, 438, 434
754, 453, 438
755, 439, 472
756, 419, 424
757, 431, 419
758, 424, 448
759, 477, 431
760, 427, 420
761, 437, 427
762, 420, 445
763, 461, 437
764, 454, 459
765, 458, 454
766, 467, 458
767, 450, 452
768, 482, 450
769, 455, 456
770, 466, 455
771, 456, 951
772, 952, 456
773, 873, 446
774, 446, 465
775, 445, 873
776, 463, 445
777, 873, 874
778, 441, 447
779, 452, 441
780, 447, 470
781, 483, 452
782, 953, 471
783, 449, 444
784, 444, 468
785, 442, 457
786, 443, 442
787, 475, 443
788, 457, 451
789, 451, 478
790, 485, 457
791, 448, 440
792, 440, 449
793, 479, 448
794, 449, 490
795, 459, 453
796, 453, 474
797, 496, 459
798, 469, 462
799, 462, 466
800, 466, 498
801, 478, 477
802, 477, 481
803, 486, 478
804, 470, 469
805, 493, 470
806, 469, 507
807, 464, 467
808, 467, 488
809, 480, 482
810, 482, 484
811, 473, 461
812, 461, 463
813, 463, 494
814, 465, 464
815, 487, 465
816, 464, 876
817, 472, 480
818, 474, 472
819, 489, 474
820, 480, 875
821, 481, 479
822, 479, 492
823, 877, 481
824, 468, 473
825, 500, 468
826, 473, 508
827, 476, 475
828, 475, 495
829, 471, 460
830, 460, 476
831, 954, 471
832, 476, 516
833, 484, 483
834, 483, 491
835, 504, 484
836, 491, 493
837, 493, 511
838, 880, 491
839, 874, 487
840, 487, 513
841, 496, 489
842, 489, 509
843, 501, 955
844, 495, 497
845, 515, 495
846, 497, 485
847, 485, 486
848, 486, 502
849, 522, 497
850, 499, 500
851, 500, 514
852, 490, 499
853, 492, 490
854, 506, 492
855, 499, 526
856, 956, 512
857, 494, 874
858, 510, 494
859, 874, 878
860, 488, 496
861, 505, 488
862, 496, 879
863, 498, 501
864, 503, 498
865, 501, 520
866, 875, 504
867, 504, 531
868, 511, 507
869, 518, 511
870, 514, 519
871, 523, 514
872, 876, 505
873, 505, 525
874, 512, 516
875, 957, 512
876, 509, 875
877, 533, 509
878, 875, 549
879, 877, 506
880, 506, 524
881, 502, 877
882, 530, 502
883, 877, 881
884, 516, 515
885, 515, 521
886, 542, 516
887, 513, 876
888, 528, 513
889, 876, 532
890, 508, 510
891, 519, 508
892, 510, 529
893, 535, 519
894, 507, 503
895, 503, 517
896, 534, 507
897, 520, 958
898, 517, 520
899, 548, 517
900, 529, 878
901, 540, 529
902, 879, 533
903, 533, 545
904, 556, 959
905, 531, 880
906, 552, 531
907, 524, 526
908, 544, 524
909, 521, 522
910, 522, 527
911, 539, 521
912, 525, 879
913, 550, 525
914, 879, 558
915, 526, 523
916, 523, 538
917, 554, 526
918, 880, 518
919, 518, 536
920, 553, 880
921, 527, 530
922, 530, 543
923, 562, 527
924, 878, 528
925, 528, 546
926, 882, 878
927, 551, 552
928, 552, 561
929, 541, 548
930, 548, 564
931, 881, 544
932, 544, 568
933, 546, 547
934, 566, 546
935, 532, 550
936, 547, 532
937, 550, 555
938, 575, 547
939, 549, 551
940, 545, 549
941, 569, 545
942, 551, 573
943, 543, 881
944, 559, 543
945, 881, 885
946, 537, 540
947, 540, 563
948, 536, 534
949, 534, 541
950, 567, 536
951, 541, 883
952, 1007, 542
953, 542, 539
954, 539, 570
955, 884, 542
956, 538, 535
957, 535, 537
958, 560, 538
959, 537, 579
960, 557, 553
961, 553, 567
962, 567, 572
963, 563, 882
964, 580, 563
965, 882, 566
966, 566, 584
967, 592, 882
968, 558, 571
969, 555, 558
970, 577, 555
971, 561, 557
972, 578, 561
973, 557, 594
974, 564, 556
975, 556, 1008
976, 583, 564
977, 1010, 1008
978, 562, 559
979, 559, 585
980, 568, 565
981, 576, 568
982, 570, 562
983, 581, 570
984, 562, 591
985, 565, 554
986, 554, 560
987, 560, 574
988, 596, 565
989, 571, 569
990, 569, 588
991, 600, 571
992, 579, 586
993, 574, 579
994, 595, 574
995, 586, 580
996, 580, 601
997, 613, 586
998, 588, 587
999, 608, 588
1000, 572, 883
1001, 589, 572
1002, 883, 583
1003, 583, 605
1004, 611, 883
1005, 584, 575
1006, 575, 582
1007, 590, 584
1008, 582, 577
1009, 577, 598
1010, 626, 582
1011, 885, 576
1012, 576, 593
1013, 1009, 884
1014, 884, 581
1015, 581, 607
1016, 620, 884
1017, 585, 885
1018, 597, 585
1019, 885, 616
1020, 573, 578
1021, 587, 573
1022, 578, 599
1023, 615, 587
1024, 602, 589
1025, 589, 612
1026, 606, 592
1027, 592, 590
1028, 590, 623
1029, 596, 595
1030, 595, 622
1031, 598, 600
1032, 600, 609
1033, 631, 598
1034, 605, 604
1035, 614, 605
1036, 607, 603
1037, 628, 607
1038, 609, 610
1039, 636, 609
1040, 591, 597
1041, 603, 591
1042, 597, 630
1043, 632, 603
1044, 604, 1010
1045, 649, 604
1046, 593, 596
1047, 624, 593
1048, 596, 643
1049, 960, 625
1050, 601, 606
1051, 619, 601
1052, 606, 638
1053, 594, 602
1054, 599, 594
1055, 618, 599
1056, 602, 640
1057, 617, 614
1058, 614, 644
1059, 615, 618
1060, 618, 646
1061, 621, 613
1062, 613, 619
1063, 619, 648
1064, 629, 631
1065, 631, 641
1066, 610, 608
1067, 608, 615
1068, 647, 610
1069, 615, 886
1070, 630, 627
1071, 633, 630
1072, 620, 628
1073, 628, 634
1074, 622, 621
1075, 635, 622
1076, 621, 661
1077, 616, 624
1078, 627, 616
1079, 624, 637
1080, 662, 627
1081, 623, 626
1082, 626, 629
1083, 639, 623
1084, 629, 655
1085, 625, 620
1086, 961, 625
1087, 620, 657
1088, 612, 611
1089, 611, 617
1090, 645, 612
1091, 617, 656
1092, 646, 651
1093, 654, 646
1094, 640, 645
1095, 651, 640
1096, 645, 669
1097, 689, 651
1098, 638, 639
1099, 642, 638
1100, 639, 653
1101, 641, 636
1102, 636, 650
1103, 672, 641
1104, 650, 647
1105, 647, 666
1106, 887, 650
1107, 649, 962
1108, 652, 632
1109, 632, 633
1110, 633, 659
1111, 963, 663
1112, 637, 643
1113, 658, 637
1114, 643, 635
1115, 635, 664
1116, 674, 643
1117, 634, 652
1118, 665, 634
1119, 652, 686
1120, 648, 642
1121, 670, 648
1122, 642, 678
1123, 644, 649
1124, 660, 644
1125, 649, 679
1126, 661, 673
1127, 664, 661
1128, 685, 664
1129, 666, 886
1130, 683, 666
1131, 886, 654
1132, 654, 688
1133, 888, 886
1134, 655, 667
1135, 653, 655
1136, 680, 653
1137, 669, 671
1138, 684, 669
1139, 667, 672
1140, 672, 681
1141, 698, 667
1142, 662, 658
1143, 658, 677
1144, 668, 665
1145, 665, 690
1146, 657, 668
1147, 663, 657
1148, 964, 663
1149, 668, 705
1150, 656, 660
1151, 671, 656
1152, 660, 687
1153, 701, 671
1154, 659, 662
1155, 676, 659
1156, 662, 691
1157, 673, 670
1158, 670, 675
1159, 889, 673
1160, 687, 679
1161, 704, 687
1162, 679, 965
1163, 717, 679
1164, 688, 689
1165, 693, 688
1166, 678, 680
1167, 682, 678
1168, 680, 710
1169, 681, 887
1170, 692, 681
1171, 887, 683
1172, 683, 703
1173, 724, 887
1174, 677, 674
1175, 694, 677
1176, 966, 699
1177, 690, 686
1178, 697, 690
1179, 674, 685
1180, 685, 696
1181, 719, 674
1182, 686, 676
1183, 676, 695
1184, 711, 686
1185, 689, 684
1186, 684, 702
1187, 709, 689
1188, 675, 682
1189, 706, 675
1190, 682, 890
1191, 888, 693
1192, 693, 714
1193, 702, 701
1194, 728, 702
1195, 708, 698
1196, 698, 692
1197, 692, 720
1198, 703, 888
1199, 723, 703
1200, 888, 735
1201, 889, 706
1202, 706, 729
1203, 710, 708
1204, 718, 710
1205, 708, 893
1206, 701, 704
1207, 704, 715
1208, 892, 701
1209, 699, 707
1210, 967, 699
1211, 695, 700
1212, 716, 695
1213, 691, 694
1214, 700, 691
1215, 694, 713
1216, 894, 700
1217, 705, 697
1218, 707, 705
1219, 697, 725
1220, 736, 707
1221, 696, 889
1222, 722, 696
1223, 889, 891
1224, 726, 717
1225, 717, 968
1226, 714, 709
1227, 709, 712
1228, 739, 714
1229, 712, 728
1230, 728, 742
1231, 756, 712
1232, 727, 719
1233, 719, 722
1234, 722, 734
1235, 713, 727
1236, 732, 713
1237, 727, 751
1238, 729, 890
1239, 731, 729
1240, 730, 724
1241, 724, 723
1242, 723, 745
1243, 720, 730
1244, 738, 720
1245, 730, 753
1246, 721, 711
1247, 711, 716
1248, 716, 744
1249, 725, 721
1250, 741, 725
1251, 721, 765
1252, 715, 726
1253, 733, 715
1254, 726, 750
1255, 969, 743
1256, 890, 718
1257, 718, 737
1258, 747, 890
1259, 735, 739
1260, 746, 735
1261, 739, 757
1262, 734, 891
1263, 764, 734
1264, 737, 893
1265, 754, 737
1266, 892, 733
1267, 733, 760
1268, 740, 736
1269, 736, 741
1270, 741, 762
1271, 893, 738
1272, 738, 767
1273, 895, 893
1274, 742, 892
1275, 748, 742
1276, 892, 772
1277, 894, 732
1278, 732, 749
1279, 744, 894
1280, 758, 744
1281, 894, 771
1282, 891, 731
1283, 731, 761
1284, 774, 891
1285, 743, 740
1286, 970, 743
1287, 740, 775
1288, 745, 746
1289, 752, 745
1290, 746, 782
1291, 750, 755
1292, 760, 750
1293, 781, 760
1294, 768, 764
1295, 764, 776
1296, 761, 759
1297, 785, 761
1298, 767, 753
1299, 779, 767
1300, 753, 752
1301, 752, 787
1302, 798, 753
1303, 755, 971
1304, 799, 755
1305, 766, 758
1306, 758, 783
1307, 763, 756
1308, 756, 748
1309, 748, 769
1310, 759, 747
1311, 747, 754
1312, 754, 777
1313, 797, 759
1314, 765, 766
1315, 762, 765
1316, 770, 762
1317, 766, 790
1318, 751, 768
1319, 749, 751
1320, 773, 749
1321, 768, 896
1322, 757, 763
1323, 778, 757
1324, 763, 793
1325, 787, 789
1326, 801, 787
1327, 782, 778
1328, 789, 782
1329, 778, 803
1330, 815, 789
1331, 771, 773
1332, 786, 771
1333, 773, 805
1334, 776, 774
1335, 774, 788
1336, 808, 776
1337, 788, 785
1338, 785, 802
1339, 813, 788
1340, 780, 781
1341, 781, 794
1342, 777, 895
1343, 795, 777
1344, 783, 786
1345, 791, 783
1346, 786, 810
1347, 972, 784
1348, 772, 780
1349, 769, 772
1350, 800, 769
1351, 780, 812
1352, 775, 770
1353, 784, 775
1354, 770, 792
1355, 897, 784
1356, 895, 779
1357, 779, 796
1358, 819, 895
1359, 803, 793
1360, 814, 803
1361, 807, 973
1362, 805, 896
1363, 829, 805
1364, 794, 799
1365, 799, 807
1366, 811, 794
1367, 807, 839
1368, 806, 798
1369, 798, 801
1370, 801, 827
1371, 802, 804
1372, 816, 802
1373, 804, 797
1374, 797, 795
1375, 795, 820
1376, 842, 804
1377, 792, 790
1378, 823, 792
1379, 796, 806
1380, 821, 796
1381, 806, 898
1382, 790, 791
1383, 791, 809
1384, 831, 790
1385, 974, 824
1386, 896, 808
1387, 808, 830
1388, 836, 896
1389, 793, 800
1390, 800, 817
1391, 835, 793
1392, 817, 818
1393, 837, 817
1394, 828, 815
1395, 815, 814
1396, 814, 841
1397, 820, 825
1398, 840, 820
1399, 810, 826
1400, 809, 810
1401, 832, 809
1402, 825, 819
1403, 819, 821
1404, 821, 843
1405, 975, 825
1406, 812, 811
1407, 818, 812
1408, 811, 834
1409, 976, 818
1410, 824, 897
1411, 977, 824
1412, 826, 829
1413, 829, 833
1414, 978, 826
1415, 822, 813
1416, 813, 816
1417, 816, 848
1418, 827, 828
1419, 838, 827
1420, 828, 979
1421, 830, 822
1422, 899, 830
1423, 822, 1011
1424, 897, 823
1425, 823, 845
1426, 980, 897
1427, 842, 840
1428, 840, 981
1429, 843, 898
1430, 982, 843
1431, 898, 838
1432, 838, 983
1433, 984, 898
1434, 833, 836
1435, 836, 846
1436, 985, 833
1437, 841, 844
1438, 986, 841
1439, 844, 835
1440, 835, 837
1441, 837, 987
1442, 988, 844
1443, 839, 989
1444, 847, 831
1445, 831, 832
1446, 832, 990
1447, 845, 847
1448, 991, 845
1449, 847, 992
1450, 846, 899
1451, 993, 846
1452, 848, 842
1453, 994, 848
1454, 842, 995
1455, 834, 839
1456, 996, 834
1457, 839, 997
1458, 899, 1011
1459, 998, 899
