1, 677, 21
2, 678, 39
3, 679, 73
4, 680, 94
5, 681, 124
6, 682, 146
7, 683, 170
8, 684, 200
9, 685, 222
10, 686, 251
11, 687, 282
12, 688, 294
13, 689, 326
14, 690, 354
15, 691, 387
16, 692, 400
17, 693, 430
18, 694, 461
19, 695, 487
20, 696, 505
21, 697, 535
22, 698, 561
23, 699, 590
24, 700, 618
25, 701, 638
26, 702, 668
27, 21, 703
28, 39, 21
29, 21, 16
30, 73, 39
31, 39, 42
32, 94, 73
33, 73, 67
34, 124, 94
35, 94, 100
36, 146, 124
37, 124, 120
38, 170, 146
39, 146, 149
40, 200, 170
41, 170, 179
42, 222, 200
43, 200, 195
44, 251, 222
45, 222, 221
46, 282, 251
47, 251, 243
48, 294, 282
49, 282, 269
50, 326, 294
51, 294, 306
52, 354, 326
53, 326, 330
54, 387, 354
55, 354, 355
56, 400, 387
57, 387, 378
58, 430, 400
59, 400, 413
60, 461, 430
61, 430, 428
62, 487, 461
63, 461, 449
64, 505, 487
65, 487, 479
66, 535, 505
67, 505, 512
68, 561, 535
69, 535, 539
70, 590, 561
71, 561, 557
72, 618, 590
73, 590, 582
74, 638, 618
75, 618, 619
76, 668, 638
77, 638, 647
78, 704, 668
79, 668, 669
80, 16, 705
81, 42, 16
82, 16, 22
83, 67, 42
84, 42, 40
85, 100, 67
86, 67, 71
87, 120, 100
88, 100, 90
89, 149, 120
90, 120, 118
91, 179, 149
92, 149, 155
93, 195, 179
94, 179, 168
95, 221, 195
96, 195, 196
97, 243, 221
98, 221, 226
99, 269, 243
100, 243, 253
101, 306, 269
102, 269, 271
103, 330, 306
104, 306, 293
105, 355, 330
106, 330, 333
107, 378, 355
108, 355, 361
109, 413, 378
110, 378, 374
111, 428, 413
112, 413, 404
113, 449, 428
114, 428, 439
115, 479, 449
116, 449, 460
117, 512, 479
118, 479, 488
119, 539, 512
120, 512, 506
121, 557, 539
122, 539, 527
123, 582, 557
124, 557, 565
125, 619, 582
126, 582, 581
127, 647, 619
128, 619, 620
129, 669, 647
130, 647, 639
131, 706, 669
132, 669, 661
133, 22, 707
134, 40, 22
135, 22, 17
136, 71, 40
137, 40, 41
138, 90, 71
139, 71, 69
140, 118, 90
141, 90, 95
142, 155, 118
143, 118, 123
144, 168, 155
145, 155, 148
146, 196, 168
147, 168, 171
148, 226, 196
149, 196, 201
150, 253, 226
151, 226, 223
152, 271, 253
153, 253, 245
154, 293, 271
155, 271, 272
156, 333, 293
157, 293, 305
158, 361, 333
159, 333, 327
160, 374, 361
161, 361, 348
162, 404, 374
163, 374, 388
164, 439, 404
165, 404, 405
166, 460, 439
167, 439, 431
168, 488, 460
169, 460, 462
170, 506, 488
171, 488, 482
172, 527, 506
173, 506, 507
174, 565, 527
175, 527, 542
176, 581, 565
177, 565, 558
178, 620, 581
179, 581, 584
180, 639, 620
181, 620, 607
182, 661, 639
183, 639, 640
184, 708, 661
185, 661, 662
186, 17, 709
187, 41, 17
188, 17, 23
189, 69, 41
190, 41, 38
191, 95, 69
192, 69, 70
193, 123, 95
194, 95, 96
195, 148, 123
196, 123, 119
197, 171, 148
198, 148, 153
199, 201, 171
200, 171, 172
201, 223, 201
202, 201, 194
203, 245, 223
204, 223, 224
205, 272, 245
206, 245, 242
207, 305, 272
208, 272, 273
209, 327, 305
210, 305, 307
211, 348, 327
212, 327, 328
213, 388, 348
214, 348, 349
215, 405, 388
216, 388, 380
217, 431, 405
218, 405, 398
219, 462, 431
220, 431, 432
221, 482, 462
222, 462, 464
223, 507, 482
224, 482, 483
225, 542, 507
226, 507, 509
227, 558, 542
228, 542, 531
229, 584, 558
230, 558, 562
231, 607, 584
232, 584, 585
233, 640, 607
234, 607, 616
235, 662, 640
236, 640, 641
237, 710, 662
238, 662, 663
239, 23, 711
240, 38, 23
241, 23, 18
242, 70, 38
243, 38, 36
244, 96, 70
245, 70, 72
246, 119, 96
247, 96, 91
248, 153, 119
249, 119, 125
250, 172, 153
251, 153, 143
252, 194, 172
253, 172, 173
254, 224, 194
255, 194, 203
256, 242, 224
257, 224, 220
258, 273, 242
259, 242, 246
260, 307, 273
261, 273, 284
262, 328, 307
263, 307, 295
264, 349, 328
265, 328, 329
266, 380, 349
267, 349, 350
268, 398, 380
269, 380, 389
270, 432, 398
271, 398, 406
272, 464, 432
273, 432, 425
274, 483, 464
275, 464, 447
276, 509, 483
277, 483, 484
278, 531, 509
279, 509, 510
280, 562, 531
281, 531, 540
282, 585, 562
283, 562, 560
284, 616, 585
285, 585, 586
286, 641, 616
287, 616, 608
288, 663, 641
289, 641, 648
290, 712, 663
291, 663, 658
292, 18, 713
293, 36, 18
294, 18, 12
295, 72, 36
296, 36, 49
297, 91, 72
298, 72, 68
299, 125, 91
300, 91, 97
301, 143, 125
302, 125, 121
303, 173, 143
304, 143, 147
305, 203, 173
306, 173, 180
307, 220, 203
308, 203, 202
309, 246, 220
310, 220, 217
311, 284, 246
312, 246, 254
313, 295, 284
314, 284, 270
315, 329, 295
316, 295, 304
317, 350, 329
318, 329, 331
319, 389, 350
320, 350, 345
321, 406, 389
322, 389, 379
323, 425, 406
324, 406, 401
325, 447, 425
326, 425, 429
327, 484, 447
328, 447, 463
329, 510, 484
330, 484, 486
331, 540, 510
332, 510, 502
333, 560, 540
334, 540, 541
335, 586, 560
336, 560, 556
337, 608, 586
338, 586, 583
339, 648, 608
340, 608, 622
341, 658, 648
342, 648, 627
343, 714, 658
344, 658, 673
345, 12, 715
346, 49, 12
347, 12, 13
348, 68, 49
349, 49, 37
350, 97, 68
351, 68, 64
352, 121, 97
353, 97, 99
354, 147, 121
355, 121, 109
356, 180, 147
357, 147, 144
358, 202, 180
359, 180, 174
360, 217, 202
361, 202, 186
362, 254, 217
363, 217, 225
364, 270, 254
365, 254, 257
366, 304, 270
367, 270, 265
368, 331, 304
369, 304, 308
370, 345, 331
371, 331, 321
372, 379, 345
373, 345, 351
374, 401, 379
375, 379, 375
376, 429, 401
377, 401, 396
378, 463, 429
379, 429, 441
380, 486, 463
381, 463, 448
382, 502, 486
383, 486, 485
384, 541, 502
385, 502, 511
386, 556, 541
387, 541, 538
388, 583, 556
389, 556, 566
390, 622, 583
391, 583, 579
392, 627, 622
393, 622, 609
394, 673, 627
395, 627, 649
396, 716, 673
397, 673, 664
398, 13, 717
399, 37, 13
400, 13, 14
401, 64, 37
402, 37, 35
403, 99, 64
404, 64, 74
405, 109, 99
406, 99, 92
407, 144, 109
408, 109, 111
409, 174, 144
410, 144, 145
411, 186, 174
412, 174, 167
413, 225, 186
414, 186, 187
415, 257, 225
416, 225, 232
417, 265, 257
418, 257, 239
419, 308, 265
420, 265, 283
421, 321, 308
422, 308, 292
423, 351, 321
424, 321, 332
425, 375, 351
426, 351, 362
427, 396, 375
428, 375, 366
429, 441, 396
430, 396, 414
431, 448, 441
432, 441, 419
433, 485, 448
434, 448, 450
435, 511, 485
436, 485, 493
437, 538, 511
438, 511, 516
439, 566, 538
440, 538, 524
441, 579, 566
442, 566, 553
443, 609, 579
444, 579, 592
445, 649, 609
446, 609, 610
447, 664, 649
448, 649, 635
449, 718, 664
450, 664, 657
451, 14, 719
452, 35, 14
453, 14, 15
454, 74, 35
455, 35, 43
456, 92, 74
457, 74, 62
458, 111, 92
459, 92, 93
460, 145, 111
461, 111, 112
462, 167, 145
463, 145, 150
464, 187, 167
465, 167, 182
466, 232, 187
467, 187, 204
468, 239, 232
469, 232, 215
470, 283, 239
471, 239, 244
472, 292, 283
473, 283, 267
474, 332, 292
475, 292, 300
476, 362, 332
477, 332, 318
478, 366, 362
479, 362, 352
480, 414, 366
481, 366, 381
482, 419, 414
483, 414, 407
484, 450, 419
485, 419, 426
486, 493, 450
487, 450, 465
488, 516, 493
489, 493, 473
490, 524, 516
491, 516, 499
492, 553, 524
493, 524, 544
494, 592, 553
495, 553, 549
496, 610, 592
497, 592, 587
498, 635, 610
499, 610, 611
500, 657, 635
501, 635, 645
502, 720, 657
503, 657, 672
504, 15, 721
505, 43, 15
506, 15, 19
507, 62, 43
508, 43, 34
509, 93, 62
510, 62, 60
511, 112, 93
512, 93, 98
513, 150, 112
514, 112, 122
515, 182, 150
516, 150, 154
517, 204, 182
518, 182, 169
519, 215, 204
520, 204, 185
521, 244, 215
522, 215, 227
523, 267, 244
524, 244, 241
525, 300, 267
526, 267, 268
527, 318, 300
528, 300, 296
529, 352, 318
530, 318, 335
531, 381, 352
532, 352, 346
533, 407, 381
534, 381, 377
535, 426, 407
536, 407, 402
537, 465, 426
538, 426, 440
539, 473, 465
540, 465, 451
541, 499, 473
542, 473, 480
543, 544, 499
544, 499, 503
545, 549, 544
546, 544, 523
547, 587, 549
548, 549, 570
549, 611, 587
550, 587, 580
551, 645, 611
552, 611, 615
553, 672, 645
554, 645, 634
555, 722, 672
556, 672, 660
557, 19, 723
558, 34, 19
559, 19, 5
560, 60, 34
561, 34, 48
562, 98, 60
563, 60, 65
564, 122, 98
565, 98, 88
566, 154, 122
567, 122, 127
568, 169, 154
569, 154, 133
570, 185, 169
571, 169, 175
572, 227, 185
573, 185, 197
574, 241, 227
575, 227, 218
576, 268, 241
577, 241, 247
578, 296, 268
579, 268, 274
580, 335, 296
581, 296, 299
582, 346, 335
583, 335, 319
584, 377, 346
585, 346, 356
586, 402, 377
587, 377, 390
588, 440, 402
589, 402, 397
590, 451, 440
591, 440, 427
592, 480, 451
593, 451, 452
594, 503, 480
595, 480, 474
596, 523, 503
597, 503, 513
598, 570, 523
599, 523, 543
600, 580, 570
601, 570, 563
602, 615, 580
603, 580, 574
604, 634, 615
605, 615, 621
606, 660, 634
607, 634, 646
608, 724, 660
609, 660, 665
610, 5, 725
611, 48, 5
612, 5, 8
613, 65, 48
614, 48, 44
615, 88, 65
616, 65, 63
617, 127, 88
618, 88, 83
619, 133, 127
620, 127, 113
621, 175, 133
622, 133, 151
623, 197, 175
624, 175, 176
625, 218, 197
626, 197, 188
627, 247, 218
628, 218, 228
629, 274, 247
630, 247, 248
631, 299, 274
632, 274, 275
633, 319, 299
634, 299, 301
635, 356, 319
636, 319, 322
637, 390, 356
638, 356, 353
639, 397, 390
640, 390, 376
641, 427, 397
642, 397, 408
643, 452, 427
644, 427, 420
645, 474, 452
646, 452, 453
647, 513, 474
648, 474, 475
649, 543, 513
650, 513, 500
651, 563, 543
652, 543, 532
653, 574, 563
654, 563, 554
655, 621, 574
656, 574, 593
657, 646, 621
658, 621, 612
659, 665, 646
660, 646, 636
661, 726, 665
662, 665, 666
663, 8, 727
664, 44, 8
665, 8, 9
666, 63, 44
667, 44, 45
668, 83, 63
669, 63, 75
670, 113, 83
671, 83, 84
672, 151, 113
673, 113, 114
674, 176, 151
675, 151, 152
676, 188, 176
677, 176, 177
678, 228, 188
679, 188, 189
680, 248, 228
681, 228, 229
682, 275, 248
683, 248, 249
684, 301, 275
685, 275, 276
686, 322, 301
687, 301, 291
688, 353, 322
689, 322, 334
690, 376, 353
691, 353, 342
692, 408, 376
693, 376, 382
694, 420, 408
695, 408, 409
696, 453, 420
697, 420, 421
698, 475, 453
699, 453, 454
700, 500, 475
701, 475, 476
702, 532, 500
703, 500, 501
704, 554, 532
705, 532, 533
706, 593, 554
707, 554, 555
708, 612, 593
709, 593, 594
710, 636, 612
711, 612, 613
712, 666, 636
713, 636, 637
714, 728, 666
715, 666, 667
716, 9, 729
717, 45, 9
718, 9, 20
719, 75, 45
720, 45, 46
721, 84, 75
722, 75, 66
723, 114, 84
724, 84, 89
725, 152, 114
726, 114, 115
727, 177, 152
728, 152, 141
729, 189, 177
730, 177, 178
731, 229, 189
732, 189, 190
733, 249, 229
734, 229, 211
735, 276, 249
736, 249, 240
737, 291, 276
738, 276, 277
739, 334, 291
740, 291, 309
741, 342, 334
742, 334, 316
743, 382, 342
744, 342, 363
745, 409, 382
746, 382, 367
747, 421, 409
748, 409, 393
749, 454, 421
750, 421, 437
751, 476, 454
752, 454, 466
753, 501, 476
754, 476, 477
755, 533, 501
756, 501, 514
757, 555, 533
758, 533, 534
759, 594, 555
760, 555, 567
761, 613, 594
762, 594, 575
763, 637, 613
764, 613, 614
765, 667, 637
766, 637, 630
767, 730, 667
768, 667, 670
769, 20, 731
770, 46, 20
771, 20, 6
772, 66, 46
773, 46, 50
774, 89, 66
775, 66, 61
776, 115, 89
777, 89, 103
778, 141, 115
779, 115, 110
780, 178, 141
781, 141, 156
782, 190, 178
783, 178, 159
784, 211, 190
785, 190, 205
786, 240, 211
787, 211, 230
788, 277, 240
789, 240, 255
790, 309, 277
791, 277, 262
792, 316, 309
793, 309, 297
794, 363, 316
795, 316, 338
796, 367, 363
797, 363, 340
798, 393, 367
799, 367, 386
800, 437, 393
801, 393, 403
802, 466, 437
803, 437, 434
804, 477, 466
805, 466, 443
806, 514, 477
807, 477, 491
808, 534, 514
809, 514, 504
810, 567, 534
811, 534, 529
812, 575, 567
813, 567, 564
814, 614, 575
815, 575, 591
816, 630, 614
817, 614, 601
818, 670, 630
819, 630, 629
820, 732, 670
821, 670, 654
822, 6, 733
823, 50, 6
824, 6, 10
825, 61, 50
826, 50, 47
827, 103, 61
828, 61, 58
829, 110, 103
830, 103, 85
831, 156, 110
832, 110, 116
833, 159, 156
834, 156, 134
835, 205, 159
836, 159, 161
837, 230, 205
838, 205, 198
839, 255, 230
840, 230, 219
841, 262, 255
842, 255, 250
843, 297, 262
844, 262, 266
845, 338, 297
846, 297, 302
847, 340, 338
848, 338, 317
849, 386, 340
850, 340, 343
851, 403, 386
852, 386, 383
853, 434, 403
854, 403, 416
855, 443, 434
856, 434, 418
857, 491, 443
858, 443, 455
859, 504, 491
860, 491, 478
861, 529, 504
862, 504, 518
863, 564, 529
864, 529, 525
865, 591, 564
866, 564, 559
867, 601, 591
868, 591, 588
869, 629, 601
870, 601, 604
871, 654, 629
872, 629, 642
873, 734, 654
874, 654, 651
875, 10, 735
876, 47, 10
877, 10, 11
878, 58, 47
879, 47, 30
880, 85, 58
881, 58, 59
882, 116, 85
883, 85, 101
884, 134, 116
885, 116, 126
886, 161, 134
887, 134, 135
888, 198, 161
889, 161, 162
890, 219, 198
891, 198, 207
892, 250, 219
893, 219, 212
894, 266, 250
895, 250, 258
896, 302, 266
897, 266, 286
898, 317, 302
899, 302, 289
900, 343, 317
901, 317, 323
902, 383, 343
903, 343, 357
904, 416, 383
905, 383, 385
906, 418, 416
907, 416, 399
908, 455, 418
909, 418, 422
910, 478, 455
911, 455, 467
912, 518, 478
913, 478, 489
914, 525, 518
915, 518, 495
916, 559, 525
917, 525, 545
918, 588, 559
919, 559, 568
920, 604, 588
921, 588, 589
922, 642, 604
923, 604, 605
924, 651, 642
925, 642, 631
926, 736, 651
927, 651, 676
928, 11, 737
929, 30, 11
930, 11, 2
931, 59, 30
932, 30, 28
933, 101, 59
934, 59, 77
935, 126, 101
936, 101, 80
937, 135, 126
938, 126, 117
939, 162, 135
940, 135, 136
941, 207, 162
942, 162, 163
943, 212, 207
944, 207, 191
945, 258, 212
946, 212, 233
947, 286, 258
948, 258, 236
949, 289, 286
950, 286, 278
951, 323, 289
952, 289, 303
953, 357, 323
954, 323, 324
955, 385, 357
956, 357, 344
957, 399, 385
958, 385, 384
959, 422, 399
960, 399, 394
961, 467, 422
962, 422, 438
963, 489, 467
964, 467, 456
965, 495, 489
966, 489, 490
967, 545, 495
968, 495, 508
969, 568, 545
970, 545, 528
971, 589, 568
972, 568, 548
973, 605, 589
974, 589, 595
975, 631, 605
976, 605, 623
977, 676, 631
978, 631, 626
979, 738, 676
980, 676, 659
981, 2, 739
982, 28, 2
983, 2, 7
984, 77, 28
985, 28, 52
986, 80, 77
987, 77, 54
988, 117, 80
989, 80, 86
990, 136, 117
991, 117, 108
992, 163, 136
993, 136, 140
994, 191, 163
995, 163, 160
996, 233, 191
997, 191, 206
998, 236, 233
999, 233, 231
1000, 278, 236
1001, 236, 256
1002, 303, 278
1003, 278, 263
1004, 324, 303
1005, 303, 298
1006, 344, 324
1007, 324, 320
1008, 384, 344
1009, 344, 341
1010, 394, 384
1011, 384, 372
1012, 438, 394
1013, 394, 392
1014, 456, 438
1015, 438, 435
1016, 490, 456
1017, 456, 444
1018, 508, 490
1019, 490, 492
1020, 528, 508
1021, 508, 498
1022, 548, 528
1023, 528, 530
1024, 595, 548
1025, 548, 569
1026, 623, 595
1027, 595, 578
1028, 626, 623
1029, 623, 602
1030, 659, 626
1031, 626, 650
1032, 740, 659
1033, 659, 655
1034, 7, 741
1035, 52, 7
1036, 7, 24
1037, 54, 52
1038, 52, 32
1039, 86, 54
1040, 54, 53
1041, 108, 86
1042, 86, 104
1043, 140, 108
1044, 108, 105
1045, 160, 140
1046, 140, 137
1047, 206, 160
1048, 160, 165
1049, 231, 206
1050, 206, 192
1051, 256, 231
1052, 231, 213
1053, 263, 256
1054, 256, 259
1055, 298, 263
1056, 263, 261
1057, 320, 298
1058, 298, 310
1059, 341, 320
1060, 320, 325
1061, 372, 341
1062, 341, 339
1063, 392, 372
1064, 372, 368
1065, 435, 392
1066, 392, 410
1067, 444, 435
1068, 435, 423
1069, 492, 444
1070, 444, 445
1071, 498, 492
1072, 492, 471
1073, 530, 498
1074, 498, 515
1075, 569, 530
1076, 530, 546
1077, 578, 569
1078, 569, 550
1079, 602, 578
1080, 578, 576
1081, 650, 602
1082, 602, 617
1083, 655, 650
1084, 650, 643
1085, 742, 655
1086, 655, 674
1087, 24, 743
1088, 32, 24
1089, 24, 1
1090, 53, 32
1091, 32, 29
1092, 104, 53
1093, 53, 78
1094, 105, 104
1095, 104, 81
1096, 137, 105
1097, 105, 128
1098, 165, 137
1099, 137, 142
1100, 192, 165
1101, 165, 158
1102, 213, 192
1103, 192, 199
1104, 259, 213
1105, 213, 209
1106, 261, 259
1107, 259, 252
1108, 310, 261
1109, 261, 285
1110, 325, 310
1111, 310, 290
1112, 339, 325
1113, 325, 313
1114, 368, 339
1115, 339, 358
1116, 410, 368
1117, 368, 369
1118, 423, 410
1119, 410, 395
1120, 445, 423
1121, 423, 417
1122, 471, 445
1123, 445, 457
1124, 515, 471
1125, 471, 470
1126, 546, 515
1127, 515, 520
1128, 550, 546
1129, 546, 522
1130, 576, 550
1131, 550, 551
1132, 617, 576
1133, 576, 596
1134, 643, 617
1135, 617, 606
1136, 674, 643
1137, 643, 644
1138, 744, 674
1139, 674, 652
1140, 1, 745
1141, 29, 1
1142, 1, 25
1143, 78, 29
1144, 29, 51
1145, 81, 78
1146, 78, 55
1147, 128, 81
1148, 81, 82
1149, 142, 128
1150, 128, 106
1151, 158, 142
1152, 142, 138
1153, 199, 158
1154, 158, 164
1155, 209, 199
1156, 199, 208
1157, 252, 209
1158, 209, 234
1159, 285, 252
1160, 252, 260
1161, 290, 285
1162, 285, 279
1163, 313, 290
1164, 290, 287
1165, 358, 313
1166, 313, 337
1167, 369, 358
1168, 358, 364
1169, 395, 369
1170, 369, 365
1171, 417, 395
1172, 395, 411
1173, 457, 417
1174, 417, 442
1175, 470, 457
1176, 457, 458
1177, 520, 470
1178, 470, 481
1179, 522, 520
1180, 520, 517
1181, 551, 522
1182, 522, 521
1183, 596, 551
1184, 551, 572
1185, 606, 596
1186, 596, 597
1187, 644, 606
1188, 606, 603
1189, 652, 644
1190, 644, 632
1191, 746, 652
1192, 652, 671
1193, 25, 747
1194, 51, 25
1195, 25, 3
1196, 55, 51
1197, 51, 27
1198, 82, 55
1199, 55, 56
1200, 106, 82
1201, 82, 79
1202, 138, 106
1203, 106, 107
1204, 164, 138
1205, 138, 139
1206, 208, 164
1207, 164, 166
1208, 234, 208
1209, 208, 193
1210, 260, 234
1211, 234, 210
1212, 279, 260
1213, 260, 237
1214, 287, 279
1215, 279, 280
1216, 337, 287
1217, 287, 311
1218, 364, 337
1219, 337, 314
1220, 365, 364
1221, 364, 359
1222, 411, 365
1223, 365, 370
1224, 442, 411
1225, 411, 412
1226, 458, 442
1227, 442, 424
1228, 481, 458
1229, 458, 459
1230, 517, 481
1231, 481, 494
1232, 521, 517
1233, 517, 496
1234, 572, 521
1235, 521, 536
1236, 597, 572
1237, 572, 552
1238, 603, 597
1239, 597, 598
1240, 632, 603
1241, 603, 600
1242, 671, 632
1243, 632, 625
1244, 748, 671
1245, 671, 675
1246, 3, 749
1247, 27, 3
1248, 3, 26
1249, 56, 27
1250, 27, 33
1251, 79, 56
1252, 56, 76
1253, 107, 79
1254, 79, 87
1255, 139, 107
1256, 107, 130
1257, 166, 139
1258, 139, 131
1259, 193, 166
1260, 166, 157
1261, 210, 193
1262, 193, 184
1263, 237, 210
1264, 210, 216
1265, 280, 237
1266, 237, 238
1267, 311, 280
1268, 280, 264
1269, 314, 311
1270, 311, 288
1271, 359, 314
1272, 314, 336
1273, 370, 359
1274, 359, 347
1275, 412, 370
1276, 370, 373
1277, 424, 412
1278, 412, 415
1279, 459, 424
1280, 424, 436
1281, 494, 459
1282, 459, 446
1283, 496, 494
1284, 494, 469
1285, 536, 496
1286, 496, 519
1287, 552, 536
1288, 536, 526
1289, 598, 552
1290, 552, 571
1291, 600, 598
1292, 598, 573
1293, 625, 600
1294, 600, 599
1295, 675, 625
1296, 625, 628
1297, 750, 675
1298, 675, 656
1299, 26, 751
1300, 33, 26
1301, 26, 4
1302, 76, 33
1303, 33, 31
1304, 87, 76
1305, 76, 57
1306, 130, 87
1307, 87, 102
1308, 131, 130
1309, 130, 129
1310, 157, 131
1311, 131, 132
1312, 184, 157
1313, 157, 181
1314, 216, 184
1315, 184, 183
1316, 238, 216
1317, 216, 214
1318, 264, 238
1319, 238, 235
1320, 288, 264
1321, 264, 281
1322, 336, 288
1323, 288, 312
1324, 347, 336
1325, 336, 315
1326, 373, 347
1327, 347, 360
1328, 415, 373
1329, 373, 371
1330, 436, 415
1331, 415, 391
1332, 446, 436
1333, 436, 433
1334, 469, 446
1335, 446, 468
1336, 519, 469
1337, 469, 472
1338, 526, 519
1339, 519, 497
1340, 571, 526
1341, 526, 537
1342, 573, 571
1343, 571, 547
1344, 599, 573
1345, 573, 577
1346, 628, 599
1347, 599, 624
1348, 656, 628
1349, 628, 633
1350, 752, 656
1351, 656, 653
1352, 4, 753
1353, 31, 4
1354, 4, 754
1355, 57, 31
1356, 31, 755
1357, 102, 57
1358, 57, 756
1359, 129, 102
1360, 102, 757
1361, 132, 129
1362, 129, 758
1363, 181, 132
1364, 132, 759
1365, 183, 181
1366, 181, 760
1367, 214, 183
1368, 183, 761
1369, 235, 214
1370, 214, 762
1371, 281, 235
1372, 235, 763
1373, 312, 281
1374, 281, 764
1375, 315, 312
1376, 312, 765
1377, 360, 315
1378, 315, 766
1379, 371, 360
1380, 360, 767
1381, 391, 371
1382, 371, 768
1383, 433, 391
1384, 391, 769
1385, 468, 433
1386, 433, 770
1387, 472, 468
1388, 468, 771
1389, 497, 472
1390, 472, 772
1391, 537, 497
1392, 497, 773
1393, 547, 537
1394, 537, 774
1395, 577, 547
1396, 547, 775
1397, 624, 577
1398, 577, 776
1399, 633, 624
1400, 624, 777
1401, 653, 633
1402, 633, 778
1403, 779, 653
1404, 653, 780
