1, 2165, 2382
2, 20, 2383
3, 2384, 5
4, 2385, 13
5, 25, 2386
6, 2387, 17
7, 17, 2388
8, 40, 2389
9, 5, 33
10, 2390, 5
11, 2391, 2165
12, 21, 2392
13, 2, 2393
14, 2394, 1
15, 28, 2395
16, 15, 2396
17, 2397, 4
18, 7, 2398
19, 2399, 29
20, 2400, 10
21, 12, 2401
22, 2402, 38
23, 18, 2403
24, 2404, 53
25, 2405, 6
26, 2167, 2406
27, 9, 2407
28, 4, 2408
29, 23, 4
30, 2409, 3
31, 2563, 14
32, 2410, 2165
33, 49, 2411
34, 22, 2412
35, 1, 2413
36, 8, 1
37, 2414, 16
38, 2165, 25
39, 25, 2415
40, 2416, 31
41, 11, 2417
42, 2418, 12
43, 2419, 36
44, 2420, 51
45, 35, 2421
46, 2422, 19
47, 47, 2423
48, 2563, 32
49, 13, 20
50, 20, 2166
51, 2424, 13
52, 24, 2425
53, 2166, 21
54, 21, 2426
55, 2427, 2169
56, 2428, 26
57, 2168, 2429
58, 58, 2430
59, 51, 17
60, 17, 2431
61, 65, 51
62, 2432, 27
63, 50, 28
64, 28, 8
65, 8, 74
66, 6, 9
67, 2167, 6
68, 9, 72
69, 3, 2
70, 2, 56
71, 34, 3
72, 29, 23
73, 23, 41
74, 16, 15
75, 15, 55
76, 45, 16
77, 14, 7
78, 7, 37
79, 39, 14
80, 53, 22
81, 22, 2168
82, 12, 43
83, 30, 12
84, 10, 11
85, 52, 10
86, 11, 44
87, 19, 18
88, 18, 61
89, 70, 19
90, 31, 34
91, 46, 31
92, 34, 83
93, 41, 49
94, 89, 41
95, 63, 64
96, 2169, 45
97, 45, 80
98, 33, 42
99, 26, 33
100, 79, 26
101, 47, 54
102, 2171, 2165
103, 2165, 46
104, 46, 102
105, 36, 30
106, 67, 36
107, 30, 91
108, 27, 66
109, 86, 27
110, 48, 85
111, 44, 35
112, 35, 48
113, 78, 44
114, 48, 111
115, 2433, 67
116, 67, 109
117, 66, 70
118, 70, 97
119, 110, 66
120, 76, 58
121, 58, 75
122, 2168, 79
123, 100, 2168
124, 79, 107
125, 49, 2171
126, 2170, 49
127, 74, 24
128, 24, 63
129, 87, 74
130, 63, 2173
131, 60, 2169
132, 2169, 106
133, 72, 76
134, 77, 72
135, 76, 108
136, 32, 39
137, 54, 32
138, 39, 90
139, 119, 54
140, 97, 61
141, 38, 52
142, 43, 38
143, 92, 43
144, 52, 59
145, 90, 68
146, 96, 90
147, 37, 29
148, 29, 89
149, 68, 37
150, 89, 95
151, 128, 68
152, 56, 62
153, 83, 56
154, 101, 83
155, 62, 50
156, 50, 87
157, 155, 62
158, 55, 57
159, 80, 55
160, 93, 80
161, 59, 78
162, 78, 94
163, 139, 59
164, 61, 53
165, 53, 103
166, 149, 61
167, 57, 2167
168, 2167, 77
169, 77, 99
170, 150, 57
171, 64, 2166
172, 2166, 60
173, 60, 105
174, 108, 120
175, 99, 108
176, 137, 99
177, 75, 2434
178, 118, 75
179, 2170, 69
180, 103, 100
181, 100, 2175
182, 145, 103
183, 91, 92
184, 109, 91
185, 92, 139
186, 139, 146
187, 82, 86
188, 86, 110
189, 94, 111
190, 146, 94
191, 2184, 146
192, 85, 81
193, 114, 85
194, 104, 109
195, 109, 116
196, 110, 97
197, 97, 136
198, 123, 110
199, 73, 121
200, 95, 2170
201, 176, 128
202, 128, 95
203, 87, 2173
204, 179, 87
205, 107, 98
206, 117, 107
207, 119, 96
208, 96, 151
209, 102, 2174
210, 84, 102
211, 115, 101
212, 101, 155
213, 155, 161
214, 2176, 88
215, 112, 93
216, 93, 133
217, 113, 138
218, 98, 71
219, 130, 98
220, 2171, 84
221, 84, 2172
222, 2177, 81
223, 2435, 104
224, 104, 127
225, 42, 40
226, 40, 47
227, 71, 42
228, 47, 73
229, 73, 134
230, 167, 71
231, 81, 65
232, 65, 82
233, 82, 141
234, 2179, 81
235, 88, 64
236, 64, 113
237, 135, 88
238, 113, 152
239, 69, 2171
240, 142, 69
241, 2171, 154
242, 147, 2436
243, 120, 118
244, 129, 120
245, 118, 140
246, 2170, 142
247, 126, 2170
248, 2172, 2174
249, 2173, 2176
250, 189, 2173
251, 2174, 115
252, 115, 161
253, 159, 2174
254, 2175, 117
255, 117, 132
256, 121, 119
257, 134, 121
258, 148, 134
259, 144, 123
260, 123, 131
261, 127, 125
262, 143, 127
263, 136, 149
264, 131, 136
265, 177, 131
266, 111, 114
267, 122, 111
268, 114, 2177
269, 2184, 122
270, 122, 156
271, 160, 145
272, 145, 2175
273, 2175, 183
274, 151, 163
275, 119, 151
276, 168, 119
277, 176, 126
278, 126, 170
279, 133, 150
280, 150, 2178
281, 124, 133
282, 2178, 137
283, 137, 129
284, 129, 164
285, 116, 157
286, 125, 116
287, 162, 125
288, 2176, 135
289, 187, 2176
290, 106, 112
291, 105, 106
292, 138, 105
293, 112, 124
294, 124, 165
295, 152, 138
296, 172, 152
297, 138, 166
298, 140, 147
299, 147, 2564
300, 171, 140
301, 135, 174
302, 184, 135
303, 154, 169
304, 142, 154
305, 206, 142
306, 169, 2172
307, 2172, 175
308, 191, 169
309, 141, 144
310, 182, 141
311, 144, 158
312, 167, 148
313, 148, 195
314, 2437, 143
315, 143, 173
316, 2177, 2179
317, 153, 2177
318, 132, 130
319, 130, 186
320, 188, 132
321, 194, 187
322, 187, 184
323, 184, 211
324, 166, 165
325, 204, 166
326, 175, 185
327, 2180, 175
328, 165, 2178
329, 230, 165
330, 158, 177
331, 177, 197
332, 2183, 158
333, 195, 168
334, 168, 180
335, 220, 195
336, 156, 153
337, 203, 156
338, 153, 218
339, 170, 206
340, 192, 170
341, 206, 221
342, 196, 188
343, 188, 208
344, 163, 176
345, 180, 163
346, 232, 180
347, 207, 192
348, 192, 236
349, 157, 2184
350, 178, 157
351, 2184, 203
352, 203, 226
353, 173, 162
354, 162, 178
355, 210, 173
356, 178, 229
357, 149, 160
358, 197, 149
359, 160, 198
360, 225, 197
361, 183, 196
362, 2182, 183
363, 196, 233
364, 164, 171
365, 171, 213
366, 193, 194
367, 194, 235
368, 199, 164
369, 164, 234
370, 161, 179
371, 185, 159
372, 159, 161
373, 227, 185
374, 212, 2564
375, 221, 191
376, 191, 205
377, 2179, 182
378, 182, 2183
379, 186, 181
380, 208, 186
381, 222, 208
382, 2438, 210
383, 210, 231
384, 218, 2179
385, 228, 218
386, 2179, 271
387, 181, 167
388, 167, 214
389, 297, 181
390, 205, 2180
391, 277, 205
392, 174, 172
393, 172, 200
394, 211, 174
395, 224, 211
396, 200, 204
397, 204, 223
398, 270, 200
399, 2178, 199
400, 234, 241
401, 199, 234
402, 2188, 2178
403, 213, 212
404, 2189, 213
405, 212, 253
406, 2187, 232
407, 232, 219
408, 207, 239
409, 242, 221
410, 221, 266
411, 2186, 225
412, 225, 202
413, 226, 2181
414, 216, 226
415, 2181, 228
416, 271, 284
417, 228, 271
418, 2182, 244
419, 233, 222
420, 222, 257
421, 214, 220
422, 220, 2187
423, 2202, 214
424, 2185, 209
425, 2183, 240
426, 284, 2183
427, 311, 284
428, 231, 237
429, 2439, 231
430, 229, 215
431, 238, 229
432, 190, 189
433, 189, 193
434, 193, 235
435, 2180, 227
436, 227, 2185
437, 289, 277
438, 277, 2180
439, 235, 224
440, 224, 270
441, 270, 282
442, 243, 235
443, 223, 230
444, 230, 2188
445, 2191, 223
446, 217, 256
447, 2182, 259
448, 201, 207
449, 207, 260
450, 215, 2184
451, 252, 215
452, 2184, 216
453, 216, 249
454, 2194, 2184
455, 198, 2182
456, 202, 198
457, 269, 202
458, 2182, 310
459, 176, 201
460, 219, 176
461, 254, 219
462, 201, 273
463, 179, 190
464, 209, 179
465, 190, 262
466, 268, 209
467, 209, 274
468, 2178, 217
469, 263, 2178
470, 217, 286
471, 241, 2189
472, 258, 241
473, 259, 255
474, 287, 259
475, 246, 265
476, 245, 252
477, 252, 280
478, 2185, 268
479, 248, 2185
480, 268, 275
481, 262, 243
482, 272, 262
483, 261, 250
484, 237, 238
485, 2440, 237
486, 238, 245
487, 245, 292
488, 250, 2181
489, 2181, 318
490, 291, 250
491, 240, 2186
492, 303, 240
493, 2186, 276
494, 309, 2186
495, 244, 233
496, 257, 297
497, 297, 2202
498, 255, 244
499, 233, 257
500, 288, 255
501, 2187, 247
502, 2202, 2187
503, 236, 242
504, 239, 236
505, 260, 239
506, 242, 251
507, 267, 260
508, 266, 283
509, 251, 266
510, 323, 251
511, 2200, 248
512, 248, 293
513, 243, 278
514, 295, 243
515, 2188, 246
516, 2191, 2188
517, 246, 300
518, 247, 254
519, 254, 264
520, 2190, 247
521, 253, 2441
522, 2189, 253
523, 279, 2189
524, 256, 258
525, 286, 256
526, 315, 286
527, 258, 281
528, 274, 272
529, 302, 274
530, 272, 316
531, 275, 307
532, 314, 275
533, 265, 263
534, 263, 2193
535, 294, 265
536, 313, 267
537, 267, 306
538, 273, 296
539, 264, 273
540, 305, 264
541, 276, 269
542, 269, 310
543, 285, 276
544, 312, 287
545, 287, 322
546, 280, 2194
547, 308, 280
548, 249, 261
549, 2194, 249
550, 261, 298
551, 300, 294
552, 294, 341
553, 320, 309
554, 309, 285
555, 285, 2199
556, 293, 314
557, 321, 293
558, 314, 347
559, 281, 279
560, 279, 290
561, 337, 281
562, 290, 2442
563, 354, 290
564, 282, 2192
565, 278, 282
566, 319, 278
567, 322, 288
568, 288, 301
569, 342, 322
570, 2190, 305
571, 305, 2196
572, 306, 323
573, 323, 329
574, 336, 306
575, 330, 321
576, 321, 366
577, 316, 295
578, 295, 319
579, 339, 316
580, 319, 2195
581, 292, 308
582, 304, 292
583, 308, 2197
584, 301, 2202
585, 356, 301
586, 283, 289
587, 289, 2200
588, 329, 283
589, 361, 329
590, 298, 299
591, 334, 298
592, 318, 327
593, 299, 291
594, 291, 318
595, 357, 299
596, 326, 2190
597, 2190, 358
598, 332, 304
599, 304, 362
600, 317, 320
601, 320, 2206
602, 2192, 2191
603, 2191, 300
604, 300, 348
605, 307, 302
606, 302, 324
607, 347, 307
608, 344, 2193
609, 2194, 334
610, 334, 345
611, 2199, 325
612, 310, 312
613, 325, 310
614, 312, 350
615, 407, 325
616, 331, 336
617, 336, 349
618, 2197, 2194
619, 2194, 2198
620, 296, 313
621, 313, 331
622, 2196, 296
623, 331, 370
624, 324, 339
625, 384, 324
626, 2193, 315
627, 315, 337
628, 337, 346
629, 380, 2193
630, 335, 2192
631, 2192, 369
632, 364, 347
633, 347, 384
634, 384, 2204
635, 2195, 352
636, 339, 2195
637, 2204, 339
638, 358, 2196
639, 370, 2214
640, 2196, 370
641, 349, 365
642, 387, 349
643, 327, 328
644, 363, 327
645, 328, 311
646, 311, 303
647, 303, 317
648, 317, 2206
649, 343, 328
650, 2443, 332
651, 332, 368
652, 362, 2197
653, 368, 362
654, 2197, 406
655, 375, 368
656, 359, 2202
657, 340, 358
658, 358, 372
659, 345, 357
660, 2198, 345
661, 360, 2199
662, 2199, 389
663, 350, 342
664, 342, 356
665, 398, 350
666, 361, 333
667, 2200, 330
668, 330, 371
669, 346, 2201
670, 432, 380
671, 380, 346
672, 341, 344
673, 348, 341
674, 367, 348
675, 344, 394
676, 2201, 354
677, 354, 2565
678, 352, 335
679, 335, 351
680, 404, 352
681, 388, 2565
682, 382, 343
683, 343, 353
684, 2203, 355
685, 2202, 326
686, 326, 340
687, 338, 2202
688, 340, 390
689, 2444, 393
690, 333, 2200
691, 355, 333
692, 2200, 386
693, 2207, 355
694, 353, 2205
695, 443, 353
696, 392, 338
697, 338, 385
698, 351, 383
699, 414, 351
700, 369, 367
701, 383, 369
702, 367, 379
703, 397, 383
704, 376, 2201
705, 2201, 399
706, 366, 364
707, 374, 366
708, 364, 425
709, 394, 430
710, 379, 394
711, 413, 379
712, 377, 2203
713, 2208, 2204
714, 2204, 381
715, 2205, 378
716, 390, 372
717, 402, 390
718, 371, 374
719, 391, 371
720, 374, 2209
721, 421, 407
722, 407, 398
723, 398, 373
724, 357, 363
725, 400, 357
726, 375, 405
727, 396, 375
728, 375, 450
729, 372, 429
730, 417, 372
731, 365, 361
732, 440, 387
733, 387, 365
734, 361, 377
735, 377, 408
736, 2206, 360
737, 389, 411
738, 378, 2206
739, 360, 389
740, 419, 378
741, 363, 382
742, 382, 395
743, 424, 363
744, 356, 359
745, 359, 401
746, 373, 356
747, 418, 373
748, 432, 376
749, 376, 412
750, 2195, 410
751, 381, 2195
752, 447, 381
753, 410, 404
754, 404, 414
755, 414, 434
756, 456, 410
757, 399, 388
758, 388, 2445
759, 409, 399
760, 401, 392
761, 385, 403
762, 392, 385
763, 416, 401
764, 437, 397
765, 397, 431
766, 403, 402
767, 402, 428
768, 457, 403
769, 2203, 2207
770, 458, 2203
771, 386, 391
772, 2207, 386
773, 391, 422
774, 455, 2207
775, 395, 446
776, 436, 395
777, 449, 2205
778, 2205, 423
779, 393, 396
780, 2446, 393
781, 396, 433
782, 422, 2209
783, 473, 422
784, 431, 413
785, 413, 426
786, 468, 431
787, 412, 409
788, 448, 412
789, 409, 2212
790, 442, 448
791, 448, 487
792, 428, 427
793, 2213, 428
794, 461, 456
795, 456, 475
796, 424, 436
797, 436, 474
798, 444, 418
799, 418, 416
800, 416, 2210
801, 411, 435
802, 438, 411
803, 450, 464
804, 433, 450
805, 462, 433
806, 408, 458
807, 420, 408
808, 458, 469
809, 427, 417
810, 417, 429
811, 480, 427
812, 454, 420
813, 420, 478
814, 423, 419
815, 419, 438
816, 472, 423
817, 438, 2215
818, 415, 2198
819, 2198, 400
820, 400, 424
821, 424, 490
822, 445, 444
823, 444, 485
824, 406, 415
825, 405, 406
826, 464, 405
827, 2216, 464
828, 415, 453
829, 2208, 447
830, 447, 461
831, 461, 482
832, 425, 452
833, 2209, 425
834, 484, 2209
835, 426, 451
836, 477, 426
837, 434, 437
838, 466, 434
839, 437, 471
840, 459, 472
841, 472, 488
842, 465, 457
843, 457, 2213
844, 2447, 462
845, 462, 467
846, 2210, 465
847, 465, 541
848, 469, 455
849, 479, 466
850, 466, 2218
851, 446, 443
852, 443, 449
853, 474, 446
854, 449, 459
855, 459, 509
856, 455, 483
857, 2211, 455
858, 2212, 2448
859, 483, 473
860, 473, 484
861, 484, 508
862, 2211, 483
863, 487, 492
864, 442, 487
865, 451, 441
866, 502, 451
867, 494, 2212
868, 2212, 2449
869, 2213, 501
870, 534, 2213
871, 440, 454
872, 454, 505
873, 421, 445
874, 445, 491
875, 478, 469
876, 505, 478
877, 469, 515
878, 467, 2216
879, 2450, 467
880, 490, 493
881, 463, 490
882, 500, 481
883, 485, 2210
884, 491, 485
885, 2210, 516
886, 510, 491
887, 495, 489
888, 488, 2215
889, 531, 488
890, 499, 474
891, 509, 560
892, 474, 509
893, 475, 479
894, 496, 475
895, 479, 2218
896, 429, 2214
897, 498, 480
898, 480, 429
899, 471, 468
900, 468, 477
901, 477, 497
902, 539, 471
903, 452, 2208
904, 503, 452
905, 482, 496
906, 486, 482
907, 496, 506
908, 460, 486
909, 486, 519
910, 439, 432
911, 432, 442
912, 442, 529
913, 522, 470
914, 2214, 440
915, 440, 521
916, 470, 2214
917, 540, 470
918, 453, 463
919, 489, 453
920, 463, 476
921, 532, 489
922, 476, 523
923, 2220, 476
924, 435, 421
925, 481, 435
926, 524, 481
927, 421, 517
928, 538, 421
929, 2208, 460
930, 527, 2208
931, 460, 571
932, 430, 439
933, 441, 430
934, 514, 441
935, 439, 556
936, 492, 494
937, 535, 492
938, 508, 503
939, 520, 508
940, 503, 527
941, 504, 502
942, 502, 514
943, 514, 533
944, 521, 513
945, 528, 511
946, 498, 525
947, 2215, 500
948, 500, 536
949, 507, 2215
950, 493, 499
951, 526, 493
952, 566, 531
953, 531, 507
954, 507, 543
955, 2216, 495
956, 2451, 2216
957, 495, 512
958, 512, 532
959, 2217, 512
960, 560, 576
961, 499, 560
962, 554, 499
963, 515, 573
964, 513, 505
965, 505, 515
966, 542, 513
967, 573, 2211
968, 2211, 520
969, 520, 537
970, 506, 2218
971, 511, 506
972, 562, 511
973, 497, 504
974, 544, 539
975, 539, 497
976, 504, 568
977, 516, 563
978, 518, 516
979, 517, 510
980, 510, 518
981, 518, 548
982, 494, 545
983, 578, 494
984, 501, 498
985, 530, 501
986, 498, 559
987, 533, 564
988, 579, 533
989, 547, 517
990, 517, 574
991, 527, 571
992, 561, 527
993, 525, 522
994, 522, 551
995, 558, 525
996, 551, 540
997, 540, 521
998, 521, 565
999, 2219, 551
1000, 519, 528
1001, 580, 519
1002, 528, 555
1003, 532, 2220
1004, 583, 532
1005, 536, 524
1006, 524, 538
1007, 538, 550
1008, 546, 536
1009, 523, 526
1010, 584, 523
1011, 526, 567
1012, 529, 535
1013, 556, 529
1014, 535, 553
1015, 568, 579
1016, 579, 603
1017, 553, 578
1018, 598, 553
1019, 567, 572
1020, 601, 567
1021, 543, 546
1022, 569, 543
1023, 546, 599
1024, 559, 558
1025, 558, 2222
1026, 545, 2452
1027, 578, 545
1028, 615, 578
1029, 2217, 583
1030, 583, 607
1031, 574, 575
1032, 594, 574
1033, 548, 581
1034, 575, 548
1035, 618, 575
1036, 541, 534
1037, 563, 541
1038, 534, 530
1039, 581, 563
1040, 530, 559
1041, 559, 614
1042, 577, 590
1043, 2453, 2217
1044, 2217, 620
1045, 572, 554
1046, 554, 582
1047, 2223, 572
1048, 565, 542
1049, 542, 577
1050, 596, 565
1051, 577, 628
1052, 549, 561
1053, 561, 589
1054, 555, 562
1055, 597, 555
1056, 587, 569
1057, 569, 624
1058, 537, 549
1059, 573, 537
1060, 549, 617
1061, 2218, 552
1062, 562, 2218
1063, 619, 562
1064, 557, 568
1065, 568, 2226
1066, 564, 556
1067, 606, 564
1068, 556, 586
1069, 2222, 2219
1070, 592, 605
1071, 602, 593
1072, 550, 547
1073, 547, 594
1074, 593, 550
1075, 594, 613
1076, 644, 593
1077, 2220, 584
1078, 610, 2220
1079, 584, 592
1080, 592, 668
1081, 2219, 596
1082, 596, 600
1083, 656, 2219
1084, 571, 585
1085, 589, 571
1086, 616, 589
1087, 585, 580
1088, 580, 597
1089, 597, 609
1090, 625, 585
1091, 586, 598
1092, 598, 612
1093, 2237, 586
1094, 609, 631
1095, 2221, 625
1096, 625, 609
1097, 552, 544
1098, 544, 557
1099, 570, 552
1100, 557, 2226
1101, 627, 616
1102, 616, 2221
1103, 614, 623
1104, 581, 614
1105, 2225, 619
1106, 619, 570
1107, 570, 2224
1108, 603, 606
1109, 2226, 603
1110, 606, 684
1111, 623, 2222
1112, 2222, 656
1113, 605, 601
1114, 601, 626
1115, 666, 605
1116, 582, 576
1117, 2223, 582
1118, 576, 566
1119, 566, 587
1120, 587, 622
1121, 591, 576
1122, 590, 573
1123, 637, 590
1124, 599, 602
1125, 624, 599
1126, 602, 660
1127, 632, 618
1128, 618, 595
1129, 620, 636
1130, 608, 620
1131, 607, 610
1132, 633, 607
1133, 610, 668
1134, 628, 635
1135, 600, 628
1136, 656, 600
1137, 672, 656
1138, 617, 627
1139, 611, 617
1140, 613, 632
1141, 660, 644
1142, 644, 613
1143, 669, 660
1144, 630, 615
1145, 615, 604
1146, 612, 630
1147, 663, 612
1148, 604, 2454
1149, 651, 604
1150, 2228, 588
1151, 649, 595
1152, 652, 591
1153, 591, 621
1154, 595, 581
1155, 581, 642
1156, 665, 595
1157, 573, 611
1158, 588, 573
1159, 611, 657
1160, 2227, 588
1161, 621, 653
1162, 678, 621
1163, 2224, 648
1164, 2455, 608
1165, 608, 2229
1166, 646, 2224
1167, 2224, 2230
1168, 2225, 650
1169, 642, 623
1170, 623, 629
1171, 661, 642
1172, 648, 638
1173, 655, 648
1174, 630, 639
1175, 662, 630
1176, 635, 637
1177, 637, 2228
1178, 643, 635
1179, 631, 2225
1180, 693, 631
1181, 2225, 670
1182, 622, 624
1183, 654, 622
1184, 624, 634
1185, 632, 649
1186, 645, 632
1187, 649, 658
1188, 639, 659
1189, 697, 639
1190, 640, 2221
1191, 2229, 647
1192, 627, 640
1193, 657, 627
1194, 640, 702
1195, 626, 2223
1196, 664, 626
1197, 2223, 641
1198, 703, 669
1199, 669, 645
1200, 645, 671
1201, 641, 652
1202, 681, 641
1203, 636, 633
1204, 647, 636
1205, 633, 667
1206, 2232, 647
1207, 634, 673
1208, 689, 634
1209, 674, 643
1210, 643, 712
1211, 684, 2237
1212, 638, 2226
1213, 2226, 684
1214, 676, 638
1215, 629, 683
1216, 2231, 629
1217, 659, 651
1218, 651, 2456
1219, 695, 659
1220, 2230, 655
1221, 655, 696
1222, 2227, 657
1223, 657, 704
1224, 658, 2234
1225, 686, 658
1226, 2234, 665
1227, 665, 661
1228, 661, 687
1229, 653, 654
1230, 698, 678
1231, 678, 653
1232, 654, 680
1233, 2228, 692
1234, 677, 2228
1235, 652, 698
1236, 701, 652
1237, 2457, 2229
1238, 2229, 699
1239, 650, 646
1240, 646, 2230
1241, 675, 650
1242, 704, 702
1243, 728, 704
1244, 696, 688
1245, 722, 696
1246, 688, 676
1247, 676, 700
1248, 740, 688
1249, 687, 2231
1250, 725, 687
1251, 2231, 706
1252, 738, 2231
1253, 693, 691
1254, 713, 690
1255, 707, 701
1256, 701, 723
1257, 712, 677
1258, 677, 720
1259, 668, 694
1260, 667, 668
1261, 2232, 667
1262, 702, 709
1263, 747, 702
1264, 682, 712
1265, 712, 736
1266, 699, 2232
1267, 2233, 699
1268, 2232, 734
1269, 670, 675
1270, 691, 670
1271, 675, 2235
1272, 748, 691
1273, 685, 666
1274, 666, 664
1275, 664, 681
1276, 681, 707
1277, 707, 744
1278, 673, 703
1279, 689, 673
1280, 680, 689
1281, 717, 680
1282, 689, 743
1283, 697, 695
1284, 695, 718
1285, 671, 686
1286, 690, 671
1287, 686, 729
1288, 2236, 690
1289, 2237, 663
1290, 663, 662
1291, 662, 697
1292, 697, 741
1293, 692, 2227
1294, 2227, 735
1295, 2230, 721
1296, 708, 2230
1297, 724, 2458
1298, 2235, 708
1299, 708, 2245
1300, 2459, 2233
1301, 723, 698
1302, 733, 723
1303, 732, 2234
1304, 698, 717
1305, 717, 730
1306, 771, 698
1307, 2234, 725
1308, 725, 727
1309, 786, 2234
1310, 720, 692
1311, 731, 720
1312, 692, 797
1313, 736, 731
1314, 742, 736
1315, 731, 820
1316, 748, 2235
1317, 2235, 2245
1318, 721, 722
1319, 722, 740
1320, 740, 757
1321, 2245, 721
1322, 679, 672
1323, 672, 674
1324, 674, 682
1325, 682, 750
1326, 734, 716
1327, 758, 734
1328, 730, 749
1329, 2241, 771
1330, 771, 730
1331, 711, 713
1332, 713, 2236
1333, 729, 732
1334, 2236, 729
1335, 732, 786
1336, 786, 790
1337, 727, 745
1338, 774, 727
1339, 709, 705
1340, 755, 709
1341, 751, 703
1342, 2233, 761
1343, 2460, 2233
1344, 694, 685
1345, 710, 694
1346, 685, 744
1347, 756, 733
1348, 733, 792
1349, 683, 679
1350, 706, 683
1351, 739, 706
1352, 679, 715
1353, 735, 728
1354, 728, 747
1355, 747, 759
1356, 780, 735
1357, 760, 700
1358, 718, 724
1359, 746, 718
1360, 724, 793
1361, 2221, 693
1362, 705, 2221
1363, 693, 752
1364, 714, 705
1365, 2237, 741
1366, 2237, 778
1367, 777, 714
1368, 714, 737
1369, 776, 719
1370, 700, 2237
1371, 775, 700
1372, 2237, 804
1373, 716, 710
1374, 773, 716
1375, 710, 726
1376, 703, 711
1377, 711, 787
1378, 719, 703
1379, 829, 719
1380, 769, 754
1381, 715, 782
1382, 754, 715
1383, 799, 754
1384, 726, 772
1385, 2242, 726
1386, 737, 785
1387, 816, 737
1388, 778, 753
1389, 784, 778
1390, 767, 775
1391, 775, 791
1392, 745, 738
1393, 738, 739
1394, 770, 745
1395, 739, 769
1396, 769, 789
1397, 765, 805
1398, 787, 764
1399, 797, 780
1400, 820, 797
1401, 780, 763
1402, 750, 742
1403, 742, 768
1404, 782, 750
1405, 761, 762
1406, 2461, 761
1407, 772, 766
1408, 783, 772
1409, 743, 751
1410, 751, 776
1411, 776, 794
1412, 749, 743
1413, 817, 749
1414, 743, 803
1415, 762, 758
1416, 758, 779
1417, 836, 762
1418, 744, 756
1419, 792, 828
1420, 766, 744
1421, 756, 792
1422, 800, 766
1423, 764, 2236
1424, 2236, 823
1425, 795, 764
1426, 759, 755
1427, 755, 781
1428, 763, 759
1429, 806, 763
1430, 757, 760
1431, 801, 757
1432, 760, 767
1433, 767, 798
1434, 741, 746
1435, 793, 2462
1436, 746, 793
1437, 753, 741
1438, 2238, 753
1439, 790, 774
1440, 823, 790
1441, 774, 770
1442, 770, 2240
1443, 768, 812
1444, 796, 768
1445, 752, 748
1446, 748, 765
1447, 785, 752
1448, 765, 2239
1449, 791, 818
1450, 811, 791
1451, 808, 784
1452, 784, 821
1453, 789, 799
1454, 809, 789
1455, 834, 785
1456, 785, 813
1457, 779, 773
1458, 773, 2242
1459, 830, 779
1460, 794, 829
1461, 802, 794
1462, 781, 777
1463, 777, 816
1464, 810, 781
1465, 2242, 783
1466, 783, 822
1467, 799, 782
1468, 782, 788
1469, 839, 799
1470, 824, 787
1471, 787, 814
1472, 806, 810
1473, 810, 844
1474, 821, 2238
1475, 848, 821
1476, 788, 796
1477, 796, 831
1478, 851, 788
1479, 813, 2239
1480, 867, 813
1481, 822, 800
1482, 800, 819
1483, 854, 822
1484, 823, 2240
1485, 812, 820
1486, 831, 812
1487, 2255, 831
1488, 836, 830
1489, 830, 841
1490, 2241, 817
1491, 817, 843
1492, 814, 795
1493, 795, 832
1494, 857, 814
1495, 2239, 826
1496, 873, 2239
1497, 832, 835
1498, 865, 832
1499, 798, 811
1500, 807, 798
1501, 811, 856
1502, 2238, 827
1503, 866, 2238
1504, 819, 833
1505, 875, 819
1506, 2463, 836
1507, 836, 868
1508, 803, 802
1509, 843, 803
1510, 802, 2243
1511, 872, 843
1512, 2240, 809
1513, 809, 855
1514, 871, 2240
1515, 842, 806
1516, 806, 869
1517, 2246, 801
1518, 801, 807
1519, 807, 2257
1520, 834, 870
1521, 804, 808
1522, 815, 804
1523, 808, 848
1524, 848, 860
1525, 841, 2242
1526, 2242, 825
1527, 850, 841
1528, 829, 824
1529, 838, 829
1530, 824, 859
1531, 825, 862
1532, 892, 825
1533, 864, 839
1534, 839, 845
1535, 845, 851
1536, 851, 858
1537, 905, 845
1538, 2243, 838
1539, 838, 899
1540, 816, 834
1541, 847, 816
1542, 834, 2254
1543, 818, 815
1544, 863, 818
1545, 815, 889
1546, 856, 863
1547, 2257, 856
1548, 889, 903
1549, 863, 889
1550, 2255, 853
1551, 846, 872
1552, 872, 876
1553, 870, 867
1554, 867, 874
1555, 2254, 870
1556, 862, 854
1557, 854, 875
1558, 875, 2252
1559, 2262, 862
1560, 833, 828
1561, 2252, 833
1562, 859, 857
1563, 857, 2251
1564, 899, 859
1565, 907, 899
1566, 861, 871
1567, 871, 2253
1568, 844, 847
1569, 869, 844
1570, 2244, 869
1571, 847, 2254
1572, 868, 850
1573, 2250, 868
1574, 850, 892
1575, 892, 900
1576, 876, 2243
1577, 2243, 907
1578, 907, 2265
1579, 2566, 2250
1580, 2251, 865
1581, 865, 835
1582, 858, 878
1583, 2259, 858
1584, 855, 864
1585, 877, 855
1586, 864, 905
1587, 905, 926
1588, 820, 842
1589, 837, 820
1590, 842, 2244
1591, 805, 2245
1592, 2245, 2246
1593, 826, 805
1594, 2248, 826
1595, 2246, 879
1596, 860, 866
1597, 866, 880
1598, 903, 860
1599, 920, 903
1600, 827, 2464
1601, 880, 827
1602, 852, 2247
1603, 846, 894
1604, 853, 849
1605, 2256, 853
1606, 849, 837
1607, 837, 885
1608, 911, 849
1609, 2249, 2465
1610, 2566, 893
1611, 835, 823
1612, 823, 840
1613, 898, 835
1614, 840, 861
1615, 861, 888
1616, 901, 840
1617, 828, 2241
1618, 2241, 846
1619, 895, 828
1620, 846, 924
1621, 890, 2246
1622, 2246, 852
1623, 852, 919
1624, 2247, 879
1625, 2244, 887
1626, 885, 2244
1627, 897, 885
1628, 2248, 891
1629, 886, 2249
1630, 2259, 882
1631, 2250, 881
1632, 896, 2250
1633, 2251, 898
1634, 927, 2251
1635, 2251, 933
1636, 874, 873
1637, 873, 2248
1638, 921, 874
1639, 2248, 936
1640, 884, 895
1641, 895, 902
1642, 900, 2262
1643, 881, 900
1644, 938, 881
1645, 883, 876
1646, 876, 912
1647, 942, 2252
1648, 2252, 884
1649, 884, 923
1650, 2253, 877
1651, 877, 916
1652, 888, 2253
1653, 909, 888
1654, 2253, 940
1655, 894, 883
1656, 904, 894
1657, 883, 925
1658, 2254, 922
1659, 887, 2254
1660, 906, 887
1661, 878, 2255
1662, 2255, 2256
1663, 882, 878
1664, 2258, 882
1665, 918, 880
1666, 880, 886
1667, 886, 914
1668, 879, 2257
1669, 2257, 929
1670, 915, 879
1671, 2249, 2466
1672, 913, 2249
1673, 941, 911
1674, 911, 897
1675, 897, 908
1676, 898, 901
1677, 901, 910
1678, 949, 898
1679, 2256, 934
1680, 932, 2256
1681, 910, 909
1682, 909, 948
1683, 2260, 910
1684, 891, 890
1685, 890, 917
1686, 944, 891
1687, 939, 904
1688, 904, 937
1689, 902, 924
1690, 928, 902
1691, 893, 896
1692, 2567, 893
1693, 896, 930
1694, 919, 2247
1695, 2247, 955
1696, 914, 913
1697, 946, 914
1698, 913, 2264
1699, 935, 920
1700, 920, 918
1701, 918, 946
1702, 946, 986
1703, 933, 949
1704, 949, 961
1705, 940, 947
1706, 948, 940
1707, 977, 948
1708, 937, 925
1709, 2263, 937
1710, 929, 952
1711, 951, 915
1712, 915, 929
1713, 953, 921
1714, 921, 936
1715, 912, 2265
1716, 925, 912
1717, 985, 925
1718, 945, 923
1719, 2258, 932
1720, 932, 962
1721, 923, 928
1722, 928, 965
1723, 991, 923
1724, 930, 938
1725, 938, 958
1726, 970, 930
1727, 958, 943
1728, 2261, 958
1729, 2265, 927
1730, 927, 933
1731, 933, 999
1732, 916, 926
1733, 947, 916
1734, 987, 947
1735, 931, 2259
1736, 2259, 2258
1737, 2258, 1000
1738, 908, 906
1739, 906, 956
1740, 969, 908
1741, 936, 944
1742, 944, 966
1743, 990, 936
1744, 955, 951
1745, 975, 955
1746, 951, 988
1747, 922, 954
1748, 956, 922
1749, 976, 956
1750, 917, 919
1751, 966, 917
1752, 919, 957
1753, 2264, 2467
1754, 968, 2260
1755, 934, 941
1756, 941, 959
1757, 962, 934
1758, 971, 962
1759, 959, 978
1760, 1006, 959
1761, 2567, 973
1762, 924, 939
1763, 939, 972
1764, 967, 924
1765, 972, 2263
1766, 1015, 972
1767, 2260, 981
1768, 1031, 2260
1769, 957, 975
1770, 1018, 957
1771, 975, 1010
1772, 1059, 975
1773, 985, 983
1774, 954, 953
1775, 953, 996
1776, 2266, 954
1777, 989, 966
1778, 966, 1018
1779, 1018, 1054
1780, 986, 994
1781, 974, 986
1782, 973, 970
1783, 970, 2261
1784, 2468, 973
1785, 961, 968
1786, 1005, 961
1787, 968, 1026
1788, 981, 977
1789, 977, 987
1790, 987, 995
1791, 1031, 981
1792, 1001, 980
1793, 979, 1000
1794, 978, 969
1795, 969, 984
1796, 1020, 978
1797, 942, 945
1798, 945, 992
1799, 2262, 942
1800, 943, 2262
1801, 1008, 943
1802, 942, 964
1803, 965, 967
1804, 998, 965
1805, 967, 1015
1806, 1015, 1048
1807, 2263, 985
1808, 1036, 2263
1809, 985, 1013
1810, 1003, 971
1811, 971, 1006
1812, 1006, 1034
1813, 999, 1007
1814, 982, 999
1815, 984, 976
1816, 976, 2266
1817, 1017, 984
1818, 988, 952
1819, 1002, 988
1820, 994, 2264
1821, 2264, 2469
1822, 1009, 994
1823, 952, 950
1824, 1016, 952
1825, 950, 935
1826, 935, 974
1827, 974, 1025
1828, 1046, 950
1829, 964, 2268
1830, 993, 964
1831, 963, 2265
1832, 2265, 982
1833, 982, 1037
1834, 1022, 993
1835, 993, 2267
1836, 983, 963
1837, 1023, 983
1838, 963, 1057
1839, 926, 931
1840, 980, 926
1841, 931, 960
1842, 1030, 980
1843, 960, 979
1844, 979, 1027
1845, 1045, 960
1846, 1032, 2266
1847, 2266, 1028
1848, 1052, 2266
1849, 1010, 1002
1850, 1002, 1016
1851, 1016, 1035
1852, 1029, 1019
1853, 1019, 1009
1854, 1009, 2470
1855, 1067, 1019
1856, 1011, 1008
1857, 1008, 1022
1858, 1022, 1040
1859, 995, 1001
1860, 1033, 995
1861, 1001, 1030
1862, 1024, 1032
1863, 1028, 1012
1864, 992, 991
1865, 991, 997
1866, 2268, 992
1867, 1048, 1036
1868, 1061, 1048
1869, 1036, 1021
1870, 997, 998
1871, 998, 1041
1872, 1050, 997
1873, 1004, 1003
1874, 1034, 1079
1875, 1003, 1034
1876, 996, 990
1877, 990, 989
1878, 1012, 996
1879, 989, 1054
1880, 1042, 1012
1881, 2261, 1011
1882, 1044, 2261
1883, 1011, 1065
1884, 1038, 1014
1885, 1000, 1004
1886, 1027, 1000
1887, 1004, 1058
1888, 1077, 1031
1889, 1031, 1033
1890, 1033, 1055
1891, 1079, 1020
1892, 1020, 1017
1893, 1017, 1024
1894, 1024, 1043
1895, 1059, 1010
1896, 1010, 1074
1897, 1007, 1005
1898, 1026, 1075
1899, 1005, 1026
1900, 1014, 1007
1901, 1056, 1014
1902, 1013, 1023
1903, 1021, 1013
1904, 1023, 1039
1905, 1060, 1021
1906, 1053, 1027
1907, 1027, 1076
1908, 1032, 1066
1909, 1090, 1032
1910, 1064, 1028
1911, 1028, 1069
1912, 1057, 2269
1913, 1039, 1057
1914, 1078, 1039
1915, 1040, 2267
1916, 1073, 1040
1917, 1081, 2268
1918, 2268, 1049
1919, 1037, 1038
1920, 2269, 1037
1921, 1038, 1070
1922, 1030, 1047
1923, 1051, 1030
1924, 1035, 1046
1925, 1091, 1035
1926, 1025, 1029
1927, 1046, 1025
1928, 1029, 1082
1929, 1080, 1046
1930, 1076, 1087
1931, 2271, 1076
1932, 1074, 1091
1933, 1091, 1111
1934, 1072, 1078
1935, 1078, 1110
1936, 1070, 1056
1937, 2270, 1070
1938, 1086, 1090
1939, 1090, 1107
1940, 1069, 1042
1941, 1042, 1071
1942, 1085, 1069
1943, 1067, 1098
1944, 1065, 1073
1945, 1095, 1065
1946, 1073, 1102
1947, 1049, 1050
1948, 1050, 1063
1949, 1109, 1049
1950, 1062, 1051
1951, 1051, 1112
1952, 1056, 1097
1953, 1121, 1056
1954, 1041, 1068
1955, 1063, 1041
1956, 1128, 1063
1957, 1058, 1093
1958, 1087, 1058
1959, 1127, 1087
1960, 2471, 1044
1961, 1044, 1095
1962, 1095, 1123
1963, 1043, 1086
1964, 1101, 1043
1965, 1086, 1122
1966, 1061, 1060
1967, 1060, 1072
1968, 1072, 1119
1969, 1055, 1062
1970, 1105, 1055
1971, 1062, 1131
1972, 2272, 1085
1973, 1085, 1141
1974, 1096, 1074
1975, 1074, 1118
1976, 1082, 1067
1977, 1108, 1082
1978, 1067, 1120
1979, 1111, 1100
1980, 1117, 1111
1981, 1114, 2269
1982, 1064, 2272
1983, 1066, 1052
1984, 1052, 1064
1985, 1107, 1066
1986, 1064, 1163
1987, 1106, 2267
1988, 2269, 2270
1989, 1168, 2269
1990, 1047, 1045
1991, 1045, 1053
1992, 1053, 1084
1993, 1112, 1047
1994, 2267, 1081
1995, 1081, 1109
1996, 1109, 1116
1997, 1151, 2267
1998, 1084, 2271
1999, 1148, 1084
2000, 1100, 1080
2001, 1080, 1108
2002, 1108, 1115
2003, 1181, 1100
2004, 2273, 1101
2005, 1101, 1122
2006, 1083, 1096
2007, 1096, 1134
2008, 1118, 1117
2009, 1134, 1118
2010, 1117, 1189
2011, 1147, 1134
2012, 1115, 1144
2013, 1173, 1115
2014, 1120, 1098
2015, 1145, 1120
2016, 1103, 1105
2017, 1105, 1130
2018, 1097, 1089
2019, 1146, 1121
2020, 1121, 1097
2021, 1131, 1112
2022, 1112, 1178
2023, 1119, 1124
2024, 1094, 1119
2025, 1123, 1138
2026, 2568, 1123
2027, 2271, 1127
2028, 1178, 1148
2029, 1148, 2271
2030, 1102, 1106
2031, 1140, 1102
2032, 1106, 1151
2033, 1151, 1169
2034, 1110, 1114
2035, 1125, 1110
2036, 1114, 1195
2037, 2270, 1142
2038, 1153, 2270
2039, 1093, 1088
2040, 1132, 1093
2041, 1116, 1133
2042, 1169, 1116
2043, 2279, 1169
2044, 1126, 1104
2045, 2272, 1139
2046, 1157, 2272
2047, 1122, 1107
2048, 1163, 1190
2049, 1107, 1163
2050, 1149, 1122
2051, 1054, 1059
2052, 1071, 1054
2053, 1059, 1083
2054, 1137, 1071
2055, 1083, 1099
2056, 1088, 1079
2057, 1079, 2273
2058, 1167, 1088
2059, 1156, 1129
2060, 1068, 1061
2061, 1104, 1068
2062, 1061, 1094
2063, 1094, 1113
2064, 1158, 1104
2065, 1092, 1103
2066, 1103, 2275
2067, 2568, 1161
2068, 1099, 1164
2069, 1129, 1099
2070, 1193, 1129
2071, 1075, 1077
2072, 1077, 1092
2073, 1089, 1075
2074, 2274, 1089
2075, 1092, 1186
2076, 1113, 1174
2077, 1175, 1113
2078, 1098, 2472
2079, 1159, 1098
2080, 2273, 1160
2081, 1182, 2273
2082, 1141, 1137
2083, 1137, 1156
2084, 1156, 1166
2085, 1164, 1147
2086, 1147, 1152
2087, 1171, 1164
2088, 1133, 1128
2089, 1128, 1126
2090, 1126, 1158
2091, 1139, 1141
2092, 1190, 1157
2093, 1157, 1139
2094, 1203, 1190
2095, 1141, 1180
2096, 1144, 1145
2097, 2283, 1181
2098, 1181, 1173
2099, 1173, 1144
2100, 1145, 1154
2101, 1138, 1143
2102, 1162, 1138
2103, 1142, 1146
2104, 1197, 1168
2105, 1168, 1153
2106, 1153, 1142
2107, 1146, 2274
2108, 2278, 1146
2109, 1130, 1131
2110, 2275, 1130
2111, 1131, 1136
2112, 1127, 1132
2113, 1177, 1127
2114, 1132, 1135
2115, 1136, 1178
2116, 1178, 1192
2117, 1176, 1136
2118, 1155, 1149
2119, 1149, 1203
2120, 1143, 1140
2121, 1140, 2279
2122, 1206, 1143
2123, 1135, 1172
2124, 1205, 1135
2125, 1204, 1133
2126, 1133, 1208
2127, 1124, 1125
2128, 1150, 1124
2129, 1125, 1179
2130, 2277, 1150
2131, 1150, 1198
2132, 1152, 1184
2133, 1185, 1152
2134, 1165, 1155
2135, 1155, 1183
2136, 1154, 1159
2137, 1159, 1170
2138, 1202, 1154
2139, 1160, 1165
2140, 2276, 1182
2141, 1182, 1160
2142, 1165, 2280
2143, 1188, 2275
2144, 2275, 1209
2145, 1172, 1167
2146, 1167, 2276
2147, 1191, 1172
2148, 1166, 1193
2149, 1193, 1218
2150, 1212, 1166
2151, 1229, 1171
2152, 1171, 1199
2153, 1170, 2473
2154, 1214, 1170
2155, 1158, 1175
2156, 1175, 1187
2157, 1196, 1158
2158, 1174, 2277
2159, 1213, 1174
2160, 1161, 1162
2161, 2474, 1161
2162, 1162, 1227
2163, 2274, 1194
2164, 1200, 2274
2165, 1233, 1202
2166, 1202, 1214
2167, 1214, 1248
2168, 1209, 1207
2169, 1239, 1209
2170, 1226, 1191
2171, 1191, 1240
2172, 2278, 1200
2173, 1200, 2281
2174, 1183, 1220
2175, 1231, 1183
2176, 1189, 2283
2177, 1184, 1189
2178, 1185, 1184
2179, 1199, 1185
2180, 1246, 1199
2181, 1185, 1259
2182, 1195, 1197
2183, 1179, 1195
2184, 1197, 1215
2185, 1211, 1179
2186, 1198, 1211
2187, 2277, 1198
2188, 1238, 2277
2189, 1211, 1254
2190, 1219, 1204
2191, 1204, 1217
2192, 1227, 1222
2193, 1252, 1227
2194, 1223, 2278
2195, 2278, 1262
2196, 1222, 1206
2197, 1206, 2279
2198, 1266, 1222
2199, 1192, 1177
2200, 1177, 1205
2201, 1210, 1192
2202, 1205, 1226
2203, 1226, 1256
2204, 1180, 1201
2205, 1230, 1180
2206, 2280, 1231
2207, 1231, 1265
2208, 1208, 1196
2209, 1217, 1208
2210, 1196, 1236
2211, 1263, 1217
2212, 1207, 1176
2213, 1176, 1210
2214, 1275, 1207
2215, 2283, 1233
2216, 1233, 1260
2217, 1201, 1212
2218, 1212, 2282
2219, 2286, 1201
2220, 2276, 1242
2221, 1235, 2276
2222, 1232, 1229
2223, 1229, 1250
2224, 1194, 1186
2225, 2281, 1194
2226, 1225, 1213
2227, 1213, 1238
2228, 1238, 1258
2229, 2475, 1253
2230, 1261, 2476
2231, 1187, 1225
2232, 1236, 1187
2233, 1257, 1236
2234, 1225, 1293
2235, 1186, 1188
2236, 1188, 1239
2237, 1239, 1255
2238, 1278, 1186
2239, 1240, 1235
2240, 1251, 1240
2241, 1235, 2299
2242, 1218, 1232
2243, 2282, 1218
2244, 1232, 1296
2245, 1241, 1268
2246, 1255, 1275
2247, 1309, 1278
2248, 1278, 1255
2249, 1221, 1230
2250, 1230, 2286
2251, 1215, 1223
2252, 1223, 1279
2253, 1258, 1267
2254, 1298, 1258
2255, 1277, 1263
2256, 1263, 1257
2257, 1293, 1298
2258, 1257, 1293
2259, 1298, 1315
2260, 2284, 1216
2261, 1220, 1203
2262, 1265, 1220
2263, 1272, 1265
2264, 1224, 1219
2265, 1219, 2290
2266, 1254, 1243
2267, 1267, 1254
2268, 1281, 1267
2269, 1269, 2282
2270, 1296, 1305
2271, 2282, 1296
2272, 1253, 1252
2273, 1252, 1273
2274, 2477, 1253
2275, 1274, 1266
2276, 1266, 1234
2277, 1262, 2281
2278, 1270, 1262
2279, 2281, 1309
2280, 1242, 2280
2281, 2280, 1271
2282, 1317, 1242
2283, 1250, 1246
2284, 1259, 2284
2285, 1246, 1259
2286, 1305, 1250
2287, 1326, 1305
2288, 1276, 1244
2289, 1228, 1256
2290, 1248, 1261
2291, 1260, 1248
2292, 1268, 1260
2293, 1261, 1287
2294, 2287, 1268
2295, 1256, 1251
2296, 1251, 1294
2297, 2285, 1256
2298, 1264, 1284
2299, 2291, 1249
2300, 1216, 2283
2301, 2283, 1241
2302, 1241, 1292
2303, 1245, 1216
2304, 1237, 1291
2305, 2279, 1224
2306, 1234, 2279
2307, 1224, 1237
2308, 2288, 1234
2309, 1237, 1306
2310, 1247, 2289
2311, 1210, 1228
2312, 1244, 1210
2313, 1300, 1244
2314, 1228, 1264
2315, 1264, 1321
2316, 1203, 1221
2317, 1221, 1297
2318, 1249, 1203
2319, 2292, 1249
2320, 1302, 1245
2321, 1245, 1301
2322, 1243, 1215
2323, 1215, 1247
2324, 1286, 1243
2325, 1247, 1307
2326, 2284, 1304
2327, 1288, 2285
2328, 2286, 1269
2329, 1282, 2286
2330, 1269, 1312
2331, 1325, 2284
2332, 2284, 1319
2333, 1287, 2478
2334, 2287, 1287
2335, 1280, 1274
2336, 1274, 2288
2337, 1297, 1282
2338, 1282, 1313
2339, 1271, 1272
2340, 1317, 1271
2341, 1291, 2290
2342, 1303, 1291
2343, 1333, 1289
2344, 1275, 1276
2345, 1289, 1275
2346, 1276, 1299
2347, 1336, 1289
2348, 2289, 1283
2349, 1311, 1281
2350, 1281, 1285
2351, 1272, 2291
2352, 1334, 1272
2353, 1273, 1280
2354, 2479, 1273
2355, 1280, 2293
2356, 1294, 2299
2357, 2285, 1294
2358, 1314, 2285
2359, 2290, 1277
2360, 1277, 1320
2361, 1310, 2290
2362, 1279, 1270
2363, 1283, 1279
2364, 1270, 1318
2365, 1324, 1283
2366, 1285, 1290
2367, 1335, 1285
2368, 1295, 2287
2369, 2287, 1316
2370, 1299, 1300
2371, 1300, 1321
2372, 1359, 1299
2373, 2291, 1344
2374, 1330, 2291
2375, 1304, 1302
2376, 1302, 1342
2377, 1327, 1304
2378, 1290, 1286
2379, 1286, 1308
2380, 1357, 1290
2381, 1284, 1288
2382, 1345, 1284
2383, 1288, 1329
2384, 2292, 1297
2385, 1297, 1352
2386, 1306, 1303
2387, 2294, 1306
2388, 1303, 1328
2389, 1292, 1295
2390, 1301, 1292
2391, 1342, 1301
2392, 1295, 1367
2393, 1358, 1342
2394, 1307, 2289
2395, 2289, 1348
2396, 2288, 2294
2397, 1322, 2288
2398, 1353, 1359
2399, 1359, 1371
2400, 1319, 1327
2401, 1338, 1319
2402, 1327, 1363
2403, 1352, 1356
2404, 1370, 1352
2405, 1343, 1335
2406, 1335, 1357
2407, 1339, 1314
2408, 1314, 1340
2409, 1328, 1310
2410, 1310, 1323
2411, 1366, 1328
2412, 1354, 1324
2413, 1324, 1337
2414, 1320, 1331
2415, 1323, 1320
2416, 1398, 1323
2417, 1351, 2293
2418, 1361, 1334
2419, 1334, 1330
2420, 1330, 1365
2421, 1316, 1332
2422, 1367, 1316
2423, 1348, 1354
2424, 1374, 1348
2425, 1354, 1400
2426, 1355, 1361
2427, 1361, 1394
2428, 2293, 1322
2429, 1322, 1379
2430, 1391, 2293
2431, 1315, 1311
2432, 1331, 1315
2433, 1311, 1343
2434, 1343, 2297
2435, 1349, 1331
2436, 1329, 1339
2437, 2295, 1329
2438, 1339, 1402
2439, 1341, 1333
2440, 1333, 1336
2441, 1336, 1353
2442, 1353, 2298
2443, 1312, 1326
2444, 1326, 1346
2445, 1313, 1312
2446, 1356, 1313
2447, 1387, 1356
2448, 1346, 1325
2449, 1325, 1338
2450, 1338, 1389
2451, 1362, 1346
2452, 1332, 2480
2453, 1388, 1332
2454, 1321, 1347
2455, 1373, 1321
2456, 1363, 1358
2457, 1382, 1363
2458, 1350, 2292
2459, 2292, 1370
2460, 1308, 1307
2461, 1357, 1308
2462, 1307, 1364
2463, 1386, 1357
2464, 1364, 1374
2465, 1374, 1383
2466, 1452, 1364
2467, 2294, 1366
2468, 1366, 1372
2469, 1381, 2294
2470, 2294, 1427
2471, 1344, 1350
2472, 1365, 1344
2473, 1375, 1365
2474, 1350, 2296
2475, 1347, 1345
2476, 1345, 2295
2477, 1435, 1347
2478, 1358, 1369
2479, 1424, 1358
2480, 1402, 1380
2481, 2295, 1402
2482, 1440, 2295
2483, 1309, 1341
2484, 1318, 1309
2485, 1337, 1318
2486, 1407, 1337
2487, 1370, 1408
2488, 2296, 1370
2489, 1389, 1404
2490, 1378, 1389
2491, 1369, 1367
2492, 1367, 1397
2493, 2302, 1369
2494, 2481, 1351
2495, 1351, 1392
2496, 1379, 1381
2497, 1395, 1379
2498, 1381, 2304
2499, 1398, 1349
2500, 1349, 1360
2501, 1400, 1406
2502, 1383, 1400
2503, 1420, 1383
2504, 1368, 1393
2505, 1408, 1387
2506, 1387, 1377
2507, 1384, 2297
2508, 1372, 1401
2509, 1427, 1372
2510, 2304, 1427
2511, 2297, 1386
2512, 1386, 1417
2513, 1403, 2297
2514, 1399, 1388
2515, 1388, 1390
2516, 1371, 1373
2517, 1414, 1371
2518, 1373, 1435
2519, 2303, 1375
2520, 1375, 1438
2521, 1376, 2298
2522, 1404, 1382
2523, 1382, 1424
2524, 1424, 2302
2525, 1341, 1376
2526, 1385, 1341
2527, 1376, 2300
2528, 1377, 1362
2529, 1425, 1377
2530, 1360, 1384
2531, 1396, 1360
2532, 1384, 1426
2533, 1419, 1396
2534, 1396, 2306
2535, 2299, 1317
2536, 1317, 1355
2537, 1355, 1368
2538, 1368, 1432
2539, 1418, 1385
2540, 1385, 1449
2541, 2482, 1431
2542, 1340, 2299
2543, 1380, 1340
2544, 1429, 1380
2545, 2299, 1442
2546, 1362, 1378
2547, 1378, 2301
2548, 1441, 1362
2549, 1390, 2483
2550, 1412, 1390
2551, 1410, 1423
2552, 2298, 1416
2553, 2300, 2298
2554, 2301, 1413
2555, 1413, 1404
2556, 1404, 1460
2557, 1478, 1413
2558, 1421, 1408
2559, 1408, 1425
2560, 1392, 1391
2561, 1391, 1395
2562, 1430, 1392
2563, 1395, 1405
2564, 1401, 1398
2565, 1398, 1422
2566, 1411, 1401
2567, 1426, 1415
2568, 1433, 1426
2569, 1416, 1414
2570, 1435, 1447
2571, 1414, 1435
2572, 1472, 1416
2573, 1397, 1399
2574, 2302, 1397
2575, 1399, 1410
2576, 1410, 1446
2577, 1436, 1409
2578, 1394, 2303
2579, 1393, 1394
2580, 1432, 1393
2581, 1438, 1450
2582, 2303, 1438
2583, 1434, 2303
2584, 1405, 1467
2585, 2305, 1405
2586, 1439, 1420
2587, 1420, 1406
2588, 1466, 2304
2589, 2304, 1411
2590, 1411, 1437
2591, 1402, 1429
2592, 1409, 1402
2593, 1484, 1409
2594, 1453, 2296
2595, 2296, 1421
2596, 1421, 1443
2597, 1417, 1451
2598, 1415, 1403
2599, 1403, 1417
2600, 1448, 1415
2601, 1406, 1407
2602, 1407, 1418
2603, 1418, 1428
2604, 1455, 1406
2605, 1429, 1459
2606, 1477, 1429
2607, 1442, 1432
2608, 1464, 1442
2609, 1432, 1461
2610, 1425, 1485
2611, 1470, 1425
2612, 1431, 1430
2613, 2484, 1431
2614, 1430, 1444
2615, 1428, 1449
2616, 1457, 1428
2617, 1422, 1419
2618, 1419, 1462
2619, 1463, 1422
2620, 2306, 1433
2621, 1433, 1454
2622, 1449, 2300
2623, 2300, 1481
2624, 1480, 1449
2625, 1423, 1412
2626, 1412, 2485
2627, 1445, 1423
2628, 1485, 1441
2629, 1441, 2301
2630, 2301, 1456
2631, 1481, 1472
2632, 1472, 1483
2633, 2308, 1481
2634, 1454, 1469
2635, 1508, 1454
2636, 1468, 1455
2637, 1455, 1457
2638, 1457, 1498
2639, 1484, 1477
2640, 1477, 1499
2641, 1446, 1445
2642, 1458, 1446
2643, 1445, 1509
2644, 1443, 1474
2645, 1496, 1443
2646, 1475, 2302
2647, 2302, 1458
2648, 1458, 1511
2649, 1460, 1475
2650, 1486, 1460
2651, 1475, 1488
2652, 1444, 2305
2653, 1510, 1444
2654, 1471, 1463
2655, 1463, 1500
2656, 1451, 2307
2657, 1469, 1448
2658, 1448, 1451
2659, 1524, 1469
2660, 1437, 1471
2661, 1493, 1437
2662, 1471, 2310
2663, 2305, 1476
2664, 1522, 2305
2665, 1461, 1473
2666, 1501, 1461
2667, 2307, 1452
2668, 1452, 1439
2669, 1439, 1468
2670, 1468, 1520
2671, 1483, 1489
2672, 2313, 1483
2673, 1447, 1440
2674, 1440, 1436
2675, 1479, 1447
2676, 1436, 1484
2677, 1484, 1523
2678, 1473, 1434
2679, 1434, 1465
2680, 1517, 1473
2681, 1474, 1470
2682, 1470, 1504
2683, 1521, 1474
2684, 1456, 1478
2685, 1478, 1486
2686, 1507, 1456
2687, 1486, 1525
2688, 1509, 2486
2689, 1459, 1464
2690, 1503, 1459
2691, 1464, 1492
2692, 1495, 1485
2693, 1485, 1507
2694, 1507, 1519
2695, 1462, 2306
2696, 1500, 1462
2697, 2306, 1482
2698, 1514, 1500
2699, 2487, 1510
2700, 1504, 1495
2701, 1513, 1504
2702, 1495, 1558
2703, 1482, 1512
2704, 1548, 1482
2705, 1491, 1480
2706, 1480, 2308
2707, 1505, 1491
2708, 1491, 2320
2709, 1492, 1501
2710, 1501, 1526
2711, 1569, 1492
2712, 1533, 1513
2713, 1558, 1567
2714, 1513, 1558
2715, 1520, 2315
2716, 2307, 1520
2717, 1519, 1531
2718, 1567, 1519
2719, 1581, 1567
2720, 1524, 1506
2721, 1467, 1466
2722, 1476, 1467
2723, 1466, 1487
2724, 2314, 1522
2725, 1522, 1476
2726, 1494, 1493
2727, 1493, 1530
2728, 1510, 2314
2729, 2570, 1510
2730, 2308, 2313
2731, 2320, 2308
2732, 1526, 2309
2733, 1561, 1526
2734, 1450, 1453
2735, 1465, 1450
2736, 1453, 1490
2737, 2309, 1517
2738, 1517, 1465
2739, 1512, 1508
2740, 1508, 1524
2741, 1562, 1512
2742, 1524, 1532
2743, 1489, 1479
2744, 1534, 1489
2745, 1511, 1529
2746, 2311, 1511
2747, 2310, 1514
2748, 1514, 1548
2749, 1548, 1570
2750, 1498, 1505
2751, 2315, 1498
2752, 1505, 1563
2753, 1525, 1515
2754, 1531, 1525
2755, 1516, 1527
2756, 1496, 1521
2757, 1521, 2312
2758, 1499, 1503
2759, 1528, 1499
2760, 1503, 1547
2761, 1529, 1509
2762, 1509, 2488
2763, 1502, 1516
2764, 1516, 1542
2765, 1490, 1496
2766, 1518, 1490
2767, 1496, 1546
2768, 2311, 1543
2769, 1497, 1541
2770, 1487, 1494
2771, 1494, 1544
2772, 1553, 1487
2773, 1487, 1568
2774, 1545, 1518
2775, 1518, 1589
2776, 1506, 2307
2777, 2307, 1497
2778, 1552, 1506
2779, 1497, 2318
2780, 1479, 1502
2781, 1550, 1479
2782, 1502, 1566
2783, 1488, 2311
2784, 1515, 1488
2785, 1559, 1515
2786, 2311, 1565
2787, 1546, 2312
2788, 1564, 1546
2789, 1531, 1560
2790, 1539, 1554
2791, 1523, 1528
2792, 1527, 1523
2793, 1551, 1527
2794, 1528, 1537
2795, 2312, 1533
2796, 1533, 1571
2797, 1578, 2312
2798, 1540, 2569
2799, 1541, 2315
2800, 1556, 1541
2801, 2313, 1534
2802, 2320, 2313
2803, 1534, 1539
2804, 1539, 1585
2805, 2314, 1553
2806, 1544, 1535
2807, 1557, 1544
2808, 1532, 1552
2809, 1538, 1532
2810, 1573, 1561
2811, 1561, 2309
2812, 2309, 1536
2813, 1536, 1549
2814, 1579, 1536
2815, 1543, 1529
2816, 1529, 1540
2817, 1555, 1543
2818, 1540, 1574
2819, 2570, 2314
2820, 2314, 1619
2821, 1570, 1562
2822, 1562, 1538
2823, 1603, 1570
2824, 1538, 1572
2825, 1530, 2310
2826, 1535, 1530
2827, 2310, 1592
2828, 2316, 1535
2829, 1563, 1582
2830, 2315, 1563
2831, 1597, 2315
2832, 1547, 1569
2833, 1569, 1586
2834, 1537, 1547
2835, 1580, 1537
2836, 1575, 1531
2837, 1531, 1594
2838, 1565, 1555
2839, 1577, 1565
2840, 1555, 1576
2841, 2318, 1556
2842, 1556, 1620
2843, 1554, 1550
2844, 1566, 1587
2845, 1550, 1566
2846, 1612, 1554
2847, 1542, 1551
2848, 1587, 1542
2849, 1551, 1595
2850, 2319, 1587
2851, 1549, 1545
2852, 1545, 1605
2853, 1621, 1549
2854, 1568, 2317
2855, 1553, 1568
2856, 1614, 1553
2857, 2317, 1557
2858, 1557, 1584
2859, 1552, 2318
2860, 1591, 1552
2861, 1590, 1564
2862, 1564, 1583
2863, 1560, 1559
2864, 1559, 1577
2865, 1610, 1560
2866, 1577, 1606
2867, 1584, 2316
2868, 1634, 1584
2869, 1609, 1621
2870, 1621, 1631
2871, 1585, 1612
2872, 1612, 1625
2873, 2321, 1575
2874, 1594, 1613
2875, 1575, 1594
2876, 1616, 1597
2877, 1597, 1604
2878, 1583, 1578
2879, 1578, 1593
2880, 1641, 1583
2881, 1601, 1580
2882, 1580, 1615
2883, 1620, 1616
2884, 1633, 1620
2885, 1616, 1648
2886, 1595, 1601
2887, 1626, 1595
2888, 1601, 2324
2889, 1599, 1591
2890, 1591, 1628
2891, 1592, 1607
2892, 2316, 1592
2893, 1647, 2316
2894, 1596, 2569
2895, 2570, 1619
2896, 1619, 1614
2897, 1614, 1639
2898, 1651, 1619
2899, 1613, 1610
2900, 1610, 1645
2901, 1644, 1613
2902, 1572, 1599
2903, 1618, 1572
2904, 1599, 1642
2905, 1617, 1585
2906, 1585, 1658
2907, 1598, 1579
2908, 1579, 1609
2909, 1609, 2322
2910, 1571, 1588
2911, 1593, 1571
2912, 1653, 1593
2913, 1574, 1596
2914, 1576, 1574
2915, 1630, 1576
2916, 1596, 1655
2917, 1625, 2319
2918, 1643, 1625
2919, 1638, 1627
2920, 1606, 1635
2921, 1645, 1606
2922, 1635, 1630
2923, 1630, 1650
2924, 1686, 1635
2925, 1640, 1622
2926, 1639, 2317
2927, 1649, 1639
2928, 2317, 1634
2929, 1682, 2317
2930, 2318, 1637
2931, 1622, 2318
2932, 1692, 1622
2933, 2319, 1626
2934, 1677, 2319
2935, 1589, 1590
2936, 1605, 1589
2937, 1627, 1605
2938, 1590, 1641
2939, 1720, 1627
2940, 1650, 1662
2941, 1721, 1686
2942, 1686, 1650
2943, 1655, 1632
2944, 1662, 1655
2945, 1611, 1644
2946, 1644, 1661
2947, 1615, 1602
2948, 1663, 1615
2949, 1641, 1653
2950, 1698, 1641
2951, 2320, 1617
2952, 1617, 1657
2953, 1659, 1623
2954, 1582, 1600
2955, 1604, 1582
2956, 1667, 1604
2957, 1626, 2324
2958, 1701, 1626
2959, 1634, 1647
2960, 1647, 1659
2961, 1711, 1682
2962, 1682, 1634
2963, 1659, 1666
2964, 1608, 1618
2965, 1618, 1652
2966, 1628, 1640
2967, 1642, 1628
2968, 1652, 1642
2969, 1640, 1694
2970, 1653, 1629
2971, 1668, 1653
2972, 2570, 1665
2973, 1664, 1651
2974, 1651, 1649
2975, 1649, 1699
2976, 1637, 1633
2977, 1648, 1654
2978, 1633, 1648
2979, 1713, 1692
2980, 1692, 1637
2981, 1631, 1638
2982, 1656, 1631
2983, 1638, 1707
2984, 1658, 1643
2985, 1643, 1677
2986, 1677, 1701
2987, 1701, 1719
2988, 1586, 1573
2989, 1573, 1598
2990, 1602, 1586
2991, 1598, 2322
2992, 1660, 1645
2993, 1645, 1709
2994, 1588, 1581
2995, 1581, 2321
2996, 1629, 1588
2997, 1680, 1629
2998, 2489, 1683
2999, 1607, 1603
3000, 1603, 1608
3001, 1623, 1607
3002, 1636, 1623
3003, 1608, 1679
3004, 1600, 2320
3005, 2320, 1690
3006, 1646, 1600
3007, 1684, 1636
3008, 1636, 1710
3009, 1676, 1646
3010, 1646, 1708
3011, 1624, 1602
3012, 1602, 2323
3013, 1678, 1624
3014, 1624, 1700
3015, 2321, 1611
3016, 1611, 1685
3017, 1696, 2321
3018, 1632, 2490
3019, 1673, 1632
3020, 1667, 1676
3021, 1676, 1697
3022, 2323, 2322
3023, 1661, 1660
3024, 1674, 1661
3025, 1660, 1704
3026, 1671, 1678
3027, 1678, 1691
3028, 1675, 1688
3029, 1755, 1670
3030, 1689, 1669
3031, 1699, 1711
3032, 1681, 1699
3033, 2322, 1656
3034, 1656, 1702
3035, 1728, 2322
3036, 1715, 1666
3037, 1669, 1652
3038, 1652, 1693
3039, 1741, 1669
3040, 1665, 1664
3041, 1683, 1665
3042, 1664, 1681
3043, 1681, 1714
3044, 1666, 1703
3045, 1716, 1666
3046, 1672, 1737
3047, 2324, 1663
3048, 1663, 1671
3049, 1726, 2324
3050, 1671, 1729
3051, 1657, 1658
3052, 1695, 1657
3053, 1658, 1672
3054, 1672, 2325
3055, 1717, 1698
3056, 1698, 1668
3057, 1668, 1675
3058, 1675, 1735
3059, 1654, 1667
3060, 1733, 1654
3061, 1667, 1712
3062, 1670, 1662
3063, 1662, 1673
3064, 1673, 1687
3065, 1705, 1670
3066, 1685, 1674
3067, 1674, 1731
3068, 1687, 2491
3069, 1718, 1687
3070, 1706, 1685
3071, 1685, 1730
3072, 1700, 2323
3073, 1727, 1700
3074, 2323, 1739
3075, 1691, 1727
3076, 1744, 1691
3077, 1688, 1680
3078, 1680, 1696
3079, 1696, 1706
3080, 1757, 1688
3081, 1706, 1762
3082, 1679, 1689
3083, 1710, 1679
3084, 1740, 1710
3085, 1689, 1759
3086, 2492, 1683
3087, 1683, 1738
3088, 1690, 1695
3089, 1708, 1690
3090, 2326, 1708
3091, 1695, 1723
3092, 1703, 1684
3093, 1684, 1753
3094, 1697, 2326
3095, 1763, 1697
3096, 1739, 1758
3097, 1775, 1739
3098, 1735, 1757
3099, 1749, 1735
3100, 1757, 2330
3101, 1759, 1760
3102, 1766, 1759
3103, 1729, 1744
3104, 1747, 1729
3105, 1744, 1778
3106, 1734, 1703
3107, 1703, 1769
3108, 2331, 1733
3109, 1712, 1742
3110, 1733, 1712
3111, 2325, 1754
3112, 1738, 1732
3113, 1767, 1738
3114, 1707, 1720
3115, 1702, 1707
3116, 1758, 1728
3117, 1728, 1702
3118, 1789, 1758
3119, 1724, 1715
3120, 1715, 1716
3121, 1716, 1734
3122, 1734, 1797
3123, 1723, 2325
3124, 1776, 1723
3125, 2325, 1803
3126, 1743, 1747
3127, 1747, 1794
3128, 1736, 1749
3129, 1749, 1787
3130, 1730, 1745
3131, 2327, 1730
3132, 1764, 1725
3133, 1725, 1705
3134, 1705, 1718
3135, 1718, 1781
3136, 1788, 1725
3137, 1714, 1750
3138, 1732, 1714
3139, 2329, 1732
3140, 1694, 1713
3141, 1693, 1694
3142, 1713, 2331
3143, 1760, 1741
3144, 1741, 1693
3145, 1785, 1760
3146, 1709, 1721
3147, 1721, 1748
3148, 1704, 1709
3149, 1731, 1704
3150, 1745, 1731
3151, 1791, 1745
3152, 1742, 1763
3153, 1763, 1771
3154, 1784, 1742
3155, 2326, 1777
3156, 1765, 2326
3157, 1727, 1775
3158, 1756, 1727
3159, 1775, 1786
3160, 1762, 2327
3161, 1781, 2493
3162, 1753, 1752
3163, 1773, 1753
3164, 1779, 1765
3165, 1765, 1815
3166, 1778, 1756
3167, 1756, 2328
3168, 2494, 1767
3169, 1752, 1740
3170, 1740, 1770
3171, 1840, 1752
3172, 2330, 1762
3173, 1762, 1819
3174, 2327, 1802
3175, 1819, 2327
3176, 2335, 1819
3177, 2331, 1809
3178, 1803, 1768
3179, 1720, 1717
3180, 1717, 1736
3181, 1787, 1812
3182, 1746, 1720
3183, 1736, 1787
3184, 1719, 1726
3185, 1726, 1743
3186, 1794, 1808
3187, 1743, 1794
3188, 1790, 1746
3189, 1746, 1774
3190, 1711, 1722
3191, 1750, 1711
3192, 1798, 1750
3193, 1770, 1766
3194, 1766, 1810
3195, 2347, 1840
3196, 1840, 1770
3197, 1799, 1785
3198, 1785, 1782
3199, 1722, 1724
3200, 1724, 1800
3201, 1751, 1722
3202, 1777, 1776
3203, 1776, 1801
3204, 1815, 1777
3205, 2339, 1815
3206, 1813, 1778
3207, 1778, 2328
3208, 1769, 1773
3209, 1797, 1769
3210, 1773, 1836
3211, 1767, 2329
3212, 2571, 1767
3213, 1771, 1779
3214, 1804, 1784
3215, 1784, 1771
3216, 1779, 1833
3217, 1807, 1788
3218, 1788, 1781
3219, 1781, 2495
3220, 1806, 2330
3221, 2330, 1841
3222, 1786, 1795
3223, 2328, 1786
3224, 1853, 2328
3225, 1792, 1772
3226, 1761, 1764
3227, 1764, 1807
3228, 1737, 1719
3229, 1754, 1737
3230, 1768, 1754
3231, 1796, 1768
3232, 1719, 1820
3233, 1783, 1827
3234, 1822, 1793
3235, 1793, 1751
3236, 1751, 1831
3237, 2341, 1793
3238, 1782, 2331
3239, 1835, 1782
3240, 2331, 1818
3241, 1852, 2331
3242, 1825, 1796
3243, 1796, 1830
3244, 1748, 1755
3245, 1755, 1761
3246, 1772, 1748
3247, 1780, 1772
3248, 1761, 2333
3249, 1774, 1783
3250, 2332, 1774
3251, 1783, 1834
3252, 1826, 1780
3253, 1780, 1858
3254, 1817, 1825
3255, 1818, 1809
3256, 1828, 1818
3257, 1802, 1791
3258, 1791, 1792
3259, 1814, 1802
3260, 1792, 1826
3261, 1808, 1813
3262, 1824, 1808
3263, 1795, 1789
3264, 1789, 1790
3265, 1790, 2332
3266, 1811, 1795
3267, 1807, 1821
3268, 2333, 1807
3269, 1801, 1803
3270, 1803, 1817
3271, 2339, 1801
3272, 1817, 1839
3273, 1805, 1799
3274, 1799, 1835
3275, 1829, 1816
3276, 1813, 1842
3277, 1866, 1813
3278, 1863, 1814
3279, 1814, 2336
3280, 2571, 2329
3281, 1836, 1844
3282, 1797, 1836
3283, 1810, 1805
3284, 2338, 1810
3285, 1805, 1846
3286, 1809, 1804
3287, 1833, 1868
3288, 1804, 1833
3289, 2334, 1809
3290, 2329, 1798
3291, 1798, 1823
3292, 2337, 2329
3293, 1800, 1797
3294, 1832, 1800
3295, 1797, 1837
3296, 1855, 1811
3297, 1811, 1847
3298, 1812, 1806
3299, 1816, 1812
3300, 1806, 1838
3301, 1849, 1816
3302, 1821, 2496
3303, 1843, 1821
3304, 1827, 1829
3305, 1834, 1827
3306, 1845, 1834
3307, 1829, 1871
3308, 1826, 1861
3309, 1870, 1826
3310, 2340, 2333
3311, 2333, 1856
3312, 1823, 1822
3313, 1822, 2341
3314, 1850, 1823
3315, 1831, 1832
3316, 2341, 1831
3317, 1832, 1848
3318, 1835, 1852
3319, 1867, 1835
3320, 1825, 2343
3321, 1877, 1825
3322, 1820, 1824
3323, 1830, 1820
3324, 2343, 1830
3325, 1824, 1865
3326, 2342, 1828
3327, 1828, 1860
3328, 2332, 1851
3329, 1847, 2332
3330, 1856, 1843
3331, 1843, 1873
3332, 1883, 1856
3333, 2336, 1870
3334, 1870, 1897
3335, 2337, 1850
3336, 1850, 1881
3337, 1873, 2497
3338, 1912, 1873
3339, 1860, 2334
3340, 1890, 1860
3341, 1837, 1854
3342, 1848, 1837
3343, 1895, 1848
3344, 1839, 1877
3345, 1859, 1839
3346, 1877, 1887
3347, 1865, 1866
3348, 1882, 1865
3349, 1857, 1847
3350, 1847, 1886
3351, 1862, 1855
3352, 1855, 1857
3353, 1857, 1914
3354, 1844, 2347
3355, 1854, 1844
3356, 1913, 1854
3357, 2334, 1872
3358, 2351, 2334
3359, 1841, 2335
3360, 1838, 1841
3361, 1874, 1838
3362, 1875, 2336
3363, 2336, 2346
3364, 1842, 2348
3365, 1866, 1842
3366, 1903, 1866
3367, 2571, 2337
3368, 2337, 1905
3369, 1846, 1867
3370, 1864, 1846
3371, 1867, 1892
3372, 1871, 1849
3373, 1849, 1874
3374, 1884, 1871
3375, 1874, 1901
3376, 2338, 1864
3377, 1864, 1910
3378, 2339, 1859
3379, 1859, 1904
3380, 1858, 2340
3381, 1861, 1858
3382, 1897, 1861
3383, 2340, 1883
3384, 1883, 1899
3385, 1928, 2340
3386, 1893, 2343
3387, 1881, 2341
3388, 2341, 1869
3389, 1896, 1881
3390, 1869, 1900
3391, 1948, 1869
3392, 2342, 1890
3393, 1890, 1902
3394, 1852, 2342
3395, 1894, 1852
3396, 2342, 1932
3397, 1845, 1884
3398, 1884, 1891
3399, 1851, 1845
3400, 1885, 1851
3401, 1845, 1929
3402, 2343, 1882
3403, 1882, 1889
3404, 1965, 2343
3405, 1902, 2351
3406, 1955, 1902
3407, 1876, 2350
3408, 1892, 1894
3409, 1910, 1892
3410, 2344, 1910
3411, 1932, 1940
3412, 1894, 1932
3413, 1872, 1868
3414, 1915, 1872
3415, 1905, 1896
3416, 2345, 1905
3417, 1896, 1939
3418, 1917, 1879
3419, 2347, 2338
3420, 2338, 2344
3421, 1889, 1922
3422, 1958, 1889
3423, 1912, 1898
3424, 2498, 2345
3425, 1900, 1895
3426, 1895, 1913
3427, 2352, 1900
3428, 1904, 2353
3429, 1878, 1904
3430, 1887, 1893
3431, 1920, 1887
3432, 1893, 1965
3433, 1886, 1885
3434, 1916, 1886
3435, 1885, 1942
3436, 1891, 1909
3437, 1929, 1891
3438, 1942, 1929
3439, 1984, 1942
3440, 1901, 1907
3441, 1909, 1901
3442, 1919, 1909
3443, 1921, 1903
3444, 1903, 1888
3445, 2346, 1897
3446, 1897, 1945
3447, 1899, 1912
3448, 1953, 1928
3449, 1928, 1899
3450, 1912, 2349
3451, 2335, 1863
3452, 1863, 1875
3453, 1880, 2335
3454, 1875, 2346
3455, 1898, 2499
3456, 1923, 1898
3457, 1911, 1935
3458, 1938, 1908
3459, 1888, 2348
3460, 2355, 1888
3461, 2357, 1906
3462, 1907, 1880
3463, 1934, 1907
3464, 1880, 1911
3465, 1911, 1963
3466, 2500, 1944
3467, 1879, 2347
3468, 1906, 1879
3469, 2347, 1933
3470, 1967, 1906
3471, 2348, 1853
3472, 1853, 1862
3473, 1862, 1876
3474, 1876, 1943
3475, 2356, 2348
3476, 1868, 2339
3477, 2339, 1878
3478, 1908, 1868
3479, 1878, 1930
3480, 2360, 1908
3481, 1927, 1934
3482, 1930, 2353
3483, 1941, 1930
3484, 1931, 2355
3485, 2349, 1923
3486, 1923, 1936
3487, 1937, 1924
3488, 1952, 1919
3489, 1919, 1927
3490, 1927, 1980
3491, 1950, 2349
3492, 2349, 1964
3493, 1918, 1917
3494, 1917, 2357
3495, 2345, 1926
3496, 1944, 2345
3497, 1914, 1916
3498, 2350, 1914
3499, 1916, 1961
3500, 1956, 2351
3501, 2351, 1915
3502, 1915, 1938
3503, 1938, 1947
3504, 1994, 2351
3505, 1943, 2350
3506, 2350, 1971
3507, 1935, 1925
3508, 1946, 1935
3509, 1939, 1948
3510, 1948, 2352
3511, 1926, 1939
3512, 2358, 1926
3513, 1913, 1918
3514, 2352, 1913
3515, 1918, 1972
3516, 2353, 1920
3517, 1920, 1957
3518, 1951, 2353
3519, 1940, 1955
3520, 1955, 2359
3521, 2344, 1940
3522, 1924, 2344
3523, 1960, 1924
3524, 1945, 1979
3525, 2346, 1945
3526, 1925, 2346
3527, 1959, 1925
3528, 1922, 1921
3529, 1949, 1922
3530, 1921, 1931
3531, 1931, 1962
3532, 1963, 1946
3533, 2354, 1963
3534, 1946, 1975
3535, 1934, 2354
3536, 1992, 1934
3537, 2355, 2356
3538, 1997, 2355
3539, 1954, 1941
3540, 1941, 1968
3541, 2356, 1943
3542, 1943, 1978
3543, 1987, 2356
3544, 2501, 1944
3545, 1944, 1973
3546, 2357, 1966
3547, 1974, 2357
3548, 1933, 1937
3549, 1967, 1933
3550, 1937, 1970
3551, 1947, 1977
3552, 1993, 1947
3553, 1936, 2502
3554, 1969, 1936
3555, 1964, 1969
3556, 2000, 1964
3557, 1969, 2009
3558, 1996, 1992
3559, 1992, 2007
3560, 1978, 1986
3561, 2006, 1978
3562, 1975, 1959
3563, 1959, 1982
3564, 2015, 1975
3565, 1965, 1958
3566, 1958, 1949
3567, 1962, 1981
3568, 1949, 1962
3569, 1982, 1985
3570, 2040, 1982
3571, 1972, 1974
3572, 1974, 2005
3573, 1970, 1976
3574, 2361, 1970
3575, 1994, 1993
3576, 1993, 2008
3577, 1968, 1951
3578, 1951, 1983
3579, 2020, 1968
3580, 1991, 1972
3581, 1972, 2363
3582, 1957, 1965
3583, 1983, 1957
3584, 2036, 1983
3585, 2358, 2352
3586, 1961, 2362
3587, 1971, 1961
3588, 1986, 1971
3589, 2025, 1986
3590, 1976, 1960
3591, 1960, 1990
3592, 2035, 1976
3593, 1973, 2358
3594, 2014, 1973
3595, 2358, 2033
3596, 2359, 1956
3597, 1956, 1994
3598, 1994, 2032
3599, 1984, 1952
3600, 1980, 1996
3601, 1952, 1980
3602, 1996, 2029
3603, 1981, 1997
3604, 1997, 2026
3605, 2028, 1981
3606, 1979, 1953
3607, 1953, 1950
3608, 1950, 2000
3609, 2000, 2030
3610, 2001, 2006
3611, 2006, 2024
3612, 2360, 1954
3613, 1954, 2019
3614, 2003, 2361
3615, 2503, 2022
3616, 2354, 2011
3617, 2007, 2354
3618, 2016, 2007
3619, 1966, 1967
3620, 2005, 1966
3621, 1967, 2003
3622, 2017, 2005
3623, 2003, 2371
3624, 1977, 2360
3625, 2010, 1977
3626, 2360, 2065
3627, 2011, 2023
3628, 2062, 2011
3629, 2026, 1987
3630, 1987, 2001
3631, 2001, 2381
3632, 2012, 2504
3633, 2366, 2016
3634, 2016, 2062
3635, 2062, 2377
3636, 2029, 2037
3637, 1984, 2029
3638, 1995, 2034
3639, 2031, 2362
3640, 2036, 1965
3641, 2023, 2015
3642, 2015, 2040
3643, 2064, 2023
3644, 1985, 1979
3645, 2040, 1985
3646, 1979, 1988
3647, 2009, 2012
3648, 2042, 2009
3649, 2012, 2071
3650, 2022, 2014
3651, 2014, 2033
3652, 2505, 2022
3653, 1989, 1991
3654, 1991, 2363
3655, 2008, 2010
3656, 2043, 2008
3657, 2010, 2070
3658, 2019, 2020
3659, 2020, 2036
3660, 2065, 2019
3661, 2070, 2065
3662, 2004, 2028
3663, 2028, 2364
3664, 2364, 2026
3665, 2026, 2083
3666, 2024, 2025
3667, 2025, 2031
3668, 2054, 2024
3669, 2031, 2051
3670, 2361, 2035
3671, 2068, 2361
3672, 2039, 1998
3673, 2041, 2017
3674, 2017, 2371
3675, 2035, 2021
3676, 2049, 2035
3677, 2030, 2038
3678, 1988, 2030
3679, 2002, 1988
3680, 1990, 2359
3681, 2021, 1990
3682, 2359, 1995
3683, 1995, 2044
3684, 2368, 2021
3685, 2027, 2053
3686, 2048, 1999
3687, 2061, 2013
3688, 2352, 1989
3689, 1998, 2352
3690, 1989, 2018
3691, 2365, 1998
3692, 2018, 2056
3693, 2075, 2018
3694, 2044, 2060
3695, 2375, 2044
3696, 1965, 2004
3697, 2055, 1965
3698, 2004, 2027
3699, 2027, 2072
3700, 2362, 1984
3701, 1984, 2367
3702, 1999, 2362
3703, 2097, 1999
3704, 2013, 2002
3705, 2002, 2057
3706, 2369, 2013
3707, 2038, 2042
3708, 2057, 2038
3709, 2067, 2057
3710, 2058, 2368
3711, 2047, 2040
3712, 2040, 2063
3713, 2051, 2059
3714, 2363, 2041
3715, 2056, 2363
3716, 2073, 2056
3717, 2032, 2043
3718, 2034, 2032
3719, 2060, 2034
3720, 2043, 2052
3721, 2045, 2055
3722, 2050, 2364
3723, 2364, 2074
3724, 2381, 2054
3725, 2054, 2051
3726, 2051, 2084
3727, 2036, 2045
3728, 2079, 2036
3729, 2045, 2081
3730, 2071, 2506
3731, 2042, 2071
3732, 2372, 2042
3733, 2033, 2039
3734, 2076, 2033
3735, 2039, 2046
3736, 2366, 2378
3737, 2041, 2066
3738, 2085, 2041
3739, 2046, 2365
3740, 2086, 2046
3741, 2078, 2068
3742, 2068, 2049
3743, 2049, 2058
3744, 2058, 2094
3745, 2052, 2070
3746, 2070, 2079
3747, 2088, 2052
3748, 2079, 2370
3749, 2379, 2064
3750, 2064, 2047
3751, 2047, 2095
3752, 2053, 2050
3753, 2069, 2053
3754, 2050, 2077
3755, 2037, 2366
3756, 2367, 2037
3757, 2366, 2080
3758, 2089, 2067
3759, 2067, 2106
3760, 2097, 2367
3761, 2367, 2082
3762, 2055, 2374
3763, 2098, 2055
3764, 2059, 2048
3765, 2048, 2101
3766, 2115, 2059
3767, 2365, 2108
3768, 2090, 2365
3769, 2108, 2075
3770, 2075, 2073
3771, 2073, 2099
3772, 2368, 2375
3773, 2104, 2368
3774, 2375, 2060
3775, 2060, 2093
3776, 2072, 2069
3777, 2374, 2072
3778, 2069, 2102
3779, 2063, 2061
3780, 2061, 2369
3781, 2092, 2063
3782, 2080, 2107
3783, 2082, 2080
3784, 2125, 2082
3785, 2095, 2092
3786, 2092, 2123
3787, 2077, 2087
3788, 2102, 2077
3789, 2121, 2102
3790, 2084, 2115
3791, 2105, 2084
3792, 2115, 2373
3793, 2109, 2104
3794, 2104, 2376
3795, 2096, 2088
3796, 2088, 2114
3797, 2081, 2091
3798, 2370, 2081
3799, 2371, 2078
3800, 2066, 2371
3801, 2085, 2066
3802, 2078, 2380
3803, 2507, 2076
3804, 2076, 2100
3805, 2100, 2086
3806, 2086, 2090
3807, 2090, 2122
3808, 2140, 2100
3809, 2099, 2085
3810, 2118, 2099
3811, 2085, 2137
3812, 2093, 2096
3813, 2126, 2093
3814, 2096, 2142
3815, 2106, 2372
3816, 2130, 2106
3817, 2372, 2508
3818, 2138, 2372
3819, 2094, 2109
3820, 2117, 2094
3821, 2109, 2139
3822, 2107, 2378
3823, 2134, 2107
3824, 2113, 2105
3825, 2105, 2135
3826, 2091, 2098
3827, 2098, 2119
3828, 2146, 2091
3829, 2111, 2095
3830, 2095, 2136
3831, 2083, 2381
3832, 2074, 2083
3833, 2087, 2074
3834, 2143, 2087
3835, 2101, 2097
3836, 2373, 2101
3837, 2369, 2089
3838, 2089, 2130
3839, 2103, 2369
3840, 2120, 2374
3841, 2122, 2108
3842, 2132, 2122
3843, 2108, 2118
3844, 2118, 2127
3845, 2509, 2108
3846, 2112, 2126
3847, 2126, 2133
3848, 2124, 2103
3849, 2103, 2510
3850, 2376, 2375
3851, 2375, 2112
3852, 2112, 2157
3853, 2374, 2121
3854, 2572, 2374
3855, 2097, 2129
3856, 2511, 2097
3857, 2143, 2381
3858, 2133, 2145
3859, 2512, 2133
3860, 2121, 2149
3861, 2572, 2121
3862, 2129, 2125
3863, 2125, 2134
3864, 2134, 2161
3865, 2513, 2129
3866, 2137, 2128
3867, 2159, 2137
3868, 2110, 2370
3869, 2370, 2146
3870, 2147, 2132
3871, 2132, 2514
3872, 2116, 2117
3873, 2117, 2144
3874, 2127, 2159
3875, 2515, 2127
3876, 2516, 2141
3877, 2381, 2113
3878, 2113, 2163
3879, 2378, 2377
3880, 2164, 2378
3881, 2379, 2111
3882, 2111, 2154
3883, 2123, 2124
3884, 2136, 2123
3885, 2155, 2136
3886, 2124, 2517
3887, 2153, 2138
3888, 2138, 2518
3889, 2139, 2376
3890, 2157, 2519
3891, 2376, 2157
3892, 2114, 2110
3893, 2150, 2114
3894, 2119, 2120
3895, 2148, 2119
3896, 2120, 2520
3897, 2135, 2373
3898, 2158, 2135
3899, 2373, 2521
3900, 2130, 2162
3901, 2522, 2130
3902, 2523, 2377
3903, 2524, 2131
3904, 2377, 2379
3905, 2379, 2525
3906, 2526, 2377
3907, 2380, 2116
3908, 2116, 2527
3909, 2128, 2380
3910, 2528, 2128
3911, 2380, 2529
3912, 2110, 2530
3913, 2131, 2110
3914, 2531, 2131
3915, 2532, 2381
3916, 2381, 2152
3917, 2152, 2533
3918, 2534, 2152
3919, 2163, 2573
3920, 2535, 2163
3921, 2159, 2536
3922, 2149, 2143
3923, 2143, 2537
3924, 2538, 2156
3925, 2155, 2539
3926, 2141, 2140
3927, 2140, 2147
3928, 2540, 2141
3929, 2151, 2150
3930, 2150, 2541
3931, 2542, 2159
3932, 2159, 2543
3933, 2142, 2151
3934, 2145, 2142
3935, 2544, 2145
3936, 2151, 2545
3937, 2573, 2158
3938, 2158, 2546
3939, 2161, 2164
3940, 2164, 2547
3941, 2154, 2155
3942, 2548, 2154
3943, 2155, 2549
3944, 2160, 2153
3945, 2153, 2550
3946, 2147, 2551
3947, 2552, 2147
3948, 2146, 2148
3949, 2156, 2146
3950, 2148, 2553
3951, 2554, 2156
3952, 2555, 2161
3953, 2161, 2556
3954, 2162, 2160
3955, 2557, 2162
3956, 2160, 2558
3957, 2144, 2139
3958, 2559, 2144
3959, 2139, 2560
3960, 2561, 2149
3961, 2149, 2562
