1, 145, 196
2, 50, 59
3, 472, 484
4, 506, 532
5, 131, 127
6, 1289, 1264
7, 496, 1417
8, 143, 140
9, 532, 562
10, 536, 532
11, 288, 302
12, 758, 728
13, 90, 1364
14, 104, 74
15, 93, 72
16, 1086, 1106
17, 369, 358
18, 1337, 1320
19, 1229, 1198
20, 302, 341
21, 281, 302
22, 1213, 1233
23, 1305, 1276
24, 1032, 1049
25, 553, 1365
26, 724, 702
27, 575, 571
28, 616, 600
29, 652, 667
30, 1220, 1193
31, 445, 435
32, 1273, 1284
33, 430, 472
34, 472, 483
35, 914, 940
36, 629, 596
37, 343, 339
38, 316, 336
39, 350, 326
40, 59, 73
41, 45, 59
42, 1364, 143
43, 143, 166
44, 565, 544
45, 498, 492
46, 492, 1365
47, 293, 1418
48, 604, 589
49, 800, 854
50, 760, 759
51, 1544, 1100
52, 668, 706
53, 1367, 136
54, 1087, 1069
55, 936, 945
56, 519, 544
57, 774, 764
58, 410, 417
59, 299, 288
60, 288, 244
61, 142, 149
62, 167, 158
63, 112, 100
64, 211, 208
65, 242, 264
66, 214, 216
67, 913, 954
68, 969, 921
69, 380, 370
70, 346, 320
71, 1419, 1314
72, 636, 648
73, 427, 407
74, 263, 222
75, 285, 296
76, 854, 868
77, 843, 854
78, 1061, 1089
79, 1039, 1018
80, 1392, 920
81, 407, 395
82, 440, 407
83, 1267, 1273
84, 1273, 1236
85, 703, 723
86, 1080, 1073
87, 262, 231
88, 632, 617
89, 888, 891
90, 208, 159
91, 217, 208
92, 40, 48
93, 83, 96
94, 201, 198
95, 572, 1420
96, 188, 1421
97, 199, 180
98, 894, 914
99, 914, 885
100, 836, 875
101, 384, 411
102, 426, 389
103, 620, 635
104, 1422, 1349
105, 705, 711
106, 653, 639
107, 106, 93
108, 93, 117
109, 147, 137
110, 932, 957
111, 948, 912
112, 1089, 1128
113, 1070, 1089
114, 1142, 1157
115, 508, 490
116, 443, 444
117, 74, 65
118, 47, 74
119, 585, 605
120, 378, 400
121, 257, 286
122, 156, 132
123, 320, 311
124, 324, 320
125, 26, 1395
126, 830, 850
127, 76, 55
128, 1381, 32
129, 1423, 168
130, 1012, 1010
131, 819, 829
132, 1392, 838
133, 1367, 193
134, 3, 18
135, 25, 1
136, 824, 860
137, 1088, 1141
138, 1164, 1373
139, 451, 1362
140, 401, 434
141, 1362, 397
142, 1163, 1146
143, 1126, 1098
144, 1095, 1104
145, 107, 110
146, 162, 141
147, 695, 717
148, 747, 755
149, 492, 449
150, 493, 492
151, 252, 292
152, 266, 236
153, 631, 610
154, 930, 977
155, 672, 685
156, 1383, 509
157, 1238, 1424
158, 1249, 1251
159, 552, 521
160, 548, 560
161, 597, 618
162, 752, 763
163, 809, 826
164, 309, 318
165, 304, 255
166, 960, 997
167, 629, 653
168, 653, 674
169, 23, 31
170, 1425, 155
171, 157, 133
172, 230, 237
173, 193, 183
174, 224, 193
175, 793, 801
176, 808, 812
177, 839, 858
178, 294, 328
179, 308, 298
180, 1334, 1348
181, 895, 872
182, 902, 937
183, 943, 941
184, 853, 827
185, 886, 883
186, 820, 857
187, 728, 720
188, 722, 728
189, 1160, 1150
190, 325, 284
191, 829, 794
192, 852, 829
193, 1361, 1326
194, 1169, 1372
195, 926, 915
196, 867, 910
197, 323, 309
198, 309, 268
199, 4, 12
200, 192, 220
201, 223, 171
202, 21, 1426
203, 460, 1427
204, 392, 423
205, 939, 963
206, 739, 700
207, 255, 249
208, 256, 255
209, 140, 86
210, 133, 140
211, 98, 133
212, 641, 609
213, 704, 652
214, 652, 641
215, 686, 712
216, 641, 643
217, 196, 210
218, 1389, 196
219, 1400, 218
220, 541, 516
221, 359, 363
222, 696, 681
223, 627, 650
224, 1090, 1084
225, 1227, 1247
226, 1212, 1237
227, 1268, 1244
228, 794, 760
229, 760, 739
230, 796, 794
231, 739, 744
232, 1028, 1077
233, 1038, 1022
234, 1107, 1072
235, 693, 708
236, 10, 1428
237, 1429, 8
238, 295, 306
239, 319, 314
240, 624, 586
241, 581, 595
242, 129, 1389
243, 117, 124
244, 148, 117
245, 533, 508
246, 527, 539
247, 508, 502
248, 1253, 1293
249, 1296, 1274
250, 649, 632
251, 632, 1393
252, 688, 682
253, 1217, 1382
254, 1155, 1158
255, 1371, 1079
256, 1119, 1130
257, 1060, 1055
258, 1231, 1248
259, 1196, 1218
260, 1216, 1210
261, 195, 221
262, 176, 172
263, 120, 131
264, 131, 175
265, 189, 185
266, 1215, 1188
267, 975, 993
268, 999, 968
269, 990, 1008
270, 1024, 1062
271, 846, 837
272, 779, 808
273, 808, 841
274, 1069, 1371
275, 1036, 1069
276, 1360, 1380
277, 589, 555
278, 598, 589
279, 551, 588
280, 289, 332
281, 286, 279
282, 338, 330
283, 297, 286
284, 282, 315
285, 753, 745
286, 818, 798
287, 39, 35
288, 43, 56
289, 968, 970
290, 924, 968
291, 1190, 1214
292, 6, 41
293, 49, 47
294, 47, 16
295, 415, 442
296, 1130, 1145
297, 1112, 1130
298, 1098, 1064
299, 1033, 1095
300, 1095, 1098
301, 1052, 1031
302, 1074, 1076
303, 1009, 1007
304, 1372, 1144
305, 1108, 1081
306, 166, 199
307, 173, 166
308, 241, 226
309, 199, 229
310, 748, 722
311, 722, 687
312, 694, 725
313, 603, 616
314, 659, 638
315, 616, 646
316, 18, 51
317, 36, 25
318, 25, 18
319, 81, 75
320, 484, 451
321, 494, 506
322, 506, 484
323, 451, 455
324, 516, 496
325, 496, 485
326, 458, 479
327, 504, 516
328, 228, 201
329, 201, 177
330, 851, 831
331, 904, 909
332, 828, 859
333, 1013, 1014
334, 963, 989
335, 949, 963
336, 1000, 976
337, 576, 578
338, 518, 547
339, 225, 1430
340, 1005, 1038
341, 1038, 1054
342, 1063, 1050
343, 754, 736
344, 790, 789
345, 411, 1431
346, 436, 411
347, 463, 446
348, 614, 592
349, 159, 150
350, 123, 161
351, 165, 159
352, 1284, 1319
353, 1293, 1284
354, 1347, 1350
355, 1300, 1293
356, 476, 459
357, 586, 570
358, 524, 536
359, 536, 581
360, 581, 586
361, 194, 167
362, 167, 160
363, 96, 99
364, 116, 96
365, 1373, 1201
366, 1204, 1189
367, 400, 443
368, 443, 464
369, 1370, 400
370, 424, 1370
371, 950, 960
372, 960, 939
373, 939, 923
374, 561, 553
375, 553, 517
376, 526, 549
377, 55, 71
378, 37, 55
379, 1131, 1074
380, 1101, 1113
381, 1074, 1067
382, 955, 947
383, 971, 1005
384, 1005, 1407
385, 1338, 1323
386, 1270, 1279
387, 763, 750
388, 816, 809
389, 809, 763
390, 1258, 1266
391, 154, 170
392, 204, 169
393, 787, 791
394, 782, 757
395, 542, 535
396, 510, 1379
397, 1324, 1344
398, 1432, 1359
399, 737, 730
400, 759, 784
401, 729, 759
402, 341, 359
403, 353, 341
404, 416, 383
405, 359, 416
406, 1066, 1060
407, 1111, 1099
408, 1060, 1112
409, 1243, 1220
410, 1233, 1245
411, 1205, 1233
412, 1220, 1203
413, 27, 39
414, 39, 77
415, 64, 52
416, 132, 126
417, 77, 87
418, 91, 77
419, 628, 598
420, 588, 607
421, 598, 588
422, 1116, 1080
423, 1080, 1052
424, 1076, 1109
425, 1052, 1076
426, 1314, 1330
427, 1327, 1315
428, 1280, 1314
429, 1397, 615
430, 638, 677
431, 634, 638
432, 837, 840
433, 833, 818
434, 791, 837
435, 818, 782
436, 782, 791
437, 803, 797
438, 741, 762
439, 765, 738
440, 714, 740
441, 363, 334
442, 388, 363
443, 28, 22
444, 1308, 1304
445, 889, 922
446, 947, 908
447, 946, 947
448, 20, 9
449, 22, 62
450, 14, 22
451, 608, 631
452, 631, 665
453, 1306, 1322
454, 1299, 1288
455, 1029, 1041
456, 1034, 1025
457, 65, 82
458, 53, 29
459, 34, 65
460, 1211, 1219
461, 1239, 1385
462, 1183, 1178
463, 1349, 1332
464, 1304, 1349
465, 1290, 1304
466, 1433, 800
467, 800, 788
468, 1434, 1369
469, 1369, 1435
470, 62, 78
471, 57, 62
472, 1014, 1058
473, 1436, 1000
474, 1000, 1014
475, 1384, 1413
476, 910, 905
477, 929, 910
478, 261, 263
479, 329, 313
480, 296, 1399
481, 263, 296
482, 891, 936
483, 936, 932
484, 860, 891
485, 932, 886
486, 857, 860
487, 886, 857
488, 732, 724
489, 724, 704
490, 712, 749
491, 704, 712
492, 918, 949
493, 976, 1437
494, 949, 976
495, 612, 626
496, 643, 611
497, 686, 643
498, 1544, 1151
499, 1174, 1438
500, 434, 439
501, 455, 434
502, 494, 455
503, 777, 758
504, 758, 792
505, 318, 356
506, 301, 304
507, 304, 318
508, 1194, 1212
509, 1212, 1209
510, 1055, 1040
511, 1059, 1055
512, 15, 1439
513, 1440, 24
514, 639, 601
515, 644, 639
516, 486, 500
517, 452, 428
518, 292, 310
519, 340, 321
520, 352, 364
521, 291, 292
522, 278, 267
523, 212, 233
524, 247, 276
525, 994, 975
526, 933, 965
527, 975, 962
528, 890, 895
529, 941, 959
530, 895, 941
531, 1441, 1384
532, 951, 944
533, 998, 1003
534, 11, 1442
535, 507, 540
536, 573, 568
537, 1379, 514
538, 1093, 1056
539, 1065, 1103
540, 545, 556
541, 569, 550
542, 570, 574
543, 554, 1406
544, 530, 570
545, 72, 50
546, 50, 38
547, 61, 72
548, 1390, 843
549, 843, 867
550, 867, 871
551, 1413, 992
552, 1019, 1011
553, 1320, 1281
554, 1315, 1320
555, 1255, 1374
556, 1374, 1315
557, 51, 46
558, 105, 98
559, 98, 81
560, 81, 51
561, 1244, 1231
562, 1218, 1185
563, 1226, 1244
564, 1231, 1218
565, 1398, 419
566, 490, 520
567, 464, 490
568, 457, 464
569, 1237, 1261
570, 1265, 1237
571, 1261, 1243
572, 1286, 1301
573, 1243, 1269
574, 1291, 1261
575, 1272, 1303
576, 1380, 1308
577, 1262, 1257
578, 1308, 1262
579, 1352, 1443
580, 1318, 1317
581, 1545, 1328
582, 1444, 280
583, 1445, 1351
584, 1350, 1446
585, 1309, 1300
586, 1300, 1350
587, 344, 369
588, 369, 392
589, 392, 1447
590, 175, 204
591, 232, 189
592, 189, 175
593, 1340, 1448
594, 1354, 1335
595, 784, 819
596, 838, 836
597, 836, 795
598, 819, 838
599, 772, 784
600, 254, 250
601, 311, 282
602, 283, 311
603, 282, 275
604, 702, 709
605, 667, 702
606, 709, 659
607, 646, 667
608, 659, 646
609, 9, 1449
610, 1450, 14
611, 14, 9
612, 1381, 37
613, 37, 5
614, 1408, 608
615, 608, 623
616, 640, 614
617, 645, 676
618, 680, 666
619, 614, 606
620, 773, 766
621, 799, 830
622, 830, 825
623, 1357, 1451
624, 1170, 1129
625, 1123, 1155
626, 1155, 1382
627, 17, 20
628, 20, 57
629, 57, 70
630, 512, 531
631, 537, 551
632, 551, 534
633, 522, 491
634, 1323, 1331
635, 1316, 1282
636, 1271, 1260
637, 1277, 1323
638, 82, 120
639, 120, 121
640, 63, 82
641, 1452, 575
642, 973, 964
643, 1026, 1020
644, 546, 545
645, 545, 1412
646, 425, 461
647, 462, 433
648, 755, 779
649, 721, 755
650, 779, 787
651, 787, 746
652, 290, 1400
653, 89, 54
654, 71, 84
655, 44, 71
656, 94, 88
657, 70, 102
658, 68, 70
659, 1346, 1361
660, 1361, 1453
661, 375, 357
662, 322, 317
663, 272, 287
664, 260, 228
665, 228, 245
666, 390, 414
667, 406, 399
668, 237, 281
669, 281, 294
670, 248, 224
671, 224, 237
672, 294, 273
673, 1110, 1087
674, 1087, 1107
675, 1107, 1135
676, 381, 375
677, 403, 413
678, 375, 361
679, 1454, 1333
680, 1394, 1346
681, 1346, 1455
682, 882, 842
683, 906, 884
684, 977, 980
685, 1409, 977
686, 1042, 1037
687, 1118, 1093
688, 1103, 1120
689, 1154, 1137
690, 1093, 1103
691, 689, 662
692, 1397, 654
693, 866, 851
694, 917, 887
695, 851, 907
696, 811, 849
697, 872, 835
698, 822, 811
699, 879, 872
700, 56, 58
701, 87, 56
702, 92, 87
703, 471, 480
704, 414, 412
705, 453, 414
706, 144, 179
707, 152, 134
708, 1084, 1051
709, 1057, 1094
710, 1115, 1084
711, 601, 591
712, 559, 542
713, 542, 564
714, 594, 601
715, 681, 693
716, 1387, 681
717, 693, 656
718, 633, 1387
719, 377, 362
720, 382, 393
721, 331, 342
722, 1386, 998
723, 998, 972
724, 864, 816
725, 814, 855
726, 816, 802
727, 1313, 1306
728, 1248, 1285
729, 1259, 1248
730, 1306, 1259
731, 718, 756
732, 750, 731
733, 778, 750
734, 676, 697
735, 727, 680
736, 734, 1404
737, 680, 676
738, 127, 104
739, 164, 127
740, 104, 1364
741, 1364, 151
742, 220, 261
743, 271, 258
744, 238, 223
745, 223, 220
746, 261, 274
747, 459, 431
748, 420, 450
749, 475, 459
750, 207, 192
751, 192, 181
752, 153, 152
753, 152, 187
754, 1399, 355
755, 387, 385
756, 783, 805
757, 847, 848
758, 1250, 1272
759, 1257, 1204
760, 1204, 1201
761, 1272, 1257
762, 191, 186
763, 212, 243
764, 170, 184
765, 177, 162
766, 162, 146
767, 197, 177
768, 146, 170
769, 961, 952
770, 1016, 1411
771, 1264, 1246
772, 1281, 1264
773, 1228, 1229
774, 1229, 1255
775, 1255, 1281
776, 730, 696
777, 699, 729
778, 696, 671
779, 729, 730
780, 1456, 1338
781, 1341, 1457
782, 1338, 1325
783, 365, 347
784, 418, 421
785, 438, 437
786, 422, 388
787, 388, 391
788, 707, 686
789, 670, 701
790, 686, 647
791, 735, 742
792, 726, 688
793, 688, 679
794, 1458, 1383
795, 66, 67
796, 32, 15
797, 24, 33
798, 67, 32
799, 15, 24
800, 868, 1459
801, 905, 868
802, 1384, 905
803, 1460, 1384
804, 923, 901
805, 855, 882
806, 884, 923
807, 882, 884
808, 874, 855
809, 349, 325
810, 1369, 384
811, 384, 373
812, 325, 1369
813, 1015, 991
814, 742, 783
815, 744, 726
816, 775, 744
817, 783, 785
818, 726, 742
819, 922, 919
820, 981, 971
821, 928, 967
822, 971, 946
823, 946, 922
824, 574, 612
825, 611, 576
826, 547, 554
827, 576, 547
828, 612, 611
829, 554, 574
830, 1044, 1066
831, 1099, 1101
832, 1101, 1078
833, 1066, 1099
834, 1047, 1035
835, 119, 114
836, 80, 64
837, 64, 91
838, 935, 888
839, 920, 930
840, 875, 920
841, 888, 873
842, 870, 875
843, 930, 942
844, 184, 214
845, 214, 246
846, 245, 197
847, 197, 184
848, 29, 1461
849, 13, 34
850, 34, 29
851, 517, 493
852, 461, 473
853, 493, 462
854, 505, 517
855, 462, 461
856, 915, 894
857, 894, 861
858, 871, 915
859, 845, 871
860, 125, 116
861, 181, 163
862, 116, 153
863, 153, 181
864, 439, 405
865, 448, 1377
866, 408, 429
867, 1377, 439
868, 832, 877
869, 821, 807
870, 878, 834
871, 1363, 142
872, 1395, 1363
873, 142, 103
874, 1382, 1227
875, 1199, 1169
876, 1169, 1170
877, 1227, 1207
878, 1170, 1382
879, 345, 366
880, 347, 323
881, 323, 307
882, 371, 347
883, 952, 926
884, 926, 934
885, 974, 978
886, 984, 952
887, 945, 953
888, 983, 945
889, 982, 1004
890, 1208, 1177
891, 1236, 1222
892, 1385, 1236
893, 749, 754
894, 789, 820
895, 820, 817
896, 754, 789
897, 767, 749
898, 991, 958
899, 959, 985
900, 938, 959
901, 996, 991
902, 858, 893
903, 876, 858
904, 925, 924
905, 924, 899
906, 489, 471
907, 442, 470
908, 432, 442
909, 471, 447
910, 419, 425
911, 398, 419
912, 425, 403
913, 403, 379
914, 370, 401
915, 397, 350
916, 350, 346
917, 346, 370
918, 401, 397
919, 1045, 1033
920, 1033, 1026
921, 1026, 1002
922, 1001, 1411
923, 128, 1462
924, 885, 903
925, 880, 885
926, 863, 852
927, 852, 844
928, 957, 990
929, 965, 948
930, 948, 957
931, 990, 1006
932, 979, 965
933, 5, 44
934, 2, 1463
935, 1464, 5
936, 44, 42
937, 1362, 430
938, 366, 1362
939, 430, 418
940, 418, 371
941, 371, 366
942, 1092, 1059
943, 1053, 1082
944, 1059, 1386
945, 1368, 737
946, 795, 793
947, 793, 1368
948, 737, 772
949, 772, 795
950, 1414, 1289
951, 1289, 1311
952, 1345, 1334
953, 1334, 1414
954, 595, 587
955, 602, 627
956, 627, 1387
957, 1387, 595
958, 1151, 1121
959, 1187, 1174
960, 1162, 1186
961, 1174, 1151
962, 1240, 1388
963, 1192, 1465
964, 756, 777
965, 813, 814
966, 802, 778
967, 814, 802
968, 778, 756
969, 1106, 1118
970, 1125, 1106
971, 1137, 1172
972, 1118, 1137
973, 1292, 1268
974, 1302, 1394
975, 1268, 1265
976, 1265, 1287
977, 16, 13
978, 1466, 16
979, 13, 1467
980, 515, 489
981, 470, 478
982, 1412, 525
983, 489, 470
984, 84, 107
985, 141, 144
986, 107, 141
987, 97, 84
988, 144, 138
989, 1200, 1208
990, 1222, 1253
991, 1253, 1252
992, 1208, 1222
993, 958, 950
994, 950, 906
995, 931, 938
996, 906, 900
997, 938, 958
998, 831, 803
999, 762, 768
1000, 804, 828
1001, 828, 831
1002, 803, 762
1003, 927, 1468
1004, 1166, 1161
1005, 1117, 1110
1006, 1110, 1148
1007, 665, 672
1008, 672, 714
1009, 714, 713
1010, 658, 665
1011, 253, 259
1012, 204, 239
1013, 240, 204
1014, 1547, 1192
1015, 1135, 1140
1016, 1153, 1135
1017, 1192, 1388
1018, 1260, 1230
1019, 1232, 1270
1020, 1270, 1277
1021, 1277, 1260
1022, 711, 718
1023, 731, 698
1024, 674, 711
1025, 698, 674
1026, 718, 731
1027, 1157, 1196
1028, 1141, 1157
1029, 1210, 1164
1030, 1164, 1141
1031, 1196, 1210
1032, 675, 1469
1033, 622, 629
1034, 1470, 625
1035, 629, 673
1036, 1288, 1256
1037, 1223, 1216
1038, 1216, 1259
1039, 1259, 1288
1040, 48, 83
1041, 30, 48
1042, 83, 69
1043, 599, 620
1044, 620, 590
1045, 560, 582
1046, 579, 560
1047, 1043, 1032
1048, 1032, 994
1049, 1006, 1027
1050, 994, 979
1051, 979, 1006
1052, 593, 604
1053, 604, 636
1054, 636, 645
1055, 645, 613
1056, 244, 230
1057, 218, 244
1058, 230, 203
1059, 1389, 218
1060, 182, 1389
1061, 788, 1390
1062, 740, 1375
1063, 776, 740
1064, 1375, 788
1065, 1471, 105
1066, 105, 1472
1067, 480, 507
1068, 514, 467
1069, 507, 514
1070, 454, 453
1071, 453, 480
1072, 1193, 1194
1073, 1167, 1193
1074, 1194, 1154
1075, 1154, 1134
1076, 1307, 1340
1077, 1335, 1402
1078, 1283, 1295
1079, 1340, 1335
1080, 284, 289
1081, 279, 241
1082, 229, 235
1083, 289, 279
1084, 241, 229
1085, 1473, 1381
1086, 1381, 1474
1087, 321, 300
1088, 277, 266
1089, 266, 291
1090, 291, 321
1091, 1475, 1354
1092, 1354, 1476
1093, 916, 933
1094, 893, 896
1095, 962, 925
1096, 933, 962
1097, 925, 893
1098, 235, 225
1099, 280, 284
1100, 225, 1477
1101, 1478, 280
1102, 284, 235
1103, 1391, 1479
1104, 1480, 17
1105, 17, 19
1106, 300, 316
1107, 316, 272
1108, 246, 277
1109, 272, 245
1110, 245, 246
1111, 277, 300
1112, 826, 865
1113, 1481, 826
1114, 305, 327
1115, 317, 1401
1116, 335, 317
1117, 1097, 1071
1118, 1068, 1083
1119, 437, 468
1120, 428, 416
1121, 416, 422
1122, 474, 428
1123, 422, 437
1124, 326, 345
1125, 315, 326
1126, 307, 278
1127, 276, 315
1128, 278, 276
1129, 345, 307
1130, 635, 657
1131, 691, 699
1132, 650, 635
1133, 671, 650
1134, 699, 671
1135, 903, 913
1136, 921, 1392
1137, 913, 921
1138, 1392, 863
1139, 863, 903
1140, 1336, 1337
1141, 1337, 1482
1142, 1483, 1358
1143, 1091, 1043
1144, 1062, 1070
1145, 1070, 1088
1146, 1088, 1096
1147, 1027, 1062
1148, 1043, 1027
1149, 250, 232
1150, 269, 283
1151, 232, 240
1152, 283, 250
1153, 240, 265
1154, 1177, 1160
1155, 1160, 1139
1156, 1147, 1183
1157, 1183, 1385
1158, 1385, 1177
1159, 259, 295
1160, 314, 269
1161, 295, 314
1162, 265, 259
1163, 269, 265
1164, 1191, 1190
1165, 1149, 1131
1166, 1190, 1156
1167, 482, 1398
1168, 499, 518
1169, 518, 511
1170, 685, 1484
1171, 1375, 685
1172, 1485, 1375
1173, 1079, 1117
1174, 1083, 1079
1175, 1117, 1133
1176, 1127, 1083
1177, 679, 1393
1178, 623, 658
1179, 619, 623
1180, 684, 679
1181, 658, 678
1182, 605, 1486
1183, 610, 605
1184, 1487, 610
1185, 1246, 1213
1186, 1182, 1228
1187, 1213, 1184
1188, 1228, 1246
1189, 1140, 1488
1190, 1547, 1140
1191, 1048, 1036
1192, 992, 1489
1193, 1036, 1019
1194, 1019, 992
1195, 909, 956
1196, 944, 917
1197, 907, 909
1198, 972, 944
1199, 917, 907
1200, 966, 972
1201, 850, 869
1202, 897, 916
1203, 896, 850
1204, 916, 896
1205, 1165, 1136
1206, 1144, 1176
1207, 1122, 1144
1208, 529, 558
1209, 577, 1410
1210, 1410, 538
1211, 268, 256
1212, 267, 268
1213, 256, 1396
1214, 243, 267
1215, 1396, 243
1216, 1330, 1490
1217, 1491, 1327
1218, 1327, 1330
1219, 178, 173
1220, 226, 234
1221, 173, 226
1222, 1333, 1313
1223, 1285, 1292
1224, 1394, 1333
1225, 1313, 1285
1226, 1292, 1394
1227, 1276, 1267
1228, 1282, 1276
1229, 1219, 1271
1230, 1267, 1239
1231, 1239, 1219
1232, 1271, 1282
1233, 183, 147
1234, 147, 148
1235, 203, 183
1236, 148, 182
1237, 182, 203
1238, 466, 445
1239, 445, 476
1240, 476, 495
1241, 503, 497
1242, 1, 6
1243, 1492, 1
1244, 6, 1493
1245, 449, 438
1246, 433, 449
1247, 391, 381
1248, 413, 433
1249, 381, 413
1250, 438, 391
1251, 709, 751
1252, 717, 709
1253, 770, 747
1254, 747, 717
1255, 298, 251
1256, 227, 248
1257, 273, 298
1258, 248, 273
1259, 1136, 1119
1260, 1119, 1092
1261, 1082, 1108
1262, 1108, 1122
1263, 1092, 1082
1264, 1122, 1136
1265, 355, 337
1266, 351, 390
1267, 399, 387
1268, 390, 399
1269, 387, 355
1270, 919, 856
1271, 898, 928
1272, 928, 919
1273, 1030, 1029
1274, 986, 1409
1275, 1029, 995
1276, 1359, 1321
1277, 1342, 1359
1278, 1297, 1291
1279, 1291, 1298
1280, 715, 689
1281, 746, 733
1282, 721, 746
1283, 689, 690
1284, 1365, 603
1285, 615, 565
1286, 565, 1365
1287, 603, 634
1288, 634, 615
1289, 100, 66
1290, 103, 100
1291, 33, 1395
1292, 66, 33
1293, 1395, 103
1294, 544, 584
1295, 531, 544
1296, 580, 537
1297, 537, 531
1298, 435, 415
1299, 417, 435
1300, 376, 417
1301, 415, 394
1302, 540, 515
1303, 550, 566
1304, 543, 540
1305, 525, 550
1306, 515, 525
1307, 1158, 1115
1308, 1188, 1158
1309, 1189, 1188
1310, 1143, 1189
1311, 1329, 1305
1312, 1305, 1339
1313, 1356, 1494
1314, 1094, 1105
1315, 1138, 1143
1316, 1115, 1094
1317, 1143, 1115
1318, 535, 504
1319, 488, 510
1320, 504, 479
1321, 510, 535
1322, 592, 597
1323, 597, 573
1324, 566, 592
1325, 573, 543
1326, 543, 566
1327, 150, 139
1328, 1376, 150
1329, 102, 1376
1330, 118, 102
1331, 1495, 45
1332, 45, 26
1333, 26, 21
1334, 21, 1496
1335, 7, 1497
1336, 1067, 1046
1337, 1078, 1067
1338, 1021, 1047
1339, 1047, 1078
1340, 1498, 710
1341, 716, 752
1342, 752, 1499
1343, 840, 889
1344, 862, 833
1345, 833, 840
1346, 889, 892
1347, 149, 1367
1348, 160, 149
1349, 1367, 213
1350, 200, 160
1351, 431, 410
1352, 410, 377
1353, 393, 420
1354, 377, 393
1355, 420, 431
1356, 1128, 1125
1357, 1185, 1142
1358, 1142, 1128
1359, 1181, 1185
1360, 1125, 1175
1361, 185, 195
1362, 172, 135
1363, 195, 172
1364, 130, 185
1365, 509, 527
1366, 502, 477
1367, 481, 509
1368, 527, 502
1369, 479, 440
1370, 440, 441
1371, 465, 488
1372, 488, 479
1373, 46, 1500
1374, 1501, 46
1375, 1502, 23
1376, 23, 4
1377, 4, 1503
1378, 1072, 1048
1379, 1504, 1072
1380, 1048, 1505
1381, 174, 1366
1382, 1366, 191
1383, 1396, 190
1384, 191, 1396
1385, 500, 512
1386, 450, 452
1387, 491, 475
1388, 452, 500
1389, 512, 491
1390, 475, 450
1391, 1332, 1341
1392, 1279, 1278
1393, 1325, 1279
1394, 1294, 1332
1395, 1341, 1325
1396, 310, 308
1397, 362, 352
1398, 308, 331
1399, 352, 310
1400, 331, 362
1401, 940, 961
1402, 954, 940
1403, 964, 954
1404, 1002, 964
1405, 961, 1001
1406, 1001, 1002
1407, 1150, 1173
1408, 1113, 1150
1409, 1131, 1113
1410, 1168, 1131
1411, 584, 1397
1412, 607, 580
1413, 1397, 630
1414, 580, 584
1415, 169, 164
1416, 151, 178
1417, 206, 169
1418, 164, 151
1419, 178, 205
1420, 662, 660
1421, 637, 607
1422, 630, 662
1423, 607, 630
1424, 135, 122
1425, 121, 130
1426, 85, 121
1427, 101, 79
1428, 130, 135
1429, 1506, 1275
1430, 1402, 1507
1431, 456, 487
1432, 1406, 499
1433, 499, 469
1434, 312, 285
1435, 287, 303
1436, 285, 262
1437, 262, 260
1438, 260, 287
1439, 251, 252
1440, 213, 227
1441, 252, 219
1442, 215, 200
1443, 227, 251
1444, 200, 213
1445, 332, 349
1446, 389, 378
1447, 373, 389
1448, 378, 338
1449, 338, 332
1450, 349, 373
1451, 168, 128
1452, 109, 125
1453, 171, 168
1454, 163, 171
1455, 125, 163
1456, 128, 115
1457, 88, 61
1458, 61, 1391
1459, 19, 68
1460, 68, 88
1461, 1391, 19
1462, 1184, 1159
1463, 1159, 1152
1464, 1124, 1127
1465, 1127, 1132
1466, 1179, 1184
1467, 764, 748
1468, 769, 764
1469, 725, 727
1470, 748, 725
1471, 727, 1404
1472, 865, 881
1473, 911, 927
1474, 927, 1508
1475, 1509, 865
1476, 421, 456
1477, 1398, 409
1478, 404, 421
1479, 469, 1398
1480, 456, 469
1481, 562, 552
1482, 587, 562
1483, 590, 602
1484, 552, 579
1485, 602, 587
1486, 579, 590
1487, 600, 561
1488, 609, 600
1489, 578, 609
1490, 549, 578
1491, 561, 549
1492, 358, 329
1493, 395, 358
1494, 385, 395
1495, 329, 1399
1496, 1399, 385
1497, 31, 53
1498, 58, 31
1499, 53, 63
1500, 63, 85
1501, 79, 58
1502, 85, 79
1503, 708, 1368
1504, 1368, 761
1505, 719, 708
1506, 761, 743
1507, 1303, 1312
1508, 1546, 1380
1509, 1380, 1303
1510, 1353, 1546
1511, 473, 482
1512, 511, 526
1513, 526, 505
1514, 505, 473
1515, 482, 511
1516, 657, 649
1517, 700, 691
1518, 682, 700
1519, 649, 682
1520, 691, 657
1521, 1403, 448
1522, 429, 424
1523, 424, 457
1524, 457, 1403
1525, 448, 429
1526, 720, 705
1527, 705, 664
1528, 669, 720
1529, 95, 76
1530, 67, 108
1531, 76, 67
1532, 113, 111
1533, 1348, 1510
1534, 1344, 1348
1535, 1511, 1344
1536, 136, 1363
1537, 73, 106
1538, 1363, 73
1539, 137, 136
1540, 106, 137
1541, 738, 735
1542, 713, 738
1543, 735, 684
1544, 678, 713
1545, 684, 678
1546, 706, 715
1547, 723, 706
1548, 745, 723
1549, 757, 745
1550, 733, 757
1551, 715, 733
1552, 583, 1378
1553, 564, 557
1554, 1378, 594
1555, 594, 564
1556, 1512, 10
1557, 8, 30
1558, 10, 8
1559, 30, 69
1560, 60, 1513
1561, 114, 123
1562, 123, 1376
1563, 78, 80
1564, 1376, 78
1565, 80, 114
1566, 1051, 1039
1567, 1049, 1057
1568, 993, 1049
1569, 1039, 999
1570, 999, 993
1571, 1057, 1051
1572, 405, 380
1573, 380, 360
1574, 374, 408
1575, 408, 405
1576, 618, 651
1577, 621, 618
1578, 661, 669
1579, 669, 663
1580, 54, 40
1581, 40, 11
1582, 11, 2
1583, 42, 54
1584, 2, 42
1585, 1077, 1090
1586, 1129, 1114
1587, 1090, 1123
1588, 1085, 1077
1589, 1123, 1129
1590, 222, 207
1591, 231, 222
1592, 198, 231
1593, 179, 198
1594, 187, 179
1595, 207, 187
1596, 1514, 344
1597, 344, 1515
1598, 812, 781
1599, 825, 839
1600, 839, 812
1601, 786, 825
1602, 1114, 1372
1603, 1075, 1085
1604, 1372, 1102
1605, 1085, 1114
1606, 1312, 1299
1607, 1343, 1357
1608, 1299, 1310
1609, 1357, 1353
1610, 1353, 1312
1611, 396, 343
1612, 336, 1405
1613, 343, 336
1614, 1405, 402
1615, 1198, 1166
1616, 1388, 1198
1617, 1148, 1153
1618, 1166, 1148
1619, 1153, 1388
1620, 327, 367
1621, 361, 335
1622, 379, 361
1623, 372, 379
1624, 335, 327
1625, 334, 299
1626, 299, 290
1627, 357, 334
1628, 290, 322
1629, 322, 357
1630, 692, 703
1631, 697, 683
1632, 703, 741
1633, 741, 734
1634, 734, 697
1635, 444, 426
1636, 426, 436
1637, 477, 444
1638, 446, 481
1639, 436, 446
1640, 481, 477
1641, 1008, 983
1642, 1025, 1024
1643, 1024, 1008
1644, 1004, 1025
1645, 983, 1004
1646, 1371, 1016
1647, 1011, 1371
1648, 978, 1011
1649, 1016, 984
1650, 984, 978
1651, 1234, 1187
1652, 1186, 1206
1653, 1235, 1241
1654, 1187, 1186
1655, 1247, 1254
1656, 1278, 1247
1657, 1263, 1290
1658, 1290, 1294
1659, 1294, 1278
1660, 210, 211
1661, 211, 270
1662, 1400, 210
1663, 1401, 1400
1664, 99, 89
1665, 134, 99
1666, 89, 97
1667, 138, 134
1668, 97, 138
1669, 1275, 1238
1670, 1238, 1234
1671, 1241, 1283
1672, 1283, 1402
1673, 1402, 1275
1674, 1234, 1241
1675, 626, 624
1676, 656, 670
1677, 624, 633
1678, 647, 626
1679, 633, 656
1680, 670, 647
1681, 651, 640
1682, 687, 661
1683, 666, 694
1684, 694, 687
1685, 640, 666
1686, 661, 651
1687, 234, 257
1688, 257, 253
1689, 239, 206
1690, 253, 239
1691, 205, 234
1692, 206, 205
1693, 1018, 1028
1694, 970, 1018
1695, 1022, 981
1696, 1028, 1022
1697, 967, 970
1698, 981, 967
1699, 521, 494
1700, 1377, 501
1701, 523, 521
1702, 494, 1377
1703, 873, 823
1704, 801, 870
1705, 810, 801
1706, 870, 873
1707, 328, 353
1708, 383, 382
1709, 342, 328
1710, 353, 383
1711, 382, 342
1712, 985, 1012
1713, 1012, 1044
1714, 1035, 996
1715, 1044, 1035
1716, 996, 985
1717, 1010, 987
1718, 1040, 1010
1719, 1003, 1040
1720, 988, 1003
1721, 1516, 1360
1722, 1360, 1517
1723, 1230, 1202
1724, 1176, 1195
1725, 1221, 1230
1726, 1180, 1176
1727, 805, 806
1728, 861, 847
1729, 815, 845
1730, 847, 805
1731, 845, 861
1732, 441, 406
1733, 467, 465
1734, 406, 454
1735, 454, 467
1736, 465, 441
1737, 520, 529
1738, 513, 1403
1739, 538, 528
1740, 1403, 520
1741, 529, 538
1742, 797, 811
1743, 811, 769
1744, 1404, 797
1745, 769, 1404
1746, 1331, 1518
1747, 1339, 1316
1748, 1519, 1356
1749, 1316, 1331
1750, 1356, 1339
1751, 356, 365
1752, 409, 386
1753, 365, 404
1754, 404, 409
1755, 1202, 1211
1756, 1171, 1165
1757, 1211, 1197
1758, 1165, 1180
1759, 1180, 1202
1760, 1266, 1318
1761, 1328, 1307
1762, 1295, 1266
1763, 1318, 1328
1764, 1307, 1295
1765, 953, 935
1766, 942, 986
1767, 995, 982
1768, 935, 942
1769, 982, 953
1770, 986, 995
1771, 881, 864
1772, 901, 918
1773, 918, 911
1774, 864, 874
1775, 874, 901
1776, 911, 881
1777, 856, 846
1778, 841, 876
1779, 846, 841
1780, 899, 898
1781, 876, 899
1782, 898, 856
1783, 1351, 1352
1784, 1317, 1296
1785, 1296, 1309
1786, 1352, 1317
1787, 1309, 1351
1788, 330, 348
1789, 306, 297
1790, 333, 306
1791, 297, 330
1792, 1366, 119
1793, 126, 1366
1794, 91, 126
1795, 119, 91
1796, 1225, 1191
1797, 1173, 1200
1798, 1200, 1224
1799, 1191, 1168
1800, 1168, 1173
1801, 1209, 1226
1802, 1172, 1209
1803, 1226, 1181
1804, 1175, 1172
1805, 1181, 1175
1806, 792, 774
1807, 835, 832
1808, 774, 822
1809, 807, 792
1810, 822, 835
1811, 832, 807
1812, 360, 324
1813, 324, 319
1814, 368, 374
1815, 319, 354
1816, 374, 360
1817, 186, 156
1818, 156, 176
1819, 176, 212
1820, 212, 186
1821, 337, 312
1822, 339, 351
1823, 303, 339
1824, 351, 337
1825, 312, 303
1826, 827, 799
1827, 817, 827
1828, 771, 767
1829, 799, 780
1830, 767, 817
1831, 677, 695
1832, 695, 721
1833, 654, 677
1834, 690, 654
1835, 721, 690
1836, 842, 813
1837, 777, 821
1838, 834, 842
1839, 821, 834
1840, 813, 777
1841, 1254, 1217
1842, 1217, 1215
1843, 1215, 1262
1844, 1262, 1263
1845, 1263, 1254
1846, 1405, 340
1847, 364, 376
1848, 394, 1405
1849, 340, 364
1850, 376, 394
1851, 1520, 3
1852, 3, 1521
1853, 221, 254
1854, 233, 221
1855, 275, 247
1856, 247, 233
1857, 254, 275
1858, 69, 109
1859, 115, 1522
1860, 109, 115
1861, 1523, 60
1862, 60, 69
1863, 483, 524
1864, 487, 483
1865, 524, 530
1866, 530, 1406
1867, 1406, 487
1868, 1050, 1053
1869, 1407, 1050
1870, 1386, 1407
1871, 1053, 1386
1872, 1104, 1097
1873, 1152, 1104
1874, 1097, 1124
1875, 1124, 1152
1876, 249, 242
1877, 242, 217
1878, 217, 202
1879, 209, 249
1880, 139, 145
1881, 145, 129
1882, 124, 94
1883, 129, 124
1884, 94, 118
1885, 118, 139
1886, 1322, 1355
1887, 1548, 1343
1888, 1310, 1322
1889, 1343, 1310
1890, 348, 1370
1891, 1370, 368
1892, 354, 333
1893, 333, 348
1894, 368, 354
1895, 849, 866
1896, 887, 902
1897, 902, 879
1898, 866, 887
1899, 879, 849
1900, 1146, 1167
1901, 1120, 1126
1902, 1126, 1146
1903, 1134, 1120
1904, 1167, 1134
1905, 501, 513
1906, 528, 548
1907, 548, 523
1908, 523, 501
1909, 513, 528
1910, 38, 7
1911, 1524, 1391
1912, 1391, 38
1913, 7, 1525
1914, 571, 541
1915, 596, 571
1916, 591, 596
1917, 541, 559
1918, 559, 591
1919, 1242, 1526
1920, 1121, 1116
1921, 1109, 1149
1922, 1156, 1162
1923, 1116, 1109
1924, 1162, 1121
1925, 1149, 1156
1926, 1161, 1182
1927, 1133, 1161
1928, 1132, 1133
1929, 1182, 1179
1930, 1179, 1132
1931, 1256, 1250
1932, 1201, 1223
1933, 1250, 1201
1934, 1223, 1256
1935, 555, 546
1936, 534, 555
1937, 495, 522
1938, 522, 534
1939, 546, 503
1940, 503, 495
1941, 1319, 1329
1942, 1527, 1347
1943, 1347, 1319
1944, 1329, 1528
1945, 1041, 1086
1946, 1086, 1061
1947, 1061, 1034
1948, 1034, 1041
1949, 736, 707
1950, 701, 719
1951, 743, 736
1952, 707, 701
1953, 719, 743
1954, 869, 853
1955, 912, 897
1956, 883, 912
1957, 853, 883
1958, 897, 869
1959, 1374, 1240
1960, 1529, 1280
1961, 1280, 1374
1962, 1240, 1242
1963, 1242, 1530
1964, 997, 1015
1965, 1007, 997
1966, 1046, 1007
1967, 1015, 1021
1968, 1021, 1046
1969, 1531, 27
1970, 52, 28
1971, 27, 52
1972, 28, 1532
1973, 568, 583
1974, 557, 1379
1975, 1379, 568
1976, 583, 557
1977, 539, 572
1978, 572, 585
1979, 585, 1408
1980, 1408, 539
1981, 848, 880
1982, 844, 1416
1983, 1416, 848
1984, 880, 844
1985, 768, 753
1986, 798, 804
1987, 753, 798
1988, 804, 768
1989, 1251, 1225
1990, 1274, 1251
1991, 1252, 1274
1992, 1224, 1252
1993, 1225, 1224
1994, 1056, 1030
1995, 1037, 1056
1996, 1409, 1037
1997, 1030, 1409
1998, 485, 460
1999, 423, 427
2000, 427, 458
2001, 460, 423
2002, 458, 485
2003, 1139, 1111
2004, 1112, 1147
2005, 1111, 1112
2006, 1147, 1139
2007, 617, 599
2008, 1410, 617
2009, 582, 1410
2010, 599, 582
2011, 556, 593
2012, 606, 569
2013, 569, 556
2014, 613, 606
2015, 593, 613
2016, 1145, 1171
2017, 1178, 1145
2018, 1197, 1178
2019, 1171, 1197
2020, 1383, 463
2021, 463, 1533
2022, 1534, 1383
2023, 1355, 1535
2024, 1548, 1355
2025, 823, 824
2026, 824, 790
2027, 761, 810
2028, 790, 761
2029, 810, 823
2030, 412, 396
2031, 402, 432
2032, 447, 412
2033, 432, 447
2034, 396, 402
2035, 468, 498
2036, 498, 519
2037, 519, 486
2038, 486, 474
2039, 474, 468
2040, 710, 675
2041, 698, 716
2042, 673, 698
2043, 675, 673
2044, 716, 710
2045, 937, 951
2046, 987, 943
2047, 943, 937
2048, 951, 988
2049, 988, 987
2050, 1071, 1045
2051, 1411, 1068
2052, 1045, 1411
2053, 1068, 1071
2054, 35, 1536
2055, 12, 43
2056, 1537, 12
2057, 43, 35
2058, 1159, 1205
2059, 1203, 1163
2060, 1163, 1159
2061, 1205, 1203
2062, 158, 154
2063, 108, 112
2064, 112, 158
2065, 154, 113
2066, 113, 108
2067, 478, 466
2068, 497, 1412
2069, 1412, 478
2070, 466, 497
2071, 86, 1415
2072, 1415, 36
2073, 75, 86
2074, 36, 75
2075, 1064, 1065
2076, 1023, 1064
2077, 1065, 1042
2078, 1042, 1017
2079, 934, 929
2080, 929, 1413
2081, 1413, 974
2082, 974, 934
2083, 161, 174
2084, 202, 165
2085, 190, 209
2086, 165, 161
2087, 174, 190
2088, 209, 202
2089, 1245, 1414
2090, 1414, 1286
2091, 1269, 1245
2092, 1286, 1269
2093, 806, 765
2094, 765, 776
2095, 1390, 815
2096, 776, 1390
2097, 815, 806
2098, 648, 642
2099, 655, 692
2100, 683, 648
2101, 692, 683
2102, 1195, 1199
2103, 1207, 1232
2104, 1199, 1207
2105, 1232, 1221
2106, 1221, 1195
2107, 1415, 90
2108, 41, 1415
2109, 90, 49
2110, 49, 41
2111, 1054, 1075
2112, 1081, 1063
2113, 1102, 1081
2114, 1063, 1054
2115, 1075, 1102
2116, 908, 904
2117, 859, 862
2118, 904, 859
2119, 892, 908
2120, 862, 892
2121, 575, 622
2122, 625, 1538
2123, 1539, 575
2124, 622, 625
2125, 766, 732
2126, 732, 771
2127, 780, 766
2128, 771, 780
2129, 563, 533
2130, 533, 1408
2131, 1408, 567
2132, 1301, 1324
2133, 1324, 1342
2134, 1298, 1301
2135, 1342, 1298
2136, 313, 293
2137, 293, 271
2138, 274, 313
2139, 271, 274
2140, 122, 132
2141, 132, 92
2142, 92, 101
2143, 101, 122
2144, 664, 644
2145, 1378, 621
2146, 644, 1378
2147, 663, 664
2148, 621, 663
2149, 1214, 1249
2150, 1249, 1258
2151, 1206, 1214
2152, 1258, 1235
2153, 1235, 1206
2154, 1031, 1013
2155, 989, 1009
2156, 1009, 1031
2157, 1013, 989
2158, 877, 890
2159, 890, 931
2160, 900, 878
2161, 878, 877
2162, 931, 900
2163, 1311, 1336
2164, 1358, 1345
2165, 1345, 1311
2166, 1336, 1358
2167, 660, 668
2168, 642, 628
2169, 668, 655
2170, 628, 637
2171, 637, 660
2172, 655, 642
2173, 216, 194
2174, 236, 216
2175, 219, 236
2176, 194, 215
2177, 215, 219
2178, 1100, 1540
2179, 1073, 1100
2180, 1058, 1073
2181, 1541, 1058
2182, 1416, 796
2183, 796, 775
2184, 785, 1416
2185, 775, 785
2186, 110, 95
2187, 146, 110
2188, 111, 146
2189, 95, 111
2190, 264, 301
2191, 270, 264
2192, 301, 305
2193, 305, 1401
2194, 1401, 270
2195, 258, 1542
2196, 1543, 238
2197, 238, 258
2198, 980, 969
2199, 969, 973
2200, 1020, 1023
2201, 973, 1020
2202, 1017, 980
2203, 1023, 1017
2204, 367, 356
2205, 386, 398
2206, 398, 372
2207, 372, 367
2208, 356, 386
2209, 155, 188
2210, 180, 157
2211, 188, 180
2212, 157, 155
2213, 1105, 1091
2214, 1096, 1373
2215, 1373, 1138
2216, 1091, 1096
2217, 1138, 1105
2218, 956, 955
2219, 955, 1407
2220, 1407, 966
2221, 966, 956
2222, 751, 773
2223, 781, 770
2224, 773, 786
2225, 770, 751
2226, 786, 781
2227, 558, 563
2228, 1393, 577
2229, 567, 619
2230, 619, 1393
2231, 577, 558
2232, 563, 567
2233, 1326, 1302
2234, 1321, 1326
2235, 1287, 1297
2236, 1302, 1287
2237, 1297, 1321
