1, 1278, 7
2, 6, 1279
3, 13, 1280
4, 1159, 1281
5, 5, 1282
6, 3, 1283
7, 2, 1284
8, 1154, 1285
9, 16, 2
10, 2, 1286
11, 12, 1287
12, 1152, 1288
13, 1289, 3
14, 3, 1161
15, 1290, 6
16, 6, 1154
17, 1291, 7
18, 1292, 4
19, 1293, 10
20, 1294, 5
21, 5, 1153
22, 11, 1295
23, 1296, 1160
24, 1159, 1297
25, 1161, 1298
26, 22, 12
27, 12, 1299
28, 1152, 1300
29, 1, 1301
30, 1302, 1153
31, 1303, 17
32, 1161, 1304
33, 7, 1152
34, 1305, 7
35, 29, 1306
36, 1307, 1
37, 19, 1308
38, 1, 1155
39, 4, 13
40, 13, 22
41, 1309, 4
42, 23, 1310
43, 1311, 1154
44, 1156, 1436
45, 10, 1159
46, 1312, 10
47, 1313, 15
48, 1159, 1314
49, 1437, 20
50, 1153, 11
51, 11, 1315
52, 1438, 14
53, 9, 1316
54, 1439, 8
55, 1155, 1317
56, 29, 1158
57, 1152, 1156
58, 30, 29
59, 29, 43
60, 24, 23
61, 23, 36
62, 1160, 16
63, 16, 9
64, 8, 18
65, 9, 8
66, 17, 1161
67, 18, 17
68, 51, 18
69, 20, 21
70, 15, 1160
71, 14, 15
72, 26, 14
73, 1157, 26
74, 26, 42
75, 1159, 20
76, 20, 47
77, 1318, 1159
78, 1156, 28
79, 46, 1156
80, 36, 35
81, 45, 36
82, 19, 1155
83, 1155, 44
84, 44, 48
85, 61, 44
86, 43, 60
87, 50, 43
88, 56, 46
89, 46, 55
90, 53, 45
91, 45, 54
92, 39, 61
93, 61, 69
94, 1152, 56
95, 56, 67
96, 57, 37
97, 35, 31
98, 54, 35
99, 64, 54
100, 47, 52
101, 62, 47
102, 42, 57
103, 49, 42
104, 57, 75
105, 28, 25
106, 55, 28
107, 74, 55
108, 33, 62
109, 62, 73
110, 60, 1158
111, 65, 60
112, 63, 51
113, 51, 59
114, 1161, 24
115, 24, 53
116, 53, 66
117, 1157, 49
118, 49, 70
119, 38, 63
120, 63, 68
121, 1319, 58
122, 58, 41
123, 77, 58
124, 21, 1153
125, 52, 21
126, 72, 52
127, 48, 1320
128, 81, 48
129, 59, 1161
130, 78, 59
131, 22, 30
132, 30, 50
133, 50, 71
134, 1165, 25
135, 107, 1321
136, 1152, 88
137, 31, 22
138, 79, 31
139, 22, 40
140, 40, 93
141, 106, 40
142, 1158, 1152
143, 80, 1158
144, 1152, 105
145, 1153, 1157
146, 1157, 34
147, 1164, 1153
148, 27, 33
149, 33, 92
150, 1159, 27
151, 41, 1159
152, 1163, 41
153, 27, 98
154, 34, 87
155, 100, 34
156, 38, 91
157, 1160, 38
158, 37, 1160
159, 1162, 37
160, 38, 90
161, 103, 32
162, 1161, 89
163, 32, 1161
164, 99, 32
165, 1154, 19
166, 25, 1154
167, 19, 39
168, 39, 82
169, 111, 25
170, 69, 95
171, 82, 69
172, 113, 82
173, 75, 1162
174, 94, 75
175, 83, 65
176, 65, 80
177, 80, 96
178, 95, 81
179, 81, 109
180, 149, 95
181, 84, 78
182, 78, 108
183, 68, 84
184, 91, 68
185, 84, 153
186, 67, 85
187, 88, 67
188, 101, 88
189, 1322, 77
190, 77, 1163
191, 66, 76
192, 89, 66
193, 102, 89
194, 86, 72
195, 72, 1164
196, 76, 64
197, 64, 79
198, 79, 97
199, 1168, 76
200, 73, 86
201, 92, 73
202, 86, 151
203, 70, 94
204, 87, 70
205, 104, 87
206, 94, 148
207, 71, 83
208, 93, 71
209, 83, 1171
210, 85, 74
211, 74, 1165
212, 1172, 85
213, 109, 107
214, 107, 1323
215, 154, 149
216, 149, 109
217, 124, 111
218, 111, 125
219, 1162, 117
220, 148, 1162
221, 1169, 148
222, 118, 99
223, 99, 120
224, 122, 106
225, 106, 112
226, 105, 119
227, 116, 105
228, 119, 101
229, 101, 1172
230, 133, 119
231, 90, 110
232, 117, 90
233, 134, 117
234, 97, 122
235, 1166, 97
236, 122, 131
237, 1165, 124
238, 1172, 1165
239, 124, 130
240, 108, 103
241, 103, 118
242, 153, 108
243, 118, 129
244, 98, 114
245, 121, 98
246, 120, 102
247, 102, 1168
248, 136, 120
249, 112, 93
250, 93, 1171
251, 132, 112
252, 123, 100
253, 100, 115
254, 96, 116
255, 152, 96
256, 116, 127
257, 125, 113
258, 113, 150
259, 128, 125
260, 110, 91
261, 91, 1174
262, 137, 110
263, 1164, 123
264, 1173, 1164
265, 123, 135
266, 114, 92
267, 151, 1173
268, 92, 151
269, 138, 114
270, 1163, 121
271, 1324, 1163
272, 121, 139
273, 115, 104
274, 104, 147
275, 126, 115
276, 1169, 134
277, 134, 145
278, 130, 142
279, 1172, 130
280, 131, 140
281, 1166, 131
282, 1174, 153
283, 129, 144
284, 153, 129
285, 135, 143
286, 1173, 135
287, 146, 138
288, 138, 156
289, 145, 137
290, 137, 158
291, 159, 145
292, 1171, 152
293, 127, 141
294, 152, 127
295, 141, 133
296, 133, 1172
297, 163, 141
298, 150, 1167
299, 142, 128
300, 128, 150
301, 165, 142
302, 147, 1169
303, 143, 126
304, 126, 147
305, 160, 143
306, 139, 146
307, 157, 139
308, 146, 155
309, 140, 132
310, 132, 1171
311, 161, 140
312, 144, 136
313, 136, 1168
314, 164, 144
315, 1167, 154
316, 154, 1325
317, 170, 163
318, 163, 162
319, 168, 165
320, 1170, 170
321, 170, 180
322, 1166, 161
323, 161, 1171
324, 184, 161
325, 156, 1173
326, 155, 156
327, 164, 1168
328, 158, 1174
329, 159, 158
330, 167, 164
331, 164, 182
332, 169, 1169
333, 1169, 159
334, 159, 185
335, 1326, 157
336, 157, 155
337, 155, 181
338, 1173, 160
339, 160, 169
340, 169, 179
341, 1167, 1327
342, 165, 166
343, 183, 165
344, 180, 187
345, 194, 180
346, 1167, 1328
347, 189, 183
348, 183, 190
349, 166, 1167
350, 190, 166
351, 212, 190
352, 185, 198
353, 197, 185
354, 182, 188
355, 196, 182
356, 199, 184
357, 184, 193
358, 1173, 186
359, 188, 1168
360, 206, 188
361, 193, 1171
362, 205, 193
363, 162, 1172
364, 187, 162
365, 203, 187
366, 1172, 168
367, 168, 189
368, 189, 211
369, 172, 196
370, 196, 202
371, 1329, 191
372, 179, 192
373, 186, 179
374, 213, 186
375, 181, 195
376, 191, 181
377, 207, 191
378, 192, 1169
379, 210, 192
380, 198, 176
381, 200, 198
382, 177, 199
383, 199, 201
384, 195, 173
385, 208, 195
386, 1169, 197
387, 197, 204
388, 1170, 194
389, 194, 209
390, 1167, 221
391, 174, 1167
392, 176, 1174
393, 1175, 176
394, 1176, 1171
395, 175, 222
396, 1168, 1166
397, 1166, 177
398, 177, 217
399, 171, 1180
400, 230, 1169
401, 1169, 178
402, 1171, 1170
403, 1170, 1177
404, 235, 1171
405, 224, 1172
406, 1172, 175
407, 175, 242
408, 178, 1178
409, 225, 178
410, 1330, 1179
411, 173, 1173
412, 1173, 171
413, 220, 173
414, 171, 239
415, 1174, 167
416, 167, 172
417, 172, 218
418, 231, 1174
419, 226, 1168
420, 1168, 244
421, 232, 174
422, 174, 237
423, 215, 205
424, 205, 1176
425, 211, 223
426, 228, 211
427, 221, 1331
428, 236, 221
429, 209, 219
430, 1177, 209
431, 219, 203
432, 203, 224
433, 224, 240
434, 276, 219
435, 214, 200
436, 200, 1175
437, 1180, 213
438, 213, 229
439, 204, 214
440, 1178, 204
441, 214, 286
442, 202, 216
443, 218, 202
444, 233, 218
445, 216, 206
446, 206, 226
447, 284, 216
448, 227, 208
449, 208, 220
450, 220, 234
451, 1179, 207
452, 207, 227
453, 227, 287
454, 229, 210
455, 210, 230
456, 283, 229
457, 201, 215
458, 217, 201
459, 241, 217
460, 215, 1185
461, 223, 212
462, 212, 238
463, 280, 223
464, 237, 252
465, 251, 237
466, 247, 235
467, 235, 249
468, 1176, 247
469, 1185, 1176
470, 247, 267
471, 249, 1177
472, 1177, 276
473, 276, 1186
474, 269, 249
475, 252, 236
476, 236, 1332
477, 263, 252
478, 245, 231
479, 231, 253
480, 242, 246
481, 256, 242
482, 253, 233
483, 233, 1188
484, 266, 253
485, 222, 228
486, 246, 222
487, 228, 280
488, 280, 285
489, 262, 246
490, 238, 232
491, 232, 251
492, 285, 238
493, 251, 258
494, 243, 1178
495, 1178, 288
496, 226, 254
497, 1188, 284
498, 284, 226
499, 1440, 1179
500, 1179, 287
501, 240, 256
502, 1186, 240
503, 256, 264
504, 239, 250
505, 255, 239
506, 248, 225
507, 225, 243
508, 243, 265
509, 244, 257
510, 254, 244
511, 261, 254
512, 250, 1180
513, 1180, 283
514, 283, 1190
515, 268, 250
516, 230, 248
517, 281, 230
518, 248, 260
519, 234, 255
520, 287, 234
521, 297, 287
522, 255, 270
523, 1440, 1441
524, 257, 241
525, 241, 282
526, 259, 257
527, 1175, 245
528, 286, 1175
529, 1189, 286
530, 245, 274
531, 271, 263
532, 263, 1333
533, 282, 1185
534, 272, 259
535, 259, 282
536, 264, 273
537, 1186, 264
538, 277, 269
539, 269, 294
540, 288, 1189
541, 265, 288
542, 275, 265
543, 1188, 261
544, 261, 272
545, 272, 1184
546, 267, 277
547, 293, 267
548, 277, 292
549, 274, 279
550, 295, 274
551, 279, 266
552, 266, 1188
553, 1182, 279
554, 278, 268
555, 268, 1190
556, 1441, 300
557, 270, 278
558, 289, 270
559, 278, 290
560, 258, 271
561, 1187, 285
562, 285, 258
563, 271, 1181
564, 1190, 281
565, 260, 275
566, 281, 260
567, 275, 291
568, 273, 262
569, 262, 1187
570, 1183, 273
571, 1187, 1181
572, 1181, 1334
573, 320, 1181
574, 294, 299
575, 292, 294
576, 1185, 293
577, 293, 292
578, 292, 317
579, 1184, 302
580, 1183, 1187
581, 298, 295
582, 295, 1182
583, 296, 1190
584, 303, 304
585, 1335, 301
586, 297, 289
587, 290, 296
588, 289, 290
589, 296, 319
590, 1182, 1188
591, 315, 1182
592, 1186, 1183
593, 1183, 318
594, 291, 1189
595, 304, 291
596, 316, 304
597, 1188, 1184
598, 1184, 321
599, 318, 329
600, 331, 318
601, 321, 324
602, 336, 321
603, 323, 315
604, 315, 330
605, 1187, 332
606, 333, 1336
607, 332, 320
608, 320, 333
609, 352, 332
610, 333, 340
611, 1189, 298
612, 298, 323
613, 323, 348
614, 302, 1185
615, 324, 302
616, 342, 324
617, 310, 331
618, 331, 337
619, 325, 316
620, 316, 327
621, 319, 328
622, 335, 319
623, 317, 326
624, 334, 317
625, 309, 334
626, 334, 344
627, 327, 1189
628, 349, 327
629, 330, 312
630, 347, 330
631, 1337, 322
632, 307, 335
633, 335, 339
634, 306, 336
635, 336, 338
636, 300, 297
637, 301, 300
638, 322, 301
639, 343, 322
640, 326, 299
641, 341, 326
642, 329, 1187
643, 346, 329
644, 328, 305
645, 345, 328
646, 303, 325
647, 325, 350
648, 1192, 1185
649, 299, 1186
650, 1186, 310
651, 310, 351
652, 311, 299
653, 362, 311
654, 311, 382
655, 1187, 314
656, 1191, 1187
657, 312, 1188
658, 1188, 306
659, 356, 312
660, 306, 313
661, 1185, 309
662, 309, 357
663, 376, 1185
664, 313, 361
665, 369, 313
666, 1195, 1189
667, 363, 1338
668, 1190, 303
669, 303, 1193
670, 305, 1190
671, 1194, 305
672, 1190, 370
673, 1196, 308
674, 1189, 368
675, 367, 1189
676, 297, 307
677, 307, 358
678, 308, 297
679, 377, 308
680, 314, 1197
681, 372, 314
682, 1197, 352
683, 352, 360
684, 354, 346
685, 346, 1191
686, 359, 341
687, 341, 362
688, 362, 374
689, 348, 364
690, 368, 348
691, 344, 359
692, 357, 344
693, 366, 357
694, 359, 420
695, 365, 349
696, 349, 1195
697, 353, 342
698, 342, 1192
699, 350, 365
700, 1193, 350
701, 365, 1202
702, 337, 354
703, 351, 337
704, 371, 351
705, 354, 414
706, 355, 345
707, 345, 1194
708, 1339, 343
709, 343, 1196
710, 339, 355
711, 358, 339
712, 375, 358
713, 355, 416
714, 364, 347
715, 347, 356
716, 356, 373
717, 423, 364
718, 338, 353
719, 361, 338
720, 353, 1203
721, 340, 363
722, 360, 340
723, 422, 360
724, 387, 376
725, 376, 385
726, 382, 392
727, 389, 382
728, 374, 389
729, 418, 374
730, 389, 399
731, 390, 369
732, 369, 378
733, 373, 390
734, 417, 373
735, 390, 395
736, 388, 372
737, 372, 384
738, 392, 371
739, 371, 1204
740, 400, 392
741, 363, 1340
742, 1198, 363
743, 1191, 388
744, 414, 1191
745, 1204, 414
746, 388, 405
747, 370, 386
748, 380, 370
749, 383, 368
750, 368, 1200
751, 1195, 379
752, 1202, 1195
753, 379, 367
754, 367, 383
755, 383, 404
756, 402, 379
757, 1192, 387
758, 415, 1192
759, 387, 393
760, 381, 377
761, 377, 391
762, 1194, 380
763, 416, 1194
764, 1201, 416
765, 380, 403
766, 1196, 381
767, 1341, 1196
768, 381, 394
769, 386, 1193
770, 1193, 1202
771, 409, 386
772, 391, 375
773, 375, 419
774, 397, 391
775, 384, 1197
776, 1197, 422
777, 398, 384
778, 378, 361
779, 361, 421
780, 396, 378
781, 385, 366
782, 420, 1199
783, 366, 420
784, 401, 385
785, 405, 411
786, 426, 405
787, 1200, 423
788, 423, 417
789, 395, 410
790, 417, 395
791, 429, 418
792, 399, 408
793, 418, 399
794, 419, 1201
795, 406, 397
796, 397, 419
797, 1202, 402
798, 402, 412
799, 1203, 415
800, 393, 407
801, 415, 393
802, 1198, 1342
803, 413, 409
804, 409, 424
805, 422, 1198
806, 411, 398
807, 398, 422
808, 427, 411
809, 404, 1200
810, 412, 404
811, 430, 412
812, 394, 406
813, 1343, 394
814, 406, 435
815, 408, 400
816, 400, 1204
817, 432, 408
818, 403, 413
819, 1201, 403
820, 413, 425
821, 421, 1203
822, 410, 396
823, 396, 421
824, 443, 410
825, 407, 401
826, 401, 1199
827, 428, 407
828, 1204, 426
829, 426, 427
830, 427, 434
831, 444, 445
832, 443, 442
833, 434, 433
834, 456, 434
835, 438, 439
836, 1198, 1344
837, 1202, 430
838, 431, 432
839, 432, 444
840, 444, 457
841, 1345, 435
842, 441, 440
843, 440, 428
844, 428, 1199
845, 459, 440
846, 446, 443
847, 443, 454
848, 430, 1200
849, 455, 430
850, 435, 436
851, 453, 435
852, 424, 1202
853, 425, 424
854, 439, 425
855, 458, 439
856, 469, 459
857, 459, 472
858, 472, 449
859, 483, 472
860, 454, 464
861, 462, 454
862, 457, 465
863, 460, 457
864, 473, 456
865, 456, 463
866, 433, 1198
867, 463, 433
868, 481, 463
869, 468, 458
870, 458, 471
871, 470, 455
872, 455, 467
873, 1346, 466
874, 445, 1204
875, 465, 445
876, 474, 465
877, 448, 473
878, 473, 478
879, 466, 453
880, 453, 461
881, 485, 466
882, 442, 1203
883, 464, 442
884, 476, 464
885, 437, 446
886, 446, 462
887, 462, 475
888, 1199, 429
889, 429, 431
890, 431, 460
891, 460, 1207
892, 471, 452
893, 477, 471
894, 447, 470
895, 470, 482
896, 450, 1347
897, 1201, 438
898, 438, 468
899, 468, 480
900, 436, 1201
901, 461, 436
902, 479, 461
903, 467, 1200
904, 486, 467
905, 1203, 441
906, 441, 469
907, 469, 484
908, 501, 1198
909, 449, 1199
910, 490, 449
911, 1198, 450
912, 450, 1206
913, 493, 1198
914, 1204, 448
915, 448, 1209
916, 1211, 1200
917, 494, 1203
918, 1200, 437
919, 437, 488
920, 497, 1200
921, 1201, 498
922, 1208, 1201
923, 1201, 505
924, 1202, 447
925, 452, 1202
926, 487, 452
927, 447, 451
928, 1348, 1210
929, 451, 1205
930, 510, 451
931, 1203, 504
932, 509, 1203
933, 1199, 513
934, 512, 1199
935, 492, 1204
936, 1204, 514
937, 478, 496
938, 1209, 478
939, 489, 476
940, 476, 494
941, 494, 508
942, 491, 477
943, 477, 487
944, 487, 515
945, 495, 483
946, 483, 499
947, 482, 503
948, 1205, 482
949, 496, 481
950, 481, 501
951, 501, 511
952, 1222, 496
953, 1206, 1349
954, 1207, 474
955, 474, 492
956, 480, 491
957, 500, 480
958, 491, 558
959, 516, 1207
960, 1207, 557
961, 502, 479
962, 479, 1208
963, 503, 486
964, 486, 1211
965, 560, 503
966, 1210, 485
967, 485, 502
968, 502, 1217
969, 484, 495
970, 507, 484
971, 495, 554
972, 475, 489
973, 488, 475
974, 506, 488
975, 489, 1220
976, 518, 497
977, 497, 521
978, 514, 527
979, 528, 514
980, 523, 512
981, 512, 530
982, 517, 1206
983, 1206, 1350
984, 531, 510
985, 510, 522
986, 492, 528
987, 1213, 492
988, 528, 544
989, 508, 526
990, 559, 508
991, 513, 516
992, 530, 513
993, 516, 557
994, 533, 530
995, 526, 509
996, 509, 529
997, 537, 526
998, 525, 493
999, 493, 517
1000, 517, 547
1001, 1351, 520
1002, 527, 1209
1003, 1209, 1222
1004, 536, 527
1005, 520, 1210
1006, 1210, 1217
1007, 538, 520
1008, 522, 1205
1009, 1205, 555
1010, 534, 522
1011, 505, 519
1012, 524, 505
1013, 515, 531
1014, 1218, 515
1015, 531, 542
1016, 1211, 518
1017, 1215, 560
1018, 560, 1211
1019, 518, 543
1020, 1208, 524
1021, 1217, 1208
1022, 524, 535
1023, 521, 506
1024, 506, 564
1025, 541, 521
1026, 511, 525
1027, 556, 511
1028, 525, 540
1029, 504, 507
1030, 529, 504
1031, 507, 1212
1032, 532, 529
1033, 498, 500
1034, 519, 498
1035, 558, 1218
1036, 500, 558
1037, 539, 519
1038, 499, 490
1039, 490, 523
1040, 554, 499
1041, 1212, 554
1042, 523, 545
1043, 544, 548
1044, 569, 544
1045, 564, 1220
1046, 552, 541
1047, 541, 564
1048, 1222, 556
1049, 540, 553
1050, 556, 540
1051, 547, 1352
1052, 553, 547
1053, 571, 553
1054, 535, 549
1055, 1217, 535
1056, 1220, 559
1057, 559, 537
1058, 537, 546
1059, 548, 536
1060, 536, 1222
1061, 570, 548
1062, 546, 532
1063, 532, 1212
1064, 1212, 1216
1065, 568, 546
1066, 545, 550
1067, 566, 545
1068, 542, 551
1069, 1218, 542
1070, 1353, 538
1071, 538, 563
1072, 555, 1215
1073, 551, 534
1074, 534, 555
1075, 567, 551
1076, 543, 552
1077, 1215, 543
1078, 552, 1214
1079, 549, 539
1080, 539, 561
1081, 562, 549
1082, 557, 1213
1083, 550, 533
1084, 533, 557
1085, 565, 550
1086, 571, 1354
1087, 570, 1222
1088, 1219, 569
1089, 569, 570
1090, 570, 590
1091, 572, 1215
1092, 1215, 1214
1093, 1220, 568
1094, 568, 578
1095, 578, 577
1096, 585, 578
1097, 1216, 566
1098, 566, 565
1099, 565, 576
1100, 1222, 571
1101, 571, 587
1102, 573, 574
1103, 576, 575
1104, 588, 576
1105, 563, 1217
1106, 1355, 563
1107, 561, 1218
1108, 574, 562
1109, 562, 561
1110, 584, 574
1111, 1214, 1220
1112, 583, 1214
1113, 1218, 567
1114, 567, 572
1115, 572, 586
1116, 601, 588
1117, 588, 595
1118, 587, 594
1119, 597, 587
1120, 1219, 596
1121, 595, 575
1122, 615, 595
1123, 1222, 597
1124, 597, 613
1125, 586, 599
1126, 598, 586
1127, 1216, 601
1128, 601, 609
1129, 589, 584
1130, 584, 603
1131, 600, 583
1132, 583, 592
1133, 593, 585
1134, 585, 591
1135, 602, 1222
1136, 590, 602
1137, 596, 590
1138, 608, 596
1139, 602, 607
1140, 1356, 604
1141, 592, 1220
1142, 617, 592
1143, 599, 1215
1144, 606, 599
1145, 579, 598
1146, 598, 614
1147, 577, 1216
1148, 591, 577
1149, 618, 591
1150, 1217, 573
1151, 573, 589
1152, 1221, 1217
1153, 589, 619
1154, 604, 1221
1155, 605, 604
1156, 580, 600
1157, 600, 611
1158, 1220, 593
1159, 593, 616
1160, 603, 581
1161, 612, 603
1162, 594, 1357
1163, 610, 594
1164, 575, 1213
1165, 1227, 575
1166, 639, 582
1167, 1218, 579
1168, 579, 628
1169, 635, 1220
1170, 1213, 1219
1171, 1219, 1225
1172, 644, 1213
1173, 633, 1358
1174, 1220, 1224
1175, 623, 1220
1176, 1222, 627
1177, 1215, 580
1178, 580, 1223
1179, 1221, 629
1180, 581, 1218
1181, 630, 581
1182, 1218, 647
1183, 622, 1221
1184, 1221, 641
1185, 625, 1215
1186, 1215, 645
1187, 1216, 634
1188, 582, 1216
1189, 640, 582
1190, 1226, 1222
1191, 1222, 650
1192, 626, 615
1193, 615, 1227
1194, 613, 624
1195, 631, 613
1196, 611, 636
1197, 1223, 611
1198, 637, 612
1199, 612, 630
1200, 630, 648
1201, 609, 626
1202, 634, 609
1203, 626, 688
1204, 607, 1226
1205, 620, 607
1206, 624, 610
1207, 610, 633
1208, 691, 624
1209, 632, 618
1210, 618, 646
1211, 1359, 605
1212, 605, 622
1213, 622, 649
1214, 621, 606
1215, 606, 625
1216, 625, 651
1217, 616, 632
1218, 1224, 616
1219, 632, 1235
1220, 1225, 608
1221, 608, 620
1222, 620, 689
1223, 619, 637
1224, 642, 619
1225, 637, 687
1226, 614, 621
1227, 628, 614
1228, 643, 628
1229, 621, 692
1230, 636, 617
1231, 617, 638
1232, 1234, 636
1233, 650, 658
1234, 661, 650
1235, 655, 640
1236, 640, 660
1237, 657, 644
1238, 644, 656
1239, 652, 623
1240, 623, 654
1241, 633, 1360
1242, 1233, 633
1243, 645, 659
1244, 663, 645
1245, 647, 664
1246, 665, 647
1247, 638, 635
1248, 635, 652
1249, 1234, 638
1250, 652, 677
1251, 654, 1224
1252, 1224, 1235
1253, 678, 654
1254, 656, 1225
1255, 689, 1231
1256, 1225, 689
1257, 675, 656
1258, 659, 1223
1259, 1223, 1234
1260, 669, 659
1261, 641, 653
1262, 662, 641
1263, 627, 631
1264, 658, 627
1265, 631, 691
1266, 691, 1233
1267, 673, 658
1268, 648, 665
1269, 694, 648
1270, 665, 670
1271, 646, 639
1272, 639, 655
1273, 1235, 646
1274, 655, 674
1275, 649, 662
1276, 693, 649
1277, 662, 672
1278, 664, 643
1279, 692, 695
1280, 643, 692
1281, 667, 664
1282, 651, 663
1283, 690, 651
1284, 663, 668
1285, 629, 642
1286, 653, 629
1287, 687, 702
1288, 642, 687
1289, 679, 653
1290, 1226, 661
1291, 1231, 1226
1292, 661, 676
1293, 660, 634
1294, 634, 1228
1295, 666, 660
1296, 1227, 657
1297, 688, 1227
1298, 1228, 688
1299, 657, 671
1300, 681, 673
1301, 673, 706
1302, 680, 669
1303, 669, 696
1304, 671, 683
1305, 700, 671
1306, 676, 681
1307, 701, 676
1308, 681, 704
1309, 683, 675
1310, 675, 1231
1311, 713, 683
1312, 702, 694
1313, 670, 684
1314, 694, 670
1315, 685, 679
1316, 679, 698
1317, 695, 1232
1318, 684, 667
1319, 667, 695
1320, 709, 684
1321, 674, 682
1322, 1235, 674
1323, 677, 686
1324, 1234, 677
1325, 1361, 693
1326, 672, 685
1327, 693, 672
1328, 685, 699
1329, 682, 666
1330, 666, 1228
1331, 1229, 682
1332, 1232, 690
1333, 668, 680
1334, 690, 668
1335, 680, 697
1336, 686, 678
1337, 678, 1235
1338, 1230, 686
1339, 1233, 1362
1340, 1233, 1363
1341, 712, 1229
1342, 706, 1233
1343, 704, 706
1344, 709, 1232
1345, 713, 717
1346, 705, 704
1347, 704, 727
1348, 1229, 715
1349, 730, 1229
1350, 696, 1234
1351, 697, 696
1352, 707, 697
1353, 1364, 703
1354, 698, 708
1355, 699, 698
1356, 703, 699
1357, 729, 703
1358, 710, 709
1359, 709, 731
1360, 1230, 1235
1361, 711, 1230
1362, 1230, 726
1363, 714, 713
1364, 713, 728
1365, 1232, 707
1366, 707, 735
1367, 728, 734
1368, 733, 728
1369, 727, 737
1370, 732, 727
1371, 735, 746
1372, 745, 735
1373, 741, 722
1374, 731, 744
1375, 738, 731
1376, 740, 729
1377, 729, 742
1378, 1235, 712
1379, 712, 739
1380, 717, 1231
1381, 734, 717
1382, 747, 734
1383, 1231, 701
1384, 701, 705
1385, 705, 732
1386, 732, 759
1387, 746, 1234
1388, 757, 746
1389, 726, 741
1390, 736, 726
1391, 741, 754
1392, 739, 730
1393, 730, 743
1394, 748, 739
1395, 1234, 711
1396, 711, 736
1397, 736, 749
1398, 744, 1232
1399, 752, 744
1400, 718, 1365
1401, 743, 715
1402, 753, 743
1403, 702, 710
1404, 710, 738
1405, 738, 755
1406, 723, 740
1407, 740, 756
1408, 708, 702
1409, 742, 708
1410, 758, 742
1411, 1228, 700
1412, 700, 714
1413, 715, 1228
1414, 714, 733
1415, 733, 1236
1416, 716, 745
1417, 745, 750
1418, 737, 1233
1419, 751, 737
1420, 769, 719
1421, 725, 1234
1422, 1234, 761
1423, 1231, 779
1424, 724, 715
1425, 715, 783
1426, 722, 1235
1427, 1239, 722
1428, 1232, 716
1429, 721, 1232
1430, 716, 1237
1431, 775, 725
1432, 725, 780
1433, 789, 720
1434, 702, 1240
1435, 720, 702
1436, 791, 720
1437, 773, 721
1438, 721, 776
1439, 1366, 723
1440, 723, 763
1441, 767, 724
1442, 724, 787
1443, 1235, 766
1444, 788, 1235
1445, 764, 1231
1446, 1231, 785
1447, 1233, 718
1448, 718, 1238
1449, 719, 1233
1450, 774, 719
1451, 790, 1236
1452, 755, 762
1453, 1240, 755
1454, 766, 748
1455, 748, 760
1456, 786, 766
1457, 749, 768
1458, 761, 749
1459, 772, 761
1460, 759, 771
1461, 784, 759
1462, 771, 751
1463, 751, 769
1464, 831, 771
1465, 762, 752
1466, 752, 773
1467, 833, 762
1468, 760, 753
1469, 753, 770
1470, 829, 760
1471, 765, 757
1472, 757, 781
1473, 777, 758
1474, 758, 789
1475, 750, 765
1476, 1237, 750
1477, 765, 834
1478, 756, 777
1479, 763, 756
1480, 778, 763
1481, 777, 1248
1482, 1238, 1367
1483, 754, 1239
1484, 768, 754
1485, 832, 768
1486, 1236, 747
1487, 747, 764
1488, 764, 782
1489, 830, 1236
1490, 792, 774
1491, 774, 794
1492, 785, 801
1493, 799, 785
1494, 780, 798
1495, 796, 780
1496, 770, 767
1497, 767, 793
1498, 1246, 829
1499, 829, 770
1500, 800, 788
1501, 788, 804
1502, 787, 805
1503, 793, 787
1504, 818, 793
1505, 794, 1238
1506, 1238, 1368
1507, 821, 794
1508, 1369, 802
1509, 806, 791
1510, 791, 803
1511, 776, 797
1512, 795, 776
1513, 783, 790
1514, 805, 783
1515, 790, 830
1516, 830, 843
1517, 810, 805
1518, 798, 772
1519, 772, 1251
1520, 815, 798
1521, 769, 792
1522, 1250, 769
1523, 792, 813
1524, 803, 1240
1525, 1240, 833
1526, 833, 1245
1527, 820, 803
1528, 1239, 800
1529, 841, 832
1530, 832, 1239
1531, 800, 807
1532, 802, 778
1533, 778, 1248
1534, 811, 802
1535, 781, 775
1536, 775, 796
1537, 834, 781
1538, 1241, 834
1539, 796, 809
1540, 804, 786
1541, 786, 835
1542, 808, 804
1543, 779, 784
1544, 801, 779
1545, 784, 831
1546, 831, 1250
1547, 816, 801
1548, 789, 806
1549, 836, 789
1550, 806, 812
1551, 797, 1237
1552, 1237, 1241
1553, 814, 797
1554, 773, 795
1555, 1245, 773
1556, 795, 819
1557, 782, 799
1558, 1243, 782
1559, 799, 817
1560, 813, 828
1561, 1250, 813
1562, 1248, 836
1563, 812, 825
1564, 836, 812
1565, 817, 826
1566, 1243, 817
1567, 823, 815
1568, 815, 1251
1569, 819, 827
1570, 840, 819
1571, 838, 818
1572, 818, 824
1573, 809, 823
1574, 1241, 809
1575, 823, 845
1576, 1370, 811
1577, 811, 1248
1578, 1251, 841
1579, 807, 822
1580, 841, 807
1581, 826, 816
1582, 816, 842
1583, 1244, 826
1584, 827, 814
1585, 814, 1241
1586, 839, 827
1587, 825, 820
1588, 820, 848
1589, 846, 825
1590, 835, 1246
1591, 822, 808
1592, 808, 835
1593, 1242, 822
1594, 843, 849
1595, 824, 810
1596, 810, 843
1597, 837, 824
1598, 828, 821
1599, 821, 1371
1600, 844, 828
1601, 1251, 1242
1602, 1246, 838
1603, 838, 837
1604, 837, 850
1605, 1243, 1244
1606, 854, 844
1607, 844, 1372
1608, 846, 848
1609, 842, 1250
1610, 1244, 842
1611, 866, 1244
1612, 845, 1251
1613, 1373, 1249
1614, 1245, 840
1615, 840, 839
1616, 839, 847
1617, 847, 1241
1618, 863, 847
1619, 850, 851
1620, 864, 850
1621, 1248, 846
1622, 846, 867
1623, 1242, 852
1624, 868, 1242
1625, 1247, 854
1626, 854, 862
1627, 1241, 845
1628, 845, 865
1629, 862, 878
1630, 869, 862
1631, 883, 868
1632, 868, 870
1633, 865, 876
1634, 879, 865
1635, 874, 864
1636, 864, 873
1637, 867, 871
1638, 875, 867
1639, 1374, 881
1640, 880, 863
1641, 863, 877
1642, 872, 866
1643, 866, 882
1644, 855, 880
1645, 880, 889
1646, 878, 1375
1647, 885, 878
1648, 851, 849
1649, 873, 851
1650, 895, 873
1651, 876, 1251
1652, 896, 876
1653, 849, 1243
1654, 1243, 872
1655, 872, 890
1656, 852, 1246
1657, 870, 852
1658, 892, 870
1659, 1246, 874
1660, 874, 905
1661, 856, 1246
1662, 848, 1245
1663, 871, 848
1664, 893, 871
1665, 1247, 869
1666, 869, 884
1667, 1249, 1248
1668, 1248, 875
1669, 875, 899
1670, 881, 1249
1671, 887, 881
1672, 853, 1241
1673, 1241, 879
1674, 879, 886
1675, 877, 853
1676, 894, 877
1677, 882, 1250
1678, 891, 882
1679, 859, 883
1680, 883, 888
1681, 853, 860
1682, 1254, 853
1683, 898, 1376
1684, 1255, 1250
1685, 1250, 1247
1686, 1247, 897
1687, 928, 1250
1688, 860, 919
1689, 904, 860
1690, 1251, 859
1691, 859, 1253
1692, 920, 856
1693, 856, 861
1694, 1256, 1245
1695, 1252, 1251
1696, 1251, 917
1697, 901, 849
1698, 849, 858
1699, 858, 910
1700, 918, 858
1701, 1249, 857
1702, 912, 1249
1703, 857, 916
1704, 922, 857
1705, 1245, 855
1706, 855, 906
1707, 927, 1245
1708, 861, 914
1709, 923, 861
1710, 900, 885
1711, 885, 898
1712, 898, 924
1713, 905, 915
1714, 926, 905
1715, 884, 900
1716, 897, 884
1717, 925, 897
1718, 900, 972
1719, 890, 903
1720, 913, 890
1721, 907, 893
1722, 893, 1256
1723, 909, 896
1724, 896, 1252
1725, 886, 909
1726, 919, 886
1727, 909, 970
1728, 888, 902
1729, 1253, 888
1730, 1377, 887
1731, 887, 912
1732, 911, 894
1733, 894, 1254
1734, 915, 895
1735, 895, 908
1736, 965, 915
1737, 902, 892
1738, 892, 920
1739, 980, 902
1740, 899, 907
1741, 921, 899
1742, 907, 968
1743, 889, 911
1744, 906, 889
1745, 931, 906
1746, 911, 1263
1747, 903, 891
1748, 891, 1255
1749, 1261, 903
1750, 940, 923
1751, 923, 933
1752, 924, 1378
1753, 972, 924
1754, 1260, 972
1755, 941, 928
1756, 928, 942
1757, 935, 1253
1758, 1253, 980
1759, 980, 1442
1760, 930, 918
1761, 918, 932
1762, 1255, 941
1763, 979, 1255
1764, 941, 951
1765, 934, 904
1766, 904, 929
1767, 1252, 938
1768, 970, 1252
1769, 937, 922
1770, 922, 936
1771, 939, 927
1772, 927, 943
1773, 917, 935
1774, 938, 917
1775, 935, 958
1776, 945, 938
1777, 920, 940
1778, 1442, 920
1779, 940, 954
1780, 1254, 934
1781, 973, 1254
1782, 934, 952
1783, 908, 901
1784, 901, 930
1785, 969, 908
1786, 930, 956
1787, 910, 913
1788, 932, 910
1789, 913, 1261
1790, 950, 932
1791, 942, 925
1792, 925, 976
1793, 948, 942
1794, 943, 931
1795, 931, 967
1796, 946, 943
1797, 916, 921
1798, 936, 916
1799, 968, 1257
1800, 921, 968
1801, 955, 936
1802, 1256, 939
1803, 971, 1256
1804, 939, 944
1805, 929, 919
1806, 919, 966
1807, 949, 929
1808, 912, 937
1809, 1379, 912
1810, 937, 953
1811, 914, 926
1812, 933, 914
1813, 926, 965
1814, 965, 969
1815, 947, 933
1816, 969, 1262
1817, 1260, 1380
1818, 983, 970
1819, 970, 945
1820, 945, 963
1821, 956, 960
1822, 986, 956
1823, 959, 947
1824, 947, 1262
1825, 951, 961
1826, 975, 951
1827, 953, 962
1828, 978, 953
1829, 962, 955
1830, 955, 984
1831, 977, 962
1832, 966, 989
1833, 964, 949
1834, 949, 966
1835, 960, 950
1836, 950, 1261
1837, 1258, 960
1838, 954, 959
1839, 1442, 954
1840, 959, 988
1841, 1257, 971
1842, 944, 957
1843, 971, 944
1844, 967, 1263
1845, 957, 946
1846, 946, 967
1847, 987, 957
1848, 1263, 973
1849, 952, 964
1850, 973, 952
1851, 964, 995
1852, 958, 982
1853, 963, 958
1854, 981, 963
1855, 976, 1260
1856, 961, 948
1857, 948, 976
1858, 974, 961
1859, 991, 1260
1860, 988, 994
1861, 1442, 988
1862, 982, 1442
1863, 999, 981
1864, 981, 982
1865, 1262, 986
1866, 986, 1258
1867, 1258, 990
1868, 1018, 1258
1869, 1381, 978
1870, 978, 977
1871, 977, 985
1872, 1002, 987
1873, 987, 1263
1874, 1001, 1002
1875, 1002, 1021
1876, 993, 1382
1877, 985, 984
1878, 1259, 985
1879, 996, 995
1880, 995, 997
1881, 1016, 995
1882, 998, 999
1883, 999, 1014
1884, 994, 1262
1885, 1013, 994
1886, 1261, 979
1887, 979, 975
1888, 975, 974
1889, 974, 991
1890, 991, 1017
1891, 1260, 993
1892, 993, 1383
1893, 1028, 1018
1894, 1018, 1025
1895, 1017, 1020
1896, 1031, 1017
1897, 1023, 1013
1898, 1013, 1027
1899, 1442, 1023
1900, 1023, 1044
1901, 1032, 1259
1902, 1021, 1029
1903, 1030, 1021
1904, 1022, 1016
1905, 1016, 1024
1906, 1014, 1026
1907, 1019, 1014
1908, 1006, 1031
1909, 1031, 1043
1910, 1027, 1262
1911, 1037, 1027
1912, 992, 996
1913, 996, 1022
1914, 1022, 1038
1915, 989, 983
1916, 983, 998
1917, 998, 1019
1918, 1019, 1052
1919, 1010, 1032
1920, 1032, 1034
1921, 997, 989
1922, 1024, 997
1923, 1033, 1024
1924, 989, 1007
1925, 984, 1257
1926, 1257, 1000
1927, 1259, 984
1928, 1045, 1259
1929, 1026, 1442
1930, 1036, 1026
1931, 1020, 1260
1932, 1041, 1020
1933, 1000, 1001
1934, 1001, 1030
1935, 1030, 1040
1936, 1005, 1000
1937, 990, 1261
1938, 1025, 990
1939, 1261, 1003
1940, 1042, 1025
1941, 1029, 1263
1942, 1039, 1029
1943, 1262, 1028
1944, 1028, 1035
1945, 1008, 1058
1946, 1007, 1015
1947, 1264, 1007
1948, 1260, 1008
1949, 1051, 1260
1950, 1008, 1063
1951, 1015, 1071
1952, 1046, 1015
1953, 1072, 1011
1954, 1268, 1442
1955, 1070, 1012
1956, 1011, 1005
1957, 1005, 1056
1958, 1073, 1011
1959, 1004, 1062
1960, 1048, 1009
1961, 1003, 1006
1962, 1006, 1066
1963, 1009, 1003
1964, 1067, 1009
1965, 1384, 1010
1966, 1010, 1266
1967, 1442, 1265
1968, 1061, 1442
1969, 1267, 1262
1970, 1262, 1004
1971, 1004, 1078
1972, 1263, 992
1973, 992, 1057
1974, 1012, 1263
1975, 1054, 1012
1976, 1035, 1050
1977, 1062, 1035
1978, 1049, 1039
1979, 1039, 1075
1980, 1043, 1064
1981, 1066, 1043
1982, 1050, 1042
1983, 1042, 1060
1984, 1116, 1050
1985, 1038, 1047
1986, 1057, 1038
1987, 1074, 1057
1988, 1052, 1059
1989, 1083, 1052
1990, 1040, 1049
1991, 1065, 1040
1992, 1049, 1121
1993, 1053, 1045
1994, 1045, 1079
1995, 1047, 1033
1996, 1033, 1264
1997, 1119, 1047
1998, 1044, 1068
1999, 1265, 1044
2000, 1069, 1385
2001, 1059, 1036
2002, 1036, 1268
2003, 1117, 1059
2004, 1034, 1053
2005, 1266, 1034
2006, 1053, 1120
2007, 1068, 1037
2008, 1037, 1267
2009, 1274, 1068
2010, 1064, 1041
2011, 1041, 1055
2012, 1276, 1064
2013, 1088, 1066
2014, 1066, 1276
2015, 1078, 1090
2016, 1093, 1078
2017, 1071, 1083
2018, 1076, 1071
2019, 1083, 1117
2020, 1117, 1124
2021, 1267, 1093
2022, 1274, 1267
2023, 1093, 1094
2024, 1055, 1051
2025, 1051, 1084
2026, 1276, 1055
2027, 1060, 1048
2028, 1048, 1077
2029, 1269, 1116
2030, 1116, 1060
2031, 1081, 1054
2032, 1054, 1091
2033, 1080, 1046
2034, 1046, 1076
2035, 1076, 1102
2036, 1085, 1061
2037, 1061, 1089
2038, 1077, 1067
2039, 1067, 1088
2040, 1088, 1099
2041, 1108, 1077
2042, 1087, 1073
2043, 1073, 1086
2044, 1090, 1062
2045, 1062, 1269
2046, 1095, 1090
2047, 1058, 1069
2048, 1082, 1058
2049, 1069, 1386
2050, 1264, 1080
2051, 1118, 1264
2052, 1080, 1097
2053, 1089, 1265
2054, 1265, 1274
2055, 1096, 1089
2056, 1075, 1070
2057, 1070, 1081
2058, 1273, 1075
2059, 1081, 1107
2060, 1092, 1266
2061, 1266, 1275
2062, 1091, 1074
2063, 1074, 1119
2064, 1119, 1271
2065, 1101, 1091
2066, 1387, 1092
2067, 1092, 1105
2068, 1079, 1072
2069, 1072, 1087
2070, 1120, 1079
2071, 1275, 1120
2072, 1087, 1103
2073, 1268, 1085
2074, 1124, 1268
2075, 1085, 1098
2076, 1056, 1065
2077, 1086, 1056
2078, 1121, 1273
2079, 1065, 1121
2080, 1100, 1086
2081, 1063, 1082
2082, 1084, 1063
2083, 1104, 1084
2084, 1082, 1106
2085, 1109, 1095
2086, 1095, 1269
2087, 1111, 1096
2088, 1096, 1274
2089, 1123, 1104
2090, 1104, 1112
2091, 1099, 1276
2092, 1113, 1099
2093, 1102, 1124
2094, 1114, 1102
2095, 1103, 1110
2096, 1275, 1103
2097, 1110, 1100
2098, 1100, 1273
2099, 1127, 1110
2100, 1107, 1115
2101, 1273, 1107
2102, 1115, 1101
2103, 1101, 1271
2104, 1272, 1115
2105, 1271, 1118
2106, 1097, 1114
2107, 1118, 1097
2108, 1114, 1133
2109, 1105, 1128
2110, 1388, 1105
2111, 1094, 1109
2112, 1274, 1094
2113, 1109, 1130
2114, 1098, 1111
2115, 1124, 1098
2116, 1111, 1125
2117, 1126, 1108
2118, 1108, 1113
2119, 1113, 1270
2120, 1106, 1389
2121, 1112, 1106
2122, 1122, 1112
2123, 1277, 1126
2124, 1126, 1270
2125, 1275, 1127
2126, 1127, 1136
2127, 1138, 1139
2128, 1274, 1130
2129, 1125, 1274
2130, 1139, 1125
2131, 1147, 1139
2132, 1122, 1390
2133, 1128, 1275
2134, 1391, 1128
2135, 1272, 1271
2136, 1129, 1272
2137, 1272, 1392
2138, 1136, 1135
2139, 1151, 1136
2140, 1134, 1133
2141, 1133, 1131
2142, 1150, 1133
2143, 1270, 1276
2144, 1443, 1270
2145, 1276, 1123
2146, 1123, 1122
2147, 1122, 1393
2148, 1130, 1132
2149, 1394, 1130
2150, 1395, 1142
2151, 1396, 1131
2152, 1397, 1151
2153, 1151, 1398
2154, 1399, 1148
2155, 1400, 1150
2156, 1150, 1401
2157, 1402, 1271
2158, 1149, 1403
2159, 1404, 1275
2160, 1275, 1405
2161, 1271, 1134
2162, 1134, 1406
2163, 1269, 1277
2164, 1132, 1269
2165, 1407, 1132
2166, 1408, 1147
2167, 1147, 1409
2168, 1277, 1410
2169, 1137, 1138
2170, 1138, 1411
2171, 1135, 1273
2172, 1412, 1135
2173, 1273, 1129
2174, 1129, 1413
2175, 1141, 1273
2176, 1274, 1414
2177, 1276, 1149
2178, 1149, 1415
2179, 1145, 1416
2180, 1140, 1417
2181, 1418, 1144
2182, 1131, 1124
2183, 1124, 1137
2184, 1143, 1131
2185, 1137, 1419
2186, 1146, 1420
2187, 1148, 1274
2188, 1421, 1148
2189, 1274, 1145
2190, 1145, 1422
2191, 1423, 1275
2192, 1424, 1271
2193, 1271, 1140
2194, 1140, 1425
2195, 1426, 1143
2196, 1143, 1427
2197, 1275, 1428
2198, 1429, 1275
2199, 1430, 1141
2200, 1141, 1146
2201, 1146, 1431
2202, 1142, 1276
2203, 1432, 1142
2204, 1276, 1433
2205, 1144, 1277
2206, 1277, 1434
2207, 1435, 1144
