1, 828, 6
2, 9, 829
3, 2, 830
4, 831, 3
5, 13, 832
6, 14, 833
7, 834, 12
8, 18, 835
9, 836, 8
10, 1, 837
11, 838, 22
12, 839, 7
13, 5, 840
14, 841, 23
15, 842, 15
16, 843, 19
17, 29, 844
18, 4, 845
19, 846, 16
20, 19, 847
21, 34, 19
22, 914, 20
23, 848, 914
24, 21, 849
25, 6, 5
26, 11, 6
27, 5, 17
28, 915, 11
29, 28, 915
30, 11, 39
31, 3, 4
32, 33, 3
33, 4, 41
34, 8, 2
35, 2, 10
36, 24, 8
37, 20, 25
38, 45, 20
39, 9, 1
40, 1, 32
41, 7, 9
42, 36, 7
43, 9, 44
44, 10, 13
45, 13, 27
46, 56, 10
47, 38, 29
48, 29, 35
49, 15, 38
50, 16, 15
51, 42, 16
52, 38, 794
53, 26, 18
54, 18, 21
55, 21, 52
56, 17, 23
57, 37, 17
58, 25, 14
59, 12, 31
60, 14, 12
61, 40, 25
62, 30, 24
63, 24, 48
64, 27, 26
65, 793, 27
66, 26, 796
67, 31, 28
68, 28, 43
69, 57, 31
70, 22, 30
71, 32, 22
72, 51, 32
73, 30, 46
74, 850, 36
75, 36, 47
76, 23, 33
77, 33, 792
78, 50, 23
79, 49, 851
80, 39, 37
81, 37, 63
82, 792, 62
83, 35, 34
84, 34, 49
85, 795, 35
86, 49, 69
87, 41, 42
88, 62, 41
89, 42, 66
90, 68, 62
91, 43, 39
92, 60, 43
93, 39, 76
94, 53, 45
95, 45, 40
96, 40, 67
97, 56, 793
98, 44, 51
99, 51, 54
100, 52, 53
101, 65, 52
102, 53, 78
103, 47, 44
104, 58, 47
105, 44, 71
106, 48, 56
107, 55, 48
108, 56, 797
109, 66, 794
110, 74, 66
111, 61, 50
112, 50, 792
113, 792, 73
114, 63, 61
115, 80, 63
116, 61, 798
117, 794, 795
118, 89, 794
119, 67, 70
120, 88, 67
121, 46, 55
122, 59, 46
123, 55, 84
124, 793, 796
125, 81, 793
126, 796, 65
127, 65, 86
128, 96, 796
129, 54, 59
130, 77, 54
131, 59, 93
132, 852, 58
133, 58, 64
134, 70, 57
135, 57, 60
136, 60, 83
137, 94, 70
138, 69, 72
139, 795, 69
140, 91, 795
141, 72, 853
142, 113, 72
143, 79, 74
144, 74, 98
145, 82, 88
146, 88, 103
147, 797, 81
148, 81, 102
149, 78, 82
150, 86, 78
151, 99, 86
152, 82, 111
153, 64, 75
154, 916, 64
155, 84, 797
156, 104, 84
157, 797, 110
158, 76, 80
159, 85, 76
160, 80, 90
161, 71, 77
162, 75, 71
163, 77, 92
164, 108, 75
165, 73, 68
166, 68, 79
167, 87, 73
168, 79, 117
169, 83, 85
170, 97, 83
171, 85, 114
172, 95, 89
173, 89, 91
174, 91, 116
175, 90, 798
176, 122, 90
177, 101, 97
178, 97, 121
179, 105, 99
180, 99, 112
181, 103, 94
182, 94, 101
183, 107, 103
184, 101, 134
185, 98, 95
186, 120, 98
187, 95, 140
188, 93, 106
189, 92, 93
190, 100, 92
191, 106, 104
192, 104, 115
193, 128, 106
194, 916, 119
195, 102, 96
196, 96, 105
197, 109, 102
198, 105, 133
199, 798, 87
200, 87, 129
201, 125, 798
202, 114, 122
203, 122, 126
204, 127, 854
205, 121, 114
206, 141, 121
207, 114, 153
208, 129, 130
209, 142, 129
210, 116, 113
211, 113, 127
212, 137, 116
213, 127, 145
214, 110, 109
215, 124, 110
216, 109, 144
217, 117, 120
218, 130, 117
219, 120, 138
220, 157, 130
221, 112, 123
222, 139, 112
223, 118, 108
224, 108, 100
225, 100, 131
226, 115, 124
227, 136, 115
228, 124, 151
229, 111, 107
230, 123, 111
231, 107, 132
232, 149, 123
233, 119, 118
234, 855, 119
235, 118, 154
236, 147, 142
237, 142, 156
238, 138, 140
239, 146, 138
240, 134, 143
241, 132, 134
242, 155, 132
243, 135, 136
244, 136, 148
245, 133, 139
246, 160, 133
247, 139, 163
248, 140, 137
249, 137, 171
250, 799, 140
251, 131, 128
252, 128, 135
253, 159, 131
254, 135, 168
255, 143, 141
256, 141, 150
257, 172, 143
258, 126, 125
259, 125, 147
260, 170, 126
261, 147, 174
262, 856, 164
263, 144, 160
264, 162, 144
265, 160, 169
266, 171, 175
267, 176, 171
268, 145, 857
269, 175, 145
270, 191, 175
271, 157, 146
272, 146, 185
273, 156, 157
274, 181, 156
275, 157, 800
276, 152, 155
277, 155, 179
278, 163, 149
279, 149, 152
280, 177, 163
281, 152, 199
282, 153, 167
283, 150, 153
284, 166, 150
285, 158, 162
286, 162, 178
287, 164, 161
288, 183, 164
289, 167, 170
290, 170, 184
291, 801, 167
292, 151, 158
293, 148, 151
294, 182, 148
295, 158, 192
296, 154, 159
297, 161, 154
298, 159, 165
299, 189, 161
300, 174, 181
301, 180, 174
302, 181, 197
303, 184, 180
304, 200, 184
305, 180, 212
306, 799, 176
307, 176, 190
308, 185, 799
309, 209, 185
310, 799, 205
311, 178, 173
312, 194, 178
313, 179, 186
314, 206, 179
315, 186, 172
316, 172, 166
317, 166, 801
318, 214, 186
319, 187, 182
320, 182, 196
321, 858, 183
322, 183, 202
323, 169, 177
324, 173, 169
325, 177, 198
326, 211, 173
327, 168, 187
328, 165, 168
329, 188, 165
330, 187, 215
331, 195, 859
332, 199, 208
333, 198, 199
334, 210, 198
335, 203, 200
336, 200, 219
337, 190, 191
338, 191, 195
339, 204, 190
340, 195, 228
341, 197, 800
342, 213, 197
343, 800, 209
344, 209, 218
345, 237, 800
346, 801, 203
347, 222, 801
348, 203, 229
349, 202, 193
350, 217, 202
351, 208, 206
352, 206, 225
353, 232, 208
354, 201, 194
355, 194, 231
356, 192, 201
357, 196, 192
358, 216, 196
359, 201, 235
360, 193, 189
361, 189, 188
362, 188, 207
363, 230, 193
364, 218, 223
365, 242, 218
366, 226, 211
367, 211, 210
368, 210, 238
369, 225, 221
370, 236, 225
371, 219, 224
372, 234, 219
373, 205, 204
374, 223, 205
375, 204, 251
376, 255, 223
377, 221, 214
378, 214, 227
379, 249, 221
380, 212, 213
381, 224, 212
382, 213, 240
383, 254, 224
384, 231, 226
385, 243, 231
386, 226, 256
387, 215, 216
388, 220, 215
389, 216, 248
390, 860, 217
391, 217, 239
392, 207, 220
393, 241, 230
394, 230, 207
395, 220, 268
396, 251, 250
397, 267, 251
398, 233, 234
399, 234, 258
400, 240, 237
401, 237, 246
402, 266, 240
403, 238, 244
404, 263, 238
405, 227, 222
406, 229, 233
407, 222, 229
408, 253, 227
409, 233, 802
410, 235, 243
411, 245, 235
412, 243, 252
413, 244, 232
414, 232, 236
415, 236, 260
416, 281, 244
417, 246, 242
418, 242, 257
419, 275, 246
420, 247, 241
421, 241, 277
422, 248, 245
423, 264, 248
424, 245, 271
425, 239, 247
426, 917, 239
427, 247, 282
428, 228, 861
429, 250, 228
430, 276, 250
431, 261, 266
432, 266, 278
433, 257, 255
434, 255, 262
435, 288, 257
436, 262, 267
437, 267, 273
438, 301, 262
439, 260, 259
440, 269, 260
441, 265, 263
442, 263, 293
443, 258, 254
444, 254, 261
445, 274, 258
446, 261, 294
447, 259, 249
448, 249, 253
449, 253, 280
450, 803, 259
451, 268, 272
452, 277, 268
453, 290, 277
454, 272, 264
455, 264, 270
456, 295, 272
457, 917, 287
458, 256, 265
459, 252, 256
460, 284, 252
461, 265, 297
462, 285, 862
463, 278, 275
464, 275, 279
465, 286, 278
466, 273, 276
467, 276, 285
468, 296, 273
469, 285, 322
470, 279, 288
471, 288, 306
472, 317, 279
473, 280, 802
474, 300, 280
475, 283, 284
476, 284, 309
477, 291, 292
478, 271, 283
479, 270, 271
480, 298, 270
481, 283, 320
482, 802, 274
483, 274, 303
484, 319, 802
485, 282, 290
486, 292, 282
487, 290, 307
488, 312, 292
489, 289, 281
490, 281, 269
491, 269, 302
492, 293, 289
493, 304, 293
494, 289, 314
495, 303, 299
496, 318, 303
497, 803, 300
498, 300, 324
499, 297, 304
500, 305, 297
501, 304, 323
502, 306, 308
503, 313, 306
504, 294, 286
505, 299, 294
506, 286, 325
507, 341, 299
508, 308, 301
509, 301, 296
510, 296, 331
511, 335, 308
512, 307, 310
513, 311, 307
514, 309, 305
515, 321, 309
516, 305, 333
517, 287, 291
518, 863, 287
519, 291, 804
520, 310, 295
521, 295, 298
522, 298, 316
523, 336, 310
524, 302, 803
525, 315, 302
526, 803, 339
527, 327, 864
528, 322, 327
529, 331, 322
530, 334, 331
531, 327, 358
532, 326, 319
533, 319, 318
534, 318, 348
535, 314, 315
536, 330, 314
537, 315, 347
538, 325, 329
539, 343, 325
540, 329, 317
541, 317, 313
542, 313, 337
543, 351, 329
544, 804, 312
545, 312, 311
546, 311, 338
547, 805, 804
548, 804, 357
549, 320, 328
550, 316, 320
551, 340, 316
552, 328, 321
553, 321, 332
554, 356, 328
555, 324, 326
556, 346, 324
557, 326, 354
558, 323, 330
559, 342, 323
560, 330, 364
561, 335, 334
562, 334, 352
563, 348, 350
564, 362, 348
565, 337, 335
566, 368, 337
567, 335, 807
568, 345, 336
569, 336, 340
570, 340, 353
571, 333, 344
572, 332, 333
573, 367, 332
574, 344, 342
575, 342, 370
576, 374, 344
577, 347, 349
578, 355, 347
579, 339, 346
580, 349, 339
581, 346, 806
582, 377, 349
583, 350, 341
584, 341, 343
585, 343, 360
586, 373, 350
587, 865, 805
588, 338, 345
589, 363, 338
590, 345, 375
591, 358, 369
592, 352, 358
593, 379, 352
594, 354, 361
595, 806, 354
596, 361, 362
597, 362, 380
598, 392, 361
599, 364, 366
600, 370, 364
601, 372, 370
602, 351, 368
603, 368, 381
604, 369, 866
605, 389, 369
606, 353, 365
607, 385, 353
608, 365, 356
609, 356, 367
610, 367, 371
611, 394, 365
612, 366, 355
613, 355, 388
614, 395, 366
615, 357, 359
616, 805, 357
617, 376, 805
618, 359, 363
619, 363, 386
620, 390, 359
621, 360, 351
622, 384, 360
623, 351, 398
624, 382, 806
625, 806, 399
626, 381, 807
627, 405, 381
628, 807, 379
629, 379, 409
630, 415, 807
631, 383, 384
632, 384, 400
633, 375, 387
634, 386, 375
635, 396, 386
636, 380, 373
637, 373, 383
638, 391, 380
639, 383, 414
640, 867, 376
641, 376, 404
642, 387, 385
643, 385, 397
644, 420, 387
645, 378, 374
646, 374, 372
647, 372, 393
648, 388, 377
649, 377, 382
650, 406, 388
651, 382, 417
652, 371, 378
653, 407, 371
654, 378, 418
655, 409, 402
656, 427, 409
657, 398, 411
658, 400, 398
659, 412, 400
660, 399, 401
661, 421, 399
662, 402, 389
663, 389, 868
664, 436, 402
665, 408, 406
666, 406, 424
667, 401, 392
668, 392, 391
669, 391, 426
670, 433, 401
671, 411, 405
672, 405, 416
673, 438, 411
674, 404, 403
675, 425, 404
676, 403, 390
677, 390, 396
678, 396, 419
679, 449, 403
680, 397, 394
681, 394, 410
682, 808, 397
683, 393, 395
684, 395, 408
685, 413, 393
686, 408, 439
687, 410, 407
688, 407, 428
689, 429, 410
690, 416, 415
691, 415, 423
692, 441, 416
693, 426, 434
694, 431, 426
695, 424, 422
696, 443, 424
697, 428, 418
698, 445, 428
699, 423, 427
700, 427, 432
701, 453, 423
702, 419, 420
703, 420, 430
704, 437, 419
705, 430, 808
706, 809, 430
707, 869, 425
708, 425, 451
709, 417, 421
710, 422, 417
711, 421, 444
712, 460, 422
713, 418, 413
714, 413, 446
715, 810, 418
716, 414, 412
717, 434, 414
718, 412, 435
719, 461, 434
720, 447, 433
721, 433, 431
722, 431, 811
723, 438, 441
724, 441, 454
725, 439, 443
726, 448, 439
727, 443, 450
728, 808, 429
729, 429, 440
730, 464, 808
731, 440, 445
732, 445, 462
733, 468, 440
734, 442, 870
735, 435, 438
736, 458, 435
737, 438, 470
738, 446, 448
739, 466, 446
740, 448, 481
741, 451, 452
742, 456, 451
743, 444, 447
744, 463, 444
745, 447, 465
746, 452, 449
747, 449, 437
748, 437, 459
749, 472, 452
750, 432, 436
751, 436, 442
752, 455, 432
753, 442, 474
754, 811, 461
755, 467, 460
756, 460, 463
757, 463, 479
758, 450, 467
759, 480, 450
760, 467, 491
761, 457, 455
762, 455, 477
763, 810, 466
764, 466, 482
765, 871, 456
766, 456, 473
767, 809, 464
768, 464, 471
769, 459, 809
770, 478, 459
771, 809, 813
772, 461, 458
773, 458, 469
774, 493, 461
775, 454, 453
776, 453, 457
777, 483, 454
778, 457, 501
779, 462, 810
780, 488, 462
781, 810, 484
782, 479, 475
783, 500, 479
784, 486, 483
785, 483, 489
786, 465, 811
787, 475, 465
788, 811, 497
789, 512, 475
790, 474, 490
791, 477, 474
792, 812, 477
793, 485, 488
794, 488, 499
795, 487, 480
796, 480, 498
797, 471, 468
798, 468, 485
799, 494, 471
800, 485, 513
801, 490, 872
802, 509, 490
803, 470, 486
804, 469, 470
805, 495, 469
806, 486, 506
807, 473, 476
808, 507, 473
809, 476, 472
810, 472, 478
811, 478, 496
812, 517, 476
813, 481, 487
814, 482, 481
815, 492, 482
816, 487, 504
817, 505, 493
818, 493, 495
819, 495, 518
820, 501, 812
821, 491, 508
822, 498, 491
823, 503, 498
824, 484, 492
825, 502, 484
826, 492, 520
827, 489, 501
828, 515, 489
829, 501, 533
830, 496, 813
831, 527, 496
832, 508, 500
833, 500, 511
834, 528, 508
835, 497, 505
836, 521, 497
837, 505, 522
838, 873, 507
839, 507, 525
840, 499, 502
841, 516, 499
842, 502, 542
843, 813, 494
844, 494, 531
845, 529, 813
846, 524, 509
847, 509, 874
848, 519, 521
849, 521, 544
850, 506, 514
851, 518, 506
852, 526, 518
853, 511, 512
854, 512, 519
855, 532, 511
856, 519, 552
857, 520, 510
858, 538, 520
859, 812, 524
860, 545, 812
861, 524, 551
862, 504, 503
863, 510, 504
864, 503, 543
865, 553, 510
866, 523, 527
867, 527, 539
868, 525, 517
869, 517, 523
870, 537, 525
871, 523, 815
872, 513, 516
873, 530, 513
874, 516, 534
875, 531, 530
876, 535, 531
877, 530, 558
878, 514, 515
879, 515, 536
880, 550, 514
881, 533, 546
882, 536, 533
883, 814, 536
884, 546, 545
885, 545, 554
886, 565, 546
887, 543, 541
888, 560, 543
889, 542, 538
890, 538, 555
891, 544, 540
892, 549, 544
893, 529, 535
894, 535, 559
895, 875, 537
896, 537, 548
897, 522, 526
898, 540, 522
899, 526, 547
900, 575, 540
901, 539, 529
902, 562, 539
903, 529, 816
904, 534, 542
905, 564, 534
906, 542, 817
907, 541, 528
908, 528, 532
909, 532, 557
910, 566, 541
911, 569, 876
912, 551, 569
913, 554, 551
914, 567, 554
915, 569, 592
916, 561, 560
917, 560, 563
918, 547, 550
919, 550, 814
920, 580, 547
921, 552, 556
922, 557, 552
923, 573, 557
924, 568, 564
925, 564, 572
926, 814, 582
927, 588, 814
928, 815, 562
929, 562, 570
930, 548, 815
931, 877, 548
932, 815, 599
933, 555, 553
934, 553, 561
935, 579, 555
936, 561, 586
937, 558, 568
938, 559, 558
939, 571, 559
940, 568, 577
941, 556, 549
942, 549, 578
943, 594, 556
944, 576, 565
945, 565, 567
946, 567, 585
947, 578, 575
948, 575, 581
949, 587, 578
950, 582, 576
951, 593, 582
952, 576, 608
953, 574, 573
954, 573, 584
955, 581, 580
956, 580, 589
957, 819, 581
958, 816, 571
959, 571, 597
960, 570, 816
961, 818, 570
962, 816, 604
963, 563, 566
964, 566, 574
965, 590, 563
966, 574, 618
967, 878, 601
968, 572, 817
969, 583, 572
970, 817, 579
971, 579, 591
972, 606, 817
973, 585, 596
974, 609, 585
975, 591, 602
976, 610, 591
977, 589, 588
978, 588, 595
979, 615, 589
980, 600, 587
981, 587, 607
982, 595, 593
983, 821, 595
984, 599, 603
985, 601, 599
986, 611, 601
987, 597, 598
988, 612, 597
989, 603, 818
990, 628, 603
991, 577, 583
992, 598, 577
993, 583, 619
994, 623, 598
995, 586, 590
996, 602, 586
997, 590, 613
998, 624, 602
999, 592, 879
1000, 596, 592
1001, 820, 596
1002, 584, 594
1003, 594, 600
1004, 616, 584
1005, 600, 621
1006, 593, 617
1007, 635, 593
1008, 614, 610
1009, 610, 632
1010, 613, 620
1011, 640, 613
1012, 607, 819
1013, 626, 607
1014, 819, 615
1015, 615, 636
1016, 642, 819
1017, 619, 606
1018, 606, 614
1019, 625, 619
1020, 614, 645
1021, 604, 605
1022, 818, 604
1023, 629, 818
1024, 880, 611
1025, 611, 630
1026, 605, 612
1027, 612, 622
1028, 822, 605
1029, 618, 616
1030, 620, 618
1031, 616, 638
1032, 641, 620
1033, 608, 609
1034, 617, 608
1035, 609, 627
1036, 637, 617
1037, 621, 626
1038, 634, 621
1039, 626, 653
1040, 821, 635
1041, 635, 656
1042, 627, 820
1043, 646, 627
1044, 631, 625
1045, 625, 648
1046, 643, 640
1047, 640, 655
1048, 820, 881
1049, 665, 820
1050, 632, 624
1051, 624, 643
1052, 651, 632
1053, 643, 662
1054, 638, 634
1055, 644, 638
1056, 634, 661
1057, 636, 821
1058, 639, 636
1059, 821, 659
1060, 633, 628
1061, 628, 629
1062, 629, 649
1063, 622, 623
1064, 623, 631
1065, 647, 622
1066, 631, 660
1067, 630, 633
1068, 918, 630
1069, 633, 823
1070, 657, 642
1071, 642, 639
1072, 639, 663
1073, 655, 652
1074, 664, 655
1075, 654, 637
1076, 637, 646
1077, 646, 677
1078, 652, 641
1079, 641, 644
1080, 644, 658
1081, 693, 652
1082, 656, 654
1083, 670, 656
1084, 654, 683
1085, 653, 657
1086, 674, 653
1087, 657, 684
1088, 650, 651
1089, 651, 673
1090, 918, 824
1091, 822, 647
1092, 647, 669
1093, 645, 650
1094, 648, 645
1095, 668, 648
1096, 650, 825
1097, 649, 822
1098, 671, 649
1099, 822, 682
1100, 662, 664
1101, 672, 662
1102, 664, 691
1103, 659, 670
1104, 666, 659
1105, 670, 679
1106, 675, 665
1107, 665, 882
1108, 676, 674
1109, 674, 685
1110, 677, 675
1111, 680, 677
1112, 675, 826
1113, 667, 668
1114, 668, 687
1115, 663, 666
1116, 688, 663
1117, 666, 695
1118, 824, 823
1119, 673, 672
1120, 678, 673
1121, 672, 704
1122, 661, 676
1123, 658, 661
1124, 681, 658
1125, 676, 702
1126, 823, 671
1127, 671, 686
1128, 697, 823
1129, 660, 667
1130, 669, 660
1131, 692, 669
1132, 667, 698
1133, 690, 680
1134, 680, 701
1135, 825, 678
1136, 678, 700
1137, 694, 688
1138, 688, 703
1139, 682, 689
1140, 686, 682
1141, 696, 686
1142, 691, 693
1143, 713, 691
1144, 883, 824
1145, 824, 699
1146, 687, 825
1147, 827, 687
1148, 825, 712
1149, 693, 681
1150, 681, 705
1151, 714, 693
1152, 683, 690
1153, 679, 683
1154, 709, 679
1155, 690, 717
1156, 689, 692
1157, 722, 689
1158, 684, 694
1159, 685, 684
1160, 716, 685
1161, 694, 723
1162, 695, 708
1163, 703, 695
1164, 731, 703
1165, 705, 706
1166, 721, 705
1167, 702, 716
1168, 706, 702
1169, 716, 726
1170, 733, 706
1171, 701, 826
1172, 720, 701
1173, 704, 710
1174, 700, 704
1175, 715, 700
1176, 708, 709
1177, 709, 718
1178, 749, 708
1179, 698, 707
1180, 692, 698
1181, 729, 692
1182, 711, 697
1183, 697, 696
1184, 696, 724
1185, 699, 711
1186, 884, 699
1187, 711, 739
1188, 707, 827
1189, 746, 707
1190, 710, 713
1191, 713, 732
1192, 736, 710
1193, 826, 885
1194, 735, 826
1195, 712, 715
1196, 719, 712
1197, 715, 742
1198, 726, 730
1199, 738, 726
1200, 725, 720
1201, 720, 750
1202, 732, 727
1203, 751, 732
1204, 717, 725
1205, 718, 717
1206, 743, 718
1207, 725, 755
1208, 728, 722
1209, 722, 729
1210, 729, 748
1211, 827, 719
1212, 734, 827
1213, 719, 758
1214, 727, 714
1215, 714, 721
1216, 721, 737
1217, 763, 727
1218, 886, 745
1219, 723, 731
1220, 730, 723
1221, 731, 752
1222, 769, 730
1223, 724, 728
1224, 747, 724
1225, 728, 764
1226, 750, 744
1227, 757, 750
1228, 752, 749
1229, 749, 753
1230, 766, 752
1231, 748, 756
1232, 771, 748
1233, 741, 738
1234, 738, 774
1235, 753, 743
1236, 743, 765
1237, 779, 753
1238, 742, 740
1239, 762, 742
1240, 739, 754
1241, 745, 739
1242, 887, 745
1243, 744, 735
1244, 735, 888
1245, 786, 744
1246, 754, 747
1247, 747, 760
1248, 782, 754
1249, 756, 746
1250, 746, 734
1251, 734, 759
1252, 768, 756
1253, 740, 736
1254, 736, 751
1255, 751, 773
1256, 920, 740
1257, 737, 733
1258, 733, 741
1259, 761, 737
1260, 741, 777
1261, 776, 763
1262, 763, 761
1263, 761, 778
1264, 769, 766
1265, 766, 775
1266, 755, 757
1267, 767, 755
1268, 757, 889
1269, 765, 767
1270, 789, 765
1271, 767, 890
1272, 770, 762
1273, 762, 891
1274, 764, 772
1275, 760, 764
1276, 783, 760
1277, 774, 769
1278, 784, 774
1279, 769, 892
1280, 773, 776
1281, 780, 773
1282, 776, 893
1283, 894, 788
1284, 758, 770
1285, 759, 758
1286, 787, 759
1287, 770, 895
1288, 772, 771
1289, 771, 790
1290, 896, 772
1291, 777, 784
1292, 785, 777
1293, 784, 897
1294, 919, 786
1295, 786, 898
1296, 899, 919
1297, 791, 779
1298, 779, 789
1299, 789, 900
1300, 920, 780
1301, 780, 901
1302, 778, 785
1303, 902, 778
1304, 785, 903
1305, 904, 782
1306, 782, 783
1307, 783, 905
1308, 781, 787
1309, 787, 906
1310, 907, 920
1311, 775, 791
1312, 908, 775
1313, 791, 909
1314, 790, 768
1315, 768, 781
1316, 910, 790
1317, 781, 911
1318, 788, 912
1319, 913, 788
