1, 560, 5
2, 561, 6
3, 562, 2
4, 12, 563
5, 3, 564
6, 565, 11
7, 28, 566
8, 4, 567
9, 9, 568
10, 569, 1
11, 22, 570
12, 571, 10
13, 8, 572
14, 573, 7
15, 17, 574
16, 2, 3
17, 20, 2
18, 3, 29
19, 6, 575
20, 27, 6
21, 11, 4
22, 15, 11
23, 4, 26
24, 630, 631
25, 7, 630
26, 631, 19
27, 35, 7
28, 10, 9
29, 9, 24
30, 13, 10
31, 5, 12
32, 12, 16
33, 576, 8
34, 8, 23
35, 577, 5
36, 18, 578
37, 5, 32
38, 1, 632
39, 632, 21
40, 14, 1
41, 19, 27
42, 27, 47
43, 41, 19
44, 26, 17
45, 17, 42
46, 44, 26
47, 16, 20
48, 20, 37
49, 36, 16
50, 21, 18
51, 18, 33
52, 40, 21
53, 25, 22
54, 22, 14
55, 14, 34
56, 29, 28
57, 28, 30
58, 39, 29
59, 23, 13
60, 13, 48
61, 31, 23
62, 24, 25
63, 43, 24
64, 25, 49
65, 30, 15
66, 15, 38
67, 52, 30
68, 46, 41
69, 41, 64
70, 47, 579
71, 55, 47
72, 38, 44
73, 44, 58
74, 61, 38
75, 42, 35
76, 35, 46
77, 51, 42
78, 46, 71
79, 45, 36
80, 36, 63
81, 48, 43
82, 53, 48
83, 43, 62
84, 34, 40
85, 40, 59
86, 50, 34
87, 37, 39
88, 57, 37
89, 39, 65
90, 580, 31
91, 31, 54
92, 32, 45
93, 33, 32
94, 56, 33
95, 45, 67
96, 64, 55
97, 69, 64
98, 55, 73
99, 58, 51
100, 75, 58
101, 51, 76
102, 66, 52
103, 52, 61
104, 61, 77
105, 49, 50
106, 60, 49
107, 50, 80
108, 63, 57
109, 83, 63
110, 57, 78
111, 65, 66
112, 82, 65
113, 66, 97
114, 54, 53
115, 53, 74
116, 72, 54
117, 62, 60
118, 79, 62
119, 60, 88
120, 59, 56
121, 70, 59
122, 56, 68
123, 73, 581
124, 89, 73
125, 77, 75
126, 75, 101
127, 91, 77
128, 78, 82
129, 96, 78
130, 82, 87
131, 67, 84
132, 68, 67
133, 93, 68
134, 74, 79
135, 98, 74
136, 79, 94
137, 80, 70
138, 86, 80
139, 70, 92
140, 84, 83
141, 83, 85
142, 107, 84
143, 71, 81
144, 76, 71
145, 103, 76
146, 582, 72
147, 72, 95
148, 81, 69
149, 69, 90
150, 102, 81
151, 101, 103
152, 106, 101
153, 103, 108
154, 85, 96
155, 96, 120
156, 109, 85
157, 92, 93
158, 93, 115
159, 118, 92
160, 97, 91
161, 100, 97
162, 91, 113
163, 87, 100
164, 116, 87
165, 100, 548
166, 90, 89
167, 89, 114
168, 105, 90
169, 95, 98
170, 98, 117
171, 104, 95
172, 94, 99
173, 110, 94
174, 88, 86
175, 99, 88
176, 86, 119
177, 122, 99
178, 114, 583
179, 124, 114
180, 111, 102
181, 102, 105
182, 105, 131
183, 108, 111
184, 123, 108
185, 111, 137
186, 113, 106
187, 106, 125
188, 136, 113
189, 112, 107
190, 107, 109
191, 109, 135
192, 119, 118
193, 118, 130
194, 121, 119
195, 117, 110
196, 126, 117
197, 110, 134
198, 120, 116
199, 129, 120
200, 116, 132
201, 115, 112
202, 128, 115
203, 112, 139
204, 584, 104
205, 104, 127
206, 125, 123
207, 123, 144
208, 147, 125
209, 131, 124
210, 124, 143
211, 140, 131
212, 135, 129
213, 150, 135
214, 129, 148
215, 130, 128
216, 149, 130
217, 128, 145
218, 127, 126
219, 126, 146
220, 153, 127
221, 548, 136
222, 136, 138
223, 133, 122
224, 122, 121
225, 121, 151
226, 134, 133
227, 154, 134
228, 133, 157
229, 132, 548
230, 141, 132
231, 548, 549
232, 138, 147
233, 147, 163
234, 165, 138
235, 137, 140
236, 152, 137
237, 140, 155
238, 143, 585
239, 162, 143
240, 142, 150
241, 150, 170
242, 139, 142
243, 145, 139
244, 166, 145
245, 142, 551
246, 146, 154
247, 168, 146
248, 154, 167
249, 144, 152
250, 158, 144
251, 152, 550
252, 148, 141
253, 161, 148
254, 141, 159
255, 586, 153
256, 153, 160
257, 151, 149
258, 149, 164
259, 156, 151
260, 155, 162
261, 175, 155
262, 162, 183
263, 163, 158
264, 179, 163
265, 158, 181
266, 164, 166
267, 166, 173
268, 177, 164
269, 170, 161
270, 176, 170
271, 161, 171
272, 159, 549
273, 172, 159
274, 160, 168
275, 168, 182
276, 587, 160
277, 157, 156
278, 169, 157
279, 156, 174
280, 167, 169
281, 178, 167
282, 169, 188
283, 549, 165
284, 165, 180
285, 552, 549
286, 550, 175
287, 175, 196
288, 171, 172
289, 199, 171
290, 172, 189
291, 180, 179
292, 179, 184
293, 195, 180
294, 183, 633
295, 193, 183
296, 551, 176
297, 176, 186
298, 174, 177
299, 177, 198
300, 190, 174
301, 182, 178
302, 185, 182
303, 178, 191
304, 181, 550
305, 192, 181
306, 550, 208
307, 173, 551
308, 194, 173
309, 551, 207
310, 588, 187
311, 196, 193
312, 214, 196
313, 193, 209
314, 188, 190
315, 197, 188
316, 190, 213
317, 552, 195
318, 195, 215
319, 198, 194
320, 205, 198
321, 194, 206
322, 186, 199
323, 199, 200
324, 201, 186
325, 184, 192
326, 211, 184
327, 192, 203
328, 191, 197
329, 202, 191
330, 197, 232
331, 187, 185
332, 185, 216
333, 210, 187
334, 189, 552
335, 204, 189
336, 552, 221
337, 203, 212
338, 218, 203
339, 208, 214
340, 212, 208
341, 214, 229
342, 239, 212
343, 209, 589
344, 223, 209
345, 200, 204
346, 219, 200
347, 204, 225
348, 215, 211
349, 217, 215
350, 211, 222
351, 206, 207
352, 233, 206
353, 213, 205
354, 224, 213
355, 205, 230
356, 216, 202
357, 202, 228
358, 231, 216
359, 590, 210
360, 210, 227
361, 207, 201
362, 201, 220
363, 242, 207
364, 229, 223
365, 235, 229
366, 223, 249
367, 220, 219
368, 219, 240
369, 245, 220
370, 230, 233
371, 233, 251
372, 248, 230
373, 221, 226
374, 225, 221
375, 236, 225
376, 226, 217
377, 217, 241
378, 253, 226
379, 222, 218
380, 218, 238
381, 247, 222
382, 234, 224
383, 224, 243
384, 232, 234
385, 228, 232
386, 244, 228
387, 234, 553
388, 227, 231
389, 231, 237
390, 246, 227
391, 249, 591
392, 257, 249
393, 240, 236
394, 261, 240
395, 236, 258
396, 241, 247
397, 255, 241
398, 247, 262
399, 243, 248
400, 248, 263
401, 252, 243
402, 242, 245
403, 245, 264
404, 251, 242
405, 266, 251
406, 242, 279
407, 238, 239
408, 239, 250
409, 256, 238
410, 237, 244
411, 244, 267
412, 259, 237
413, 592, 246
414, 246, 265
415, 250, 235
416, 235, 254
417, 275, 250
418, 254, 257
419, 257, 285
420, 274, 254
421, 262, 256
422, 269, 262
423, 256, 273
424, 553, 252
425, 252, 271
426, 264, 261
427, 261, 270
428, 281, 264
429, 267, 553
430, 277, 267
431, 553, 286
432, 265, 259
433, 259, 284
434, 278, 265
435, 263, 266
436, 272, 263
437, 266, 268
438, 258, 260
439, 282, 258
440, 260, 253
441, 253, 255
442, 255, 276
443, 293, 260
444, 270, 282
445, 302, 270
446, 282, 289
447, 285, 593
448, 294, 285
449, 279, 283
450, 268, 279
451, 288, 268
452, 276, 269
453, 269, 291
454, 297, 276
455, 273, 280
456, 292, 273
457, 283, 281
458, 281, 298
459, 309, 283
460, 271, 272
461, 287, 271
462, 272, 290
463, 284, 277
464, 277, 299
465, 295, 284
466, 594, 278
467, 278, 300
468, 280, 275
469, 275, 274
470, 274, 296
471, 306, 280
472, 296, 294
473, 294, 305
474, 320, 296
475, 289, 301
476, 307, 289
477, 298, 302
478, 302, 318
479, 321, 298
480, 301, 293
481, 293, 297
482, 297, 317
483, 326, 301
484, 291, 292
485, 313, 291
486, 292, 311
487, 286, 287
488, 303, 286
489, 287, 308
490, 300, 295
491, 295, 304
492, 312, 300
493, 299, 303
494, 319, 299
495, 303, 323
496, 290, 288
497, 288, 315
498, 310, 290
499, 316, 306
500, 306, 320
501, 320, 333
502, 318, 307
503, 307, 335
504, 324, 318
505, 308, 310
506, 330, 308
507, 310, 325
508, 315, 309
509, 309, 314
510, 322, 315
511, 314, 321
512, 321, 337
513, 348, 314
514, 311, 316
515, 328, 311
516, 316, 345
517, 304, 319
518, 338, 304
519, 319, 339
520, 595, 312
521, 312, 332
522, 317, 313
523, 327, 317
524, 313, 329
525, 305, 596
526, 331, 305
527, 337, 324
528, 324, 353
529, 346, 337
530, 333, 331
531, 350, 333
532, 331, 347
533, 329, 328
534, 328, 352
535, 355, 329
536, 332, 338
537, 338, 341
538, 349, 332
539, 325, 322
540, 344, 325
541, 322, 343
542, 339, 334
543, 340, 339
544, 323, 330
545, 334, 323
546, 330, 351
547, 369, 334
548, 335, 336
549, 358, 335
550, 336, 326
551, 326, 327
552, 327, 342
553, 361, 336
554, 347, 597
555, 367, 347
556, 356, 350
557, 350, 357
558, 353, 358
559, 375, 353
560, 358, 359
561, 354, 348
562, 348, 346
563, 346, 372
564, 345, 356
565, 352, 345
566, 366, 352
567, 356, 387
568, 341, 340
569, 373, 341
570, 340, 370
571, 343, 354
572, 365, 343
573, 354, 376
574, 351, 344
575, 344, 364
576, 360, 351
577, 342, 355
578, 355, 363
579, 362, 342
580, 598, 349
581, 349, 371
582, 372, 375
583, 375, 384
584, 393, 372
585, 363, 366
586, 366, 378
587, 382, 363
588, 368, 362
589, 362, 385
590, 357, 367
591, 367, 390
592, 389, 357
593, 364, 365
594, 365, 380
595, 383, 364
596, 371, 373
597, 373, 386
598, 634, 371
599, 370, 374
600, 381, 370
601, 374, 369
602, 369, 360
603, 360, 377
604, 395, 374
605, 359, 361
606, 361, 368
607, 379, 359
608, 368, 554
609, 385, 382
610, 382, 399
611, 401, 385
612, 387, 389
613, 391, 387
614, 389, 404
615, 390, 599
616, 398, 390
617, 388, 393
618, 393, 402
619, 384, 379
620, 407, 384
621, 379, 396
622, 376, 388
623, 380, 376
624, 397, 380
625, 388, 555
626, 386, 381
627, 408, 386
628, 381, 405
629, 377, 383
630, 383, 400
631, 392, 377
632, 634, 403
633, 378, 391
634, 394, 378
635, 391, 413
636, 404, 398
637, 420, 404
638, 398, 419
639, 399, 394
640, 422, 399
641, 394, 416
642, 400, 397
643, 397, 417
644, 409, 400
645, 402, 407
646, 414, 402
647, 407, 412
648, 554, 401
649, 401, 423
650, 396, 554
651, 411, 396
652, 554, 429
653, 403, 408
654, 408, 415
655, 600, 403
656, 405, 406
657, 418, 405
658, 406, 395
659, 395, 392
660, 392, 410
661, 427, 406
662, 419, 601
663, 439, 419
664, 412, 411
665, 430, 412
666, 411, 434
667, 423, 422
668, 422, 426
669, 436, 423
670, 413, 421
671, 416, 413
672, 435, 416
673, 417, 555
674, 438, 417
675, 410, 409
676, 409, 437
677, 424, 410
678, 415, 418
679, 425, 415
680, 418, 431
681, 602, 428
682, 555, 414
683, 414, 432
684, 445, 555
685, 421, 420
686, 420, 440
687, 444, 421
688, 440, 439
689, 439, 458
690, 455, 440
691, 426, 435
692, 448, 426
693, 435, 449
694, 437, 438
695, 438, 457
696, 441, 437
697, 432, 430
698, 430, 442
699, 450, 432
700, 434, 433
701, 446, 434
702, 431, 427
703, 454, 431
704, 427, 424
705, 424, 443
706, 456, 427
707, 428, 425
708, 425, 447
709, 603, 428
710, 429, 436
711, 433, 429
712, 436, 453
713, 556, 433
714, 458, 604
715, 466, 458
716, 443, 441
717, 441, 473
718, 468, 443
719, 451, 455
720, 455, 467
721, 449, 444
722, 444, 451
723, 459, 449
724, 451, 477
725, 442, 446
726, 470, 442
727, 446, 471
728, 447, 454
729, 454, 461
730, 460, 447
731, 457, 452
732, 463, 457
733, 452, 445
734, 445, 450
735, 450, 472
736, 478, 452
737, 453, 448
738, 448, 469
739, 465, 453
740, 605, 464
741, 472, 470
742, 470, 484
743, 480, 472
744, 467, 466
745, 466, 487
746, 479, 467
747, 556, 465
748, 465, 483
749, 469, 459
750, 459, 481
751, 474, 469
752, 471, 556
753, 482, 471
754, 556, 558
755, 464, 460
756, 460, 475
757, 486, 464
758, 473, 463
759, 485, 473
760, 463, 557
761, 461, 456
762, 456, 462
763, 476, 461
764, 462, 468
765, 468, 488
766, 491, 462
767, 477, 489
768, 481, 477
769, 500, 481
770, 487, 606
771, 502, 487
772, 484, 482
773, 504, 484
774, 482, 498
775, 483, 474
776, 501, 483
777, 474, 496
778, 505, 557
779, 557, 478
780, 478, 480
781, 480, 490
782, 514, 557
783, 488, 485
784, 485, 495
785, 497, 488
786, 607, 486
787, 486, 503
788, 489, 479
789, 479, 494
790, 506, 489
791, 475, 476
792, 493, 475
793, 476, 492
794, 558, 501
795, 501, 511
796, 494, 502
797, 502, 521
798, 516, 494
799, 499, 497
800, 497, 507
801, 495, 505
802, 505, 523
803, 515, 495
804, 490, 504
805, 504, 512
806, 508, 490
807, 498, 558
808, 518, 498
809, 558, 559
810, 492, 491
811, 491, 499
812, 509, 492
813, 499, 529
814, 503, 493
815, 517, 503
816, 493, 510
817, 496, 500
818, 500, 513
819, 520, 496
820, 521, 608
821, 534, 521
822, 511, 520
823, 531, 511
824, 520, 532
825, 519, 506
826, 506, 516
827, 516, 537
828, 522, 514
829, 514, 508
830, 508, 525
831, 512, 518
832, 526, 512
833, 518, 536
834, 513, 519
835, 533, 513
836, 519, 544
837, 507, 515
838, 530, 507
839, 515, 535
840, 510, 509
841, 509, 528
842, 527, 510
843, 609, 517
844, 517, 524
845, 523, 522
846, 538, 523
847, 522, 610
848, 537, 534
849, 534, 542
850, 611, 537
851, 532, 533
852, 545, 532
853, 533, 612
854, 559, 531
855, 531, 546
856, 528, 539
857, 541, 528
858, 535, 538
859, 547, 535
860, 538, 613
861, 525, 526
862, 614, 525
863, 526, 636
864, 529, 530
865, 539, 529
866, 530, 543
867, 615, 539
868, 524, 527
869, 527, 635
870, 540, 524
871, 536, 559
872, 616, 536
873, 559, 617
874, 542, 618
875, 619, 542
876, 544, 620
877, 621, 544
878, 635, 541
879, 541, 622
880, 543, 547
881, 547, 623
882, 624, 543
883, 546, 545
884, 545, 625
885, 626, 546
886, 636, 627
887, 628, 540
888, 540, 629
