1, 1032, 1
2, 4, 1033
3, 1034, 6
4, 801, 1035
5, 805, 1036
6, 1037, 9
7, 807, 1038
8, 1039, 806
9, 1040, 805
10, 10, 1041
11, 810, 1042
12, 1043, 4
13, 4, 13
14, 11, 1044
15, 1045, 11
16, 1, 1046
17, 799, 1
18, 1047, 800
19, 797, 1048
20, 1049, 5
21, 6, 1050
22, 798, 6
23, 1051, 802
24, 800, 1052
25, 809, 1053
26, 1054, 2
27, 1055, 3
28, 1056, 803
29, 808, 1057
30, 802, 1058
31, 1059, 7
32, 1060, 808
33, 8, 1061
34, 803, 1062
35, 1063, 809
36, 1064, 797
37, 2, 1065
38, 12, 2
39, 1066, 810
40, 796, 1067
41, 11, 1068
42, 810, 14
43, 796, 810
44, 809, 12
45, 12, 797
46, 9, 796
47, 805, 9
48, 801, 798
49, 15, 799
50, 797, 800
51, 799, 16
52, 18, 799
53, 800, 802
54, 7, 801
55, 802, 7
56, 808, 803
57, 3, 8
58, 1069, 3
59, 8, 804
60, 804, 808
61, 803, 809
62, 17, 803
63, 807, 806
64, 5, 807
65, 798, 5
66, 806, 10
67, 10, 805
68, 47, 18
69, 18, 36
70, 16, 11
71, 11, 24
72, 21, 16
73, 13, 15
74, 14, 13
75, 35, 14
76, 15, 45
77, 805, 41
78, 44, 805
79, 53, 806
80, 806, 29
81, 51, 802
82, 802, 48
83, 23, 798
84, 798, 28
85, 807, 49
86, 37, 807
87, 801, 40
88, 33, 801
89, 54, 797
90, 797, 38
91, 39, 800
92, 800, 52
93, 43, 12
94, 12, 31
95, 30, 17
96, 17, 27
97, 808, 32
98, 19, 808
99, 809, 42
100, 22, 809
101, 46, 804
102, 804, 20
103, 796, 26
104, 50, 796
105, 810, 25
106, 34, 810
107, 41, 50
108, 823, 41
109, 50, 816
110, 26, 34
111, 816, 26
112, 34, 56
113, 40, 23
114, 23, 811
115, 812, 40
116, 38, 39
117, 821, 38
118, 39, 822
119, 28, 37
120, 811, 28
121, 37, 55
122, 49, 53
123, 53, 819
124, 55, 49
125, 63, 55
126, 25, 35
127, 35, 59
128, 56, 25
129, 817, 56
130, 52, 51
131, 51, 58
132, 822, 52
133, 42, 43
134, 43, 820
135, 814, 42
136, 31, 54
137, 54, 821
138, 820, 31
139, 20, 19
140, 19, 824
141, 815, 20
142, 48, 33
143, 62, 48
144, 33, 812
145, 36, 21
146, 61, 36
147, 21, 818
148, 24, 1070
149, 60, 24
150, 1071, 46
151, 46, 815
152, 32, 30
153, 30, 825
154, 824, 32
155, 27, 22
156, 825, 27
157, 22, 814
158, 29, 44
159, 44, 57
160, 819, 29
161, 45, 47
162, 47, 66
163, 59, 45
164, 65, 60
165, 60, 1072
166, 66, 61
167, 61, 818
168, 62, 813
169, 812, 69
170, 813, 812
171, 64, 68
172, 811, 63
173, 57, 823
174, 819, 57
175, 824, 825
176, 821, 822
177, 58, 62
178, 822, 58
179, 825, 814
180, 814, 820
181, 1073, 815
182, 815, 824
183, 67, 821
184, 823, 816
185, 817, 59
186, 63, 819
187, 816, 817
188, 70, 816
189, 816, 105
190, 817, 95
191, 101, 817
192, 68, 66
193, 66, 98
194, 79, 68
195, 818, 65
196, 65, 102
197, 93, 818
198, 88, 63
199, 63, 91
200, 62, 103
201, 97, 62
202, 104, 813
203, 813, 90
204, 819, 73
205, 84, 819
206, 820, 67
207, 96, 820
208, 67, 92
209, 821, 82
210, 71, 821
211, 81, 822
212, 822, 72
213, 75, 823
214, 823, 74
215, 59, 64
216, 64, 76
217, 85, 59
218, 87, 815
219, 815, 77
220, 824, 86
221, 78, 824
222, 83, 814
223, 814, 100
224, 94, 825
225, 825, 89
226, 69, 811
227, 99, 69
228, 811, 80
229, 73, 75
230, 836, 73
231, 75, 838
232, 74, 70
233, 70, 842
234, 838, 74
235, 98, 93
236, 111, 98
237, 93, 106
238, 102, 1074
239, 106, 102
240, 837, 106
241, 105, 101
242, 842, 105
243, 101, 843
244, 76, 79
245, 79, 827
246, 107, 76
247, 80, 88
248, 88, 109
249, 829, 80
250, 95, 85
251, 843, 95
252, 85, 107
253, 107, 828
254, 92, 71
255, 831, 92
256, 71, 832
257, 100, 96
258, 96, 831
259, 840, 100
260, 90, 99
261, 839, 90
262, 99, 829
263, 89, 83
264, 83, 840
265, 826, 89
266, 82, 81
267, 832, 82
268, 81, 108
269, 72, 97
270, 97, 830
271, 108, 72
272, 841, 108
273, 86, 94
274, 834, 86
275, 94, 826
276, 91, 84
277, 835, 91
278, 84, 110
279, 1075, 87
280, 87, 833
281, 77, 78
282, 833, 77
283, 78, 834
284, 103, 104
285, 830, 103
286, 104, 839
287, 828, 827
288, 837, 1076
289, 111, 837
290, 110, 836
291, 835, 110
292, 842, 843
293, 831, 832
294, 113, 829
295, 830, 839
296, 826, 840
297, 840, 831
298, 832, 841
299, 114, 832
300, 1077, 112
301, 112, 833
302, 833, 834
303, 834, 826
304, 826, 115
305, 841, 830
306, 109, 835
307, 829, 109
308, 116, 829
309, 836, 838
310, 843, 828
311, 838, 842
312, 837, 150
313, 135, 837
314, 827, 111
315, 124, 827
316, 111, 130
317, 136, 838
318, 838, 118
319, 828, 123
320, 131, 828
321, 129, 116
322, 116, 146
323, 839, 113
324, 113, 120
325, 151, 839
326, 138, 840
327, 840, 152
328, 121, 841
329, 841, 144
330, 139, 836
331, 836, 128
332, 842, 119
333, 140, 842
334, 117, 843
335, 843, 126
336, 122, 834
337, 834, 145
338, 115, 134
339, 142, 115
340, 831, 133
341, 149, 831
342, 141, 114
343, 114, 125
344, 830, 147
345, 143, 830
346, 835, 132
347, 148, 835
348, 137, 112
349, 112, 127
350, 123, 124
351, 124, 847
352, 844, 123
353, 150, 1078
354, 852, 150
355, 126, 131
356, 131, 844
357, 153, 126
358, 147, 151
359, 151, 155
360, 855, 147
361, 132, 139
362, 139, 154
363, 157, 132
364, 144, 143
365, 851, 144
366, 143, 855
367, 120, 129
368, 129, 156
369, 858, 120
370, 119, 117
371, 846, 119
372, 117, 153
373, 153, 859
374, 152, 149
375, 845, 152
376, 149, 853
377, 146, 148
378, 857, 146
379, 148, 161
380, 118, 140
381, 848, 118
382, 140, 846
383, 1079, 137
384, 137, 856
385, 134, 138
386, 138, 845
387, 854, 134
388, 125, 121
389, 121, 851
390, 160, 125
391, 127, 122
392, 122, 850
393, 158, 127
394, 145, 142
395, 850, 145
396, 142, 854
397, 128, 136
398, 136, 848
399, 849, 128
400, 133, 141
401, 853, 133
402, 141, 159
403, 130, 135
404, 135, 852
405, 847, 130
406, 848, 846
407, 844, 847
408, 156, 857
409, 858, 156
410, 849, 848
411, 846, 859
412, 168, 846
413, 859, 165
414, 154, 849
415, 162, 157
416, 157, 154
417, 155, 858
418, 163, 155
419, 164, 159
420, 856, 158
421, 158, 850
422, 850, 854
423, 167, 850
424, 160, 851
425, 854, 845
426, 845, 853
427, 166, 845
428, 851, 855
429, 1080, 856
430, 857, 161
431, 847, 852
432, 852, 1081
433, 186, 847
434, 847, 181
435, 191, 168
436, 168, 197
437, 165, 844
438, 844, 194
439, 202, 165
440, 188, 852
441, 852, 203
442, 170, 851
443, 851, 204
444, 853, 164
445, 164, 182
446, 175, 853
447, 849, 177
448, 198, 849
449, 848, 180
450, 185, 848
451, 178, 854
452, 854, 174
453, 195, 167
454, 167, 183
455, 161, 162
456, 162, 187
457, 176, 161
458, 169, 166
459, 166, 172
460, 159, 160
461, 184, 159
462, 160, 173
463, 855, 163
464, 163, 189
465, 196, 855
466, 856, 193
467, 171, 856
468, 201, 857
469, 857, 179
470, 858, 190
471, 192, 858
472, 200, 859
473, 859, 199
474, 203, 1082
475, 863, 203
476, 181, 188
477, 206, 181
478, 188, 863
479, 180, 191
480, 191, 866
481, 209, 180
482, 179, 176
483, 176, 869
484, 208, 179
485, 197, 200
486, 866, 197
487, 200, 211
488, 182, 184
489, 860, 182
490, 184, 861
491, 189, 192
492, 870, 189
493, 192, 868
494, 204, 196
495, 862, 204
496, 196, 870
497, 190, 201
498, 201, 867
499, 868, 190
500, 187, 198
501, 198, 864
502, 869, 187
503, 177, 185
504, 864, 177
505, 185, 209
506, 199, 202
507, 202, 865
508, 871, 199
509, 193, 195
510, 195, 872
511, 205, 193
512, 183, 178
513, 178, 873
514, 872, 183
515, 174, 169
516, 207, 174
517, 169, 874
518, 172, 175
519, 175, 860
520, 874, 172
521, 1083, 171
522, 171, 205
523, 205, 210
524, 173, 170
525, 170, 862
526, 861, 173
527, 194, 186
528, 186, 206
529, 865, 194
530, 206, 213
531, 217, 863
532, 870, 212
533, 864, 209
534, 209, 866
535, 865, 218
536, 861, 862
537, 210, 872
538, 872, 873
539, 873, 207
540, 207, 874
541, 874, 860
542, 871, 865
543, 1084, 210
544, 210, 216
545, 860, 861
546, 861, 215
547, 214, 860
548, 862, 870
549, 867, 208
550, 208, 869
551, 868, 867
552, 863, 1085
553, 869, 864
554, 211, 871
555, 866, 211
556, 865, 254
557, 248, 865
558, 223, 863
559, 863, 227
560, 226, 209
561, 209, 236
562, 225, 866
563, 866, 250
564, 867, 220
565, 237, 867
566, 864, 228
567, 233, 864
568, 215, 245
569, 238, 215
570, 212, 868
571, 222, 212
572, 868, 244
573, 224, 869
574, 869, 232
575, 242, 214
576, 214, 240
577, 870, 247
578, 241, 870
579, 871, 251
580, 234, 871
581, 213, 217
582, 218, 213
583, 217, 219
584, 253, 218
585, 216, 246
586, 252, 216
587, 243, 872
588, 872, 230
589, 229, 873
590, 873, 231
591, 221, 874
592, 874, 235
593, 239, 862
594, 862, 249
595, 227, 1086
596, 876, 227
597, 254, 253
598, 880, 254
599, 253, 881
600, 249, 241
601, 241, 885
602, 259, 249
603, 244, 237
604, 237, 884
605, 256, 244
606, 251, 248
607, 248, 880
608, 255, 251
609, 228, 226
610, 226, 258
611, 878, 228
612, 236, 225
613, 258, 236
614, 225, 879
615, 250, 234
616, 257, 250
617, 234, 255
618, 255, 264
619, 220, 224
620, 884, 220
621, 224, 877
622, 232, 233
623, 233, 878
624, 877, 232
625, 247, 222
626, 222, 256
627, 885, 247
628, 256, 886
629, 235, 242
630, 242, 875
631, 262, 235
632, 240, 238
633, 238, 883
634, 875, 240
635, 231, 221
636, 261, 231
637, 221, 262
638, 1087, 252
639, 252, 260
640, 230, 229
641, 882, 230
642, 229, 261
643, 245, 239
644, 883, 245
645, 239, 263
646, 246, 243
647, 260, 246
648, 243, 882
649, 219, 223
650, 223, 876
651, 881, 219
652, 258, 879
653, 264, 880
654, 884, 877
655, 269, 1088
656, 875, 883
657, 885, 886
658, 877, 878
659, 878, 258
660, 258, 270
661, 879, 257
662, 257, 267
663, 880, 881
664, 881, 876
665, 265, 882
666, 266, 875
667, 883, 268
668, 1089, 260
669, 260, 265
670, 263, 259
671, 259, 885
672, 268, 263
673, 886, 884
674, 882, 261
675, 261, 262
676, 283, 879
677, 879, 288
678, 267, 264
679, 264, 293
680, 282, 267
681, 285, 877
682, 877, 277
683, 272, 878
684, 878, 290
685, 885, 278
686, 279, 885
687, 287, 886
688, 886, 296
689, 292, 880
690, 880, 299
691, 295, 881
692, 881, 276
693, 876, 269
694, 269, 271
695, 274, 876
696, 294, 261
697, 261, 280
698, 305, 268
699, 268, 291
700, 262, 266
701, 266, 298
702, 281, 262
703, 270, 301
704, 302, 270
705, 304, 882
706, 882, 289
707, 265, 303
708, 284, 265
709, 875, 273
710, 300, 875
711, 275, 883
712, 883, 306
713, 884, 297
714, 286, 884
715, 271, 1090
716, 309, 271
717, 276, 274
718, 898, 276
719, 274, 309
720, 309, 892
721, 278, 287
722, 894, 278
723, 287, 887
724, 290, 302
725, 902, 290
726, 302, 896
727, 296, 286
728, 887, 296
729, 286, 891
730, 289, 294
731, 294, 897
732, 895, 289
733, 280, 281
734, 897, 280
735, 281, 314
736, 306, 305
737, 305, 308
738, 901, 306
739, 301, 283
740, 283, 899
741, 313, 301
742, 288, 282
743, 899, 288
744, 282, 889
745, 293, 292
746, 889, 293
747, 292, 310
748, 298, 300
749, 312, 298
750, 300, 307
751, 1091, 284
752, 284, 888
753, 277, 272
754, 893, 277
755, 272, 902
756, 303, 304
757, 304, 895
758, 888, 303
759, 291, 279
760, 279, 894
761, 900, 291
762, 299, 295
763, 890, 299
764, 295, 898
765, 273, 275
766, 307, 273
767, 275, 901
768, 311, 307
769, 297, 285
770, 285, 893
771, 891, 297
772, 310, 315
773, 321, 310
774, 899, 889
775, 890, 898
776, 892, 1092
777, 891, 322
778, 308, 900
779, 316, 308
780, 896, 313
781, 313, 899
782, 898, 892
783, 893, 902
784, 311, 901
785, 900, 894
786, 888, 895
787, 312, 311
788, 311, 320
789, 1093, 318
790, 894, 887
791, 887, 319
792, 895, 897
793, 902, 896
794, 897, 314
795, 323, 317
796, 892, 348
797, 353, 892
798, 889, 321
799, 321, 331
800, 344, 889
801, 333, 898
802, 898, 347
803, 899, 325
804, 338, 899
805, 336, 900
806, 900, 356
807, 901, 316
808, 316, 327
809, 329, 901
810, 320, 332
811, 335, 320
812, 322, 893
813, 349, 322
814, 893, 351
815, 330, 897
816, 897, 341
817, 314, 312
818, 312, 324
819, 346, 314
820, 358, 894
821, 894, 334
822, 317, 891
823, 891, 357
824, 359, 317
825, 896, 354
826, 352, 896
827, 315, 890
828, 337, 315
829, 890, 326
830, 318, 888
831, 888, 340
832, 350, 318
833, 345, 895
834, 895, 328
835, 319, 323
836, 339, 319
837, 323, 355
838, 343, 902
839, 902, 342
840, 342, 352
841, 352, 909
842, 913, 342
843, 357, 349
844, 349, 360
845, 908, 357
846, 355, 359
847, 359, 908
848, 363, 355
849, 326, 333
850, 333, 906
851, 904, 326
852, 348, 1094
853, 907, 348
854, 332, 329
855, 329, 905
856, 903, 332
857, 351, 343
858, 360, 351
859, 343, 913
860, 366, 360
861, 354, 338
862, 338, 365
863, 362, 354
864, 334, 339
865, 912, 334
866, 339, 363
867, 341, 346
868, 911, 341
869, 346, 914
870, 324, 335
871, 335, 903
872, 914, 324
873, 325, 344
874, 344, 361
875, 365, 325
876, 331, 337
877, 364, 331
878, 337, 904
879, 328, 330
880, 330, 911
881, 916, 328
882, 356, 358
883, 915, 356
884, 358, 912
885, 1095, 350
886, 350, 910
887, 340, 345
888, 910, 340
889, 345, 916
890, 327, 336
891, 336, 915
892, 905, 327
893, 347, 353
894, 353, 907
895, 906, 347
896, 904, 906
897, 907, 1096
898, 909, 362
899, 362, 365
900, 905, 915
901, 906, 907
902, 361, 364
903, 368, 361
904, 364, 904
905, 374, 364
906, 371, 908
907, 908, 366
908, 372, 905
909, 914, 367
910, 913, 909
911, 910, 916
912, 911, 914
913, 1097, 910
914, 910, 373
915, 916, 911
916, 915, 912
917, 912, 370
918, 369, 913
919, 404, 374
920, 374, 403
921, 904, 394
922, 407, 904
923, 913, 380
924, 399, 913
925, 405, 912
926, 912, 390
927, 365, 368
928, 388, 365
929, 368, 377
930, 386, 906
931, 906, 381
932, 363, 371
933, 370, 363
934, 371, 378
935, 385, 370
936, 903, 372
937, 367, 903
938, 372, 379
939, 396, 367
940, 391, 908
941, 908, 402
942, 366, 369
943, 410, 366
944, 369, 395
945, 909, 376
946, 387, 909
947, 373, 389
948, 382, 373
949, 914, 409
950, 406, 914
951, 905, 400
952, 392, 905
953, 384, 915
954, 915, 398
955, 393, 916
956, 916, 383
957, 911, 408
958, 401, 911
959, 907, 375
960, 397, 907
961, 403, 407
962, 921, 403
963, 407, 923
964, 395, 399
965, 399, 412
966, 418, 395
967, 380, 387
968, 412, 380
969, 387, 917
970, 927, 412
971, 381, 397
972, 919, 381
973, 397, 413
974, 377, 404
975, 404, 921
976, 922, 377
977, 408, 406
978, 406, 925
979, 420, 408
980, 379, 392
981, 920, 379
982, 392, 928
983, 398, 405
984, 405, 417
985, 411, 398
986, 390, 385
987, 422, 390
988, 385, 421
989, 383, 401
990, 924, 383
991, 401, 419
992, 409, 396
993, 396, 920
994, 925, 409
995, 389, 393
996, 929, 389
997, 393, 924
998, 1098, 382
999, 382, 929
1000, 400, 384
1001, 416, 400
1002, 384, 411
1003, 411, 424
1004, 402, 410
1005, 415, 402
1006, 410, 418
1007, 376, 388
1008, 388, 414
1009, 917, 376
1010, 394, 386
1011, 923, 394
1012, 386, 919
1013, 375, 1099
1014, 918, 375
1015, 378, 391
1016, 421, 378
1017, 391, 415
1018, 413, 918
1019, 919, 413
1020, 918, 1100
1021, 418, 926
1022, 423, 418
1023, 926, 927
1024, 426, 917
1025, 414, 922
1026, 427, 414
1027, 923, 919
1028, 420, 925
1029, 422, 421
1030, 920, 928
1031, 415, 423
1032, 425, 415
1033, 922, 921
1034, 921, 923
1035, 923, 430
1036, 929, 924
1037, 417, 422
1038, 424, 417
1039, 422, 433
1040, 1101, 929
1041, 428, 419
1042, 928, 416
1043, 416, 429
1044, 925, 431
1045, 432, 925
1046, 423, 446
1047, 469, 423
1048, 437, 918
1049, 918, 452
1050, 421, 425
1051, 468, 421
1052, 425, 440
1053, 460, 926
1054, 926, 434
1055, 456, 922
1056, 922, 438
1057, 419, 420
1058, 420, 442
1059, 445, 419
1060, 927, 426
1061, 453, 927
1062, 426, 457
1063, 441, 921
1064, 921, 447
1065, 430, 464
1066, 454, 430
1067, 919, 449
1068, 450, 919
1069, 924, 428
1070, 465, 924
1071, 428, 443
1072, 461, 432
1073, 432, 459
1074, 462, 928
1075, 928, 448
1076, 429, 424
1077, 424, 435
1078, 436, 429
1079, 433, 458
1080, 439, 433
1081, 917, 427
1082, 466, 917
1083, 427, 451
1084, 929, 455
1085, 467, 929
1086, 431, 920
1087, 920, 463
1088, 444, 431
1089, 435, 439
1090, 936, 435
1091, 439, 940
1092, 451, 456
1093, 456, 934
1094, 476, 451
1095, 459, 444
1096, 480, 459
1097, 444, 939
1098, 447, 454
1099, 473, 447
1100, 454, 937
1101, 452, 1102
1102, 931, 452
1103, 440, 469
1104, 469, 930
1105, 932, 440
1106, 457, 466
1107, 938, 457
1108, 466, 476
1109, 438, 441
1110, 934, 438
1111, 441, 473
1112, 448, 436
1113, 942, 448
1114, 436, 936
1115, 446, 460
1116, 930, 446
1117, 460, 475
1118, 1103, 467
1119, 467, 470
1120, 458, 468
1121, 468, 472
1122, 940, 458
1123, 442, 461
1124, 471, 442
1125, 461, 474
1126, 455, 465
1127, 465, 941
1128, 935, 455
1129, 443, 445
1130, 445, 471
1131, 941, 443
1132, 463, 462
1133, 462, 942
1134, 939, 463
1135, 464, 450
1136, 937, 464
1137, 450, 944
1138, 434, 453
1139, 933, 434
1140, 453, 938
1141, 449, 437
1142, 437, 931
1143, 944, 449
1144, 931, 1104
1145, 932, 930
1146, 474, 481
1147, 478, 474
1148, 942, 483
1149, 472, 932
1150, 479, 472
1151, 933, 938
1152, 473, 943
1153, 934, 473
1154, 471, 478
1155, 477, 471
1156, 478, 486
1157, 480, 939
1158, 475, 933
1159, 482, 475
1160, 476, 934
1161, 470, 935
1162, 1105, 470
1163, 936, 940
1164, 939, 942
1165, 937, 944
1166, 944, 931
1167, 484, 941
1168, 943, 937
1169, 937, 485
1170, 938, 476
1171, 485, 515
1172, 519, 485
1173, 502, 938
1174, 938, 496
1175, 476, 503
1176, 490, 476
1177, 487, 939
1178, 939, 500
1179, 940, 479
1180, 479, 498
1181, 488, 940
1182, 941, 477
1183, 477, 506
1184, 512, 941
1185, 942, 517
1186, 504, 942
1187, 930, 482
1188, 493, 930
1189, 482, 516
1190, 933, 505
1191, 518, 933
1192, 935, 484
1193, 521, 935
1194, 484, 513
1195, 481, 480
1196, 514, 481
1197, 480, 501
1198, 483, 936
1199, 522, 483
1200, 936, 494
1201, 934, 497
1202, 492, 934
1203, 491, 943
1204, 943, 510
1205, 508, 944
1206, 944, 495
1207, 486, 509
1208, 520, 486
1209, 932, 489
1210, 511, 932
1211, 931, 507
1212, 499, 931
1213, 497, 491
1214, 948, 497
1215, 491, 949
1216, 495, 499
1217, 523, 495
1218, 499, 957
1219, 515, 508
1220, 956, 515
1221, 508, 523
1222, 523, 950
1223, 498, 511
1224, 955, 498
1225, 511, 945
1226, 516, 518
1227, 527, 516
1228, 518, 959
1229, 505, 502
1230, 502, 951
1231, 959, 505
1232, 496, 490
1233, 951, 496
1234, 490, 529
1235, 510, 519
1236, 519, 956
1237, 949, 510
1238, 489, 493
1239, 493, 947
1240, 945, 489
1241, 506, 520
1242, 960, 506
1243, 520, 958
1244, 501, 487
1245, 487, 954
1246, 528, 501
1247, 500, 504
1248, 954, 500
1249, 504, 525
1250, 494, 488
1251, 488, 955
1252, 946, 494
1253, 509, 514
1254, 514, 952
1255, 958, 509
1256, 1106, 521
1257, 521, 953
1258, 517, 522
1259, 525, 517
1260, 522, 524
1261, 961, 525
1262, 513, 512
1263, 512, 960
1264, 953, 513
1265, 507, 1107
1266, 957, 507
1267, 503, 492
1268, 526, 503
1269, 492, 948
1270, 529, 526
1271, 526, 948
1272, 951, 530
1273, 524, 946
1274, 532, 524
1275, 531, 947
1276, 948, 949
1277, 957, 1108
1278, 949, 956
1279, 950, 957
1280, 954, 961
1281, 533, 955
1282, 534, 951
1283, 956, 950
1284, 953, 960
1285, 958, 952
1286, 1109, 953
1287, 953, 535
1288, 960, 958
1289, 947, 527
1290, 527, 959
1291, 528, 954
1292, 955, 945
1293, 559, 956
1294, 956, 552
1295, 563, 949
1296, 949, 570
1297, 950, 571
1298, 557, 950
1299, 957, 554
1300, 567, 957
1301, 945, 531
1302, 531, 560
1303, 558, 945
1304, 545, 948
1305, 948, 562
1306, 958, 540
1307, 547, 958
1308, 946, 533
1309, 539, 946
1310, 533, 541
1311, 952, 528
1312, 546, 952
1313, 528, 566
1314, 538, 955
1315, 955, 565
1316, 959, 534
1317, 534, 556
1318, 550, 959
1319, 951, 548
1320, 564, 951
1321, 535, 549
1322, 568, 535
1323, 551, 960
1324, 960, 553
1325, 954, 542
1326, 569, 954
1327, 961, 532
1328, 532, 536
1329, 544, 961
1330, 561, 947
1331, 947, 555
1332, 530, 529
1333, 529, 543
1334, 537, 530
1335, 543, 545
1336, 545, 973
1337, 573, 543
1338, 555, 550
1339, 550, 964
1340, 975, 555
1341, 571, 567
1342, 574, 571
1343, 567, 572
1344, 1110, 568
1345, 568, 978
1346, 553, 547
1347, 547, 969
1348, 968, 553
1349, 566, 569
1350, 970, 566
1351, 569, 971
1352, 560, 561
1353, 972, 560
1354, 561, 975
1355, 548, 537
1356, 965, 548
1357, 537, 573
1358, 573, 976
1359, 540, 546
1360, 969, 540
1361, 546, 970
1362, 565, 558
1363, 558, 972
1364, 575, 565
1365, 556, 564
1366, 964, 556
1367, 564, 965
1368, 562, 563
1369, 563, 967
1370, 973, 562
1371, 542, 544
1372, 971, 542
1373, 544, 962
1374, 549, 551
1375, 978, 549
1376, 551, 968
1377, 536, 539
1378, 539, 963
1379, 576, 536
1380, 570, 559
1381, 559, 977
1382, 967, 570
1383, 552, 557
1384, 977, 552
1385, 557, 966
1386, 554, 1111
1387, 572, 554
1388, 974, 572
1389, 541, 538
1390, 963, 541
1391, 538, 575
1392, 974, 1112
1393, 966, 574
1394, 574, 581
1395, 967, 977
1396, 971, 962
1397, 575, 582
1398, 963, 575
1399, 582, 972
1400, 975, 964
1401, 964, 579
1402, 978, 968
1403, 965, 976
1404, 576, 963
1405, 976, 973
1406, 977, 966
1407, 973, 967
1408, 968, 580
1409, 1113, 978
1410, 969, 970
1411, 578, 971
1412, 972, 577
1413, 589, 973
1414, 973, 590
1415, 581, 974
1416, 974, 593
1417, 586, 581
1418, 612, 972
1419, 972, 599
1420, 577, 975
1421, 975, 596
1422, 598, 577
1423, 587, 964
1424, 964, 606
1425, 594, 976
1426, 976, 595
1427, 585, 968
1428, 968, 611
1429, 580, 969
1430, 605, 580
1431, 969, 602
1432, 971, 613
1433, 617, 971
1434, 962, 576
1435, 609, 962
1436, 576, 607
1437, 601, 977
1438, 977, 615
1439, 978, 583
1440, 604, 978
1441, 963, 600
1442, 592, 963
1443, 618, 582
1444, 582, 603
1445, 579, 965
1446, 588, 579
1447, 965, 584
1448, 970, 578
1449, 591, 970
1450, 578, 614
1451, 967, 610
1452, 597, 967
1453, 966, 608
1454, 616, 966
1455, 615, 616
1456, 986, 615
1457, 616, 623
1458, 608, 586
1459, 586, 622
1460, 983, 608
1461, 584, 594
1462, 594, 982
1463, 979, 584
1464, 590, 597
1465, 985, 590
1466, 597, 626
1467, 614, 617
1468, 617, 984
1469, 980, 614
1470, 600, 618
1471, 619, 600
1472, 618, 987
1473, 606, 588
1474, 625, 606
1475, 588, 979
1476, 599, 598
1477, 620, 599
1478, 598, 989
1479, 593, 1114
1480, 622, 593
1481, 628, 622
1482, 595, 589
1483, 589, 985
1484, 982, 595
1485, 610, 601
1486, 601, 986
1487, 626, 610
1488, 583, 585
1489, 585, 991
1490, 988, 583
1491, 1115, 604
1492, 604, 988
1493, 607, 592
1494, 624, 607
1495, 592, 619
1496, 619, 627
1497, 611, 605
1498, 991, 611
1499, 605, 981
1500, 602, 591
1501, 621, 602
1502, 591, 980
1503, 603, 612
1504, 612, 620
1505, 987, 603
1506, 620, 992
1507, 596, 587
1508, 989, 596
1509, 587, 625
1510, 613, 609
1511, 984, 613
1512, 609, 624
1513, 983, 628
1514, 981, 621
1515, 621, 980
1516, 624, 627
1517, 627, 987
1518, 992, 989
1519, 628, 1116
1520, 632, 628
1521, 991, 981
1522, 984, 624
1523, 624, 633
1524, 989, 990
1525, 988, 991
1526, 1117, 988
1527, 987, 992
1528, 982, 630
1529, 623, 983
1530, 986, 623
1531, 631, 984
1532, 625, 979
1533, 990, 625
1534, 626, 986
1535, 629, 982
1536, 985, 626
1537, 660, 627
1538, 627, 667
1539, 982, 651
1540, 668, 982
1541, 630, 985
1542, 645, 630
1543, 985, 647
1544, 626, 666
1545, 634, 626
1546, 986, 638
1547, 655, 986
1548, 636, 632
1549, 632, 656
1550, 633, 665
1551, 639, 633
1552, 644, 987
1553, 987, 664
1554, 988, 650
1555, 641, 988
1556, 652, 989
1557, 989, 662
1558, 649, 990
1559, 990, 643
1560, 979, 629
1561, 640, 979
1562, 629, 663
1563, 983, 637
1564, 653, 983
1565, 991, 661
1566, 642, 991
1567, 981, 658
1568, 659, 981
1569, 980, 631
1570, 646, 980
1571, 631, 648
1572, 984, 635
1573, 657, 984
1574, 992, 654
1575, 669, 992
1576, 656, 1118
1577, 1004, 656
1578, 663, 668
1579, 668, 998
1580, 671, 663
1581, 662, 649
1582, 1000, 662
1583, 649, 675
1584, 651, 645
1585, 998, 651
1586, 645, 674
1587, 647, 634
1588, 673, 647
1589, 634, 1006
1590, 666, 655
1591, 1006, 666
1592, 655, 999
1593, 638, 653
1594, 999, 638
1595, 653, 997
1596, 664, 669
1597, 995, 664
1598, 669, 1007
1599, 643, 640
1600, 675, 643
1601, 640, 671
1602, 671, 1003
1603, 661, 659
1604, 1005, 661
1605, 659, 1008
1606, 654, 652
1607, 652, 1000
1608, 1007, 654
1609, 648, 657
1610, 996, 648
1611, 657, 670
1612, 635, 639
1613, 639, 1002
1614, 670, 635
1615, 1001, 670
1616, 1119, 641
1617, 641, 993
1618, 637, 636
1619, 636, 1004
1620, 997, 637
1621, 650, 642
1622, 993, 650
1623, 642, 1005
1624, 658, 646
1625, 1008, 658
1626, 646, 996
1627, 665, 660
1628, 660, 994
1629, 672, 665
1630, 667, 644
1631, 994, 667
1632, 644, 995
1633, 997, 1004
1634, 994, 995
1635, 1008, 996
1636, 999, 997
1637, 1002, 672
1638, 672, 676
1639, 1007, 1000
1640, 674, 677
1641, 998, 674
1642, 677, 673
1643, 673, 680
1644, 1006, 999
1645, 999, 681
1646, 1120, 993
1647, 995, 1007
1648, 1000, 675
1649, 1005, 1008
1650, 1001, 1002
1651, 675, 1003
1652, 679, 675
1653, 1003, 998
1654, 682, 1003
1655, 1004, 1121
1656, 996, 1001
1657, 678, 1005
1658, 711, 677
1659, 677, 714
1660, 703, 679
1661, 679, 709
1662, 1001, 717
1663, 699, 1001
1664, 1002, 705
1665, 704, 1002
1666, 686, 995
1667, 995, 685
1668, 700, 682
1669, 682, 715
1670, 998, 716
1671, 696, 998
1672, 680, 1006
1673, 693, 680
1674, 1006, 713
1675, 681, 692
1676, 718, 681
1677, 997, 707
1678, 690, 997
1679, 706, 1004
1680, 1004, 702
1681, 1005, 694
1682, 689, 1005
1683, 993, 678
1684, 712, 993
1685, 678, 684
1686, 688, 996
1687, 996, 697
1688, 676, 994
1689, 994, 687
1690, 695, 676
1691, 1007, 701
1692, 691, 1007
1693, 708, 1000
1694, 1000, 710
1695, 1008, 683
1696, 698, 1008
1697, 716, 711
1698, 711, 1017
1699, 720, 716
1700, 713, 718
1701, 719, 713
1702, 718, 726
1703, 702, 1122
1704, 721, 702
1705, 707, 706
1706, 1016, 707
1707, 706, 721
1708, 721, 732
1709, 685, 691
1710, 1015, 685
1711, 691, 1009
1712, 701, 708
1713, 1009, 701
1714, 708, 724
1715, 710, 703
1716, 703, 1012
1717, 1011, 710
1718, 715, 696
1719, 1013, 715
1720, 696, 720
1721, 720, 1021
1722, 714, 693
1723, 1017, 714
1724, 693, 719
1725, 719, 731
1726, 705, 695
1727, 723, 705
1728, 695, 729
1729, 684, 689
1730, 689, 728
1731, 1020, 684
1732, 687, 686
1733, 686, 1015
1734, 722, 687
1735, 692, 690
1736, 725, 692
1737, 690, 1016
1738, 683, 688
1739, 688, 730
1740, 1018, 683
1741, 697, 699
1742, 699, 727
1743, 730, 697
1744, 717, 704
1745, 727, 717
1746, 704, 723
1747, 723, 1019
1748, 1123, 712
1749, 712, 1020
1750, 694, 698
1751, 728, 694
1752, 698, 1018
1753, 709, 700
1754, 1012, 709
1755, 700, 1013
1756, 1010, 725
1757, 725, 1016
1758, 1013, 1021
1759, 1019, 729
1760, 732, 1124
1761, 1011, 736
1762, 1021, 1017
1763, 726, 1010
1764, 735, 726
1765, 733, 734
1766, 724, 1011
1767, 1009, 724
1768, 1012, 1013
1769, 1125, 1020
1770, 730, 1014
1771, 1014, 727
1772, 727, 1019
1773, 1017, 731
1774, 728, 1018
1775, 1015, 1009
1776, 1009, 737
1777, 1018, 730
1778, 729, 722
1779, 722, 1015
1780, 1016, 732
1781, 742, 1016
1782, 1016, 747
1783, 768, 1017
1784, 1017, 756
1785, 731, 735
1786, 735, 770
1787, 769, 731
1788, 1010, 740
1789, 761, 1010
1790, 732, 771
1791, 754, 732
1792, 748, 1018
1793, 1018, 772
1794, 745, 1014
1795, 1014, 746
1796, 1019, 753
1797, 751, 1019
1798, 737, 739
1799, 749, 737
1800, 736, 1012
1801, 763, 736
1802, 1012, 757
1803, 1013, 744
1804, 767, 1013
1805, 1020, 733
1806, 733, 764
1807, 738, 1020
1808, 755, 729
1809, 729, 759
1810, 1015, 741
1811, 766, 1015
1812, 1011, 758
1813, 743, 1011
1814, 734, 728
1815, 765, 734
1816, 728, 760
1817, 730, 762
1818, 773, 730
1819, 750, 1021
1820, 1021, 752
1821, 747, 754
1822, 1030, 747
1823, 754, 1027
1824, 760, 748
1825, 748, 780
1826, 776, 760
1827, 759, 766
1828, 779, 759
1829, 766, 1029
1830, 739, 743
1831, 1028, 739
1832, 743, 777
1833, 752, 768
1834, 768, 785
1835, 774, 752
1836, 741, 749
1837, 749, 1028
1838, 1029, 741
1839, 770, 761
1840, 778, 770
1841, 761, 1022
1842, 772, 773
1843, 780, 772
1844, 773, 787
1845, 758, 763
1846, 763, 782
1847, 1024, 758
1848, 762, 745
1849, 745, 1031
1850, 781, 762
1851, 740, 742
1852, 742, 1030
1853, 1022, 740
1854, 1126, 738
1855, 738, 1023
1856, 753, 755
1857, 1025, 753
1858, 755, 1026
1859, 757, 767
1860, 782, 757
1861, 767, 775
1862, 744, 750
1863, 783, 744
1864, 750, 774
1865, 774, 789
1866, 756, 769
1867, 785, 756
1868, 769, 784
1869, 764, 765
1870, 1023, 764
1871, 765, 776
1872, 746, 751
1873, 1031, 746
1874, 751, 1025
1875, 771, 1127
1876, 1027, 771
1877, 1030, 1027
1878, 1027, 1128
1879, 1031, 1025
1880, 775, 783
1881, 791, 775
1882, 785, 784
1883, 784, 778
1884, 778, 1022
1885, 793, 784
1886, 790, 1028
1887, 777, 1024
1888, 1028, 777
1889, 1129, 1023
1890, 788, 780
1891, 795, 785
1892, 783, 789
1893, 794, 783
1894, 792, 781
1895, 781, 1031
1896, 1022, 1030
1897, 776, 788
1898, 1023, 776
1899, 787, 792
1900, 786, 787
1901, 1024, 782
1902, 1025, 1026
1903, 1026, 779
1904, 779, 1029
1905, 1130, 1027
1906, 1027, 1131
1907, 1132, 1024
1908, 1024, 1133
1909, 788, 1134
1910, 1135, 788
1911, 780, 786
1912, 1136, 780
1913, 786, 1137
1914, 792, 1138
1915, 1139, 792
1916, 1140, 1028
1917, 1028, 1141
1918, 1142, 794
1919, 794, 1143
1920, 785, 1144
1921, 1145, 785
1922, 1146, 793
1923, 793, 1147
1924, 1029, 790
1925, 790, 1148
1926, 1149, 1029
1927, 1150, 1023
1928, 1023, 1151
1929, 1152, 1025
1930, 1025, 1153
1931, 789, 795
1932, 795, 1154
1933, 1155, 789
1934, 1156, 1026
1935, 1026, 1157
1936, 782, 791
1937, 791, 1158
1938, 1159, 782
1939, 1030, 1160
1940, 1161, 1030
1941, 1031, 1162
1942, 1163, 1031
1943, 1164, 1022
1944, 1022, 1165
