1, 9, 1147
2, 3, 1148
3, 1149, 17
4, 1150, 6
5, 1151, 14
6, 1152, 3
7, 3, 1055
8, 1153, 7
9, 11, 1154
10, 8, 1155
11, 1156, 28
12, 1157, 2
13, 14, 1158
14, 1159, 12
15, 4, 1160
16, 26, 1161
17, 1162, 20
18, 7, 16
19, 28, 7
20, 27, 26
21, 26, 38
22, 2, 36
23, 25, 2
24, 15, 25
25, 25, 37
26, 1163, 18
27, 1, 1164
28, 6, 13
29, 18, 6
30, 31, 18
31, 17, 19
32, 1055, 17
33, 1263, 24
34, 21, 1263
35, 30, 42
36, 1165, 5
37, 1057, 1166
38, 5, 1167
39, 1168, 1
40, 34, 5
41, 1266, 21
42, 21, 1056
43, 1265, 9
44, 16, 1169
45, 9, 23
46, 46, 16
47, 49, 40
48, 1266, 10
49, 35, 57
50, 63, 47
51, 13, 4
52, 1170, 15
53, 4, 1171
54, 15, 43
55, 29, 13
56, 12, 1057
57, 22, 12
58, 1264, 11
59, 20, 1264
60, 11, 52
61, 32, 20
62, 1, 54
63, 33, 1
64, 36, 1055
65, 45, 36
66, 42, 73
67, 1056, 42
68, 52, 1172
69, 76, 52
70, 23, 27
71, 27, 81
72, 39, 23
73, 96, 70
74, 1055, 49
75, 49, 1058
76, 59, 1055
77, 38, 32
78, 85, 38
79, 32, 66
80, 57, 28
81, 28, 46
82, 46, 58
83, 77, 57
84, 19, 8
85, 8, 35
86, 40, 19
87, 47, 40
88, 35, 47
89, 1059, 34
90, 34, 33
91, 33, 53
92, 37, 45
93, 41, 37
94, 45, 89
95, 10, 62
96, 1173, 10
97, 92, 48
98, 50, 31
99, 31, 56
100, 56, 29
101, 29, 51
102, 84, 56
103, 43, 55
104, 51, 43
105, 72, 51
106, 1174, 64
107, 24, 14
108, 14, 22
109, 48, 30
110, 30, 24
111, 22, 68
112, 74, 48
113, 1057, 1059
114, 67, 1057
115, 58, 61
116, 79, 58
117, 61, 44
118, 88, 1061
119, 91, 61
120, 69, 59
121, 59, 1058
122, 53, 60
123, 75, 53
124, 89, 69
125, 101, 89
126, 69, 90
127, 44, 39
128, 70, 88
129, 39, 70
130, 88, 44
131, 54, 50
132, 60, 54
133, 50, 86
134, 114, 60
135, 65, 1056
136, 1056, 1060
137, 71, 113
138, 104, 91
139, 91, 1061
140, 81, 85
141, 102, 96
142, 96, 81
143, 1058, 63
144, 63, 94
145, 82, 1058
146, 87, 1175
147, 90, 82
148, 109, 90
149, 82, 106
150, 55, 41
151, 41, 101
152, 78, 55
153, 101, 107
154, 86, 84
155, 115, 86
156, 99, 78
157, 78, 105
158, 1059, 75
159, 95, 1059
160, 75, 1062
161, 62, 65
162, 64, 62
163, 1176, 64
164, 65, 71
165, 71, 122
166, 66, 76
167, 76, 87
168, 85, 66
169, 112, 85
170, 87, 98
171, 68, 67
172, 83, 74
173, 74, 68
174, 67, 97
175, 73, 100
176, 1060, 73
177, 1177, 120
178, 100, 92
179, 92, 83
180, 83, 129
181, 1063, 100
182, 93, 72
183, 72, 99
184, 99, 110
185, 103, 104
186, 104, 121
187, 1062, 114
188, 114, 115
189, 115, 139
190, 123, 109
191, 109, 1065
192, 113, 1060
193, 130, 113
194, 1060, 1064
195, 1061, 102
196, 124, 1061
197, 102, 127
198, 98, 131
199, 111, 98
200, 94, 77
201, 77, 80
202, 106, 94
203, 1066, 106
204, 110, 128
205, 116, 110
206, 129, 125
207, 135, 129
208, 117, 112
209, 112, 111
210, 111, 137
211, 131, 1178
212, 151, 131
213, 121, 124
214, 126, 121
215, 124, 147
216, 107, 118
217, 105, 107
218, 128, 105
219, 134, 128
220, 139, 145
221, 1068, 139
222, 127, 117
223, 143, 127
224, 117, 1067
225, 119, 1062
226, 1062, 158
227, 160, 140
228, 133, 132
229, 1064, 1063
230, 97, 95
231, 95, 119
232, 125, 97
233, 153, 125
234, 119, 138
235, 140, 1065
236, 166, 140
237, 118, 123
238, 123, 149
239, 170, 118
240, 132, 130
241, 130, 1064
242, 159, 132
243, 1064, 1070
244, 84, 93
245, 141, 84
246, 93, 108
247, 80, 79
248, 79, 103
249, 103, 126
250, 142, 80
251, 126, 157
252, 175, 1179
253, 1066, 142
254, 142, 155
255, 137, 151
256, 1067, 137
257, 151, 175
258, 108, 116
259, 116, 146
260, 144, 108
261, 1063, 135
262, 135, 177
263, 182, 1063
264, 148, 134
265, 134, 162
266, 189, 181
267, 136, 169
268, 180, 153
269, 153, 154
270, 191, 1180
271, 168, 172
272, 1065, 1066
273, 181, 1065
274, 1066, 136
275, 136, 181
276, 163, 1067
277, 1067, 185
278, 183, 174
279, 172, 152
280, 1069, 172
281, 158, 164
282, 138, 158
283, 154, 138
284, 165, 154
285, 145, 141
286, 161, 145
287, 141, 144
288, 144, 156
289, 162, 170
290, 170, 204
291, 173, 162
292, 122, 133
293, 120, 122
294, 1181, 120
295, 133, 176
296, 179, 1182
297, 1070, 186
298, 149, 160
299, 160, 183
300, 199, 149
301, 183, 206
302, 176, 187
303, 179, 176
304, 187, 159
305, 159, 178
306, 197, 187
307, 164, 188
308, 211, 165
309, 165, 164
310, 1068, 161
311, 161, 202
312, 150, 143
313, 143, 163
314, 163, 193
315, 175, 191
316, 185, 175
317, 191, 218
318, 198, 185
319, 192, 189
320, 169, 171
321, 189, 169
322, 177, 180
323, 184, 177
324, 180, 214
325, 146, 148
326, 156, 146
327, 148, 167
328, 190, 156
329, 188, 1068
330, 196, 188
331, 1068, 210
332, 174, 166
333, 166, 200
334, 1072, 174
335, 147, 150
336, 152, 147
337, 1069, 152
338, 150, 201
339, 178, 1070
340, 1070, 1071
341, 212, 178
342, 228, 1069
343, 1069, 219
344, 200, 192
345, 192, 230
346, 224, 200
347, 204, 199
348, 206, 1072
349, 213, 204
350, 199, 206
351, 202, 207
352, 210, 202
353, 203, 198
354, 198, 1073
355, 246, 216
356, 167, 173
357, 173, 220
358, 194, 167
359, 1183, 179
360, 179, 205
361, 214, 217
362, 227, 214
363, 1071, 195
364, 186, 182
365, 182, 184
366, 195, 186
367, 184, 233
368, 215, 195
369, 207, 190
370, 190, 194
371, 234, 207
372, 194, 208
373, 205, 225
374, 1184, 205
375, 232, 224
376, 224, 243
377, 157, 168
378, 155, 157
379, 171, 155
380, 168, 1074
381, 226, 171
382, 218, 222
383, 1073, 218
384, 219, 209
385, 244, 219
386, 229, 1077
387, 193, 203
388, 201, 193
389, 209, 201
390, 216, 229
391, 203, 216
392, 229, 209
393, 223, 213
394, 213, 235
395, 211, 196
396, 196, 239
397, 221, 1071
398, 1071, 249
399, 239, 210
400, 210, 236
401, 253, 239
402, 1072, 232
403, 235, 1072
404, 232, 261
405, 256, 235
406, 225, 197
407, 197, 212
408, 212, 221
409, 238, 225
410, 221, 250
411, 1077, 246
412, 246, 248
413, 231, 223
414, 223, 256
415, 256, 1075
416, 248, 1073
417, 1073, 266
418, 270, 248
419, 222, 1185
420, 263, 222
421, 267, 255
422, 1074, 228
423, 228, 1076
424, 236, 247
425, 257, 236
426, 230, 240
427, 243, 230
428, 255, 243
429, 268, 255
430, 240, 226
431, 226, 1074
432, 1074, 262
433, 259, 240
434, 217, 211
435, 251, 217
436, 211, 264
437, 247, 234
438, 234, 241
439, 269, 247
440, 233, 227
441, 227, 251
442, 237, 233
443, 251, 271
444, 1186, 238
445, 238, 242
446, 245, 215
447, 215, 237
448, 237, 258
449, 249, 245
450, 254, 249
451, 258, 1079
452, 245, 258
453, 220, 231
454, 208, 220
455, 241, 208
456, 231, 260
457, 252, 241
458, 250, 284
459, 242, 250
460, 278, 242
461, 274, 1075
462, 264, 253
463, 253, 257
464, 257, 279
465, 1080, 264
466, 1076, 244
467, 244, 1077
468, 288, 259
469, 259, 272
470, 1079, 282
471, 1078, 252
472, 252, 265
473, 266, 263
474, 290, 266
475, 263, 1187
476, 277, 268
477, 268, 281
478, 1077, 285
479, 295, 1077
480, 283, 269
481, 269, 1078
482, 271, 1080
483, 282, 271
484, 303, 282
485, 260, 274
486, 265, 260
487, 274, 291
488, 273, 265
489, 262, 280
490, 272, 262
491, 305, 272
492, 261, 267
493, 275, 261
494, 267, 277
495, 277, 304
496, 280, 1076
497, 1076, 299
498, 294, 280
499, 293, 1079
500, 1079, 1081
501, 279, 283
502, 289, 279
503, 283, 320
504, 1188, 286
505, 285, 276
506, 309, 285
507, 284, 287
508, 286, 278
509, 278, 284
510, 334, 286
511, 287, 254
512, 254, 293
513, 293, 301
514, 292, 287
515, 1080, 297
516, 312, 1080
517, 1075, 275
518, 291, 1075
519, 314, 291
520, 275, 315
521, 276, 270
522, 270, 300
523, 324, 276
524, 300, 290
525, 290, 1189
526, 313, 300
527, 330, 322
528, 1078, 273
529, 302, 1078
530, 273, 298
531, 281, 288
532, 288, 307
533, 304, 281
534, 308, 304
535, 323, 302
536, 302, 317
537, 333, 303
538, 303, 306
539, 319, 1081
540, 348, 1190
541, 331, 324
542, 324, 325
543, 320, 328
544, 332, 320
545, 335, 337
546, 1087, 341
547, 298, 318
548, 317, 298
549, 341, 317
550, 345, 341
551, 327, 311
552, 322, 305
553, 305, 294
554, 294, 1082
555, 339, 322
556, 334, 292
557, 292, 296
558, 1191, 1083
559, 301, 319
560, 326, 301
561, 319, 344
562, 349, 326
563, 306, 312
564, 312, 327
565, 346, 306
566, 327, 336
567, 329, 308
568, 308, 335
569, 335, 355
570, 316, 332
571, 332, 350
572, 362, 342
573, 299, 295
574, 295, 309
575, 310, 299
576, 309, 331
577, 331, 347
578, 363, 343
579, 325, 313
580, 313, 340
581, 353, 325
582, 321, 330
583, 330, 373
584, 1081, 333
585, 333, 346
586, 352, 1081
587, 346, 358
588, 328, 323
589, 323, 1087
590, 366, 328
591, 1082, 310
592, 343, 375
593, 310, 343
594, 297, 289
595, 289, 316
596, 311, 297
597, 342, 311
598, 316, 342
599, 318, 314
600, 315, 329
601, 314, 315
602, 338, 318
603, 329, 378
604, 296, 326
605, 361, 296
606, 326, 356
607, 1084, 339
608, 375, 381
609, 339, 1082
610, 1082, 375
611, 340, 354
612, 360, 353
613, 353, 340
614, 347, 360
615, 369, 347
616, 360, 395
617, 355, 384
618, 380, 355
619, 366, 391
620, 373, 1084
621, 398, 373
622, 354, 348
623, 348, 1192
624, 399, 354
625, 336, 370
626, 358, 336
627, 365, 358
628, 344, 351
629, 382, 349
630, 349, 344
631, 350, 366
632, 372, 350
633, 366, 397
634, 387, 376
635, 357, 389
636, 392, 365
637, 365, 377
638, 351, 352
639, 352, 388
640, 406, 351
641, 1193, 1083
642, 376, 345
643, 345, 338
644, 338, 357
645, 357, 376
646, 307, 321
647, 337, 307
648, 368, 337
649, 321, 374
650, 1083, 334
651, 334, 359
652, 1194, 1083
653, 390, 363
654, 363, 369
655, 369, 385
656, 383, 390
657, 390, 434
658, 416, 387
659, 389, 394
660, 387, 389
661, 378, 380
662, 386, 378
663, 380, 409
664, 367, 361
665, 356, 382
666, 361, 356
667, 382, 400
668, 371, 372
669, 397, 410
670, 372, 397
671, 364, 367
672, 367, 412
673, 370, 362
674, 362, 371
675, 379, 370
676, 371, 405
677, 384, 368
678, 374, 398
679, 408, 384
680, 398, 403
681, 368, 374
682, 402, 1195
683, 418, 393
684, 395, 399
685, 401, 395
686, 415, 411
687, 396, 424
688, 381, 383
689, 1084, 381
690, 393, 1084
691, 383, 1086
692, 1086, 393
693, 385, 401
694, 428, 385
695, 401, 423
696, 422, 426
697, 391, 1087
698, 426, 391
699, 439, 426
700, 1088, 404
701, 453, 1088
702, 359, 364
703, 407, 359
704, 364, 1085
705, 414, 421
706, 452, 446
707, 1196, 407
708, 407, 417
709, 377, 379
710, 411, 377
711, 379, 396
712, 396, 411
713, 409, 408
714, 430, 409
715, 408, 431
716, 405, 420
717, 424, 405
718, 432, 424
719, 394, 386
720, 404, 394
721, 386, 435
722, 433, 404
723, 412, 413
724, 1085, 412
725, 429, 448
726, 1086, 434
727, 1087, 416
728, 416, 1088
729, 451, 1087
730, 1088, 456
731, 388, 392
732, 392, 419
733, 421, 388
734, 444, 421
735, 403, 418
736, 431, 403
737, 418, 441
738, 436, 431
739, 399, 402
740, 402, 442
741, 425, 399
742, 440, 1086
743, 1086, 472
744, 438, 428
745, 428, 427
746, 464, 481
747, 442, 1197
748, 479, 442
749, 441, 440
750, 457, 441
751, 440, 476
752, 435, 430
753, 430, 437
754, 470, 435
755, 460, 453
756, 453, 433
757, 433, 470
758, 470, 477
759, 434, 438
760, 469, 434
761, 438, 480
762, 450, 439
763, 439, 451
764, 466, 463
765, 447, 432
766, 432, 459
767, 419, 415
768, 415, 447
769, 449, 419
770, 447, 462
771, 448, 467
772, 473, 448
773, 437, 436
774, 436, 454
775, 482, 437
776, 417, 443
777, 1198, 417
778, 400, 406
779, 406, 414
780, 413, 400
781, 446, 429
782, 414, 446
783, 429, 413
784, 443, 1085
785, 1085, 473
786, 473, 493
787, 465, 443
788, 410, 422
789, 420, 410
790, 422, 445
791, 459, 420
792, 1089, 459
793, 423, 425
794, 427, 423
795, 425, 464
796, 464, 427
797, 463, 460
798, 460, 471
799, 487, 463
800, 454, 457
801, 457, 490
802, 478, 454
803, 518, 486
804, 461, 458
805, 456, 466
806, 451, 456
807, 488, 451
808, 466, 483
809, 498, 482
810, 482, 478
811, 486, 514
812, 478, 486
813, 472, 474
814, 476, 472
815, 504, 476
816, 504, 521
817, 480, 492
818, 489, 480
819, 455, 449
820, 449, 468
821, 516, 485
822, 1089, 475
823, 471, 502
824, 494, 471
825, 534, 508
826, 510, 520
827, 499, 495
828, 500, 517
829, 445, 450
830, 450, 488
831, 475, 445
832, 488, 507
833, 506, 475
834, 484, 479
835, 479, 1199
836, 1200, 465
837, 465, 491
838, 467, 452
839, 452, 461
840, 496, 467
841, 461, 497
842, 491, 511
843, 536, 491
844, 462, 503
845, 468, 462
846, 501, 468
847, 474, 469
848, 469, 489
849, 522, 474
850, 489, 526
851, 481, 484
852, 492, 481
853, 519, 492
854, 484, 523
855, 458, 444
856, 444, 455
857, 495, 458
858, 485, 500
859, 455, 485
860, 500, 495
861, 483, 487
862, 487, 515
863, 524, 483
864, 490, 504
865, 1092, 518
866, 518, 490
867, 504, 544
868, 477, 498
869, 502, 477
870, 498, 510
871, 527, 502
872, 510, 540
873, 503, 1089
874, 1089, 1093
875, 509, 503
876, 493, 505
877, 511, 493
878, 537, 511
879, 547, 525
880, 514, 1090
881, 520, 514
882, 1091, 520
883, 561, 506
884, 506, 507
885, 512, 501
886, 501, 509
887, 509, 529
888, 533, 550
889, 542, 531
890, 523, 1201
891, 554, 523
892, 515, 494
893, 508, 533
894, 494, 508
895, 531, 515
896, 533, 531
897, 535, 516
898, 516, 512
899, 512, 551
900, 544, 543
901, 552, 544
902, 505, 496
903, 497, 499
904, 499, 530
905, 496, 497
906, 513, 505
907, 549, 541
908, 1202, 1267
909, 517, 535
910, 530, 517
911, 535, 560
912, 545, 530
913, 507, 524
914, 524, 539
915, 557, 507
916, 525, 519
917, 519, 555
918, 569, 525
919, 1090, 1092
920, 521, 538
921, 543, 521
922, 548, 556
923, 553, 543
924, 526, 547
925, 528, 526
926, 582, 564
927, 550, 534
928, 534, 527
929, 527, 558
930, 565, 550
931, 540, 1091
932, 558, 540
933, 574, 558
934, 538, 522
935, 522, 528
936, 564, 548
937, 548, 538
938, 528, 564
939, 529, 1093
940, 546, 529
941, 586, 1093
942, 559, 595
943, 541, 537
944, 537, 513
945, 513, 532
946, 577, 541
947, 575, 569
948, 569, 570
949, 573, 583
950, 1091, 1090
951, 1090, 592
952, 578, 1091
953, 547, 575
954, 589, 547
955, 575, 614
956, 556, 585
957, 567, 553
958, 553, 556
959, 551, 546
960, 571, 551
961, 546, 579
962, 1094, 1092
963, 1092, 552
964, 552, 567
965, 567, 599
966, 562, 1092
967, 603, 598
968, 545, 563
969, 581, 572
970, 1267, 536
971, 536, 549
972, 549, 559
973, 559, 1268
974, 560, 571
975, 563, 560
976, 580, 563
977, 532, 545
978, 566, 532
979, 545, 1095
980, 1093, 561
981, 561, 557
982, 557, 581
983, 597, 1093
984, 581, 590
985, 568, 1203
986, 584, 587
987, 621, 596
988, 583, 574
989, 574, 609
990, 606, 583
991, 593, 582
992, 582, 589
993, 589, 620
994, 579, 586
995, 586, 1099
996, 612, 579
997, 594, 577
998, 577, 566
999, 566, 591
1000, 539, 542
1001, 542, 584
1002, 572, 539
1003, 596, 572
1004, 584, 596
1005, 604, 562
1006, 562, 610
1007, 1095, 580
1008, 580, 608
1009, 555, 554
1010, 554, 568
1011, 570, 555
1012, 600, 570
1013, 568, 602
1014, 623, 1204
1015, 620, 614
1016, 633, 620
1017, 590, 619
1018, 605, 590
1019, 592, 1094
1020, 588, 592
1021, 591, 1095
1022, 630, 591
1023, 1095, 625
1024, 609, 578
1025, 578, 588
1026, 628, 609
1027, 588, 637
1028, 585, 593
1029, 601, 585
1030, 593, 624
1031, 1099, 597
1032, 597, 605
1033, 605, 635
1034, 576, 565
1035, 565, 573
1036, 573, 606
1037, 606, 1096
1038, 624, 633
1039, 638, 624
1040, 587, 576
1041, 611, 587
1042, 576, 1096
1043, 571, 613
1044, 631, 571
1045, 1268, 603
1046, 603, 632
1047, 595, 594
1048, 598, 595
1049, 622, 598
1050, 594, 618
1051, 640, 622
1052, 618, 629
1053, 622, 618
1054, 613, 612
1055, 612, 1099
1056, 1097, 613
1057, 599, 601
1058, 610, 599
1059, 617, 610
1060, 601, 627
1061, 602, 623
1062, 607, 602
1063, 623, 651
1064, 644, 611
1065, 611, 634
1066, 615, 600
1067, 600, 607
1068, 607, 1098
1069, 616, 617
1070, 617, 1100
1071, 608, 626
1072, 625, 608
1073, 650, 625
1074, 626, 631
1075, 631, 1097
1076, 653, 626
1077, 619, 621
1078, 621, 644
1079, 652, 619
1080, 644, 654
1081, 1205, 645
1082, 1094, 604
1083, 604, 616
1084, 1103, 1094
1085, 616, 648
1086, 614, 615
1087, 662, 614
1088, 615, 1098
1089, 635, 652
1090, 649, 635
1091, 652, 674
1092, 651, 1206
1093, 658, 651
1094, 634, 641
1095, 659, 634
1096, 670, 661
1097, 1101, 650
1098, 650, 655
1099, 632, 643
1100, 645, 632
1101, 671, 645
1102, 646, 1099
1103, 1099, 649
1104, 649, 666
1105, 684, 1099
1106, 1096, 639
1107, 641, 1096
1108, 660, 641
1109, 633, 665
1110, 1102, 633
1111, 639, 628
1112, 628, 642
1113, 689, 675
1114, 647, 639
1115, 627, 636
1116, 1100, 627
1117, 629, 630
1118, 630, 1101
1119, 657, 629
1120, 643, 640
1121, 640, 667
1122, 669, 643
1123, 636, 638
1124, 638, 1102
1125, 677, 636
1126, 648, 656
1127, 1103, 648
1128, 1098, 658
1129, 663, 1098
1130, 658, 664
1131, 654, 659
1132, 688, 654
1133, 659, 676
1134, 655, 653
1135, 653, 670
1136, 670, 680
1137, 685, 655
1138, 1107, 1102
1139, 667, 657
1140, 657, 673
1141, 683, 667
1142, 675, 703
1143, 697, 647
1144, 647, 675
1145, 666, 679
1146, 693, 684
1147, 684, 666
1148, 1102, 678
1149, 710, 694
1150, 706, 689
1151, 689, 668
1152, 672, 691
1153, 656, 1100
1154, 1100, 681
1155, 714, 656
1156, 664, 1207
1157, 1112, 664
1158, 716, 1208
1159, 674, 686
1160, 679, 674
1161, 692, 679
1162, 1107, 708
1163, 1101, 687
1164, 673, 1101
1165, 1104, 673
1166, 637, 1103
1167, 642, 637
1168, 668, 642
1169, 1103, 672
1170, 672, 668
1171, 717, 709
1172, 676, 660
1173, 660, 700
1174, 694, 676
1175, 713, 694
1176, 682, 671
1177, 671, 669
1178, 669, 695
1179, 1097, 646
1180, 661, 1097
1181, 709, 661
1182, 646, 696
1183, 704, 709
1184, 1209, 682
1185, 682, 720
1186, 680, 711
1187, 698, 685
1188, 685, 680
1189, 665, 662
1190, 662, 663
1191, 678, 665
1192, 663, 701
1193, 702, 678
1194, 1106, 699
1195, 708, 712
1196, 738, 708
1197, 705, 692
1198, 692, 1106
1199, 715, 724
1200, 712, 1102
1201, 1102, 722
1202, 728, 712
1203, 696, 693
1204, 693, 705
1205, 721, 704
1206, 704, 696
1207, 705, 1111
1208, 695, 683
1209, 683, 690
1210, 1115, 695
1211, 690, 1104
1212, 726, 690
1213, 1112, 716
1214, 716, 1210
1215, 737, 713
1216, 713, 707
1217, 1111, 1106
1218, 681, 677
1219, 677, 1107
1220, 1109, 681
1221, 1107, 727
1222, 724, 718
1223, 753, 724
1224, 722, 702
1225, 702, 1108
1226, 729, 722
1227, 701, 1112
1228, 1108, 701
1229, 720, 731
1230, 1211, 720
1231, 687, 698
1232, 698, 719
1233, 711, 717
1234, 717, 736
1235, 723, 711
1236, 686, 688
1237, 688, 1110
1238, 699, 686
1239, 744, 699
1240, 718, 706
1241, 691, 714
1242, 706, 691
1243, 714, 725
1244, 732, 718
1245, 1104, 687
1246, 1114, 1104
1247, 687, 733
1248, 725, 1109
1249, 734, 725
1250, 742, 721
1251, 721, 1117
1252, 1110, 710
1253, 710, 735
1254, 757, 1111
1255, 1111, 760
1256, 1115, 726
1257, 726, 1114
1258, 703, 715
1259, 700, 697
1260, 697, 703
1261, 707, 700
1262, 715, 1105
1263, 1105, 707
1264, 746, 738
1265, 738, 728
1266, 728, 729
1267, 729, 740
1268, 1112, 750
1269, 751, 1112
1270, 748, 744
1271, 744, 1110
1272, 1110, 730
1273, 719, 723
1274, 739, 719
1275, 723, 1113
1276, 750, 1212
1277, 755, 750
1278, 743, 746
1279, 746, 771
1280, 727, 743
1281, 1109, 727
1282, 764, 1109
1283, 743, 773
1284, 735, 737
1285, 737, 1120
1286, 747, 735
1287, 736, 742
1288, 1113, 736
1289, 742, 1117
1290, 756, 732
1291, 732, 734
1292, 734, 741
1293, 733, 739
1294, 1114, 733
1295, 745, 1114
1296, 739, 752
1297, 1106, 748
1298, 761, 1106
1299, 748, 1116
1300, 1105, 754
1301, 1120, 1105
1302, 759, 766
1303, 740, 749
1304, 779, 740
1305, 749, 1108
1306, 1108, 751
1307, 758, 749
1308, 762, 745
1309, 745, 770
1310, 731, 1115
1311, 765, 731
1312, 1115, 762
1313, 762, 778
1314, 786, 1115
1315, 730, 747
1316, 1116, 730
1317, 747, 1118
1318, 1117, 757
1319, 757, 776
1320, 1122, 1117
1321, 751, 769
1322, 777, 758
1323, 758, 751
1324, 1118, 772
1325, 774, 1113
1326, 1113, 1122
1327, 741, 764
1328, 1121, 1119
1329, 773, 1121
1330, 764, 773
1331, 1119, 741
1332, 752, 774
1333, 770, 752
1334, 782, 770
1335, 1119, 801
1336, 781, 1119
1337, 763, 1116
1338, 1116, 1118
1339, 1118, 787
1340, 769, 755
1341, 755, 1213
1342, 1214, 792
1343, 783, 769
1344, 780, 779
1345, 779, 798
1346, 798, 777
1347, 777, 797
1348, 811, 798
1349, 768, 763
1350, 763, 802
1351, 772, 1120
1352, 1120, 767
1353, 803, 772
1354, 1121, 771
1355, 754, 753
1356, 753, 756
1357, 756, 759
1358, 784, 754
1359, 759, 788
1360, 774, 795
1361, 796, 774
1362, 1215, 765
1363, 765, 786
1364, 786, 789
1365, 778, 782
1366, 790, 778
1367, 782, 796
1368, 796, 808
1369, 1122, 793
1370, 767, 800
1371, 814, 767
1372, 785, 1122
1373, 1122, 1125
1374, 771, 780
1375, 780, 822
1376, 807, 771
1377, 766, 781
1378, 805, 766
1379, 781, 809
1380, 760, 761
1381, 775, 760
1382, 761, 768
1383, 768, 791
1384, 806, 810
1385, 792, 1123
1386, 797, 783
1387, 783, 792
1388, 817, 797
1389, 787, 804
1390, 802, 787
1391, 815, 802
1392, 841, 811
1393, 811, 820
1394, 819, 812
1395, 794, 790
1396, 790, 831
1397, 1127, 794
1398, 776, 775
1399, 793, 776
1400, 1125, 793
1401, 775, 799
1402, 1123, 1216
1403, 809, 829
1404, 816, 809
1405, 1130, 837
1406, 820, 836
1407, 846, 820
1408, 835, 801
1409, 813, 1132
1410, 795, 1126
1411, 808, 795
1412, 1124, 808
1413, 791, 824
1414, 1128, 791
1415, 834, 1128
1416, 810, 807
1417, 807, 823
1418, 839, 810
1419, 789, 794
1420, 825, 789
1421, 794, 843
1422, 801, 1121
1423, 1121, 806
1424, 806, 813
1425, 813, 801
1426, 836, 817
1427, 817, 1123
1428, 857, 836
1429, 1123, 849
1430, 851, 1123
1431, 1124, 830
1432, 804, 803
1433, 803, 814
1434, 814, 827
1435, 826, 804
1436, 1217, 825
1437, 825, 833
1438, 828, 1125
1439, 1125, 821
1440, 1126, 785
1441, 785, 832
1442, 800, 784
1443, 788, 805
1444, 784, 788
1445, 812, 800
1446, 805, 816
1447, 837, 812
1448, 816, 837
1449, 841, 846
1450, 846, 853
1451, 827, 819
1452, 819, 855
1453, 1131, 827
1454, 1127, 842
1455, 818, 1128
1456, 1128, 876
1457, 799, 818
1458, 821, 799
1459, 1129, 821
1460, 818, 1129
1461, 822, 841
1462, 823, 822
1463, 850, 823
1464, 841, 873
1465, 852, 1127
1466, 1127, 872
1467, 1130, 847
1468, 845, 850
1469, 850, 866
1470, 849, 1218
1471, 1134, 849
1472, 876, 874
1473, 882, 876
1474, 856, 848
1475, 840, 828
1476, 828, 858
1477, 1131, 881
1478, 843, 852
1479, 833, 843
1480, 1219, 833
1481, 852, 885
1482, 831, 1124
1483, 842, 831
1484, 1124, 856
1485, 875, 842
1486, 856, 878
1487, 824, 815
1488, 815, 838
1489, 844, 834
1490, 834, 824
1491, 838, 826
1492, 826, 1131
1493, 1131, 862
1494, 861, 838
1495, 829, 835
1496, 847, 829
1497, 835, 859
1498, 867, 847
1499, 832, 840
1500, 830, 1126
1501, 848, 830
1502, 1126, 832
1503, 871, 848
1504, 840, 860
1505, 863, 865
1506, 900, 863
1507, 1132, 839
1508, 839, 845
1509, 845, 870
1510, 855, 854
1511, 881, 855
1512, 905, 881
1513, 853, 863
1514, 880, 853
1515, 863, 884
1516, 872, 875
1517, 888, 872
1518, 859, 1132
1519, 877, 867
1520, 867, 859
1521, 1132, 1135
1522, 865, 857
1523, 857, 851
1524, 851, 1134
1525, 883, 865
1526, 869, 868
1527, 889, 1220
1528, 917, 900
1529, 900, 883
1530, 883, 895
1531, 870, 892
1532, 1135, 870
1533, 905, 901
1534, 884, 918
1535, 896, 884
1536, 874, 844
1537, 904, 874
1538, 844, 864
1539, 887, 877
1540, 877, 891
1541, 885, 888
1542, 888, 930
1543, 1221, 885
1544, 885, 936
1545, 858, 1129
1546, 1129, 879
1547, 893, 858
1548, 899, 898
1549, 879, 882
1550, 882, 890
1551, 914, 899
1552, 899, 879
1553, 854, 1130
1554, 1130, 887
1555, 901, 854
1556, 1137, 901
1557, 887, 1137
1558, 873, 880
1559, 866, 873
1560, 892, 866
1561, 880, 896
1562, 911, 892
1563, 896, 908
1564, 1133, 871
1565, 860, 894
1566, 871, 860
1567, 907, 1133
1568, 875, 886
1569, 922, 875
1570, 878, 1133
1571, 886, 878
1572, 1133, 903
1573, 1136, 886
1574, 862, 897
1575, 868, 862
1576, 902, 868
1577, 1134, 889
1578, 895, 1134
1579, 889, 920
1580, 937, 895
1581, 891, 906
1582, 926, 891
1583, 920, 1222
1584, 946, 937
1585, 937, 920
1586, 925, 915
1587, 934, 904
1588, 864, 861
1589, 861, 869
1590, 869, 913
1591, 904, 864
1592, 912, 923
1593, 903, 912
1594, 1136, 903
1595, 912, 945
1596, 906, 1135
1597, 1135, 910
1598, 949, 906
1599, 1223, 941
1600, 910, 911
1601, 911, 916
1602, 956, 910
1603, 929, 1138
1604, 890, 934
1605, 919, 890
1606, 918, 917
1607, 917, 929
1608, 935, 918
1609, 929, 962
1610, 967, 931
1611, 1137, 926
1612, 926, 938
1613, 1224, 1139
1614, 940, 927
1615, 1140, 914
1616, 914, 932
1617, 932, 919
1618, 919, 951
1619, 954, 932
1620, 908, 924
1621, 916, 908
1622, 942, 916
1623, 928, 1136
1624, 1136, 943
1625, 894, 893
1626, 898, 1140
1627, 921, 907
1628, 893, 898
1629, 907, 894
1630, 936, 947
1631, 941, 936
1632, 1139, 941
1633, 930, 922
1634, 947, 930
1635, 922, 928
1636, 928, 959
1637, 950, 947
1638, 897, 905
1639, 915, 902
1640, 905, 909
1641, 902, 897
1642, 931, 915
1643, 933, 931
1644, 1138, 946
1645, 946, 971
1646, 913, 925
1647, 925, 960
1648, 934, 913
1649, 944, 934
1650, 945, 953
1651, 952, 945
1652, 948, 949
1653, 949, 957
1654, 924, 935
1655, 935, 965
1656, 970, 924
1657, 979, 950
1658, 950, 975
1659, 954, 969
1660, 939, 940
1661, 940, 985
1662, 927, 1137
1663, 1137, 961
1664, 964, 927
1665, 978, 1269
1666, 973, 942
1667, 942, 970
1668, 970, 980
1669, 951, 944
1670, 955, 951
1671, 944, 988
1672, 957, 958
1673, 1142, 957
1674, 909, 939
1675, 974, 933
1676, 933, 909
1677, 939, 1141
1678, 982, 1138
1679, 1138, 999
1680, 962, 982
1681, 966, 962
1682, 982, 1003
1683, 923, 921
1684, 953, 923
1685, 921, 963
1686, 992, 953
1687, 938, 948
1688, 961, 938
1689, 948, 977
1690, 981, 961
1691, 959, 986
1692, 968, 959
1693, 1225, 1139
1694, 1139, 996
1695, 960, 967
1696, 967, 976
1697, 989, 960
1698, 969, 955
1699, 991, 969
1700, 955, 1004
1701, 943, 952
1702, 986, 943
1703, 952, 984
1704, 1140, 954
1705, 963, 1140
1706, 954, 983
1707, 972, 963
1708, 980, 997
1709, 1000, 980
1710, 1144, 991
1711, 991, 1007
1712, 1141, 1001
1713, 985, 964
1714, 993, 985
1715, 964, 994
1716, 998, 979
1717, 979, 1006
1718, 1006, 1002
1719, 1030, 1006
1720, 965, 966
1721, 997, 965
1722, 966, 1003
1723, 1019, 997
1724, 983, 1144
1725, 987, 983
1726, 1001, 993
1727, 1015, 1001
1728, 993, 1143
1729, 1012, 1017
1730, 1004, 1023
1731, 1007, 1004
1732, 1039, 1007
1733, 1013, 995
1734, 1008, 1033
1735, 977, 1142
1736, 994, 981
1737, 981, 977
1738, 1143, 994
1739, 988, 989
1740, 1023, 988
1741, 989, 1013
1742, 1037, 1023
1743, 1013, 1022
1744, 984, 1005
1745, 1014, 986
1746, 986, 984
1747, 1005, 992
1748, 992, 972
1749, 972, 987
1750, 987, 1018
1751, 1011, 1005
1752, 975, 968
1753, 1002, 975
1754, 968, 1146
1755, 1010, 1002
1756, 958, 956
1757, 956, 973
1758, 973, 1000
1759, 1021, 958
1760, 1000, 1012
1761, 1012, 1024
1762, 996, 998
1763, 1226, 996
1764, 998, 1026
1765, 1048, 1049
1766, 1016, 1038
1767, 976, 974
1768, 974, 1141
1769, 995, 976
1770, 1141, 1008
1771, 1008, 995
1772, 978, 1227
1773, 971, 978
1774, 999, 971
1775, 1009, 999
1776, 1041, 1020
1777, 978, 990
1778, 1144, 1034
1779, 1018, 1144
1780, 1031, 1018
1781, 1027, 1015
1782, 1015, 1045
1783, 1017, 1025
1784, 1228, 1017
1785, 1229, 1010
1786, 1010, 1146
1787, 1046, 1011
1788, 1011, 1016
1789, 1016, 1270
1790, 1044, 1042
1791, 1142, 1021
1792, 1029, 1142
1793, 1021, 1028
1794, 1145, 1041
1795, 990, 1040
1796, 1041, 990
1797, 1003, 1009
1798, 1025, 1019
1799, 1019, 1003
1800, 1020, 1230
1801, 1009, 1020
1802, 1231, 1025
1803, 1040, 1232
1804, 1233, 1040
1805, 1043, 1035
1806, 1034, 1039
1807, 1039, 1054
1808, 1050, 1034
1809, 1036, 1027
1810, 1027, 1234
1811, 1033, 1036
1812, 1032, 1033
1813, 1036, 1235
1814, 1049, 1236
1815, 1237, 1049
1816, 1054, 1238
1817, 1239, 1054
1818, 1240, 1052
1819, 1026, 1030
1820, 1030, 1241
1821, 1242, 1048
1822, 1048, 1026
1823, 1038, 1031
1824, 1051, 1038
1825, 1031, 1047
1826, 1243, 1145
1827, 1146, 1014
1828, 1014, 1046
1829, 1052, 1146
1830, 1046, 1244
1831, 1245, 1052
1832, 1035, 1143
1833, 1143, 1029
1834, 1029, 1053
1835, 1246, 1035
1836, 1024, 1247
1837, 1028, 1024
1838, 1248, 1028
1839, 1145, 1249
1840, 1250, 1145
1841, 1022, 1032
1842, 1042, 1022
1843, 1251, 1042
1844, 1032, 1252
1845, 1253, 1037
1846, 1037, 1044
1847, 1044, 1254
1848, 1053, 1255
1849, 1256, 1053
1850, 1257, 1051
1851, 1051, 1258
1852, 1047, 1050
1853, 1050, 1259
1854, 1260, 1047
1855, 1045, 1043
1856, 1261, 1045
1857, 1043, 1262
