1, 900, 1072
2, 1073, 2
3, 1074, 1
4, 1075, 3
5, 1076, 4
6, 1077, 900
7, 1203, 1078
8, 1079, 5
9, 12, 1080
10, 1206, 1081
11, 1082, 13
12, 17, 1083
13, 2, 12
14, 901, 2
15, 12, 903
16, 10, 1084
17, 1085, 899
18, 5, 15
19, 899, 5
20, 1086, 9
21, 902, 1087
22, 1, 1202
23, 1202, 6
24, 20, 1
25, 9, 1088
26, 1089, 20
27, 22, 9
28, 20, 904
29, 3, 8
30, 23, 3
31, 1090, 11
32, 18, 1091
33, 8, 1203
34, 1203, 16
35, 32, 8
36, 900, 10
37, 21, 900
38, 10, 24
39, 7, 1092
40, 1093, 18
41, 18, 906
42, 1094, 1205
43, 11, 1095
44, 1205, 905
45, 26, 11
46, 14, 1096
47, 1097, 19
48, 4, 14
49, 905, 4
50, 14, 28
51, 1098, 7
52, 907, 1099
53, 7, 31
54, 1100, 907
55, 15, 1101
56, 1102, 902
57, 25, 15
58, 13, 1103
59, 1104, 901
60, 27, 13
61, 6, 1204
62, 1204, 17
63, 17, 37
64, 29, 6
65, 901, 48
66, 35, 901
67, 29, 42
68, 34, 25
69, 25, 36
70, 902, 33
71, 47, 27
72, 27, 35
73, 35, 59
74, 48, 903
75, 33, 22
76, 22, 904
77, 54, 33
78, 49, 32
79, 32, 40
80, 30, 44
81, 906, 26
82, 26, 43
83, 24, 899
84, 899, 45
85, 44, 24
86, 57, 44
87, 31, 41
88, 38, 31
89, 28, 39
90, 905, 28
91, 19, 23
92, 39, 19
93, 52, 39
94, 1105, 907
95, 41, 906
96, 60, 41
97, 43, 46
98, 51, 43
99, 16, 21
100, 40, 16
101, 21, 30
102, 56, 40
103, 30, 50
104, 903, 1106
105, 55, 903
106, 45, 34
107, 34, 58
108, 904, 29
109, 29, 53
110, 87, 1107
111, 63, 45
112, 45, 75
113, 908, 48
114, 48, 62
115, 36, 902
116, 64, 36
117, 902, 67
118, 73, 904
119, 904, 61
120, 906, 912
121, 68, 906
122, 907, 38
123, 38, 71
124, 910, 907
125, 50, 911
126, 69, 50
127, 46, 905
128, 905, 66
129, 909, 46
130, 23, 49
131, 49, 72
132, 84, 23
133, 37, 47
134, 42, 37
135, 78, 42
136, 47, 65
137, 67, 54
138, 54, 73
139, 80, 67
140, 59, 908
141, 74, 59
142, 66, 52
143, 52, 85
144, 81, 66
145, 77, 56
146, 56, 69
147, 69, 88
148, 53, 78
149, 61, 53
150, 79, 61
151, 1108, 910
152, 71, 60
153, 60, 82
154, 89, 71
155, 912, 51
156, 51, 909
157, 911, 57
158, 57, 63
159, 63, 76
160, 58, 70
161, 75, 58
162, 86, 75
163, 62, 55
164, 55, 90
165, 83, 62
166, 100, 83
167, 83, 104
168, 94, 79
169, 79, 920
170, 92, 80
171, 80, 919
172, 73, 94
173, 919, 73
174, 94, 117
175, 70, 64
176, 64, 92
177, 106, 70
178, 92, 107
179, 909, 93
180, 105, 909
181, 72, 77
182, 99, 72
183, 77, 102
184, 88, 98
185, 102, 88
186, 122, 102
187, 85, 84
188, 84, 99
189, 101, 85
190, 99, 112
191, 97, 86
192, 86, 914
193, 95, 89
194, 89, 115
195, 910, 95
196, 1109, 910
197, 95, 915
198, 82, 68
199, 68, 91
200, 103, 82
201, 93, 81
202, 81, 101
203, 917, 93
204, 101, 114
205, 98, 911
206, 911, 113
207, 121, 98
208, 76, 97
209, 111, 76
210, 97, 110
211, 908, 100
212, 913, 908
213, 100, 119
214, 91, 912
215, 912, 108
216, 916, 91
217, 78, 96
218, 920, 78
219, 65, 74
220, 96, 65
221, 74, 913
222, 109, 96
223, 90, 87
224, 87, 1110
225, 104, 90
226, 116, 104
227, 116, 1111
228, 914, 106
229, 107, 124
230, 106, 107
231, 125, 118
232, 919, 117
233, 128, 122
234, 122, 121
235, 121, 127
236, 110, 914
237, 126, 110
238, 914, 129
239, 117, 920
240, 142, 117
241, 118, 109
242, 109, 123
243, 139, 118
244, 114, 130
245, 917, 114
246, 113, 111
247, 111, 126
248, 126, 135
249, 915, 115
250, 916, 918
251, 127, 113
252, 138, 127
253, 113, 131
254, 115, 103
255, 103, 916
256, 916, 141
257, 1112, 915
258, 915, 137
259, 108, 105
260, 105, 917
261, 918, 108
262, 917, 136
263, 112, 120
264, 133, 112
265, 120, 128
266, 128, 132
267, 143, 120
268, 124, 919
269, 134, 124
270, 913, 119
271, 119, 116
272, 140, 119
273, 116, 152
274, 149, 116
275, 919, 146
276, 150, 919
277, 132, 923
278, 160, 132
279, 148, 918
280, 918, 155
281, 129, 145
282, 922, 129
283, 130, 133
284, 924, 130
285, 133, 151
286, 158, 115
287, 115, 154
288, 1113, 144
289, 131, 147
290, 167, 131
291, 123, 913
292, 921, 123
293, 913, 156
294, 920, 125
295, 125, 153
296, 169, 920
297, 159, 140
298, 140, 149
299, 149, 162
300, 923, 138
301, 138, 167
302, 146, 142
303, 142, 171
304, 165, 146
305, 135, 922
306, 147, 135
307, 153, 139
308, 139, 921
309, 152, 1114
310, 141, 148
311, 154, 141
312, 148, 161
313, 151, 143
314, 143, 168
315, 172, 151
316, 137, 163
317, 144, 137
318, 164, 144
319, 136, 924
320, 170, 136
321, 145, 134
322, 134, 157
323, 166, 145
324, 173, 152
325, 152, 1115
326, 921, 178
327, 194, 921
328, 157, 150
329, 150, 174
330, 183, 157
331, 156, 159
332, 178, 156
333, 159, 935
334, 933, 178
335, 175, 147
336, 147, 184
337, 171, 169
338, 169, 179
339, 925, 171
340, 179, 153
341, 153, 194
342, 193, 179
343, 922, 181
344, 187, 922
345, 155, 170
346, 176, 155
347, 170, 931
348, 180, 172
349, 172, 936
350, 181, 166
351, 166, 183
352, 183, 927
353, 932, 181
354, 168, 160
355, 160, 182
356, 936, 168
357, 182, 923
358, 923, 191
359, 929, 182
360, 161, 176
361, 928, 161
362, 176, 188
363, 177, 154
364, 154, 928
365, 1116, 164
366, 164, 189
367, 167, 175
368, 185, 167
369, 175, 190
370, 924, 180
371, 931, 924
372, 180, 196
373, 163, 158
374, 158, 177
375, 189, 163
376, 177, 192
377, 930, 189
378, 174, 165
379, 165, 925
380, 186, 174
381, 162, 173
382, 197, 162
383, 173, 934
384, 933, 935
385, 204, 925
386, 191, 926
387, 929, 191
388, 932, 205
389, 926, 185
390, 185, 198
391, 196, 207
392, 203, 196
393, 927, 186
394, 186, 204
395, 204, 212
396, 199, 202
397, 192, 200
398, 930, 192
399, 207, 936
400, 214, 207
401, 188, 195
402, 928, 188
403, 936, 929
404, 929, 216
405, 1117, 930
406, 200, 928
407, 213, 200
408, 928, 209
409, 195, 931
410, 217, 195
411, 184, 187
412, 190, 184
413, 187, 201
414, 198, 190
415, 211, 198
416, 208, 932
417, 932, 215
418, 925, 193
419, 193, 199
420, 199, 218
421, 206, 933
422, 933, 219
423, 935, 197
424, 197, 934
425, 934, 1118
426, 210, 934
427, 223, 935
428, 935, 244
429, 201, 208
430, 221, 201
431, 208, 225
432, 228, 936
433, 936, 230
434, 938, 1119
435, 232, 926
436, 926, 937
437, 931, 203
438, 203, 231
439, 238, 931
440, 930, 222
441, 240, 930
442, 209, 220
443, 237, 209
444, 205, 927
445, 226, 205
446, 927, 224
447, 245, 925
448, 925, 233
449, 194, 206
450, 202, 194
451, 229, 202
452, 206, 241
453, 212, 245
454, 224, 212
455, 243, 224
456, 249, 210
457, 210, 938
458, 227, 217
459, 217, 238
460, 238, 253
461, 231, 214
462, 214, 235
463, 250, 231
464, 216, 232
465, 230, 216
466, 252, 230
467, 232, 247
468, 937, 211
469, 211, 221
470, 221, 234
471, 215, 226
472, 225, 215
473, 226, 251
474, 218, 236
475, 242, 218
476, 1120, 246
477, 222, 213
478, 213, 237
479, 248, 222
480, 237, 254
481, 219, 239
482, 241, 219
483, 263, 243
484, 243, 269
485, 260, 241
486, 241, 276
487, 239, 223
488, 223, 256
489, 274, 239
490, 264, 937
491, 937, 271
492, 234, 258
493, 271, 234
494, 288, 271
495, 244, 249
496, 256, 244
497, 249, 939
498, 273, 256
499, 938, 1121
500, 939, 938
501, 258, 225
502, 225, 948
503, 282, 258
504, 247, 264
505, 281, 247
506, 264, 279
507, 236, 229
508, 229, 260
509, 280, 236
510, 260, 267
511, 254, 259
512, 268, 254
513, 253, 261
514, 278, 253
515, 235, 228
516, 228, 262
517, 265, 235
518, 251, 263
519, 948, 251
520, 263, 941
521, 246, 240
522, 240, 255
523, 1122, 246
524, 255, 248
525, 248, 944
526, 272, 255
527, 220, 227
528, 259, 220
529, 227, 270
530, 946, 259
531, 233, 242
532, 257, 233
533, 242, 283
534, 261, 250
535, 250, 265
536, 947, 261
537, 265, 945
538, 262, 252
539, 252, 285
540, 266, 262
541, 245, 257
542, 269, 245
543, 284, 269
544, 257, 277
545, 289, 939
546, 939, 940
547, 940, 1123
548, 276, 943
549, 267, 276
550, 275, 267
551, 287, 285
552, 279, 292
553, 948, 941
554, 942, 280
555, 280, 275
556, 275, 296
557, 294, 282
558, 282, 948
559, 306, 282
560, 941, 293
561, 304, 941
562, 277, 290
563, 284, 277
564, 283, 942
565, 290, 283
566, 298, 290
567, 943, 274
568, 274, 273
569, 273, 289
570, 289, 297
571, 947, 945
572, 1124, 272
573, 272, 291
574, 291, 944
575, 303, 291
576, 944, 268
577, 268, 946
578, 945, 266
579, 266, 287
580, 287, 299
581, 270, 278
582, 946, 270
583, 302, 946
584, 295, 947
585, 947, 301
586, 286, 281
587, 281, 279
588, 279, 300
589, 942, 309
590, 324, 942
591, 285, 286
592, 949, 285
593, 286, 950
594, 292, 288
595, 288, 294
596, 315, 292
597, 294, 954
598, 278, 295
599, 312, 278
600, 295, 318
601, 948, 951
602, 323, 948
603, 308, 943
604, 943, 320
605, 310, 945
606, 945, 305
607, 307, 944
608, 944, 952
609, 1125, 311
610, 293, 284
611, 319, 293
612, 284, 326
613, 316, 940
614, 940, 955
615, 296, 308
616, 309, 296
617, 329, 309
618, 308, 314
619, 954, 306
620, 306, 323
621, 326, 298
622, 298, 324
623, 299, 949
624, 305, 299
625, 322, 305
626, 300, 321
627, 950, 300
628, 951, 304
629, 304, 327
630, 301, 310
631, 325, 301
632, 310, 328
633, 952, 302
634, 302, 313
635, 311, 303
636, 303, 307
637, 307, 330
638, 317, 311
639, 955, 1126
640, 297, 316
641, 320, 297
642, 340, 320
643, 320, 346
644, 327, 319
645, 319, 338
646, 962, 327
647, 314, 340
648, 953, 314
649, 340, 351
650, 336, 950
651, 950, 342
652, 324, 339
653, 343, 324
654, 328, 335
655, 966, 328
656, 338, 326
657, 326, 343
658, 961, 338
659, 343, 964
660, 337, 951
661, 951, 962
662, 1127, 317
663, 317, 959
664, 949, 336
665, 963, 949
666, 336, 353
667, 333, 952
668, 952, 344
669, 321, 315
670, 315, 334
671, 342, 321
672, 965, 342
673, 339, 329
674, 329, 953
675, 956, 339
676, 335, 322
677, 322, 963
678, 958, 335
679, 334, 954
680, 954, 349
681, 350, 334
682, 323, 337
683, 366, 323
684, 337, 352
685, 330, 333
686, 345, 330
687, 333, 960
688, 313, 312
689, 312, 331
690, 347, 313
691, 318, 325
692, 331, 318
693, 325, 966
694, 957, 331
695, 332, 955
696, 955, 1128
697, 316, 332
698, 341, 316
699, 332, 348
700, 346, 341
701, 361, 346
702, 341, 355
703, 966, 958
704, 348, 1129
705, 355, 348
706, 372, 355
707, 961, 964
708, 358, 357
709, 964, 956
710, 351, 361
711, 357, 351
712, 361, 368
713, 374, 357
714, 965, 350
715, 350, 362
716, 349, 366
717, 362, 349
718, 369, 362
719, 354, 347
720, 347, 957
721, 957, 356
722, 378, 957
723, 958, 360
724, 376, 958
725, 353, 965
726, 363, 353
727, 352, 359
728, 366, 352
729, 1130, 959
730, 359, 962
731, 371, 359
732, 959, 345
733, 345, 960
734, 344, 354
735, 960, 344
736, 354, 364
737, 375, 960
738, 365, 363
739, 363, 373
740, 953, 358
741, 956, 953
742, 358, 367
743, 370, 956
744, 962, 961
745, 961, 377
746, 963, 365
747, 360, 963
748, 381, 360
749, 365, 384
750, 367, 382
751, 967, 367
752, 380, 964
753, 964, 968
754, 368, 379
755, 972, 368
756, 388, 1131
757, 965, 971
758, 975, 965
759, 976, 962
760, 962, 974
761, 364, 386
762, 970, 364
763, 356, 966
764, 966, 969
765, 391, 356
766, 973, 366
767, 366, 385
768, 390, 959
769, 959, 383
770, 387, 374
771, 374, 972
772, 379, 372
773, 372, 392
774, 394, 379
775, 968, 370
776, 370, 967
777, 373, 975
778, 389, 373
779, 385, 371
780, 371, 976
781, 395, 385
782, 969, 376
783, 376, 381
784, 381, 393
785, 377, 380
786, 974, 377
787, 380, 397
788, 1132, 390
789, 386, 378
790, 378, 396
791, 383, 375
792, 375, 970
793, 971, 369
794, 369, 973
795, 967, 404
796, 981, 967
797, 972, 407
798, 421, 972
799, 392, 388
800, 388, 1133
801, 413, 392
802, 973, 405
803, 412, 973
804, 401, 974
805, 974, 410
806, 396, 391
807, 391, 398
808, 983, 396
809, 399, 971
810, 971, 412
811, 412, 980
812, 397, 403
813, 410, 397
814, 416, 410
815, 403, 968
816, 968, 981
817, 417, 403
818, 384, 389
819, 402, 384
820, 389, 408
821, 406, 383
822, 383, 415
823, 407, 394
824, 394, 419
825, 428, 407
826, 400, 386
827, 386, 983
828, 405, 395
829, 395, 977
830, 423, 405
831, 970, 400
832, 426, 970
833, 400, 979
834, 390, 406
835, 1134, 390
836, 406, 420
837, 398, 969
838, 969, 411
839, 414, 398
840, 393, 402
841, 982, 393
842, 402, 409
843, 975, 399
844, 408, 975
845, 399, 425
846, 978, 408
847, 976, 401
848, 977, 976
849, 401, 427
850, 382, 387
851, 404, 382
852, 387, 424
853, 418, 404
854, 430, 417
855, 418, 431
856, 977, 427
857, 428, 432
858, 982, 422
859, 423, 977
860, 978, 425
861, 411, 982
862, 429, 411
863, 425, 980
864, 434, 425
865, 427, 416
866, 416, 430
867, 441, 427
868, 421, 428
869, 428, 443
870, 409, 978
871, 422, 409
872, 437, 422
873, 1135, 420
874, 979, 983
875, 419, 413
876, 413, 1136
877, 432, 419
878, 426, 979
879, 979, 439
880, 415, 426
881, 420, 415
882, 442, 420
883, 426, 433
884, 983, 414
885, 414, 429
886, 429, 436
887, 980, 423
888, 423, 438
889, 417, 981
890, 440, 417
891, 981, 418
892, 418, 435
893, 984, 981
894, 981, 447
895, 982, 456
896, 989, 982
897, 977, 459
898, 453, 977
899, 988, 983
900, 983, 990
901, 978, 991
902, 444, 978
903, 433, 451
904, 446, 433
905, 1137, 457
906, 445, 980
907, 980, 452
908, 424, 421
909, 431, 424
910, 449, 431
911, 421, 987
912, 430, 448
913, 985, 430
914, 454, 432
915, 432, 986
916, 986, 1138
917, 438, 453
918, 458, 438
919, 453, 463
920, 443, 454
921, 987, 443
922, 435, 449
923, 447, 435
924, 455, 447
925, 449, 462
926, 991, 434
927, 434, 445
928, 445, 461
929, 439, 988
930, 451, 439
931, 448, 440
932, 440, 984
933, 460, 448
934, 436, 989
935, 990, 436
936, 457, 442
937, 442, 446
938, 446, 464
939, 459, 441
940, 441, 985
941, 456, 437
942, 437, 444
943, 444, 450
944, 471, 986
945, 986, 1139
946, 452, 458
947, 469, 452
948, 458, 994
949, 463, 472
950, 994, 463
951, 473, 460
952, 460, 476
953, 468, 455
954, 455, 478
955, 467, 987
956, 987, 486
957, 472, 459
958, 459, 997
959, 996, 472
960, 988, 465
961, 475, 988
962, 464, 474
963, 481, 464
964, 450, 470
965, 992, 450
966, 989, 466
967, 1000, 989
968, 1140, 457
969, 457, 480
970, 984, 468
971, 476, 984
972, 487, 476
973, 468, 489
974, 474, 451
975, 451, 475
976, 475, 496
977, 479, 474
978, 465, 990
979, 990, 1000
980, 488, 465
981, 466, 456
982, 456, 992
983, 995, 466
984, 470, 991
985, 991, 477
986, 483, 470
987, 461, 469
988, 477, 461
989, 469, 993
990, 485, 477
991, 985, 473
992, 997, 985
993, 473, 500
994, 454, 471
995, 484, 454
996, 471, 482
997, 462, 467
998, 478, 462
999, 491, 478
1000, 467, 498
1001, 992, 493
1002, 993, 994
1003, 492, 495
1004, 998, 491
1005, 491, 498
1006, 489, 998
1007, 495, 489
1008, 511, 495
1009, 997, 500
1010, 482, 1141
1011, 994, 996
1012, 490, 484
1013, 484, 482
1014, 482, 506
1015, 499, 479
1016, 479, 502
1017, 488, 1000
1018, 995, 992
1019, 500, 501
1020, 504, 500
1021, 503, 488
1022, 488, 510
1023, 480, 999
1024, 1142, 480
1025, 1000, 995
1026, 995, 505
1027, 493, 483
1028, 483, 485
1029, 513, 493
1030, 497, 993
1031, 993, 507
1032, 999, 481
1033, 481, 499
1034, 499, 512
1035, 996, 997
1036, 508, 996
1037, 498, 494
1038, 509, 498
1039, 514, 1143
1040, 997, 1001
1041, 1004, 997
1042, 486, 490
1043, 494, 486
1044, 490, 519
1045, 531, 494
1046, 515, 994
1047, 994, 540
1048, 998, 533
1049, 517, 998
1050, 536, 999
1051, 999, 522
1052, 524, 1000
1053, 1000, 1002
1054, 992, 534
1055, 516, 992
1056, 496, 503
1057, 502, 496
1058, 527, 502
1059, 503, 545
1060, 485, 497
1061, 518, 485
1062, 497, 528
1063, 501, 487
1064, 487, 492
1065, 492, 520
1066, 523, 501
1067, 533, 509
1068, 509, 541
1069, 521, 511
1070, 511, 529
1071, 507, 515
1072, 537, 507
1073, 515, 532
1074, 506, 514
1075, 525, 506
1076, 514, 1207
1077, 510, 524
1078, 545, 510
1079, 505, 516
1080, 1002, 505
1081, 516, 538
1082, 1001, 504
1083, 504, 523
1084, 523, 544
1085, 512, 530
1086, 526, 512
1087, 542, 508
1088, 508, 1004
1089, 1144, 543
1090, 539, 513
1091, 513, 518
1092, 518, 535
1093, 547, 533
1094, 533, 562
1095, 535, 550
1096, 564, 535
1097, 528, 537
1098, 550, 528
1099, 537, 1003
1100, 567, 550
1101, 520, 521
1102, 549, 520
1103, 521, 1005
1104, 540, 542
1105, 554, 540
1106, 542, 1012
1107, 556, 1207
1108, 534, 539
1109, 553, 534
1110, 539, 572
1111, 538, 553
1112, 560, 538
1113, 553, 566
1114, 552, 1002
1115, 1002, 560
1116, 560, 570
1117, 543, 536
1118, 536, 548
1119, 1145, 543
1120, 530, 527
1121, 527, 555
1122, 1007, 530
1123, 544, 549
1124, 557, 544
1125, 549, 1010
1126, 529, 517
1127, 517, 547
1128, 559, 529
1129, 547, 576
1130, 519, 525
1131, 546, 519
1132, 525, 556
1133, 556, 1006
1134, 555, 545
1135, 545, 558
1136, 1008, 555
1137, 532, 554
1138, 1003, 532
1139, 554, 1011
1140, 551, 1001
1141, 1001, 557
1142, 1004, 551
1143, 1012, 1004
1144, 551, 571
1145, 522, 526
1146, 548, 522
1147, 526, 1007
1148, 565, 548
1149, 524, 552
1150, 558, 524
1151, 552, 563
1152, 541, 531
1153, 531, 546
1154, 561, 541
1155, 546, 569
1156, 1013, 1010
1157, 1005, 559
1158, 559, 576
1159, 569, 1006
1160, 1006, 1146
1161, 584, 1006
1162, 574, 567
1163, 567, 583
1164, 562, 568
1165, 576, 562
1166, 588, 576
1167, 1009, 558
1168, 558, 563
1169, 1011, 578
1170, 557, 1013
1171, 577, 557
1172, 572, 564
1173, 564, 574
1174, 574, 592
1175, 575, 582
1176, 573, 565
1177, 565, 1007
1178, 1147, 573
1179, 573, 594
1180, 571, 577
1181, 1012, 571
1182, 577, 587
1183, 570, 580
1184, 563, 570
1185, 591, 563
1186, 1007, 1008
1187, 579, 1007
1188, 566, 575
1189, 580, 566
1190, 575, 590
1191, 568, 561
1192, 561, 569
1193, 569, 593
1194, 586, 568
1195, 1008, 1009
1196, 589, 1008
1197, 1010, 1005
1198, 595, 1010
1199, 1005, 585
1200, 581, 1003
1201, 1003, 1011
1202, 1011, 596
1203, 608, 580
1204, 580, 609
1205, 582, 572
1206, 572, 602
1207, 599, 582
1208, 578, 1012
1209, 604, 578
1210, 1012, 616
1211, 1013, 615
1212, 597, 1013
1213, 1009, 613
1214, 600, 1009
1215, 583, 581
1216, 603, 583
1217, 581, 1016
1218, 622, 584
1219, 584, 1015
1220, 1148, 607
1221, 619, 579
1222, 579, 614
1223, 585, 621
1224, 598, 585
1225, 606, 586
1226, 586, 1014
1227, 587, 597
1228, 625, 587
1229, 597, 618
1230, 620, 595
1231, 595, 601
1232, 592, 603
1233, 605, 592
1234, 603, 627
1235, 623, 588
1236, 588, 606
1237, 606, 624
1238, 590, 599
1239, 609, 590
1240, 599, 617
1241, 593, 622
1242, 1014, 593
1243, 594, 619
1244, 612, 594
1245, 614, 589
1246, 589, 600
1247, 600, 610
1248, 626, 614
1249, 596, 611
1250, 1016, 596
1251, 613, 591
1252, 591, 608
1253, 1015, 1149
1254, 632, 1014
1255, 1014, 1026
1256, 635, 609
1257, 609, 1020
1258, 615, 620
1259, 634, 615
1260, 620, 646
1261, 637, 1015
1262, 1015, 1150
1263, 622, 637
1264, 1026, 622
1265, 637, 1017
1266, 633, 626
1267, 626, 642
1268, 616, 625
1269, 628, 616
1270, 625, 638
1271, 618, 634
1272, 638, 618
1273, 634, 1018
1274, 653, 638
1275, 617, 630
1276, 1020, 617
1277, 601, 598
1278, 598, 629
1279, 1024, 601
1280, 624, 632
1281, 643, 624
1282, 632, 654
1283, 636, 1016
1284, 1016, 1025
1285, 611, 604
1286, 604, 628
1287, 649, 611
1288, 628, 1023
1289, 631, 613
1290, 613, 1021
1291, 607, 612
1292, 1151, 607
1293, 612, 1022
1294, 610, 631
1295, 642, 610
1296, 631, 641
1297, 619, 633
1298, 644, 619
1299, 633, 652
1300, 621, 623
1301, 629, 621
1302, 623, 648
1303, 647, 629
1304, 627, 636
1305, 640, 627
1306, 636, 658
1307, 608, 635
1308, 639, 608
1309, 635, 650
1310, 602, 605
1311, 630, 602
1312, 605, 1019
1313, 645, 630
1314, 1017, 1152
1315, 1025, 649
1316, 649, 1023
1317, 1026, 1017
1318, 1017, 671
1319, 654, 1026
1320, 659, 654
1321, 658, 1025
1322, 646, 1024
1323, 1018, 646
1324, 662, 1018
1325, 1018, 674
1326, 651, 1019
1327, 1019, 640
1328, 640, 658
1329, 658, 667
1330, 665, 1019
1331, 1020, 645
1332, 645, 651
1333, 651, 676
1334, 656, 1021
1335, 1022, 644
1336, 652, 664
1337, 644, 652
1338, 1021, 639
1339, 639, 650
1340, 666, 1021
1341, 1024, 647
1342, 647, 660
1343, 648, 655
1344, 660, 648
1345, 669, 660
1346, 664, 661
1347, 673, 664
1348, 1153, 1022
1349, 1023, 653
1350, 668, 1023
1351, 657, 642
1352, 641, 656
1353, 642, 641
1354, 656, 670
1355, 650, 663
1356, 672, 650
1357, 655, 643
1358, 643, 659
1359, 659, 675
1360, 653, 662
1361, 662, 1029
1362, 682, 653
1363, 695, 1024
1364, 1024, 1028
1365, 661, 657
1366, 688, 661
1367, 657, 678
1368, 1025, 685
1369, 701, 1025
1370, 1026, 687
1371, 681, 1026
1372, 663, 1020
1373, 1020, 680
1374, 697, 663
1375, 1027, 666
1376, 666, 689
1377, 1022, 684
1378, 683, 1022
1379, 679, 655
1380, 655, 693
1381, 699, 665
1382, 665, 677
1383, 694, 1154
1384, 667, 701
1385, 677, 667
1386, 704, 677
1387, 674, 695
1388, 1029, 674
1389, 675, 691
1390, 693, 675
1391, 702, 693
1392, 1028, 669
1393, 669, 679
1394, 679, 698
1395, 684, 673
1396, 673, 688
1397, 689, 672
1398, 672, 697
1399, 676, 700
1400, 680, 676
1401, 692, 668
1402, 668, 686
1403, 1155, 690
1404, 670, 1027
1405, 678, 670
1406, 703, 678
1407, 671, 696
1408, 687, 671
1409, 696, 694
1410, 694, 1156
1411, 716, 696
1412, 698, 708
1413, 715, 698
1414, 712, 1028
1415, 1028, 725
1416, 708, 702
1417, 702, 722
1418, 738, 708
1419, 685, 692
1420, 707, 685
1421, 692, 717
1422, 714, 687
1423, 687, 716
1424, 716, 729
1425, 711, 684
1426, 684, 720
1427, 695, 712
1428, 724, 695
1429, 712, 735
1430, 1027, 710
1431, 718, 1027
1432, 697, 705
1433, 726, 697
1434, 700, 699
1435, 699, 713
1436, 737, 700
1437, 713, 704
1438, 704, 728
1439, 733, 713
1440, 709, 1029
1441, 1029, 724
1442, 691, 681
1443, 681, 714
1444, 732, 691
1445, 714, 1031
1446, 690, 683
1447, 683, 711
1448, 1157, 690
1449, 711, 727
1450, 706, 703
1451, 703, 718
1452, 718, 1034
1453, 688, 706
1454, 730, 688
1455, 706, 739
1456, 710, 689
1457, 689, 1039
1458, 734, 710
1459, 705, 680
1460, 680, 723
1461, 731, 705
1462, 686, 682
1463, 682, 709
1464, 717, 686
1465, 1035, 717
1466, 709, 1030
1467, 701, 707
1468, 721, 701
1469, 707, 719
1470, 1036, 1158
1471, 723, 740
1472, 741, 731
1473, 731, 723
1474, 1035, 1030
1475, 736, 1031
1476, 1037, 735
1477, 724, 1037
1478, 1030, 724
1479, 752, 1030
1480, 722, 732
1481, 738, 722
1482, 737, 733
1483, 733, 744
1484, 744, 1038
1485, 745, 744
1486, 1159, 727
1487, 1032, 730
1488, 739, 743
1489, 730, 739
1490, 728, 721
1491, 1038, 728
1492, 721, 742
1493, 735, 1033
1494, 751, 735
1495, 720, 1032
1496, 727, 720
1497, 747, 727
1498, 1034, 734
1499, 725, 715
1500, 715, 738
1501, 1033, 725
1502, 738, 746
1503, 729, 1036
1504, 1031, 729
1505, 749, 1031
1506, 734, 1039
1507, 753, 734
1508, 743, 1034
1509, 748, 743
1510, 1039, 726
1511, 726, 741
1512, 741, 750
1513, 719, 1035
1514, 742, 719
1515, 754, 742
1516, 1036, 1048
1517, 759, 1036
1518, 1037, 764
1519, 757, 1037
1520, 1034, 756
1521, 1041, 1034
1522, 732, 736
1523, 736, 758
1524, 762, 732
1525, 1046, 1038
1526, 1038, 767
1527, 1035, 770
1528, 1044, 1035
1529, 1032, 1042
1530, 760, 1032
1531, 763, 1039
1532, 1039, 1043
1533, 1045, 1033
1534, 1033, 1040
1535, 1160, 755
1536, 740, 737
1537, 768, 740
1538, 737, 1047
1539, 765, 749
1540, 749, 759
1541, 759, 772
1542, 746, 762
1543, 1040, 746
1544, 770, 752
1545, 752, 757
1546, 757, 769
1547, 774, 770
1548, 764, 751
1549, 751, 1045
1550, 1048, 1161
1551, 1042, 748
1552, 748, 1041
1553, 761, 753
1554, 753, 766
1555, 750, 768
1556, 1043, 750
1557, 1047, 745
1558, 745, 1046
1559, 767, 754
1560, 754, 1044
1561, 773, 767
1562, 755, 747
1563, 747, 760
1564, 771, 755
1565, 1044, 783
1566, 1050, 1044
1567, 778, 1040
1568, 1040, 1049
1569, 783, 774
1570, 774, 786
1571, 799, 783
1572, 760, 777
1573, 788, 760
1574, 1045, 778
1575, 1058, 1045
1576, 778, 800
1577, 766, 763
1578, 763, 782
1579, 794, 766
1580, 1046, 775
1581, 1054, 1046
1582, 775, 773
1583, 773, 1050
1584, 796, 775
1585, 780, 764
1586, 764, 1058
1587, 758, 765
1588, 776, 758
1589, 765, 790
1590, 772, 781
1591, 785, 772
1592, 1041, 784
1593, 797, 1041
1594, 779, 1047
1595, 1047, 1054
1596, 1162, 771
1597, 771, 1053
1598, 768, 779
1599, 789, 768
1600, 779, 795
1601, 769, 780
1602, 1057, 769
1603, 780, 1051
1604, 781, 1048
1605, 1048, 1163
1606, 1056, 781
1607, 777, 1042
1608, 1042, 797
1609, 801, 777
1610, 797, 807
1611, 756, 761
1612, 784, 756
1613, 761, 802
1614, 792, 784
1615, 782, 1043
1616, 1043, 1052
1617, 787, 782
1618, 762, 776
1619, 791, 762
1620, 776, 793
1621, 800, 1049
1622, 1050, 808
1623, 1057, 1051
1624, 793, 1055
1625, 804, 792
1626, 792, 802
1627, 809, 1052
1628, 1164, 1053
1629, 1054, 796
1630, 796, 803
1631, 803, 1050
1632, 1050, 814
1633, 824, 803
1634, 1049, 791
1635, 791, 793
1636, 813, 1049
1637, 793, 822
1638, 1053, 788
1639, 788, 801
1640, 810, 1053
1641, 805, 806
1642, 801, 807
1643, 815, 801
1644, 811, 804
1645, 804, 817
1646, 802, 794
1647, 794, 787
1648, 787, 809
1649, 812, 802
1650, 809, 818
1651, 798, 789
1652, 795, 805
1653, 789, 795
1654, 805, 823
1655, 1051, 1058
1656, 816, 1051
1657, 790, 785
1658, 1055, 790
1659, 785, 1056
1660, 1056, 1165
1661, 821, 1056
1662, 786, 1057
1663, 808, 799
1664, 799, 786
1665, 820, 808
1666, 1058, 800
1667, 800, 819
1668, 839, 1055
1669, 1055, 1059
1670, 806, 1054
1671, 1054, 836
1672, 838, 806
1673, 807, 811
1674, 1063, 807
1675, 811, 850
1676, 1057, 826
1677, 828, 1057
1678, 814, 1062
1679, 1061, 814
1680, 833, 812
1681, 812, 1060
1682, 841, 810
1683, 810, 835
1684, 1052, 798
1685, 829, 1052
1686, 798, 827
1687, 825, 813
1688, 813, 832
1689, 830, 1058
1690, 1058, 840
1691, 834, 1166
1692, 819, 825
1693, 845, 819
1694, 825, 837
1695, 1059, 821
1696, 821, 834
1697, 834, 852
1698, 826, 816
1699, 816, 831
1700, 843, 826
1701, 823, 848
1702, 827, 823
1703, 846, 827
1704, 822, 844
1705, 832, 822
1706, 851, 832
1707, 1062, 820
1708, 820, 828
1709, 828, 842
1710, 817, 833
1711, 850, 817
1712, 835, 815
1713, 815, 1063
1714, 847, 835
1715, 818, 829
1716, 1060, 818
1717, 836, 824
1718, 824, 1061
1719, 849, 836
1720, 1167, 841
1721, 844, 839
1722, 839, 859
1723, 866, 844
1724, 852, 1168
1725, 880, 852
1726, 861, 851
1727, 851, 866
1728, 866, 877
1729, 859, 1059
1730, 1059, 872
1731, 1066, 859
1732, 831, 830
1733, 830, 856
1734, 863, 831
1735, 833, 854
1736, 864, 833
1737, 829, 853
1738, 873, 829
1739, 1061, 862
1740, 883, 1061
1741, 862, 1062
1742, 1062, 1071
1743, 889, 862
1744, 840, 845
1745, 856, 840
1746, 845, 1067
1747, 868, 856
1748, 853, 846
1749, 846, 884
1750, 869, 853
1751, 855, 847
1752, 847, 1069
1753, 858, 850
1754, 850, 864
1755, 860, 849
1756, 849, 875
1757, 842, 857
1758, 867, 842
1759, 837, 861
1760, 865, 837
1761, 861, 870
1762, 1063, 858
1763, 1069, 1063
1764, 858, 876
1765, 854, 1060
1766, 1060, 890
1767, 1064, 854
1768, 848, 838
1769, 838, 860
1770, 1068, 848
1771, 860, 871
1772, 841, 855
1773, 1169, 841
1774, 855, 893
1775, 857, 843
1776, 843, 863
1777, 863, 887
1778, 874, 857
1779, 882, 874
1780, 874, 1070
1781, 890, 873
1782, 873, 869
1783, 869, 885
1784, 870, 894
1785, 886, 870
1786, 878, 1064
1787, 875, 1065
1788, 888, 875
1789, 864, 878
1790, 891, 864
1791, 1065, 883
1792, 883, 889
1793, 872, 879
1794, 1066, 872
1795, 892, 1170
1796, 1071, 867
1797, 867, 882
1798, 882, 1171
1799, 881, 1067
1800, 893, 897
1801, 1172, 893
1802, 876, 891
1803, 1069, 876
1804, 891, 1173
1805, 871, 888
1806, 1068, 871
1807, 888, 1174
1808, 1067, 865
1809, 865, 886
1810, 886, 1175
1811, 896, 1067
1812, 897, 1069
1813, 1176, 897
1814, 1069, 895
1815, 887, 868
1816, 868, 881
1817, 1070, 887
1818, 881, 1177
1819, 1064, 890
1820, 1178, 1064
1821, 885, 898
1822, 1179, 885
1823, 889, 1071
1824, 1180, 889
1825, 877, 1066
1826, 1066, 1181
1827, 894, 877
1828, 1182, 894
1829, 877, 1183
1830, 879, 880
1831, 880, 892
1832, 1184, 879
1833, 892, 1185
1834, 1186, 1065
1835, 1065, 1187
1836, 1071, 1188
1837, 1189, 1071
1838, 895, 1190
1839, 1191, 895
1840, 890, 1192
1841, 1193, 890
1842, 884, 1068
1843, 898, 884
1844, 1068, 1194
1845, 1195, 898
1846, 878, 1196
1847, 1197, 878
1848, 1198, 1070
1849, 1070, 1199
1850, 1200, 896
1851, 896, 1201
