1, 1371, 1092
2, 1372, 79
3, 1373, 109
4, 1374, 152
5, 1375, 197
6, 1376, 241
7, 1377, 1093
8, 1378, 327
9, 1379, 365
10, 1380, 1094
11, 1381, 449
12, 1382, 466
13, 1383, 511
14, 1384, 1095
15, 1385, 1096
16, 1386, 649
17, 1387, 689
18, 1388, 729
19, 1389, 780
20, 1390, 810
21, 1391, 1097
22, 1392, 888
23, 1393, 1098
24, 1394, 970
25, 1395, 1012
26, 1396, 1099
27, 1092, 1397
28, 79, 1092
29, 1092, 35
30, 109, 79
31, 79, 1100
32, 152, 109
33, 109, 1101
34, 197, 152
35, 152, 150
36, 241, 197
37, 257, 241
38, 197, 203
39, 1093, 257
40, 257, 247
41, 327, 1093
42, 1093, 293
43, 357, 327
44, 327, 1107
45, 365, 357
46, 1094, 365
47, 357, 361
48, 442, 1094
49, 1094, 398
50, 449, 442
51, 466, 449
52, 475, 466
53, 442, 1108
54, 511, 475
55, 520, 511
56, 475, 477
57, 1095, 520
58, 520, 515
59, 1096, 1095
60, 1095, 1111
61, 639, 1096
62, 1096, 1103
63, 649, 639
64, 679, 649
65, 639, 637
66, 689, 679
67, 729, 689
68, 739, 729
69, 679, 680
70, 780, 739
71, 739, 735
72, 810, 780
73, 780, 781
74, 1097, 810
75, 810, 815
76, 880, 1097
77, 1097, 1104
78, 888, 880
79, 1098, 888
80, 880, 882
81, 970, 1098
82, 978, 970
83, 1098, 1105
84, 1012, 978
85, 978, 976
86, 1099, 1012
87, 1012, 1106
88, 1491, 1099
89, 1099, 1042
90, 1491, 1492
91, 35, 1398
92, 1100, 35
93, 35, 31
94, 1101, 1100
95, 1100, 77
96, 150, 1101
97, 160, 150
98, 192, 160
99, 160, 158
100, 203, 192
101, 247, 203
102, 192, 194
103, 280, 247
104, 247, 248
105, 293, 285
106, 1107, 293
107, 361, 1107
108, 1102, 361
109, 398, 1102
110, 414, 398
111, 1108, 414
112, 414, 413
113, 1109, 443
114, 477, 1109
115, 502, 477
116, 1111, 515
117, 1103, 1111
118, 637, 1103
119, 1103, 591
120, 680, 637
121, 690, 680
122, 637, 638
123, 731, 690
124, 690, 691
125, 735, 731
126, 772, 735
127, 781, 772
128, 815, 781
129, 819, 815
130, 772, 773
131, 1104, 819
132, 882, 1104
133, 887, 882
134, 1104, 844
135, 1105, 887
136, 887, 886
137, 976, 1105
138, 1106, 976
139, 976, 975
140, 1042, 1106
141, 1087, 1042
142, 1042, 1043
143, 1492, 1087
144, 1087, 1088
145, 17, 1399
146, 31, 17
147, 46, 31
148, 17, 16
149, 77, 53
150, 101, 77
151, 1101, 101
152, 135, 1101
153, 101, 102
154, 158, 135
155, 169, 158
156, 135, 136
157, 194, 181
158, 209, 194
159, 248, 1114
160, 265, 248
161, 285, 280
162, 280, 265
163, 1116, 285
164, 265, 1115
165, 1107, 1116
166, 342, 1107
167, 1102, 342
168, 377, 1102
169, 342, 1117
170, 413, 388
171, 418, 413
172, 443, 1108
173, 1108, 418
174, 1110, 443
175, 418, 421
176, 1109, 1110
177, 485, 1109
178, 515, 502
179, 502, 485
180, 533, 515
181, 485, 486
182, 1111, 533
183, 581, 1111
184, 533, 531
185, 591, 581
186, 1118, 591
187, 581, 579
188, 638, 630
189, 651, 638
190, 691, 1119
191, 1120, 691
192, 731, 1120
193, 753, 731
194, 773, 753
195, 1121, 773
196, 753, 746
197, 819, 1121
198, 1112, 819
199, 844, 1112
200, 862, 844
201, 886, 877
202, 1113, 886
203, 1105, 1113
204, 951, 1105
205, 975, 951
206, 988, 975
207, 1106, 1007
208, 1122, 1106
209, 1043, 1122
210, 1066, 1043
211, 1088, 1066
212, 1400, 1088
213, 16, 1401
214, 53, 46
215, 46, 16
216, 65, 53
217, 16, 1123
218, 89, 65
219, 65, 60
220, 102, 89
221, 136, 102
222, 89, 1124
223, 169, 136
224, 136, 137
225, 181, 169
226, 1114, 209
227, 209, 181
228, 169, 173
229, 1115, 1114
230, 1114, 229
231, 1116, 1115
232, 1115, 264
233, 1117, 1116
234, 1116, 1125
235, 377, 1117
236, 1117, 345
237, 388, 377
238, 421, 388
239, 377, 374
240, 1110, 421
241, 463, 1110
242, 421, 1126
243, 486, 463
244, 463, 454
245, 531, 486
246, 486, 492
247, 579, 531
248, 587, 579
249, 531, 529
250, 1118, 587
251, 587, 580
252, 630, 1118
253, 1119, 651
254, 651, 630
255, 1118, 620
256, 1120, 1119
257, 1119, 667
258, 746, 1120
259, 1120, 719
260, 1121, 746
261, 801, 1121
262, 746, 756
263, 830, 801
264, 801, 800
265, 1112, 830
266, 862, 1112
267, 830, 829
268, 877, 862
269, 1113, 877
270, 908, 1113
271, 862, 864
272, 946, 908
273, 908, 907
274, 951, 946
275, 988, 951
276, 946, 950
277, 1007, 988
278, 1122, 1007
279, 988, 983
280, 1066, 1122
281, 1073, 1066
282, 1122, 1027
283, 1402, 1073
284, 1073, 1127
285, 1123, 1403
286, 52, 1123
287, 1123, 23
288, 60, 52
289, 1124, 60
290, 52, 50
291, 137, 1124
292, 1124, 84
293, 173, 137
294, 186, 173
295, 137, 1128
296, 229, 186
297, 186, 183
298, 264, 229
299, 229, 228
300, 1125, 264
301, 264, 275
302, 345, 1125
303, 1125, 301
304, 374, 345
305, 378, 374
306, 345, 351
307, 1126, 378
308, 378, 1133
309, 454, 1126
310, 1126, 1134
311, 492, 454
312, 500, 492
313, 454, 460
314, 529, 500
315, 541, 529
316, 500, 1135
317, 580, 541
318, 541, 534
319, 620, 580
320, 580, 586
321, 667, 620
322, 620, 621
323, 719, 667
324, 667, 661
325, 756, 719
326, 719, 1129
327, 785, 756
328, 756, 762
329, 800, 785
330, 829, 800
331, 843, 829
332, 785, 787
333, 864, 843
334, 843, 842
335, 907, 864
336, 864, 867
337, 940, 907
338, 907, 1130
339, 950, 940
340, 983, 950
341, 993, 983
342, 940, 1131
343, 1027, 993
344, 993, 992
345, 1127, 1027
346, 1027, 1132
347, 1404, 1127
348, 1127, 1072
349, 14, 1405
350, 23, 14
351, 50, 23
352, 66, 50
353, 14, 13
354, 84, 66
355, 66, 64
356, 1128, 97
357, 174, 147
358, 183, 174
359, 215, 183
360, 228, 215
361, 262, 228
362, 215, 214
363, 301, 275
364, 351, 301
365, 301, 302
366, 1133, 351
367, 351, 350
368, 1134, 1133
369, 452, 435
370, 460, 452
371, 1135, 460
372, 452, 453
373, 534, 1135
374, 565, 534
375, 534, 535
376, 613, 586
377, 621, 613
378, 652, 621
379, 661, 652
380, 1129, 661
381, 652, 653
382, 762, 1129
383, 787, 762
384, 797, 787
385, 822, 797
386, 842, 836
387, 867, 842
388, 1130, 867
389, 867, 870
390, 1131, 1130
391, 1130, 911
392, 992, 1131
393, 1131, 937
394, 1132, 992
395, 992, 994
396, 1062, 1132
397, 1072, 1062
398, 1406, 1072
399, 1062, 1065
400, 13, 1407
401, 27, 13
402, 64, 43
403, 1136, 64
404, 97, 84
405, 84, 1136
406, 105, 97
407, 147, 1128
408, 1128, 105
409, 161, 147
410, 105, 104
411, 174, 161
412, 205, 174
413, 161, 163
414, 214, 205
415, 237, 214
416, 205, 1137
417, 275, 262
418, 262, 237
419, 294, 275
420, 302, 294
421, 317, 302
422, 294, 296
423, 350, 337
424, 356, 350
425, 1133, 356
426, 392, 1133
427, 356, 359
428, 435, 1134
429, 1134, 392
430, 1138, 435
431, 392, 390
432, 453, 1138
433, 1139, 453
434, 1135, 1139
435, 518, 1135
436, 535, 518
437, 558, 535
438, 518, 512
439, 586, 565
440, 565, 558
441, 602, 586
442, 558, 563
443, 613, 602
444, 640, 613
445, 602, 1140
446, 653, 640
447, 1142, 653
448, 640, 1141
449, 1129, 1142
450, 1143, 1129
451, 762, 1143
452, 775, 762
453, 797, 775
454, 806, 797
455, 775, 1144
456, 836, 822
457, 822, 806
458, 1145, 836
459, 870, 1145
460, 1146, 870
461, 911, 1146
462, 930, 911
463, 937, 930
464, 956, 937
465, 994, 981
466, 1020, 994
467, 1132, 1020
468, 1035, 1132
469, 1020, 1018
470, 1065, 1054
471, 1086, 1065
472, 1408, 1086
473, 1086, 1085
474, 34, 27
475, 27, 1409
476, 43, 34
477, 1136, 43
478, 80, 1136
479, 34, 1147
480, 104, 80
481, 112, 104
482, 80, 81
483, 151, 112
484, 112, 111
485, 163, 151
486, 1137, 163
487, 151, 149
488, 237, 1137
489, 245, 237
490, 1137, 207
491, 281, 245
492, 245, 1148
493, 321, 317
494, 296, 281
495, 317, 296
496, 281, 1149
497, 337, 321
498, 359, 337
499, 371, 359
500, 321, 319
501, 390, 371
502, 403, 390
503, 371, 372
504, 1138, 403
505, 403, 411
506, 1139, 1138
507, 1138, 1150
508, 512, 1139
509, 1139, 470
510, 546, 512
511, 512, 516
512, 563, 546
513, 1140, 563
514, 546, 550
515, 1141, 1140
516, 1140, 599
517, 1142, 1141
518, 1141, 1151
519, 1143, 1142
520, 1142, 683
521, 1144, 1143
522, 1143, 1152
523, 806, 1144
524, 814, 806
525, 1144, 776
526, 848, 814
527, 814, 818
528, 1145, 848
529, 1146, 1145
530, 891, 1146
531, 848, 849
532, 925, 891
533, 891, 889
534, 974, 956
535, 930, 925
536, 956, 930
537, 925, 923
538, 981, 974
539, 1009, 981
540, 974, 979
541, 1018, 1009
542, 1035, 1018
543, 1009, 1008
544, 1054, 1035
545, 1085, 1054
546, 1410, 1085
547, 1035, 1037
548, 1147, 1411
549, 74, 1147
550, 1147, 37
551, 81, 74
552, 111, 81
553, 120, 111
554, 74, 1153
555, 149, 120
556, 166, 149
557, 120, 1154
558, 200, 166
559, 166, 1155
560, 207, 200
561, 1148, 207
562, 200, 1156
563, 1149, 1148
564, 1148, 242
565, 319, 1149
566, 1149, 1157
567, 367, 319
568, 319, 318
569, 372, 367
570, 399, 372
571, 367, 1169
572, 411, 399
573, 1150, 411
574, 399, 397
575, 470, 1150
576, 1150, 1158
577, 506, 470
578, 470, 1159
579, 516, 506
580, 550, 516
581, 506, 1160
582, 599, 550
583, 607, 599
584, 550, 553
585, 1151, 607
586, 607, 606
587, 683, 1151
588, 697, 683
589, 1151, 634
590, 1152, 697
591, 697, 698
592, 776, 1152
593, 1152, 728
594, 807, 776
595, 776, 1162
596, 818, 807
597, 845, 818
598, 807, 804
599, 849, 845
600, 889, 849
601, 845, 852
602, 923, 889
603, 928, 923
604, 889, 893
605, 969, 928
606, 928, 1164
607, 979, 969
608, 1008, 979
609, 1015, 1008
610, 969, 1165
611, 1037, 1015
612, 1047, 1037
613, 1015, 1014
614, 1493, 1047
615, 1047, 1044
616, 1493, 1494
617, 37, 1412
618, 41, 37
619, 1153, 41
620, 1154, 1153
621, 1155, 1154
622, 1154, 118
623, 1156, 1155
624, 1155, 167
625, 242, 1156
626, 250, 242
627, 1156, 196
628, 1157, 250
629, 250, 251
630, 318, 1157
631, 322, 318
632, 1169, 334
633, 397, 1169
634, 410, 397
635, 1158, 410
636, 1159, 1158
637, 1158, 444
638, 1160, 480
639, 553, 1160
640, 1160, 505
641, 597, 553
642, 606, 597
643, 634, 606
644, 1161, 634
645, 597, 595
646, 678, 1161
647, 698, 694
648, 728, 698
649, 1171, 728
650, 765, 1171
651, 804, 1162
652, 1163, 804
653, 852, 1163
654, 893, 852
655, 852, 850
656, 1164, 893
657, 893, 890
658, 1165, 1164
659, 1164, 927
660, 1014, 1165
661, 1166, 1014
662, 1014, 1013
663, 1044, 1166
664, 1167, 1044
665, 1494, 1167
666, 1173, 1413
667, 41, 1173
668, 61, 41
669, 1153, 61
670, 82, 1153
671, 61, 62
672, 118, 99
673, 141, 118
674, 167, 141
675, 1168, 167
676, 141, 1174
677, 196, 1168
678, 210, 196
679, 251, 234
680, 263, 251
681, 1157, 263
682, 308, 1157
683, 263, 259
684, 334, 322
685, 322, 308
686, 340, 334
687, 308, 312
688, 1169, 340
689, 1170, 1169
690, 340, 1175
691, 410, 1170
692, 429, 410
693, 444, 433
694, 1176, 444
695, 480, 1159
696, 1159, 1176
697, 495, 480
698, 505, 495
699, 524, 505
700, 495, 494
701, 553, 524
702, 588, 553
703, 524, 525
704, 595, 588
705, 622, 595
706, 1161, 622
707, 662, 1161
708, 694, 678
709, 678, 662
710, 716, 694
711, 662, 665
712, 1171, 716
713, 745, 1171
714, 716, 715
715, 1162, 765
716, 765, 745
717, 1172, 1162
718, 745, 743
719, 1163, 1172
720, 841, 1163
721, 850, 841
722, 866, 850
723, 890, 866
724, 912, 890
725, 866, 865
726, 927, 912
727, 939, 927
728, 1165, 939
729, 982, 1165
730, 939, 1177
731, 1013, 999
732, 1178, 1013
733, 1166, 1178
734, 1061, 1166
735, 1167, 1061
736, 1414, 1167
737, 1061, 1064
738, 15, 1415
739, 1173, 15
740, 55, 1173
741, 15, 6
742, 88, 82
743, 62, 55
744, 82, 62
745, 55, 1179
746, 99, 88
747, 1174, 99
748, 88, 1180
749, 175, 1174
750, 1174, 143
751, 225, 210
752, 1168, 175
753, 210, 1168
754, 175, 1181
755, 234, 225
756, 259, 234
757, 225, 218
758, 312, 259
759, 259, 260
760, 1175, 312
761, 312, 313
762, 1170, 1175
763, 387, 1170
764, 1175, 343
765, 419, 387
766, 387, 389
767, 433, 429
768, 429, 419
769, 1176, 433
770, 419, 1182
771, 494, 1176
772, 1176, 1183
773, 525, 494
774, 494, 487
775, 572, 525
776, 525, 1184
777, 588, 572
778, 615, 588
779, 572, 573
780, 622, 615
781, 665, 622
782, 671, 665
783, 615, 614
784, 703, 671
785, 671, 670
786, 715, 703
787, 743, 715
788, 757, 743
789, 703, 702
790, 790, 757
791, 757, 758
792, 1172, 790
793, 824, 1172
794, 790, 1185
795, 841, 824
796, 865, 841
797, 824, 821
798, 910, 865
799, 865, 872
800, 912, 910
801, 1177, 912
802, 910, 909
803, 999, 982
804, 982, 1177
805, 1177, 935
806, 1178, 999
807, 999, 1004
808, 1064, 1178
809, 1178, 1022
810, 1416, 1064
811, 1064, 1069
812, 6, 1417
813, 1179, 6
814, 6, 3
815, 1180, 1179
816, 1179, 51
817, 143, 1180
818, 1180, 87
819, 1181, 143
820, 143, 1190
821, 218, 1181
822, 230, 218
823, 1181, 179
824, 260, 230
825, 273, 260
826, 230, 220
827, 299, 273
828, 273, 270
829, 313, 299
830, 343, 313
831, 354, 343
832, 299, 303
833, 383, 354
834, 354, 1191
835, 389, 383
836, 1182, 389
837, 383, 384
838, 1183, 1182
839, 1182, 428
840, 487, 1183
841, 498, 487
842, 1183, 451
843, 1184, 498
844, 498, 499
845, 573, 1184
846, 1184, 544
847, 614, 573
848, 631, 614
849, 573, 568
850, 659, 631
851, 631, 625
852, 670, 659
853, 702, 670
854, 714, 702
855, 659, 1186
856, 758, 714
857, 764, 758
858, 714, 707
859, 1185, 764
860, 764, 1187
861, 821, 1185
862, 839, 821
863, 1185, 792
864, 868, 839
865, 839, 840
866, 872, 868
867, 902, 872
868, 868, 1188
869, 909, 902
870, 935, 909
871, 948, 935
872, 902, 901
873, 989, 948
874, 948, 952
875, 1004, 989
876, 1022, 1004
877, 1024, 1022
878, 989, 984
879, 1055, 1024
880, 1024, 1189
881, 1069, 1055
882, 1418, 1069
883, 1055, 1057
884, 3, 1419
885, 19, 3
886, 51, 19
887, 19, 12
888, 87, 51
889, 103, 87
890, 51, 54
891, 1190, 103
892, 168, 148
893, 211, 188
894, 220, 211
895, 270, 220
896, 277, 270
897, 303, 277
898, 277, 276
899, 338, 314
900, 381, 1191
901, 384, 381
902, 424, 384
903, 381, 382
904, 428, 424
905, 451, 428
906, 459, 451
907, 1193, 459
908, 459, 461
909, 499, 1193
910, 528, 499
911, 544, 528
912, 568, 544
913, 528, 530
914, 625, 568
915, 568, 567
916, 1186, 625
917, 625, 627
918, 707, 1186
919, 1186, 673
920, 1187, 707
921, 707, 708
922, 792, 1187
923, 1187, 759
924, 823, 792
925, 840, 831
926, 1188, 840
927, 901, 1188
928, 1195, 901
929, 932, 1195
930, 984, 955
931, 995, 984
932, 1189, 995
933, 1057, 1189
934, 1420, 1070
935, 12, 1421
936, 26, 12
937, 54, 1196
938, 67, 54
939, 103, 1197
940, 110, 103
941, 148, 1190
942, 1190, 121
943, 154, 148
944, 179, 168
945, 188, 179
946, 168, 154
947, 201, 188
948, 154, 1198
949, 211, 201
950, 255, 211
951, 201, 1199
952, 276, 255
953, 287, 276
954, 255, 1200
955, 314, 303
956, 303, 287
957, 329, 314
958, 287, 286
959, 1191, 338
960, 338, 329
961, 1192, 1191
962, 329, 331
963, 382, 1192
964, 408, 382
965, 424, 408
966, 441, 424
967, 408, 409
968, 461, 441
969, 474, 461
970, 441, 1201
971, 1193, 474
972, 1202, 1193
973, 474, 473
974, 530, 1202
975, 1194, 530
976, 567, 1194
977, 1203, 567
978, 627, 608
979, 646, 627
980, 673, 646
981, 682, 673
982, 646, 1204
983, 708, 682
984, 725, 708
985, 682, 681
986, 759, 740
987, 1205, 759
988, 792, 1205
989, 1206, 792
990, 831, 823
991, 823, 1206
992, 1207, 831
993, 1188, 1207
994, 885, 1188
995, 1195, 885
996, 926, 1195
997, 885, 1208
998, 952, 932
999, 955, 952
1000, 932, 926
1001, 977, 955
1002, 926, 1209
1003, 995, 977
1004, 1210, 995
1005, 977, 973
1006, 1189, 1210
1007, 1211, 1189
1008, 1070, 1057
1009, 1057, 1053
1010, 1089, 1070
1011, 1196, 26
1012, 26, 1422
1013, 1197, 67
1014, 67, 1196
1015, 1196, 30
1016, 121, 110
1017, 110, 1197
1018, 127, 121
1019, 1197, 1212
1020, 1198, 127
1021, 127, 126
1022, 1199, 1198
1023, 1198, 159
1024, 1200, 1199
1025, 1199, 1213
1026, 286, 1200
1027, 1200, 254
1028, 323, 286
1029, 286, 282
1030, 331, 323
1031, 1192, 331
1032, 323, 325
1033, 395, 1192
1034, 1192, 364
1035, 409, 395
1036, 1201, 409
1037, 395, 391
1038, 473, 1201
1039, 1201, 447
1040, 1202, 473
1041, 473, 1214
1042, 555, 1202
1043, 1202, 514
1044, 1194, 555
1045, 1203, 1194
1046, 555, 554
1047, 608, 1203
1048, 1204, 608
1049, 1203, 1215
1050, 681, 1204
1051, 692, 681
1052, 1204, 647
1053, 725, 692
1054, 692, 685
1055, 740, 725
1056, 1205, 740
1057, 725, 724
1058, 1206, 1205
1059, 1205, 769
1060, 1207, 1206
1061, 1206, 809
1062, 1208, 1207
1063, 1207, 1216
1064, 1209, 1208
1065, 1208, 892
1066, 973, 1209
1067, 1209, 922
1068, 1210, 973
1069, 973, 961
1070, 1211, 1210
1071, 1210, 1017
1072, 1053, 1211
1073, 1082, 1053
1074, 1211, 1048
1075, 1423, 1089
1076, 1089, 1082
1077, 1082, 1081
1078, 30, 1424
1079, 42, 30
1080, 1212, 42
1081, 42, 44
1082, 106, 1212
1083, 1212, 76
1084, 126, 106
1085, 159, 126
1086, 106, 1217
1087, 1213, 159
1088, 159, 1226
1089, 246, 1213
1090, 1213, 190
1091, 254, 246
1092, 282, 254
1093, 292, 282
1094, 246, 249
1095, 325, 292
1096, 292, 289
1097, 364, 325
1098, 325, 320
1099, 391, 364
1100, 402, 391
1101, 364, 368
1102, 447, 402
1103, 402, 401
1104, 1214, 447
1105, 447, 1228
1106, 514, 1214
1107, 1214, 1229
1108, 554, 514
1109, 564, 554
1110, 514, 1219
1111, 1215, 564
1112, 564, 1230
1113, 635, 1215
1114, 1215, 604
1115, 647, 635
1116, 685, 647
1117, 635, 1220
1118, 724, 685
1119, 685, 684
1120, 769, 724
1121, 783, 769
1122, 724, 726
1123, 809, 783
1124, 783, 782
1125, 1216, 809
1126, 809, 1221
1127, 892, 1216
1128, 1216, 1222
1129, 922, 892
1130, 892, 897
1131, 961, 922
1132, 922, 1223
1133, 1017, 961
1134, 961, 957
1135, 1048, 1017
1136, 1017, 1233
1137, 1081, 1048
1138, 1090, 1081
1139, 1048, 1052
1140, 1425, 1090
1141, 1090, 1224
1142, 39, 1426
1143, 44, 39
1144, 76, 44
1145, 1225, 76
1146, 39, 40
1147, 1217, 1225
1148, 1226, 1217
1149, 190, 1226
1150, 1227, 190
1151, 235, 1227
1152, 289, 249
1153, 320, 295
1154, 332, 320
1155, 1218, 332
1156, 332, 330
1157, 368, 1218
1158, 401, 368
1159, 437, 401
1160, 401, 400
1161, 1229, 1228
1162, 1219, 479
1163, 545, 1219
1164, 589, 1230
1165, 1220, 609
1166, 684, 1220
1167, 696, 684
1168, 726, 699
1169, 771, 737
1170, 782, 771
1171, 1221, 782
1172, 1222, 1221
1173, 1221, 813
1174, 881, 1222
1175, 1223, 897
1176, 957, 1223
1177, 967, 957
1178, 1223, 919
1179, 1233, 967
1180, 1041, 1233
1181, 1052, 1041
1182, 1224, 1052
1183, 1427, 1224
1184, 7, 1428
1185, 40, 22
1186, 1234, 40
1187, 1225, 1234
1188, 98, 1225
1189, 1217, 98
1190, 133, 1217
1191, 98, 100
1192, 1226, 133
1193, 1235, 1226
1194, 133, 132
1195, 1227, 1235
1196, 213, 1227
1197, 249, 235
1198, 235, 213
1199, 268, 249
1200, 213, 212
1201, 295, 289
1202, 289, 268
1203, 306, 295
1204, 268, 1236
1205, 330, 306
1206, 346, 330
1207, 306, 1237
1208, 1218, 346
1209, 1238, 1218
1210, 346, 347
1211, 400, 1238
1212, 425, 400
1213, 1228, 437
1214, 437, 425
1215, 455, 1228
1216, 425, 426
1217, 479, 1229
1218, 1229, 455
1219, 489, 479
1220, 455, 1239
1221, 1219, 489
1222, 536, 1219
1223, 1230, 545
1224, 545, 536
1225, 576, 1230
1226, 536, 538
1227, 604, 589
1228, 609, 604
1229, 589, 576
1230, 1231, 609
1231, 576, 1240
1232, 1220, 1231
1233, 656, 1220
1234, 699, 696
1235, 696, 656
1236, 713, 699
1237, 656, 657
1238, 737, 726
1239, 726, 713
1240, 748, 737
1241, 713, 710
1242, 771, 748
1243, 789, 771
1244, 748, 747
1245, 813, 802
1246, 1241, 813
1247, 1222, 1241
1248, 859, 1222
1249, 897, 881
1250, 881, 859
1251, 1232, 897
1252, 859, 858
1253, 919, 1232
1254, 1242, 919
1255, 967, 1242
1256, 998, 967
1257, 1233, 998
1258, 1028, 1233
1259, 998, 997
1260, 1041, 1028
1261, 1243, 1041
1262, 1028, 1026
1263, 1224, 1243
1264, 1429, 1224
1265, 22, 7
1266, 7, 1430
1267, 1234, 22
1268, 22, 24
1269, 86, 1234
1270, 1234, 1244
1271, 100, 86
1272, 132, 100
1273, 86, 91
1274, 184, 132
1275, 132, 1245
1276, 1235, 184
1277, 212, 1235
1278, 221, 212
1279, 184, 1246
1280, 1236, 221
1281, 221, 219
1282, 1237, 1236
1283, 1236, 271
1284, 347, 1237
1285, 1237, 309
1286, 1238, 347
1287, 347, 344
1288, 426, 1238
1289, 430, 426
1290, 1238, 376
1291, 1239, 430
1292, 430, 1247
1293, 489, 1239
1294, 1239, 1248
1295, 538, 489
1296, 489, 1249
1297, 1240, 538
1298, 538, 540
1299, 1231, 1240
1300, 624, 1231
1301, 1240, 569
1302, 657, 624
1303, 624, 628
1304, 710, 657
1305, 657, 655
1306, 747, 710
1307, 710, 704
1308, 789, 747
1309, 747, 1250
1310, 802, 789
1311, 1241, 802
1312, 789, 795
1313, 858, 1241
1314, 876, 858
1315, 1241, 1251
1316, 914, 876
1317, 876, 1252
1318, 1232, 914
1319, 1242, 1232
1320, 914, 915
1321, 997, 1242
1322, 1242, 1253
1323, 1026, 997
1324, 997, 1005
1325, 1243, 1026
1326, 1026, 1254
1327, 1431, 1243
1328, 1243, 1060
1329, 10, 1432
1330, 24, 10
1331, 1244, 24
1332, 10, 11
1333, 91, 1244
1334, 1244, 1255
1335, 1245, 91
1336, 91, 92
1337, 1246, 1245
1338, 1245, 1256
1339, 219, 1246
1340, 1246, 182
1341, 271, 219
1342, 219, 226
1343, 309, 271
1344, 271, 266
1345, 344, 309
1346, 309, 307
1347, 376, 344
1348, 344, 353
1349, 1247, 376
1350, 376, 375
1351, 1248, 1247
1352, 1247, 431
1353, 1249, 1248
1354, 1248, 464
1355, 532, 1249
1356, 1249, 493
1357, 540, 532
1358, 569, 540
1359, 585, 569
1360, 532, 1261
1361, 619, 585
1362, 585, 583
1363, 628, 619
1364, 655, 628
1365, 675, 655
1366, 619, 617
1367, 704, 675
1368, 675, 676
1369, 1250, 704
1370, 704, 701
1371, 786, 1250
1372, 1250, 754
1373, 795, 786
1374, 1251, 795
1375, 786, 788
1376, 1252, 1251
1377, 1251, 1263
1378, 915, 1252
1379, 1252, 860
1380, 1253, 915
1381, 915, 1265
1382, 991, 1253
1383, 1253, 1260
1384, 1005, 991
1385, 1254, 1005
1386, 991, 990
1387, 1060, 1254
1388, 1077, 1060
1389, 1254, 1025
1390, 1433, 1077
1391, 1077, 1075
1392, 1, 1434
1393, 11, 2
1394, 49, 11
1395, 92, 1255
1396, 1256, 92
1397, 92, 94
1398, 172, 1256
1399, 1256, 138
1400, 182, 172
1401, 226, 182
1402, 232, 226
1403, 172, 170
1404, 266, 232
1405, 232, 231
1406, 307, 266
1407, 266, 269
1408, 348, 307
1409, 353, 348
1410, 375, 353
1411, 1257, 385
1412, 431, 1257
1413, 1258, 431
1414, 464, 1258
1415, 493, 464
1416, 1261, 493
1417, 493, 490
1418, 577, 1261
1419, 583, 577
1420, 611, 583
1421, 577, 574
1422, 617, 611
1423, 666, 617
1424, 611, 612
1425, 676, 666
1426, 701, 676
1427, 711, 701
1428, 754, 711
1429, 763, 754
1430, 711, 712
1431, 788, 763
1432, 1259, 788
1433, 763, 761
1434, 820, 1259
1435, 860, 1263
1436, 1264, 860
1437, 899, 1264
1438, 1260, 1265
1439, 990, 1260
1440, 1001, 990
1441, 1260, 945
1442, 1025, 1001
1443, 1001, 1002
1444, 1056, 1025
1445, 1025, 1029
1446, 1435, 1080
1447, 2, 1
1448, 1, 1436
1449, 29, 2
1450, 1255, 49
1451, 49, 29
1452, 73, 1255
1453, 29, 28
1454, 94, 73
1455, 115, 94
1456, 73, 72
1457, 138, 115
1458, 1266, 138
1459, 115, 116
1460, 170, 1266
1461, 189, 170
1462, 231, 208
1463, 1267, 231
1464, 269, 1267
1465, 1268, 269
1466, 307, 1268
1467, 328, 307
1468, 348, 328
1469, 369, 348
1470, 328, 326
1471, 385, 375
1472, 375, 369
1473, 393, 385
1474, 369, 1269
1475, 1257, 407
1476, 1270, 1257
1477, 1258, 1270
1478, 469, 1258
1479, 490, 469
1480, 503, 490
1481, 469, 468
1482, 1261, 503
1483, 556, 1261
1484, 574, 556
1485, 590, 574
1486, 556, 561
1487, 612, 590
1488, 1262, 612
1489, 666, 1262
1490, 687, 666
1491, 712, 687
1492, 734, 712
1493, 687, 1271
1494, 761, 734
1495, 767, 761
1496, 734, 736
1497, 1259, 767
1498, 805, 1259
1499, 767, 766
1500, 1263, 820
1501, 820, 805
1502, 856, 1263
1503, 805, 1272
1504, 1264, 856
1505, 895, 1264
1506, 856, 855
1507, 1265, 899
1508, 899, 895
1509, 1274, 1265
1510, 895, 1273
1511, 945, 931
1512, 960, 945
1513, 1002, 980
1514, 1019, 1002
1515, 1029, 1019
1516, 1036, 1029
1517, 1075, 1056
1518, 1080, 1075
1519, 1056, 1036
1520, 1437, 1080
1521, 1036, 1038
1522, 28, 1438
1523, 36, 28
1524, 72, 36
1525, 36, 1275
1526, 116, 72
1527, 72, 78
1528, 1266, 116
1529, 116, 113
1530, 198, 189
1531, 189, 1266
1532, 1266, 165
1533, 208, 198
1534, 1267, 208
1535, 198, 202
1536, 1268, 1267
1537, 1267, 244
1538, 326, 1268
1539, 333, 326
1540, 1268, 284
1541, 1269, 333
1542, 333, 324
1543, 393, 1269
1544, 1269, 370
1545, 407, 393
1546, 1270, 407
1547, 393, 396
1548, 468, 1270
1549, 1270, 439
1550, 503, 468
1551, 510, 503
1552, 468, 471
1553, 547, 510
1554, 510, 504
1555, 561, 547
1556, 590, 561
1557, 598, 590
1558, 547, 549
1559, 1262, 598
1560, 598, 1276
1561, 1271, 1262
1562, 1262, 641
1563, 736, 1271
1564, 1271, 688
1565, 766, 736
1566, 778, 766
1567, 736, 730
1568, 1272, 778
1569, 778, 1277
1570, 846, 1272
1571, 1272, 1278
1572, 855, 846
1573, 1273, 855
1574, 846, 847
1575, 1274, 1273
1576, 1273, 896
1577, 931, 1274
1578, 980, 960
1579, 960, 931
1580, 1274, 929
1581, 1010, 980
1582, 980, 965
1583, 1019, 1010
1584, 1038, 1019
1585, 1050, 1038
1586, 1010, 1279
1587, 1495, 1050
1588, 1050, 1049
1589, 1495, 1496
1590, 1275, 1439
1591, 70, 1275
1592, 1275, 1280
1593, 78, 70
1594, 113, 78
1595, 123, 113
1596, 70, 69
1597, 155, 123
1598, 123, 119
1599, 165, 155
1600, 202, 165
1601, 155, 1288
1602, 244, 202
1603, 202, 199
1604, 284, 244
1605, 244, 238
1606, 324, 284
1607, 284, 1281
1608, 370, 324
1609, 324, 1282
1610, 396, 370
1611, 370, 1283
1612, 439, 396
1613, 396, 394
1614, 471, 439
1615, 439, 448
1616, 504, 471
1617, 471, 1284
1618, 549, 504
1619, 504, 507
1620, 1276, 549
1621, 549, 551
1622, 641, 1276
1623, 648, 641
1624, 1276, 596
1625, 688, 648
1626, 648, 650
1627, 730, 688
1628, 738, 730
1629, 688, 686
1630, 1277, 738
1631, 738, 741
1632, 1278, 1277
1633, 1277, 770
1634, 847, 1278
1635, 857, 847
1636, 1278, 808
1637, 879, 857
1638, 857, 1292
1639, 896, 879
1640, 918, 896
1641, 879, 1293
1642, 929, 918
1643, 965, 929
1644, 918, 924
1645, 1279, 965
1646, 965, 966
1647, 1033, 1279
1648, 1279, 1011
1649, 1049, 1033
1650, 1084, 1049
1651, 1033, 1039
1652, 1496, 1084
1653, 1084, 1083
1654, 1280, 1440
1655, 69, 1280
1656, 1280, 38
1657, 119, 69
1658, 1288, 119
1659, 199, 1288
1660, 206, 199
1661, 236, 206
1662, 1281, 256
1663, 1282, 1281
1664, 1281, 288
1665, 1283, 1282
1666, 394, 1283
1667, 404, 394
1668, 1283, 366
1669, 436, 404
1670, 1284, 450
1671, 1285, 478
1672, 507, 1285
1673, 551, 507
1674, 562, 551
1675, 596, 562
1676, 562, 560
1677, 643, 596
1678, 596, 593
1679, 650, 643
1680, 677, 650
1681, 643, 644
1682, 1286, 700
1683, 741, 1286
1684, 1287, 741
1685, 770, 1287
1686, 808, 770
1687, 817, 808
1688, 1292, 817
1689, 817, 816
1690, 1293, 1292
1691, 924, 1293
1692, 966, 924
1693, 1011, 966
1694, 1021, 1011
1695, 966, 963
1696, 1039, 1021
1697, 1083, 1039
1698, 1497, 1083
1699, 1039, 1040
1700, 4, 1441
1701, 38, 25
1702, 48, 38
1703, 69, 48
1704, 1294, 69
1705, 48, 47
1706, 119, 1294
1707, 134, 119
1708, 1288, 134
1709, 1289, 1288
1710, 206, 1289
1711, 1290, 206
1712, 238, 236
1713, 256, 238
1714, 236, 1290
1715, 278, 256
1716, 288, 278
1717, 304, 288
1718, 278, 279
1719, 1282, 304
1720, 1296, 1282
1721, 304, 1295
1722, 366, 1296
1723, 1291, 366
1724, 404, 1291
1725, 422, 404
1726, 448, 436
1727, 450, 448
1728, 436, 422
1729, 462, 450
1730, 422, 1297
1731, 478, 1284
1732, 1284, 462
1733, 1298, 478
1734, 462, 458
1735, 1285, 1298
1736, 1299, 1285
1737, 560, 1299
1738, 566, 560
1739, 593, 578
1740, 616, 593
1741, 644, 629
1742, 660, 644
1743, 686, 677
1744, 700, 686
1745, 677, 660
1746, 722, 700
1747, 660, 663
1748, 1286, 722
1749, 751, 1286
1750, 722, 717
1751, 1287, 751
1752, 784, 1287
1753, 751, 752
1754, 816, 791
1755, 825, 816
1756, 1292, 825
1757, 874, 1292
1758, 825, 826
1759, 1293, 874
1760, 913, 1293
1761, 874, 1300
1762, 924, 913
1763, 944, 924
1764, 963, 944
1765, 987, 963
1766, 944, 943
1767, 1021, 987
1768, 1030, 1021
1769, 987, 985
1770, 1040, 1030
1771, 1059, 1040
1772, 1030, 1032
1773, 1497, 1059
1774, 1442, 1497
1775, 1059, 1058
1776, 4, 1443
1777, 25, 4
1778, 47, 25
1779, 56, 47
1780, 4, 1301
1781, 1294, 56
1782, 56, 1302
1783, 134, 1294
1784, 146, 134
1785, 1294, 90
1786, 171, 146
1787, 146, 144
1788, 1289, 171
1789, 1290, 1289
1790, 222, 1290
1791, 171, 178
1792, 274, 222
1793, 222, 223
1794, 279, 274
1795, 1295, 279
1796, 274, 1303
1797, 1296, 1295
1798, 1295, 305
1799, 1291, 1296
1800, 1296, 349
1801, 1297, 1291
1802, 1291, 380
1803, 458, 1297
1804, 1297, 423
1805, 1298, 458
1806, 458, 1304
1807, 1299, 1298
1808, 1298, 491
1809, 578, 566
1810, 566, 1299
1811, 584, 578
1812, 1299, 537
1813, 616, 584
1814, 584, 1305
1815, 629, 616
1816, 663, 629
1817, 672, 663
1818, 616, 610
1819, 717, 672
1820, 672, 674
1821, 752, 717
1822, 717, 718
1823, 791, 784
1824, 784, 752
1825, 752, 749
1826, 826, 791
1827, 834, 826
1828, 791, 796
1829, 1300, 834
1830, 834, 833
1831, 900, 1300
1832, 1300, 869
1833, 913, 900
1834, 943, 913
1835, 954, 943
1836, 900, 905
1837, 985, 954
1838, 996, 985
1839, 954, 953
1840, 1032, 996
1841, 996, 1003
1842, 1058, 1032
1843, 1074, 1058
1844, 1032, 1306
1845, 1444, 1074
1846, 1074, 1076
1847, 1301, 1445
1848, 1302, 1301
1849, 1301, 5
1850, 90, 1302
1851, 96, 90
1852, 1302, 59
1853, 128, 96
1854, 96, 1317
1855, 144, 128
1856, 178, 144
1857, 187, 178
1858, 128, 130
1859, 223, 187
1860, 187, 1307
1861, 1303, 223
1862, 223, 216
1863, 300, 1303
1864, 1303, 272
1865, 305, 300
1866, 341, 305
1867, 300, 1319
1868, 349, 341
1869, 380, 349
1870, 341, 339
1871, 423, 380
1872, 434, 423
1873, 380, 1321
1874, 1304, 434
1875, 434, 432
1876, 491, 1304
1877, 1304, 1308
1878, 537, 491
1879, 542, 537
1880, 491, 497
1881, 1305, 542
1882, 542, 539
1883, 610, 1305
1884, 623, 610
1885, 1305, 1309
1886, 658, 623
1887, 623, 1323
1888, 674, 658
1889, 706, 674
1890, 658, 1310
1891, 718, 706
1892, 749, 718
1893, 760, 749
1894, 706, 1311
1895, 796, 760
1896, 760, 1312
1897, 833, 796
1898, 837, 833
1899, 796, 799
1900, 869, 837
1901, 873, 869
1902, 837, 1313
1903, 905, 873
1904, 916, 905
1905, 873, 1314
1906, 942, 916
1907, 916, 917
1908, 953, 942
1909, 986, 953
1910, 942, 941
1911, 1003, 986
1912, 1306, 1003
1913, 986, 1315
1914, 1063, 1306
1915, 1306, 1316
1916, 1076, 1063
1917, 1446, 1076
1918, 1063, 1068
1919, 5, 1447
1920, 20, 5
1921, 45, 20
1922, 20, 18
1923, 1317, 59
1924, 130, 1317
1925, 1307, 130
1926, 130, 129
1927, 216, 1307
1928, 1307, 180
1929, 258, 233
1930, 1319, 272
1931, 339, 1319
1932, 1321, 339
1933, 1322, 1321
1934, 432, 1322
1935, 1308, 432
1936, 483, 1308
1937, 1308, 465
1938, 497, 483
1939, 527, 497
1940, 483, 482
1941, 539, 527
1942, 1309, 539
1943, 527, 526
1944, 1323, 1309
1945, 1309, 582
1946, 1310, 1323
1947, 1311, 1310
1948, 1310, 654
1949, 1312, 1311
1950, 1311, 709
1951, 793, 1312
1952, 799, 793
1953, 1313, 799
1954, 793, 794
1955, 1314, 1313
1956, 1313, 832
1957, 904, 1314
1958, 1314, 871
1959, 917, 904
1960, 941, 917
1961, 949, 941
1962, 904, 906
1963, 1315, 949
1964, 949, 947
1965, 1316, 1315
1966, 1068, 1316
1967, 1079, 1068
1968, 1448, 1079
1969, 1079, 1078
1970, 18, 1449
1971, 32, 18
1972, 59, 45
1973, 45, 32
1974, 71, 59
1975, 32, 33
1976, 1317, 71
1977, 124, 1317
1978, 71, 68
1979, 129, 124
1980, 157, 129
1981, 124, 125
1982, 180, 157
1983, 1318, 180
1984, 233, 216
1985, 216, 1318
1986, 243, 233
1987, 272, 258
1988, 258, 243
1989, 290, 272
1990, 243, 240
1991, 1319, 298
1992, 1320, 1319
1993, 339, 1320
1994, 360, 339
1995, 1321, 360
1996, 412, 1321
1997, 360, 355
1998, 1322, 412
1999, 1329, 1322
2000, 412, 415
2001, 465, 1329
2002, 472, 465
2003, 482, 472
2004, 1331, 482
2005, 472, 1330
2006, 526, 1331
2007, 548, 526
2008, 582, 548
2009, 603, 582
2010, 548, 1332
2011, 1323, 603
2012, 642, 1323
2013, 603, 605
2014, 654, 642
2015, 1324, 654
2016, 642, 1333
2017, 709, 1324
2018, 723, 709
2019, 1312, 727
2020, 1325, 1312
2021, 794, 1325
2022, 811, 794
2023, 832, 811
2024, 854, 832
2025, 871, 854
2026, 1326, 871
2027, 854, 1334
2028, 906, 1326
2029, 920, 906
2030, 947, 920
2031, 972, 947
2032, 920, 1335
2033, 1315, 972
2034, 1327, 1315
2035, 972, 971
2036, 1316, 1327
2037, 1328, 1316
2038, 1078, 1328
2039, 1450, 1078
2040, 33, 1451
2041, 68, 33
2042, 33, 1336
2043, 125, 68
2044, 68, 75
2045, 157, 125
2046, 125, 122
2047, 1318, 157
2048, 157, 156
2049, 240, 1318
2050, 1318, 195
2051, 283, 240
2052, 240, 1337
2053, 298, 290
2054, 290, 283
2055, 1320, 298
2056, 335, 1320
2057, 283, 291
2058, 355, 335
2059, 363, 355
2060, 335, 1338
2061, 406, 363
2062, 363, 362
2063, 415, 406
2064, 1329, 415
2065, 406, 1339
2066, 1330, 1329
2067, 1329, 445
2068, 1331, 1330
2069, 1330, 1340
2070, 1332, 1331
2071, 1331, 508
2072, 592, 1332
2073, 1332, 1341
2074, 605, 592
2075, 1333, 605
2076, 592, 594
2077, 1324, 1333
2078, 1333, 636
2079, 727, 723
2080, 723, 1324
2081, 733, 727
2082, 1324, 1342
2083, 779, 733
2084, 733, 732
2085, 1325, 779
2086, 811, 1325
2087, 779, 774
2088, 1334, 811
2089, 811, 1343
2090, 883, 1334
2091, 1334, 851
2092, 1326, 883
2093, 1335, 1326
2094, 883, 884
2095, 962, 1335
2096, 1335, 921
2097, 971, 962
2098, 1016, 971
2099, 962, 964
2100, 1327, 1016
2101, 1328, 1327
2102, 1016, 1344
2103, 1452, 1328
2104, 1328, 1034
2105, 1336, 1453
2106, 75, 1336
2107, 1336, 1350
2108, 108, 75
2109, 75, 1351
2110, 122, 108
2111, 156, 122
2112, 108, 107
2113, 195, 156
2114, 156, 153
2115, 1337, 195
2116, 195, 204
2117, 291, 1337
2118, 1337, 239
2119, 1338, 291
2120, 291, 1352
2121, 362, 1338
2122, 1338, 336
2123, 1339, 362
2124, 362, 1345
2125, 445, 1339
2126, 1339, 405
2127, 1340, 445
2128, 445, 446
2129, 508, 1340
2130, 519, 508
2131, 1340, 467
2132, 1341, 519
2133, 519, 517
2134, 594, 1341
2135, 1341, 552
2136, 632, 594
2137, 594, 601
2138, 636, 632
2139, 1342, 636
2140, 632, 633
2141, 732, 1342
2142, 1342, 695
2143, 774, 732
2144, 732, 1355
2145, 1343, 774
2146, 774, 777
2147, 851, 1343
2148, 1343, 812
2149, 884, 851
2150, 898, 884
2151, 851, 1346
2152, 921, 898
2153, 898, 1347
2154, 958, 921
2155, 921, 1348
2156, 964, 958
2157, 1344, 964
2158, 958, 959
2159, 1034, 1344
2160, 1051, 1034
2161, 1344, 1349
2162, 1091, 1051
2163, 1051, 1045
2164, 1454, 1091
2165, 1091, 1455
2166, 1350, 1456
2167, 1351, 1350
2168, 107, 1351
2169, 114, 107
2170, 153, 114
2171, 162, 153
2172, 114, 117
2173, 193, 162
2174, 162, 164
2175, 204, 193
2176, 239, 204
2177, 253, 239
2178, 193, 191
2179, 1352, 253
2180, 253, 252
2181, 1354, 297
2182, 336, 1354
2183, 1345, 336
2184, 405, 1345
2185, 417, 405
2186, 1345, 358
2187, 438, 417
2188, 417, 416
2189, 446, 438
2190, 467, 446
2191, 438, 440
2192, 509, 476
2193, 517, 509
2194, 552, 517
2195, 559, 552
2196, 509, 513
2197, 601, 559
2198, 559, 557
2199, 633, 601
2200, 645, 633
2201, 601, 600
2202, 695, 645
2203, 1355, 695
2204, 695, 693
2205, 768, 742
2206, 777, 768
2207, 803, 777
2208, 812, 803
2209, 1346, 812
2210, 1347, 1346
2211, 1346, 853
2212, 1348, 1347
2213, 1347, 894
2214, 959, 1348
2215, 968, 959
2216, 1349, 968
2217, 1045, 1349
2218, 1457, 1045
2219, 1045, 1046
2220, 8, 1458
2221, 1350, 8
2222, 58, 1350
2223, 8, 9
2224, 1351, 58
2225, 93, 1351
2226, 117, 93
2227, 140, 117
2228, 164, 140
2229, 176, 164
2230, 140, 139
2231, 191, 176
2232, 227, 191
2233, 176, 177
2234, 252, 227
2235, 1353, 252
2236, 227, 224
2237, 297, 1352
2238, 1352, 1353
2239, 315, 297
2240, 1354, 315
2241, 1356, 1354
2242, 315, 311
2243, 358, 1356
2244, 1357, 358
2245, 416, 386
2246, 427, 416
2247, 440, 427
2248, 457, 440
2249, 427, 1358
2250, 476, 467
2251, 467, 457
2252, 481, 476
2253, 457, 1359
2254, 513, 501
2255, 522, 513
2256, 557, 522
2257, 570, 557
2258, 522, 521
2259, 600, 570
2260, 1360, 600
2261, 570, 571
2262, 645, 1360
2263, 669, 645
2264, 693, 669
2265, 720, 693
2266, 669, 668
2267, 742, 1355
2268, 1355, 720
2269, 755, 742
2270, 720, 721
2271, 768, 755
2272, 798, 768
2273, 755, 750
2274, 803, 798
2275, 835, 803
2276, 798, 1361
2277, 853, 835
2278, 861, 853
2279, 894, 861
2280, 1362, 894
2281, 1348, 1362
2282, 934, 1348
2283, 968, 934
2284, 1006, 968
2285, 934, 933
2286, 1349, 1006
2287, 1023, 1349
2288, 1006, 1363
2289, 1046, 1031
2290, 1071, 1046
2291, 1459, 1071
2292, 1071, 1067
2293, 9, 1460
2294, 21, 9
2295, 58, 21
2296, 21, 1364
2297, 83, 58
2298, 58, 57
2299, 93, 83
2300, 139, 93
2301, 145, 139
2302, 83, 95
2303, 177, 145
2304, 185, 177
2305, 145, 142
2306, 224, 185
2307, 185, 1365
2308, 1353, 224
2309, 224, 217
2310, 311, 1353
2311, 1353, 267
2312, 1356, 311
2313, 311, 316
2314, 1357, 1356
2315, 1356, 352
2316, 386, 1357
2317, 1358, 386
2318, 1357, 379
2319, 1359, 1358
2320, 1358, 420
2321, 488, 481
2322, 481, 1359
2323, 1359, 456
2324, 501, 488
2325, 521, 501
2326, 488, 496
2327, 571, 521
2328, 521, 523
2329, 1360, 571
2330, 571, 575
2331, 668, 1360
2332, 1360, 618
2333, 705, 668
2334, 668, 664
2335, 721, 705
2336, 750, 721
2337, 705, 1366
2338, 1361, 750
2339, 750, 744
2340, 828, 1361
2341, 1361, 1367
2342, 835, 828
2343, 861, 835
2344, 878, 861
2345, 828, 827
2346, 903, 878
2347, 878, 875
2348, 1362, 903
2349, 933, 1362
2350, 938, 933
2351, 903, 1368
2352, 1363, 938
2353, 938, 936
2354, 1031, 1023
2355, 1023, 1363
2356, 1363, 1000
2357, 1067, 1031
2358, 1031, 1369
2359, 1461, 1067
2360, 1067, 1370
2361, 1364, 1462
2362, 57, 1364
2363, 63, 57
2364, 1364, 1463
2365, 85, 63
2366, 63, 1464
2367, 95, 85
2368, 131, 95
2369, 85, 1465
2370, 142, 131
2371, 1365, 142
2372, 131, 1466
2373, 217, 1365
2374, 1365, 1467
2375, 261, 217
2376, 217, 1468
2377, 267, 261
2378, 310, 267
2379, 261, 1469
2380, 316, 310
2381, 352, 316
2382, 310, 1470
2383, 373, 352
2384, 352, 1471
2385, 379, 373
2386, 420, 379
2387, 373, 1472
2388, 456, 420
2389, 420, 1473
2390, 484, 456
2391, 456, 1474
2392, 496, 484
2393, 523, 496
2394, 543, 523
2395, 484, 1475
2396, 575, 543
2397, 543, 1476
2398, 618, 575
2399, 626, 618
2400, 575, 1477
2401, 664, 626
2402, 626, 1478
2403, 1366, 664
2404, 664, 1479
2405, 744, 1366
2406, 1366, 1480
2407, 1367, 744
2408, 744, 1481
2409, 827, 1367
2410, 838, 827
2411, 1367, 1482
2412, 863, 838
2413, 838, 1483
2414, 875, 863
2415, 1368, 875
2416, 863, 1484
2417, 936, 1368
2418, 1368, 1485
2419, 1000, 936
2420, 936, 1486
2421, 1369, 1000
2422, 1000, 1487
2423, 1370, 1369
2424, 1369, 1488
2425, 1489, 1370
2426, 1370, 1490
