1, 1551, 853
2, 1043, 1042
3, 26, 1576
4, 858, 882
5, 1431, 1482
6, 881, 868
7, 83, 1536
8, 230, 232
9, 1470, 1474
10, 697, 674
11, 620, 590
12, 1115, 1144
13, 1316, 1339
14, 874, 889
15, 541, 570
16, 945, 940
17, 756, 740
18, 686, 663
19, 1177, 1167
20, 389, 396
21, 298, 308
22, 540, 546
23, 367, 360
24, 924, 902
25, 67, 99
26, 142, 129
27, 201, 185
28, 1297, 1299
29, 339, 376
30, 1577, 318
31, 1403, 1405
32, 1357, 1338
33, 718, 689
34, 575, 568
35, 610, 589
36, 648, 672
37, 800, 758
38, 733, 724
39, 1444, 1487
40, 1709, 1521
41, 739, 1541
42, 122, 118
43, 1247, 1225
44, 1094, 1151
45, 835, 1578
46, 1579, 768
47, 690, 1580
48, 1155, 1111
49, 1709, 1507
50, 1503, 1508
51, 1420, 1430
52, 1020, 1032
53, 69, 75
54, 496, 471
55, 330, 317
56, 641, 1539
57, 699, 676
58, 865, 825
59, 455, 483
60, 1079, 1098
61, 336, 1535
62, 1482, 1486
63, 1510, 1482
64, 1275, 1257
65, 807, 837
66, 901, 896
67, 1581, 977
68, 1099, 1128
69, 1148, 1113
70, 1539, 597
71, 1380, 1375
72, 1269, 1543
73, 1258, 1304
74, 957, 949
75, 1042, 1002
76, 1071, 1042
77, 1391, 1389
78, 341, 328
79, 1582, 1511
80, 1527, 1583
81, 1487, 1466
82, 1490, 1487
83, 1129, 1105
84, 1078, 1053
85, 1494, 1516
86, 1489, 1476
87, 910, 920
88, 1517, 1584
89, 898, 937
90, 777, 770
91, 1348, 1318
92, 1248, 1234
93, 1041, 1017
94, 1006, 1064
95, 1053, 1047
96, 1056, 1053
97, 1257, 1267
98, 1201, 1257
99, 294, 288
100, 1193, 1156
101, 493, 477
102, 886, 884
103, 245, 240
104, 363, 378
105, 395, 387
106, 1214, 1184
107, 28, 35
108, 12, 1585
109, 1073, 1080
110, 1023, 1013
111, 712, 1546
112, 1184, 1152
113, 1187, 1184
114, 1434, 1467
115, 373, 371
116, 1586, 372
117, 51, 62
118, 1361, 1371
119, 1159, 1124
120, 1126, 1160
121, 1128, 1141
122, 1176, 1148
123, 1148, 1128
124, 140, 158
125, 316, 284
126, 108, 91
127, 562, 567
128, 643, 599
129, 586, 638
130, 368, 407
131, 1337, 1309
132, 1310, 1343
133, 128, 167
134, 105, 96
135, 468, 457
136, 1520, 1523
137, 188, 201
138, 201, 1549
139, 1087, 1100
140, 1156, 1145
141, 1152, 1156
142, 1117, 1152
143, 49, 59
144, 518, 566
145, 696, 736
146, 1461, 1462
147, 1409, 1401
148, 861, 877
149, 871, 863
150, 953, 935
151, 939, 967
152, 1144, 1157
153, 1165, 1144
154, 1105, 1139
155, 1096, 1075
156, 1078, 1105
157, 133, 1555
158, 728, 670
159, 665, 675
160, 708, 734
161, 743, 786
162, 997, 1010
163, 961, 963
164, 1007, 970
165, 1037, 1030
166, 312, 363
167, 337, 1535
168, 787, 858
169, 168, 180
170, 123, 113
171, 1372, 1351
172, 1308, 1322
173, 63, 46
174, 1587, 1558
175, 456, 470
176, 444, 438
177, 151, 122
178, 106, 133
179, 122, 100
180, 133, 157
181, 331, 339
182, 339, 303
183, 266, 282
184, 1460, 1478
185, 1480, 1445
186, 1588, 7
187, 462, 487
188, 423, 416
189, 915, 942
190, 891, 879
191, 711, 714
192, 761, 737
193, 632, 616
194, 524, 520
195, 480, 449
196, 677, 655
197, 435, 414
198, 417, 430
199, 453, 500
200, 315, 369
201, 307, 245
202, 245, 253
203, 1353, 1349
204, 1538, 1416
205, 1088, 1073
206, 1073, 1040
207, 283, 1589
208, 927, 897
209, 900, 918
210, 959, 964
211, 1253, 1552
212, 192, 198
213, 1036, 1076
214, 851, 1551
215, 818, 813
216, 873, 847
217, 642, 687
218, 710, 692
219, 1163, 1203
220, 1162, 1143
221, 196, 190
222, 531, 507
223, 461, 485
224, 1422, 1444
225, 1444, 1590
226, 1370, 1381
227, 311, 252
228, 271, 296
229, 1456, 1451
230, 156, 162
231, 441, 429
232, 1536, 80
233, 126, 139
234, 371, 338
235, 398, 371
236, 342, 375
237, 1462, 1492
238, 1450, 1436
239, 1439, 1462
240, 396, 411
241, 422, 396
242, 465, 469
243, 766, 720
244, 726, 743
245, 743, 767
246, 705, 712
247, 638, 649
248, 712, 693
249, 645, 638
250, 764, 748
251, 706, 698
252, 110, 114
253, 1591, 170
254, 297, 292
255, 264, 223
256, 259, 268
257, 213, 166
258, 377, 397
259, 404, 1562
260, 568, 531
261, 559, 568
262, 485, 481
263, 531, 485
264, 361, 406
265, 771, 752
266, 703, 716
267, 1057, 1022
268, 1556, 559
269, 559, 529
270, 548, 571
271, 1534, 1458
272, 1475, 1473
273, 1550, 1534
274, 1250, 1716
275, 1451, 1418
276, 1413, 1415
277, 1545, 1451
278, 1170, 1169
279, 1138, 1107
280, 1592, 719
281, 1146, 1088
282, 1088, 1084
283, 1405, 1431
284, 1431, 1435
285, 1356, 1357
286, 1357, 1405
287, 1421, 1374
288, 136, 126
289, 126, 97
290, 745, 756
291, 756, 791
292, 781, 750
293, 723, 713
294, 109, 111
295, 419, 409
296, 1593, 919
297, 1491, 1529
298, 1594, 1527
299, 1527, 1513
300, 689, 674
301, 605, 622
302, 654, 689
303, 181, 186
304, 155, 121
305, 655, 604
306, 595, 593
307, 657, 655
308, 522, 537
309, 549, 557
310, 171, 188
311, 188, 233
312, 198, 1555
313, 228, 198
314, 167, 200
315, 222, 212
316, 160, 167
317, 1287, 1271
318, 1222, 1231
319, 62, 103
320, 42, 62
321, 116, 87
322, 7, 37
323, 86, 81
324, 4, 7
325, 483, 493
326, 519, 483
327, 493, 545
328, 1526, 1595
329, 1, 1596
330, 40, 25
331, 817, 807
332, 807, 771
333, 793, 803
334, 771, 759
335, 476, 497
336, 412, 419
337, 419, 459
338, 908, 929
339, 990, 982
340, 216, 168
341, 168, 152
342, 919, 880
343, 944, 919
344, 941, 957
345, 957, 1024
346, 1024, 1016
347, 1400, 1424
348, 1365, 1350
349, 1395, 1412
350, 1344, 1327
351, 1342, 1367
352, 104, 108
353, 108, 135
354, 149, 131
355, 1124, 1106
356, 1097, 1126
357, 1061, 1063
358, 1126, 1124
359, 20, 24
360, 97, 74
361, 76, 97
362, 1325, 1373
363, 1360, 1333
364, 227, 246
365, 295, 277
366, 248, 293
367, 688, 678
368, 628, 636
369, 1401, 1385
370, 1417, 1443
371, 1366, 1379
372, 1440, 1401
373, 1132, 1151
374, 1198, 1201
375, 1201, 1597
376, 1486, 1457
377, 1499, 1486
378, 1504, 1518
379, 176, 203
380, 1051, 1598
381, 163, 161
382, 765, 808
383, 1195, 1170
384, 1127, 1134
385, 1170, 1131
386, 1143, 1103
387, 1083, 1093
388, 1147, 1143
389, 252, 248
390, 234, 252
391, 248, 235
392, 1572, 909
393, 895, 926
394, 948, 1572
395, 232, 213
396, 288, 232
397, 285, 288
398, 213, 229
399, 494, 492
400, 432, 440
401, 460, 446
402, 1599, 1531
403, 1540, 1460
404, 1460, 1427
405, 1332, 1377
406, 1538, 1354
407, 600, 610
408, 670, 662
409, 610, 665
410, 665, 670
411, 1509, 1505
412, 99, 79
413, 118, 125
414, 120, 99
415, 90, 118
416, 1441, 1428
417, 1445, 1468
418, 937, 945
419, 945, 991
420, 946, 937
421, 998, 983
422, 782, 787
423, 749, 710
424, 787, 769
425, 710, 707
426, 448, 456
427, 456, 451
428, 375, 380
429, 386, 375
430, 1293, 1306
431, 1292, 1273
432, 73, 92
433, 130, 85
434, 226, 209
435, 214, 236
436, 634, 641
437, 622, 615
438, 676, 654
439, 641, 676
440, 654, 622
441, 445, 453
442, 400, 392
443, 453, 458
444, 735, 684
445, 681, 685
446, 1362, 1363
447, 890, 893
448, 943, 906
449, 22, 31
450, 698, 1539
451, 1539, 671
452, 704, 727
453, 730, 698
454, 439, 428
455, 1008, 1033
456, 306, 278
457, 258, 287
458, 329, 324
459, 267, 290
460, 299, 269
461, 143, 130
462, 148, 160
463, 160, 189
464, 130, 127
465, 190, 159
466, 217, 190
467, 172, 208
468, 1507, 1540
469, 1497, 1507
470, 931, 946
471, 946, 983
472, 950, 921
473, 752, 763
474, 725, 752
475, 746, 729
476, 981, 974
477, 1038, 1020
478, 1020, 981
479, 635, 653
480, 667, 1600
481, 1601, 602
482, 30, 44
483, 89, 101
484, 1602, 5
485, 34, 61
486, 27, 1603
487, 64, 47
488, 597, 585
489, 530, 562
490, 599, 597
491, 562, 599
492, 1512, 1501
493, 1458, 1604
494, 1465, 1458
495, 14, 1605
496, 56, 52
497, 1606, 17
498, 872, 899
499, 930, 886
500, 886, 857
501, 1541, 721
502, 731, 1573
503, 591, 623
504, 554, 563
505, 240, 243
506, 225, 240
507, 211, 193
508, 1485, 1494
509, 1438, 1472
510, 1476, 1459
511, 1494, 1476
512, 929, 927
513, 927, 960
514, 984, 929
515, 166, 140
516, 103, 124
517, 140, 116
518, 154, 166
519, 116, 103
520, 1116, 1118
521, 1168, 1164
522, 1318, 1275
523, 1275, 1253
524, 1336, 1318
525, 1253, 1281
526, 550, 541
527, 541, 494
528, 508, 532
529, 494, 488
530, 170, 179
531, 115, 170
532, 178, 150
533, 1311, 1335
534, 1281, 1263
535, 1326, 1281
536, 1045, 1087
537, 1060, 1038
538, 1087, 1101
539, 1038, 1031
540, 1543, 1209
541, 1254, 1543
542, 1204, 1215
543, 876, 888
544, 827, 844
545, 825, 833
546, 795, 764
547, 790, 825
548, 764, 778
549, 345, 316
550, 379, 362
551, 316, 322
552, 436, 444
553, 444, 491
554, 467, 452
555, 58, 110
556, 1542, 78
557, 110, 115
558, 115, 1542
559, 1283, 1316
560, 1316, 1293
561, 1242, 1261
562, 1293, 1264
563, 219, 244
564, 273, 280
565, 229, 218
566, 263, 229
567, 1100, 1074
568, 1607, 1117
569, 1117, 1100
570, 10, 1608
571, 1333, 1315
572, 1325, 1333
573, 903, 876
574, 884, 904
575, 844, 836
576, 843, 884
577, 876, 844
578, 589, 577
579, 619, 589
580, 561, 576
581, 255, 298
582, 298, 315
583, 315, 301
584, 241, 237
585, 173, 202
586, 238, 234
587, 234, 183
588, 592, 575
589, 575, 628
590, 640, 625
591, 628, 639
592, 601, 609
593, 656, 627
594, 660, 669
595, 1428, 1380
596, 1380, 1360
597, 1360, 1392
598, 1404, 1428
599, 1191, 1174
600, 1142, 1186
601, 1153, 1122
602, 700, 660
603, 660, 650
604, 202, 194
605, 281, 260
606, 204, 220
607, 1121, 1154
608, 1352, 1609
609, 1408, 1394
610, 1085, 1071
611, 1071, 1062
612, 1109, 1123
613, 616, 580
614, 1530, 1485
615, 1472, 1464
616, 1493, 1514
617, 1485, 1472
618, 1514, 1610
619, 1530, 1514
620, 558, 601
621, 627, 616
622, 601, 627
623, 616, 560
624, 1611, 20
625, 20, 39
626, 1324, 1332
627, 1332, 1328
628, 437, 439
629, 505, 464
630, 439, 482
631, 933, 972
632, 926, 913
633, 968, 948
634, 948, 926
635, 679, 696
636, 652, 651
637, 696, 701
638, 1414, 1400
639, 1359, 1361
640, 1361, 1406
641, 1400, 1355
642, 1515, 1612
643, 1613, 1502
644, 393, 382
645, 325, 345
646, 362, 388
647, 345, 362
648, 626, 633
649, 630, 608
650, 1300, 1278
651, 1230, 1544
652, 1544, 1284
653, 1712, 1614
654, 722, 732
655, 1113, 1121
656, 1102, 1113
657, 1065, 1082
658, 1121, 1109
659, 1109, 1077
660, 977, 1015
661, 1015, 1565
662, 942, 977
663, 956, 942
664, 430, 441
665, 481, 430
666, 441, 486
667, 506, 481
668, 1474, 1491
669, 1455, 1474
670, 1545, 1449
671, 1491, 1498
672, 804, 828
673, 820, 801
674, 760, 1546
675, 1562, 421
676, 475, 447
677, 434, 1537
678, 1537, 472
679, 923, 939
680, 883, 892
681, 939, 917
682, 318, 368
683, 309, 318
684, 322, 295
685, 368, 374
686, 295, 302
687, 358, 322
688, 1384, 1420
689, 1420, 1434
690, 1434, 1417
691, 1379, 1364
692, 1417, 1379
693, 411, 408
694, 471, 465
695, 431, 471
696, 465, 411
697, 1457, 1426
698, 1412, 1433
699, 1396, 1412
700, 1463, 1457
701, 1267, 1615
702, 1616, 1267
703, 1090, 1116
704, 1150, 1133
705, 1108, 1081
706, 1116, 1140
707, 1260, 1286
708, 1288, 1265
709, 555, 587
710, 613, 626
711, 626, 581
712, 129, 128
713, 75, 129
714, 72, 75
715, 128, 102
716, 801, 790
717, 727, 760
718, 778, 730
719, 730, 727
720, 790, 778
721, 760, 801
722, 433, 403
723, 394, 426
724, 391, 365
725, 1199, 1230
726, 1197, 1181
727, 1230, 1245
728, 684, 679
729, 633, 681
730, 651, 630
731, 681, 684
732, 679, 651
733, 630, 633
734, 1617, 1348
735, 1348, 1370
736, 1370, 1718
737, 1111, 1110
738, 1091, 1111
739, 1169, 1199
740, 1141, 1138
741, 1181, 1141
742, 1138, 1169
743, 1199, 1181
744, 989, 1001
745, 988, 944
746, 944, 947
747, 1207, 1218
748, 543, 565
749, 572, 540
750, 540, 496
751, 496, 498
752, 663, 620
753, 620, 607
754, 662, 663
755, 629, 662
756, 1160, 1171
757, 1194, 1160
758, 1452, 1454
759, 1513, 1483
760, 1495, 1513
761, 954, 958
762, 899, 911
763, 930, 899
764, 1488, 1470
765, 1470, 1448
766, 1442, 1453
767, 1312, 1297
768, 1297, 1247
769, 1247, 1248
770, 1248, 1277
771, 940, 907
772, 925, 941
773, 978, 940
774, 941, 975
775, 194, 151
776, 157, 192
777, 151, 157
778, 206, 194
779, 608, 591
780, 545, 552
781, 563, 545
782, 591, 563
783, 573, 608
784, 1203, 1213
785, 1255, 1258
786, 1258, 1254
787, 1215, 1203
788, 1254, 1215
789, 1167, 1185
790, 1130, 1167
791, 1137, 1130
792, 1188, 1149
793, 512, 475
794, 475, 495
795, 1232, 1238
796, 1189, 1179
797, 1178, 1168
798, 1182, 1192
799, 1168, 1136
800, 1123, 1166
801, 1119, 1123
802, 1049, 990
803, 990, 984
804, 984, 995
805, 1048, 1049
806, 609, 584
807, 588, 612
808, 650, 609
809, 647, 650
810, 1066, 1092
811, 1084, 1055
812, 1122, 1084
813, 1120, 1122
814, 1209, 1177
815, 1177, 1155
816, 1155, 1162
817, 1162, 1204
818, 1204, 1209
819, 1369, 1347
820, 1363, 1398
821, 1407, 1402
822, 1358, 1363
823, 991, 1023
824, 1044, 998
825, 1023, 1052
826, 998, 991
827, 147, 143
828, 207, 182
829, 143, 177
830, 1270, 1276
831, 1223, 1219
832, 351, 321
833, 357, 356
834, 1618, 1528
835, 1524, 1619
836, 443, 427
837, 418, 435
838, 435, 461
839, 461, 479
840, 286, 283
841, 220, 226
842, 283, 1620
843, 226, 274
844, 1621, 220
845, 1622, 683
846, 839, 805
847, 774, 766
848, 767, 816
849, 766, 767
850, 830, 840
851, 1368, 1331
852, 1346, 1382
853, 1320, 1323
854, 789, 780
855, 744, 735
856, 754, 792
857, 735, 754
858, 1259, 1291
859, 1317, 1532
860, 1532, 1252
861, 848, 1623
862, 1717, 915
863, 879, 855
864, 915, 879
865, 687, 686
866, 686, 722
867, 707, 687
868, 742, 707
869, 722, 741
870, 1553, 817
871, 803, 841
872, 817, 803
873, 674, 646
874, 624, 674
875, 617, 598
876, 1523, 1624
877, 1625, 1523
878, 1306, 1359
879, 1319, 1292
880, 1292, 1306
881, 1359, 1355
882, 528, 555
883, 552, 523
884, 581, 573
885, 555, 581
886, 573, 552
887, 101, 145
888, 153, 138
889, 93, 101
890, 964, 1028
891, 960, 964
892, 995, 960
893, 1019, 995
894, 1161, 1183
895, 1190, 1175
896, 1202, 1210
897, 1103, 1091
898, 1032, 1083
899, 1028, 1032
900, 1083, 1103
901, 1091, 1059
902, 1029, 1028
903, 31, 73
904, 41, 19
905, 73, 66
906, 6, 31
907, 360, 329
908, 328, 360
909, 290, 1533
910, 1533, 328
911, 329, 290
912, 868, 852
913, 833, 868
914, 812, 800
915, 800, 795
916, 795, 833
917, 348, 331
918, 305, 346
919, 282, 1549
920, 331, 282
921, 785, 798
922, 786, 773
923, 829, 842
924, 794, 786
925, 1309, 1268
926, 1272, 1310
927, 1310, 1309
928, 1496, 1461
929, 1443, 1560
930, 1560, 1500
931, 1461, 1440
932, 1440, 1443
933, 1067, 1041
934, 1106, 1094
935, 1094, 1072
936, 1041, 1061
937, 1061, 1106
938, 653, 680
939, 719, 667
940, 729, 719
941, 695, 729
942, 667, 653
943, 1626, 16
944, 57, 51
945, 51, 1627
946, 477, 433
947, 426, 463
948, 489, 477
949, 433, 426
950, 768, 835
951, 835, 848
952, 1573, 768
953, 855, 806
954, 848, 855
955, 1213, 1193
956, 1193, 1212
957, 1240, 1246
958, 877, 870
959, 916, 933
960, 913, 877
961, 933, 913
962, 902, 866
963, 1569, 902
964, 849, 891
965, 891, 1569
966, 137, 141
967, 94, 107
968, 134, 88
969, 853, 789
970, 859, 853
971, 792, 834
972, 789, 792
973, 507, 516
974, 463, 443
975, 479, 507
976, 443, 479
977, 473, 463
978, 763, 799
979, 783, 746
980, 746, 763
981, 1349, 1300
982, 1354, 1349
983, 1328, 1354
984, 1284, 1328
985, 1300, 1284
986, 376, 412
987, 378, 376
988, 1537, 378
989, 412, 1537
990, 974, 955
991, 951, 956
992, 999, 974
993, 956, 1565
994, 691, 717
995, 685, 661
996, 715, 685
997, 994, 985
998, 1000, 1039
999, 1046, 1027
1000, 191, 142
1001, 142, 146
1002, 175, 197
1003, 146, 120
1004, 183, 175
1005, 120, 144
1006, 169, 183
1007, 175, 146
1008, 1532, 1296
1009, 1229, 1532
1010, 1282, 1231
1011, 353, 389
1012, 389, 366
1013, 313, 319
1014, 932, 962
1015, 992, 973
1016, 1200, 1222
1017, 1211, 1196
1018, 1249, 1228
1019, 1222, 1256
1020, 918, 924
1021, 924, 981
1022, 981, 959
1023, 959, 918
1024, 409, 348
1025, 346, 373
1026, 373, 405
1027, 348, 346
1028, 565, 600
1029, 607, 572
1030, 600, 629
1031, 572, 565
1032, 629, 607
1033, 1221, 1195
1034, 1195, 1190
1035, 1233, 1237
1036, 1190, 1217
1037, 882, 1575
1038, 907, 882
1039, 888, 925
1040, 1575, 888
1041, 925, 907
1042, 837, 854
1043, 799, 837
1044, 809, 799
1045, 1080, 1115
1046, 1115, 1095
1047, 1052, 1080
1048, 1054, 1052
1049, 403, 455
1050, 369, 391
1051, 455, 448
1052, 380, 369
1053, 448, 380
1054, 391, 403
1055, 1002, 966
1056, 1004, 1002
1057, 952, 971
1058, 611, 618
1059, 637, 659
1060, 644, 631
1061, 402, 384
1062, 449, 425
1063, 442, 449
1064, 385, 410
1065, 1157, 1146
1066, 1174, 1206
1067, 1180, 1157
1068, 1146, 1153
1069, 1153, 1174
1070, 486, 501
1071, 529, 506
1072, 1713, 548
1073, 548, 529
1074, 506, 486
1075, 702, 664
1076, 658, 701
1077, 491, 503
1078, 502, 491
1079, 560, 536
1080, 551, 560
1081, 1145, 1135
1082, 1101, 1145
1083, 1125, 1112
1084, 1089, 1101
1085, 1151, 1172
1086, 1552, 1198
1087, 1198, 1151
1088, 392, 347
1089, 359, 390
1090, 401, 392
1091, 1047, 987
1092, 967, 996
1093, 996, 1047
1094, 987, 967
1095, 1433, 1456
1096, 1456, 1484
1097, 1481, 1463
1098, 1463, 1433
1099, 854, 890
1100, 880, 864
1101, 906, 880
1102, 890, 906
1103, 864, 854
1104, 1628, 4
1105, 4, 18
1106, 9, 1629
1107, 1278, 1295
1108, 1290, 1235
1109, 1245, 1278
1110, 1227, 1245
1111, 683, 690
1112, 721, 688
1113, 690, 731
1114, 688, 666
1115, 731, 721
1116, 668, 683
1117, 897, 859
1118, 867, 900
1119, 900, 897
1120, 859, 850
1121, 1464, 1446
1122, 1473, 1493
1123, 1550, 1473
1124, 1493, 1464
1125, 280, 325
1126, 327, 285
1127, 285, 263
1128, 263, 280
1129, 325, 332
1130, 1535, 281
1131, 289, 1535
1132, 256, 270
1133, 281, 251
1134, 982, 993
1135, 969, 936
1136, 928, 982
1137, 842, 875
1138, 878, 862
1139, 832, 842
1140, 114, 1630
1141, 1631, 114
1142, 1632, 1408
1143, 1408, 1633
1144, 372, 351
1145, 416, 372
1146, 420, 416
1147, 356, 415
1148, 351, 356
1149, 1634, 58
1150, 15, 1635
1151, 58, 45
1152, 755, 738
1153, 701, 747
1154, 709, 701
1155, 497, 530
1156, 472, 497
1157, 530, 547
1158, 495, 472
1159, 533, 495
1160, 738, 753
1161, 751, 723
1162, 723, 700
1163, 700, 702
1164, 702, 709
1165, 709, 738
1166, 1375, 1399
1167, 1335, 1375
1168, 1387, 1336
1169, 1336, 1326
1170, 1326, 1335
1171, 577, 524
1172, 524, 505
1173, 553, 577
1174, 505, 514
1175, 538, 578
1176, 569, 521
1177, 511, 527
1178, 1528, 1504
1179, 1484, 1509
1180, 1504, 1481
1181, 1509, 1524
1182, 1524, 1528
1183, 1481, 1484
1184, 836, 777
1185, 777, 772
1186, 814, 843
1187, 843, 836
1188, 1330, 1337
1189, 1385, 1345
1190, 1337, 1366
1191, 1366, 1385
1192, 1341, 1344
1193, 1386, 1341
1194, 1344, 1396
1195, 1396, 1397
1196, 623, 652
1197, 612, 623
1198, 664, 647
1199, 652, 658
1200, 647, 612
1201, 658, 664
1202, 1373, 1378
1203, 1419, 1445
1204, 1392, 1373
1205, 1445, 1404
1206, 1404, 1392
1207, 1551, 908
1208, 885, 1551
1209, 908, 928
1210, 928, 922
1211, 1477, 1492
1212, 1636, 1525
1213, 1010, 1043
1214, 1043, 1090
1215, 1081, 1037
1216, 1037, 1010
1217, 1090, 1081
1218, 958, 997
1219, 963, 930
1220, 997, 963
1221, 930, 958
1222, 24, 26
1223, 26, 53
1224, 84, 76
1225, 76, 24
1226, 111, 1637
1227, 1638, 111
1228, 223, 195
1229, 187, 196
1230, 196, 259
1231, 259, 223
1232, 8, 28
1233, 28, 1639
1234, 301, 304
1235, 275, 249
1236, 261, 301
1237, 303, 312
1238, 312, 289
1239, 276, 303
1240, 270, 257
1241, 289, 270
1242, 487, 522
1243, 539, 1640
1244, 484, 487
1245, 522, 542
1246, 438, 398
1247, 451, 438
1248, 398, 386
1249, 386, 451
1250, 200, 199
1251, 210, 200
1252, 224, 258
1253, 258, 250
1254, 972, 994
1255, 1027, 1036
1256, 1036, 1014
1257, 980, 972
1258, 994, 1027
1259, 590, 596
1260, 594, 550
1261, 546, 590
1262, 532, 546
1263, 550, 532
1264, 845, 872
1265, 857, 826
1266, 811, 810
1267, 872, 857
1268, 1454, 1441
1269, 1468, 1479
1270, 1502, 1495
1271, 1441, 1468
1272, 1495, 1454
1273, 672, 711
1274, 675, 672
1275, 737, 708
1276, 708, 675
1277, 711, 737
1278, 1025, 1067
1279, 1072, 1079
1280, 1079, 1051
1281, 1051, 1035
1282, 1067, 1072
1283, 852, 874
1284, 874, 846
1285, 824, 812
1286, 812, 852
1287, 1024, 1007
1288, 1030, 1066
1289, 1007, 1030
1290, 1055, 1024
1291, 1066, 1055
1292, 534, 558
1293, 503, 504
1294, 558, 551
1295, 551, 503
1296, 1271, 1302
1297, 1279, 1249
1298, 1256, 1271
1299, 1249, 1256
1300, 1506, 1510
1301, 1641, 1519
1302, 1510, 1642
1303, 91, 40
1304, 81, 91
1305, 18, 81
1306, 40, 9
1307, 9, 18
1308, 265, 300
1309, 1548, 254
1310, 1563, 1548
1311, 16, 14
1312, 52, 71
1313, 14, 52
1314, 50, 16
1315, 521, 510
1316, 458, 511
1317, 450, 458
1318, 499, 454
1319, 511, 521
1320, 501, 1643
1321, 1713, 501
1322, 858, 898
1323, 898, 1553
1324, 841, 858
1325, 1553, 841
1326, 1521, 1644
1327, 1645, 1503
1328, 1478, 1521
1329, 1503, 1480
1330, 1480, 1478
1331, 1013, 978
1332, 1040, 1013
1333, 1016, 1040
1334, 975, 1016
1335, 978, 975
1336, 1646, 1530
1337, 1530, 1647
1338, 578, 605
1339, 576, 569
1340, 605, 624
1341, 598, 576
1342, 624, 598
1343, 569, 578
1344, 2, 1648
1345, 1559, 490
1346, 474, 467
1347, 467, 502
1348, 536, 1559
1349, 502, 536
1350, 23, 8
1351, 1649, 21
1352, 8, 1650
1353, 135, 155
1354, 155, 165
1355, 161, 135
1356, 193, 161
1357, 184, 193
1358, 772, 761
1359, 826, 814
1360, 761, 781
1361, 781, 811
1362, 814, 772
1363, 811, 826
1364, 1062, 1026
1365, 1033, 1065
1366, 1021, 1033
1367, 1077, 1062
1368, 1065, 1077
1369, 1212, 1214
1370, 1214, 1242
1371, 1264, 1240
1372, 1242, 1264
1373, 1240, 1212
1374, 159, 137
1375, 107, 112
1376, 138, 159
1377, 119, 138
1378, 137, 107
1379, 1339, 1352
1380, 1394, 1534
1381, 1371, 1339
1382, 1534, 1371
1383, 1352, 1394
1384, 864, 1710
1385, 1651, 783
1386, 1710, 1652
1387, 783, 809
1388, 809, 864
1389, 310, 342
1390, 342, 335
1391, 291, 279
1392, 1347, 1312
1393, 1321, 1358
1394, 1312, 1303
1395, 1358, 1347
1396, 1268, 1262
1397, 1218, 1216
1398, 1251, 1218
1399, 1243, 1268
1400, 46, 1712
1401, 1712, 12
1402, 12, 30
1403, 68, 46
1404, 30, 68
1405, 293, 323
1406, 355, 344
1407, 287, 293
1408, 314, 287
1409, 29, 11
1410, 1653, 29
1411, 962, 965
1412, 1022, 1008
1413, 1005, 1022
1414, 1008, 992
1415, 992, 962
1416, 408, 367
1417, 367, 399
1418, 431, 408
1419, 1172, 1159
1420, 1159, 1194
1421, 1574, 1552
1422, 1194, 1574
1423, 1552, 1172
1424, 407, 1654
1425, 429, 407
1426, 1655, 429
1427, 1064, 1049
1428, 1104, 1064
1429, 1049, 1086
1430, 606, 635
1431, 1570, 582
1432, 635, 603
1433, 1069, 1068
1434, 1018, 1058
1435, 1011, 1009
1436, 1050, 1034
1437, 821, 784
1438, 775, 815
1439, 762, 775
1440, 43, 22
1441, 3, 32
1442, 22, 1656
1443, 35, 83
1444, 83, 106
1445, 60, 35
1446, 106, 95
1447, 185, 136
1448, 195, 185
1449, 141, 187
1450, 136, 134
1451, 134, 141
1452, 187, 195
1453, 242, 1657
1454, 584, 564
1455, 535, 519
1456, 519, 554
1457, 554, 588
1458, 588, 584
1459, 1331, 1324
1460, 1286, 1320
1461, 1324, 1288
1462, 1288, 1286
1463, 1320, 1331
1464, 1554, 1557
1465, 716, 1554
1466, 759, 716
1467, 1557, 759
1468, 866, 860
1469, 808, 822
1470, 831, 808
1471, 856, 866
1472, 893, 1553
1473, 1553, 931
1474, 921, 893
1475, 931, 921
1476, 300, 307
1477, 307, 313
1478, 352, 1563
1479, 313, 333
1480, 1563, 300
1481, 1399, 1423
1482, 1429, 1422
1483, 1381, 1387
1484, 1422, 1381
1485, 1387, 1399
1486, 513, 468
1487, 492, 518
1488, 468, 460
1489, 518, 517
1490, 460, 492
1491, 1522, 1488
1492, 1525, 1658
1493, 1488, 1567
1494, 1567, 1525
1495, 604, 606
1496, 557, 595
1497, 595, 604
1498, 582, 557
1499, 606, 582
1500, 124, 123
1501, 123, 164
1502, 174, 154
1503, 154, 124
1504, 1424, 1438
1505, 1430, 1411
1506, 1459, 1430
1507, 1438, 1459
1508, 1423, 1452
1509, 1466, 1429
1510, 1483, 1466
1511, 1452, 1483
1512, 1429, 1423
1513, 406, 437
1514, 464, 442
1515, 410, 406
1516, 437, 464
1517, 442, 410
1518, 1158, 1129
1519, 1129, 1114
1520, 1114, 1137
1521, 1149, 1173
1522, 1137, 1149
1523, 692, 1554
1524, 1554, 657
1525, 659, 692
1526, 657, 644
1527, 644, 659
1528, 680, 677
1529, 677, 703
1530, 703, 725
1531, 725, 695
1532, 695, 680
1533, 585, 574
1534, 547, 585
1535, 544, 533
1536, 533, 547
1537, 382, 394
1538, 354, 349
1539, 370, 382
1540, 394, 381
1541, 70, 49
1542, 1558, 48
1543, 49, 13
1544, 1432, 1538
1545, 1377, 1391
1546, 1391, 1425
1547, 1538, 1377
1548, 1555, 1536
1549, 139, 171
1550, 1536, 139
1551, 171, 1555
1552, 1659, 309
1553, 246, 242
1554, 302, 246
1555, 309, 302
1556, 242, 1660
1557, 113, 57
1558, 117, 113
1559, 71, 117
1560, 57, 50
1561, 50, 71
1562, 574, 583
1563, 579, 556
1564, 526, 544
1565, 544, 574
1566, 1185, 1226
1567, 1216, 1188
1568, 1188, 1185
1569, 1244, 1243
1570, 1243, 1216
1571, 428, 383
1572, 383, 400
1573, 400, 450
1574, 454, 428
1575, 450, 454
1576, 1234, 1191
1577, 1186, 1211
1578, 1228, 1234
1579, 1191, 1186
1580, 1211, 1228
1581, 1015, 1661
1582, 1074, 1015
1583, 1662, 1074
1584, 1164, 1200
1585, 1196, 1150
1586, 1140, 1164
1587, 1150, 1140
1588, 1200, 1196
1589, 323, 330
1590, 383, 364
1591, 330, 383
1592, 334, 323
1593, 180, 219
1594, 164, 180
1595, 218, 174
1596, 219, 218
1597, 174, 164
1598, 36, 2
1599, 1663, 42
1600, 42, 54
1601, 2, 1664
1602, 1533, 222
1603, 272, 1533
1604, 222, 231
1605, 570, 611
1606, 566, 570
1607, 593, 566
1608, 631, 593
1609, 611, 631
1610, 949, 903
1611, 904, 961
1612, 970, 949
1613, 961, 970
1614, 903, 904
1615, 247, 216
1616, 277, 262
1617, 216, 215
1618, 239, 277
1619, 935, 914
1620, 905, 935
1621, 894, 878
1622, 878, 887
1623, 192, 256
1624, 251, 206
1625, 206, 192
1626, 256, 251
1627, 1294, 1330
1628, 1345, 1346
1629, 1323, 1289
1630, 1346, 1323
1631, 1330, 1345
1632, 776, 797
1633, 788, 755
1634, 747, 757
1635, 755, 747
1636, 440, 422
1637, 422, 466
1638, 488, 440
1639, 478, 488
1640, 1501, 1517
1641, 1517, 1475
1642, 1475, 1465
1643, 1465, 1501
1644, 65, 43
1645, 32, 72
1646, 72, 82
1647, 43, 32
1648, 936, 923
1649, 892, 873
1650, 873, 885
1651, 923, 892
1652, 922, 936
1653, 885, 922
1654, 1378, 1369
1655, 1427, 1419
1656, 1402, 1427
1657, 1369, 1402
1658, 1419, 1378
1659, 1547, 1260
1660, 1260, 1233
1661, 1210, 1547
1662, 1217, 1210
1663, 1233, 1217
1664, 796, 1541
1665, 802, 823
1666, 1541, 779
1667, 100, 70
1668, 48, 60
1669, 95, 100
1670, 60, 95
1671, 70, 48
1672, 80, 23
1673, 74, 80
1674, 39, 74
1675, 21, 39
1676, 23, 21
1677, 1338, 1287
1678, 1296, 1341
1679, 1341, 1338
1680, 1287, 1282
1681, 1282, 1296
1682, 920, 881
1683, 881, 901
1684, 901, 932
1685, 938, 920
1686, 932, 938
1687, 61, 104
1688, 131, 109
1689, 109, 64
1690, 104, 131
1691, 64, 61
1692, 1568, 989
1693, 947, 943
1694, 943, 950
1695, 950, 1568
1696, 989, 947
1697, 1304, 1319
1698, 1322, 1304
1699, 1350, 1322
1700, 1355, 1350
1701, 1319, 1355
1702, 520, 543
1703, 498, 480
1704, 480, 520
1705, 543, 498
1706, 321, 286
1707, 274, 1548
1708, 1548, 321
1709, 286, 274
1710, 1014, 1018
1711, 1009, 968
1712, 968, 980
1713, 980, 1014
1714, 1018, 1009
1715, 966, 954
1716, 911, 912
1717, 934, 952
1718, 954, 911
1719, 952, 966
1720, 671, 643
1721, 693, 704
1722, 643, 645
1723, 645, 693
1724, 704, 671
1725, 1436, 1410
1726, 1390, 1409
1727, 1409, 1439
1728, 1439, 1436
1729, 1076, 1096
1730, 1096, 1127
1731, 1564, 1076
1732, 1131, 1564
1733, 1127, 1131
1734, 98, 132
1735, 121, 86
1736, 132, 121
1737, 86, 77
1738, 500, 512
1739, 556, 538
1740, 527, 500
1741, 512, 526
1742, 538, 527
1743, 526, 556
1744, 447, 424
1745, 413, 395
1746, 395, 434
1747, 434, 447
1748, 1225, 1224
1749, 1206, 1225
1750, 1208, 1180
1751, 1180, 1206
1752, 1665, 1512
1753, 1512, 1666
1754, 822, 796
1755, 823, 849
1756, 849, 856
1757, 856, 822
1758, 796, 823
1759, 1235, 1232
1760, 1179, 1176
1761, 1176, 1197
1762, 1197, 1227
1763, 1232, 1179
1764, 1227, 1235
1765, 1435, 1469
1766, 1437, 1421
1767, 1421, 1435
1768, 1471, 1447
1769, 243, 265
1770, 236, 211
1771, 254, 236
1772, 211, 243
1773, 265, 254
1774, 717, 739
1775, 739, 765
1776, 765, 754
1777, 754, 715
1778, 715, 717
1779, 1571, 1353
1780, 1376, 1571
1781, 1353, 1388
1782, 713, 726
1783, 694, 656
1784, 726, 694
1785, 669, 713
1786, 656, 669
1787, 1262, 1294
1788, 1289, 1547
1789, 1547, 1251
1790, 1251, 1262
1791, 1294, 1289
1792, 384, 341
1793, 341, 326
1794, 350, 385
1795, 385, 384
1796, 1001, 1025
1797, 1711, 988
1798, 1035, 1711
1799, 988, 1001
1800, 1025, 1035
1801, 678, 691
1802, 661, 640
1803, 639, 678
1804, 640, 639
1805, 691, 661
1806, 1667, 484
1807, 484, 1668
1808, 424, 445
1809, 390, 413
1810, 445, 401
1811, 401, 390
1812, 413, 424
1813, 1529, 1669
1814, 1670, 1529
1815, 724, 699
1816, 748, 724
1817, 699, 706
1818, 706, 748
1819, 414, 379
1820, 374, 417
1821, 417, 414
1822, 379, 358
1823, 358, 374
1824, 162, 204
1825, 1714, 162
1826, 204, 1671
1827, 1154, 1189
1828, 1561, 1182
1829, 1166, 1154
1830, 1189, 1561
1831, 1182, 1166
1832, 896, 865
1833, 865, 871
1834, 909, 896
1835, 871, 895
1836, 895, 909
1837, 1343, 1340
1838, 1351, 1384
1839, 1364, 1343
1840, 1340, 1351
1841, 1384, 1364
1842, 1329, 1356
1843, 1374, 1362
1844, 1356, 1374
1845, 1362, 1334
1846, 221, 267
1847, 253, 207
1848, 269, 253
1849, 267, 269
1850, 207, 205
1851, 179, 227
1852, 215, 178
1853, 227, 239
1854, 178, 179
1855, 239, 215
1856, 1469, 1506
1857, 1519, 1497
1858, 1497, 1471
1859, 1506, 1519
1860, 1471, 1469
1861, 278, 272
1862, 231, 210
1863, 250, 278
1864, 210, 250
1865, 272, 231
1866, 1505, 1545
1867, 1498, 1672
1868, 1673, 1505
1869, 1545, 1498
1870, 1263, 1236
1871, 1280, 1263
1872, 1223, 1266
1873, 1291, 1307
1874, 1327, 1317
1875, 1314, 1342
1876, 1342, 1327
1877, 1317, 1291
1878, 846, 845
1879, 791, 824
1880, 810, 791
1881, 845, 810
1882, 824, 846
1883, 571, 1674
1884, 1556, 571
1885, 621, 614
1886, 1418, 1393
1887, 1383, 1376
1888, 1388, 1413
1889, 1413, 1418
1890, 1376, 1388
1891, 405, 436
1892, 452, 409
1893, 436, 452
1894, 409, 405
1895, 780, 776
1896, 736, 744
1897, 757, 736
1898, 744, 780
1899, 776, 757
1900, 1557, 749
1901, 769, 793
1902, 793, 1557
1903, 749, 769
1904, 805, 804
1905, 1546, 774
1906, 804, 1546
1907, 774, 805
1908, 720, 705
1909, 673, 694
1910, 694, 720
1911, 705, 682
1912, 583, 634
1913, 615, 579
1914, 634, 615
1915, 579, 583
1916, 1299, 1325
1917, 1274, 1299
1918, 1325, 1285
1919, 1516, 1675
1920, 1676, 1516
1921, 1398, 1437
1922, 1540, 1407
1923, 1447, 1540
1924, 1407, 1398
1925, 1437, 1447
1926, 1114, 1056
1927, 1056, 1064
1928, 1064, 1114
1929, 1677, 1283
1930, 1261, 1250
1931, 1250, 1678
1932, 1283, 1261
1933, 1026, 1004
1934, 971, 976
1935, 976, 1021
1936, 1004, 971
1937, 1021, 1026
1938, 1226, 1543
1939, 1543, 1272
1940, 1272, 1244
1941, 1244, 1226
1942, 13, 1679
1943, 1680, 1558
1944, 1558, 13
1945, 636, 1556
1946, 666, 636
1947, 614, 668
1948, 668, 666
1949, 1556, 614
1950, 1511, 1681
1951, 1682, 1490
1952, 1490, 1511
1953, 44, 36
1954, 87, 89
1955, 54, 87
1956, 89, 44
1957, 36, 54
1958, 152, 117
1959, 117, 1542
1960, 150, 152
1961, 1542, 150
1962, 1416, 1455
1963, 1415, 1416
1964, 1449, 1415
1965, 1455, 1449
1966, 92, 105
1967, 105, 148
1968, 127, 92
1969, 148, 127
1970, 567, 1559
1971, 580, 586
1972, 586, 567
1973, 1559, 580
1974, 260, 271
1975, 271, 238
1976, 238, 202
1977, 202, 260
1978, 397, 432
1979, 446, 404
1980, 404, 397
1981, 432, 446
1982, 797, 851
1983, 813, 788
1984, 851, 813
1985, 788, 797
1986, 1566, 98
1987, 37, 1566
1988, 77, 37
1989, 98, 77
1990, 1171, 1165
1991, 1165, 1205
1992, 1219, 1171
1993, 1220, 1219
1994, 244, 247
1995, 284, 273
1996, 262, 284
1997, 273, 244
1998, 247, 262
1999, 732, 728
2000, 770, 775
2001, 734, 770
2002, 728, 734
2003, 775, 732
2004, 1467, 1489
2005, 1489, 1520
2006, 1560, 1467
2007, 1520, 1560
2008, 17, 15
2009, 38, 17
2010, 45, 55
2011, 15, 45
2012, 714, 697
2013, 697, 745
2014, 750, 714
2015, 745, 750
2016, 875, 883
2017, 917, 905
2018, 883, 917
2019, 887, 875
2020, 905, 887
2021, 1238, 1259
2022, 1252, 1561
2023, 1561, 1238
2024, 1259, 1252
2025, 11, 33
2026, 10, 1683
2027, 1684, 11
2028, 457, 462
2029, 421, 457
2030, 462, 420
2031, 415, 421
2032, 420, 415
2033, 1095, 1097
2034, 1063, 1044
2035, 1097, 1063
2036, 1044, 1054
2037, 1054, 1095
2038, 292, 305
2039, 1549, 264
2040, 264, 292
2041, 305, 1549
2042, 1183, 1158
2043, 1173, 1207
2044, 1207, 1202
2045, 1202, 1183
2046, 1158, 1173
2047, 1098, 1132
2048, 1685, 1098
2049, 1132, 1686
2050, 1563, 1562
2051, 1562, 357
2052, 357, 1563
2053, 387, 337
2054, 363, 387
2055, 337, 363
2056, 649, 632
2057, 632, 673
2058, 682, 649
2059, 673, 682
2060, 1687, 539
2061, 542, 1570
2062, 539, 542
2063, 828, 861
2064, 863, 820
2065, 861, 863
2066, 820, 828
2067, 1133, 1142
2068, 1092, 1108
2069, 1142, 1120
2070, 1108, 1133
2071, 1120, 1092
2072, 564, 534
2073, 515, 535
2074, 535, 564
2075, 525, 561
2076, 561, 553
2077, 514, 509
2078, 553, 514
2079, 1139, 1161
2080, 1134, 1139
2081, 1175, 1134
2082, 1161, 1175
2083, 212, 221
2084, 189, 212
2085, 177, 189
2086, 205, 177
2087, 221, 205
2088, 1688, 423
2089, 423, 1689
2090, 203, 230
2091, 230, 255
2092, 237, 203
2093, 255, 237
2094, 53, 63
2095, 63, 94
2096, 88, 84
2097, 94, 88
2098, 84, 53
2099, 1315, 1311
2100, 1311, 1280
2101, 1276, 1315
2102, 1266, 1276
2103, 1280, 1266
2104, 308, 294
2105, 343, 308
2106, 294, 340
2107, 1068, 1099
2108, 1099, 1070
2109, 1070, 1050
2110, 1050, 1068
2111, 1531, 1496
2112, 1500, 1690
2113, 1691, 1531
2114, 1496, 1500
2115, 5, 1
2116, 25, 34
2117, 1, 25
2118, 34, 5
2119, 889, 910
2120, 912, 889
2121, 910, 934
2122, 934, 912
2123, 1692, 3
2124, 3, 1693
2125, 125, 173
2126, 144, 125
2127, 173, 169
2128, 169, 144
2129, 1277, 1298
2130, 1305, 1321
2131, 1303, 1277
2132, 1321, 1303
2133, 317, 311
2134, 296, 320
2135, 347, 317
2136, 311, 296
2137, 1273, 1255
2138, 1246, 1273
2139, 1255, 1213
2140, 1213, 1246
2141, 1231, 1178
2142, 1192, 1229
2143, 1178, 1192
2144, 1229, 1231
2145, 324, 353
2146, 319, 299
2147, 299, 324
2148, 353, 319
2149, 979, 1003
2150, 1012, 1005
2151, 1005, 986
2152, 985, 953
2153, 987, 1000
2154, 953, 987
2155, 1000, 985
2156, 79, 29
2157, 59, 90
2158, 29, 59
2159, 90, 79
2160, 1224, 1239
2161, 1205, 1208
2162, 1241, 1220
2163, 1208, 1224
2164, 1220, 1205
2165, 1107, 1069
2166, 1058, 1564
2167, 1564, 1107
2168, 1069, 1058
2169, 1565, 1045
2170, 1031, 999
2171, 1045, 1031
2172, 999, 1565
2173, 1389, 1368
2174, 1410, 1389
2175, 1382, 1390
2176, 1368, 1382
2177, 1390, 1410
2178, 320, 336
2179, 336, 359
2180, 359, 347
2181, 347, 320
2182, 427, 393
2183, 388, 418
2184, 393, 388
2185, 418, 427
2186, 646, 648
2187, 648, 619
2188, 619, 617
2189, 617, 646
2190, 860, 867
2191, 834, 831
2192, 850, 834
2193, 867, 850
2194, 831, 860
2195, 1716, 1187
2196, 1187, 1694
2197, 740, 718
2198, 758, 740
2199, 718, 733
2200, 733, 758
2201, 85, 1566
2202, 1566, 41
2203, 66, 85
2204, 41, 66
2205, 1110, 1130
2206, 1130, 1104
2207, 1086, 1110
2208, 1104, 1086
2209, 1453, 1450
2210, 1450, 1477
2211, 1567, 1453
2212, 1477, 1567
2213, 1118, 1085
2214, 1136, 1118
2215, 1085, 1119
2216, 1119, 1136
2217, 470, 515
2218, 504, 470
2219, 534, 504
2220, 515, 534
2221, 249, 217
2222, 208, 241
2223, 217, 208
2224, 241, 261
2225, 261, 249
2226, 186, 225
2227, 165, 186
2228, 225, 184
2229, 184, 165
2230, 326, 306
2231, 344, 350
2232, 306, 314
2233, 314, 344
2234, 350, 326
2235, 1695, 27
2236, 47, 1696
2237, 27, 47
2238, 199, 191
2239, 235, 224
2240, 197, 235
2241, 191, 197
2242, 224, 199
2243, 516, 528
2244, 523, 489
2245, 528, 523
2246, 489, 473
2247, 473, 516
2248, 1446, 1414
2249, 1406, 1550
2250, 1414, 1406
2251, 1550, 1446
2252, 1544, 1221
2253, 1265, 1544
2254, 1237, 1265
2255, 1221, 1237
2256, 596, 642
2257, 618, 594
2258, 642, 637
2259, 637, 618
2260, 594, 596
2261, 132, 147
2262, 182, 181
2263, 181, 132
2264, 147, 182
2265, 1302, 1329
2266, 1334, 1313
2267, 1301, 1302
2268, 1329, 1334
2269, 798, 818
2270, 847, 829
2271, 818, 847
2272, 829, 798
2273, 1697, 1522
2274, 1522, 1698
2275, 209, 156
2276, 156, 149
2277, 149, 163
2278, 163, 214
2279, 214, 209
2280, 1093, 1060
2281, 1112, 1093
2282, 1060, 1089
2283, 1089, 1112
2284, 1508, 1515
2285, 1479, 1508
2286, 1515, 1502
2287, 1502, 1479
2288, 816, 819
2289, 862, 830
2290, 830, 816
2291, 838, 862
2292, 993, 1006
2293, 996, 969
2294, 1006, 996
2295, 969, 993
2296, 510, 525
2297, 482, 499
2298, 509, 482
2299, 499, 510
2300, 525, 509
2301, 1717, 1699
2302, 112, 68
2303, 68, 93
2304, 93, 119
2305, 119, 112
2306, 366, 377
2307, 377, 352
2308, 333, 366
2309, 352, 333
2310, 1492, 1526
2311, 1526, 1700
2312, 1701, 1492
2313, 1017, 1568
2314, 983, 1017
2315, 1568, 983
2316, 78, 56
2317, 56, 38
2318, 55, 78
2319, 38, 55
2320, 19, 1702
2321, 1703, 6
2322, 6, 19
2323, 1059, 1048
2324, 1048, 1019
2325, 1019, 1029
2326, 1029, 1059
2327, 1718, 1704
2328, 304, 310
2329, 268, 275
2330, 279, 268
2331, 275, 304
2332, 310, 279
2333, 914, 916
2334, 869, 894
2335, 916, 870
2336, 894, 914
2337, 33, 67
2338, 67, 69
2339, 69, 10
2340, 10, 33
2341, 955, 1569
2342, 1569, 951
2343, 951, 955
2344, 469, 508
2345, 466, 469
2346, 508, 478
2347, 478, 466
2348, 1340, 1269
2349, 1269, 1308
2350, 1308, 1340
2351, 1705, 621
2352, 621, 1706
2353, 1426, 1403
2354, 1403, 1386
2355, 1397, 1426
2356, 1386, 1397
2357, 587, 592
2358, 625, 613
2359, 592, 625
2360, 613, 587
2361, 158, 176
2362, 145, 158
2363, 176, 172
2364, 172, 153
2365, 153, 145
2366, 1239, 1274
2367, 1285, 1270
2368, 1270, 1241
2369, 1274, 1285
2370, 1241, 1239
2371, 365, 343
2372, 340, 354
2373, 381, 365
2374, 354, 381
2375, 343, 340
2376, 1135, 1163
2377, 1163, 1147
2378, 1147, 1125
2379, 1125, 1135
2380, 753, 785
2381, 773, 751
2382, 785, 773
2383, 751, 753
2384, 490, 476
2385, 459, 474
2386, 476, 459
2387, 474, 490
2388, 1298, 1279
2389, 1313, 1305
2390, 1279, 1301
2391, 1305, 1298
2392, 1301, 1313
2393, 602, 1715
2394, 603, 602
2395, 1570, 603
2396, 1715, 1570
2397, 1295, 1571
2398, 1307, 1290
2399, 1571, 1314
2400, 1290, 1295
2401, 1314, 1307
2402, 976, 938
2403, 973, 976
2404, 938, 973
2405, 1393, 1395
2406, 1367, 1383
2407, 1395, 1367
2408, 1383, 1393
2409, 1039, 1078
2410, 1075, 1046
2411, 1078, 1075
2412, 1046, 1039
2413, 399, 402
2414, 425, 431
2415, 402, 425
2416, 431, 399
2417, 819, 794
2418, 794, 832
2419, 832, 838
2420, 838, 819
2421, 965, 1572
2422, 1572, 979
2423, 986, 965
2424, 979, 986
2425, 233, 266
2426, 266, 276
2427, 257, 228
2428, 228, 233
2429, 276, 257
2430, 1448, 1432
2431, 1425, 1442
2432, 1442, 1448
2433, 1432, 1425
2434, 1707, 1499
2435, 1518, 1708
2436, 1499, 1518
2437, 784, 782
2438, 782, 742
2439, 741, 762
2440, 742, 741
2441, 762, 784
2442, 870, 839
2443, 840, 869
2444, 839, 840
2445, 869, 870
2446, 1411, 1372
2447, 1372, 1365
2448, 1365, 1424
2449, 1424, 1411
2450, 806, 802
2451, 779, 1573
2452, 1573, 806
2453, 802, 779
2454, 338, 297
2455, 335, 338
2456, 297, 291
2457, 291, 335
2458, 1236, 1574
2459, 1574, 1223
2460, 1223, 1236
2461, 364, 361
2462, 361, 355
2463, 355, 334
2464, 334, 364
2465, 1575, 821
2466, 815, 827
2467, 827, 1575
2468, 821, 815
2469, 96, 65
2470, 102, 96
2471, 82, 102
2472, 65, 82
2473, 1003, 1011
2474, 1034, 1012
2475, 1011, 1034
2476, 1012, 1003
2477, 349, 327
2478, 332, 370
2479, 327, 332
2480, 370, 349
2481, 1070, 1102
2482, 1082, 1057
2483, 1057, 1070
2484, 1102, 1082
2485, 537, 513
2486, 517, 549
2487, 549, 537
2488, 513, 517
