1, 5, 946
2, 947, 4
3, 1, 948
4, 11, 1
5, 1, 2
6, 949, 16
7, 13, 950
8, 951, 5
9, 10, 952
10, 1057, 953
11, 15, 954
12, 17, 8
13, 12, 955
14, 2, 956
15, 33, 2
16, 957, 20
17, 25, 958
18, 959, 10
19, 10, 14
20, 29, 960
21, 961, 7
22, 3, 962
23, 963, 1056
24, 9, 1055
25, 26, 24
26, 20, 9
27, 47, 20
28, 9, 54
29, 18, 13
30, 13, 870
31, 964, 11
32, 22, 965
33, 11, 19
34, 966, 25
35, 28, 967
36, 25, 31
37, 968, 21
38, 12, 969
39, 52, 1056
40, 19, 35
41, 40, 19
42, 16, 26
43, 21, 16
44, 26, 51
45, 872, 21
46, 5, 12
47, 870, 5
48, 12, 53
49, 1054, 970
50, 6, 1054
51, 971, 29
52, 29, 42
53, 23, 34
54, 4, 18
55, 972, 4
56, 32, 973
57, 18, 30
58, 27, 6
59, 6, 43
60, 31, 32
61, 45, 31
62, 32, 38
63, 34, 3
64, 3, 39
65, 44, 34
66, 1057, 15
67, 15, 23
68, 23, 974
69, 7, 27
70, 39, 7
71, 27, 36
72, 55, 39
73, 14, 28
74, 871, 14
75, 28, 41
76, 1053, 22
77, 8, 1053
78, 57, 8
79, 22, 37
80, 66, 52
81, 52, 975
82, 46, 40
83, 40, 76
84, 63, 65
85, 51, 80
86, 61, 51
87, 24, 17
88, 17, 75
89, 874, 24
90, 54, 66
91, 48, 54
92, 66, 73
93, 72, 69
94, 65, 870
95, 870, 64
96, 90, 65
97, 71, 57
98, 37, 46
99, 57, 37
100, 46, 79
101, 30, 63
102, 50, 30
103, 63, 74
104, 58, 49
105, 41, 45
106, 45, 56
107, 68, 41
108, 56, 67
109, 97, 56
110, 60, 44
111, 44, 62
112, 95, 62
113, 36, 58
114, 59, 36
115, 58, 82
116, 42, 871
117, 43, 42
118, 49, 43
119, 83, 49
120, 35, 33
121, 33, 47
122, 78, 35
123, 872, 61
124, 61, 87
125, 53, 872
126, 64, 53
127, 89, 64
128, 872, 105
129, 38, 50
130, 69, 38
131, 876, 69
132, 50, 70
133, 75, 71
134, 874, 75
135, 71, 88
136, 871, 68
137, 68, 97
138, 97, 110
139, 93, 871
140, 62, 55
141, 55, 59
142, 98, 62
143, 59, 96
144, 47, 48
145, 48, 873
146, 86, 47
147, 84, 86
148, 86, 91
149, 873, 92
150, 80, 874
151, 85, 80
152, 874, 104
153, 76, 78
154, 79, 76
155, 81, 79
156, 78, 84
157, 84, 118
158, 73, 976
159, 92, 73
160, 117, 92
161, 87, 85
162, 102, 87
163, 85, 122
164, 67, 72
165, 72, 124
166, 106, 67
167, 109, 90
168, 90, 94
169, 82, 875
170, 96, 82
171, 77, 109
172, 875, 83
173, 83, 93
174, 93, 100
175, 977, 60
176, 60, 95
177, 95, 101
178, 101, 98
179, 98, 103
180, 108, 101
181, 110, 106
182, 106, 124
183, 91, 873
184, 112, 91
185, 873, 119
186, 105, 107
187, 99, 105
188, 136, 112
189, 112, 138
190, 88, 81
191, 120, 88
192, 81, 116
193, 74, 77
194, 70, 74
195, 876, 70
196, 77, 877
197, 114, 110
198, 110, 125
199, 124, 876
200, 94, 89
201, 89, 99
202, 129, 94
203, 99, 133
204, 111, 96
205, 96, 130
206, 978, 113
207, 103, 111
208, 128, 103
209, 111, 127
210, 100, 114
211, 131, 100
212, 114, 154
213, 104, 123
214, 137, 104
215, 142, 117
216, 117, 979
217, 980, 170
218, 118, 140
219, 116, 118
220, 121, 116
221, 107, 102
222, 122, 148
223, 102, 122
224, 141, 107
225, 147, 132
226, 109, 134
227, 877, 109
228, 126, 875
229, 875, 131
230, 131, 139
231, 113, 108
232, 108, 128
233, 981, 113
234, 123, 120
235, 120, 135
236, 159, 123
237, 143, 142
238, 142, 164
239, 119, 143
240, 138, 119
241, 146, 138
242, 143, 161
243, 153, 148
244, 148, 137
245, 137, 159
246, 177, 148
247, 876, 115
248, 158, 876
249, 133, 141
250, 145, 133
251, 141, 153
252, 153, 878
253, 149, 155
254, 140, 136
255, 136, 146
256, 173, 140
257, 146, 157
258, 134, 129
259, 129, 145
260, 171, 134
261, 145, 162
262, 982, 176
263, 154, 150
264, 155, 154
265, 185, 155
266, 130, 126
267, 165, 130
268, 139, 149
269, 126, 139
270, 149, 167
271, 125, 147
272, 150, 125
273, 147, 172
274, 190, 150
275, 115, 877
276, 877, 156
277, 152, 115
278, 127, 151
279, 144, 127
280, 128, 144
281, 175, 128
282, 144, 184
283, 135, 121
284, 121, 183
285, 166, 135
286, 132, 124
287, 124, 160
288, 179, 132
289, 163, 166
290, 166, 879
291, 160, 158
292, 156, 171
293, 158, 152
294, 171, 180
295, 152, 156
296, 169, 160
297, 157, 168
298, 173, 157
299, 196, 207
300, 203, 185
301, 185, 186
302, 199, 192
303, 161, 181
304, 168, 161
305, 211, 196
306, 196, 168
307, 162, 878
308, 187, 162
309, 189, 187
310, 187, 216
311, 193, 879
312, 179, 169
313, 169, 202
314, 151, 165
315, 165, 174
316, 182, 151
317, 174, 178
318, 204, 174
319, 167, 203
320, 178, 167
321, 203, 220
322, 200, 178
323, 184, 182
324, 188, 184
325, 182, 195
326, 159, 163
327, 201, 177
328, 177, 159
329, 163, 880
330, 172, 179
331, 194, 172
332, 179, 191
333, 878, 198
334, 209, 878
335, 170, 983
336, 164, 170
337, 181, 164
338, 210, 181
339, 197, 881
340, 198, 206
341, 222, 198
342, 183, 173
343, 879, 183
344, 173, 205
345, 214, 879
346, 191, 212
347, 227, 191
348, 176, 175
349, 984, 176
350, 175, 188
351, 188, 228
352, 229, 200
353, 200, 218
354, 180, 189
355, 192, 180
356, 208, 192
357, 189, 233
358, 238, 230
359, 237, 232
360, 207, 239
361, 205, 207
362, 221, 205
363, 216, 209
364, 232, 216
365, 209, 222
366, 222, 241
367, 236, 232
368, 206, 201
369, 234, 242
370, 201, 880
371, 219, 206
372, 224, 213
373, 220, 217
374, 215, 882
375, 880, 193
376, 193, 234
377, 234, 880
378, 195, 204
379, 204, 226
380, 225, 195
381, 985, 197
382, 197, 986
383, 186, 190
384, 190, 194
385, 217, 186
386, 194, 215
387, 215, 217
388, 884, 225
389, 225, 226
390, 202, 199
391, 199, 890
392, 213, 202
393, 250, 213
394, 230, 211
395, 211, 210
396, 210, 881
397, 888, 230
398, 881, 987
399, 888, 881
400, 885, 221
401, 221, 248
402, 218, 220
403, 243, 218
404, 220, 887
405, 882, 227
406, 227, 231
407, 889, 219
408, 219, 244
409, 890, 208
410, 208, 883
411, 233, 237
412, 883, 233
413, 237, 267
414, 889, 247
415, 988, 223
416, 228, 884
417, 223, 228
418, 263, 223
419, 226, 229
420, 229, 243
421, 235, 226
422, 243, 249
423, 212, 224
424, 231, 212
425, 224, 246
426, 245, 231
427, 886, 214
428, 214, 885
429, 270, 254
430, 242, 886
431, 244, 242
432, 247, 244
433, 251, 247
434, 887, 240
435, 267, 261
436, 891, 267
437, 262, 235
438, 235, 271
439, 239, 238
440, 238, 260
441, 248, 239
442, 265, 248
443, 257, 265
444, 265, 276
445, 252, 888
446, 888, 256
447, 259, 274
448, 886, 268
449, 282, 886
450, 241, 889
451, 261, 236
452, 236, 241
453, 889, 259
454, 294, 261
455, 259, 284
456, 240, 882
457, 882, 258
458, 287, 240
459, 246, 270
460, 269, 246
461, 270, 295
462, 256, 989
463, 302, 256
464, 264, 266
465, 255, 883
466, 883, 891
467, 274, 251
468, 251, 285
469, 894, 274
470, 1058, 263
471, 263, 253
472, 249, 264
473, 272, 249
474, 264, 281
475, 254, 250
476, 250, 890
477, 890, 255
478, 292, 254
479, 255, 290
480, 891, 298
481, 289, 891
482, 266, 887
483, 887, 279
484, 293, 266
485, 884, 262
486, 253, 884
487, 262, 277
488, 308, 253
489, 258, 245
490, 245, 269
491, 273, 258
492, 269, 275
493, 260, 252
494, 278, 260
495, 252, 299
496, 885, 257
497, 268, 885
498, 257, 288
499, 283, 268
500, 288, 306
501, 291, 288
502, 284, 894
503, 287, 273
504, 275, 296
505, 273, 275
506, 290, 289
507, 304, 290
508, 289, 309
509, 299, 302
510, 302, 990
511, 305, 299
512, 281, 312
513, 286, 281
514, 295, 303
515, 296, 295
516, 893, 296
517, 280, 278
518, 278, 305
519, 305, 895
520, 298, 300
521, 309, 298
522, 332, 309
523, 279, 297
524, 301, 293
525, 293, 279
526, 897, 308
527, 308, 892
528, 271, 272
529, 277, 271
530, 272, 286
531, 892, 277
532, 286, 311
533, 303, 292
534, 292, 304
535, 304, 315
536, 310, 303
537, 1058, 897
538, 318, 991
539, 297, 287
540, 287, 893
541, 316, 297
542, 300, 294
543, 294, 284
544, 284, 319
545, 322, 300
546, 285, 282
547, 282, 314
548, 894, 285
549, 276, 280
550, 307, 276
551, 280, 329
552, 898, 283
553, 283, 291
554, 291, 327
555, 329, 895
556, 336, 329
557, 333, 322
558, 322, 896
559, 341, 310
560, 310, 326
561, 311, 900
562, 330, 892
563, 892, 311
564, 313, 301
565, 301, 328
566, 327, 338
567, 898, 327
568, 364, 898
569, 323, 894
570, 894, 331
571, 895, 339
572, 344, 895
573, 319, 325
574, 896, 319
575, 306, 307
576, 338, 306
577, 307, 334
578, 340, 338
579, 381, 353
580, 335, 321
581, 900, 324
582, 893, 342
583, 321, 893
584, 356, 321
585, 315, 332
586, 332, 348
587, 320, 315
588, 897, 330
589, 317, 897
590, 330, 343
591, 992, 318
592, 318, 317
593, 317, 351
594, 312, 313
595, 324, 312
596, 313, 346
597, 363, 324
598, 326, 320
599, 337, 326
600, 320, 374
601, 314, 898
602, 331, 314
603, 898, 367
604, 354, 331
605, 899, 344
606, 344, 381
607, 381, 391
608, 375, 368
609, 348, 333
610, 333, 360
611, 357, 348
612, 334, 336
613, 336, 899
614, 345, 334
615, 328, 316
616, 316, 335
617, 346, 328
618, 335, 350
619, 362, 346
620, 350, 366
621, 372, 350
622, 352, 337
623, 337, 377
624, 342, 341
625, 341, 352
626, 355, 342
627, 352, 386
628, 343, 347
629, 359, 343
630, 358, 896
631, 896, 361
632, 347, 900
633, 900, 349
634, 393, 347
635, 379, 357
636, 357, 365
637, 339, 993
638, 353, 339
639, 994, 353
640, 325, 323
641, 323, 354
642, 361, 325
643, 371, 361
644, 378, 340
645, 340, 345
646, 345, 376
647, 349, 363
648, 363, 369
649, 392, 349
650, 351, 359
651, 995, 351
652, 359, 370
653, 366, 356
654, 356, 355
655, 396, 366
656, 355, 380
657, 384, 375
658, 375, 902
659, 391, 411
660, 390, 391
661, 376, 398
662, 383, 376
663, 387, 373
664, 369, 362
665, 362, 382
666, 402, 369
667, 380, 388
668, 395, 380
669, 368, 364
670, 364, 378
671, 413, 368
672, 378, 383
673, 383, 404
674, 388, 386
675, 414, 388
676, 365, 387
677, 418, 365
678, 387, 406
679, 360, 358
680, 373, 360
681, 358, 371
682, 399, 373
683, 415, 996
684, 997, 409
685, 385, 396
686, 396, 400
687, 397, 392
688, 392, 402
689, 402, 408
690, 382, 372
691, 372, 385
692, 407, 382
693, 385, 425
694, 370, 394
695, 409, 370
696, 423, 409
697, 394, 393
698, 393, 397
699, 397, 416
700, 424, 394
701, 374, 379
702, 377, 374
703, 386, 377
704, 379, 405
705, 903, 386
706, 367, 384
707, 354, 367
708, 371, 354
709, 384, 403
710, 389, 371
711, 899, 390
712, 398, 899
713, 390, 901
714, 401, 398
715, 406, 420
716, 418, 406
717, 428, 401
718, 401, 901
719, 427, 902
720, 901, 447
721, 443, 901
722, 403, 427
723, 412, 403
724, 427, 444
725, 425, 426
726, 431, 425
727, 421, 903
728, 446, 429
729, 903, 422
730, 434, 903
731, 419, 418
732, 418, 432
733, 416, 436
734, 440, 416
735, 400, 395
736, 395, 414
737, 414, 421
738, 410, 400
739, 421, 441
740, 408, 430
741, 436, 408
742, 467, 436
743, 902, 413
744, 404, 428
745, 413, 404
746, 428, 433
747, 442, 902
748, 417, 407
749, 407, 431
750, 431, 453
751, 435, 423
752, 423, 424
753, 424, 440
754, 440, 450
755, 437, 417
756, 417, 462
757, 420, 399
758, 399, 389
759, 389, 412
760, 439, 420
761, 412, 904
762, 455, 904
763, 411, 415
764, 429, 411
765, 415, 1059
766, 485, 429
767, 426, 410
768, 475, 426
769, 410, 438
770, 430, 437
771, 468, 430
772, 437, 445
773, 433, 443
774, 463, 442
775, 443, 449
776, 442, 433
777, 405, 419
778, 422, 405
779, 452, 422
780, 419, 461
781, 466, 439
782, 439, 456
783, 454, 463
784, 463, 478
785, 444, 454
786, 457, 444
787, 494, 488
788, 454, 482
789, 432, 466
790, 460, 432
791, 466, 472
792, 448, 451
793, 458, 462
794, 473, 467
795, 467, 468
796, 468, 484
797, 453, 475
798, 462, 453
799, 479, 462
800, 450, 474
801, 470, 450
802, 447, 446
803, 446, 477
804, 459, 434
805, 434, 448
806, 448, 486
807, 449, 447
808, 471, 449
809, 447, 480
810, 481, 471
811, 471, 504
812, 478, 481
813, 491, 478
814, 481, 521
815, 477, 485
816, 485, 490
817, 501, 477
818, 1060, 998
819, 445, 458
820, 484, 445
821, 458, 493
822, 492, 484
823, 475, 465
824, 500, 475
825, 461, 460
826, 464, 461
827, 472, 483
828, 460, 472
829, 441, 459
830, 438, 441
831, 465, 438
832, 459, 487
833, 495, 465
834, 451, 452
835, 452, 464
836, 489, 451
837, 464, 503
838, 505, 518
839, 999, 435
840, 435, 469
841, 476, 1000
842, 456, 455
843, 455, 498
844, 906, 456
845, 904, 457
846, 488, 904
847, 457, 488
848, 469, 470
849, 905, 476
850, 470, 508
851, 476, 469
852, 486, 489
853, 487, 486
854, 495, 487
855, 489, 507
856, 480, 501
857, 499, 480
858, 501, 511
859, 482, 491
860, 497, 482
861, 491, 911
862, 473, 505
863, 505, 509
864, 1001, 905
865, 506, 479
866, 479, 502
867, 483, 906
868, 496, 483
869, 906, 510
870, 529, 906
871, 490, 1060
872, 519, 490
873, 524, 545
874, 498, 514
875, 510, 498
876, 542, 510
877, 521, 908
878, 911, 521
879, 514, 494
880, 494, 497
881, 497, 911
882, 530, 514
883, 502, 500
884, 500, 516
885, 520, 502
886, 474, 473
887, 515, 474
888, 509, 910
889, 473, 509
890, 516, 512
891, 526, 516
892, 508, 515
893, 513, 508
894, 515, 910
895, 507, 503
896, 528, 507
897, 527, 535
898, 905, 513
899, 522, 905
900, 513, 544
901, 503, 496
902, 496, 524
903, 524, 527
904, 527, 503
905, 547, 908
906, 504, 499
907, 531, 504
908, 499, 907
909, 493, 506
910, 518, 492
911, 492, 493
912, 506, 517
913, 512, 495
914, 495, 523
915, 559, 512
916, 511, 519
917, 907, 511
918, 519, 525
919, 1002, 522
920, 522, 533
921, 517, 520
922, 520, 550
923, 532, 517
924, 908, 534
925, 553, 908
926, 535, 567
927, 548, 535
928, 552, 542
929, 542, 530
930, 530, 537
931, 525, 536
932, 909, 525
933, 538, 548
934, 548, 579
935, 554, 553
936, 553, 581
937, 533, 551
938, 1003, 533
939, 543, 526
940, 526, 561
941, 549, 532
942, 532, 556
943, 544, 910
944, 551, 544
945, 575, 551
946, 545, 529
947, 529, 552
948, 555, 545
949, 552, 913
950, 534, 531
951, 531, 541
952, 568, 534
953, 539, 518
954, 518, 549
955, 549, 557
956, 910, 539
957, 566, 910
958, 539, 558
959, 550, 543
960, 556, 550
961, 543, 572
962, 562, 540
963, 567, 555
964, 577, 567
965, 555, 578
966, 537, 911
967, 912, 537
968, 536, 1004
969, 546, 536
970, 541, 907
971, 907, 909
972, 909, 569
973, 565, 541
974, 911, 547
975, 547, 554
976, 554, 560
977, 563, 911
978, 523, 528
979, 528, 538
980, 540, 523
981, 538, 571
982, 571, 540
983, 914, 586
984, 919, 575
985, 575, 566
986, 566, 587
987, 576, 556
988, 556, 915
989, 909, 564
990, 594, 909
991, 561, 559
992, 559, 562
993, 574, 561
994, 562, 583
995, 916, 577
996, 577, 914
997, 579, 916
998, 585, 579
999, 913, 912
1000, 912, 582
1001, 917, 912
1002, 573, 576
1003, 576, 590
1004, 570, 581
1005, 564, 546
1006, 546, 1005
1007, 596, 564
1008, 1006, 580
1009, 919, 600
1010, 557, 573
1011, 558, 557
1012, 599, 558
1013, 573, 591
1014, 572, 574
1015, 589, 572
1016, 574, 597
1017, 581, 568
1018, 568, 584
1019, 593, 581
1020, 569, 588
1021, 584, 565
1022, 565, 569
1023, 592, 584
1024, 578, 913
1025, 586, 578
1026, 602, 586
1027, 913, 606
1028, 595, 614
1029, 560, 570
1030, 610, 560
1031, 570, 922
1032, 587, 598
1033, 600, 587
1034, 921, 600
1035, 914, 602
1036, 605, 914
1037, 602, 624
1038, 582, 563
1039, 563, 609
1040, 611, 582
1041, 590, 915
1042, 612, 590
1043, 915, 589
1044, 589, 604
1045, 620, 915
1046, 571, 585
1047, 583, 571
1048, 608, 583
1049, 585, 595
1050, 588, 918
1051, 615, 588
1052, 598, 599
1053, 599, 603
1054, 625, 598
1055, 591, 601
1056, 603, 591
1057, 617, 603
1058, 597, 920
1059, 604, 597
1060, 630, 604
1061, 916, 619
1062, 614, 916
1063, 642, 614
1064, 917, 622
1065, 922, 593
1066, 593, 592
1067, 592, 618
1068, 918, 594
1069, 594, 596
1070, 596, 1007
1071, 580, 919
1072, 1008, 580
1073, 919, 627
1074, 631, 1009
1075, 609, 610
1076, 616, 611
1077, 610, 621
1078, 611, 609
1079, 618, 615
1080, 615, 626
1081, 633, 618
1082, 632, 620
1083, 620, 630
1084, 630, 644
1085, 920, 608
1086, 608, 613
1087, 621, 623
1088, 648, 621
1089, 607, 612
1090, 612, 632
1091, 632, 638
1092, 624, 628
1093, 629, 624
1094, 651, 926
1095, 619, 605
1096, 605, 629
1097, 636, 619
1098, 629, 640
1099, 627, 634
1100, 631, 627
1101, 921, 625
1102, 625, 927
1103, 927, 664
1104, 626, 918
1105, 918, 650
1106, 924, 626
1107, 1010, 631
1108, 631, 635
1109, 601, 607
1110, 926, 601
1111, 607, 652
1112, 928, 920
1113, 920, 645
1114, 595, 643
1115, 613, 595
1116, 637, 613
1117, 622, 616
1118, 647, 622
1119, 616, 923
1120, 606, 917
1121, 628, 606
1122, 917, 647
1123, 653, 628
1124, 623, 922
1125, 922, 633
1126, 633, 639
1127, 641, 623
1128, 923, 648
1129, 648, 665
1130, 639, 925
1131, 662, 639
1132, 924, 650
1133, 645, 637
1134, 671, 645
1135, 637, 649
1136, 638, 656
1137, 652, 638
1138, 659, 672
1139, 644, 928
1140, 656, 644
1141, 678, 656
1142, 672, 653
1143, 653, 660
1144, 681, 672
1145, 925, 924
1146, 924, 687
1147, 650, 1061
1148, 654, 650
1149, 658, 926
1150, 926, 652
1151, 652, 676
1152, 646, 636
1153, 640, 659
1154, 636, 640
1155, 659, 685
1156, 647, 657
1157, 660, 647
1158, 667, 660
1159, 635, 666
1160, 1011, 635
1161, 634, 921
1162, 664, 669
1163, 663, 634
1164, 921, 664
1165, 927, 617
1166, 617, 651
1167, 651, 927
1168, 665, 641
1169, 641, 655
1170, 673, 665
1171, 674, 671
1172, 671, 661
1173, 643, 642
1174, 642, 646
1175, 649, 643
1176, 661, 649
1177, 646, 670
1178, 684, 661
1179, 691, 667
1180, 667, 698
1181, 692, 654
1182, 654, 1012
1183, 655, 662
1184, 662, 689
1185, 680, 655
1186, 928, 674
1187, 693, 928
1188, 674, 686
1189, 1013, 668
1190, 668, 677
1191, 682, 658
1192, 658, 697
1193, 685, 702
1194, 670, 685
1195, 930, 670
1196, 700, 692
1197, 692, 1014
1198, 675, 673
1199, 673, 680
1200, 680, 705
1201, 695, 699
1202, 701, 681
1203, 681, 691
1204, 691, 712
1205, 657, 923
1206, 923, 675
1207, 694, 657
1208, 675, 931
1209, 707, 701
1210, 701, 735
1211, 696, 708
1212, 688, 678
1213, 678, 693
1214, 693, 704
1215, 669, 679
1216, 666, 663
1217, 668, 666
1218, 663, 669
1219, 713, 668
1220, 703, 925
1221, 687, 695
1222, 925, 687
1223, 695, 724
1224, 930, 727
1225, 676, 688
1226, 697, 676
1227, 716, 697
1228, 688, 715
1229, 710, 723
1230, 699, 700
1231, 700, 710
1232, 733, 699
1233, 710, 737
1234, 728, 714
1235, 712, 717
1236, 735, 712
1237, 741, 735
1238, 689, 703
1239, 705, 689
1240, 714, 705
1241, 724, 734
1242, 703, 724
1243, 740, 714
1244, 686, 690
1245, 704, 686
1246, 722, 704
1247, 702, 706
1248, 726, 702
1249, 690, 696
1250, 696, 752
1251, 933, 690
1252, 727, 729
1253, 736, 727
1254, 698, 694
1255, 717, 698
1256, 694, 711
1257, 732, 717
1258, 683, 682
1259, 682, 720
1260, 750, 739
1261, 721, 716
1262, 716, 719
1263, 677, 709
1264, 1015, 677
1265, 730, 1016
1266, 709, 718
1267, 730, 709
1268, 708, 684
1269, 684, 930
1270, 929, 708
1271, 930, 929
1272, 738, 733
1273, 733, 749
1274, 718, 713
1275, 932, 746
1276, 713, 932
1277, 743, 718
1278, 715, 725
1279, 719, 715
1280, 759, 719
1281, 931, 728
1282, 728, 744
1283, 706, 707
1284, 707, 758
1285, 756, 706
1286, 765, 740
1287, 740, 742
1288, 711, 931
1289, 745, 711
1290, 931, 767
1291, 744, 765
1292, 767, 744
1293, 765, 774
1294, 770, 767
1295, 761, 741
1296, 741, 760
1297, 734, 738
1298, 742, 734
1299, 738, 757
1300, 788, 742
1301, 749, 737
1302, 763, 749
1303, 723, 1017
1304, 755, 723
1305, 729, 726
1306, 726, 753
1307, 778, 729
1308, 720, 721
1309, 934, 750
1310, 750, 720
1311, 721, 731
1312, 1018, 730
1313, 730, 748
1314, 746, 764
1315, 748, 743
1316, 743, 746
1317, 936, 748
1318, 679, 683
1319, 739, 932
1320, 932, 679
1321, 683, 739
1322, 731, 759
1323, 759, 937
1324, 780, 731
1325, 933, 752
1326, 776, 762
1327, 760, 732
1328, 732, 745
1329, 745, 766
1330, 725, 722
1331, 722, 933
1332, 937, 725
1333, 762, 775
1334, 933, 762
1335, 747, 929
1336, 929, 736
1337, 736, 772
1338, 753, 754
1339, 782, 753
1340, 737, 755
1341, 751, 737
1342, 755, 1019
1343, 939, 1020
1344, 792, 776
1345, 776, 769
1346, 781, 788
1347, 788, 791
1348, 779, 751
1349, 751, 939
1350, 1021, 936
1351, 934, 780
1352, 780, 784
1353, 772, 778
1354, 778, 782
1355, 935, 772
1356, 782, 794
1357, 758, 761
1358, 756, 758
1359, 761, 793
1360, 797, 789
1361, 789, 760
1362, 760, 773
1363, 812, 789
1364, 752, 747
1365, 769, 752
1366, 747, 935
1367, 790, 769
1368, 754, 756
1369, 801, 754
1370, 756, 799
1371, 936, 771
1372, 786, 936
1373, 764, 934
1374, 768, 764
1375, 934, 943
1376, 1022, 941
1377, 766, 777
1378, 773, 766
1379, 804, 773
1380, 787, 785
1381, 784, 937
1382, 937, 787
1383, 796, 784
1384, 787, 800
1385, 774, 781
1386, 938, 774
1387, 781, 808
1388, 757, 763
1389, 783, 757
1390, 763, 779
1391, 779, 795
1392, 791, 783
1393, 803, 791
1394, 783, 806
1395, 777, 770
1396, 770, 938
1397, 807, 777
1398, 800, 829
1399, 815, 800
1400, 793, 797
1401, 798, 793
1402, 797, 822
1403, 802, 790
1404, 935, 810
1405, 790, 935
1406, 771, 768
1407, 818, 771
1408, 768, 823
1409, 808, 821
1410, 938, 808
1411, 809, 938
1412, 824, 812
1413, 812, 804
1414, 804, 807
1415, 807, 942
1416, 855, 812
1417, 939, 1062
1418, 795, 939
1419, 805, 795
1420, 832, 827
1421, 775, 792
1422, 785, 775
1423, 792, 813
1424, 940, 785
1425, 796, 815
1426, 815, 851
1427, 813, 802
1428, 802, 831
1429, 940, 813
1430, 1023, 941
1431, 941, 786
1432, 786, 819
1433, 826, 941
1434, 943, 796
1435, 796, 836
1436, 794, 801
1437, 816, 794
1438, 799, 798
1439, 801, 799
1440, 798, 820
1441, 833, 801
1442, 817, 803
1443, 803, 814
1444, 942, 809
1445, 809, 945
1446, 829, 940
1447, 940, 828
1448, 806, 805
1449, 814, 806
1450, 805, 811
1451, 842, 814
1452, 944, 829
1453, 829, 859
1454, 835, 942
1455, 942, 846
1456, 827, 1062
1457, 1024, 827
1458, 820, 838
1459, 843, 820
1460, 823, 943
1461, 825, 823
1462, 943, 850
1463, 822, 824
1464, 838, 822
1465, 824, 853
1466, 844, 838
1467, 811, 834
1468, 847, 811
1469, 828, 837
1470, 810, 816
1471, 831, 810
1472, 816, 848
1473, 819, 818
1474, 818, 825
1475, 830, 819
1476, 825, 849
1477, 848, 833
1478, 833, 843
1479, 843, 861
1480, 858, 848
1481, 821, 817
1482, 945, 821
1483, 817, 840
1484, 839, 828
1485, 828, 868
1486, 834, 832
1487, 832, 1025
1488, 857, 834
1489, 1026, 826
1490, 826, 830
1491, 830, 866
1492, 836, 854
1493, 850, 836
1494, 864, 850
1495, 863, 855
1496, 846, 845
1497, 1027, 846
1498, 852, 847
1499, 847, 867
1500, 944, 865
1501, 837, 831
1502, 841, 837
1503, 831, 862
1504, 853, 863
1505, 860, 853
1506, 863, 1028
1507, 855, 835
1508, 835, 1029
1509, 1030, 855
1510, 866, 1031
1511, 1032, 866
1512, 851, 944
1513, 854, 851
1514, 1033, 854
1515, 944, 1034
1516, 849, 856
1517, 1035, 849
1518, 840, 842
1519, 842, 852
1520, 1036, 840
1521, 852, 1037
1522, 856, 864
1523, 864, 1038
1524, 1039, 856
1525, 859, 839
1526, 865, 859
1527, 839, 1040
1528, 1041, 865
1529, 868, 841
1530, 1042, 868
1531, 841, 1043
1532, 862, 858
1533, 858, 1044
1534, 1045, 862
1535, 869, 844
1536, 844, 860
1537, 860, 1046
1538, 861, 869
1539, 1047, 861
1540, 869, 1048
1541, 845, 945
1542, 945, 1049
1543, 1050, 845
1544, 867, 857
1545, 857, 1051
1546, 1052, 867
