1, 23, 1182
2, 1183, 23
3, 67, 1184
4, 23, 22
5, 1185, 67
6, 112, 1186
7, 67, 69
8, 1187, 112
9, 153, 1188
10, 112, 986
11, 1189, 167
12, 216, 1190
13, 1191, 216
14, 987, 1192
15, 216, 218
16, 1193, 987
17, 294, 1194
18, 1195, 294
19, 328, 1196
20, 294, 295
21, 1197, 328
22, 364, 1198
23, 328, 988
24, 1199, 364
25, 989, 1200
26, 364, 366
27, 1201, 989
28, 444, 1202
29, 1203, 471
30, 518, 1204
31, 1205, 518
32, 564, 1206
33, 1207, 572
34, 990, 1208
35, 1209, 990
36, 644, 1210
37, 1211, 651
38, 686, 1212
39, 1213, 699
40, 737, 1214
41, 1215, 737
42, 777, 1216
43, 737, 991
44, 1217, 789
45, 826, 1218
46, 1219, 826
47, 992, 1220
48, 826, 825
49, 1221, 992
50, 985, 1222
51, 1223, 985
52, 993, 1224
53, 1225, 993
54, 10, 1226
55, 22, 10
56, 62, 22
57, 10, 994
58, 69, 62
59, 986, 69
60, 62, 995
61, 164, 153
62, 153, 986
63, 986, 117
64, 167, 164
65, 206, 167
66, 164, 155
67, 218, 206
68, 987, 218
69, 206, 210
70, 291, 987
71, 987, 253
72, 295, 291
73, 988, 295
74, 291, 996
75, 366, 988
76, 371, 366
77, 988, 998
78, 989, 371
79, 410, 989
80, 371, 376
81, 448, 444
82, 444, 410
83, 410, 408
84, 471, 448
85, 511, 471
86, 448, 450
87, 518, 511
88, 553, 518
89, 511, 510
90, 572, 564
91, 564, 553
92, 990, 572
93, 553, 555
94, 644, 990
95, 990, 999
96, 651, 644
97, 682, 651
98, 644, 641
99, 699, 686
100, 686, 682
101, 991, 699
102, 682, 684
103, 784, 777
104, 777, 991
105, 991, 736
106, 789, 784
107, 817, 789
108, 784, 774
109, 825, 817
110, 992, 825
111, 817, 813
112, 915, 992
113, 992, 860
114, 985, 915
115, 993, 985
116, 915, 913
117, 1227, 993
118, 993, 960
119, 994, 1228
120, 995, 994
121, 107, 995
122, 995, 60
123, 117, 107
124, 155, 117
125, 107, 108
126, 200, 155
127, 155, 152
128, 241, 210
129, 996, 256
130, 998, 298
131, 363, 998
132, 376, 363
133, 405, 376
134, 450, 419
135, 467, 450
136, 510, 467
137, 520, 510
138, 467, 468
139, 555, 520
140, 997, 555
141, 520, 514
142, 596, 997
143, 641, 999
144, 650, 641
145, 684, 656
146, 693, 684
147, 731, 693
148, 693, 694
149, 736, 731
150, 769, 736
151, 731, 728
152, 813, 774
153, 819, 813
154, 852, 819
155, 819, 818
156, 908, 875
157, 913, 908
158, 960, 913
159, 908, 909
160, 1229, 963
161, 994, 1230
162, 27, 994
163, 60, 40
164, 101, 60
165, 108, 101
166, 142, 108
167, 101, 102
168, 152, 142
169, 186, 152
170, 142, 1001
171, 210, 200
172, 200, 186
173, 1002, 210
174, 253, 241
175, 256, 253
176, 241, 238
177, 264, 256
178, 298, 996
179, 996, 264
180, 309, 298
181, 998, 309
182, 341, 998
183, 309, 1003
184, 363, 356
185, 390, 363
186, 408, 405
187, 419, 408
188, 405, 390
189, 430, 419
190, 390, 389
191, 468, 430
192, 481, 468
193, 430, 1004
194, 514, 481
195, 533, 514
196, 481, 480
197, 997, 540
198, 579, 997
199, 999, 596
200, 596, 589
201, 624, 999
202, 656, 650
203, 650, 634
204, 1005, 656
205, 694, 1005
206, 1000, 694
207, 728, 1000
208, 1006, 728
209, 774, 769
210, 769, 1006
211, 800, 774
212, 818, 800
213, 838, 818
214, 800, 798
215, 860, 852
216, 875, 860
217, 852, 838
218, 883, 875
219, 838, 1007
220, 909, 900
221, 937, 909
222, 963, 960
223, 960, 937
224, 967, 963
225, 937, 1008
226, 1231, 971
227, 40, 27
228, 27, 1232
229, 86, 40
230, 40, 31
231, 102, 86
232, 1001, 102
233, 86, 90
234, 175, 1001
235, 1001, 132
236, 186, 175
237, 1002, 186
238, 175, 177
239, 238, 1002
240, 264, 238
241, 274, 264
242, 1002, 229
243, 1003, 274
244, 274, 272
245, 356, 341
246, 341, 1003
247, 358, 356
248, 1003, 323
249, 389, 358
250, 358, 1011
251, 1004, 389
252, 389, 1014
253, 480, 1004
254, 489, 480
255, 1004, 439
256, 540, 533
257, 533, 489
258, 545, 540
259, 489, 484
260, 579, 545
261, 545, 1012
262, 589, 579
263, 634, 624
264, 624, 589
265, 579, 588
266, 1005, 634
267, 634, 626
268, 1000, 1005
269, 724, 1000
270, 1005, 1013
271, 1006, 724
272, 724, 717
273, 798, 1006
274, 1006, 766
275, 1007, 798
276, 798, 1018
277, 883, 1007
278, 1007, 839
279, 900, 883
280, 1008, 900
281, 883, 901
282, 971, 967
283, 967, 1008
284, 982, 971
285, 1008, 939
286, 1233, 982
287, 982, 1020
288, 31, 1234
289, 1009, 31
290, 80, 1009
291, 90, 80
292, 132, 90
293, 80, 81
294, 1010, 132
295, 132, 130
296, 177, 1010
297, 229, 177
298, 272, 229
299, 229, 236
300, 296, 272
301, 272, 265
302, 323, 315
303, 1011, 323
304, 384, 1011
305, 1015, 1014
306, 439, 1015
307, 484, 439
308, 1012, 493
309, 578, 1012
310, 1012, 542
311, 588, 578
312, 621, 588
313, 578, 580
314, 626, 621
315, 662, 626
316, 621, 620
317, 710, 1013
318, 717, 710
319, 751, 717
320, 710, 713
321, 766, 751
322, 1018, 766
323, 839, 805
324, 893, 848
325, 901, 893
326, 932, 901
327, 893, 894
328, 1020, 943
329, 1235, 1020
330, 18, 1236
331, 1009, 18
332, 59, 1009
333, 81, 59
334, 1021, 81
335, 59, 57
336, 130, 1021
337, 163, 130
338, 1010, 163
339, 220, 1010
340, 236, 220
341, 252, 236
342, 265, 252
343, 287, 265
344, 252, 255
345, 315, 296
346, 296, 287
347, 326, 315
348, 1011, 337
349, 361, 1011
350, 1014, 384
351, 384, 382
352, 1016, 1014
353, 1015, 1016
354, 451, 1015
355, 493, 484
356, 484, 458
357, 502, 493
358, 542, 517
359, 1017, 542
360, 580, 1017
361, 600, 580
362, 620, 600
363, 652, 620
364, 600, 601
365, 1013, 662
366, 662, 652
367, 695, 1013
368, 652, 649
369, 713, 695
370, 733, 713
371, 695, 1022
372, 751, 733
373, 772, 751
374, 733, 732
375, 805, 1018
376, 1018, 780
377, 816, 805
378, 848, 839
379, 839, 816
380, 853, 848
381, 816, 815
382, 894, 864
383, 1019, 894
384, 939, 932
385, 943, 939
386, 932, 1019
387, 951, 943
388, 1020, 959
389, 1237, 1020
390, 2, 1238
391, 18, 2
392, 57, 18
393, 65, 57
394, 2, 19
395, 1021, 65
396, 122, 1021
397, 65, 1023
398, 162, 122
399, 122, 111
400, 163, 162
401, 212, 163
402, 162, 1024
403, 220, 212
404, 255, 220
405, 212, 221
406, 287, 255
407, 255, 243
408, 337, 326
409, 326, 287
410, 338, 337
411, 287, 1027
412, 378, 361
413, 361, 338
414, 338, 332
415, 382, 378
416, 1016, 382
417, 418, 1016
418, 378, 375
419, 458, 451
420, 451, 418
421, 466, 458
422, 418, 421
423, 501, 466
424, 466, 459
425, 517, 502
426, 502, 501
427, 1017, 517
428, 563, 1017
429, 501, 509
430, 598, 563
431, 563, 560
432, 601, 598
433, 649, 601
434, 654, 649
435, 598, 1028
436, 1022, 654
437, 654, 1029
438, 732, 1022
439, 743, 732
440, 1022, 705
441, 780, 772
442, 772, 743
443, 743, 738
444, 815, 780
445, 821, 815
446, 780, 786
447, 864, 853
448, 853, 821
449, 874, 864
450, 821, 824
451, 1019, 874
452, 923, 1019
453, 874, 1026
454, 947, 923
455, 923, 924
456, 959, 951
457, 951, 947
458, 1239, 959
459, 947, 952
460, 5, 1240
461, 1023, 25
462, 111, 1023
463, 114, 111
464, 1023, 68
465, 1024, 114
466, 114, 120
467, 199, 1024
468, 1024, 161
469, 221, 215
470, 243, 221
471, 251, 243
472, 292, 251
473, 325, 1027
474, 1025, 340
475, 375, 1025
476, 404, 375
477, 421, 411
478, 449, 421
479, 494, 469
480, 550, 524
481, 560, 550
482, 1028, 560
483, 550, 551
484, 1029, 612
485, 691, 1029
486, 705, 691
487, 727, 705
488, 691, 690
489, 738, 727
490, 770, 738
491, 824, 792
492, 1030, 824
493, 1026, 1030
494, 911, 1026
495, 924, 911
496, 952, 924
497, 961, 952
498, 1241, 961
499, 961, 958
500, 19, 5
501, 25, 19
502, 5, 1242
503, 36, 25
504, 68, 36
505, 83, 68
506, 36, 33
507, 120, 99
508, 127, 120
509, 161, 127
510, 166, 161
511, 127, 129
512, 215, 199
513, 199, 192
514, 233, 215
515, 251, 233
516, 1031, 251
517, 233, 232
518, 1027, 292
519, 292, 1031
520, 305, 1027
521, 332, 325
522, 340, 332
523, 325, 317
524, 339, 340
525, 1025, 1032
526, 395, 1025
527, 411, 404
528, 404, 395
529, 431, 411
530, 459, 449
531, 469, 459
532, 449, 431
533, 475, 469
534, 431, 432
535, 509, 494
536, 524, 509
537, 494, 492
538, 528, 524
539, 551, 544
540, 581, 551
541, 612, 1028
542, 1028, 581
543, 618, 612
544, 581, 1033
545, 1029, 638
546, 1034, 1029
547, 690, 1034
548, 720, 690
549, 727, 725
550, 756, 727
551, 786, 770
552, 792, 786
553, 770, 764
554, 799, 792
555, 1030, 799
556, 1035, 1030
557, 1026, 1035
558, 885, 1026
559, 911, 885
560, 938, 911
561, 885, 881
562, 958, 938
563, 980, 958
564, 938, 1036
565, 1243, 980
566, 980, 981
567, 33, 1244
568, 42, 33
569, 73, 42
570, 42, 35
571, 99, 83
572, 83, 73
573, 129, 99
574, 73, 88
575, 173, 166
576, 166, 129
577, 129, 126
578, 192, 173
579, 226, 192
580, 173, 181
581, 232, 226
582, 1031, 232
583, 226, 1037
584, 317, 305
585, 305, 1031
586, 1031, 271
587, 1032, 339
588, 339, 317
589, 317, 316
590, 387, 1032
591, 1032, 352
592, 395, 387
593, 429, 395
594, 387, 1038
595, 485, 475
596, 432, 429
597, 475, 432
598, 429, 1039
599, 492, 485
600, 544, 528
601, 528, 492
602, 485, 1040
603, 1033, 544
604, 544, 534
605, 638, 618
606, 618, 1033
607, 1033, 591
608, 664, 638
609, 638, 633
610, 1034, 664
611, 711, 1034
612, 664, 672
613, 725, 720
614, 720, 711
615, 748, 725
616, 711, 712
617, 764, 756
618, 756, 748
619, 799, 764
620, 748, 747
621, 1035, 799
622, 799, 797
623, 881, 1035
624, 1035, 840
625, 1036, 881
626, 881, 880
627, 981, 1036
628, 1036, 934
629, 1245, 981
630, 981, 976
631, 35, 1246
632, 77, 44
633, 125, 103
634, 181, 146
635, 193, 181
636, 1037, 193
637, 193, 191
638, 271, 1037
639, 1037, 235
640, 299, 271
641, 271, 270
642, 316, 304
643, 352, 316
644, 1044, 352
645, 1038, 1044
646, 1039, 1038
647, 1038, 398
648, 482, 1039
649, 534, 1040
650, 537, 534
651, 1041, 537
652, 537, 541
653, 591, 1041
654, 625, 591
655, 633, 625
656, 672, 633
657, 712, 672
658, 1042, 712
659, 672, 674
660, 747, 1042
661, 757, 747
662, 795, 757
663, 757, 752
664, 840, 807
665, 880, 840
666, 899, 880
667, 840, 845
668, 926, 899
669, 976, 945
670, 1247, 976
671, 976, 977
672, 20, 1248
673, 44, 35
674, 35, 20
675, 1045, 44
676, 20, 16
677, 88, 77
678, 103, 88
679, 77, 1045
680, 105, 103
681, 126, 125
682, 146, 126
683, 125, 1046
684, 1043, 146
685, 191, 1043
686, 1047, 191
687, 235, 1047
688, 244, 235
689, 270, 244
690, 281, 270
691, 304, 299
692, 299, 1048
693, 1049, 304
694, 1044, 1049
695, 1050, 1044
696, 398, 1050
697, 406, 398
698, 1039, 417
699, 464, 1039
700, 1040, 482
701, 482, 464
702, 512, 1040
703, 541, 512
704, 562, 541
705, 512, 515
706, 1041, 562
707, 609, 1041
708, 562, 561
709, 625, 609
710, 646, 625
711, 674, 646
712, 688, 674
713, 646, 642
714, 1042, 698
715, 744, 1042
716, 752, 744
717, 782, 752
718, 744, 740
719, 797, 795
720, 807, 797
721, 795, 782
722, 1052, 807
723, 782, 1051
724, 845, 1052
725, 868, 845
726, 899, 868
727, 904, 899
728, 868, 870
729, 934, 926
730, 945, 934
731, 926, 927
732, 1053, 945
733, 977, 1053
734, 1249, 977
735, 3, 1250
736, 16, 3
737, 1045, 16
738, 3, 4
739, 1046, 105
740, 105, 1045
741, 1045, 58
742, 154, 1046
743, 1046, 123
744, 1043, 154
745, 197, 1043
746, 154, 1055
747, 1047, 197
748, 244, 1047
749, 254, 244
750, 197, 198
751, 1048, 281
752, 281, 254
753, 254, 1056
754, 1049, 1048
755, 1048, 1057
756, 362, 1049
757, 1049, 327
758, 1050, 362
759, 406, 1050
760, 362, 367
761, 417, 406
762, 456, 417
763, 406, 1058
764, 464, 456
765, 504, 464
766, 456, 455
767, 515, 504
768, 561, 515
769, 565, 561
770, 504, 506
771, 599, 565
772, 565, 552
773, 609, 599
774, 642, 609
775, 653, 642
776, 599, 616
777, 698, 688
778, 688, 653
779, 653, 648
780, 734, 698
781, 698, 703
782, 740, 734
783, 1051, 740
784, 734, 730
785, 1052, 1051
786, 1051, 781
787, 865, 1052
788, 1052, 1064
789, 912, 904
790, 870, 865
791, 904, 870
792, 865, 867
793, 927, 912
794, 1053, 927
795, 912, 910
796, 1251, 1053
797, 1053, 962
798, 4, 1252
799, 14, 4
800, 58, 14
801, 1054, 58
802, 14, 17
803, 123, 1054
804, 1055, 123
805, 123, 124
806, 198, 1055
807, 202, 198
808, 1055, 157
809, 1056, 217
810, 285, 1056
811, 1056, 250
812, 327, 1057
813, 331, 327
814, 367, 331
815, 1058, 367
816, 367, 365
817, 455, 424
818, 465, 455
819, 506, 472
820, 516, 506
821, 552, 516
822, 1061, 552
823, 516, 519
824, 611, 1061
825, 616, 611
826, 648, 616
827, 1063, 648
828, 611, 613
829, 692, 1063
830, 703, 692
831, 730, 703
832, 1059, 730
833, 692, 696
834, 768, 1059
835, 1064, 787
836, 856, 831
837, 867, 856
838, 902, 867
839, 856, 855
840, 962, 925
841, 965, 962
842, 1253, 965
843, 17, 1254
844, 43, 17
845, 1054, 43
846, 92, 1054
847, 43, 47
848, 124, 92
849, 138, 124
850, 92, 1066
851, 157, 138
852, 184, 157
853, 138, 1067
854, 217, 202
855, 202, 184
856, 1060, 217
857, 184, 185
858, 250, 1060
859, 1068, 250
860, 1057, 285
861, 285, 1068
862, 1069, 1057
863, 331, 1069
864, 347, 331
865, 365, 359
866, 1070, 365
867, 424, 1058
868, 1058, 403
869, 436, 424
870, 472, 465
871, 465, 436
872, 488, 472
873, 436, 1071
874, 519, 488
875, 1062, 519
876, 488, 486
877, 1061, 1062
878, 590, 1061
879, 613, 590
880, 635, 613
881, 1063, 635
882, 676, 1063
883, 635, 636
884, 696, 676
885, 718, 696
886, 676, 1072
887, 1059, 718
888, 1073, 1059
889, 718, 719
890, 781, 768
891, 787, 781
892, 768, 1073
893, 794, 787
894, 831, 1064
895, 1064, 1074
896, 1065, 831
897, 855, 1065
898, 886, 855
899, 910, 902
900, 925, 910
901, 902, 896
902, 931, 925
903, 965, 931
904, 1075, 965
905, 1255, 1075
906, 47, 1256
907, 1066, 47
908, 47, 38
909, 1067, 1066
910, 1066, 97
911, 170, 1067
912, 1067, 1082
913, 185, 170
914, 1060, 185
915, 170, 176
916, 1068, 1060
917, 1060, 231
918, 301, 1068
919, 1068, 263
920, 1069, 301
921, 343, 1069
922, 301, 303
923, 359, 347
924, 347, 343
925, 1070, 359
926, 343, 348
927, 403, 1070
928, 1071, 403
929, 1070, 1076
930, 476, 1071
931, 1071, 1077
932, 486, 476
933, 536, 486
934, 476, 1084
935, 1062, 536
936, 590, 1062
937, 536, 529
938, 627, 590
939, 590, 583
940, 636, 627
941, 1072, 636
942, 627, 1078
943, 716, 1072
944, 1072, 675
945, 719, 716
946, 1073, 719
947, 716, 723
948, 1074, 794
949, 794, 1073
950, 1073, 749
951, 1065, 1074
952, 851, 1065
953, 1074, 1085
954, 886, 851
955, 851, 1080
956, 896, 886
957, 931, 896
958, 936, 931
959, 886, 898
960, 1075, 936
961, 936, 940
962, 1257, 1075
963, 1075, 974
964, 26, 1258
965, 72, 50
966, 97, 89
967, 1082, 97
968, 171, 145
969, 176, 171
970, 222, 176
971, 171, 172
972, 231, 222
973, 263, 231
974, 1083, 263
975, 222, 224
976, 303, 1083
977, 308, 303
978, 348, 318
979, 1076, 348
980, 348, 353
981, 426, 1076
982, 1084, 1077
983, 529, 1084
984, 583, 543
985, 1078, 583
986, 583, 584
987, 666, 1078
988, 1078, 630
989, 675, 666
990, 1079, 675
991, 666, 667
992, 723, 1079
993, 749, 723
994, 761, 749
995, 1085, 761
996, 761, 759
997, 837, 810
998, 882, 1080
999, 1081, 898
1000, 940, 1081
1001, 974, 940
1002, 1259, 979
1003, 21, 1260
1004, 38, 26
1005, 50, 38
1006, 26, 21
1007, 52, 50
1008, 89, 72
1009, 72, 61
1010, 1086, 89
1011, 145, 1082
1012, 1082, 1086
1013, 147, 145
1014, 172, 1087
1015, 211, 172
1016, 224, 211
1017, 245, 224
1018, 211, 207
1019, 1083, 245
1020, 279, 1083
1021, 245, 248
1022, 318, 308
1023, 308, 279
1024, 324, 318
1025, 279, 278
1026, 353, 1088
1027, 380, 353
1028, 1076, 380
1029, 1089, 1076
1030, 380, 381
1031, 1077, 426
1032, 426, 422
1033, 1090, 1077
1034, 1084, 463
1035, 498, 1084
1036, 543, 529
1037, 529, 1091
1038, 554, 543
1039, 584, 567
1040, 603, 584
1041, 630, 603
1042, 647, 630
1043, 603, 604
1044, 667, 659
1045, 708, 667
1046, 1079, 708
1047, 742, 1079
1048, 759, 742
1049, 773, 759
1050, 742, 741
1051, 810, 1085
1052, 1085, 790
1053, 1092, 810
1054, 1080, 837
1055, 837, 834
1056, 866, 1080
1057, 898, 882
1058, 882, 866
1059, 905, 898
1060, 866, 1093
1061, 1081, 905
1062, 1094, 1081
1063, 979, 974
1064, 974, 1094
1065, 1261, 979
1066, 1, 1262
1067, 53, 52
1068, 21, 1
1069, 52, 21
1070, 1, 7
1071, 61, 53
1072, 1086, 61
1073, 53, 1104
1074, 1087, 147
1075, 147, 1086
1076, 1086, 106
1077, 207, 1087
1078, 1087, 1095
1079, 248, 207
1080, 207, 205
1081, 278, 248
1082, 286, 278
1083, 248, 246
1084, 1088, 324
1085, 324, 286
1086, 286, 289
1087, 369, 1088
1088, 1088, 334
1089, 381, 369
1090, 1089, 381
1091, 369, 1097
1092, 422, 1089
1093, 1090, 422
1094, 1089, 1098
1095, 463, 1090
1096, 1091, 498
1097, 498, 463
1098, 1090, 447
1099, 554, 1091
1100, 1091, 1099
1101, 567, 554
1102, 604, 567
1103, 617, 604
1104, 554, 569
1105, 647, 617
1106, 617, 602
1107, 659, 647
1108, 685, 659
1109, 647, 658
1110, 708, 685
1111, 729, 708
1112, 685, 683
1113, 741, 729
1114, 773, 741
1115, 729, 1105
1116, 790, 773
1117, 1092, 790
1118, 773, 775
1119, 834, 1092
1120, 1093, 834
1121, 1092, 1101
1122, 905, 1093
1123, 922, 905
1124, 1093, 873
1125, 1094, 922
1126, 922, 1102
1127, 1263, 1094
1128, 1094, 1107
1129, 7, 1264
1130, 1104, 7
1131, 7, 8
1132, 106, 1104
1133, 118, 106
1134, 1095, 118
1135, 118, 119
1136, 205, 1095
1137, 214, 205
1138, 1095, 160
1139, 239, 214
1140, 214, 213
1141, 289, 257
1142, 1096, 289
1143, 334, 1096
1144, 1097, 334
1145, 1098, 1097
1146, 447, 423
1147, 460, 447
1148, 1099, 460
1149, 460, 461
1150, 1100, 1099
1151, 1099, 507
1152, 569, 1100
1153, 602, 569
1154, 643, 602
1155, 602, 605
1156, 658, 643
1157, 683, 658
1158, 689, 683
1159, 1105, 700
1160, 775, 1105
1161, 779, 775
1162, 1101, 779
1163, 1103, 827
1164, 873, 1103
1165, 1102, 873
1166, 949, 1102
1167, 1102, 916
1168, 1265, 1107
1169, 8, 1266
1170, 34, 8
1171, 1104, 34
1172, 76, 1104
1173, 34, 37
1174, 119, 93
1175, 137, 119
1176, 160, 144
1177, 182, 160
1178, 213, 182
1179, 223, 213
1180, 182, 187
1181, 246, 239
1182, 257, 246
1183, 239, 240
1184, 258, 257
1185, 289, 262
1186, 300, 289
1187, 1096, 307
1188, 1108, 1096
1189, 1097, 1108
1190, 402, 1097
1191, 423, 1098
1192, 1098, 402
1193, 438, 423
1194, 461, 438
1195, 490, 461
1196, 438, 435
1197, 507, 490
1198, 527, 507
1199, 490, 491
1200, 1100, 527
1201, 1109, 1100
1202, 527, 530
1203, 605, 1109
1204, 629, 605
1205, 643, 629
1206, 1110, 643
1207, 629, 631
1208, 700, 689
1209, 689, 1110
1210, 1106, 700
1211, 1105, 1106
1212, 1111, 1105
1213, 779, 1111
1214, 1112, 779
1215, 827, 1101
1216, 1101, 808
1217, 850, 827
1218, 1103, 850
1219, 892, 1103
1220, 916, 892
1221, 1113, 916
1222, 892, 887
1223, 1107, 949
1224, 949, 1113
1225, 968, 1107
1226, 1267, 983
1227, 37, 1268
1228, 93, 76
1229, 76, 37
1230, 100, 93
1231, 37, 48
1232, 131, 100
1233, 100, 74
1234, 144, 137
1235, 137, 131
1236, 187, 144
1237, 131, 1114
1238, 227, 223
1239, 223, 187
1240, 187, 188
1241, 240, 227
1242, 262, 258
1243, 258, 240
1244, 268, 262
1245, 227, 230
1246, 307, 300
1247, 300, 268
1248, 319, 307
1249, 268, 1119
1250, 344, 319
1251, 319, 313
1252, 1108, 344
1253, 385, 1108
1254, 344, 357
1255, 402, 385
1256, 435, 402
1257, 385, 1120
1258, 491, 435
1259, 435, 433
1260, 530, 491
1261, 491, 1121
1262, 1109, 530
1263, 530, 531
1264, 622, 1109
1265, 1109, 577
1266, 631, 622
1267, 1110, 631
1268, 622, 1116
1269, 1106, 1110
1270, 1110, 678
1271, 1111, 1106
1272, 1106, 1117
1273, 1112, 1111
1274, 1111, 1123
1275, 808, 1112
1276, 844, 808
1277, 1112, 1125
1278, 850, 844
1279, 887, 850
1280, 895, 887
1281, 844, 1118
1282, 1113, 895
1283, 895, 897
1284, 978, 968
1285, 968, 1113
1286, 1113, 942
1287, 983, 978
1288, 1269, 983
1289, 978, 1127
1290, 29, 1270
1291, 48, 29
1292, 74, 48
1293, 79, 74
1294, 29, 28
1295, 1114, 96
1296, 188, 1114
1297, 1114, 140
1298, 230, 188
1299, 1115, 230
1300, 188, 190
1301, 1119, 1115
1302, 306, 277
1303, 313, 306
1304, 345, 313
1305, 357, 350
1306, 1120, 357
1307, 425, 1120
1308, 1121, 442
1309, 531, 496
1310, 546, 531
1311, 577, 546
1312, 1116, 595
1313, 661, 1116
1314, 1116, 628
1315, 1117, 678
1316, 1123, 1117
1317, 1125, 1123
1318, 1118, 1125
1319, 884, 1118
1320, 897, 884
1321, 930, 897
1322, 884, 889
1323, 942, 930
1324, 1127, 942
1325, 930, 928
1326, 1271, 1127
1327, 12, 1272
1328, 28, 12
1329, 56, 28
1330, 12, 9
1331, 96, 79
1332, 79, 56
1333, 109, 96
1334, 56, 54
1335, 140, 109
1336, 151, 140
1337, 109, 110
1338, 190, 151
1339, 203, 190
1340, 151, 150
1341, 1115, 203
1342, 1129, 1115
1343, 203, 1128
1344, 277, 1119
1345, 1119, 1129
1346, 280, 277
1347, 306, 297
1348, 333, 306
1349, 350, 345
1350, 345, 333
1351, 368, 350
1352, 333, 329
1353, 1120, 377
1354, 1130, 1120
1355, 433, 425
1356, 442, 433
1357, 425, 1130
1358, 452, 442
1359, 496, 1121
1360, 1121, 470
1361, 505, 496
1362, 546, 522
1363, 570, 546
1364, 595, 577
1365, 577, 570
1366, 1131, 595
1367, 570, 571
1368, 628, 1131
1369, 1122, 628
1370, 678, 661
1371, 661, 1122
1372, 1132, 678
1373, 1117, 1132
1374, 1124, 1117
1375, 1123, 1124
1376, 1126, 1123
1377, 1125, 1126
1378, 812, 1125
1379, 1118, 833
1380, 863, 1118
1381, 889, 863
1382, 914, 889
1383, 863, 861
1384, 928, 914
1385, 953, 928
1386, 914, 917
1387, 1127, 953
1388, 1273, 1127
1389, 953, 955
1390, 9, 1274
1391, 54, 9
1392, 63, 54
1393, 9, 6
1394, 110, 63
1395, 116, 110
1396, 63, 66
1397, 150, 116
1398, 156, 150
1399, 116, 113
1400, 1128, 156
1401, 156, 1136
1402, 1129, 1128
1403, 1128, 204
1404, 290, 280
1405, 280, 1129
1406, 1129, 1133
1407, 297, 290
1408, 329, 297
1409, 290, 1134
1410, 377, 368
1411, 368, 329
1412, 329, 330
1413, 1130, 377
1414, 420, 1130
1415, 377, 379
1416, 445, 420
1417, 420, 416
1418, 470, 452
1419, 452, 445
1420, 500, 470
1421, 445, 457
1422, 522, 505
1423, 505, 500
1424, 556, 522
1425, 500, 499
1426, 571, 556
1427, 1131, 571
1428, 607, 1131
1429, 556, 557
1430, 1122, 607
1431, 607, 606
1432, 1132, 1122
1433, 704, 1132
1434, 1122, 655
1435, 1124, 704
1436, 746, 1124
1437, 704, 701
1438, 1126, 746
1439, 791, 1126
1440, 746, 745
1441, 823, 812
1442, 812, 791
1443, 791, 785
1444, 833, 823
1445, 861, 833
1446, 872, 861
1447, 823, 832
1448, 917, 872
1449, 872, 857
1450, 948, 917
1451, 917, 920
1452, 955, 948
1453, 1275, 955
1454, 948, 950
1455, 6, 1276
1456, 11, 6
1457, 66, 24
1458, 113, 66
1459, 121, 113
1460, 66, 70
1461, 1136, 121
1462, 121, 115
1463, 204, 165
1464, 1133, 204
1465, 1134, 1133
1466, 330, 1134
1467, 335, 330
1468, 374, 335
1469, 379, 374
1470, 416, 379
1471, 446, 416
1472, 416, 413
1473, 499, 473
1474, 503, 499
1475, 547, 503
1476, 597, 574
1477, 655, 614
1478, 701, 655
1479, 707, 701
1480, 655, 657
1481, 1135, 707
1482, 707, 706
1483, 745, 1135
1484, 771, 745
1485, 814, 793
1486, 832, 829
1487, 857, 832
1488, 906, 876
1489, 920, 906
1490, 944, 920
1491, 906, 907
1492, 1277, 966
1493, 24, 11
1494, 11, 1278
1495, 30, 24
1496, 70, 30
1497, 82, 70
1498, 115, 95
1499, 1138, 115
1500, 165, 1136
1501, 1136, 1138
1502, 169, 165
1503, 204, 195
1504, 234, 204
1505, 1133, 234
1506, 259, 1133
1507, 234, 237
1508, 1134, 276
1509, 312, 1134
1510, 335, 312
1511, 349, 335
1512, 312, 311
1513, 374, 349
1514, 393, 374
1515, 349, 1139
1516, 413, 393
1517, 437, 413
1518, 393, 394
1519, 457, 446
1520, 473, 457
1521, 446, 440
1522, 479, 473
1523, 503, 479
1524, 523, 503
1525, 479, 477
1526, 557, 547
1527, 574, 557
1528, 547, 1140
1529, 576, 574
1530, 606, 597
1531, 614, 606
1532, 597, 585
1533, 1141, 614
1534, 657, 637
1535, 670, 657
1536, 706, 670
1537, 709, 706
1538, 670, 673
1539, 1135, 726
1540, 762, 1135
1541, 785, 771
1542, 793, 785
1543, 771, 767
1544, 803, 793
1545, 829, 814
1546, 814, 809
1547, 836, 829
1548, 876, 857
1549, 857, 1142
1550, 888, 876
1551, 907, 888
1552, 1137, 907
1553, 888, 1143
1554, 950, 944
1555, 966, 950
1556, 944, 1137
1557, 1144, 966
1558, 1279, 1144
1559, 30, 1280
1560, 46, 30
1561, 78, 46
1562, 46, 32
1563, 95, 82
1564, 82, 78
1565, 128, 95
1566, 78, 94
1567, 178, 169
1568, 1138, 128
1569, 169, 1138
1570, 128, 133
1571, 195, 178
1572, 237, 195
1573, 178, 179
1574, 267, 259
1575, 259, 237
1576, 237, 1145
1577, 276, 267
1578, 311, 276
1579, 320, 311
1580, 267, 273
1581, 1139, 320
1582, 320, 1146
1583, 394, 1139
1584, 400, 394
1585, 1139, 351
1586, 437, 400
1587, 400, 392
1588, 440, 437
1589, 477, 440
1590, 437, 434
1591, 1140, 523
1592, 523, 477
1593, 477, 483
1594, 585, 576
1595, 576, 1140
1596, 1140, 535
1597, 1141, 585
1598, 585, 587
1599, 637, 1141
1600, 673, 637
1601, 1141, 1151
1602, 715, 709
1603, 709, 673
1604, 673, 677
1605, 726, 715
1606, 760, 726
1607, 715, 1147
1608, 767, 762
1609, 762, 760
1610, 803, 767
1611, 760, 755
1612, 809, 803
1613, 1142, 836
1614, 836, 809
1615, 803, 806
1616, 1143, 1142
1617, 1142, 846
1618, 929, 1143
1619, 1143, 879
1620, 1137, 929
1621, 1144, 1137
1622, 929, 1148
1623, 1281, 1144
1624, 1144, 972
1625, 32, 1282
1626, 41, 32
1627, 75, 41
1628, 133, 104
1629, 179, 133
1630, 189, 179
1631, 133, 136
1632, 1145, 189
1633, 189, 183
1634, 260, 1145
1635, 1145, 228
1636, 273, 269
1637, 1146, 273
1638, 342, 1146
1639, 392, 360
1640, 397, 392
1641, 434, 397
1642, 397, 399
1643, 483, 443
1644, 526, 495
1645, 575, 548
1646, 1151, 592
1647, 668, 632
1648, 677, 668
1649, 1147, 677
1650, 668, 669
1651, 750, 1147
1652, 755, 750
1653, 804, 755
1654, 750, 753
1655, 806, 804
1656, 841, 806
1657, 804, 802
1658, 846, 841
1659, 877, 846
1660, 841, 842
1661, 879, 877
1662, 1148, 879
1663, 877, 878
1664, 972, 1148
1665, 1149, 972
1666, 1283, 1149
1667, 1150, 1284
1668, 41, 1150
1669, 51, 41
1670, 94, 75
1671, 104, 94
1672, 75, 71
1673, 1152, 104
1674, 136, 1152
1675, 149, 136
1676, 183, 149
1677, 201, 183
1678, 149, 148
1679, 228, 209
1680, 1153, 228
1681, 269, 260
1682, 260, 1153
1683, 282, 269
1684, 1146, 293
1685, 336, 1146
1686, 351, 342
1687, 360, 351
1688, 342, 336
1689, 1154, 360
1690, 336, 1155
1691, 399, 1154
1692, 412, 399
1693, 443, 434
1694, 434, 412
1695, 454, 443
1696, 412, 414
1697, 495, 483
1698, 483, 474
1699, 497, 495
1700, 535, 526
1701, 548, 535
1702, 526, 525
1703, 549, 548
1704, 587, 575
1705, 592, 587
1706, 575, 573
1707, 594, 592
1708, 632, 1151
1709, 1151, 608
1710, 645, 632
1711, 669, 660
1712, 702, 669
1713, 1147, 702
1714, 1156, 1147
1715, 702, 697
1716, 753, 1156
1717, 776, 753
1718, 802, 776
1719, 822, 802
1720, 776, 778
1721, 842, 822
1722, 859, 842
1723, 878, 859
1724, 1157, 878
1725, 859, 862
1726, 1148, 1157
1727, 964, 1148
1728, 1149, 964
1729, 1285, 1149
1730, 1150, 1286
1731, 13, 1150
1732, 64, 51
1733, 51, 13
1734, 13, 1158
1735, 71, 64
1736, 1152, 71
1737, 64, 1159
1738, 148, 1152
1739, 159, 148
1740, 1152, 1160
1741, 209, 201
1742, 201, 159
1743, 159, 1161
1744, 1153, 209
1745, 209, 208
1746, 282, 1153
1747, 1153, 242
1748, 293, 282
1749, 1155, 293
1750, 282, 288
1751, 1154, 1155
1752, 373, 1154
1753, 1155, 1165
1754, 409, 373
1755, 373, 370
1756, 414, 409
1757, 454, 414
1758, 409, 415
1759, 474, 454
1760, 513, 497
1761, 497, 474
1762, 454, 453
1763, 525, 513
1764, 568, 549
1765, 549, 525
1766, 513, 521
1767, 573, 568
1768, 608, 594
1769, 594, 573
1770, 615, 608
1771, 568, 566
1772, 640, 615
1773, 615, 610
1774, 660, 645
1775, 645, 640
1776, 687, 660
1777, 640, 1162
1778, 697, 687
1779, 1156, 697
1780, 687, 1168
1781, 778, 1156
1782, 783, 778
1783, 1156, 739
1784, 822, 783
1785, 828, 822
1786, 783, 1163
1787, 862, 828
1788, 871, 862
1789, 828, 830
1790, 1157, 871
1791, 918, 1157
1792, 871, 869
1793, 954, 918
1794, 918, 921
1795, 964, 954
1796, 1287, 964
1797, 954, 956
1798, 1158, 1288
1799, 1159, 1158
1800, 1158, 15
1801, 1160, 1159
1802, 1159, 55
1803, 1161, 1160
1804, 196, 1161
1805, 1161, 158
1806, 242, 219
1807, 247, 242
1808, 283, 247
1809, 247, 249
1810, 288, 283
1811, 1165, 288
1812, 283, 284
1813, 370, 1165
1814, 407, 370
1815, 370, 372
1816, 453, 415
1817, 462, 453
1818, 508, 462
1819, 521, 508
1820, 558, 521
1821, 566, 558
1822, 1166, 566
1823, 558, 559
1824, 610, 1166
1825, 1162, 610
1826, 1168, 1162
1827, 739, 1168
1828, 1163, 739
1829, 739, 735
1830, 820, 788
1831, 854, 835
1832, 869, 854
1833, 903, 869
1834, 854, 858
1835, 921, 919
1836, 956, 921
1837, 1289, 956
1838, 956, 957
1839, 15, 1290
1840, 1169, 15
1841, 55, 1169
1842, 87, 55
1843, 1160, 87
1844, 135, 1160
1845, 87, 91
1846, 158, 135
1847, 1164, 158
1848, 135, 134
1849, 208, 196
1850, 219, 208
1851, 196, 1164
1852, 225, 219
1853, 249, 1170
1854, 266, 249
1855, 284, 275
1856, 322, 284
1857, 1165, 322
1858, 355, 1165
1859, 322, 321
1860, 372, 355
1861, 391, 372
1862, 355, 354
1863, 415, 407
1864, 407, 401
1865, 441, 415
1866, 462, 441
1867, 1171, 462
1868, 508, 1171
1869, 538, 508
1870, 559, 538
1871, 1167, 559
1872, 538, 1172
1873, 1166, 1167
1874, 619, 1166
1875, 1162, 639
1876, 679, 1162
1877, 1168, 679
1878, 722, 1168
1879, 679, 680
1880, 735, 722
1881, 763, 735
1882, 722, 721
1883, 788, 1163
1884, 1163, 763
1885, 796, 788
1886, 763, 765
1887, 830, 820
1888, 835, 830
1889, 820, 811
1890, 847, 835
1891, 858, 847
1892, 890, 858
1893, 919, 903
1894, 903, 890
1895, 933, 919
1896, 890, 1173
1897, 957, 933
1898, 970, 957
1899, 933, 935
1900, 1291, 970
1901, 970, 969
1902, 1169, 1292
1903, 84, 1169
1904, 1169, 39
1905, 91, 84
1906, 134, 91
1907, 84, 85
1908, 1164, 134
1909, 194, 1164
1910, 134, 143
1911, 1170, 225
1912, 225, 194
1913, 194, 180
1914, 261, 1170
1915, 1170, 1174
1916, 275, 266
1917, 266, 261
1918, 302, 275
1919, 261, 1175
1920, 321, 302
1921, 346, 321
1922, 302, 310
1923, 354, 346
1924, 386, 354
1925, 346, 1176
1926, 401, 391
1927, 391, 386
1928, 428, 401
1929, 386, 383
1930, 441, 428
1931, 1171, 441
1932, 428, 427
1933, 1172, 1171
1934, 1171, 487
1935, 1167, 1172
1936, 586, 1167
1937, 1172, 532
1938, 623, 619
1939, 619, 586
1940, 586, 593
1941, 639, 623
1942, 665, 639
1943, 623, 1177
1944, 680, 665
1945, 714, 680
1946, 665, 663
1947, 721, 714
1948, 758, 721
1949, 714, 1178
1950, 801, 796
1951, 765, 758
1952, 796, 765
1953, 758, 1179
1954, 811, 801
1955, 847, 811
1956, 801, 1180
1957, 1173, 847
1958, 847, 849
1959, 935, 1173
1960, 941, 935
1961, 1173, 891
1962, 969, 941
1963, 984, 969
1964, 941, 946
1965, 1293, 984
1966, 984, 973
1967, 39, 1294
1968, 45, 39
1969, 85, 49
1970, 98, 85
1971, 139, 98
1972, 143, 139
1973, 168, 143
1974, 139, 141
1975, 180, 174
1976, 1174, 180
1977, 1175, 1174
1978, 1174, 1295
1979, 310, 1328
1980, 1176, 310
1981, 310, 314
1982, 383, 1176
1983, 388, 383
1984, 1176, 1329
1985, 427, 396
1986, 478, 427
1987, 427, 1296
1988, 532, 487
1989, 539, 532
1990, 1297, 539
1991, 539, 1298
1992, 593, 582
1993, 1177, 593
1994, 663, 1177
1995, 671, 663
1996, 1177, 1330
1997, 1178, 681
1998, 1179, 1178
1999, 1178, 1299
2000, 1180, 1179
2001, 1179, 754
2002, 843, 1180
2003, 849, 843
2004, 891, 849
2005, 843, 1300
2006, 1181, 891
2007, 891, 1301
2008, 946, 1181
2009, 973, 946
2010, 975, 973
2011, 1302, 975
2012, 975, 1331
2013, 49, 45
2014, 45, 1303
2015, 1304, 49
2016, 98, 1305
2017, 1306, 98
2018, 141, 1307
2019, 1308, 141
2020, 174, 168
2021, 168, 1309
2022, 1310, 174
2023, 1328, 1175
2024, 1175, 1311
2025, 314, 1312
2026, 1313, 314
2027, 396, 388
2028, 388, 1314
2029, 1315, 396
2030, 487, 478
2031, 478, 1316
2032, 1317, 487
2033, 582, 1318
2034, 1319, 582
2035, 681, 671
2036, 671, 1320
2037, 1321, 681
2038, 754, 1322
2039, 1323, 754
2040, 1180, 1324
2041, 1325, 1180
2042, 1181, 1326
2043, 1327, 1181
