1, 8, 1329
2, 9, 1330
3, 1, 1331
4, 1332, 4
5, 4, 1333
6, 1334, 21
7, 5, 1335
8, 12, 1336
9, 13, 1337
10, 2, 1456
11, 7, 1338
12, 1241, 1339
13, 15, 1340
14, 1341, 26
15, 19, 1342
16, 1343, 10
17, 32, 1344
18, 1345, 18
19, 3, 1346
20, 1347, 27
21, 30, 1348
22, 1349, 11
23, 12, 1350
24, 1351, 33
25, 23, 1352
26, 1353, 6
27, 22, 1354
28, 1355, 29
29, 20, 1356
30, 1357, 1244
31, 16, 1358
32, 1359, 1241
33, 1360, 8
34, 8, 15
35, 15, 39
36, 26, 31
37, 39, 26
38, 31, 9
39, 9, 19
40, 19, 35
41, 50, 31
42, 35, 10
43, 46, 35
44, 10, 1
45, 1, 1239
46, 47, 10
47, 1239, 32
48, 32, 18
49, 18, 4
50, 4, 17
51, 77, 18
52, 17, 3
53, 3, 1240
54, 65, 17
55, 21, 5
56, 27, 21
57, 5, 30
58, 1240, 27
59, 30, 1242
60, 11, 36
61, 42, 11
62, 36, 12
63, 12, 34
64, 51, 36
65, 34, 41
66, 45, 34
67, 33, 13
68, 13, 23
69, 41, 33
70, 23, 37
71, 44, 41
72, 6, 14
73, 37, 6
74, 40, 37
75, 14, 1361
76, 1362, 28
77, 54, 14
78, 28, 22
79, 22, 29
80, 49, 28
81, 29, 2
82, 2, 24
83, 1243, 29
84, 24, 20
85, 20, 1244
86, 48, 24
87, 1244, 7
88, 7, 16
89, 16, 38
90, 52, 16
91, 1241, 25
92, 38, 1241
93, 53, 38
94, 25, 1363
95, 1364, 25
96, 43, 67
97, 59, 46
98, 46, 47
99, 47, 61
100, 56, 1239
101, 1239, 77
102, 62, 1240
103, 1240, 60
104, 1242, 42
105, 42, 51
106, 51, 72
107, 45, 44
108, 44, 58
109, 76, 40
110, 40, 57
111, 55, 49
112, 49, 1243
113, 68, 74
114, 63, 69
115, 1365, 83
116, 83, 39
117, 39, 43
118, 43, 107
119, 90, 83
120, 67, 50
121, 50, 73
122, 100, 67
123, 73, 59
124, 59, 98
125, 93, 73
126, 61, 75
127, 97, 61
128, 75, 56
129, 56, 99
130, 95, 75
131, 77, 84
132, 99, 77
133, 119, 99
134, 85, 65
135, 65, 62
136, 62, 96
137, 60, 82
138, 96, 60
139, 110, 96
140, 82, 1242
141, 1242, 91
142, 89, 82
143, 72, 78
144, 91, 72
145, 118, 91
146, 78, 45
147, 45, 80
148, 92, 78
149, 58, 87
150, 80, 58
151, 101, 80
152, 87, 76
153, 76, 102
154, 94, 87
155, 57, 54
156, 54, 64
157, 105, 57
158, 66, 55
159, 55, 109
160, 1243, 70
161, 109, 1243
162, 121, 109
163, 70, 48
164, 48, 68
165, 68, 104
166, 88, 70
167, 74, 1244
168, 1244, 71
169, 103, 74
170, 71, 52
171, 52, 63
172, 63, 1248
173, 86, 71
174, 69, 53
175, 53, 79
176, 120, 69
177, 81, 1366
178, 1245, 90
179, 90, 117
180, 100, 93
181, 93, 114
182, 1246, 95
183, 95, 119
184, 137, 106
185, 129, 89
186, 89, 130
187, 127, 92
188, 92, 115
189, 116, 94
190, 94, 131
191, 64, 66
192, 108, 64
193, 66, 1247
194, 104, 112
195, 111, 88
196, 88, 104
197, 122, 86
198, 86, 1248
199, 79, 81
200, 123, 79
201, 81, 113
202, 1367, 1245
203, 1245, 134
204, 1368, 1245
205, 107, 100
206, 117, 107
207, 134, 117
208, 100, 132
209, 151, 134
210, 132, 125
211, 146, 132
212, 98, 97
213, 114, 98
214, 97, 1246
215, 125, 114
216, 155, 125
217, 1246, 152
218, 157, 1246
219, 119, 137
220, 152, 119
221, 137, 159
222, 84, 85
223, 106, 84
224, 85, 126
225, 154, 106
226, 126, 110
227, 110, 129
228, 129, 140
229, 143, 126
230, 141, 136
231, 130, 118
232, 118, 127
233, 136, 130
234, 170, 136
235, 127, 133
236, 162, 127
237, 115, 101
238, 101, 116
239, 133, 115
240, 116, 139
241, 139, 138
242, 1249, 139
243, 102, 105
244, 131, 102
245, 105, 124
246, 138, 131
247, 156, 138
248, 124, 108
249, 108, 1247
250, 148, 124
251, 1247, 121
252, 149, 1247
253, 121, 111
254, 111, 135
255, 147, 121
256, 112, 103
257, 103, 122
258, 135, 112
259, 122, 142
260, 144, 135
261, 145, 1248
262, 1248, 120
263, 120, 128
264, 167, 1248
265, 128, 123
266, 113, 1369
267, 123, 113
268, 150, 128
269, 1457, 1370
270, 165, 166
271, 171, 146
272, 146, 172
273, 173, 157
274, 157, 176
275, 159, 154
276, 178, 159
277, 154, 143
278, 143, 179
279, 140, 141
280, 163, 140
281, 141, 177
282, 162, 133
283, 133, 174
284, 1249, 185
285, 160, 149
286, 149, 1254
287, 158, 147
288, 147, 144
289, 144, 153
290, 145, 181
291, 161, 150
292, 150, 1457
293, 1371, 165
294, 165, 206
295, 166, 151
296, 151, 1250
297, 207, 166
298, 1250, 171
299, 171, 183
300, 172, 155
301, 155, 173
302, 183, 172
303, 173, 1251
304, 212, 183
305, 1251, 191
306, 176, 152
307, 152, 164
308, 191, 176
309, 196, 191
310, 186, 178
311, 178, 193
312, 193, 189
313, 205, 193
314, 175, 163
315, 163, 202
316, 177, 170
317, 170, 1253
318, 202, 177
319, 213, 202
320, 1253, 162
321, 162, 184
322, 184, 180
323, 227, 184
324, 174, 1249
325, 180, 174
326, 1249, 198
327, 192, 180
328, 185, 156
329, 156, 169
330, 195, 185
331, 169, 148
332, 148, 160
333, 160, 203
334, 187, 169
335, 204, 1254
336, 182, 158
337, 158, 201
338, 153, 1255
339, 201, 153
340, 215, 201
341, 142, 145
342, 1255, 142
343, 145, 199
344, 181, 167
345, 167, 168
346, 200, 181
347, 188, 194
348, 194, 1457
349, 214, 194
350, 1372, 209
351, 219, 190
352, 229, 1251
353, 1251, 228
354, 164, 186
355, 218, 164
356, 186, 222
357, 179, 175
358, 189, 179
359, 216, 189
360, 175, 232
361, 210, 1253
362, 1253, 235
363, 223, 192
364, 192, 224
365, 197, 187
366, 187, 208
367, 1254, 182
368, 1252, 1254
369, 182, 1252
370, 236, 1255
371, 1255, 1257
372, 168, 161
373, 161, 188
374, 211, 168
375, 188, 221
376, 206, 207
377, 209, 206
378, 207, 219
379, 1373, 209
380, 219, 249
381, 190, 1250
382, 1250, 220
383, 252, 190
384, 220, 212
385, 212, 229
386, 229, 240
387, 247, 220
388, 240, 228
389, 246, 240
390, 228, 196
391, 196, 226
392, 263, 228
393, 226, 218
394, 222, 234
395, 218, 222
396, 260, 226
397, 234, 205
398, 205, 251
399, 256, 234
400, 251, 216
401, 216, 233
402, 270, 251
403, 232, 213
404, 213, 230
405, 233, 232
406, 245, 233
407, 230, 210
408, 210, 244
409, 255, 230
410, 235, 227
411, 227, 223
412, 244, 235
413, 223, 238
414, 238, 239
415, 283, 238
416, 198, 195
417, 224, 198
418, 195, 197
419, 239, 224
420, 197, 1256
421, 250, 239
422, 208, 217
423, 1256, 208
424, 203, 204
425, 217, 203
426, 204, 241
427, 265, 217
428, 241, 1252
429, 1252, 231
430, 267, 241
431, 231, 215
432, 215, 236
433, 236, 243
434, 261, 231
435, 243, 1257
436, 248, 243
437, 199, 200
438, 1257, 199
439, 200, 225
440, 1260, 1257
441, 225, 211
442, 221, 237
443, 211, 221
444, 253, 225
445, 237, 214
446, 214, 1374
447, 242, 237
448, 1375, 278
449, 258, 252
450, 252, 247
451, 247, 276
452, 266, 246
453, 246, 271
454, 1259, 260
455, 260, 269
456, 280, 257
457, 273, 255
458, 255, 244
459, 244, 274
460, 259, 250
461, 250, 264
462, 254, 1256
463, 1256, 265
464, 275, 267
465, 267, 261
466, 261, 277
467, 262, 286
468, 268, 242
469, 242, 284
470, 278, 282
471, 1376, 278
472, 249, 258
473, 282, 249
474, 258, 298
475, 295, 282
476, 276, 1258
477, 303, 276
478, 1258, 266
479, 266, 301
480, 271, 263
481, 263, 1259
482, 301, 271
483, 304, 301
484, 296, 299
485, 269, 256
486, 256, 272
487, 299, 269
488, 306, 299
489, 270, 280
490, 280, 308
491, 257, 245
492, 245, 290
493, 313, 257
494, 292, 273
495, 273, 293
496, 274, 281
497, 293, 274
498, 327, 293
499, 288, 283
500, 283, 259
501, 259, 321
502, 312, 283
503, 264, 254
504, 302, 264
505, 254, 297
506, 265, 285
507, 297, 265
508, 1261, 297
509, 275, 1264
510, 277, 291
511, 1264, 277
512, 291, 248
513, 248, 262
514, 262, 309
515, 294, 291
516, 286, 1260
517, 311, 286
518, 279, 253
519, 253, 268
520, 268, 289
521, 289, 284
522, 300, 289
523, 287, 1377
524, 1378, 295
525, 295, 316
526, 1262, 1258
527, 1258, 320
528, 1259, 296
529, 319, 1259
530, 296, 334
531, 272, 270
532, 322, 272
533, 270, 307
534, 290, 292
535, 1263, 290
536, 292, 318
537, 281, 288
538, 323, 281
539, 288, 324
540, 310, 302
541, 302, 1261
542, 285, 275
543, 317, 285
544, 275, 337
545, 314, 294
546, 294, 1265
547, 1260, 279
548, 335, 1260
549, 279, 305
550, 284, 287
551, 315, 284
552, 287, 1379
553, 1380, 340
554, 298, 303
555, 316, 298
556, 303, 1262
557, 326, 316
558, 1262, 333
559, 345, 1262
560, 320, 304
561, 304, 319
562, 333, 320
563, 319, 328
564, 366, 333
565, 334, 344
566, 328, 334
567, 1268, 328
568, 344, 306
569, 306, 322
570, 322, 342
571, 348, 344
572, 307, 343
573, 342, 307
574, 350, 342
575, 308, 313
576, 343, 308
577, 313, 1263
578, 357, 343
579, 318, 338
580, 1263, 318
581, 353, 1263
582, 338, 327
583, 327, 331
584, 371, 338
585, 331, 323
586, 324, 329
587, 323, 324
588, 358, 331
589, 329, 312
590, 312, 330
591, 378, 329
592, 321, 310
593, 330, 321
594, 310, 336
595, 352, 330
596, 1261, 332
597, 336, 1261
598, 354, 336
599, 332, 317
600, 337, 346
601, 317, 337
602, 347, 332
603, 346, 1264
604, 1264, 314
605, 349, 346
606, 314, 1265
607, 1266, 314
608, 309, 311
609, 1265, 309
610, 311, 1267
611, 355, 1265
612, 1267, 335
613, 335, 325
614, 305, 300
615, 300, 315
616, 325, 305
617, 315, 341
618, 360, 325
619, 339, 1381
620, 340, 326
621, 387, 340
622, 326, 375
623, 375, 345
624, 345, 389
625, 381, 375
626, 393, 348
627, 348, 369
628, 359, 350
629, 350, 364
630, 373, 376
631, 374, 358
632, 358, 378
633, 368, 354
634, 354, 367
635, 365, 349
636, 349, 1271
637, 1266, 370
638, 356, 1267
639, 1267, 380
640, 341, 339
641, 351, 341
642, 339, 372
643, 1382, 390
644, 390, 387
645, 387, 386
646, 1272, 390
647, 395, 397
648, 389, 366
649, 366, 1268
650, 397, 389
651, 402, 397
652, 1268, 393
653, 393, 398
654, 396, 1268
655, 398, 369
656, 405, 398
657, 377, 420
658, 364, 357
659, 357, 362
660, 1275, 364
661, 362, 353
662, 353, 373
663, 373, 1270
664, 406, 362
665, 376, 371
666, 371, 385
667, 403, 376
668, 388, 374
669, 374, 416
670, 378, 361
671, 413, 378
672, 361, 352
673, 352, 368
674, 368, 408
675, 391, 361
676, 367, 384
677, 412, 367
678, 379, 347
679, 347, 365
680, 365, 399
681, 400, 382
682, 1271, 1266
683, 1266, 425
684, 370, 355
685, 355, 383
686, 418, 370
687, 383, 356
688, 356, 1269
689, 394, 383
690, 380, 360
691, 360, 363
692, 1269, 380
693, 363, 351
694, 351, 392
695, 401, 363
696, 372, 1383
697, 392, 372
698, 404, 392
699, 386, 381
700, 381, 395
701, 422, 386
702, 395, 1273
703, 414, 396
704, 396, 437
705, 369, 359
706, 359, 377
707, 1274, 369
708, 377, 1274
709, 407, 1270
710, 385, 388
711, 1276, 385
712, 388, 431
713, 417, 391
714, 391, 421
715, 384, 379
716, 427, 384
717, 379, 419
718, 382, 1271
719, 426, 382
720, 1271, 411
721, 429, 394
722, 394, 410
723, 415, 401
724, 401, 409
725, 1384, 1272
726, 1272, 422
727, 422, 438
728, 1385, 1272
729, 438, 1273
730, 467, 438
731, 1273, 402
732, 402, 414
733, 414, 432
734, 461, 1273
735, 437, 444
736, 432, 437
737, 443, 432
738, 444, 405
739, 405, 1274
740, 450, 444
741, 1274, 434
742, 453, 1274
743, 420, 1275
744, 434, 420
745, 484, 434
746, 1275, 406
747, 406, 407
748, 407, 441
749, 448, 1275
750, 1270, 403
751, 403, 1276
752, 441, 1270
753, 458, 441
754, 1276, 431
755, 416, 413
756, 431, 416
757, 413, 424
758, 457, 431
759, 424, 417
760, 417, 440
761, 1277, 424
762, 408, 412
763, 421, 408
764, 412, 427
765, 440, 421
766, 427, 435
767, 451, 440
768, 419, 423
769, 435, 419
770, 445, 435
771, 399, 400
772, 423, 399
773, 400, 439
774, 463, 423
775, 439, 426
776, 411, 428
777, 426, 411
778, 449, 439
779, 425, 418
780, 428, 425
781, 418, 433
782, 455, 428
783, 433, 429
784, 429, 442
785, 456, 433
786, 410, 1269
787, 1269, 430
788, 446, 410
789, 430, 415
790, 415, 436
791, 447, 430
792, 409, 404
793, 404, 1458
794, 436, 409
795, 454, 436
796, 1459, 1458
797, 1386, 471
798, 478, 470
799, 452, 443
800, 443, 450
801, 450, 466
802, 488, 453
803, 453, 494
804, 469, 448
805, 448, 462
806, 1278, 1276
807, 1276, 479
808, 1277, 451
809, 451, 460
810, 459, 449
811, 449, 455
812, 455, 476
813, 442, 446
814, 481, 442
815, 446, 480
816, 468, 447
817, 447, 464
818, 471, 483
819, 1387, 471
820, 483, 467
821, 467, 478
822, 478, 508
823, 506, 483
824, 470, 461
825, 461, 474
826, 508, 470
827, 474, 452
828, 452, 504
829, 466, 489
830, 504, 466
831, 489, 488
832, 488, 511
833, 500, 489
834, 494, 484
835, 484, 487
836, 511, 494
837, 491, 497
838, 462, 458
839, 458, 1278
840, 497, 462
841, 522, 497
842, 1278, 501
843, 479, 457
844, 457, 486
845, 501, 479
846, 503, 501
847, 486, 1277
848, 1277, 493
849, 490, 486
850, 460, 475
851, 493, 460
852, 515, 493
853, 475, 445
854, 445, 472
855, 472, 502
856, 495, 475
857, 472, 463
858, 463, 465
859, 530, 472
860, 465, 459
861, 459, 499
862, 496, 465
863, 499, 492
864, 520, 499
865, 477, 456
866, 456, 481
867, 481, 498
868, 498, 480
869, 510, 498
870, 473, 468
871, 468, 507
872, 464, 454
873, 454, 485
874, 507, 464
875, 482, 1459
876, 1388, 506
877, 506, 529
878, 509, 474
879, 474, 513
880, 525, 500
881, 500, 541
882, 487, 469
883, 469, 491
884, 532, 487
885, 491, 539
886, 533, 1278
887, 1278, 536
888, 516, 490
889, 490, 517
890, 502, 514
891, 521, 495
892, 495, 502
893, 527, 496
894, 496, 528
895, 476, 477
896, 492, 476
897, 1279, 492
898, 477, 505
899, 480, 473
900, 523, 480
901, 473, 518
902, 485, 482
903, 512, 485
904, 482, 1389
905, 1390, 552
906, 529, 534
907, 552, 529
908, 561, 552
909, 534, 508
910, 508, 509
911, 509, 547
912, 565, 534
913, 545, 524
914, 513, 504
915, 504, 525
916, 524, 513
917, 525, 557
918, 578, 524
919, 541, 544
920, 557, 541
921, 544, 511
922, 511, 550
923, 579, 544
924, 550, 532
925, 532, 539
926, 569, 550
927, 539, 522
928, 522, 533
929, 533, 540
930, 558, 539
931, 536, 543
932, 540, 536
933, 573, 540
934, 543, 503
935, 503, 516
936, 516, 526
937, 566, 543
938, 526, 549
939, 580, 526
940, 517, 515
941, 515, 521
942, 549, 517
943, 521, 548
944, 567, 549
945, 514, 537
946, 551, 514
947, 537, 530
948, 530, 531
949, 553, 537
950, 531, 527
951, 527, 546
952, 1280, 531
953, 528, 520
954, 520, 1279
955, 546, 528
956, 562, 546
957, 505, 510
958, 510, 519
959, 1279, 505
960, 554, 1279
961, 519, 538
962, 555, 519
963, 538, 523
964, 518, 535
965, 523, 518
966, 1282, 538
967, 535, 507
968, 507, 512
969, 512, 542
970, 559, 535
971, 542, 1391
972, 560, 542
973, 547, 545
974, 571, 547
975, 545, 584
976, 564, 557
977, 557, 595
978, 569, 558
979, 558, 568
980, 589, 566
981, 566, 576
982, 583, 567
983, 567, 581
984, 556, 572
985, 1280, 562
986, 562, 577
987, 563, 554
988, 554, 555
989, 555, 570
990, 1282, 559
991, 559, 574
992, 588, 1392
993, 1393, 561
994, 561, 575
995, 596, 616
996, 575, 565
997, 565, 1281
998, 632, 596
999, 596, 575
1000, 1281, 571
1001, 571, 598
1002, 584, 578
1003, 578, 582
1004, 598, 584
1005, 618, 598
1006, 600, 613
1007, 595, 579
1008, 579, 591
1009, 613, 595
1010, 619, 613
1011, 590, 569
1012, 569, 617
1013, 568, 586
1014, 617, 568
1015, 625, 617
1016, 593, 573
1017, 573, 589
1018, 589, 609
1019, 576, 594
1020, 609, 576
1021, 623, 609
1022, 594, 580
1023, 580, 583
1024, 583, 615
1025, 602, 594
1026, 581, 592
1027, 615, 581
1028, 622, 615
1029, 548, 551
1030, 592, 548
1031, 551, 556
1032, 556, 603
1033, 599, 592
1034, 572, 553
1035, 553, 597
1036, 610, 572
1037, 597, 1280
1038, 1280, 601
1039, 577, 585
1040, 601, 577
1041, 624, 601
1042, 585, 563
1043, 563, 606
1044, 605, 585
1045, 570, 1283
1046, 606, 570
1047, 636, 606
1048, 1283, 1282
1049, 1282, 608
1050, 574, 587
1051, 612, 574
1052, 587, 560
1053, 560, 588
1054, 588, 607
1055, 604, 587
1056, 607, 1394
1057, 614, 607
1058, 616, 639
1059, 1395, 616
1060, 635, 1281
1061, 1281, 626
1062, 582, 564
1063, 564, 600
1064, 628, 582
1065, 600, 643
1066, 591, 590
1067, 1285, 591
1068, 590, 638
1069, 586, 593
1070, 631, 586
1071, 593, 620
1072, 645, 602
1073, 602, 637
1074, 603, 611
1075, 634, 599
1076, 599, 603
1077, 621, 597
1078, 597, 640
1079, 1286, 605
1080, 605, 636
1081, 646, 1283
1082, 1283, 1287
1083, 630, 604
1084, 604, 644
1085, 639, 632
1086, 632, 635
1087, 1460, 639
1088, 635, 1284
1089, 1396, 1460
1090, 1284, 633
1091, 626, 618
1092, 618, 647
1093, 633, 626
1094, 1288, 633
1095, 647, 628
1096, 643, 654
1097, 628, 643
1098, 659, 647
1099, 654, 619
1100, 619, 1285
1101, 674, 654
1102, 638, 651
1103, 1285, 638
1104, 670, 1285
1105, 651, 625
1106, 625, 631
1107, 631, 649
1108, 664, 651
1109, 620, 629
1110, 649, 620
1111, 658, 649
1112, 629, 623
1113, 623, 645
1114, 645, 667
1115, 1289, 629
1116, 637, 648
1117, 667, 637
1118, 648, 622
1119, 622, 641
1120, 683, 648
1121, 641, 634
1122, 634, 655
1123, 687, 641
1124, 611, 610
1125, 610, 621
1126, 656, 611
1127, 621, 627
1128, 627, 650
1129, 662, 627
1130, 640, 624
1131, 624, 1286
1132, 650, 640
1133, 675, 650
1134, 1286, 657
1135, 665, 1286
1136, 636, 646
1137, 653, 636
1138, 646, 1287
1139, 660, 646
1140, 608, 612
1141, 1287, 608
1142, 612, 630
1143, 630, 642
1144, 663, 1287
1145, 642, 652
1146, 661, 642
1147, 644, 614
1148, 614, 1397
1149, 652, 644
1150, 1291, 652
1151, 1398, 1462
1152, 676, 1284
1153, 1284, 1288
1154, 673, 674
1155, 674, 680
1156, 670, 668
1157, 672, 658
1158, 658, 1289
1159, 681, 667
1160, 667, 684
1161, 655, 656
1162, 693, 655
1163, 656, 666
1164, 677, 675
1165, 686, 665
1166, 665, 700
1167, 690, 660
1168, 660, 669
1169, 671, 1291
1170, 1462, 699
1171, 699, 676
1172, 676, 710
1173, 706, 699
1174, 1288, 685
1175, 710, 1288
1176, 715, 710
1177, 679, 659
1178, 659, 673
1179, 673, 714
1180, 680, 688
1181, 719, 680
1182, 688, 670
1183, 670, 712
1184, 711, 688
1185, 668, 664
1186, 664, 697
1187, 712, 668
1188, 697, 672
1189, 672, 704
1190, 702, 697
1191, 1289, 701
1192, 704, 1289
1193, 713, 704
1194, 694, 681
1195, 681, 734
1196, 684, 683
1197, 683, 689
1198, 734, 684
1199, 692, 687
1200, 687, 693
1201, 693, 709
1202, 666, 682
1203, 709, 666
1204, 682, 662
1205, 662, 677
1206, 677, 705
1207, 703, 682
1208, 675, 695
1209, 721, 675
1210, 696, 686
1211, 686, 708
1212, 657, 653
1213, 700, 657
1214, 653, 698
1215, 1295, 700
1216, 698, 690
1217, 690, 707
1218, 669, 663
1219, 663, 1290
1220, 707, 669
1221, 724, 707
1222, 1290, 661
1223, 661, 671
1224, 671, 1292
1225, 1291, 678
1226, 1292, 1291
1227, 678, 1461
1228, 1461, 1399
1229, 691, 678
1230, 750, 706
1231, 706, 1293
1232, 685, 679
1233, 727, 685
1234, 679, 714
1235, 1294, 702
1236, 702, 728
1237, 701, 694
1238, 735, 701
1239, 694, 740
1240, 689, 692
1241, 737, 689
1242, 692, 730
1243, 705, 720
1244, 722, 703
1245, 703, 705
1246, 695, 696
1247, 744, 695
1248, 696, 731
1249, 1295, 698
1250, 698, 716
1251, 726, 1290
1252, 1290, 723
1253, 1296, 691
1254, 691, 717
1255, 751, 750
1256, 750, 1293
1257, 1293, 715
1258, 715, 729
1259, 790, 1293
1260, 729, 727
1261, 727, 741
1262, 767, 729
1263, 714, 719
1264, 719, 757
1265, 741, 714
1266, 756, 741
1267, 753, 711
1268, 711, 718
1269, 718, 712
1270, 712, 1294
1271, 762, 718
1272, 1294, 738
1273, 764, 1294
1274, 728, 713
1275, 713, 735
1276, 738, 728
1277, 735, 742
1278, 755, 738
1279, 740, 746
1280, 742, 740
1281, 752, 742
1282, 746, 734
1283, 734, 737
1284, 737, 745
1285, 776, 746
1286, 730, 739
1287, 745, 730
1288, 1297, 745
1289, 739, 709
1290, 709, 733
1291, 765, 739
1292, 733, 722
1293, 722, 747
1294, 759, 733
1295, 720, 721
1296, 721, 749
1297, 747, 720
1298, 1298, 747
1299, 744, 743
1300, 708, 1295
1301, 731, 708
1302, 743, 731
1303, 1295, 736
1304, 771, 743
1305, 716, 725
1306, 736, 716
1307, 760, 736
1308, 725, 724
1309, 724, 732
1310, 761, 725
1311, 732, 726
1312, 726, 723
1313, 754, 732
1314, 723, 1292
1315, 1292, 1296
1316, 766, 723
1317, 717, 1400
1318, 1296, 717
1319, 770, 1296
1320, 785, 799
1321, 777, 756
1322, 756, 780
1323, 757, 753
1324, 769, 757
1325, 753, 762
1326, 762, 793
1327, 774, 768
1328, 758, 752
1329, 752, 779
1330, 1297, 783
1331, 759, 1298
1332, 748, 744
1333, 744, 775
1334, 763, 760
1335, 760, 761
1336, 761, 772
1337, 782, 754
1338, 754, 778
1339, 773, 1464
1340, 1463, 751
1341, 751, 785
1342, 785, 1401
1343, 799, 790
1344, 823, 799
1345, 791, 767
1346, 767, 777
1347, 777, 815
1348, 780, 784
1349, 814, 780
1350, 784, 769
1351, 769, 807
1352, 796, 784
1353, 793, 797
1354, 807, 793
1355, 824, 807
1356, 795, 764
1357, 764, 774
1358, 774, 818
1359, 768, 755
1360, 755, 781
1361, 803, 768
1362, 781, 758
1363, 758, 816
1364, 802, 781
1365, 779, 776
1366, 776, 1299
1367, 816, 779
1368, 1303, 816
1369, 1299, 1297
1370, 1297, 817
1371, 783, 765
1372, 765, 787
1373, 830, 783
1374, 787, 759
1375, 759, 801
1376, 804, 787
1377, 1298, 786
1378, 801, 1298
1379, 810, 801
1380, 749, 748
1381, 786, 749
1382, 748, 811
1383, 806, 786
1384, 775, 771
1385, 771, 788
1386, 811, 775
1387, 788, 763
1388, 763, 1300
1389, 798, 788
1390, 772, 794
1391, 1300, 772
1392, 794, 782
1393, 782, 805
1394, 800, 794
1395, 778, 766
1396, 766, 789
1397, 805, 778
1398, 813, 805
1399, 792, 770
1400, 770, 773
1401, 773, 809
1402, 832, 1464
1403, 1402, 831
1404, 790, 791
1405, 838, 790
1406, 791, 839
1407, 840, 796
1408, 796, 1301
1409, 797, 795
1410, 843, 797
1411, 795, 1302
1412, 819, 803
1413, 803, 802
1414, 802, 826
1415, 817, 836
1416, 837, 1299
1417, 1299, 817
1418, 821, 804
1419, 804, 820
1420, 829, 806
1421, 806, 822
1422, 812, 798
1423, 798, 833
1424, 808, 800
1425, 800, 849
1426, 789, 792
1427, 834, 789
1428, 792, 835
1429, 831, 841
1430, 1403, 831
1431, 841, 823
1432, 823, 848
1433, 867, 841
1434, 848, 838
1435, 838, 844
1436, 865, 848
1437, 815, 814
1438, 839, 815
1439, 814, 845
1440, 844, 839
1441, 866, 844
1442, 845, 840
1443, 840, 1301
1444, 853, 845
1445, 1301, 824
1446, 824, 850
1447, 863, 1301
1448, 850, 843
1449, 843, 1302
1450, 862, 850
1451, 818, 819
1452, 1302, 818
1453, 819, 872
1454, 852, 1302
1455, 826, 1303
1456, 871, 826
1457, 1303, 846
1458, 889, 1303
1459, 846, 837
1460, 837, 854
1461, 1305, 846
1462, 836, 830
1463, 854, 836
1464, 861, 854
1465, 830, 821
1466, 821, 874
1467, 1306, 830
1468, 820, 810
1469, 810, 829
1470, 869, 820
1471, 829, 856
1472, 822, 828
1473, 856, 822
1474, 888, 856
1475, 828, 811
1476, 811, 827
1477, 857, 828
1478, 827, 812
1479, 812, 859
1480, 876, 827
1481, 833, 1300
1482, 1300, 825
1483, 859, 833
1484, 825, 808
1485, 808, 858
1486, 855, 825
1487, 849, 813
1488, 813, 834
1489, 860, 849
1490, 834, 847
1491, 835, 842
1492, 847, 835
1493, 875, 847
1494, 809, 832
1495, 842, 809
1496, 832, 1465
1497, 883, 842
1498, 1404, 867
1499, 867, 1304
1500, 877, 866
1501, 866, 880
1502, 886, 853
1503, 853, 863
1504, 863, 892
1505, 873, 862
1506, 862, 870
1507, 887, 889
1508, 889, 908
1509, 1305, 861
1510, 861, 884
1511, 1306, 879
1512, 891, 890
1513, 882, 859
1514, 859, 878
1515, 858, 860
1516, 864, 858
1517, 860, 868
1518, 875, 902
1519, 851, 1465
1520, 1405, 1304
1521, 1304, 865
1522, 865, 877
1523, 877, 922
1524, 898, 1304
1525, 880, 900
1526, 923, 880
1527, 901, 886
1528, 886, 912
1529, 892, 903
1530, 912, 892
1531, 927, 912
1532, 903, 873
1533, 873, 918
1534, 910, 903
1535, 870, 852
1536, 852, 904
1537, 918, 870
1538, 1307, 918
1539, 872, 871
1540, 904, 872
1541, 871, 887
1542, 887, 932
1543, 909, 904
1544, 932, 917
1545, 951, 932
1546, 907, 1305
1547, 1305, 911
1548, 884, 893
1549, 911, 884
1550, 931, 911
1551, 893, 1306
1552, 1306, 920
1553, 914, 893
1554, 874, 869
1555, 879, 874
1556, 869, 899
1557, 920, 879
1558, 942, 920
1559, 896, 888
1560, 888, 891
1561, 891, 930
1562, 890, 857
1563, 857, 894
1564, 919, 890
1565, 894, 876
1566, 876, 882
1567, 882, 933
1568, 906, 894
1569, 878, 881
1570, 936, 878
1571, 881, 855
1572, 855, 864
1573, 864, 915
1574, 913, 881
1575, 868, 897
1576, 926, 868
1577, 895, 875
1578, 875, 934
1579, 902, 883
1580, 883, 885
1581, 925, 902
1582, 885, 851
1583, 851, 1406
1584, 905, 885
1585, 943, 898
1586, 898, 924
1587, 900, 901
1588, 938, 900
1589, 901, 939
1590, 963, 910
1591, 910, 940
1592, 916, 909
1593, 909, 952
1594, 908, 907
1595, 917, 908
1596, 945, 917
1597, 907, 1308
1598, 935, 914
1599, 914, 959
1600, 899, 896
1601, 948, 899
1602, 896, 954
1603, 930, 919
1604, 919, 906
1605, 906, 921
1606, 915, 928
1607, 937, 913
1608, 913, 915
1609, 897, 895
1610, 950, 897
1611, 895, 929
1612, 949, 905
1613, 905, 1407
1614, 1408, 943
1615, 943, 958
1616, 922, 923
1617, 924, 922
1618, 923, 941
1619, 958, 924
1620, 981, 958
1621, 941, 938
1622, 938, 962
1623, 988, 941
1624, 939, 927
1625, 927, 964
1626, 962, 939
1627, 971, 962
1628, 963, 956
1629, 940, 1307
1630, 956, 940
1631, 994, 956
1632, 1307, 916
1633, 916, 965
1634, 1309, 1307
1635, 952, 951
1636, 951, 968
1637, 1310, 952
1638, 968, 945
1639, 945, 1308
1640, 986, 968
1641, 1308, 931
1642, 931, 935
1643, 935, 961
1644, 970, 1308
1645, 961, 976
1646, 990, 961
1647, 959, 942
1648, 942, 957
1649, 978, 959
1650, 957, 948
1651, 948, 954
1652, 1000, 957
1653, 954, 930
1654, 930, 953
1655, 969, 954
1656, 921, 947
1657, 953, 921
1658, 974, 953
1659, 933, 936
1660, 947, 933
1661, 936, 946
1662, 977, 947
1663, 946, 937
1664, 937, 955
1665, 989, 946
1666, 928, 926
1667, 926, 950
1668, 955, 928
1669, 973, 955
1670, 934, 944
1671, 929, 934
1672, 950, 929
1673, 967, 950
1674, 944, 925
1675, 925, 960
1676, 972, 944
1677, 960, 949
1678, 949, 1409
1679, 966, 960
1680, 983, 1410
1681, 1009, 981
1682, 981, 987
1683, 1005, 971
1684, 971, 980
1685, 964, 963
1686, 979, 964
1687, 963, 1016
1688, 965, 1310
1689, 1309, 965
1690, 1001, 986
1691, 986, 975
1692, 976, 978
1693, 997, 990
1694, 990, 976
1695, 978, 1013
1696, 1006, 969
1697, 969, 993
1698, 1002, 974
1699, 974, 977
1700, 977, 1007
1701, 995, 973
1702, 973, 1311
1703, 991, 967
1704, 967, 972
1705, 972, 985
1706, 982, 983
1707, 983, 1411
1708, 1412, 1009
1709, 1009, 1027
1710, 987, 1003
1711, 1034, 987
1712, 998, 988
1713, 988, 1005
1714, 1005, 1036
1715, 980, 984
1716, 1030, 980
1717, 984, 979
1718, 979, 1032
1719, 1029, 984
1720, 1016, 994
1721, 994, 1004
1722, 1028, 1016
1723, 1004, 1309
1724, 1309, 1017
1725, 1010, 1004
1726, 1310, 1023
1727, 1017, 1310
1728, 1038, 1017
1729, 1023, 1001
1730, 1001, 1037
1731, 1033, 1023
1732, 975, 970
1733, 970, 992
1734, 1037, 975
1735, 1012, 1024
1736, 1013, 1018
1737, 1025, 1013
1738, 1015, 1000
1739, 1000, 1006
1740, 1006, 1035
1741, 993, 1011
1742, 1035, 993
1743, 1060, 1035
1744, 1011, 1002
1745, 1002, 1026
1746, 1020, 1011
1747, 1026, 1007
1748, 1044, 1026
1749, 1014, 989
1750, 989, 995
1751, 995, 1021
1752, 1021, 1311
1753, 1314, 1021
1754, 1008, 991
1755, 991, 1019
1756, 985, 996
1757, 1019, 985
1758, 1051, 1019
1759, 999, 966
1760, 966, 982
1761, 982, 1022
1762, 1022, 1466
1763, 1031, 1022
1764, 1413, 1042
1765, 1003, 998
1766, 1043, 1003
1767, 998, 1048
1768, 1039, 1030
1769, 1030, 1029
1770, 1029, 1312
1771, 1046, 1010
1772, 1010, 1041
1773, 1050, 1033
1774, 1033, 1052
1775, 992, 997
1776, 997, 1012
1777, 1055, 992
1778, 1012, 1067
1779, 1018, 1015
1780, 1056, 1018
1781, 1015, 1062
1782, 1040, 1020
1783, 1020, 1061
1784, 1007, 1014
1785, 1076, 1007
1786, 1014, 1058
1787, 1311, 1008
1788, 1045, 1311
1789, 1008, 1068
1790, 996, 999
1791, 1049, 996
1792, 999, 1031
1793, 1031, 1047
1794, 1027, 1034
1795, 1042, 1027
1796, 1034, 1054
1797, 1414, 1042
1798, 1054, 1043
1799, 1048, 1053
1800, 1043, 1048
1801, 1078, 1054
1802, 1036, 1039
1803, 1053, 1036
1804, 1039, 1071
1805, 1079, 1053
1806, 1071, 1312
1807, 1080, 1071
1808, 1032, 1028
1809, 1312, 1032
1810, 1028, 1046
1811, 1046, 1074
1812, 1077, 1312
1813, 1074, 1065
1814, 1082, 1074
1815, 1041, 1038
1816, 1038, 1050
1817, 1065, 1041
1818, 1103, 1065
1819, 1050, 1073
1820, 1081, 1050
1821, 1052, 1037
1822, 1037, 1057
1823, 1073, 1052
1824, 1110, 1073
1825, 1057, 1055
1826, 1067, 1317
1827, 1055, 1067
1828, 1094, 1057
1829, 1024, 1025
1830, 1317, 1024
1831, 1025, 1075
1832, 1075, 1056
1833, 1062, 1070
1834, 1056, 1062
1835, 1087, 1075
1836, 1070, 1060
1837, 1060, 1064
1838, 1316, 1070
1839, 1064, 1040
1840, 1040, 1069
1841, 1084, 1064
1842, 1061, 1044
1843, 1044, 1076
1844, 1069, 1061
1845, 1076, 1313
1846, 1105, 1069
1847, 1058, 1063
1848, 1313, 1058
1849, 1063, 1314
1850, 1104, 1063
1851, 1314, 1045
1852, 1045, 1315
1853, 1091, 1314
1854, 1068, 1051
1855, 1051, 1066
1856, 1315, 1068
1857, 1066, 1049
1858, 1047, 1059
1859, 1049, 1047
1860, 1072, 1066
1861, 1059, 1415
1862, 1088, 1059
1863, 1416, 1090
1864, 1089, 1095
1865, 1097, 1077
1866, 1077, 1086
1867, 1115, 1081
1868, 1081, 1123
1869, 1113, 1092
1870, 1087, 1316
1871, 1106, 1084
1872, 1084, 1105
1873, 1085, 1104
1874, 1104, 1111
1875, 1096, 1315
1876, 1315, 1093
1877, 1083, 1101
1878, 1090, 1099
1879, 1417, 1090
1880, 1102, 1078
1881, 1078, 1089
1882, 1089, 1144
1883, 1095, 1079
1884, 1079, 1098
1885, 1140, 1095
1886, 1098, 1080
1887, 1080, 1097
1888, 1097, 1139
1889, 1124, 1098
1890, 1086, 1109
1891, 1139, 1086
1892, 1108, 1082
1893, 1082, 1116
1894, 1116, 1103
1895, 1103, 1115
1896, 1158, 1116
1897, 1127, 1130
1898, 1123, 1110
1899, 1110, 1112
1900, 1130, 1123
1901, 1135, 1130
1902, 1112, 1094
1903, 1094, 1113
1904, 1113, 1134
1905, 1129, 1112
1906, 1092, 1317
1907, 1317, 1100
1908, 1148, 1092
1909, 1100, 1087
1910, 1087, 1128
1911, 1114, 1100
1912, 1316, 1119
1913, 1128, 1316
1914, 1143, 1128
1915, 1117, 1106
1916, 1106, 1151
1917, 1105, 1107
1918, 1147, 1105
1919, 1107, 1313
1920, 1313, 1085
1921, 1085, 1121
1922, 1132, 1107
1923, 1111, 1118
1924, 1121, 1111
1925, 1137, 1121
1926, 1118, 1091
1927, 1091, 1096
1928, 1096, 1323
1929, 1122, 1118
1930, 1093, 1318
1931, 1323, 1093
1932, 1318, 1072
1933, 1072, 1083
1934, 1083, 1125
1935, 1101, 1088
1936, 1088, 1120
1937, 1125, 1101
1938, 1131, 1125
1939, 1120, 1467
1940, 1126, 1120
1941, 1099, 1102
1942, 1418, 1099
1943, 1102, 1138
1944, 1136, 1124
1945, 1124, 1154
1946, 1109, 1108
1947, 1319, 1109
1948, 1108, 1159
1949, 1115, 1127
1950, 1141, 1115
1951, 1127, 1174
1952, 1134, 1146
1953, 1157, 1129
1954, 1129, 1134
1955, 1161, 1114
1956, 1114, 1152
1957, 1119, 1117
1958, 1320, 1119
1959, 1117, 1153
1960, 1167, 1132
1961, 1132, 1137
1962, 1322, 1122
1963, 1122, 1156
1964, 1324, 1318
1965, 1318, 1133
1966, 1142, 1126
1967, 1126, 1160
1968, 1419, 1162
1969, 1144, 1150
1970, 1138, 1144
1971, 1162, 1138
1972, 1181, 1162
1973, 1150, 1145
1974, 1190, 1150
1975, 1145, 1140
1976, 1140, 1136
1977, 1136, 1173
1978, 1203, 1145
1979, 1154, 1139
1980, 1139, 1319
1981, 1171, 1154
1982, 1319, 1159
1983, 1182, 1319
1984, 1159, 1158
1985, 1158, 1164
1986, 1325, 1159
1987, 1164, 1141
1988, 1174, 1175
1989, 1141, 1174
1990, 1189, 1164
1991, 1175, 1135
1992, 1135, 1163
1993, 1180, 1175
1994, 1163, 1157
1995, 1157, 1170
1996, 1192, 1163
1997, 1146, 1148
1998, 1148, 1165
1999, 1170, 1146
2000, 1197, 1170
2001, 1165, 1161
2002, 1161, 1172
2003, 1176, 1165
2004, 1152, 1143
2005, 1143, 1320
2006, 1172, 1152
2007, 1211, 1172
2008, 1153, 1155
2009, 1320, 1153
2010, 1178, 1320
2011, 1151, 1147
2012, 1155, 1151
2013, 1147, 1321
2014, 1191, 1155
2015, 1321, 1167
2016, 1167, 1169
2017, 1137, 1322
2018, 1169, 1137
2019, 1199, 1169
2020, 1322, 1168
2021, 1186, 1322
2022, 1156, 1323
2023, 1323, 1324
2024, 1168, 1156
2025, 1183, 1168
2026, 1324, 1166
2027, 1133, 1131
2028, 1131, 1142
2029, 1166, 1133
2030, 1142, 1149
2031, 1206, 1166
2032, 1160, 1420
2033, 1149, 1160
2034, 1179, 1149
2035, 1468, 1181
2036, 1181, 1194
2037, 1173, 1171
2038, 1208, 1173
2039, 1193, 1325
2040, 1202, 1180
2041, 1180, 1184
2042, 1204, 1201
2043, 1185, 1176
2044, 1176, 1211
2045, 1211, 1215
2046, 1205, 1178
2047, 1178, 1191
2048, 1198, 1214
2049, 1196, 1186
2050, 1186, 1188
2051, 1177, 1324
2052, 1324, 1212
2053, 1207, 1179
2054, 1179, 1187
2055, 1468, 1237
2056, 1194, 1190
2057, 1190, 1213
2058, 1235, 1194
2059, 1213, 1203
2060, 1203, 1208
2061, 1208, 1469
2062, 1225, 1213
2063, 1171, 1326
2064, 1229, 1171
2065, 1326, 1182
2066, 1182, 1193
2067, 1193, 1421
2068, 1325, 1218
2069, 1422, 1325
2070, 1219, 1189
2071, 1189, 1202
2072, 1202, 1236
2073, 1184, 1200
2074, 1236, 1184
2075, 1200, 1192
2076, 1192, 1204
2077, 1204, 1423
2078, 1220, 1200
2079, 1201, 1197
2080, 1197, 1210
2081, 1424, 1201
2082, 1209, 1185
2083, 1185, 1223
2084, 1215, 1217
2085, 1223, 1215
2086, 1425, 1223
2087, 1217, 1205
2088, 1205, 1222
2089, 1191, 1328
2090, 1222, 1191
2091, 1426, 1222
2092, 1328, 1321
2093, 1321, 1198
2094, 1198, 1231
2095, 1214, 1199
2096, 1199, 1327
2097, 1470, 1214
2098, 1327, 1196
2099, 1196, 1427
2100, 1188, 1183
2101, 1183, 1195
2102, 1221, 1188
2103, 1195, 1177
2104, 1177, 1226
2105, 1224, 1195
2106, 1212, 1206
2107, 1227, 1212
2108, 1206, 1207
2109, 1207, 1233
2110, 1216, 1206
2111, 1187, 1428
2112, 1230, 1187
2113, 1235, 1225
2114, 1225, 1429
2115, 1469, 1229
2116, 1229, 1326
2117, 1326, 1430
2118, 1218, 1219
2119, 1431, 1218
2120, 1219, 1432
2121, 1238, 1220
2122, 1220, 1433
2123, 1210, 1209
2124, 1434, 1210
2125, 1209, 1435
2126, 1436, 1217
2127, 1217, 1437
2128, 1231, 1438
2129, 1439, 1328
2130, 1328, 1231
2131, 1440, 1327
2132, 1327, 1441
2133, 1442, 1221
2134, 1221, 1224
2135, 1443, 1216
2136, 1216, 1228
2137, 1234, 1444
2138, 1237, 1235
2139, 1445, 1237
2140, 1235, 1446
2141, 1447, 1236
2142, 1236, 1238
2143, 1238, 1448
2144, 1224, 1232
2145, 1449, 1224
2146, 1226, 1227
2147, 1232, 1226
2148, 1227, 1450
2149, 1451, 1232
2150, 1228, 1452
2151, 1453, 1228
2152, 1233, 1230
2153, 1454, 1233
2154, 1230, 1234
2155, 1234, 1455
