1, 938, 5
2, 939, 3
3, 10, 940
4, 941, 7
5, 914, 942
6, 4, 943
7, 944, 915
8, 1, 945
9, 946, 12
10, 947, 6
11, 14, 948
12, 11, 949
13, 950, 2
14, 8, 951
15, 3, 914
16, 19, 3
17, 5, 10
18, 24, 5
19, 10, 916
20, 17, 1034
21, 7, 952
22, 953, 25
23, 16, 7
24, 6, 11
25, 23, 6
26, 11, 15
27, 2, 1031
28, 1031, 24
29, 18, 2
30, 24, 32
31, 915, 8
32, 8, 20
33, 12, 14
34, 30, 12
35, 14, 27
36, 954, 9
37, 22, 955
38, 956, 4
39, 4, 29
40, 13, 957
41, 1033, 958
42, 21, 1033
43, 959, 28
44, 1032, 1
45, 26, 1032
46, 1, 31
47, 25, 17
48, 17, 33
49, 46, 25
50, 45, 960
51, 916, 19
52, 19, 50
53, 914, 16
54, 39, 914
55, 16, 35
56, 15, 18
57, 47, 15
58, 18, 43
59, 27, 23
60, 23, 53
61, 55, 27
62, 32, 54
63, 40, 32
64, 29, 26
65, 34, 29
66, 26, 49
67, 31, 30
68, 30, 48
69, 38, 31
70, 20, 13
71, 52, 20
72, 13, 36
73, 9, 915
74, 915, 42
75, 41, 9
76, 28, 22
77, 22, 37
78, 51, 28
79, 1035, 21
80, 21, 44
81, 33, 45
82, 63, 33
83, 45, 961
84, 35, 46
85, 46, 57
86, 58, 35
87, 53, 47
88, 47, 75
89, 66, 53
90, 54, 916
91, 916, 62
92, 69, 54
93, 50, 39
94, 56, 50
95, 39, 59
96, 36, 34
97, 34, 70
98, 74, 36
99, 49, 38
100, 82, 49
101, 38, 76
102, 48, 55
103, 55, 67
104, 77, 48
105, 43, 40
106, 65, 43
107, 40, 83
108, 37, 41
109, 41, 60
110, 73, 37
111, 962, 71
112, 44, 51
113, 51, 64
114, 68, 44
115, 42, 52
116, 52, 72
117, 61, 42
118, 62, 56
119, 94, 62
120, 56, 87
121, 59, 58
122, 58, 91
123, 92, 59
124, 57, 63
125, 63, 86
126, 89, 57
127, 75, 65
128, 101, 75
129, 65, 96
130, 67, 66
131, 66, 95
132, 80, 67
133, 83, 69
134, 69, 93
135, 90, 83
136, 72, 74
137, 74, 79
138, 85, 72
139, 60, 61
140, 98, 60
141, 61, 84
142, 70, 82
143, 78, 70
144, 82, 97
145, 76, 77
146, 102, 76
147, 77, 88
148, 64, 73
149, 73, 100
150, 81, 64
151, 71, 68
152, 963, 71
153, 68, 99
154, 96, 90
155, 124, 96
156, 90, 111
157, 86, 964
158, 104, 86
159, 93, 94
160, 94, 106
161, 118, 93
162, 87, 92
163, 109, 87
164, 92, 120
165, 95, 101
166, 101, 114
167, 119, 95
168, 97, 102
169, 103, 97
170, 102, 115
171, 88, 80
172, 80, 110
173, 117, 88
174, 100, 98
175, 98, 123
176, 121, 100
177, 79, 78
178, 112, 79
179, 78, 105
180, 99, 81
181, 81, 122
182, 126, 99
183, 84, 85
184, 85, 125
185, 107, 84
186, 91, 89
187, 113, 91
188, 89, 108
189, 965, 116
190, 120, 113
191, 140, 120
192, 113, 141
193, 111, 118
194, 144, 111
195, 118, 142
196, 139, 966
197, 115, 117
198, 147, 115
199, 117, 138
200, 106, 109
201, 146, 106
202, 109, 132
203, 108, 104
204, 104, 139
205, 145, 108
206, 125, 112
207, 112, 127
208, 137, 125
209, 123, 107
210, 143, 123
211, 107, 136
212, 122, 121
213, 121, 153
214, 131, 122
215, 105, 103
216, 103, 148
217, 128, 105
218, 110, 119
219, 119, 135
220, 134, 110
221, 114, 124
222, 124, 130
223, 133, 114
224, 116, 126
225, 126, 129
226, 967, 116
227, 139, 968
228, 156, 139
229, 141, 145
230, 157, 141
231, 145, 165
232, 135, 133
233, 158, 135
234, 133, 172
235, 132, 140
236, 140, 154
237, 166, 132
238, 127, 128
239, 151, 127
240, 128, 152
241, 142, 146
242, 167, 142
243, 146, 170
244, 148, 147
245, 147, 155
246, 150, 148
247, 138, 134
248, 162, 138
249, 134, 164
250, 130, 144
251, 144, 171
252, 173, 130
253, 969, 1037
254, 153, 143
255, 143, 159
256, 163, 153
257, 136, 137
258, 137, 149
259, 161, 136
260, 129, 131
261, 131, 177
262, 169, 129
263, 165, 156
264, 156, 183
265, 188, 165
266, 172, 173
267, 189, 172
268, 173, 187
269, 171, 167
270, 167, 190
271, 185, 171
272, 154, 157
273, 157, 193
274, 168, 154
275, 155, 162
276, 195, 155
277, 162, 184
278, 164, 158
279, 158, 191
280, 192, 164
281, 159, 161
282, 194, 159
283, 161, 186
284, 170, 166
285, 166, 179
286, 176, 170
287, 152, 150
288, 175, 152
289, 150, 160
290, 174, 169
291, 169, 178
292, 149, 151
293, 151, 181
294, 182, 149
295, 177, 163
296, 163, 180
297, 183, 1036
298, 197, 183
299, 179, 168
300, 168, 198
301, 200, 179
302, 193, 188
303, 188, 204
304, 206, 193
305, 187, 185
306, 215, 187
307, 185, 208
308, 186, 182
309, 199, 186
310, 182, 214
311, 180, 194
312, 194, 196
313, 217, 180
314, 181, 175
315, 175, 210
316, 212, 181
317, 160, 195
318, 195, 213
319, 203, 160
320, 184, 192
321, 202, 184
322, 192, 201
323, 191, 189
324, 189, 219
325, 207, 191
326, 190, 176
327, 218, 190
328, 176, 211
329, 1037, 174
330, 174, 209
331, 178, 177
332, 918, 178
333, 177, 205
334, 211, 200
335, 200, 917
336, 239, 211
337, 213, 202
338, 222, 213
339, 202, 220
340, 208, 218
341, 227, 208
342, 218, 234
343, 232, 970
344, 198, 206
345, 917, 198
346, 206, 237
347, 204, 197
348, 197, 236
349, 230, 204
350, 201, 207
351, 229, 201
352, 207, 231
353, 196, 199
354, 199, 221
355, 235, 196
356, 214, 212
357, 226, 214
358, 212, 223
359, 219, 215
360, 215, 216
361, 240, 219
362, 210, 203
363, 225, 210
364, 203, 228
365, 209, 918
366, 971, 209
367, 205, 217
368, 217, 224
369, 233, 205
370, 237, 230
371, 250, 237
372, 230, 238
373, 216, 227
374, 227, 248
375, 245, 216
376, 234, 239
377, 239, 243
378, 244, 234
379, 236, 232
380, 232, 972
381, 242, 236
382, 231, 240
383, 258, 231
384, 240, 252
385, 228, 222
386, 222, 919
387, 260, 228
388, 221, 226
389, 247, 221
390, 226, 251
391, 223, 225
392, 254, 223
393, 225, 253
394, 220, 229
395, 919, 220
396, 229, 257
397, 973, 256
398, 918, 233
399, 241, 918
400, 233, 261
401, 224, 235
402, 235, 246
403, 255, 224
404, 249, 917
405, 917, 259
406, 238, 242
407, 275, 238
408, 242, 265
409, 259, 250
410, 250, 273
411, 274, 259
412, 252, 245
413, 245, 920
414, 267, 252
415, 257, 258
416, 258, 277
417, 263, 257
418, 248, 244
419, 920, 248
420, 244, 282
421, 243, 249
422, 278, 243
423, 249, 280
424, 251, 254
425, 264, 251
426, 254, 269
427, 281, 919
428, 919, 270
429, 261, 255
430, 255, 272
431, 256, 241
432, 974, 256
433, 241, 262
434, 246, 247
435, 247, 266
436, 271, 246
437, 253, 260
438, 260, 276
439, 268, 253
440, 265, 1038
441, 921, 265
442, 273, 275
443, 275, 921
444, 301, 273
445, 282, 278
446, 291, 282
447, 278, 286
448, 280, 274
449, 274, 285
450, 298, 280
451, 266, 264
452, 264, 290
453, 297, 266
454, 279, 281
455, 281, 299
456, 270, 263
457, 263, 294
458, 283, 270
459, 277, 267
460, 267, 288
461, 300, 277
462, 293, 920
463, 920, 289
464, 262, 261
465, 261, 296
466, 284, 262
467, 272, 271
468, 302, 272
469, 271, 303
470, 269, 268
471, 292, 269
472, 268, 295
473, 975, 287
474, 285, 301
475, 301, 328
476, 312, 285
477, 921, 322
478, 321, 921
479, 288, 293
480, 311, 288
481, 293, 306
482, 289, 291
483, 291, 325
484, 309, 289
485, 286, 298
486, 323, 286
487, 298, 313
488, 303, 297
489, 297, 307
490, 318, 303
491, 276, 279
492, 295, 276
493, 279, 308
494, 314, 295
495, 294, 300
496, 310, 294
497, 300, 320
498, 296, 302
499, 304, 296
500, 302, 327
501, 299, 283
502, 315, 299
503, 283, 317
504, 287, 284
505, 284, 305
506, 976, 287
507, 290, 292
508, 319, 290
509, 292, 316
510, 328, 321
511, 338, 328
512, 321, 343
513, 322, 977
514, 334, 322
515, 306, 309
516, 340, 306
517, 309, 346
518, 317, 310
519, 310, 332
520, 333, 317
521, 320, 311
522, 311, 341
523, 324, 320
524, 313, 312
525, 312, 342
526, 922, 313
527, 325, 323
528, 339, 325
529, 323, 922
530, 316, 314
531, 314, 329
532, 344, 316
533, 308, 315
534, 330, 308
535, 315, 326
536, 307, 319
537, 331, 307
538, 319, 345
539, 327, 318
540, 318, 335
541, 337, 327
542, 305, 304
543, 304, 924
544, 336, 305
545, 343, 334
546, 364, 343
547, 334, 350
548, 353, 978
549, 342, 338
550, 338, 349
551, 361, 342
552, 346, 339
553, 351, 346
554, 339, 360
555, 922, 362
556, 368, 922
557, 341, 340
558, 340, 348
559, 363, 341
560, 924, 337
561, 337, 347
562, 326, 333
563, 333, 923
564, 357, 326
565, 345, 344
566, 344, 356
567, 354, 345
568, 329, 330
569, 352, 329
570, 330, 355
571, 332, 324
572, 366, 332
573, 324, 367
574, 979, 336
575, 336, 359
576, 335, 331
577, 331, 358
578, 365, 335
579, 362, 361
580, 361, 384
581, 389, 362
582, 350, 353
583, 383, 350
584, 353, 980
585, 348, 351
586, 351, 380
587, 379, 348
588, 358, 354
589, 354, 371
590, 388, 358
591, 360, 368
592, 390, 360
593, 368, 378
594, 923, 366
595, 981, 376
596, 359, 924
597, 924, 381
598, 372, 359
599, 347, 365
600, 386, 347
601, 365, 377
602, 356, 352
603, 375, 356
604, 352, 374
605, 349, 364
606, 364, 387
607, 385, 349
608, 355, 357
609, 357, 370
610, 369, 355
611, 367, 363
612, 363, 373
613, 382, 367
614, 387, 383
615, 383, 393
616, 405, 387
617, 384, 385
618, 395, 384
619, 385, 402
620, 366, 382
621, 415, 366
622, 382, 408
623, 378, 389
624, 389, 404
625, 391, 378
626, 374, 369
627, 409, 374
628, 369, 401
629, 370, 923
630, 923, 413
631, 399, 370
632, 373, 379
633, 379, 394
634, 926, 373
635, 380, 390
636, 398, 380
637, 390, 397
638, 381, 386
639, 396, 381
640, 386, 406
641, 376, 372
642, 982, 376
643, 372, 392
644, 377, 388
645, 388, 410
646, 400, 377
647, 371, 375
648, 403, 371
649, 375, 407
650, 402, 405
651, 405, 417
652, 422, 402
653, 408, 926
654, 416, 408
655, 393, 983
656, 433, 393
657, 413, 415
658, 415, 426
659, 428, 413
660, 410, 403
661, 420, 410
662, 403, 425
663, 394, 398
664, 424, 394
665, 398, 925
666, 397, 391
667, 391, 429
668, 412, 397
669, 404, 395
670, 395, 419
671, 427, 404
672, 984, 432
673, 392, 396
674, 396, 411
675, 423, 392
676, 406, 400
677, 418, 406
678, 400, 431
679, 407, 409
680, 409, 414
681, 425, 407
682, 401, 399
683, 421, 401
684, 399, 428
685, 419, 422
686, 422, 445
687, 450, 419
688, 429, 427
689, 444, 429
690, 427, 440
691, 428, 454
692, 443, 428
693, 925, 412
694, 412, 442
695, 426, 416
696, 416, 927
697, 465, 426
698, 926, 424
699, 453, 926
700, 424, 448
701, 417, 433
702, 430, 417
703, 433, 441
704, 436, 985
705, 414, 421
706, 449, 414
707, 421, 437
708, 431, 420
709, 420, 435
710, 446, 431
711, 432, 423
712, 1039, 432
713, 423, 447
714, 451, 425
715, 425, 438
716, 411, 418
717, 439, 411
718, 418, 434
719, 448, 925
720, 925, 463
721, 452, 448
722, 440, 450
723, 450, 457
724, 471, 440
725, 445, 430
726, 456, 445
727, 430, 473
728, 441, 436
729, 928, 441
730, 436, 986
731, 438, 449
732, 449, 464
733, 476, 438
734, 454, 472
735, 477, 454
736, 434, 446
737, 446, 460
738, 462, 434
739, 435, 451
740, 469, 435
741, 451, 466
742, 437, 443
743, 443, 470
744, 458, 437
745, 447, 439
746, 467, 447
747, 439, 461
748, 927, 453
749, 453, 459
750, 442, 444
751, 444, 474
752, 468, 442
753, 1039, 455
754, 463, 468
755, 480, 463
756, 468, 494
757, 473, 928
758, 485, 473
759, 464, 458
760, 475, 464
761, 458, 491
762, 472, 465
763, 465, 927
764, 478, 472
765, 927, 487
766, 474, 471
767, 471, 493
768, 498, 474
769, 466, 476
770, 476, 482
771, 488, 466
772, 459, 452
773, 452, 479
774, 496, 459
775, 457, 456
776, 497, 457
777, 456, 481
778, 460, 469
779, 486, 460
780, 469, 492
781, 470, 477
782, 477, 484
783, 489, 470
784, 461, 462
785, 462, 495
786, 490, 461
787, 455, 467
788, 467, 483
789, 987, 455
790, 484, 478
791, 478, 499
792, 519, 484
793, 479, 480
794, 480, 509
795, 511, 479
796, 481, 485
797, 485, 523
798, 516, 481
799, 493, 497
800, 517, 493
801, 497, 515
802, 494, 498
803, 504, 494
804, 498, 500
805, 495, 486
806, 486, 508
807, 505, 495
808, 988, 512
809, 483, 490
810, 490, 513
811, 514, 483
812, 492, 488
813, 488, 520
814, 502, 492
815, 482, 475
816, 475, 507
817, 503, 482
818, 491, 489
819, 518, 491
820, 489, 501
821, 487, 496
822, 506, 487
823, 496, 510
824, 928, 1040
825, 521, 928
826, 523, 521
827, 535, 523
828, 521, 532
829, 499, 506
830, 530, 499
831, 506, 537
832, 509, 504
833, 536, 509
834, 504, 541
835, 500, 517
836, 517, 527
837, 539, 500
838, 510, 511
839, 511, 542
840, 538, 510
841, 508, 502
842, 545, 508
843, 502, 543
844, 507, 518
845, 526, 507
846, 518, 540
847, 520, 503
848, 533, 520
849, 503, 522
850, 515, 516
851, 516, 524
852, 529, 515
853, 501, 519
854, 519, 525
855, 544, 501
856, 513, 505
857, 505, 531
858, 528, 513
859, 512, 514
860, 989, 512
861, 514, 534
862, 527, 529
863, 562, 527
864, 529, 565
865, 525, 530
866, 530, 563
867, 546, 525
868, 542, 536
869, 536, 553
870, 929, 542
871, 541, 539
872, 551, 541
873, 539, 561
874, 532, 1041
875, 564, 532
876, 531, 545
877, 545, 548
878, 552, 531
879, 524, 535
880, 535, 566
881, 567, 524
882, 537, 538
883, 557, 537
884, 538, 556
885, 522, 526
886, 526, 558
887, 550, 522
888, 540, 544
889, 555, 540
890, 544, 549
891, 543, 533
892, 547, 543
893, 533, 560
894, 534, 528
895, 528, 554
896, 559, 534
897, 563, 557
898, 572, 563
899, 557, 585
900, 556, 929
901, 581, 556
902, 566, 564
903, 564, 580
904, 570, 566
905, 560, 550
906, 550, 571
907, 578, 560
908, 549, 546
909, 546, 577
910, 586, 549
911, 553, 551
912, 575, 553
913, 551, 584
914, 554, 552
915, 552, 589
916, 573, 554
917, 990, 559
918, 559, 568
919, 558, 555
920, 569, 558
921, 555, 587
922, 561, 562
923, 562, 588
924, 583, 561
925, 565, 567
926, 576, 565
927, 567, 579
928, 548, 547
929, 582, 548
930, 547, 574
931, 585, 581
932, 597, 585
933, 581, 594
934, 588, 576
935, 576, 608
936, 587, 586
937, 586, 598
938, 611, 587
939, 577, 572
940, 572, 595
941, 605, 577
942, 929, 575
943, 590, 929
944, 575, 592
945, 584, 583
946, 596, 584
947, 583, 610
948, 580, 991
949, 607, 580
950, 574, 578
951, 578, 600
952, 599, 574
953, 571, 569
954, 930, 571
955, 569, 609
956, 589, 582
957, 604, 589
958, 582, 591
959, 579, 570
960, 570, 606
961, 601, 579
962, 568, 573
963, 573, 603
964, 593, 568
965, 992, 602
966, 608, 601
967, 624, 608
968, 601, 623
969, 594, 590
970, 629, 594
971, 590, 613
972, 598, 605
973, 620, 598
974, 605, 622
975, 591, 599
976, 599, 615
977, 625, 591
978, 609, 611
979, 611, 932
980, 616, 609
981, 610, 588
982, 588, 618
983, 617, 610
984, 606, 607
985, 607, 621
986, 626, 606
987, 592, 596
988, 612, 592
989, 596, 614
990, 603, 604
991, 604, 632
992, 931, 603
993, 600, 930
994, 619, 600
995, 595, 597
996, 597, 627
997, 630, 595
998, 602, 593
999, 593, 931
1000, 628, 602
1001, 621, 993
1002, 655, 621
1003, 623, 626
1004, 653, 623
1005, 626, 649
1006, 627, 629
1007, 629, 639
1008, 644, 627
1009, 614, 617
1010, 617, 631
1011, 641, 614
1012, 618, 624
1013, 624, 647
1014, 633, 618
1015, 622, 630
1016, 634, 622
1017, 630, 642
1018, 931, 652
1019, 643, 931
1020, 615, 619
1021, 636, 615
1022, 619, 651
1023, 613, 612
1024, 640, 613
1025, 612, 638
1026, 632, 625
1027, 625, 636
1028, 657, 632
1029, 636, 646
1030, 932, 620
1031, 620, 637
1032, 930, 616
1033, 616, 645
1034, 648, 930
1035, 994, 628
1036, 628, 635
1037, 649, 655
1038, 655, 672
1039, 661, 649
1040, 631, 633
1041, 665, 631
1042, 633, 668
1043, 637, 634
1044, 634, 663
1045, 673, 637
1046, 642, 644
1047, 644, 650
1048, 670, 642
1049, 645, 932
1050, 932, 660
1051, 654, 645
1052, 639, 640
1053, 666, 639
1054, 640, 933
1055, 638, 641
1056, 641, 671
1057, 933, 638
1058, 647, 653
1059, 653, 656
1060, 659, 647
1061, 635, 643
1062, 643, 664
1063, 995, 635
1064, 652, 657
1065, 664, 652
1066, 657, 669
1067, 651, 648
1068, 658, 651
1069, 648, 667
1070, 646, 662
1071, 675, 646
1072, 672, 996
1073, 680, 672
1074, 668, 659
1075, 674, 668
1076, 659, 676
1077, 671, 665
1078, 665, 679
1079, 677, 671
1080, 690, 664
1081, 664, 687
1082, 669, 675
1083, 686, 669
1084, 675, 683
1085, 660, 673
1086, 934, 660
1087, 650, 666
1088, 685, 650
1089, 666, 682
1090, 662, 658
1091, 658, 688
1092, 693, 662
1093, 663, 670
1094, 678, 663
1095, 670, 935
1096, 695, 933
1097, 933, 691
1098, 667, 654
1099, 654, 934
1100, 684, 667
1101, 997, 692
1102, 656, 661
1103, 661, 694
1104, 681, 656
1105, 676, 681
1106, 705, 676
1107, 681, 696
1108, 694, 680
1109, 680, 697
1110, 701, 694
1111, 934, 713
1112, 709, 934
1113, 682, 695
1114, 698, 682
1115, 695, 703
1116, 691, 677
1117, 677, 689
1118, 708, 691
1119, 688, 684
1120, 699, 688
1121, 684, 704
1122, 673, 678
1123, 711, 673
1124, 678, 710
1125, 935, 685
1126, 685, 702
1127, 679, 674
1128, 674, 706
1129, 715, 679
1130, 692, 690
1131, 690, 716
1132, 700, 692
1133, 683, 693
1134, 712, 683
1135, 693, 707
1136, 687, 686
1137, 714, 687
1138, 686, 722
1139, 697, 998
1140, 727, 697
1141, 696, 701
1142, 719, 696
1143, 701, 731
1144, 713, 711
1145, 737, 713
1146, 711, 728
1147, 704, 709
1148, 709, 739
1149, 730, 704
1150, 706, 705
1151, 705, 718
1152, 735, 706
1153, 707, 699
1154, 699, 738
1155, 724, 707
1156, 710, 935
1157, 721, 710
1158, 935, 726
1159, 702, 698
1160, 698, 720
1161, 733, 702
1162, 703, 708
1163, 717, 703
1164, 708, 723
1165, 689, 715
1166, 725, 689
1167, 715, 732
1168, 716, 714
1169, 740, 716
1170, 714, 734
1171, 722, 712
1172, 712, 729
1173, 741, 722
1174, 999, 700
1175, 700, 936
1176, 732, 735
1177, 735, 750
1178, 747, 732
1179, 731, 727
1180, 727, 758
1181, 736, 731
1182, 1042, 1000
1183, 718, 719
1184, 719, 753
1185, 751, 718
1186, 728, 721
1187, 761, 728
1188, 721, 756
1189, 738, 730
1190, 730, 754
1191, 748, 738
1192, 739, 737
1193, 737, 763
1194, 749, 739
1195, 720, 717
1196, 752, 720
1197, 717, 755
1198, 723, 725
1199, 746, 723
1200, 725, 745
1201, 936, 740
1202, 740, 757
1203, 734, 741
1204, 759, 734
1205, 741, 742
1206, 729, 724
1207, 724, 743
1208, 764, 729
1209, 726, 733
1210, 760, 726
1211, 733, 744
1212, 745, 747
1213, 747, 784
1214, 773, 745
1215, 758, 1042
1216, 765, 758
1217, 742, 764
1218, 776, 742
1219, 764, 771
1220, 754, 749
1221, 785, 754
1222, 749, 787
1223, 763, 761
1224, 761, 777
1225, 781, 763
1226, 755, 746
1227, 779, 755
1228, 746, 774
1229, 757, 759
1230, 778, 757
1231, 759, 786
1232, 756, 760
1233, 780, 756
1234, 760, 767
1235, 744, 752
1236, 752, 766
1237, 783, 744
1238, 750, 751
1239, 782, 750
1240, 751, 768
1241, 1001, 936
1242, 936, 772
1243, 743, 748
1244, 748, 775
1245, 762, 743
1246, 753, 736
1247, 736, 770
1248, 769, 753
1249, 774, 773
1250, 773, 798
1251, 790, 774
1252, 768, 769
1253, 791, 768
1254, 769, 803
1255, 770, 765
1256, 765, 788
1257, 806, 770
1258, 787, 781
1259, 809, 787
1260, 781, 799
1261, 767, 783
1262, 801, 767
1263, 783, 804
1264, 766, 779
1265, 779, 793
1266, 794, 766
1267, 775, 785
1268, 785, 792
1269, 796, 775
1270, 786, 776
1271, 776, 810
1272, 800, 786
1273, 777, 780
1274, 808, 777
1275, 780, 937
1276, 772, 778
1277, 778, 797
1278, 1002, 772
1279, 784, 782
1280, 795, 784
1281, 782, 802
1282, 771, 762
1283, 789, 771
1284, 762, 805
1285, 788, 1003
1286, 813, 788
1287, 937, 801
1288, 801, 815
1289, 793, 790
1290, 790, 823
1291, 811, 793
1292, 802, 791
1293, 791, 812
1294, 822, 802
1295, 803, 806
1296, 807, 803
1297, 792, 809
1298, 809, 818
1299, 830, 792
1300, 799, 808
1301, 825, 799
1302, 808, 819
1303, 804, 794
1304, 814, 804
1305, 794, 829
1306, 810, 789
1307, 831, 810
1308, 789, 817
1309, 797, 800
1310, 800, 828
1311, 824, 797
1312, 798, 795
1313, 821, 798
1314, 795, 820
1315, 1004, 826
1316, 805, 796
1317, 796, 827
1318, 816, 805
1319, 823, 821
1320, 839, 823
1321, 821, 851
1322, 820, 822
1323, 822, 846
1324, 850, 820
1325, 815, 814
1326, 837, 815
1327, 814, 852
1328, 819, 937
1329, 937, 833
1330, 849, 819
1331, 812, 807
1332, 848, 812
1333, 807, 841
1334, 818, 825
1335, 840, 818
1336, 825, 843
1337, 829, 811
1338, 811, 832
1339, 842, 829
1340, 827, 830
1341, 830, 845
1342, 854, 827
1343, 806, 813
1344, 813, 855
1345, 853, 806
1346, 826, 824
1347, 824, 834
1348, 838, 826
1349, 817, 816
1350, 844, 817
1351, 816, 836
1352, 828, 831
1353, 831, 847
1354, 835, 828
1355, 851, 850
1356, 875, 851
1357, 850, 868
1358, 846, 848
1359, 872, 846
1360, 848, 857
1361, 841, 853
1362, 867, 841
1363, 853, 869
1364, 845, 840
1365, 840, 870
1366, 861, 845
1367, 833, 837
1368, 837, 862
1369, 859, 833
1370, 852, 842
1371, 858, 852
1372, 842, 856
1373, 832, 839
1374, 839, 873
1375, 856, 832
1376, 836, 854
1377, 854, 866
1378, 865, 836
1379, 855, 1005
1380, 834, 835
1381, 874, 834
1382, 835, 871
1383, 843, 849
1384, 849, 863
1385, 864, 843
1386, 847, 844
1387, 844, 860
1388, 876, 847
1389, 1006, 838
1390, 838, 877
1391, 873, 875
1392, 875, 890
1393, 878, 873
1394, 862, 858
1395, 893, 862
1396, 858, 884
1397, 868, 872
1398, 883, 868
1399, 872, 898
1400, 899, 856
1401, 856, 887
1402, 857, 867
1403, 904, 857
1404, 867, 879
1405, 871, 876
1406, 888, 871
1407, 876, 897
1408, 860, 865
1409, 865, 885
1410, 901, 860
1411, 866, 861
1412, 861, 894
1413, 881, 866
1414, 863, 859
1415, 859, 895
1416, 889, 863
1417, 869, 855
1418, 880, 869
1419, 855, 882
1420, 877, 874
1421, 874, 886
1422, 891, 877
1423, 870, 864
1424, 892, 870
1425, 864, 896
1426, 882, 1007
1427, 902, 882
1428, 887, 878
1429, 878, 1008
1430, 1009, 887
1431, 898, 904
1432, 1048, 898
1433, 904, 913
1434, 886, 888
1435, 888, 912
1436, 1047, 886
1437, 885, 881
1438, 905, 885
1439, 881, 906
1440, 894, 892
1441, 1010, 894
1442, 892, 1043
1443, 896, 889
1444, 889, 909
1445, 1044, 896
1446, 884, 899
1447, 903, 884
1448, 899, 1046
1449, 1011, 891
1450, 891, 1012
1451, 897, 901
1452, 908, 897
1453, 895, 893
1454, 893, 910
1455, 911, 895
1456, 890, 883
1457, 1045, 890
1458, 883, 1013
1459, 879, 880
1460, 907, 879
1461, 880, 900
1462, 900, 902
1463, 902, 1014
1464, 1015, 900
1465, 913, 907
1466, 1016, 913
1467, 907, 1017
1468, 1043, 1044
1469, 909, 911
1470, 1018, 909
1471, 911, 1019
1472, 910, 903
1473, 903, 1020
1474, 1021, 910
1475, 1022, 1045
1476, 1023, 1047
1477, 901, 905
1478, 905, 1024
1479, 1025, 901
1480, 906, 1026
1481, 1027, 906
1482, 912, 908
1483, 1028, 912
1484, 908, 1029
1485, 1030, 1048
