1, 749, 677
2, 678, 9
3, 493, 753
4, 679, 744
5, 754, 493
6, 489, 680
7, 748, 749
8, 749, 492
9, 681, 748
10, 746, 745
11, 752, 743
12, 9, 752
13, 682, 491
14, 745, 683
15, 684, 6
16, 2, 745
17, 750, 747
18, 491, 750
19, 494, 685
20, 686, 17
21, 687, 14
22, 6, 688
23, 689, 7
24, 743, 690
25, 10, 743
26, 747, 746
27, 5, 747
28, 744, 751
29, 751, 494
30, 490, 744
31, 755, 691
32, 692, 11
33, 693, 19
34, 13, 694
35, 748, 1
36, 8, 748
37, 695, 18
38, 16, 696
39, 746, 3
40, 4, 746
41, 697, 15
42, 12, 698
43, 17, 16
44, 16, 496
45, 489, 493
46, 18, 489
47, 496, 18
48, 489, 495
49, 493, 699
50, 19, 490
51, 500, 19
52, 494, 17
53, 17, 20
54, 10, 13
55, 13, 500
56, 2, 6
57, 492, 9
58, 9, 10
59, 10, 24
60, 490, 494
61, 31, 490
62, 6, 7
63, 11, 12
64, 12, 502
65, 491, 5
66, 755, 11
67, 11, 499
68, 3, 2
69, 497, 3
70, 2, 27
71, 14, 491
72, 15, 14
73, 502, 15
74, 14, 22
75, 7, 8
76, 8, 501
77, 28, 7
78, 5, 4
79, 4, 497
80, 34, 5
81, 1, 492
82, 501, 1
83, 492, 498
84, 35, 493
85, 493, 756
86, 33, 6
87, 6, 29
88, 23, 9
89, 9, 26
90, 494, 21
91, 32, 494
92, 491, 36
93, 30, 491
94, 755, 25
95, 496, 495
96, 20, 496
97, 497, 27
98, 27, 33
99, 33, 511
100, 47, 27
101, 501, 498
102, 26, 24
103, 510, 26
104, 24, 500
105, 52, 24
106, 28, 501
107, 499, 502
108, 34, 497
109, 498, 23
110, 23, 510
111, 505, 498
112, 29, 28
113, 511, 29
114, 28, 48
115, 36, 34
116, 506, 36
117, 34, 42
118, 22, 30
119, 30, 506
120, 502, 22
121, 22, 51
122, 25, 499
123, 757, 25
124, 499, 507
125, 500, 31
126, 31, 32
127, 32, 504
128, 37, 31
129, 495, 35
130, 35, 503
131, 41, 495
132, 21, 20
133, 504, 21
134, 20, 44
135, 503, 756
136, 496, 43
137, 45, 496
138, 501, 40
139, 49, 501
140, 53, 500
141, 500, 38
142, 497, 46
143, 50, 497
144, 39, 502
145, 502, 54
146, 503, 700
147, 41, 503
148, 52, 53
149, 53, 512
150, 46, 47
151, 516, 46
152, 38, 37
153, 512, 38
154, 37, 504
155, 66, 37
156, 504, 44
157, 44, 45
158, 45, 509
159, 513, 44
160, 42, 50
161, 50, 516
162, 40, 505
163, 508, 40
164, 47, 511
165, 514, 47
166, 510, 52
167, 52, 57
168, 511, 48
169, 505, 510
170, 59, 505
171, 54, 51
172, 517, 54
173, 757, 507
174, 51, 506
175, 61, 51
176, 506, 42
177, 42, 515
178, 507, 39
179, 39, 517
180, 71, 507
181, 48, 49
182, 49, 508
183, 64, 48
184, 43, 41
185, 509, 43
186, 41, 67
187, 503, 758
188, 68, 503
189, 65, 504
190, 504, 56
191, 510, 58
192, 60, 510
193, 55, 511
194, 511, 63
195, 757, 70
196, 62, 506
197, 506, 69
198, 509, 67
199, 57, 512
200, 512, 66
201, 56, 513
202, 518, 56
203, 64, 508
204, 63, 64
205, 519, 63
206, 64, 78
207, 69, 515
208, 521, 69
209, 66, 65
210, 65, 518
211, 80, 66
212, 508, 59
213, 59, 60
214, 60, 79
215, 520, 59
216, 58, 57
217, 79, 58
218, 57, 89
219, 513, 509
220, 82, 513
221, 517, 61
222, 70, 71
223, 759, 70
224, 514, 55
225, 55, 519
226, 71, 517
227, 75, 71
228, 61, 62
229, 62, 521
230, 72, 61
231, 515, 516
232, 522, 515
233, 516, 514
234, 514, 85
235, 67, 68
236, 68, 76
237, 83, 67
238, 76, 758
239, 509, 84
240, 81, 509
241, 90, 512
242, 512, 88
243, 87, 516
244, 516, 86
245, 517, 73
246, 74, 517
247, 77, 508
248, 508, 91
249, 83, 76
250, 89, 90
251, 90, 524
252, 518, 82
253, 79, 89
254, 89, 525
255, 76, 701
256, 91, 520
257, 101, 91
258, 88, 80
259, 524, 88
260, 86, 85
261, 527, 86
262, 80, 518
263, 97, 80
264, 78, 77
265, 77, 101
266, 522, 87
267, 87, 527
268, 75, 74
269, 74, 99
270, 82, 81
271, 81, 523
272, 110, 82
273, 85, 519
274, 96, 85
275, 759, 75
276, 75, 94
277, 72, 521
278, 519, 78
279, 78, 108
280, 520, 79
281, 105, 520
282, 521, 522
283, 522, 103
284, 73, 72
285, 99, 73
286, 72, 526
287, 84, 83
288, 523, 84
289, 83, 98
290, 518, 109
291, 102, 518
292, 79, 93
293, 106, 79
294, 92, 521
295, 521, 104
296, 100, 76
297, 76, 760
298, 759, 95
299, 107, 519
300, 519, 111
301, 523, 98
302, 98, 100
303, 100, 534
304, 118, 98
305, 534, 760
306, 524, 97
307, 110, 523
308, 105, 106
309, 106, 535
310, 96, 107
311, 107, 530
312, 93, 525
313, 535, 93
314, 525, 524
315, 528, 525
316, 111, 108
317, 530, 111
318, 97, 102
319, 102, 529
320, 124, 97
321, 104, 103
322, 536, 104
323, 99, 526
324, 526, 92
325, 92, 536
326, 127, 526
327, 108, 101
328, 120, 108
329, 95, 94
330, 761, 95
331, 94, 99
332, 115, 94
333, 527, 96
334, 96, 531
335, 702, 761
336, 103, 527
337, 121, 103
338, 101, 105
339, 105, 532
340, 109, 110
341, 529, 109
342, 110, 113
343, 524, 128
344, 112, 524
345, 523, 125
346, 114, 523
347, 527, 123
348, 122, 527
349, 99, 126
350, 116, 99
351, 119, 101
352, 101, 117
353, 528, 112
354, 112, 542
355, 113, 114
356, 114, 533
357, 535, 528
358, 528, 140
359, 529, 113
360, 113, 135
361, 534, 703
362, 124, 529
363, 120, 119
364, 119, 544
365, 536, 121
366, 531, 530
367, 115, 116
368, 116, 133
369, 126, 127
370, 133, 126
371, 761, 115
372, 115, 139
373, 127, 536
374, 131, 127
375, 121, 122
376, 122, 539
377, 136, 121
378, 123, 531
379, 539, 123
380, 531, 538
381, 530, 120
382, 120, 540
383, 532, 535
384, 117, 532
385, 544, 117
386, 532, 543
387, 128, 124
388, 542, 128
389, 124, 541
390, 125, 118
391, 533, 125
392, 118, 534
393, 537, 118
394, 534, 762
395, 144, 534
396, 535, 141
397, 129, 535
398, 529, 134
399, 143, 529
400, 536, 137
401, 132, 536
402, 704, 761
403, 761, 138
404, 142, 530
405, 530, 130
406, 554, 762
407, 537, 144
408, 144, 554
409, 541, 143
410, 143, 552
411, 533, 537
412, 537, 146
413, 141, 140
414, 545, 141
415, 134, 135
416, 552, 134
417, 136, 539
418, 539, 538
419, 130, 540
420, 551, 130
421, 140, 542
422, 546, 140
423, 542, 541
424, 541, 547
425, 135, 533
426, 152, 135
427, 544, 543
428, 705, 763
429, 131, 132
430, 132, 549
431, 138, 139
432, 763, 138
433, 133, 131
434, 131, 548
435, 538, 142
436, 142, 551
437, 155, 538
438, 139, 133
439, 550, 139
440, 540, 544
441, 149, 540
442, 543, 129
443, 129, 545
444, 145, 543
445, 137, 136
446, 549, 137
447, 136, 148
448, 533, 147
449, 153, 533
450, 544, 150
451, 154, 544
452, 160, 542
453, 542, 157
454, 133, 158
455, 156, 133
456, 151, 539
457, 539, 159
458, 147, 146
459, 553, 147
460, 546, 160
461, 160, 161
462, 157, 547
463, 161, 157
464, 150, 145
465, 555, 150
466, 145, 545
467, 168, 145
468, 549, 148
469, 545, 546
470, 546, 557
471, 547, 552
472, 167, 547
473, 548, 549
474, 159, 155
475, 559, 159
476, 763, 550
477, 148, 151
478, 151, 559
479, 164, 148
480, 550, 156
481, 156, 558
482, 169, 550
483, 158, 548
484, 558, 158
485, 548, 556
486, 149, 154
487, 154, 555
488, 551, 149
489, 149, 175
490, 155, 551
491, 166, 155
492, 552, 152
493, 152, 153
494, 153, 553
495, 170, 152
496, 554, 706
497, 146, 554
498, 162, 146
499, 174, 552
500, 552, 172
501, 551, 176
502, 173, 551
503, 554, 764
504, 163, 554
505, 549, 165
506, 179, 549
507, 763, 171
508, 707, 763
509, 177, 545
510, 545, 178
511, 553, 162
512, 162, 163
513, 163, 566
514, 192, 162
515, 566, 764
516, 172, 170
517, 568, 172
518, 170, 553
519, 187, 170
520, 555, 168
521, 168, 177
522, 177, 560
523, 184, 168
524, 161, 167
525, 175, 555
526, 166, 173
527, 173, 567
528, 165, 164
529, 563, 165
530, 178, 557
531, 560, 178
532, 171, 169
533, 765, 171
534, 558, 556
535, 164, 559
536, 190, 164
537, 557, 161
538, 561, 557
539, 169, 558
540, 185, 169
541, 176, 175
542, 567, 176
543, 175, 181
544, 556, 179
545, 179, 563
546, 562, 556
547, 559, 166
548, 166, 182
549, 167, 174
550, 174, 568
551, 195, 167
552, 161, 196
553, 188, 161
554, 555, 194
555, 180, 555
556, 197, 559
557, 559, 183
558, 558, 191
559, 189, 558
560, 553, 193
561, 186, 553
562, 195, 568
563, 193, 192
564, 207, 193
565, 567, 181
566, 566, 708
567, 568, 187
568, 185, 189
569, 189, 570
570, 190, 197
571, 197, 564
572, 184, 560
573, 191, 562
574, 570, 191
575, 560, 561
576, 561, 188
577, 188, 208
578, 211, 561
579, 196, 195
580, 208, 196
581, 195, 198
582, 187, 186
583, 186, 207
584, 206, 187
585, 182, 567
586, 562, 563
587, 214, 562
588, 194, 184
589, 565, 194
590, 184, 213
591, 563, 190
592, 190, 216
593, 183, 182
594, 564, 183
595, 182, 569
596, 765, 185
597, 185, 200
598, 181, 180
599, 180, 565
600, 204, 181
601, 192, 566
602, 202, 192
603, 567, 210
604, 201, 567
605, 212, 560
606, 560, 217
607, 199, 568
608, 568, 205
609, 215, 563
610, 563, 218
611, 765, 209
612, 566, 766
613, 203, 566
614, 577, 766
615, 208, 198
616, 206, 207
617, 202, 203
618, 203, 577
619, 217, 211
620, 230, 217
621, 564, 569
622, 204, 565
623, 216, 564
624, 200, 570
625, 209, 200
626, 767, 209
627, 200, 574
628, 214, 215
629, 215, 575
630, 207, 202
631, 202, 231
632, 709, 767
633, 570, 214
634, 214, 222
635, 218, 216
636, 575, 218
637, 216, 223
638, 211, 208
639, 571, 211
640, 569, 201
641, 201, 578
642, 227, 569
643, 210, 204
644, 578, 210
645, 204, 572
646, 565, 213
647, 205, 206
648, 573, 205
649, 206, 229
650, 213, 212
651, 212, 230
652, 226, 213
653, 198, 199
654, 199, 573
655, 219, 198
656, 233, 207
657, 207, 232
658, 564, 228
659, 224, 564
660, 234, 570
661, 570, 221
662, 235, 565
663, 565, 225
664, 208, 220
665, 236, 208
666, 230, 571
667, 220, 219
668, 582, 220
669, 573, 229
670, 577, 710
671, 578, 572
672, 225, 226
673, 583, 225
674, 226, 230
675, 239, 226
676, 219, 573
677, 253, 219
678, 232, 231
679, 584, 232
680, 571, 236
681, 236, 582
682, 245, 571
683, 221, 222
684, 580, 221
685, 575, 223
686, 228, 227
687, 576, 228
688, 767, 574
689, 227, 578
690, 243, 227
691, 574, 234
692, 234, 580
693, 581, 574
694, 222, 575
695, 247, 222
696, 223, 224
697, 224, 576
698, 241, 223
699, 572, 235
700, 235, 583
701, 248, 572
702, 229, 233
703, 233, 584
704, 579, 229
705, 231, 577
706, 251, 231
707, 577, 768
708, 252, 577
709, 711, 767
710, 767, 238
711, 575, 240
712, 249, 575
713, 578, 250
714, 242, 578
715, 230, 246
716, 244, 230
717, 573, 237
718, 254, 573
719, 579, 584
720, 246, 245
721, 589, 246
722, 258, 768
723, 580, 247
724, 240, 241
725, 586, 240
726, 243, 242
727, 242, 591
728, 239, 244
729, 244, 589
730, 245, 582
731, 255, 245
732, 582, 253
733, 584, 251
734, 251, 252
735, 252, 258
736, 259, 251
737, 250, 248
738, 591, 250
739, 237, 579
740, 590, 237
741, 579, 587
742, 576, 243
743, 243, 588
744, 253, 254
745, 254, 590
746, 264, 253
747, 581, 580
748, 241, 576
749, 585, 241
750, 238, 581
751, 769, 238
752, 581, 271
753, 247, 249
754, 249, 586
755, 267, 247
756, 248, 583
757, 261, 248
758, 583, 239
759, 239, 265
760, 256, 582
761, 582, 263
762, 576, 257
763, 269, 576
764, 262, 583
765, 583, 266
766, 580, 268
767, 272, 580
768, 270, 584
769, 584, 260
770, 255, 256
771, 256, 597
772, 266, 265
773, 596, 266
774, 590, 587
775, 260, 259
776, 592, 260
777, 267, 586
778, 591, 261
779, 769, 271
780, 588, 591
781, 586, 585
782, 258, 712
783, 264, 590
784, 585, 269
785, 269, 598
786, 278, 585
787, 261, 262
788, 262, 596
789, 282, 261
790, 265, 589
791, 280, 265
792, 587, 270
793, 270, 592
794, 277, 587
795, 259, 258
796, 275, 259
797, 589, 255
798, 255, 283
799, 263, 264
800, 597, 263
801, 264, 593
802, 268, 267
803, 595, 268
804, 267, 276
805, 271, 272
806, 272, 595
807, 273, 271
808, 257, 588
809, 598, 257
810, 588, 594
811, 279, 589
812, 589, 288
813, 590, 286
814, 274, 590
815, 591, 289
816, 287, 591
817, 258, 770
818, 285, 258
819, 281, 586
820, 586, 290
821, 769, 284
822, 275, 285
823, 285, 602
824, 286, 277
825, 603, 286
826, 277, 592
827, 301, 277
828, 602, 770
829, 282, 596
830, 288, 283
831, 604, 288
832, 283, 597
833, 305, 283
834, 592, 275
835, 275, 307
836, 593, 274
837, 274, 603
838, 597, 593
839, 593, 599
840, 273, 595
841, 598, 594
842, 594, 287
843, 287, 601
844, 291, 594
845, 290, 278
846, 605, 290
847, 595, 276
848, 280, 279
849, 279, 604
850, 713, 771
851, 276, 281
852, 281, 605
853, 295, 276
854, 289, 282
855, 601, 289
856, 282, 292
857, 596, 280
858, 280, 302
859, 284, 273
860, 771, 284
861, 273, 600
862, 278, 598
863, 299, 278
864, 300, 592
865, 592, 308
866, 303, 595
867, 595, 296
868, 304, 597
869, 597, 293
870, 598, 294
871, 298, 598
872, 297, 596
873, 596, 306
874, 306, 302
875, 606, 306
876, 307, 602
877, 602, 714
878, 299, 298
879, 298, 611
880, 294, 291
881, 611, 294
882, 603, 301
883, 293, 599
884, 608, 293
885, 599, 603
886, 309, 599
887, 308, 307
888, 317, 308
889, 307, 318
890, 305, 304
891, 304, 608
892, 600, 303
893, 303, 609
894, 295, 605
895, 296, 295
896, 609, 296
897, 295, 324
898, 771, 600
899, 600, 610
900, 601, 292
901, 292, 297
902, 297, 606
903, 607, 292
904, 302, 604
905, 315, 302
906, 301, 300
907, 300, 317
908, 313, 301
909, 605, 299
910, 299, 320
911, 291, 601
912, 323, 291
913, 604, 305
914, 305, 310
915, 319, 602
916, 602, 772
917, 603, 314
918, 311, 603
919, 316, 604
920, 604, 312
921, 601, 326
922, 322, 601
923, 715, 771
924, 771, 327
925, 325, 605
926, 605, 321
927, 315, 316
928, 316, 615
929, 312, 310
930, 615, 312
931, 607, 606
932, 608, 309
933, 313, 317
934, 317, 318
935, 616, 772
936, 324, 325
937, 325, 617
938, 321, 320
939, 617, 321
940, 609, 324
941, 324, 330
942, 323, 322
943, 322, 328
944, 606, 315
945, 315, 333
946, 309, 311
947, 311, 338
948, 339, 309
949, 314, 313
950, 338, 314
951, 313, 341
952, 318, 319
953, 319, 616
954, 337, 318
955, 716, 773
956, 327, 610
957, 773, 327
958, 326, 607
959, 328, 326
960, 607, 612
961, 310, 608
962, 614, 310
963, 320, 611
964, 331, 320
965, 610, 609
966, 613, 610
967, 611, 323
968, 323, 334
969, 608, 345
970, 344, 608
971, 346, 606
972, 606, 340
973, 342, 317
974, 317, 336
975, 332, 611
976, 611, 335
977, 609, 329
978, 343, 609
979, 338, 341
980, 336, 337
981, 625, 336
982, 337, 616
983, 347, 337
984, 614, 344
985, 344, 624
986, 613, 343
987, 343, 626
988, 334, 328
989, 617, 331
990, 335, 334
991, 622, 335
992, 334, 359
993, 328, 612
994, 333, 615
995, 331, 332
996, 332, 622
997, 352, 331
998, 329, 330
999, 626, 329
1000, 612, 346
1001, 346, 620
1002, 349, 612
1003, 773, 613
1004, 613, 355
1005, 330, 617
1006, 623, 330
1007, 345, 339
1008, 624, 345
1009, 339, 338
1010, 618, 339
1011, 341, 342
1012, 342, 625
1013, 354, 341
1014, 340, 333
1015, 620, 340
1016, 333, 621
1017, 615, 614
1018, 614, 619
1019, 616, 717
1020, 617, 351
1021, 358, 617
1022, 361, 615
1023, 615, 362
1024, 348, 616
1025, 616, 774
1026, 360, 328
1027, 328, 350
1028, 718, 773
1029, 773, 356
1030, 338, 353
1031, 357, 338
1032, 632, 774
1033, 618, 357
1034, 357, 630
1035, 619, 624
1036, 362, 619
1037, 631, 362
1038, 619, 372
1039, 354, 625
1040, 347, 348
1041, 348, 632
1042, 352, 622
1043, 359, 360
1044, 360, 629
1045, 349, 620
1046, 620, 621
1047, 353, 354
1048, 630, 353
1049, 354, 363
1050, 625, 347
1051, 347, 373
1052, 350, 349
1053, 629, 350
1054, 349, 376
1055, 624, 618
1056, 618, 628
1057, 355, 626
1058, 626, 623
1059, 356, 355
1060, 775, 356
1061, 355, 368
1062, 351, 352
1063, 633, 351
1064, 352, 365
1065, 622, 359
1066, 359, 377
1067, 623, 358
1068, 358, 633
1069, 367, 623
1070, 621, 361
1071, 361, 631
1072, 627, 621
1073, 380, 624
1074, 624, 371
1075, 366, 625
1076, 625, 374
1077, 375, 620
1078, 620, 378
1079, 364, 622
1080, 622, 379
1081, 369, 626
1082, 626, 370
1083, 376, 375
1084, 375, 636
1085, 627, 631
1086, 371, 628
1087, 637, 371
1088, 373, 632
1089, 367, 633
1090, 379, 377
1091, 639, 379
1092, 631, 372
1093, 633, 365
1094, 370, 367
1095, 638, 370
1096, 367, 635
1097, 629, 376
1098, 376, 384
1099, 378, 627
1100, 636, 378
1101, 627, 387
1102, 372, 380
1103, 380, 637
1104, 386, 372
1105, 368, 369
1106, 369, 638
1107, 628, 630
1108, 383, 628
1109, 630, 363
1110, 374, 373
1111, 640, 374
1112, 373, 634
1113, 632, 719
1114, 775, 368
1115, 368, 395
1116, 365, 364
1117, 364, 639
1118, 393, 365
1119, 377, 629
1120, 389, 377
1121, 363, 366
1122, 366, 640
1123, 394, 363
1124, 382, 630
1125, 630, 397
1126, 388, 631
1127, 631, 385
1128, 381, 632
1129, 632, 776
1130, 398, 633
1131, 633, 392
1132, 629, 391
1133, 390, 629
1134, 775, 396
1135, 397, 394
1136, 646, 397
1137, 394, 640
1138, 403, 394
1139, 640, 634
1140, 637, 383
1141, 393, 639
1142, 391, 384
1143, 647, 391
1144, 396, 395
1145, 777, 396
1146, 639, 389
1147, 389, 390
1148, 390, 647
1149, 415, 389
1150, 636, 387
1151, 386, 637
1152, 383, 382
1153, 382, 646
1154, 410, 383
1155, 634, 381
1156, 381, 643
1157, 645, 634
1158, 638, 635
1159, 643, 776
1160, 395, 638
1161, 407, 395
1162, 635, 398
1163, 398, 642
1164, 413, 635
1165, 384, 636
1166, 404, 384
1167, 385, 386
1168, 644, 385
1169, 386, 402
1170, 392, 393
1171, 642, 392
1172, 393, 399
1173, 387, 388
1174, 388, 644
1175, 641, 387
1176, 637, 409
1177, 406, 637
1178, 638, 412
1179, 408, 638
1180, 401, 639
1181, 639, 414
1182, 636, 405
1183, 416, 636
1184, 411, 640
1185, 640, 400
1186, 646, 403
1187, 414, 415
1188, 649, 414
1189, 410, 646
1190, 402, 406
1191, 406, 654
1192, 645, 643
1193, 405, 641
1194, 651, 405
1195, 641, 644
1196, 648, 641
1197, 403, 411
1198, 411, 653
1199, 421, 403
1200, 413, 642
1201, 407, 408
1202, 408, 650
1203, 404, 416
1204, 416, 651
1205, 412, 413
1206, 650, 412
1207, 413, 417
1208, 642, 399
1209, 399, 401
1210, 401, 649
1211, 430, 399
1212, 777, 407
1213, 407, 423
1214, 643, 720
1215, 647, 404
1216, 404, 652
1217, 415, 647
1218, 419, 415
1219, 644, 402
1220, 402, 429
1221, 409, 410
1222, 654, 409
1223, 410, 425
1224, 400, 645
1225, 653, 400
1226, 645, 433
1227, 646, 424
1228, 426, 646
1229, 647, 431
1230, 427, 647
1231, 432, 643
1232, 643, 778
1233, 777, 422
1234, 418, 642
1235, 642, 434
1236, 420, 644
1237, 644, 428
1238, 660, 778
1239, 428, 429
1240, 659, 428
1241, 433, 432
1242, 432, 660
1243, 425, 426
1244, 426, 661
1245, 421, 653
1246, 650, 417
1247, 648, 420
1248, 420, 659
1249, 651, 648
1250, 648, 443
1251, 430, 649
1252, 422, 423
1253, 779, 422
1254, 434, 430
1255, 662, 434
1256, 430, 436
1257, 649, 419
1258, 419, 427
1259, 427, 657
1260, 656, 419
1261, 431, 652
1262, 657, 431
1263, 654, 425
1264, 425, 441
1265, 653, 433
1266, 433, 437
1267, 423, 650
1268, 446, 423
1269, 652, 651
1270, 655, 652
1271, 417, 418
1272, 418, 662
1273, 445, 417
1274, 424, 421
1275, 661, 424
1276, 421, 450
1277, 429, 654
1278, 658, 429
1279, 451, 653
1280, 653, 438
1281, 439, 649
1282, 649, 449
1283, 651, 442
1284, 448, 651
1285, 654, 440
1286, 435, 654
1287, 650, 444
1288, 447, 650
1289, 661, 450
1290, 657, 655
1291, 441, 661
1292, 442, 443
1293, 668, 442
1294, 660, 721
1295, 445, 662
1296, 656, 657
1297, 438, 437
1298, 663, 438
1299, 437, 660
1300, 464, 437
1301, 444, 445
1302, 665, 444
1303, 445, 462
1304, 449, 656
1305, 667, 449
1306, 656, 666
1307, 446, 447
1308, 447, 665
1309, 662, 436
1310, 659, 658
1311, 658, 435
1312, 435, 671
1313, 669, 658
1314, 440, 441
1315, 671, 440
1316, 441, 664
1317, 450, 451
1318, 451, 663
1319, 452, 450
1320, 779, 446
1321, 446, 457
1322, 443, 659
1323, 460, 443
1324, 655, 448
1325, 448, 668
1326, 459, 655
1327, 436, 439
1328, 439, 667
1329, 454, 436
1330, 660, 780
1331, 467, 660
1332, 659, 456
1333, 466, 659
1334, 661, 465
1335, 453, 661
1336, 779, 458
1337, 463, 662
1338, 662, 455
1339, 657, 461
1340, 468, 657
1341, 452, 663
1342, 459, 668
1343, 460, 466
1344, 466, 670
1345, 669, 671
1346, 676, 780
1347, 665, 462
1348, 454, 667
1349, 671, 664
1350, 664, 453
1351, 453, 675
1352, 673, 664
1353, 464, 467
1354, 467, 676
1355, 663, 464
1356, 464, 474
1357, 457, 665
1358, 462, 463
1359, 463, 473
1360, 471, 462
1361, 666, 468
1362, 468, 472
1363, 458, 457
1364, 781, 458
1365, 457, 482
1366, 455, 454
1367, 473, 455
1368, 454, 674
1369, 667, 666
1370, 666, 484
1371, 461, 459
1372, 472, 461
1373, 459, 476
1374, 668, 460
1375, 460, 485
1376, 456, 669
1377, 670, 456
1378, 669, 672
1379, 465, 452
1380, 675, 465
1381, 452, 480
1382, 469, 671
1383, 671, 478
1384, 481, 663
1385, 663, 475
1386, 479, 667
1387, 667, 486
1388, 665, 470
1389, 483, 665
1390, 477, 668
1391, 668, 487
1392, 676, 722
1393, 675, 480
1394, 474, 676
1395, 670, 672
1396, 475, 474
1397, 795, 475
1398, 474, 784
1399, 488, 674
1400, 672, 469
1401, 469, 723
1402, 724, 672
1403, 487, 485
1404, 796, 487
1405, 781, 482
1406, 486, 484
1407, 725, 486
1408, 484, 472
1409, 785, 484
1410, 476, 477
1411, 477, 796
1412, 471, 473
1413, 482, 483
1414, 483, 726
1415, 727, 482
1416, 478, 673
1417, 728, 478
1418, 470, 471
1419, 729, 470
1420, 471, 730
1421, 674, 479
1422, 479, 731
1423, 793, 674
1424, 472, 476
1425, 476, 732
1426, 485, 670
1427, 786, 485
1428, 673, 675
1429, 789, 673
1430, 480, 481
1431, 481, 795
1432, 791, 480
1433, 670, 787
1434, 733, 670
1435, 782, 472
1436, 472, 734
1437, 473, 488
1438, 488, 792
1439, 735, 473
1440, 675, 790
1441, 788, 675
1442, 781, 736
1443, 676, 794
1444, 783, 676
1445, 791, 795
1446, 795, 784
1447, 785, 782
1448, 784, 783
1449, 796, 786
1450, 793, 737
1451, 738, 785
1452, 786, 739
1453, 787, 740
1454, 741, 789
1455, 789, 788
1456, 790, 791
1457, 792, 793
1458, 742, 796
