1, 802, 705
2, 806, 805
3, 706, 807
4, 605, 707
5, 708, 633
6, 40, 709
7, 710, 40
8, 801, 711
9, 108, 801
10, 40, 39
11, 712, 108
12, 182, 713
13, 108, 107
14, 251, 803
15, 802, 182
16, 182, 183
17, 714, 251
18, 309, 804
19, 251, 250
20, 715, 309
21, 373, 716
22, 309, 313
23, 717, 373
24, 438, 805
25, 373, 370
26, 509, 718
27, 806, 438
28, 438, 439
29, 719, 509
30, 590, 807
31, 509, 513
32, 720, 605
33, 633, 721
34, 605, 590
35, 653, 633
36, 590, 585
37, 722, 653
38, 653, 654
39, 107, 655
40, 656, 107
41, 183, 657
42, 203, 183
43, 313, 297
44, 326, 313
45, 513, 492
46, 542, 513
47, 585, 574
48, 658, 585
49, 7, 808
50, 808, 723
51, 31, 16
52, 39, 31
53, 72, 39
54, 31, 33
55, 655, 79
56, 656, 655
57, 655, 662
58, 142, 656
59, 656, 663
60, 657, 147
61, 192, 657
62, 657, 155
63, 213, 203
64, 203, 192
65, 192, 201
66, 250, 222
67, 272, 250
68, 297, 286
69, 326, 297
70, 297, 659
71, 340, 326
72, 326, 660
73, 358, 345
74, 370, 358
75, 410, 370
76, 358, 661
77, 437, 421
78, 439, 437
79, 466, 439
80, 437, 433
81, 476, 466
82, 466, 462
83, 492, 487
84, 546, 542
85, 542, 492
86, 574, 562
87, 658, 574
88, 611, 658
89, 658, 596
90, 654, 623
91, 724, 654
92, 33, 29
93, 66, 33
94, 663, 662
95, 660, 659
96, 395, 661
97, 462, 433
98, 725, 631
99, 16, 7
100, 7, 726
101, 29, 16
102, 48, 29
103, 79, 72
104, 72, 66
105, 662, 79
106, 66, 48
107, 122, 662
108, 48, 46
109, 147, 142
110, 142, 663
111, 155, 147
112, 176, 155
113, 663, 122
114, 122, 119
115, 222, 213
116, 201, 176
117, 213, 201
118, 240, 222
119, 176, 180
120, 286, 272
121, 272, 240
122, 659, 286
123, 304, 659
124, 240, 243
125, 345, 340
126, 340, 660
127, 661, 345
128, 660, 304
129, 384, 661
130, 304, 300
131, 421, 410
132, 410, 395
133, 433, 421
134, 395, 384
135, 457, 433
136, 384, 387
137, 487, 476
138, 476, 462
139, 526, 487
140, 462, 457
141, 457, 456
142, 562, 546
143, 546, 526
144, 586, 562
145, 526, 528
146, 623, 611
147, 596, 586
148, 611, 596
149, 631, 623
150, 650, 631
151, 586, 580
152, 727, 650
153, 650, 652
154, 300, 295
155, 327, 300
156, 387, 369
157, 407, 387
158, 456, 436
159, 465, 456
160, 528, 501
161, 544, 528
162, 580, 664
163, 599, 580
164, 652, 632
165, 728, 652
166, 6, 729
167, 46, 17
168, 58, 46
169, 73, 58
170, 58, 54
171, 119, 85
172, 135, 119
173, 180, 153
174, 196, 180
175, 217, 196
176, 196, 200
177, 232, 220
178, 243, 232
179, 268, 243
180, 232, 665
181, 276, 268
182, 268, 261
183, 295, 283
184, 337, 327
185, 327, 295
186, 295, 294
187, 361, 348
188, 369, 361
189, 407, 369
190, 361, 368
191, 411, 407
192, 407, 666
193, 436, 426
194, 474, 465
195, 465, 436
196, 501, 488
197, 536, 501
198, 555, 544
199, 544, 536
200, 536, 668
201, 664, 557
202, 599, 664
203, 664, 571
204, 613, 599
205, 599, 667
206, 632, 620
207, 730, 632
208, 1, 731
209, 54, 26
210, 62, 54
211, 200, 162
212, 207, 200
213, 261, 665
214, 324, 294
215, 368, 357
216, 666, 368
217, 668, 504
218, 667, 571
219, 17, 6
220, 6, 1
221, 26, 17
222, 1, 732
223, 51, 26
224, 85, 73
225, 73, 62
226, 120, 85
227, 62, 51
228, 51, 53
229, 153, 135
230, 135, 120
231, 162, 153
232, 187, 162
233, 120, 123
234, 220, 217
235, 217, 207
236, 665, 220
237, 207, 187
238, 247, 665
239, 187, 179
240, 283, 276
241, 276, 261
242, 294, 283
243, 261, 247
244, 307, 294
245, 247, 252
246, 348, 337
247, 337, 324
248, 357, 348
249, 324, 307
250, 374, 357
251, 307, 303
252, 426, 411
253, 411, 666
254, 451, 426
255, 666, 374
256, 374, 382
257, 488, 474
258, 474, 451
259, 504, 488
260, 524, 504
261, 451, 447
262, 557, 555
263, 555, 668
264, 571, 557
265, 668, 524
266, 589, 571
267, 524, 519
268, 620, 613
269, 613, 667
270, 646, 620
271, 667, 589
272, 589, 591
273, 733, 646
274, 646, 651
275, 179, 159
276, 195, 179
277, 382, 363
278, 402, 382
279, 447, 428
280, 461, 447
281, 519, 502
282, 534, 519
283, 3, 734
284, 53, 18
285, 55, 53
286, 75, 55
287, 55, 669
288, 98, 81
289, 123, 98
290, 132, 123
291, 98, 96
292, 144, 132
293, 132, 127
294, 159, 149
295, 169, 159
296, 210, 195
297, 195, 169
298, 169, 160
299, 252, 227
300, 267, 252
301, 275, 267
302, 267, 264
303, 303, 287
304, 334, 303
305, 363, 350
306, 402, 363
307, 414, 402
308, 402, 396
309, 428, 424
310, 470, 461
311, 461, 428
312, 502, 484
313, 534, 502
314, 549, 534
315, 534, 532
316, 591, 565
317, 608, 591
318, 651, 625
319, 735, 651
320, 669, 28
321, 127, 96
322, 206, 166
323, 264, 233
324, 396, 362
325, 532, 503
326, 543, 532
327, 604, 573
328, 18, 3
329, 3, 736
330, 28, 18
331, 42, 28
332, 81, 75
333, 75, 669
334, 96, 81
335, 669, 42
336, 116, 96
337, 42, 38
338, 149, 144
339, 144, 127
340, 160, 149
341, 166, 160
342, 127, 116
343, 188, 166
344, 116, 118
345, 227, 210
346, 210, 206
347, 233, 227
348, 206, 188
349, 254, 233
350, 188, 186
351, 287, 275
352, 275, 264
353, 311, 287
354, 264, 254
355, 254, 257
356, 350, 334
357, 334, 311
358, 362, 350
359, 380, 362
360, 311, 310
361, 424, 414
362, 414, 396
363, 442, 424
364, 396, 380
365, 380, 383
366, 484, 470
367, 470, 442
368, 503, 484
369, 514, 503
370, 442, 443
371, 565, 549
372, 549, 543
373, 573, 565
374, 543, 514
375, 592, 573
376, 514, 510
377, 625, 608
378, 608, 604
379, 639, 625
380, 604, 592
381, 592, 594
382, 737, 639
383, 639, 641
384, 118, 95
385, 670, 118
386, 186, 671
387, 194, 186
388, 257, 237
389, 672, 257
390, 383, 356
391, 406, 383
392, 510, 673
393, 674, 510
394, 594, 572
395, 675, 594
396, 641, 676
397, 738, 641
398, 5, 739
399, 23, 15
400, 38, 23
401, 64, 38
402, 23, 677
403, 74, 64
404, 64, 56
405, 95, 77
406, 670, 95
407, 95, 90
408, 140, 670
409, 670, 130
410, 671, 150
411, 209, 194
412, 194, 671
413, 671, 678
414, 237, 225
415, 672, 237
416, 277, 672
417, 672, 260
418, 296, 281
419, 310, 296
420, 331, 310
421, 296, 679
422, 342, 331
423, 331, 323
424, 356, 344
425, 364, 356
426, 393, 364
427, 364, 355
428, 417, 406
429, 406, 393
430, 393, 400
431, 432, 418
432, 443, 432
433, 459, 443
434, 432, 429
435, 479, 459
436, 459, 463
437, 673, 481
438, 674, 673
439, 673, 508
440, 553, 674
441, 674, 680
442, 572, 561
443, 675, 572
444, 615, 675
445, 675, 600
446, 676, 618
447, 740, 676
448, 676, 681
449, 56, 677
450, 61, 56
451, 130, 90
452, 193, 678
453, 323, 679
454, 400, 355
455, 463, 429
456, 508, 497
457, 680, 508
458, 741, 681
459, 15, 5
460, 5, 742
461, 677, 15
462, 44, 677
463, 77, 74
464, 74, 61
465, 90, 77
466, 61, 44
467, 110, 90
468, 44, 37
469, 150, 140
470, 140, 130
471, 678, 150
472, 130, 110
473, 177, 678
474, 110, 112
475, 225, 209
476, 209, 193
477, 245, 225
478, 193, 177
479, 177, 181
480, 281, 277
481, 260, 245
482, 277, 260
483, 679, 281
484, 305, 679
485, 245, 241
486, 344, 342
487, 342, 323
488, 355, 344
489, 323, 305
490, 379, 355
491, 305, 302
492, 418, 417
493, 417, 400
494, 429, 418
495, 400, 379
496, 444, 429
497, 379, 378
498, 481, 479
499, 479, 463
500, 497, 481
501, 463, 444
502, 516, 497
503, 444, 452
504, 561, 553
505, 553, 680
506, 578, 561
507, 680, 516
508, 516, 521
509, 618, 615
510, 600, 578
511, 615, 600
512, 681, 618
513, 645, 681
514, 578, 576
515, 743, 645
516, 645, 640
517, 112, 87
518, 126, 112
519, 181, 167
520, 199, 181
521, 302, 291
522, 682, 302
523, 521, 493
524, 538, 521
525, 576, 569
526, 598, 576
527, 640, 628
528, 744, 640
529, 11, 809
530, 809, 683
531, 22, 12
532, 37, 22
533, 68, 37
534, 22, 32
535, 87, 86
536, 139, 126
537, 126, 87
538, 167, 148
539, 199, 167
540, 167, 158
541, 216, 199
542, 199, 205
543, 239, 218
544, 241, 239
545, 273, 241
546, 239, 230
547, 291, 285
548, 682, 291
549, 291, 684
550, 338, 682
551, 682, 320
552, 378, 352
553, 408, 378
554, 452, 427
555, 464, 452
556, 475, 464
557, 464, 458
558, 493, 489
559, 548, 538
560, 538, 493
561, 569, 564
562, 598, 569
563, 612, 598
564, 598, 597
565, 628, 617
566, 745, 628
567, 628, 685
568, 683, 746
569, 32, 24
570, 57, 32
571, 205, 158
572, 320, 684
573, 325, 320
574, 747, 685
575, 12, 11
576, 11, 683
577, 24, 12
578, 683, 748
579, 34, 24
580, 86, 68
581, 68, 57
582, 109, 86
583, 57, 34
584, 34, 49
585, 148, 139
586, 139, 109
587, 158, 148
588, 172, 158
589, 109, 104
590, 218, 216
591, 216, 205
592, 230, 218
593, 242, 230
594, 205, 172
595, 172, 171
596, 285, 273
597, 273, 242
598, 684, 285
599, 315, 684
600, 242, 248
601, 352, 338
602, 338, 325
603, 388, 352
604, 325, 315
605, 315, 314
606, 427, 408
607, 408, 388
608, 455, 427
609, 388, 389
610, 489, 475
611, 458, 455
612, 475, 458
613, 525, 489
614, 455, 453
615, 564, 548
616, 548, 525
617, 593, 564
618, 525, 527
619, 617, 612
620, 597, 593
621, 612, 597
622, 685, 617
623, 644, 685
624, 593, 579
625, 749, 644
626, 644, 648
627, 171, 161
628, 191, 171
629, 314, 686
630, 333, 314
631, 389, 365
632, 405, 389
633, 453, 431
634, 687, 453
635, 527, 506
636, 688, 527
637, 2, 750
638, 49, 21
639, 59, 49
640, 76, 59
641, 59, 63
642, 92, 78
643, 104, 92
644, 137, 104
645, 92, 103
646, 161, 152
647, 168, 161
648, 212, 191
649, 191, 168
650, 168, 170
651, 248, 221
652, 266, 248
653, 279, 266
654, 266, 265
655, 686, 284
656, 336, 333
657, 333, 686
658, 686, 299
659, 365, 353
660, 394, 365
661, 415, 405
662, 405, 394
663, 394, 401
664, 431, 420
665, 687, 431
666, 431, 430
667, 477, 687
668, 687, 467
669, 495, 482
670, 506, 495
671, 688, 506
672, 495, 499
673, 554, 688
674, 688, 533
675, 579, 563
676, 606, 579
677, 648, 621
678, 751, 648
679, 103, 94
680, 131, 103
681, 265, 228
682, 467, 430
683, 499, 491
684, 533, 499
685, 21, 2
686, 2, 752
687, 45, 21
688, 78, 76
689, 63, 45
690, 76, 63
691, 94, 78
692, 113, 94
693, 45, 35
694, 152, 137
695, 137, 131
696, 170, 152
697, 185, 170
698, 131, 113
699, 113, 114
700, 221, 212
701, 212, 185
702, 228, 221
703, 244, 228
704, 185, 178
705, 284, 279
706, 279, 265
707, 299, 284
708, 301, 299
709, 265, 244
710, 244, 246
711, 353, 336
712, 336, 301
713, 377, 353
714, 301, 308
715, 420, 415
716, 401, 377
717, 415, 401
718, 430, 420
719, 445, 430
720, 377, 371
721, 482, 477
722, 477, 467
723, 491, 482
724, 467, 445
725, 512, 491
726, 445, 440
727, 563, 554
728, 554, 533
729, 584, 563
730, 533, 512
731, 512, 523
732, 621, 606
733, 606, 584
734, 635, 621
735, 584, 581
736, 753, 635
737, 635, 636
738, 810, 754
739, 114, 93
740, 129, 114
741, 308, 292
742, 329, 308
743, 371, 354
744, 399, 371
745, 523, 500
746, 539, 523
747, 10, 810
748, 810, 755
749, 25, 13
750, 35, 25
751, 71, 35
752, 25, 27
753, 93, 83
754, 102, 93
755, 125, 102
756, 102, 97
757, 141, 129
758, 129, 125
759, 125, 133
760, 165, 146
761, 178, 165
762, 208, 178
763, 165, 163
764, 246, 224
765, 271, 246
766, 292, 289
767, 329, 292
768, 343, 329
769, 329, 328
770, 354, 347
771, 399, 354
772, 354, 689
773, 413, 399
774, 399, 397
775, 440, 422
776, 471, 440
777, 500, 485
778, 529, 500
779, 550, 539
780, 539, 529
781, 529, 537
782, 581, 560
783, 610, 581
784, 634, 619
785, 636, 634
786, 756, 636
787, 634, 627
788, 65, 27
789, 163, 156
790, 197, 163
791, 397, 689
792, 469, 434
793, 537, 490
794, 757, 627
795, 13, 10
796, 10, 758
797, 27, 13
798, 52, 27
799, 83, 71
800, 71, 65
801, 97, 83
802, 121, 97
803, 65, 52
804, 52, 50
805, 146, 141
806, 133, 121
807, 141, 133
808, 156, 146
809, 175, 156
810, 121, 117
811, 224, 208
812, 208, 197
813, 249, 224
814, 197, 175
815, 175, 184
816, 289, 271
817, 271, 249
818, 312, 289
819, 249, 253
820, 347, 343
821, 328, 312
822, 343, 328
823, 689, 347
824, 376, 689
825, 312, 306
826, 422, 413
827, 413, 397
828, 434, 422
829, 397, 376
830, 449, 434
831, 376, 375
832, 485, 471
833, 471, 469
834, 490, 485
835, 469, 449
836, 517, 490
837, 449, 446
838, 560, 550
839, 550, 537
840, 583, 560
841, 537, 517
842, 517, 522
843, 619, 610
844, 610, 583
845, 627, 619
846, 649, 627
847, 583, 577
848, 759, 649
849, 649, 647
850, 50, 690
851, 60, 50
852, 184, 691
853, 204, 184
854, 253, 231
855, 270, 253
856, 306, 293
857, 322, 306
858, 375, 359
859, 391, 375
860, 522, 507
861, 545, 522
862, 577, 692
863, 603, 577
864, 9, 760
865, 690, 14
866, 70, 60
867, 60, 690
868, 690, 30
869, 99, 82
870, 117, 99
871, 138, 117
872, 99, 101
873, 691, 151
874, 204, 691
875, 691, 164
876, 215, 204
877, 204, 198
878, 231, 223
879, 263, 231
880, 280, 270
881, 270, 263
882, 263, 693
883, 293, 282
884, 298, 293
885, 332, 322
886, 322, 298
887, 298, 694
888, 341, 332
889, 332, 330
890, 359, 346
891, 409, 391
892, 391, 359
893, 359, 360
894, 446, 423
895, 472, 446
896, 507, 486
897, 535, 507
898, 551, 545
899, 545, 535
900, 535, 531
901, 692, 558
902, 607, 603
903, 603, 692
904, 692, 568
905, 647, 622
906, 761, 647
907, 101, 91
908, 134, 101
909, 198, 164
910, 693, 238
911, 330, 694
912, 398, 360
913, 762, 630
914, 14, 9
915, 9, 811
916, 30, 14
917, 36, 30
918, 811, 763
919, 82, 70
920, 70, 36
921, 91, 82
922, 115, 91
923, 36, 47
924, 151, 138
925, 138, 134
926, 164, 151
927, 134, 115
928, 189, 164
929, 115, 111
930, 223, 215
931, 215, 198
932, 238, 223
933, 198, 189
934, 259, 238
935, 189, 190
936, 282, 280
937, 280, 693
938, 694, 282
939, 693, 259
940, 319, 694
941, 259, 258
942, 346, 341
943, 341, 330
944, 360, 346
945, 330, 319
946, 372, 360
947, 319, 318
948, 423, 409
949, 409, 398
950, 448, 423
951, 398, 372
952, 372, 385
953, 486, 472
954, 472, 448
955, 515, 486
956, 448, 441
957, 558, 551
958, 531, 515
959, 551, 531
960, 568, 558
961, 575, 568
962, 515, 511
963, 622, 607
964, 607, 575
965, 630, 622
966, 642, 630
967, 575, 582
968, 764, 642
969, 642, 637
970, 111, 695
971, 128, 111
972, 258, 236
973, 696, 258
974, 385, 367
975, 403, 385
976, 441, 697
977, 698, 441
978, 4, 765
979, 47, 20
980, 69, 47
981, 695, 80
982, 136, 128
983, 128, 695
984, 695, 100
985, 190, 154
986, 211, 190
987, 236, 226
988, 696, 236
989, 278, 696
990, 696, 699
991, 318, 288
992, 335, 318
993, 367, 351
994, 390, 367
995, 416, 403
996, 403, 390
997, 390, 700
998, 697, 419
999, 698, 697
1000, 697, 435
1001, 478, 698
1002, 698, 460
1003, 496, 480
1004, 511, 496
1005, 540, 511
1006, 496, 494
1007, 552, 540
1008, 540, 530
1009, 566, 556
1010, 582, 566
1011, 601, 582
1012, 566, 570
1013, 614, 601
1014, 601, 595
1015, 626, 616
1016, 637, 626
1017, 766, 637
1018, 626, 629
1019, 100, 88
1020, 124, 100
1021, 202, 157
1022, 699, 234
1023, 700, 366
1024, 460, 435
1025, 468, 460
1026, 530, 505
1027, 541, 530
1028, 595, 570
1029, 602, 595
1030, 20, 4
1031, 4, 767
1032, 41, 20
1033, 80, 69
1034, 69, 41
1035, 88, 80
1036, 105, 88
1037, 41, 43
1038, 154, 136
1039, 136, 124
1040, 157, 154
1041, 124, 105
1042, 174, 157
1043, 105, 106
1044, 226, 211
1045, 211, 202
1046, 234, 226
1047, 202, 174
1048, 256, 234
1049, 174, 173
1050, 288, 278
1051, 278, 699
1052, 316, 288
1053, 699, 256
1054, 256, 255
1055, 351, 335
1056, 335, 316
1057, 366, 351
1058, 386, 366
1059, 316, 317
1060, 419, 416
1061, 416, 700
1062, 435, 419
1063, 700, 386
1064, 450, 435
1065, 386, 381
1066, 480, 478
1067, 478, 468
1068, 494, 480
1069, 505, 494
1070, 468, 450
1071, 520, 505
1072, 450, 454
1073, 556, 552
1074, 552, 541
1075, 570, 556
1076, 541, 520
1077, 587, 570
1078, 520, 518
1079, 616, 614
1080, 614, 602
1081, 629, 616
1082, 638, 629
1083, 602, 587
1084, 587, 588
1085, 768, 638
1086, 638, 643
1087, 106, 89
1088, 701, 106
1089, 173, 702
1090, 703, 173
1091, 255, 235
1092, 269, 255
1093, 381, 704
1094, 392, 381
1095, 8, 812
1096, 812, 769
1097, 43, 19
1098, 67, 43
1099, 89, 84
1100, 701, 89
1101, 143, 701
1102, 701, 770
1103, 702, 145
1104, 703, 702
1105, 702, 771
1106, 214, 703
1107, 703, 772
1108, 229, 219
1109, 235, 229
1110, 262, 235
1111, 229, 773
1112, 274, 269
1113, 269, 262
1114, 262, 774
1115, 317, 290
1116, 321, 317
1117, 339, 321
1118, 321, 775
1119, 704, 349
1120, 404, 392
1121, 392, 704
1122, 704, 776
1123, 412, 404
1124, 404, 777
1125, 454, 425
1126, 473, 454
1127, 498, 483
1128, 518, 498
1129, 547, 518
1130, 498, 778
1131, 567, 559
1132, 588, 567
1133, 609, 588
1134, 567, 779
1135, 643, 624
1136, 780, 643
1137, 19, 8
1138, 8, 781
1139, 782, 19
1140, 84, 67
1141, 67, 783
1142, 784, 84
1143, 145, 143
1144, 143, 785
1145, 786, 145
1146, 219, 214
1147, 214, 787
1148, 788, 219
1149, 290, 274
1150, 274, 789
1151, 790, 290
1152, 349, 339
1153, 339, 791
1154, 792, 349
1155, 425, 412
1156, 412, 793
1157, 794, 425
1158, 483, 473
1159, 473, 795
1160, 796, 483
1161, 559, 547
1162, 547, 797
1163, 798, 559
1164, 624, 609
1165, 609, 799
1166, 800, 624
