1, 976, 8
2, 977, 25
3, 921, 978
4, 7, 979
5, 980, 5
6, 1, 981
7, 1083, 982
8, 983, 4
9, 24, 984
10, 23, 1082
11, 1082, 28
12, 985, 19
13, 16, 986
14, 2, 10
15, 9, 987
16, 22, 17
17, 3, 988
18, 6, 989
19, 990, 18
20, 922, 991
21, 992, 20
22, 8, 993
23, 21, 8
24, 994, 11
25, 19, 35
26, 995, 19
27, 14, 921
28, 54, 38
29, 25, 29
30, 921, 25
31, 50, 921
32, 29, 7
33, 7, 923
34, 53, 29
35, 923, 996
36, 997, 2
37, 2, 26
38, 5, 9
39, 10, 5
40, 34, 10
41, 9, 27
42, 27, 32
43, 925, 27
44, 998, 22
45, 32, 999
46, 22, 40
47, 52, 32
48, 1081, 12
49, 1000, 1081
50, 17, 1001
51, 36, 17
52, 12, 3
53, 3, 13
54, 43, 12
55, 1002, 1
56, 1, 6
57, 13, 1003
58, 6, 46
59, 39, 13
60, 18, 1083
61, 1083, 922
62, 45, 18
63, 20, 30
64, 922, 20
65, 4, 23
66, 30, 24
67, 24, 4
68, 23, 33
69, 37, 30
70, 28, 31
71, 33, 28
72, 79, 33
73, 75, 51
74, 15, 1004
75, 35, 16
76, 1005, 14
77, 16, 1006
78, 42, 35
79, 38, 42
80, 14, 38
81, 26, 34
82, 48, 923
83, 923, 26
84, 34, 62
85, 57, 52
86, 52, 924
87, 40, 47
88, 924, 40
89, 65, 43
90, 43, 39
91, 39, 55
92, 46, 45
93, 926, 46
94, 45, 76
95, 59, 922
96, 922, 58
97, 31, 21
98, 11, 15
99, 21, 11
100, 51, 31
101, 49, 51
102, 15, 41
103, 72, 50
104, 50, 53
105, 53, 81
106, 67, 91
107, 71, 925
108, 925, 57
109, 57, 69
110, 94, 925
111, 74, 924
112, 924, 89
113, 47, 36
114, 36, 63
115, 928, 47
116, 68, 65
117, 65, 88
118, 76, 78
119, 86, 76
120, 77, 59
121, 59, 64
122, 58, 44
123, 64, 58
124, 70, 64
125, 61, 49
126, 41, 60
127, 49, 41
128, 60, 1007
129, 66, 42
130, 42, 56
131, 92, 101
132, 93, 72
133, 72, 98
134, 85, 48
135, 62, 67
136, 48, 62
137, 67, 83
138, 91, 71
139, 930, 91
140, 71, 927
141, 69, 74
142, 82, 69
143, 74, 105
144, 63, 68
145, 928, 63
146, 68, 932
147, 55, 926
148, 84, 55
149, 78, 77
150, 107, 78
151, 77, 96
152, 44, 37
153, 37, 80
154, 73, 44
155, 90, 97
156, 1008, 66
157, 101, 112
158, 66, 101
159, 56, 54
160, 54, 93
161, 114, 92
162, 92, 56
163, 93, 109
164, 109, 111
165, 929, 109
166, 81, 85
167, 98, 81
168, 111, 98
169, 116, 111
170, 83, 95
171, 85, 83
172, 99, 85
173, 95, 930
174, 936, 99
175, 99, 95
176, 927, 94
177, 94, 82
178, 82, 931
179, 127, 119
180, 89, 928
181, 105, 89
182, 931, 105
183, 928, 932
184, 106, 100
185, 88, 84
186, 100, 88
187, 84, 926
188, 122, 100
189, 926, 102
190, 136, 926
191, 102, 86
192, 86, 107
193, 107, 115
194, 132, 102
195, 115, 113
196, 145, 115
197, 96, 70
198, 70, 73
199, 113, 96
200, 73, 87
201, 131, 113
202, 80, 79
203, 79, 90
204, 87, 80
205, 90, 103
206, 121, 87
207, 108, 104
208, 97, 75
209, 75, 61
210, 61, 60
211, 60, 1009
212, 104, 97
213, 126, 104
214, 112, 114
215, 118, 112
216, 114, 117
217, 929, 116
218, 116, 125
219, 930, 927
220, 110, 930
221, 119, 120
222, 927, 119
223, 938, 931
224, 931, 124
225, 932, 106
226, 129, 932
227, 106, 144
228, 139, 136
229, 133, 121
230, 121, 135
231, 103, 108
232, 130, 103
233, 108, 128
234, 123, 1010
235, 150, 138
236, 134, 165
237, 117, 929
238, 138, 117
239, 929, 134
240, 134, 138
241, 168, 151
242, 161, 937
243, 163, 110
244, 120, 141
245, 110, 120
246, 148, 127
247, 127, 153
248, 124, 143
249, 152, 124
250, 143, 140
251, 158, 143
252, 146, 122
253, 122, 147
254, 147, 139
255, 139, 164
256, 136, 132
257, 132, 169
258, 155, 136
259, 170, 159
260, 142, 133
261, 133, 939
262, 156, 137
263, 137, 130
264, 128, 157
265, 130, 128
266, 173, 137
267, 154, 126
268, 126, 123
269, 123, 1011
270, 1012, 118
271, 118, 160
272, 167, 1013
273, 174, 165
274, 125, 933
275, 151, 125
276, 933, 151
277, 183, 937
278, 153, 938
279, 171, 153
280, 140, 129
281, 144, 934
282, 129, 144
283, 181, 140
284, 934, 146
285, 164, 191
286, 146, 147
287, 147, 164
288, 169, 170
289, 172, 169
290, 170, 189
291, 131, 142
292, 142, 939
293, 135, 156
294, 177, 135
295, 156, 179
296, 157, 154
297, 162, 157
298, 154, 166
299, 160, 150
300, 1084, 167
301, 150, 174
302, 167, 160
303, 174, 935
304, 165, 168
305, 168, 185
306, 935, 165
307, 933, 936
308, 185, 933
309, 195, 185
310, 936, 161
311, 161, 183
312, 183, 194
313, 200, 195
314, 195, 936
315, 937, 163
316, 141, 149
317, 163, 141
318, 178, 937
319, 149, 148
320, 148, 171
321, 205, 178
322, 171, 184
323, 178, 149
324, 184, 186
325, 210, 184
326, 938, 152
327, 180, 940
328, 186, 938
329, 199, 186
330, 152, 158
331, 158, 180
332, 180, 152
333, 940, 181
334, 181, 934
335, 934, 182
336, 191, 193
337, 192, 191
338, 193, 155
339, 155, 172
340, 172, 196
341, 203, 193
342, 189, 197
343, 196, 189
344, 204, 196
345, 159, 145
346, 145, 131
347, 197, 159
348, 131, 175
349, 939, 177
350, 175, 939
351, 177, 190
352, 214, 175
353, 188, 173
354, 173, 176
355, 176, 162
356, 162, 208
357, 198, 176
358, 166, 1014
359, 187, 166
360, 206, 187
361, 187, 1015
362, 194, 202
363, 219, 194
364, 218, 940
365, 940, 234
366, 182, 192
367, 217, 182
368, 192, 215
369, 188, 198
370, 198, 228
371, 249, 212
372, 1084, 941
373, 941, 222
374, 225, 200
375, 200, 226
376, 233, 229
377, 223, 218
378, 218, 243
379, 234, 238
380, 239, 234
381, 238, 217
382, 215, 942
383, 217, 215
384, 241, 238
385, 224, 203
386, 203, 220
387, 216, 204
388, 204, 201
389, 240, 244
390, 179, 188
391, 190, 179
392, 207, 190
393, 188, 209
394, 208, 206
395, 212, 208
396, 206, 242
397, 245, 212
398, 1016, 941
399, 230, 231
400, 226, 233
401, 237, 226
402, 233, 253
403, 213, 199
404, 199, 223
405, 223, 251
406, 259, 241
407, 241, 252
408, 942, 224
409, 220, 232
410, 224, 220
411, 201, 197
412, 197, 211
413, 221, 201
414, 244, 207
415, 209, 943
416, 207, 209
417, 228, 248
418, 943, 228
419, 242, 1017
420, 247, 242
421, 941, 246
422, 258, 941
423, 222, 935
424, 935, 230
425, 246, 222
426, 230, 262
427, 265, 246
428, 231, 225
429, 225, 236
430, 255, 231
431, 236, 237
432, 262, 255
433, 237, 261
434, 272, 262
435, 255, 236
436, 253, 250
437, 261, 253
438, 274, 261
439, 202, 205
440, 229, 219
441, 205, 227
442, 219, 202
443, 250, 229
444, 271, 250
445, 227, 210
446, 210, 213
447, 213, 254
448, 266, 227
449, 251, 256
450, 254, 251
451, 264, 254
452, 243, 239
453, 256, 243
454, 239, 259
455, 259, 273
456, 260, 256
457, 252, 942
458, 275, 252
459, 942, 257
460, 232, 216
461, 216, 221
462, 257, 232
463, 221, 235
464, 291, 257
465, 211, 214
466, 214, 240
467, 240, 269
468, 235, 211
469, 267, 235
470, 270, 244
471, 244, 943
472, 943, 276
473, 286, 244
474, 248, 249
475, 276, 248
476, 287, 276
477, 249, 245
478, 245, 247
479, 247, 268
480, 263, 249
481, 277, 284
482, 283, 272
483, 272, 314
484, 296, 274
485, 274, 271
486, 271, 278
487, 280, 266
488, 266, 282
489, 294, 290
490, 273, 275
491, 309, 273
492, 275, 298
493, 285, 267
494, 267, 288
495, 289, 286
496, 286, 322
497, 279, 263
498, 263, 313
499, 268, 1018
500, 302, 268
501, 1019, 258
502, 258, 277
503, 277, 1020
504, 284, 292
505, 310, 284
506, 292, 265
507, 265, 283
508, 283, 301
509, 316, 292
510, 278, 280
511, 293, 278
512, 280, 299
513, 282, 264
514, 264, 294
515, 295, 282
516, 294, 306
517, 305, 295
518, 306, 330
519, 295, 306
520, 328, 333
521, 339, 317
522, 298, 315
523, 318, 298
524, 315, 325
525, 336, 315
526, 300, 303
527, 303, 285
528, 320, 303
529, 288, 269
530, 297, 288
531, 269, 270
532, 270, 281
533, 321, 269
534, 311, 287
535, 287, 279
536, 279, 312
537, 323, 324
538, 314, 304
539, 331, 314
540, 308, 305
541, 305, 338
542, 290, 260
543, 260, 328
544, 317, 290
545, 328, 317
546, 325, 291
547, 291, 300
548, 300, 327
549, 285, 307
550, 337, 285
551, 281, 289
552, 289, 326
553, 341, 281
554, 1021, 310
555, 310, 316
556, 316, 323
557, 323, 369
558, 301, 331
559, 324, 301
560, 361, 324
561, 331, 340
562, 340, 354
563, 374, 340
564, 304, 296
565, 296, 293
566, 293, 334
567, 354, 304
568, 362, 354
569, 365, 360
570, 299, 308
571, 334, 299
572, 308, 351
573, 350, 334
574, 330, 339
575, 338, 330
576, 339, 347
577, 351, 338
578, 383, 351
579, 347, 344
580, 358, 347
581, 333, 309
582, 309, 318
583, 344, 333
584, 318, 342
585, 359, 344
586, 342, 336
587, 336, 325
588, 327, 353
589, 325, 327
590, 944, 342
591, 353, 320
592, 320, 345
593, 368, 353
594, 307, 297
595, 346, 337
596, 297, 321
597, 321, 341
598, 337, 307
599, 322, 329
600, 326, 322
601, 343, 326
602, 348, 363
603, 329, 319
604, 352, 348
605, 348, 329
606, 319, 311
607, 313, 335
608, 312, 313
609, 311, 312
610, 367, 352
611, 352, 319
612, 335, 332
613, 349, 335
614, 332, 302
615, 302, 1022
616, 355, 332
617, 1023, 384
618, 369, 361
619, 361, 386
620, 360, 350
621, 373, 360
622, 350, 357
623, 392, 383
624, 383, 402
625, 397, 358
626, 358, 364
627, 944, 399
628, 341, 343
629, 945, 341
630, 343, 370
631, 363, 371
632, 947, 363
633, 375, 349
634, 349, 355
635, 355, 366
636, 384, 369
637, 401, 384
638, 369, 420
639, 386, 389
640, 406, 386
641, 380, 374
642, 374, 381
643, 390, 373
644, 357, 378
645, 373, 357
646, 378, 394
647, 382, 378
648, 394, 392
649, 415, 394
650, 364, 359
651, 359, 379
652, 400, 364
653, 379, 391
654, 403, 379
655, 391, 944
656, 944, 411
657, 405, 391
658, 414, 399
659, 345, 346
660, 368, 345
661, 346, 356
662, 356, 388
663, 408, 946
664, 945, 376
665, 426, 946
666, 371, 367
667, 367, 393
668, 395, 371
669, 393, 375
670, 375, 385
671, 404, 393
672, 366, 1024
673, 372, 366
674, 412, 401
675, 401, 416
676, 389, 380
677, 410, 389
678, 380, 425
679, 381, 362
680, 362, 365
681, 365, 390
682, 398, 381
683, 390, 396
684, 392, 429
685, 442, 392
686, 402, 397
687, 423, 402
688, 397, 421
689, 417, 405
690, 399, 368
691, 424, 399
692, 368, 387
693, 356, 945
694, 946, 356
695, 945, 946
696, 377, 947
697, 407, 409
698, 385, 372
699, 418, 385
700, 372, 422
701, 1085, 412
702, 412, 445
703, 416, 427
704, 451, 416
705, 420, 406
706, 427, 420
707, 406, 410
708, 425, 434
709, 410, 425
710, 443, 427
711, 434, 398
712, 398, 428
713, 448, 434
714, 472, 446
715, 396, 382
716, 382, 415
717, 415, 436
718, 428, 396
719, 446, 428
720, 460, 446
721, 429, 423
722, 452, 429
723, 423, 431
724, 421, 400
725, 400, 403
726, 403, 417
727, 431, 421
728, 417, 453
729, 466, 431
730, 411, 414
731, 405, 411
732, 414, 433
733, 453, 405
734, 470, 453
735, 433, 437
736, 467, 433
737, 388, 408
738, 432, 424
739, 387, 388
740, 408, 435
741, 424, 387
742, 370, 377
743, 376, 370
744, 430, 376
745, 377, 413
746, 947, 395
747, 395, 407
748, 413, 947
749, 407, 449
750, 441, 413
751, 409, 404
752, 404, 419
753, 439, 409
754, 419, 418
755, 450, 439
756, 418, 438
757, 439, 419
758, 422, 1025
759, 438, 422
760, 440, 438
761, 445, 451
762, 471, 445
763, 476, 448
764, 448, 479
765, 486, 472
766, 436, 442
767, 442, 447
768, 454, 436
769, 437, 432
770, 463, 437
771, 432, 459
772, 474, 473
773, 458, 441
774, 441, 464
775, 1026, 471
776, 471, 485
777, 451, 443
778, 443, 457
779, 480, 451
780, 472, 462
781, 950, 472
782, 483, 470
783, 470, 484
784, 459, 477
785, 465, 459
786, 435, 426
787, 426, 430
788, 444, 435
789, 469, 456
790, 430, 455
791, 455, 458
792, 458, 496
793, 469, 455
794, 464, 482
795, 496, 464
796, 948, 496
797, 449, 450
798, 482, 449
799, 450, 497
800, 949, 482
801, 468, 440
802, 440, 481
803, 457, 478
804, 493, 457
805, 479, 486
806, 490, 479
807, 486, 513
808, 462, 460
809, 460, 461
810, 950, 462
811, 488, 495
812, 475, 483
813, 483, 517
814, 477, 444
815, 456, 474
816, 474, 491
817, 444, 456
818, 501, 948
819, 500, 949
820, 494, 468
821, 468, 487
822, 485, 480
823, 1027, 485
824, 480, 493
825, 493, 509
826, 478, 476
827, 476, 490
828, 509, 478
829, 490, 503
830, 518, 519
831, 513, 950
832, 514, 513
833, 557, 537
834, 950, 506
835, 523, 950
836, 447, 452
837, 461, 454
838, 452, 488
839, 454, 447
840, 505, 461
841, 488, 511
842, 511, 512
843, 495, 466
844, 466, 475
845, 507, 495
846, 475, 502
847, 517, 953
848, 502, 517
849, 539, 502
850, 484, 492
851, 953, 484
852, 492, 467
853, 467, 463
854, 463, 465
855, 465, 489
856, 521, 492
857, 473, 469
858, 504, 473
859, 469, 501
860, 501, 543
861, 528, 515
862, 948, 500
863, 508, 948
864, 500, 510
865, 497, 494
866, 499, 497
867, 494, 498
868, 481, 1028
869, 487, 481
870, 498, 487
871, 524, 498
872, 550, 516
873, 503, 518
874, 951, 503
875, 518, 540
876, 506, 505
877, 546, 523
878, 523, 506
879, 505, 522
880, 512, 507
881, 952, 512
882, 507, 952
883, 539, 532
884, 548, 521
885, 521, 536
886, 491, 504
887, 489, 477
888, 477, 491
889, 525, 489
890, 515, 527
891, 504, 515
892, 553, 508
893, 508, 954
894, 949, 499
895, 510, 949
896, 531, 510
897, 499, 520
898, 534, 524
899, 524, 1029
900, 516, 509
901, 509, 529
902, 533, 516
903, 540, 563
904, 951, 540
905, 519, 514
906, 537, 519
907, 514, 537
908, 541, 526
909, 559, 952
910, 952, 551
911, 545, 539
912, 539, 577
913, 532, 953
914, 953, 538
915, 566, 532
916, 542, 548
917, 548, 569
918, 544, 525
919, 527, 535
920, 525, 527
921, 560, 531
922, 531, 530
923, 520, 547
924, 530, 520
925, 564, 530
926, 565, 534
927, 534, 562
928, 555, 556
929, 575, 574
930, 522, 511
931, 511, 559
932, 526, 522
933, 561, 526
934, 573, 567
935, 538, 542
936, 580, 566
937, 566, 538
938, 542, 578
939, 536, 544
940, 569, 536
941, 581, 569
942, 544, 572
943, 547, 558
944, 571, 564
945, 564, 547
946, 562, 1030
947, 570, 562
948, 1031, 555
949, 555, 1032
950, 556, 550
951, 550, 552
952, 583, 556
953, 529, 951
954, 552, 533
955, 533, 529
956, 951, 575
957, 593, 583
958, 575, 596
959, 583, 552
960, 596, 613
961, 609, 596
962, 563, 557
963, 557, 579
964, 574, 563
965, 610, 574
966, 579, 582
967, 955, 579
968, 582, 546
969, 546, 541
970, 541, 576
971, 604, 582
972, 576, 561
973, 559, 573
974, 561, 559
975, 573, 607
976, 590, 576
977, 551, 545
978, 567, 551
979, 545, 589
980, 589, 567
981, 577, 580
982, 589, 577
983, 580, 585
984, 578, 581
985, 585, 578
986, 599, 585
987, 581, 586
988, 598, 581
989, 572, 554
990, 586, 572
991, 587, 586
992, 535, 528
993, 528, 549
994, 554, 535
995, 601, 554
996, 543, 553
997, 549, 543
998, 553, 568
999, 603, 549
1000, 568, 954
1001, 954, 591
1002, 588, 568
1003, 954, 560
1004, 560, 571
1005, 602, 954
1006, 571, 584
1007, 558, 565
1008, 565, 570
1009, 584, 558
1010, 570, 592
1011, 600, 584
1012, 595, 1033
1013, 594, 593
1014, 593, 597
1015, 616, 609
1016, 609, 618
1017, 955, 604
1018, 604, 614
1019, 621, 590
1020, 590, 625
1021, 607, 589
1022, 635, 607
1023, 589, 643
1024, 633, 617
1025, 615, 637
1026, 641, 587
1027, 587, 605
1028, 606, 603
1029, 603, 622
1030, 591, 602
1031, 619, 588
1032, 588, 591
1033, 602, 608
1034, 620, 600
1035, 600, 632
1036, 611, 636
1037, 597, 616
1038, 626, 597
1039, 616, 627
1040, 613, 610
1041, 618, 613
1042, 610, 628
1043, 630, 618
1044, 617, 599
1045, 599, 598
1046, 598, 615
1047, 615, 617
1048, 646, 956
1049, 956, 641
1050, 641, 634
1051, 605, 601
1052, 601, 606
1053, 606, 644
1054, 632, 612
1055, 623, 959
1056, 1086, 1034
1057, 1035, 594
1058, 594, 611
1059, 611, 1036
1060, 631, 626
1061, 627, 645
1062, 626, 627
1063, 614, 621
1064, 640, 614
1065, 621, 624
1066, 639, 642
1067, 643, 638
1068, 634, 605
1069, 655, 634
1070, 605, 644
1071, 622, 619
1072, 650, 622
1073, 619, 958
1074, 592, 595
1075, 612, 592
1076, 595, 1086
1077, 651, 623
1078, 623, 612
1079, 1086, 647
1080, 636, 631
1081, 1037, 1087
1082, 1087, 636
1083, 631, 957
1084, 690, 957
1085, 645, 630
1086, 630, 648
1087, 957, 645
1088, 698, 957
1089, 628, 955
1090, 955, 649
1091, 648, 628
1092, 668, 648
1093, 649, 640
1094, 640, 652
1095, 664, 649
1096, 625, 639
1097, 624, 625
1098, 652, 624
1099, 639, 661
1100, 663, 652
1101, 642, 635
1102, 635, 643
1103, 660, 642
1104, 701, 673
1105, 643, 662
1106, 963, 643
1107, 638, 633
1108, 637, 646
1109, 633, 637
1110, 646, 658
1111, 662, 638
1112, 669, 662
1113, 658, 956
1114, 956, 665
1115, 686, 658
1116, 665, 655
1117, 655, 657
1118, 681, 665
1119, 644, 650
1120, 657, 644
1121, 650, 659
1122, 687, 657
1123, 656, 958
1124, 608, 620
1125, 958, 608
1126, 620, 629
1127, 654, 671
1128, 674, 958
1129, 629, 632
1130, 632, 959
1131, 672, 654
1132, 654, 629
1133, 959, 653
1134, 670, 959
1135, 653, 651
1136, 647, 1038
1137, 651, 647
1138, 667, 653
1139, 680, 666
1140, 677, 669
1141, 669, 693
1142, 659, 656
1143, 676, 659
1144, 656, 684
1145, 682, 702
1146, 705, 698
1147, 698, 960
1148, 960, 721
1149, 679, 683
1150, 666, 664
1151, 664, 663
1152, 663, 962
1153, 700, 666
1154, 962, 691
1155, 694, 713
1156, 661, 660
1157, 691, 661
1158, 673, 694
1159, 660, 673
1160, 694, 691
1161, 708, 701
1162, 701, 703
1163, 963, 677
1164, 677, 715
1165, 719, 709
1166, 706, 681
1167, 681, 692
1168, 717, 676
1169, 676, 695
1170, 695, 704
1171, 966, 695
1172, 710, 724
1173, 675, 670
1174, 670, 667
1175, 667, 682
1176, 682, 685
1177, 960, 668
1178, 668, 679
1179, 961, 960
1180, 679, 961
1181, 683, 680
1182, 680, 707
1183, 711, 683
1184, 697, 962
1185, 962, 965
1186, 703, 963
1187, 728, 703
1188, 963, 725
1189, 968, 712
1190, 692, 687
1191, 687, 716
1192, 684, 674
1193, 674, 678
1194, 704, 684
1195, 720, 704
1196, 688, 675
1197, 685, 710
1198, 710, 688
1199, 675, 685
1200, 1039, 696
1201, 696, 690
1202, 690, 705
1203, 705, 739
1204, 1088, 696
1205, 746, 736
1206, 721, 961
1207, 736, 721
1208, 961, 711
1209, 711, 733
1210, 759, 736
1211, 707, 722
1212, 733, 707
1213, 743, 733
1214, 722, 700
1215, 700, 697
1216, 697, 965
1217, 742, 722
1218, 713, 708
1219, 726, 713
1220, 708, 732
1221, 732, 728
1222, 728, 729
1223, 765, 732
1224, 715, 719
1225, 723, 715
1226, 719, 741
1227, 765, 738
1228, 693, 689
1229, 709, 693
1230, 712, 709
1231, 699, 712
1232, 689, 686
1233, 686, 718
1234, 968, 699
1235, 699, 689
1236, 718, 706
1237, 706, 692
1238, 692, 727
1239, 737, 718
1240, 716, 717
1241, 717, 731
1242, 727, 716
1243, 744, 727
1244, 966, 720
1245, 720, 730
1246, 671, 672
1247, 678, 671
1248, 672, 688
1249, 688, 734
1250, 714, 678
1251, 735, 724
1252, 702, 1040
1253, 724, 702
1254, 761, 724
1255, 1088, 964
1256, 739, 746
1257, 964, 739
1258, 746, 750
1259, 749, 743
1260, 743, 742
1261, 742, 767
1262, 771, 752
1263, 756, 780
1264, 757, 737
1265, 737, 753
1266, 762, 744
1267, 744, 751
1268, 730, 714
1269, 747, 730
1270, 714, 740
1271, 734, 735
1272, 745, 734
1273, 735, 754
1274, 763, 1041
1275, 768, 766
1276, 965, 726
1277, 752, 965
1278, 726, 756
1279, 756, 752
1280, 781, 765
1281, 765, 776
1282, 725, 723
1283, 729, 725
1284, 738, 729
1285, 723, 738
1286, 968, 758
1287, 777, 751
1288, 731, 966
1289, 751, 731
1290, 966, 967
1291, 967, 751
1292, 755, 747
1293, 747, 748
1294, 785, 755
1295, 755, 782
1296, 740, 745
1297, 748, 740
1298, 745, 969
1299, 764, 748
1300, 772, 761
1301, 761, 763
1302, 763, 1089
1303, 1042, 760
1304, 775, 964
1305, 964, 798
1306, 750, 759
1307, 759, 768
1308, 773, 750
1309, 768, 774
1310, 767, 771
1311, 788, 767
1312, 771, 786
1313, 780, 781
1314, 791, 780
1315, 781, 793
1316, 787, 789
1317, 758, 757
1318, 778, 758
1319, 769, 762
1320, 762, 777
1321, 777, 801
1322, 967, 779
1323, 770, 967
1324, 783, 764
1325, 764, 969
1326, 760, 775
1327, 1043, 760
1328, 775, 795
1329, 798, 773
1330, 774, 970
1331, 813, 798
1332, 773, 774
1333, 766, 749
1334, 749, 788
1335, 970, 766
1336, 788, 794
1337, 794, 800
1338, 803, 794
1339, 786, 791
1340, 800, 786
1341, 791, 821
1342, 832, 800
1343, 793, 792
1344, 815, 793
1345, 776, 787
1346, 792, 776
1347, 787, 809
1348, 799, 792
1349, 741, 968
1350, 789, 741
1351, 968, 784
1352, 807, 789
1353, 784, 778
1354, 778, 971
1355, 805, 784
1356, 753, 769
1357, 757, 753
1358, 808, 757
1359, 769, 797
1360, 801, 802
1361, 797, 801
1362, 806, 797
1363, 779, 790
1364, 802, 770
1365, 770, 779
1366, 814, 802
1367, 790, 785
1368, 782, 783
1369, 785, 782
1370, 783, 818
1371, 812, 790
1372, 754, 772
1373, 969, 754
1374, 816, 969
1375, 796, 1044
1376, 837, 810
1377, 795, 823
1378, 826, 795
1379, 972, 970
1380, 970, 827
1381, 821, 815
1382, 856, 821
1383, 815, 855
1384, 971, 808
1385, 808, 825
1386, 824, 814
1387, 814, 820
1388, 842, 812
1389, 812, 866
1390, 861, 830
1391, 772, 796
1392, 804, 772
1393, 810, 817
1394, 796, 810
1395, 840, 826
1396, 826, 973
1397, 823, 813
1398, 813, 847
1399, 844, 823
1400, 847, 972
1401, 858, 847
1402, 972, 835
1403, 852, 972
1404, 819, 803
1405, 803, 832
1406, 832, 851
1407, 865, 839
1408, 850, 857
1409, 809, 807
1410, 811, 809
1411, 807, 822
1412, 833, 850
1413, 850, 829
1414, 822, 805
1415, 805, 971
1416, 971, 841
1417, 833, 822
1418, 825, 806
1419, 806, 824
1420, 853, 825
1421, 824, 845
1422, 836, 846
1423, 846, 842
1424, 842, 849
1425, 860, 846
1426, 818, 816
1427, 830, 818
1428, 816, 831
1429, 862, 830
1430, 828, 804
1431, 817, 838
1432, 804, 817
1433, 838, 848
1434, 843, 838
1435, 876, 883
1436, 973, 844
1437, 844, 868
1438, 827, 819
1439, 835, 827
1440, 882, 835
1441, 819, 870
1442, 839, 799
1443, 799, 811
1444, 829, 839
1445, 811, 829
1446, 874, 833
1447, 841, 859
1448, 833, 841
1449, 845, 864
1450, 853, 845
1451, 820, 836
1452, 863, 820
1453, 836, 869
1454, 873, 871
1455, 831, 828
1456, 854, 831
1457, 828, 834
1458, 848, 837
1459, 837, 1045
1460, 880, 848
1461, 1046, 840
1462, 840, 876
1463, 876, 894
1464, 883, 973
1465, 885, 883
1466, 973, 877
1467, 868, 858
1468, 858, 852
1469, 852, 888
1470, 877, 868
1471, 920, 877
1472, 887, 882
1473, 882, 974
1474, 851, 867
1475, 870, 851
1476, 974, 870
1477, 867, 856
1478, 855, 878
1479, 856, 855
1480, 902, 867
1481, 878, 865
1482, 865, 875
1483, 889, 878
1484, 857, 879
1485, 875, 857
1486, 891, 875
1487, 879, 874
1488, 874, 881
1489, 893, 879
1490, 859, 853
1491, 881, 859
1492, 853, 886
1493, 892, 881
1494, 886, 890
1495, 901, 886
1496, 864, 863
1497, 890, 864
1498, 863, 884
1499, 975, 890
1500, 866, 873
1501, 849, 866
1502, 869, 860
1503, 860, 849
1504, 884, 869
1505, 873, 905
1506, 910, 884
1507, 871, 861
1508, 861, 862
1509, 862, 872
1510, 895, 871
1511, 872, 854
1512, 834, 843
1513, 843, 880
1514, 854, 834
1515, 880, 897
1516, 903, 872
1517, 896, 1047
1518, 898, 885
1519, 885, 915
1520, 1048, 920
1521, 920, 1049
1522, 912, 974
1523, 974, 914
1524, 916, 902
1525, 902, 911
1526, 907, 889
1527, 889, 891
1528, 891, 918
1529, 1050, 904
1530, 901, 975
1531, 1051, 910
1532, 910, 913
1533, 906, 895
1534, 895, 1090
1535, 914, 916
1536, 1052, 914
1537, 916, 1053
1538, 911, 919
1539, 1054, 911
1540, 917, 907
1541, 907, 1055
1542, 904, 899
1543, 1056, 904
1544, 899, 893
1545, 893, 892
1546, 892, 1057
1547, 1058, 899
1548, 975, 1059
1549, 1060, 975
1550, 1061, 903
1551, 903, 1062
1552, 894, 898
1553, 1063, 894
1554, 898, 1064
1555, 915, 1065
1556, 1066, 915
1557, 888, 887
1558, 909, 888
1559, 887, 900
1560, 919, 917
1561, 1067, 919
1562, 917, 1068
1563, 918, 1069
1564, 1070, 918
1565, 1071, 901
1566, 901, 1072
1567, 913, 1092
1568, 1073, 913
1569, 1090, 1074
1570, 1075, 908
1571, 1076, 1091
1572, 1091, 909
1573, 900, 912
1574, 912, 1077
1575, 909, 900
1576, 905, 906
1577, 1092, 905
1578, 906, 1078
1579, 897, 896
1580, 908, 897
1581, 896, 1079
1582, 1080, 908
