1, 1149, 1249
2, 1250, 7
3, 1251, 4
4, 1150, 1252
5, 1148, 1253
6, 1254, 10
7, 1, 1255
8, 17, 1256
9, 6, 1257
10, 1258, 16
11, 1151, 1259
12, 1260, 26
13, 2, 1261
14, 1262, 1148
15, 1263, 2
16, 8, 1264
17, 2, 27
18, 12, 1265
19, 1266, 14
20, 21, 1267
21, 9, 1268
22, 1269, 11
23, 34, 1270
24, 1271, 5
25, 1152, 1272
26, 1273, 6
27, 5, 1274
28, 6, 13
29, 33, 5
30, 1275, 1151
31, 3, 1276
32, 1277, 3
33, 3, 1364
34, 23, 1278
35, 1362, 1149
36, 29, 1362
37, 1149, 1
38, 1, 18
39, 35, 1149
40, 1363, 19
41, 38, 1363
42, 4, 12
43, 19, 4
44, 12, 22
45, 44, 19
46, 7, 8
47, 15, 7
48, 8, 28
49, 10, 1152
50, 20, 10
51, 1150, 9
52, 9, 32
53, 11, 15
54, 31, 11
55, 15, 1155
56, 1148, 20
57, 24, 1148
58, 20, 1154
59, 14, 1150
60, 39, 14
61, 1150, 51
62, 16, 29
63, 30, 16
64, 29, 37
65, 13, 30
66, 45, 13
67, 30, 48
68, 26, 42
69, 40, 26
70, 1151, 40
71, 49, 1151
72, 40, 64
73, 25, 23
74, 23, 47
75, 18, 17
76, 17, 25
77, 50, 18
78, 25, 59
79, 43, 21
80, 21, 41
81, 22, 43
82, 56, 22
83, 43, 61
84, 46, 33
85, 33, 45
86, 28, 36
87, 58, 28
88, 27, 24
89, 36, 27
90, 24, 55
91, 80, 36
92, 34, 31
93, 31, 57
94, 1152, 46
95, 54, 1152
96, 46, 75
97, 32, 34
98, 68, 32
99, 34, 66
100, 52, 35
101, 35, 50
102, 50, 62
103, 37, 52
104, 1153, 37
105, 52, 77
106, 42, 38
107, 38, 53
108, 63, 42
109, 53, 44
110, 44, 60
111, 85, 53
112, 1364, 49
113, 49, 70
114, 1364, 94
115, 47, 1279
116, 73, 47
117, 41, 39
118, 39, 65
119, 72, 41
120, 51, 68
121, 65, 51
122, 82, 65
123, 55, 1154
124, 91, 55
125, 1155, 58
126, 58, 88
127, 45, 69
128, 78, 45
129, 48, 1153
130, 69, 48
131, 1157, 69
132, 1154, 54
133, 54, 74
134, 100, 1154
135, 57, 1155
136, 83, 57
137, 1155, 96
138, 59, 73
139, 71, 59
140, 62, 71
141, 1156, 62
142, 71, 101
143, 61, 72
144, 76, 61
145, 72, 90
146, 60, 56
147, 56, 76
148, 86, 60
149, 76, 108
150, 64, 63
151, 67, 64
152, 63, 93
153, 70, 67
154, 95, 70
155, 67, 1158
156, 66, 87
157, 81, 66
158, 68, 81
159, 98, 68
160, 81, 109
161, 77, 1156
162, 89, 77
163, 88, 84
164, 110, 88
165, 74, 79
166, 99, 74
167, 84, 80
168, 80, 91
169, 91, 103
170, 117, 84
171, 75, 78
172, 79, 75
173, 78, 104
174, 129, 79
175, 1153, 89
176, 106, 1153
177, 89, 118
178, 97, 1280
179, 73, 97
180, 115, 73
181, 97, 120
182, 102, 82
183, 82, 98
184, 90, 102
185, 112, 90
186, 102, 137
187, 1281, 94
188, 92, 85
189, 85, 86
190, 86, 114
191, 93, 92
192, 116, 93
193, 92, 130
194, 94, 95
195, 95, 107
196, 124, 94
197, 87, 83
198, 83, 105
199, 128, 87
200, 96, 110
201, 105, 96
202, 133, 105
203, 104, 1157
204, 127, 104
205, 100, 99
206, 99, 132
207, 1156, 113
208, 121, 1156
209, 101, 119
210, 113, 101
211, 146, 113
212, 1157, 106
213, 106, 125
214, 147, 1157
215, 103, 100
216, 1160, 103
217, 100, 142
218, 109, 128
219, 122, 109
220, 128, 134
221, 108, 111
222, 114, 108
223, 138, 114
224, 111, 112
225, 112, 139
226, 162, 111
227, 1158, 116
228, 116, 135
229, 98, 122
230, 141, 98
231, 122, 158
232, 107, 1158
233, 1159, 107
234, 1158, 145
235, 126, 117
236, 117, 1160
237, 110, 126
238, 148, 110
239, 126, 163
240, 132, 129
241, 151, 132
242, 129, 127
243, 127, 152
244, 160, 129
245, 120, 1282
246, 131, 120
247, 118, 121
248, 123, 118
249, 121, 150
250, 119, 115
251, 115, 131
252, 143, 119
253, 131, 164
254, 125, 123
255, 154, 125
256, 123, 173
257, 1283, 124
258, 124, 1159
259, 144, 133
260, 133, 148
261, 134, 144
262, 156, 134
263, 144, 184
264, 137, 140
265, 139, 137
266, 165, 139
267, 136, 138
268, 138, 159
269, 140, 141
270, 141, 157
271, 182, 140
272, 130, 136
273, 135, 130
274, 1161, 135
275, 136, 171
276, 1160, 149
277, 174, 1160
278, 142, 155
279, 149, 142
280, 172, 149
281, 153, 154
282, 154, 170
283, 150, 146
284, 176, 150
285, 152, 147
286, 147, 153
287, 177, 152
288, 153, 180
289, 146, 143
290, 143, 166
291, 193, 146
292, 1159, 161
293, 178, 1159
294, 145, 1161
295, 161, 145
296, 195, 161
297, 163, 175
298, 169, 163
299, 158, 156
300, 156, 186
301, 157, 158
302, 185, 157
303, 158, 201
304, 148, 169
305, 183, 148
306, 169, 205
307, 159, 162
308, 1162, 159
309, 162, 165
310, 165, 179
311, 187, 162
312, 155, 151
313, 151, 168
314, 194, 155
315, 168, 160
316, 160, 177
317, 203, 168
318, 1284, 178
319, 178, 191
320, 164, 167
321, 166, 164
322, 192, 166
323, 173, 181
324, 170, 173
325, 196, 170
326, 167, 1285
327, 214, 167
328, 181, 176
329, 176, 189
330, 200, 181
331, 1161, 188
332, 1164, 1161
333, 171, 1162
334, 188, 171
335, 213, 188
336, 190, 172
337, 172, 194
338, 194, 199
339, 182, 185
340, 185, 207
341, 186, 184
342, 210, 186
343, 179, 182
344, 206, 179
345, 182, 216
346, 184, 183
347, 183, 215
348, 225, 184
349, 175, 174
350, 174, 190
351, 204, 175
352, 190, 227
353, 177, 197
354, 218, 177
355, 180, 196
356, 197, 180
357, 196, 202
358, 219, 197
359, 191, 208
360, 1286, 191
361, 208, 195
362, 195, 1164
363, 231, 208
364, 193, 192
365, 192, 211
366, 189, 193
367, 1163, 189
368, 193, 235
369, 198, 187
370, 187, 206
371, 206, 220
372, 1162, 198
373, 1165, 1162
374, 198, 239
375, 205, 204
376, 212, 205
377, 204, 226
378, 199, 221
379, 230, 199
380, 201, 209
381, 207, 201
382, 233, 207
383, 215, 212
384, 228, 215
385, 212, 253
386, 209, 210
387, 210, 223
388, 242, 209
389, 221, 203
390, 203, 218
391, 218, 224
392, 246, 221
393, 202, 217
394, 240, 202
395, 217, 200
396, 200, 1163
397, 249, 217
398, 1164, 222
399, 243, 1164
400, 1287, 238
401, 222, 213
402, 213, 1165
403, 260, 222
404, 214, 1288
405, 211, 214
406, 247, 211
407, 214, 258
408, 216, 236
409, 229, 216
410, 220, 229
411, 257, 220
412, 229, 263
413, 237, 219
414, 219, 240
415, 227, 232
416, 226, 227
417, 250, 226
418, 224, 237
419, 262, 224
420, 237, 276
421, 234, 225
422, 225, 228
423, 228, 252
424, 223, 234
425, 256, 223
426, 234, 269
427, 232, 230
428, 230, 251
429, 275, 232
430, 235, 247
431, 245, 235
432, 247, 254
433, 1163, 245
434, 266, 1163
435, 245, 272
436, 239, 259
437, 244, 239
438, 1165, 244
439, 267, 1165
440, 244, 283
441, 241, 243
442, 243, 264
443, 238, 231
444, 231, 241
445, 1289, 238
446, 241, 1166
447, 236, 233
448, 233, 248
449, 271, 236
450, 248, 242
451, 242, 256
452, 256, 268
453, 281, 248
454, 240, 261
455, 287, 240
456, 252, 253
457, 279, 252
458, 255, 262
459, 262, 274
460, 261, 249
461, 249, 266
462, 300, 261
463, 253, 250
464, 250, 278
465, 293, 253
466, 251, 246
467, 246, 255
468, 277, 251
469, 255, 298
470, 258, 1365
471, 270, 258
472, 1365, 1290
473, 254, 270
474, 1167, 254
475, 270, 297
476, 259, 257
477, 257, 273
478, 290, 259
479, 1291, 292
480, 265, 267
481, 267, 289
482, 263, 271
483, 273, 263
484, 271, 284
485, 308, 273
486, 264, 260
487, 260, 265
488, 285, 264
489, 265, 312
490, 269, 279
491, 288, 269
492, 279, 286
493, 268, 288
494, 303, 268
495, 288, 311
496, 266, 294
497, 296, 266
498, 272, 1167
499, 294, 272
500, 319, 294
501, 278, 275
502, 275, 280
503, 309, 278
504, 276, 282
505, 274, 276
506, 299, 274
507, 280, 277
508, 277, 295
509, 317, 280
510, 282, 287
511, 287, 302
512, 323, 282
513, 316, 1292
514, 291, 290
515, 290, 313
516, 284, 304
517, 307, 284
518, 1166, 285
519, 285, 314
520, 292, 1166
521, 1293, 292
522, 1166, 321
523, 283, 291
524, 289, 283
525, 310, 289
526, 291, 336
527, 304, 281
528, 281, 303
529, 333, 304
530, 286, 305
531, 327, 286
532, 305, 293
533, 293, 315
534, 337, 305
535, 301, 299
536, 299, 325
537, 297, 318
538, 306, 297
539, 1167, 306
540, 322, 1167
541, 306, 353
542, 298, 301
543, 295, 298
544, 340, 295
545, 301, 339
546, 302, 300
547, 326, 302
548, 300, 296
549, 296, 330
550, 350, 300
551, 311, 331
552, 324, 311
553, 308, 307
554, 307, 332
555, 303, 324
556, 335, 303
557, 324, 364
558, 312, 310
559, 320, 312
560, 310, 342
561, 313, 308
562, 341, 313
563, 308, 359
564, 314, 320
565, 338, 314
566, 320, 344
567, 315, 309
568, 309, 328
569, 343, 315
570, 328, 317
571, 317, 340
572, 356, 328
573, 329, 319
574, 319, 322
575, 322, 348
576, 323, 326
577, 326, 351
578, 318, 316
579, 316, 1294
580, 349, 318
581, 330, 329
582, 352, 330
583, 329, 367
584, 325, 323
585, 1168, 325
586, 323, 362
587, 321, 338
588, 334, 321
589, 338, 345
590, 1295, 334
591, 334, 366
592, 347, 337
593, 337, 343
594, 343, 354
595, 332, 333
596, 360, 332
597, 336, 341
598, 346, 336
599, 341, 357
600, 342, 346
601, 365, 342
602, 346, 370
603, 331, 327
604, 327, 347
605, 358, 331
606, 347, 382
607, 333, 335
608, 335, 361
609, 1170, 333
610, 339, 1168
611, 355, 339
612, 340, 355
613, 372, 340
614, 355, 379
615, 348, 353
616, 371, 348
617, 353, 349
618, 349, 374
619, 1171, 353
620, 351, 350
621, 380, 351
622, 350, 352
623, 352, 368
624, 388, 350
625, 345, 363
626, 386, 345
627, 344, 365
628, 363, 344
629, 365, 373
630, 390, 363
631, 361, 364
632, 383, 361
633, 369, 356
634, 356, 377
635, 354, 369
636, 381, 354
637, 369, 402
638, 364, 358
639, 358, 378
640, 1172, 364
641, 357, 359
642, 395, 357
643, 359, 360
644, 360, 387
645, 392, 359
646, 362, 380
647, 376, 362
648, 1168, 376
649, 1169, 1168
650, 376, 396
651, 366, 386
652, 1296, 366
653, 375, 371
654, 371, 393
655, 367, 375
656, 368, 367
657, 401, 368
658, 375, 407
659, 374, 1297
660, 391, 374
661, 370, 395
662, 385, 370
663, 373, 385
664, 403, 373
665, 385, 408
666, 377, 372
667, 372, 389
668, 398, 377
669, 379, 1169
670, 389, 379
671, 1175, 389
672, 387, 1170
673, 1174, 387
674, 382, 384
675, 378, 382
676, 406, 378
677, 384, 381
678, 381, 399
679, 415, 384
680, 1170, 383
681, 383, 400
682, 413, 1170
683, 380, 394
684, 411, 380
685, 394, 388
686, 388, 401
687, 414, 394
688, 397, 390
689, 390, 405
690, 386, 397
691, 410, 386
692, 397, 426
693, 1171, 391
694, 391, 419
695, 393, 1171
696, 416, 393
697, 1171, 425
698, 404, 392
699, 392, 1174
700, 395, 404
701, 1173, 395
702, 404, 432
703, 396, 411
704, 409, 396
705, 1172, 406
706, 406, 421
707, 399, 402
708, 418, 399
709, 402, 398
710, 398, 423
711, 443, 402
712, 400, 1172
713, 427, 400
714, 1172, 436
715, 1169, 409
716, 422, 1169
717, 409, 437
718, 401, 412
719, 429, 401
720, 407, 420
721, 412, 407
722, 442, 412
723, 408, 1173
724, 417, 408
725, 405, 403
726, 403, 417
727, 431, 405
728, 417, 451
729, 1298, 410
730, 410, 428
731, 1299, 452
732, 419, 1300
733, 1177, 419
734, 424, 413
735, 413, 427
736, 427, 434
737, 1174, 424
738, 447, 1174
739, 424, 450
740, 430, 414
741, 414, 429
742, 429, 440
743, 423, 1175
744, 441, 423
745, 421, 415
746, 1176, 421
747, 415, 418
748, 418, 444
749, 459, 415
750, 1175, 422
751, 422, 446
752, 464, 1175
753, 411, 430
754, 439, 411
755, 430, 461
756, 420, 416
757, 416, 435
758, 456, 420
759, 425, 1177
760, 435, 425
761, 463, 435
762, 432, 448
763, 438, 432
764, 426, 433
765, 428, 426
766, 449, 428
767, 1173, 438
768, 457, 1173
769, 438, 1180
770, 433, 431
771, 431, 455
772, 1181, 433
773, 436, 1176
774, 453, 436
775, 434, 453
776, 470, 434
777, 453, 472
778, 437, 439
779, 445, 437
780, 439, 467
781, 443, 441
782, 441, 460
783, 444, 443
784, 1178, 444
785, 443, 478
786, 446, 445
787, 465, 446
788, 445, 484
789, 454, 442
790, 442, 456
791, 456, 462
792, 440, 454
793, 468, 440
794, 454, 485
795, 458, 1301
796, 1177, 458
797, 1179, 1177
798, 458, 482
799, 452, 449
800, 1302, 452
801, 449, 477
802, 455, 451
803, 476, 455
804, 448, 447
805, 447, 466
806, 474, 448
807, 450, 471
808, 466, 450
809, 488, 466
810, 451, 457
811, 457, 475
812, 1184, 451
813, 1176, 473
814, 1182, 1176
815, 473, 459
816, 459, 1178
817, 491, 473
818, 479, 463
819, 463, 1179
820, 467, 469
821, 483, 467
822, 460, 464
823, 1185, 460
824, 464, 465
825, 465, 487
826, 498, 464
827, 461, 468
828, 469, 461
829, 468, 480
830, 1186, 469
831, 462, 479
832, 490, 462
833, 479, 506
834, 1180, 474
835, 474, 492
836, 471, 470
837, 470, 481
838, 497, 471
839, 475, 1180
840, 495, 475
841, 1180, 519
842, 1181, 476
843, 476, 499
844, 477, 1181
845, 1183, 477
846, 1181, 500
847, 472, 1182
848, 481, 472
849, 512, 481
850, 1178, 489
851, 510, 1178
852, 478, 1185
853, 489, 478
854, 504, 489
855, 493, 490
856, 490, 507
857, 1179, 494
858, 505, 1179
859, 485, 493
860, 480, 485
861, 501, 480
862, 493, 522
863, 487, 486
864, 515, 487
865, 482, 1303
866, 494, 482
867, 524, 494
868, 484, 483
869, 486, 484
870, 483, 503
871, 514, 486
872, 1304, 1183
873, 496, 497
874, 497, 508
875, 502, 491
876, 491, 510
877, 1184, 495
878, 495, 518
879, 1182, 502
880, 513, 1182
881, 502, 1189
882, 499, 1184
883, 521, 499
884, 1184, 525
885, 492, 488
886, 488, 496
887, 520, 492
888, 496, 1188
889, 1185, 509
890, 523, 1185
891, 509, 498
892, 498, 515
893, 534, 509
894, 503, 1186
895, 535, 503
896, 507, 511
897, 528, 507
898, 506, 505
899, 511, 506
900, 505, 527
901, 545, 511
902, 1186, 501
903, 501, 526
904, 543, 1186
905, 1183, 517
906, 1366, 1183
907, 500, 521
908, 517, 500
909, 547, 517
910, 510, 532
911, 537, 510
912, 519, 520
913, 520, 540
914, 508, 512
915, 512, 516
916, 538, 508
917, 516, 513
918, 513, 536
919, 554, 516
920, 518, 519
921, 1187, 518
922, 519, 548
923, 532, 504
924, 504, 523
925, 523, 533
926, 1190, 532
927, 529, 514
928, 514, 535
929, 535, 542
930, 515, 529
931, 549, 515
932, 529, 558
933, 1366, 544
934, 531, 1367
935, 522, 530
936, 526, 522
937, 555, 526
938, 527, 524
939, 524, 531
940, 546, 527
941, 531, 1191
942, 530, 528
943, 528, 551
944, 557, 530
945, 521, 539
946, 566, 521
947, 525, 1187
948, 539, 525
949, 565, 539
950, 533, 541
951, 563, 533
952, 1188, 538
953, 538, 561
954, 536, 1189
955, 556, 536
956, 540, 1188
957, 568, 540
958, 1188, 571
959, 1189, 537
960, 537, 560
961, 573, 1189
962, 541, 534
963, 534, 550
964, 583, 541
965, 542, 553
966, 1192, 542
967, 553, 543
968, 543, 559
969, 572, 553
970, 564, 547
971, 547, 566
972, 544, 564
973, 1305, 544
974, 564, 1193
975, 552, 545
976, 545, 546
977, 546, 569
978, 551, 552
979, 574, 551
980, 552, 578
981, 548, 568
982, 562, 548
983, 1187, 562
984, 575, 1187
985, 562, 584
986, 560, 1190
987, 577, 560
988, 558, 1192
989, 567, 558
990, 561, 554
991, 586, 561
992, 554, 556
993, 556, 582
994, 590, 554
995, 1190, 563
996, 563, 579
997, 599, 1190
998, 550, 549
999, 549, 567
1000, 580, 550
1001, 567, 594
1002, 570, 557
1003, 557, 574
1004, 559, 555
1005, 555, 570
1006, 1195, 559
1007, 570, 597
1008, 576, 565
1009, 565, 575
1010, 566, 576
1011, 592, 566
1012, 576, 608
1013, 569, 1191
1014, 591, 569
1015, 1191, 1306
1016, 606, 1191
1017, 568, 585
1018, 596, 568
1019, 571, 587
1020, 585, 571
1021, 605, 585
1022, 579, 583
1023, 603, 579
1024, 588, 572
1025, 572, 1195
1026, 1192, 588
1027, 595, 1192
1028, 588, 619
1029, 582, 581
1030, 609, 582
1031, 583, 580
1032, 580, 600
1033, 616, 583
1034, 581, 573
1035, 573, 577
1036, 577, 601
1037, 611, 581
1038, 574, 589
1039, 1194, 574
1040, 578, 591
1041, 589, 578
1042, 591, 598
1043, 621, 589
1044, 1193, 592
1045, 592, 613
1046, 584, 596
1047, 593, 584
1048, 1307, 1193
1049, 1193, 1197
1050, 575, 593
1051, 614, 575
1052, 593, 1198
1053, 604, 590
1054, 590, 612
1055, 587, 586
1056, 586, 604
1057, 1196, 587
1058, 604, 632
1059, 601, 599
1060, 599, 607
1061, 1199, 601
1062, 600, 602
1063, 617, 600
1064, 597, 1194
1065, 610, 597
1066, 1195, 610
1067, 622, 1195
1068, 610, 636
1069, 607, 603
1070, 603, 625
1071, 629, 607
1072, 594, 595
1073, 602, 594
1074, 595, 626
1075, 1201, 602
1076, 620, 606
1077, 606, 623
1078, 598, 620
1079, 634, 598
1080, 620, 639
1081, 596, 618
1082, 631, 596
1083, 618, 605
1084, 605, 1196
1085, 1203, 618
1086, 615, 614
1087, 614, 628
1088, 608, 615
1089, 613, 608
1090, 633, 613
1091, 615, 1202
1092, 612, 609
1093, 609, 624
1094, 642, 612
1095, 624, 611
1096, 611, 1199
1097, 646, 624
1098, 630, 621
1099, 621, 635
1100, 625, 627
1101, 1200, 625
1102, 619, 622
1103, 622, 644
1104, 627, 616
1105, 616, 617
1106, 617, 640
1107, 650, 627
1108, 626, 619
1109, 641, 626
1110, 619, 662
1111, 1194, 630
1112, 638, 1194
1113, 630, 656
1114, 623, 1308
1115, 652, 623
1116, 632, 642
1117, 643, 632
1118, 1198, 631
1119, 631, 649
1120, 1196, 643
1121, 653, 1196
1122, 643, 667
1123, 1309, 1197
1124, 1197, 633
1125, 633, 648
1126, 660, 1197
1127, 628, 1198
1128, 647, 628
1129, 1198, 1204
1130, 1199, 637
1131, 664, 1199
1132, 637, 629
1133, 629, 1200
1134, 669, 637
1135, 644, 645
1136, 658, 644
1137, 635, 634
1138, 634, 651
1139, 654, 635
1140, 636, 638
1141, 645, 636
1142, 638, 657
1143, 676, 645
1144, 1201, 641
1145, 641, 661
1146, 640, 1201
1147, 1205, 640
1148, 1201, 668
1149, 639, 652
1150, 651, 639
1151, 678, 651
1152, 1203, 653
1153, 653, 674
1154, 648, 1202
1155, 670, 648
1156, 655, 646
1157, 646, 665
1158, 1202, 647
1159, 647, 672
1160, 685, 1202
1161, 642, 655
1162, 663, 642
1163, 655, 696
1164, 649, 1203
1165, 675, 649
1166, 1203, 692
1167, 1200, 659
1168, 684, 1200
1169, 659, 650
1170, 650, 1205
1171, 694, 659
1172, 657, 656
1173, 680, 657
1174, 656, 654
1175, 654, 687
1176, 705, 656
1177, 652, 1310
1178, 677, 652
1179, 661, 666
1180, 689, 661
1181, 662, 658
1182, 666, 662
1183, 658, 683
1184, 691, 666
1185, 673, 660
1186, 660, 670
1187, 670, 682
1188, 1311, 673
1189, 673, 703
1190, 665, 664
1191, 664, 681
1192, 693, 665
1193, 1204, 675
1194, 675, 698
1195, 672, 1204
1196, 1208, 672
1197, 1204, 701
1198, 681, 669
1199, 669, 684
1200, 708, 681
1201, 674, 671
1202, 690, 674
1203, 667, 663
1204, 671, 667
1205, 663, 695
1206, 712, 671
1207, 668, 689
1208, 686, 668
1209, 689, 697
1210, 1205, 686
1211, 1206, 1205
1212, 686, 716
1213, 687, 688
1214, 707, 687
1215, 688, 678
1216, 678, 677
1217, 677, 704
1218, 1210, 688
1219, 683, 679
1220, 1207, 683
1221, 679, 676
1222, 676, 680
1223, 680, 709
1224, 722, 679
1225, 682, 700
1226, 1209, 682
1227, 700, 685
1228, 685, 1208
1229, 720, 700
1230, 692, 690
1231, 699, 692
1232, 690, 719
1233, 696, 693
1234, 693, 717
1235, 684, 702
1236, 711, 684
1237, 702, 694
1238, 694, 1206
1239, 1211, 702
1240, 695, 696
1241, 714, 695
1242, 696, 1212
1243, 698, 699
1244, 721, 698
1245, 699, 726
1246, 706, 691
1247, 691, 1207
1248, 697, 706
1249, 727, 697
1250, 706, 735
1251, 703, 1209
1252, 1312, 703
1253, 704, 1313
1254, 729, 704
1255, 710, 705
1256, 705, 707
1257, 707, 725
1258, 709, 710
1259, 731, 709
1260, 710, 738
1261, 1208, 713
1262, 732, 1208
1263, 701, 723
1264, 713, 701
1265, 748, 713
1266, 717, 715
1267, 739, 717
1268, 715, 708
1269, 708, 711
1270, 711, 741
1271, 760, 715
1272, 716, 730
1273, 724, 716
1274, 1206, 724
1275, 733, 1206
1276, 724, 755
1277, 718, 712
1278, 712, 714
1279, 714, 742
1280, 719, 718
1281, 743, 719
1282, 718, 751
1283, 728, 722
1284, 722, 737
1285, 1207, 728
1286, 744, 1207
1287, 728, 754
1288, 1209, 734
1289, 749, 1209
1290, 734, 720
1291, 720, 736
1292, 769, 734
1293, 1210, 729
1294, 729, 745
1295, 725, 1210
1296, 759, 725
1297, 1210, 758
1298, 723, 721
1299, 721, 740
1300, 757, 723
1301, 726, 746
1302, 740, 726
1303, 764, 740
1304, 741, 1211
1305, 766, 741
1306, 735, 747
1307, 752, 735
1308, 730, 727
1309, 727, 752
1310, 756, 730
1311, 752, 782
1312, 1211, 733
1313, 733, 765
1314, 786, 1211
1315, 742, 1212
1316, 770, 742
1317, 1212, 739
1318, 739, 763
1319, 779, 1212
1320, 737, 731
1321, 731, 750
1322, 774, 737
1323, 738, 761
1324, 750, 738
1325, 784, 750
1326, 736, 732
1327, 732, 753
1328, 771, 736
1329, 1314, 749
1330, 749, 777
1331, 753, 748
1332, 748, 757
1333, 757, 773
1334, 794, 753
1335, 745, 1368
1336, 778, 745
1337, 1369, 1368
1338, 751, 772
1339, 762, 751
1340, 746, 743
1341, 743, 762
1342, 780, 746
1343, 762, 797
1344, 747, 744
1345, 744, 776
1346, 783, 747
1347, 754, 774
1348, 776, 754
1349, 1216, 776
1350, 767, 766
1351, 766, 789
1352, 755, 756
1353, 768, 755
1354, 756, 788
1355, 765, 768
1356, 787, 765
1357, 768, 1215
1358, 763, 760
1359, 760, 767
1360, 796, 763
1361, 767, 807
1362, 758, 778
1363, 781, 758
1364, 778, 791
1365, 761, 759
1366, 759, 781
1367, 802, 761
1368, 781, 805
1369, 775, 769
1370, 769, 771
1371, 771, 806
1372, 773, 790
1373, 803, 773
1374, 777, 775
1375, 800, 777
1376, 775, 817
1377, 790, 764
1378, 764, 780
1379, 780, 795
1380, 816, 790
1381, 785, 779
1382, 779, 799
1383, 772, 770
1384, 770, 785
1385, 1217, 772
1386, 785, 818
1387, 792, 786
1388, 786, 787
1389, 787, 813
1390, 788, 793
1391, 812, 788
1392, 798, 784
1393, 784, 802
1394, 802, 808
1395, 782, 783
1396, 793, 782
1397, 783, 810
1398, 830, 793
1399, 774, 798
1400, 809, 774
1401, 798, 826
1402, 789, 792
1403, 1213, 789
1404, 792, 825
1405, 804, 1369
1406, 791, 804
1407, 1214, 791
1408, 804, 832
1409, 801, 794
1410, 794, 803
1411, 803, 815
1412, 795, 811
1413, 824, 795
1414, 797, 1217
1415, 811, 797
1416, 839, 811
1417, 1315, 800
1418, 800, 820
1419, 806, 801
1420, 822, 806
1421, 801, 844
1422, 807, 1213
1423, 814, 807
1424, 799, 796
1425, 796, 814
1426, 831, 799
1427, 814, 835
1428, 808, 819
1429, 828, 808
1430, 1216, 809
1431, 809, 836
1432, 805, 1214
1433, 819, 805
1434, 853, 819
1435, 813, 1215
1436, 834, 813
1437, 810, 1216
1438, 833, 810
1439, 1216, 855
1440, 1215, 812
1441, 812, 829
1442, 848, 1215
1443, 1217, 827
1444, 850, 1217
1445, 823, 824
1446, 824, 843
1447, 818, 831
1448, 827, 818
1449, 831, 837
1450, 868, 827
1451, 815, 816
1452, 816, 823
1453, 846, 815
1454, 823, 857
1455, 821, 822
1456, 822, 842
1457, 817, 821
1458, 820, 817
1459, 847, 820
1460, 821, 862
1461, 1213, 840
1462, 1219, 1213
1463, 825, 838
1464, 840, 825
1465, 865, 840
1466, 830, 833
1467, 833, 854
1468, 1214, 845
1469, 864, 1214
1470, 829, 830
1471, 866, 829
1472, 830, 869
1473, 832, 1316
1474, 845, 832
1475, 879, 845
1476, 826, 828
1477, 841, 826
1478, 828, 859
1479, 836, 841
1480, 856, 836
1481, 841, 874
1482, 1317, 851
1483, 852, 850
1484, 850, 877
1485, 835, 1219
1486, 860, 835
1487, 837, 860
1488, 872, 837
1489, 860, 887
1490, 844, 849
1491, 842, 844
1492, 1218, 842
1493, 849, 846
1494, 846, 870
1495, 878, 849
1496, 843, 839
1497, 839, 852
1498, 863, 843
1499, 852, 1222
1500, 858, 848
1501, 848, 867
1502, 838, 834
1503, 834, 858
1504, 1220, 838
1505, 858, 886
1506, 861, 864
1507, 864, 885
1508, 854, 855
1509, 1223, 854
1510, 859, 853
1511, 853, 861
1512, 882, 859
1513, 861, 899
1514, 883, 1318
1515, 855, 856
1516, 856, 875
1517, 890, 855
1518, 862, 1218
1519, 873, 862
1520, 851, 847
1521, 847, 873
1522, 1370, 851
1523, 873, 897
1524, 1219, 880
1525, 888, 1219
1526, 876, 868
1527, 868, 872
1528, 872, 891
1529, 880, 865
1530, 865, 1220
1531, 1225, 880
1532, 870, 871
1533, 896, 870
1534, 857, 863
1535, 871, 857
1536, 863, 895
1537, 900, 871
1538, 877, 876
1539, 892, 877
1540, 876, 904
1541, 867, 866
1542, 866, 884
1543, 1221, 867
1544, 869, 1223
1545, 884, 869
1546, 907, 884
1547, 881, 882
1548, 882, 901
1549, 879, 883
1550, 883, 1319
1551, 885, 879
1552, 898, 885
1553, 879, 921
1554, 874, 881
1555, 875, 874
1556, 1226, 875
1557, 881, 915
1558, 1218, 893
1559, 908, 1218
1560, 893, 878
1561, 878, 896
1562, 914, 893
1563, 887, 888
1564, 889, 887
1565, 888, 909
1566, 886, 1221
1567, 894, 886
1568, 891, 889
1569, 916, 891
1570, 889, 1228
1571, 895, 1222
1572, 913, 895
1573, 1220, 894
1574, 912, 1220
1575, 894, 1227
1576, 1222, 892
1577, 892, 905
1578, 923, 1222
1579, 903, 890
1580, 890, 1226
1581, 1223, 903
1582, 1224, 1223
1583, 903, 927
1584, 1370, 906
1585, 1320, 1370
1586, 897, 910
1587, 906, 897
1588, 939, 906
1589, 920, 1321
1590, 899, 898
1591, 902, 899
1592, 898, 919
1593, 901, 902
1594, 924, 901
1595, 902, 934
1596, 896, 911
1597, 931, 896
1598, 911, 900
1599, 900, 913
1600, 913, 926
1601, 938, 911
1602, 904, 917
1603, 905, 904
1604, 940, 905
1605, 1221, 918
1606, 932, 1221
1607, 918, 907
1608, 907, 1224
1609, 947, 918
1610, 917, 916
1611, 916, 928
1612, 944, 917
1613, 1225, 912
1614, 912, 933
1615, 909, 1225
1616, 930, 909
1617, 1225, 949
1618, 1226, 925
1619, 942, 1226
1620, 915, 924
1621, 925, 915
1622, 924, 929
1623, 951, 925
1624, 910, 908
1625, 908, 922
1626, 941, 910
1627, 922, 914
1628, 914, 931
1629, 931, 936
1630, 1231, 922
1631, 919, 921
1632, 943, 919
1633, 921, 920
1634, 920, 1322
1635, 957, 921
1636, 937, 923
1637, 923, 940
1638, 926, 937
1639, 958, 926
1640, 937, 960
1641, 927, 945
1642, 935, 927
1643, 1228, 930
1644, 930, 950
1645, 1227, 932
1646, 932, 954
1647, 1224, 935
1648, 948, 1224
1649, 935, 1232
1650, 933, 1227
1651, 953, 933
1652, 1227, 965
1653, 928, 1228
1654, 1229, 928
1655, 1228, 961
1656, 934, 943
1657, 946, 934
1658, 943, 955
1659, 929, 946
1660, 1230, 929
1661, 946, 969
1662, 936, 952
1663, 964, 936
1664, 939, 941
1665, 941, 962
1666, 1323, 939
1667, 939, 979
1668, 952, 938
1669, 938, 958
1670, 977, 952
1671, 970, 1324
1672, 959, 944
1673, 944, 1229
1674, 940, 959
1675, 1234, 940
1676, 959, 983
1677, 963, 951
1678, 951, 1230
1679, 956, 947
1680, 947, 948
1681, 948, 971
1682, 949, 953
1683, 953, 966
1684, 950, 949
1685, 980, 950
1686, 949, 981
1687, 945, 942
1688, 942, 963
1689, 972, 945
1690, 963, 1235
1691, 954, 956
1692, 974, 954
1693, 956, 987
1694, 967, 957
1695, 957, 970
1696, 955, 967
1697, 1233, 955
1698, 967, 986
1699, 962, 1231
1700, 978, 962
1701, 960, 1234
1702, 968, 960
1703, 958, 968
1704, 982, 958
1705, 968, 1004
1706, 1231, 964
1707, 964, 975
1708, 996, 1231
1709, 961, 980
1710, 973, 961
1711, 1229, 973
1712, 997, 1229
1713, 973, 999
1714, 976, 974
1715, 974, 992
1716, 1230, 985
1717, 990, 1230
1718, 965, 976
1719, 966, 965
1720, 998, 966
1721, 976, 1008
1722, 971, 1232
1723, 991, 971
1724, 1232, 972
1725, 972, 989
1726, 1011, 1232
1727, 969, 1233
1728, 985, 969
1729, 1013, 985
1730, 970, 1325
1731, 1006, 970
1732, 975, 977
1733, 977, 984
1734, 1000, 975
1735, 1234, 988
1736, 1003, 1234
1737, 979, 978
1738, 978, 995
1739, 984, 982
1740, 982, 1005
1741, 1025, 984
1742, 1326, 979
1743, 979, 1021
1744, 983, 997
1745, 988, 983
1746, 1028, 988
1747, 980, 994
1748, 1014, 980
1749, 981, 998
1750, 994, 981
1751, 998, 1007
1752, 1024, 994
1753, 1235, 990
1754, 990, 1010
1755, 1233, 1001
1756, 1018, 1233
1757, 987, 993
1758, 992, 987
1759, 1023, 992
1760, 993, 991
1761, 991, 1015
1762, 1034, 993
1763, 986, 1006
1764, 1001, 986
1765, 1006, 1009
1766, 1237, 1001
1767, 989, 1235
1768, 1012, 989
1769, 1235, 1042
1770, 997, 1016
1771, 1030, 997
1772, 1002, 1000
1773, 1000, 1036
1774, 1004, 1003
1775, 1003, 1029
1776, 1005, 1004
1777, 1026, 1005
1778, 1004, 1053
1779, 995, 996
1780, 996, 1002
1781, 1236, 995
1782, 1002, 1045
1783, 999, 1019
1784, 1016, 999
1785, 1050, 1016
1786, 1007, 1020
1787, 1041, 1007
1788, 1008, 1023
1789, 1020, 1008
1790, 1023, 1032
1791, 1046, 1020
1792, 1015, 1017
1793, 1048, 1015
1794, 1027, 1327
1795, 1022, 1018
1796, 1018, 1038
1797, 1009, 1027
1798, 1039, 1009
1799, 1027, 1328
1800, 1017, 1011
1801, 1011, 1012
1802, 1012, 1043
1803, 1052, 1017
1804, 1010, 1013
1805, 1013, 1022
1806, 1040, 1010
1807, 1022, 1238
1808, 1021, 1236
1809, 1035, 1021
1810, 1329, 1035
1811, 1035, 1058
1812, 1029, 1028
1813, 1028, 1033
1814, 1051, 1029
1815, 1031, 1025
1816, 1025, 1026
1817, 1026, 1057
1818, 1019, 1014
1819, 1014, 1037
1820, 1044, 1019
1821, 1037, 1024
1822, 1024, 1041
1823, 1240, 1037
1824, 1036, 1031
1825, 1059, 1036
1826, 1031, 1066
1827, 1033, 1030
1828, 1030, 1054
1829, 1072, 1033
1830, 1032, 1047
1831, 1062, 1032
1832, 1047, 1034
1833, 1034, 1049
1834, 1069, 1047
1835, 1237, 1039
1836, 1039, 1070
1837, 1038, 1237
1838, 1065, 1038
1839, 1237, 1082
1840, 1043, 1042
1841, 1077, 1043
1842, 1042, 1040
1843, 1040, 1067
1844, 1073, 1042
1845, 1236, 1055
1846, 1241, 1236
1847, 1045, 1061
1848, 1055, 1045
1849, 1081, 1055
1850, 1054, 1056
1851, 1076, 1054
1852, 1041, 1063
1853, 1078, 1041
1854, 1057, 1060
1855, 1239, 1057
1856, 1056, 1050
1857, 1050, 1044
1858, 1044, 1074
1859, 1091, 1056
1860, 1053, 1051
1861, 1060, 1053
1862, 1051, 1080
1863, 1084, 1060
1864, 1063, 1046
1865, 1046, 1064
1866, 1242, 1063
1867, 1071, 1052
1868, 1052, 1077
1869, 1049, 1048
1870, 1048, 1071
1871, 1085, 1049
1872, 1071, 1093
1873, 1058, 1241
1874, 1330, 1058
1875, 1067, 1238
1876, 1243, 1067
1877, 1068, 1331
1878, 1238, 1065
1879, 1065, 1083
1880, 1099, 1238
1881, 1070, 1068
1882, 1090, 1070
1883, 1068, 1102
1884, 1066, 1239
1885, 1079, 1066
1886, 1061, 1059
1887, 1059, 1079
1888, 1245, 1061
1889, 1079, 1104
1890, 1086, 1069
1891, 1069, 1085
1892, 1085, 1088
1893, 1074, 1240
1894, 1098, 1074
1895, 1075, 1072
1896, 1072, 1076
1897, 1076, 1094
1898, 1064, 1062
1899, 1062, 1086
1900, 1096, 1064
1901, 1086, 1246
1902, 1080, 1075
1903, 1100, 1080
1904, 1075, 1108
1905, 1240, 1078
1906, 1078, 1097
1907, 1113, 1240
1908, 1077, 1087
1909, 1106, 1077
1910, 1087, 1073
1911, 1073, 1243
1912, 1109, 1087
1913, 1241, 1092
1914, 1103, 1241
1915, 1092, 1081
1916, 1081, 1245
1917, 1122, 1092
1918, 1082, 1089
1919, 1083, 1082
1920, 1244, 1083
1921, 1089, 1090
1922, 1090, 1107
1923, 1120, 1089
1924, 1095, 1084
1925, 1084, 1101
1926, 1239, 1095
1927, 1248, 1239
1928, 1095, 1125
1929, 1088, 1105
1930, 1114, 1088
1931, 1093, 1106
1932, 1105, 1093
1933, 1106, 1111
1934, 1139, 1105
1935, 1242, 1096
1936, 1096, 1115
1937, 1094, 1091
1938, 1119, 1094
1939, 1091, 1098
1940, 1098, 1116
1941, 1130, 1091
1942, 1097, 1242
1943, 1117, 1097
1944, 1242, 1131
1945, 1243, 1110
1946, 1124, 1243
1947, 1110, 1099
1948, 1099, 1244
1949, 1135, 1110
1950, 1104, 1248
1951, 1112, 1104
1952, 1332, 1103
1953, 1103, 1126
1954, 1245, 1112
1955, 1127, 1245
1956, 1112, 1373
1957, 1107, 1102
1958, 1247, 1107
1959, 1102, 1333
1960, 1140, 1102
1961, 1108, 1121
1962, 1118, 1108
1963, 1101, 1100
1964, 1100, 1118
1965, 1136, 1101
1966, 1118, 1144
1967, 1246, 1114
1968, 1114, 1146
1969, 1111, 1123
1970, 1137, 1111
1971, 1113, 1117
1972, 1117, 1132
1973, 1123, 1109
1974, 1109, 1124
1975, 1124, 1129
1976, 1334, 1123
1977, 1115, 1246
1978, 1138, 1115
1979, 1246, 1335
1980, 1116, 1113
1981, 1145, 1116
1982, 1113, 1336
1983, 1244, 1133
1984, 1337, 1244
1985, 1133, 1120
1986, 1120, 1247
1987, 1338, 1133
1988, 1128, 1127
1989, 1127, 1339
1990, 1248, 1134
1991, 1372, 1248
1992, 1125, 1141
1993, 1134, 1125
1994, 1340, 1134
1995, 1126, 1122
1996, 1122, 1128
1997, 1374, 1126
1998, 1128, 1341
1999, 1121, 1119
2000, 1119, 1143
2001, 1342, 1121
2002, 1143, 1130
2003, 1130, 1145
2004, 1145, 1343
2005, 1344, 1143
2006, 1129, 1147
2007, 1345, 1129
2008, 1131, 1142
2009, 1132, 1131
2010, 1346, 1132
2011, 1146, 1139
2012, 1347, 1146
2013, 1139, 1137
2014, 1137, 1348
2015, 1349, 1139
2016, 1142, 1138
2017, 1138, 1350
2018, 1351, 1142
2019, 1147, 1135
2020, 1135, 1352
2021, 1353, 1147
2022, 1247, 1371
2023, 1354, 1247
2024, 1371, 1140
2025, 1140, 1355
2026, 1356, 1373
2027, 1373, 1372
2028, 1357, 1374
2029, 1144, 1358
2030, 1359, 1144
2031, 1141, 1136
2032, 1136, 1360
2033, 1361, 1141
