1, 7, 702
2, 703, 9
3, 704, 5
4, 705, 1
5, 2, 706
6, 707, 10
7, 6, 708
8, 709, 8
9, 4, 710
10, 3, 711
11, 712, 605
12, 606, 713
13, 21, 714
14, 715, 23
15, 28, 716
16, 19, 717
17, 24, 718
18, 25, 719
19, 18, 720
20, 721, 29
21, 722, 607
22, 723, 20
23, 30, 724
24, 16, 725
25, 726, 26
26, 727, 17
27, 27, 728
28, 13, 2
29, 2, 18
30, 15, 7
31, 7, 606
32, 14, 4
33, 4, 19
34, 5, 13
35, 23, 5
36, 13, 61
37, 9, 12
38, 17, 9
39, 1, 15
40, 605, 1
41, 15, 609
42, 12, 3
43, 3, 21
44, 611, 12
45, 8, 14
46, 20, 8
47, 14, 613
48, 10, 11
49, 607, 10
50, 11, 6
51, 6, 25
52, 63, 11
53, 729, 22
54, 29, 39
55, 42, 29
56, 32, 24
57, 24, 31
58, 606, 32
59, 609, 606
60, 32, 48
61, 18, 42
62, 61, 18
63, 64, 61
64, 42, 47
65, 35, 27
66, 27, 33
67, 31, 730
68, 46, 31
69, 21, 36
70, 611, 21
71, 36, 28
72, 28, 38
73, 50, 36
74, 41, 30
75, 30, 40
76, 22, 16
77, 16, 37
78, 731, 22
79, 26, 34
80, 37, 26
81, 52, 37
82, 19, 35
83, 613, 19
84, 35, 49
85, 40, 20
86, 20, 613
87, 43, 40
88, 34, 607
89, 607, 63
90, 51, 34
91, 25, 41
92, 69, 25
93, 41, 53
94, 33, 17
95, 17, 611
96, 44, 33
97, 38, 23
98, 23, 62
99, 54, 38
100, 39, 605
101, 605, 66
102, 45, 39
103, 55, 46
104, 46, 732
105, 48, 55
106, 67, 48
107, 55, 75
108, 57, 44
109, 44, 73
110, 66, 609
111, 59, 45
112, 45, 66
113, 611, 50
114, 50, 58
115, 47, 59
116, 610, 47
117, 59, 71
118, 56, 43
119, 43, 70
120, 733, 52
121, 52, 60
122, 49, 57
123, 68, 49
124, 57, 608
125, 53, 56
126, 65, 53
127, 56, 76
128, 62, 64
129, 64, 610
130, 58, 54
131, 54, 62
132, 72, 58
133, 63, 612
134, 60, 51
135, 51, 63
136, 74, 60
137, 75, 734
138, 72, 81
139, 70, 613
140, 76, 70
141, 73, 611
142, 608, 73
143, 612, 69
144, 69, 65
145, 65, 76
146, 76, 87
147, 74, 77
148, 735, 74
149, 74, 85
150, 613, 68
151, 68, 608
152, 608, 84
153, 609, 67
154, 67, 75
155, 75, 83
156, 78, 72
157, 72, 88
158, 80, 71
159, 71, 609
160, 86, 71
161, 90, 736
162, 609, 89
163, 611, 78
164, 78, 91
165, 88, 95
166, 91, 88
167, 111, 91
168, 610, 80
169, 80, 96
170, 99, 609
171, 84, 98
172, 100, 84
173, 97, 613
174, 613, 100
175, 100, 104
176, 98, 611
177, 112, 98
178, 79, 93
179, 77, 612
180, 92, 77
181, 85, 92
182, 94, 85
183, 92, 102
184, 87, 97
185, 93, 87
186, 97, 108
187, 106, 93
188, 96, 86
189, 86, 99
190, 103, 96
191, 99, 105
192, 83, 90
193, 89, 83
194, 90, 107
195, 109, 89
196, 737, 94
197, 94, 101
198, 95, 81
199, 110, 95
200, 609, 616
201, 82, 609
202, 610, 120
203, 614, 82
204, 82, 125
205, 81, 610
206, 121, 81
207, 610, 122
208, 738, 617
209, 611, 615
210, 619, 613
211, 612, 79
212, 79, 621
213, 116, 612
214, 612, 124
215, 613, 620
216, 127, 613
217, 618, 611
218, 611, 126
219, 105, 614
220, 115, 105
221, 104, 117
222, 620, 104
223, 123, 103
224, 103, 115
225, 115, 153
226, 117, 112
227, 112, 618
228, 630, 117
229, 615, 111
230, 111, 119
231, 107, 739
232, 113, 107
233, 616, 109
234, 109, 113
235, 113, 628
236, 119, 110
237, 110, 121
238, 626, 119
239, 101, 114
240, 617, 101
241, 621, 106
242, 106, 118
243, 108, 619
244, 118, 108
245, 156, 118
246, 102, 116
247, 114, 102
248, 158, 114
249, 125, 136
250, 133, 125
251, 122, 130
252, 128, 122
253, 136, 616
254, 616, 628
255, 142, 136
256, 618, 134
257, 630, 618
258, 124, 131
259, 129, 124
260, 137, 127
261, 127, 135
262, 132, 615
263, 615, 626
264, 121, 128
265, 626, 121
266, 128, 138
267, 116, 129
268, 158, 116
269, 129, 146
270, 619, 137
271, 154, 619
272, 137, 143
273, 120, 123
274, 130, 120
275, 123, 157
276, 147, 130
277, 135, 620
278, 620, 630
279, 144, 135
280, 131, 621
281, 621, 156
282, 156, 625
283, 140, 131
284, 740, 617
285, 617, 158
286, 126, 132
287, 134, 126
288, 139, 134
289, 132, 141
290, 614, 133
291, 153, 614
292, 159, 153
293, 133, 145
294, 628, 741
295, 148, 147
296, 147, 157
297, 151, 142
298, 142, 628
299, 146, 149
300, 155, 146
301, 145, 151
302, 159, 145
303, 151, 161
304, 138, 148
305, 626, 138
306, 148, 162
307, 152, 144
308, 144, 630
309, 630, 139
310, 139, 150
311, 742, 629
312, 149, 140
313, 140, 624
314, 622, 149
315, 625, 154
316, 143, 152
317, 154, 143
318, 152, 163
319, 141, 626
320, 150, 141
321, 623, 150
322, 160, 743
323, 163, 630
324, 162, 165
325, 626, 162
326, 157, 159
327, 165, 157
328, 159, 627
329, 175, 165
330, 166, 161
331, 628, 160
332, 160, 744
333, 158, 155
334, 629, 158
335, 155, 622
336, 622, 624
337, 174, 622
338, 625, 163
339, 163, 177
340, 623, 626
341, 745, 629
342, 630, 623
343, 623, 176
344, 161, 164
345, 178, 161
346, 187, 178
347, 178, 186
348, 628, 746
349, 176, 188
350, 181, 176
351, 177, 184
352, 182, 177
353, 630, 181
354, 181, 198
355, 183, 169
356, 624, 625
357, 185, 624
358, 627, 166
359, 166, 187
360, 187, 193
361, 164, 628
362, 186, 164
363, 195, 186
364, 625, 182
365, 182, 191
366, 168, 625
367, 188, 626
368, 197, 188
369, 629, 179
370, 747, 629
371, 184, 167
372, 192, 184
373, 179, 174
374, 174, 185
375, 185, 190
376, 194, 179
377, 180, 175
378, 175, 183
379, 183, 189
380, 626, 180
381, 180, 196
382, 170, 626
383, 626, 208
384, 169, 627
385, 173, 169
386, 627, 635
387, 636, 173
388, 173, 213
389, 205, 628
390, 631, 170
391, 170, 215
392, 171, 633
393, 172, 168
394, 168, 201
395, 206, 172
396, 172, 216
397, 629, 207
398, 632, 629
399, 629, 209
400, 167, 630
401, 630, 171
402, 634, 167
403, 171, 212
404, 628, 748
405, 210, 628
406, 193, 204
407, 635, 193
408, 189, 636
409, 199, 189
410, 203, 197
411, 197, 631
412, 749, 632
413, 204, 195
414, 195, 205
415, 643, 204
416, 202, 192
417, 192, 634
418, 196, 199
419, 208, 196
420, 199, 253
421, 207, 194
422, 194, 200
423, 190, 206
424, 200, 190
425, 206, 214
426, 247, 200
427, 191, 202
428, 201, 191
429, 211, 201
430, 202, 248
431, 198, 203
432, 633, 198
433, 203, 640
434, 205, 221
435, 249, 205
436, 221, 210
437, 210, 217
438, 234, 221
439, 212, 226
440, 218, 212
441, 213, 220
442, 227, 213
443, 216, 223
444, 228, 216
445, 215, 225
446, 222, 215
447, 217, 750
448, 231, 217
449, 634, 218
450, 248, 634
451, 251, 248
452, 218, 230
453, 223, 211
454, 211, 251
455, 239, 223
456, 251, 642
457, 631, 222
458, 254, 631
459, 222, 237
460, 220, 635
461, 635, 643
462, 233, 220
463, 226, 633
464, 633, 250
465, 238, 226
466, 209, 224
467, 219, 209
468, 224, 207
469, 207, 645
470, 229, 224
471, 632, 219
472, 751, 632
473, 219, 235
474, 225, 208
475, 208, 644
476, 232, 225
477, 636, 227
478, 253, 636
479, 644, 253
480, 227, 236
481, 214, 228
482, 645, 247
483, 247, 214
484, 228, 240
485, 245, 233
486, 233, 643
487, 242, 232
488, 232, 256
489, 643, 249
490, 249, 234
491, 234, 244
492, 250, 640
493, 243, 238
494, 238, 250
495, 236, 245
496, 644, 236
497, 245, 641
498, 237, 242
499, 252, 237
500, 242, 259
501, 240, 246
502, 639, 240
503, 246, 239
504, 239, 642
505, 257, 246
506, 230, 243
507, 255, 230
508, 243, 258
509, 235, 241
510, 752, 235
511, 241, 229
512, 229, 645
513, 638, 241
514, 244, 231
515, 231, 753
516, 637, 244
517, 643, 637
518, 637, 754
519, 271, 637
520, 640, 254
521, 254, 252
522, 252, 259
523, 256, 644
524, 259, 256
525, 272, 259
526, 642, 255
527, 255, 258
528, 638, 645
529, 644, 641
530, 260, 257
531, 257, 642
532, 755, 638
533, 638, 269
534, 639, 260
535, 260, 273
536, 258, 640
537, 268, 258
538, 641, 643
539, 270, 641
540, 282, 270
541, 270, 278
542, 646, 277
543, 277, 272
544, 272, 284
545, 296, 277
546, 285, 756
547, 284, 264
548, 295, 284
549, 280, 271
550, 271, 285
551, 285, 294
552, 275, 268
553, 268, 274
554, 643, 280
555, 280, 289
556, 278, 263
557, 297, 278
558, 279, 642
559, 645, 639
560, 639, 281
561, 269, 283
562, 276, 269
563, 273, 279
564, 281, 273
565, 279, 292
566, 287, 281
567, 644, 282
568, 282, 291
569, 757, 276
570, 276, 286
571, 283, 645
572, 290, 283
573, 262, 275
574, 275, 288
575, 274, 261
576, 293, 274
577, 263, 643
578, 307, 263
579, 264, 644
580, 649, 264
581, 644, 267
582, 266, 651
583, 642, 262
584, 265, 642
585, 262, 305
586, 647, 265
587, 265, 308
588, 640, 646
589, 261, 640
590, 302, 261
591, 758, 650
592, 645, 266
593, 655, 645
594, 266, 309
595, 267, 652
596, 310, 267
597, 643, 653
598, 311, 643
599, 646, 648
600, 312, 646
601, 292, 647
602, 303, 292
603, 648, 296
604, 296, 304
605, 291, 301
606, 652, 291
607, 289, 300
608, 653, 289
609, 304, 295
610, 295, 649
611, 663, 304
612, 288, 298
613, 305, 288
614, 286, 299
615, 650, 286
616, 299, 290
617, 290, 655
618, 338, 299
619, 651, 287
620, 287, 303
621, 303, 654
622, 298, 293
623, 293, 306
624, 346, 298
625, 301, 297
626, 297, 307
627, 342, 301
628, 294, 759
629, 300, 294
630, 662, 300
631, 315, 311
632, 311, 318
633, 307, 315
634, 341, 307
635, 315, 332
636, 320, 312
637, 312, 313
638, 662, 760
639, 308, 316
640, 321, 308
641, 317, 310
642, 310, 322
643, 649, 317
644, 663, 649
645, 317, 328
646, 322, 652
647, 652, 342
648, 342, 661
649, 324, 322
650, 313, 648
651, 648, 340
652, 329, 313
653, 318, 653
654, 653, 344
655, 323, 318
656, 306, 302
657, 302, 320
658, 345, 306
659, 320, 325
660, 647, 321
661, 658, 647
662, 321, 326
663, 316, 305
664, 305, 339
665, 327, 316
666, 309, 319
667, 314, 309
668, 319, 651
669, 651, 654
670, 331, 319
671, 761, 650
672, 650, 343
673, 655, 314
674, 343, 338
675, 338, 655
676, 314, 330
677, 659, 343
678, 662, 762
679, 344, 662
680, 337, 323
681, 323, 344
682, 333, 331
683, 331, 349
684, 660, 345
685, 325, 336
686, 345, 325
687, 661, 341
688, 332, 337
689, 341, 332
690, 337, 352
691, 335, 324
692, 324, 661
693, 330, 333
694, 347, 330
695, 333, 354
696, 339, 346
697, 346, 660
698, 334, 327
699, 327, 339
700, 326, 334
701, 658, 326
702, 334, 350
703, 328, 335
704, 351, 328
705, 335, 353
706, 340, 348
707, 336, 329
708, 329, 340
709, 656, 336
710, 763, 657
711, 352, 662
712, 350, 361
713, 355, 350
714, 663, 351
715, 351, 353
716, 359, 352
717, 352, 373
718, 348, 663
719, 656, 348
720, 349, 654
721, 354, 349
722, 764, 657
723, 654, 658
724, 658, 355
725, 355, 369
726, 659, 347
727, 347, 354
728, 354, 371
729, 353, 661
730, 370, 353
731, 358, 656
732, 656, 372
733, 662, 765
734, 377, 370
735, 370, 380
736, 371, 383
737, 375, 371
738, 373, 382
739, 381, 373
740, 382, 662
741, 392, 382
742, 660, 358
743, 358, 379
744, 374, 363
745, 662, 766
746, 661, 359
747, 359, 381
748, 381, 389
749, 663, 377
750, 377, 391
751, 380, 367
752, 393, 380
753, 383, 654
754, 654, 356
755, 385, 383
756, 366, 376
757, 361, 357
758, 378, 361
759, 657, 659
760, 767, 657
761, 369, 378
762, 376, 369
763, 388, 376
764, 378, 384
765, 365, 375
766, 375, 390
767, 372, 374
768, 379, 372
769, 386, 379
770, 374, 387
771, 357, 660
772, 660, 671
773, 368, 357
774, 362, 366
775, 366, 669
776, 364, 400
777, 662, 768
778, 367, 661
779, 666, 367
780, 661, 665
781, 406, 661
782, 668, 662
783, 662, 405
784, 401, 368
785, 368, 403
786, 363, 663
787, 399, 363
788, 663, 364
789, 364, 402
790, 356, 362
791, 670, 356
792, 362, 407
793, 664, 360
794, 659, 365
795, 360, 659
796, 365, 667
797, 404, 360
798, 387, 399
799, 396, 387
800, 395, 393
801, 393, 666
802, 389, 398
803, 665, 389
804, 397, 385
805, 385, 670
806, 398, 392
807, 392, 668
808, 440, 398
809, 384, 401
810, 394, 384
811, 391, 395
812, 400, 391
813, 395, 439
814, 669, 388
815, 388, 394
816, 394, 437
817, 671, 386
818, 386, 396
819, 396, 680
820, 390, 397
821, 667, 390
822, 397, 678
823, 769, 664
824, 405, 815
825, 417, 405
826, 402, 416
827, 410, 402
828, 407, 418
829, 413, 407
830, 403, 408
831, 415, 403
832, 425, 815
833, 412, 406
834, 406, 414
835, 411, 404
836, 404, 409
837, 414, 665
838, 665, 440
839, 440, 677
840, 430, 414
841, 666, 412
842, 679, 666
843, 412, 424
844, 409, 667
845, 667, 678
846, 423, 409
847, 416, 400
848, 439, 679
849, 400, 439
850, 420, 416
851, 668, 417
852, 438, 668
853, 417, 427
854, 418, 669
855, 669, 441
856, 419, 418
857, 670, 413
858, 678, 670
859, 413, 422
860, 408, 671
861, 671, 680
862, 428, 408
863, 664, 411
864, 770, 664
865, 411, 426
866, 399, 410
867, 680, 399
868, 410, 429
869, 401, 415
870, 437, 401
871, 441, 437
872, 415, 421
873, 675, 441
874, 677, 438
875, 427, 435
876, 438, 427
877, 421, 431
878, 675, 421
879, 431, 428
880, 428, 680
881, 673, 431
882, 426, 434
883, 771, 426
884, 424, 436
885, 679, 424
886, 436, 430
887, 430, 677
888, 672, 436
889, 433, 419
890, 419, 446
891, 429, 432
892, 447, 429
893, 432, 420
894, 420, 445
895, 443, 432
896, 422, 433
897, 678, 422
898, 433, 442
899, 434, 423
900, 423, 678
901, 674, 434
902, 435, 425
903, 425, 772
904, 444, 435
905, 445, 679
906, 449, 443
907, 443, 445
908, 672, 676
909, 674, 678
910, 677, 444
911, 444, 773
912, 456, 444
913, 448, 442
914, 679, 672
915, 672, 457
916, 446, 675
917, 442, 446
918, 458, 442
919, 673, 680
920, 675, 673
921, 673, 454
922, 447, 449
923, 449, 459
924, 774, 674
925, 674, 455
926, 457, 469
927, 464, 457
928, 467, 456
929, 456, 816
930, 817, 816
931, 680, 447
932, 447, 462
933, 461, 458
934, 458, 465
935, 675, 463
936, 454, 460
937, 463, 454
938, 477, 463
939, 459, 468
940, 462, 459
941, 475, 462
942, 469, 676
943, 471, 469
944, 455, 470
945, 466, 455
946, 465, 451
947, 481, 465
948, 460, 680
949, 476, 460
950, 678, 448
951, 448, 461
952, 461, 474
953, 775, 466
954, 466, 480
955, 470, 678
956, 472, 470
957, 677, 467
958, 467, 478
959, 468, 452
960, 479, 468
961, 450, 464
962, 464, 473
963, 451, 675
964, 681, 451
965, 452, 679
966, 492, 452
967, 680, 488
968, 675, 683
969, 495, 675
970, 676, 677
971, 684, 676
972, 677, 453
973, 678, 682
974, 489, 678
975, 678, 493
976, 776, 685
977, 679, 450
978, 450, 686
979, 494, 679
980, 490, 680
981, 680, 496
982, 453, 491
983, 497, 453
984, 488, 475
985, 475, 484
986, 478, 485
987, 491, 478
988, 483, 471
989, 471, 684
990, 485, 817
991, 525, 485
992, 482, 476
993, 476, 490
994, 484, 479
995, 479, 492
996, 532, 484
997, 473, 483
998, 686, 473
999, 483, 523
1000, 480, 486
1001, 685, 480
1002, 487, 481
1003, 481, 681
1004, 486, 472
1005, 472, 489
1006, 529, 486
1007, 474, 487
1008, 682, 474
1009, 487, 687
1010, 683, 477
1011, 477, 482
1012, 482, 526
1013, 498, 495
1014, 495, 501
1015, 502, 497
1016, 497, 507
1017, 496, 504
1018, 506, 496
1019, 503, 494
1020, 494, 500
1021, 501, 683
1022, 683, 534
1023, 512, 501
1024, 493, 499
1025, 505, 493
1026, 684, 502
1027, 523, 684
1028, 689, 523
1029, 502, 510
1030, 681, 498
1031, 527, 681
1032, 498, 517
1033, 507, 491
1034, 491, 525
1035, 525, 690
1036, 508, 507
1037, 490, 506
1038, 526, 490
1039, 691, 526
1040, 506, 514
1041, 524, 777
1042, 504, 488
1043, 488, 532
1044, 532, 693
1045, 516, 504
1046, 499, 682
1047, 682, 687
1048, 513, 499
1049, 489, 505
1050, 529, 489
1051, 505, 515
1052, 778, 685
1053, 685, 533
1054, 500, 686
1055, 686, 689
1056, 509, 500
1057, 492, 503
1058, 693, 492
1059, 503, 511
1060, 518, 509
1061, 509, 528
1062, 510, 522
1063, 530, 510
1064, 531, 524
1065, 524, 779
1066, 521, 513
1067, 513, 687
1068, 511, 518
1069, 693, 511
1070, 518, 688
1071, 535, 527
1072, 517, 519
1073, 527, 517
1074, 520, 516
1075, 516, 536
1076, 780, 533
1077, 514, 520
1078, 691, 514
1079, 520, 541
1080, 534, 691
1081, 519, 512
1082, 512, 534
1083, 539, 519
1084, 692, 529
1085, 515, 521
1086, 529, 515
1087, 521, 537
1088, 522, 508
1089, 508, 690
1090, 538, 522
1091, 538, 542
1092, 691, 541
1093, 693, 688
1094, 695, 535
1095, 535, 539
1096, 537, 540
1097, 543, 537
1098, 539, 544
1099, 557, 539
1100, 687, 695
1101, 540, 687
1102, 555, 540
1103, 533, 692
1104, 781, 533
1105, 536, 693
1106, 541, 536
1107, 556, 541
1108, 689, 530
1109, 530, 538
1110, 538, 553
1111, 528, 689
1112, 688, 528
1113, 554, 688
1114, 690, 531
1115, 531, 782
1116, 553, 566
1117, 558, 553
1118, 562, 554
1119, 554, 560
1120, 565, 556
1121, 556, 561
1122, 690, 783
1123, 559, 555
1124, 555, 564
1125, 563, 557
1126, 557, 567
1127, 560, 548
1128, 572, 560
1129, 695, 563
1130, 563, 568
1131, 544, 691
1132, 567, 544
1133, 571, 567
1134, 691, 565
1135, 565, 574
1136, 547, 691
1137, 561, 545
1138, 576, 561
1139, 552, 558
1140, 558, 577
1141, 784, 546
1142, 564, 549
1143, 575, 564
1144, 693, 562
1145, 562, 573
1146, 692, 543
1147, 543, 559
1148, 559, 570
1149, 542, 690
1150, 566, 542
1151, 569, 566
1152, 690, 694
1153, 689, 552
1154, 552, 587
1155, 545, 693
1156, 696, 545
1157, 584, 694
1158, 694, 785
1159, 590, 694
1160, 698, 551
1161, 695, 700
1162, 549, 695
1163, 585, 549
1164, 695, 592
1165, 551, 547
1166, 547, 586
1167, 588, 551
1168, 693, 701
1169, 593, 693
1170, 550, 583
1171, 546, 692
1172, 699, 546
1173, 692, 550
1174, 550, 589
1175, 548, 689
1176, 697, 548
1177, 689, 591
1178, 568, 578
1179, 700, 568
1180, 577, 579
1181, 587, 577
1182, 580, 576
1183, 576, 696
1184, 582, 572
1185, 572, 697
1186, 578, 571
1187, 571, 698
1188, 786, 578
1189, 574, 580
1190, 586, 574
1191, 580, 787
1192, 570, 581
1193, 583, 570
1194, 581, 575
1195, 575, 585
1196, 788, 581
1197, 579, 569
1198, 569, 584
1199, 789, 579
1200, 790, 699
1201, 573, 582
1202, 701, 573
1203, 582, 791
1204, 600, 593
1205, 593, 599
1206, 591, 604
1207, 594, 591
1208, 602, 590
1209, 590, 818
1210, 696, 600
1211, 792, 696
1212, 600, 793
1213, 697, 594
1214, 794, 697
1215, 594, 795
1216, 592, 603
1217, 598, 592
1218, 597, 588
1219, 588, 596
1220, 698, 597
1221, 796, 698
1222, 597, 797
1223, 589, 601
1224, 595, 589
1225, 601, 583
1226, 583, 798
1227, 799, 601
1228, 699, 595
1229, 800, 699
1230, 595, 801
1231, 596, 586
1232, 586, 802
1233, 803, 596
1234, 584, 602
1235, 804, 584
1236, 602, 805
1237, 806, 818
1238, 585, 598
1239, 807, 585
1240, 598, 808
1241, 603, 700
1242, 700, 809
1243, 810, 603
1244, 599, 701
1245, 701, 811
1246, 812, 599
1247, 604, 587
1248, 587, 813
1249, 814, 604
