1, 2193, 37
2, 2194, 56
3, 2195, 178
4, 2196, 191
5, 2197, 409
6, 2198, 456
7, 2199, 522
8, 2200, 570
9, 2201, 807
10, 2202, 849
11, 2203, 935
12, 2204, 975
13, 2205, 1056
14, 2206, 1109
15, 2207, 1466
16, 2208, 1473
17, 2209, 1601
18, 2210, 1629
19, 2211, 1716
20, 2212, 1758
21, 2213, 1855
22, 2214, 1876
23, 2215, 2118
24, 2216, 2131
25, 14, 2217
26, 37, 14
27, 56, 37
28, 101, 56
29, 14, 13
30, 144, 101
31, 101, 102
32, 178, 144
33, 191, 178
34, 220, 191
35, 144, 143
36, 257, 220
37, 220, 219
38, 2309, 257
39, 2310, 2309
40, 353, 2310
41, 257, 258
42, 392, 353
43, 353, 354
44, 409, 392
45, 456, 409
46, 461, 456
47, 392, 391
48, 522, 461
49, 461, 462
50, 570, 522
51, 591, 570
52, 522, 521
53, 632, 591
54, 591, 590
55, 2311, 632
56, 2312, 2311
57, 743, 2312
58, 632, 633
59, 789, 743
60, 743, 742
61, 807, 789
62, 849, 807
63, 865, 849
64, 789, 788
65, 903, 865
66, 865, 864
67, 935, 903
68, 975, 935
69, 999, 975
70, 903, 904
71, 1036, 999
72, 999, 998
73, 1056, 1036
74, 1109, 1056
75, 1135, 1109
76, 1036, 1037
77, 1165, 1135
78, 1135, 1134
79, 2313, 1165
80, 2314, 2313
81, 1266, 2314
82, 1165, 1164
83, 1280, 1266
84, 1266, 1267
85, 2218, 1280
86, 1405, 2219
87, 1280, 1281
88, 1431, 1405
89, 1405, 1404
90, 1466, 1431
91, 1473, 1466
92, 1512, 1473
93, 1431, 1430
94, 1551, 1512
95, 1512, 1513
96, 1601, 1551
97, 1629, 1601
98, 1654, 1629
99, 1551, 1550
100, 1687, 1654
101, 1654, 1655
102, 1716, 1687
103, 1758, 1716
104, 1786, 1758
105, 1687, 1686
106, 1826, 1786
107, 1786, 1787
108, 1855, 1826
109, 1876, 1855
110, 2188, 1876
111, 1826, 1827
112, 2220, 2188
113, 2058, 2221
114, 2086, 2058
115, 2058, 2059
116, 2118, 2086
117, 2131, 2118
118, 2179, 2131
119, 2086, 2087
120, 2222, 2179
121, 2179, 2178
122, 13, 2223
123, 38, 13
124, 71, 38
125, 38, 39
126, 102, 71
127, 143, 102
128, 161, 143
129, 71, 72
130, 187, 161
131, 161, 160
132, 219, 187
133, 258, 219
134, 302, 258
135, 187, 188
136, 312, 302
137, 302, 301
138, 354, 312
139, 391, 354
140, 417, 391
141, 312, 311
142, 455, 417
143, 417, 418
144, 462, 455
145, 521, 462
146, 525, 521
147, 455, 454
148, 577, 525
149, 525, 526
150, 590, 577
151, 633, 590
152, 670, 633
153, 577, 578
154, 718, 670
155, 670, 669
156, 742, 718
157, 788, 742
158, 795, 788
159, 718, 717
160, 827, 795
161, 795, 796
162, 864, 827
163, 904, 864
164, 952, 904
165, 827, 826
166, 971, 952
167, 952, 951
168, 998, 971
169, 1037, 998
170, 1068, 1037
171, 971, 972
172, 1099, 1068
173, 1068, 1067
174, 1134, 1099
175, 1164, 1134
176, 1200, 1164
177, 1099, 1098
178, 1233, 1200
179, 1200, 1201
180, 1267, 1233
181, 1281, 1267
182, 1329, 1281
183, 1233, 1232
184, 1350, 1329
185, 1329, 1328
186, 1404, 1350
187, 1430, 1404
188, 1465, 1430
189, 1350, 1351
190, 1495, 1465
191, 1465, 1464
192, 1513, 1495
193, 1550, 1513
194, 1576, 1550
195, 1495, 1494
196, 1612, 1576
197, 1576, 1577
198, 1655, 1612
199, 1686, 1655
200, 1727, 1686
201, 1612, 1611
202, 1762, 1727
203, 1727, 1728
204, 1787, 1762
205, 1827, 1787
206, 1851, 1827
207, 1762, 1763
208, 1883, 1851
209, 1851, 1850
210, 2188, 1883
211, 1998, 2188
212, 1883, 1884
213, 2059, 2003
214, 2087, 2059
215, 2117, 2087
216, 2162, 2117
217, 2117, 2116
218, 2178, 2162
219, 2224, 2178
220, 2162, 2163
221, 16, 2225
222, 39, 16
223, 72, 39
224, 91, 72
225, 16, 15
226, 145, 91
227, 91, 92
228, 160, 145
229, 188, 160
230, 218, 188
231, 145, 146
232, 253, 218
233, 218, 217
234, 301, 253
235, 311, 301
236, 356, 311
237, 253, 254
238, 368, 356
239, 356, 355
240, 418, 368
241, 454, 418
242, 486, 454
243, 368, 369
244, 504, 486
245, 486, 485
246, 526, 504
247, 578, 526
248, 606, 578
249, 504, 503
250, 637, 606
251, 606, 607
252, 669, 637
253, 717, 669
254, 746, 717
255, 637, 636
256, 765, 746
257, 746, 747
258, 796, 765
259, 826, 796
260, 890, 826
261, 765, 764
262, 951, 892
263, 972, 951
264, 1007, 972
265, 1020, 1007
266, 1007, 1006
267, 1067, 1020
268, 1098, 1067
269, 1150, 1098
270, 1020, 1021
271, 1161, 1150
272, 1150, 1151
273, 1201, 1161
274, 1232, 1201
275, 1269, 1232
276, 1161, 1160
277, 1288, 1269
278, 1269, 1268
279, 1328, 1288
280, 1351, 1328
281, 1393, 1351
282, 1288, 1289
283, 1426, 1393
284, 1393, 1392
285, 1464, 1426
286, 1494, 1464
287, 1516, 1494
288, 1426, 1427
289, 1539, 1516
290, 1516, 1517
291, 1577, 1539
292, 1611, 1577
293, 1668, 1611
294, 1539, 1538
295, 1681, 1668
296, 1668, 1669
297, 1728, 1681
298, 1763, 1728
299, 1799, 1763
300, 1681, 1680
301, 1830, 1799
302, 1799, 1798
303, 1850, 1830
304, 1884, 1850
305, 1916, 1884
306, 1830, 1831
307, 1943, 1916
308, 1916, 1917
309, 2003, 1998
310, 1998, 1943
311, 2064, 2003
312, 1943, 1942
313, 2116, 2067
314, 2163, 2116
315, 2185, 2163
316, 2226, 2185
317, 2185, 2184
318, 15, 2227
319, 51, 15
320, 75, 51
321, 51, 50
322, 92, 75
323, 146, 92
324, 157, 146
325, 75, 76
326, 194, 157
327, 157, 158
328, 217, 194
329, 254, 217
330, 298, 254
331, 194, 195
332, 321, 298
333, 298, 297
334, 355, 321
335, 369, 355
336, 408, 369
337, 321, 322
338, 435, 408
339, 408, 407
340, 485, 435
341, 503, 485
342, 541, 503
343, 435, 436
344, 557, 541
345, 541, 542
346, 607, 557
347, 636, 607
348, 689, 636
349, 557, 556
350, 708, 689
351, 689, 690
352, 747, 708
353, 764, 747
354, 806, 764
355, 708, 707
356, 841, 806
357, 806, 805
358, 892, 890
359, 890, 841
360, 939, 892
361, 841, 840
362, 965, 939
363, 939, 940
364, 1006, 965
365, 1021, 1006
366, 1063, 1021
367, 965, 966
368, 1107, 1063
369, 1063, 1064
370, 1151, 1107
371, 1160, 1151
372, 1196, 1160
373, 1107, 1106
374, 1216, 1196
375, 1196, 1197
376, 1268, 1216
377, 1289, 1268
378, 1339, 1289
379, 1216, 1217
380, 1364, 1339
381, 1339, 1338
382, 1392, 1364
383, 1427, 1392
384, 1451, 1427
385, 1364, 1365
386, 1496, 1451
387, 1451, 1450
388, 1517, 1496
389, 1538, 1517
390, 1571, 1538
391, 1496, 1497
392, 1635, 1571
393, 1571, 1570
394, 1669, 1635
395, 1680, 1669
396, 1706, 1680
397, 1635, 1634
398, 1764, 1706
399, 1706, 1707
400, 1798, 1764
401, 1831, 1798
402, 1848, 1831
403, 1764, 1765
404, 1894, 1848
405, 1848, 1849
406, 1917, 1894
407, 1942, 1917
408, 1978, 1942
409, 1894, 1893
410, 2002, 1978
411, 1978, 1979
412, 2067, 2064
413, 2064, 2002
414, 2129, 2067
415, 2002, 2001
416, 2135, 2129
417, 2129, 2130
418, 2184, 2135
419, 2228, 2184
420, 2135, 2134
421, 50, 2229
422, 76, 50
423, 107, 76
424, 120, 107
425, 107, 108
426, 158, 120
427, 195, 158
428, 241, 195
429, 120, 121
430, 269, 241
431, 241, 242
432, 297, 269
433, 322, 297
434, 341, 322
435, 269, 270
436, 385, 341
437, 341, 342
438, 407, 385
439, 436, 407
440, 466, 436
441, 385, 386
442, 492, 466
443, 466, 465
444, 542, 492
445, 556, 542
446, 620, 556
447, 492, 491
448, 626, 620
449, 620, 621
450, 690, 626
451, 707, 690
452, 750, 707
453, 626, 627
454, 784, 750
455, 750, 751
456, 805, 784
457, 840, 805
458, 870, 840
459, 784, 785
460, 918, 870
461, 870, 871
462, 940, 918
463, 966, 940
464, 985, 966
465, 918, 917
466, 1024, 985
467, 985, 984
468, 1064, 1024
469, 1106, 1064
470, 1149, 1106
471, 1024, 1025
472, 1172, 1149
473, 1149, 1148
474, 1197, 1172
475, 1217, 1197
476, 1259, 1217
477, 1172, 1173
478, 1306, 1259
479, 1259, 1258
480, 1338, 1306
481, 1365, 1338
482, 1383, 1365
483, 1306, 1307
484, 1417, 1383
485, 1383, 1382
486, 1450, 1417
487, 1497, 1450
488, 1524, 1497
489, 1417, 1416
490, 1540, 1524
491, 1524, 1525
492, 1570, 1540
493, 1634, 1570
494, 1666, 1634
495, 1540, 1541
496, 1685, 1666
497, 1666, 1667
498, 1707, 1685
499, 1765, 1707
500, 1782, 1765
501, 1685, 1684
502, 1839, 1782
503, 1782, 1783
504, 1849, 1839
505, 1893, 1849
506, 1909, 1893
507, 1839, 1838
508, 1966, 1909
509, 1909, 1908
510, 1979, 1966
511, 2001, 1979
512, 2034, 2001
513, 1966, 1967
514, 2096, 2034
515, 2034, 2035
516, 2130, 2096
517, 2134, 2130
518, 2166, 2134
519, 2096, 2097
520, 2230, 2166
521, 2166, 2167
522, 52, 2231
523, 62, 52
524, 52, 53
525, 108, 62
526, 121, 108
527, 179, 121
528, 62, 61
529, 242, 183
530, 270, 242
531, 303, 270
532, 325, 303
533, 303, 304
534, 342, 325
535, 386, 342
536, 404, 386
537, 325, 326
538, 429, 404
539, 404, 403
540, 465, 429
541, 491, 465
542, 553, 491
543, 429, 430
544, 582, 553
545, 553, 552
546, 621, 582
547, 627, 621
548, 661, 627
549, 582, 581
550, 703, 661
551, 661, 662
552, 751, 703
553, 785, 751
554, 819, 785
555, 703, 704
556, 833, 819
557, 819, 818
558, 871, 833
559, 917, 871
560, 943, 917
561, 833, 832
562, 983, 943
563, 943, 944
564, 984, 983
565, 1025, 984
566, 1057, 1025
567, 983, 982
568, 1088, 1057
569, 1057, 1058
570, 1148, 1088
571, 1173, 1148
572, 1212, 1173
573, 1088, 1089
574, 1218, 1212
575, 1212, 1211
576, 1258, 1218
577, 1307, 1258
578, 1337, 1307
579, 1218, 1219
580, 1348, 1337
581, 1337, 1336
582, 1382, 1348
583, 1416, 1382
584, 1454, 1416
585, 1348, 1349
586, 1487, 1454
587, 1454, 1455
588, 1525, 1487
589, 1541, 1525
590, 1591, 1541
591, 1487, 1486
592, 1618, 1591
593, 1591, 1592
594, 1667, 1618
595, 1684, 1667
596, 1729, 1684
597, 1618, 1617
598, 1741, 1729
599, 1729, 1730
600, 1783, 1741
601, 1838, 1783
602, 1872, 1838
603, 1741, 1740
604, 1908, 1872
605, 1967, 1908
606, 1997, 1967
607, 1872, 1873
608, 2026, 1997
609, 1997, 1996
610, 2035, 2026
611, 2097, 2035
612, 2099, 2097
613, 2026, 2027
614, 2156, 2099
615, 2099, 2098
616, 2167, 2156
617, 2232, 2167
618, 2156, 2157
619, 6, 2233
620, 53, 6
621, 61, 53
622, 105, 61
623, 6, 5
624, 129, 105
625, 105, 106
626, 183, 179
627, 179, 129
628, 228, 183
629, 129, 130
630, 267, 228
631, 228, 227
632, 304, 267
633, 326, 304
634, 340, 326
635, 267, 268
636, 387, 340
637, 340, 339
638, 403, 387
639, 430, 403
640, 468, 430
641, 387, 388
642, 519, 468
643, 468, 467
644, 552, 519
645, 581, 552
646, 596, 581
647, 519, 520
648, 655, 596
649, 596, 597
650, 662, 655
651, 704, 662
652, 724, 704
653, 655, 654
654, 774, 724
655, 724, 725
656, 818, 774
657, 832, 818
658, 872, 832
659, 774, 775
660, 920, 872
661, 872, 873
662, 944, 920
663, 982, 944
664, 990, 982
665, 920, 919
666, 1049, 990
667, 990, 991
668, 1058, 1049
669, 1089, 1058
670, 1123, 1089
671, 1049, 1048
672, 1184, 1123
673, 1123, 1122
674, 1211, 1184
675, 1219, 1211
676, 1245, 1219
677, 1184, 1185
678, 1290, 1245
679, 1245, 1244
680, 1336, 1290
681, 1349, 1336
682, 1396, 1349
683, 1290, 1291
684, 1429, 1396
685, 1396, 1397
686, 1455, 1429
687, 1486, 1455
688, 1504, 1486
689, 1429, 1428
690, 1564, 1504
691, 1504, 1505
692, 1592, 1564
693, 1617, 1592
694, 1642, 1617
695, 1564, 1565
696, 1691, 1642
697, 1642, 1643
698, 1730, 1691
699, 1740, 1730
700, 1796, 1740
701, 1691, 1690
702, 1820, 1796
703, 1796, 1797
704, 1873, 1820
705, 1925, 1873
706, 1820, 1819
707, 1938, 1925
708, 1925, 1924
709, 1996, 1938
710, 2027, 1996
711, 2063, 2027
712, 1938, 1939
713, 2078, 2063
714, 2063, 2062
715, 2098, 2078
716, 2157, 2098
717, 2183, 2157
718, 2078, 2079
719, 2234, 2183
720, 2183, 2182
721, 5, 2235
722, 28, 5
723, 78, 28
724, 28, 27
725, 106, 78
726, 130, 106
727, 162, 130
728, 78, 77
729, 196, 162
730, 162, 163
731, 227, 196
732, 268, 227
733, 287, 268
734, 196, 197
735, 333, 287
736, 287, 288
737, 339, 333
738, 388, 339
739, 396, 388
740, 333, 334
741, 437, 396
742, 396, 395
743, 467, 437
744, 520, 467
745, 543, 520
746, 437, 438
747, 565, 543
748, 543, 544
749, 597, 565
750, 654, 597
751, 682, 654
752, 565, 564
753, 691, 682
754, 682, 681
755, 725, 691
756, 775, 725
757, 825, 775
758, 691, 692
759, 851, 825
760, 825, 824
761, 873, 851
762, 919, 873
763, 932, 919
764, 851, 850
765, 980, 932
766, 932, 931
767, 991, 980
768, 1048, 991
769, 1054, 1048
770, 980, 981
771, 1096, 1054
772, 1054, 1055
773, 1122, 1096
774, 1185, 1122
775, 1207, 1185
776, 1096, 1097
777, 1227, 1207
778, 1207, 1206
779, 1244, 1227
780, 1291, 1244
781, 1332, 1291
782, 1227, 1228
783, 1353, 1332
784, 1332, 1333
785, 1397, 1353
786, 1428, 1397
787, 1460, 1428
788, 1353, 1352
789, 1501, 1460
790, 1460, 1461
791, 1505, 1501
792, 1565, 1505
793, 1572, 1565
794, 1501, 1500
795, 1606, 1572
796, 1572, 1573
797, 1643, 1606
798, 1690, 1643
799, 1737, 1690
800, 1606, 1607
801, 1754, 1737
802, 1737, 1736
803, 1797, 1754
804, 1819, 1797
805, 1860, 1819
806, 1754, 1755
807, 1899, 1860
808, 1860, 1861
809, 1924, 1899
810, 1939, 1924
811, 1973, 1939
812, 1899, 1900
813, 2012, 1973
814, 1973, 1972
815, 2062, 2012
816, 2079, 2062
817, 2124, 2079
818, 2012, 2013
819, 2132, 2124
820, 2124, 2123
821, 2182, 2132
822, 2236, 2182
823, 2132, 2133
824, 27, 2315
825, 77, 27
826, 109, 77
827, 2315, 2316
828, 125, 109
829, 109, 110
830, 163, 125
831, 197, 163
832, 231, 197
833, 125, 126
834, 250, 231
835, 231, 232
836, 288, 250
837, 334, 288
838, 361, 334
839, 250, 249
840, 366, 361
841, 361, 362
842, 395, 366
843, 438, 395
844, 487, 438
845, 366, 367
846, 514, 487
847, 487, 488
848, 544, 514
849, 564, 544
850, 601, 564
851, 514, 513
852, 651, 601
853, 601, 600
854, 681, 651
855, 692, 681
856, 730, 692
857, 651, 650
858, 773, 730
859, 730, 731
860, 824, 773
861, 850, 824
862, 879, 850
863, 773, 772
864, 896, 879
865, 879, 878
866, 931, 896
867, 981, 931
868, 1016, 981
869, 896, 895
870, 1031, 1016
871, 1016, 1017
872, 1055, 1031
873, 1097, 1055
874, 1142, 1097
875, 1031, 1030
876, 1166, 1142
877, 1142, 1143
878, 1206, 1166
879, 1228, 1206
880, 1262, 1228
881, 1166, 1167
882, 1285, 1262
883, 1262, 1263
884, 1333, 1285
885, 1352, 1333
886, 1402, 1352
887, 1285, 1284
888, 1438, 1402
889, 1402, 1403
890, 1461, 1438
891, 1500, 1461
892, 1509, 1500
893, 1438, 1439
894, 1566, 1509
895, 1509, 1508
896, 1573, 1566
897, 1607, 1573
898, 1641, 1607
899, 1566, 1567
900, 1700, 1641
901, 1641, 1640
902, 1736, 1700
903, 1755, 1736
904, 1778, 1755
905, 1700, 1701
906, 1810, 1778
907, 1778, 1779
908, 1861, 1810
909, 1900, 1861
910, 1934, 1900
911, 1810, 1809
912, 1961, 1934
913, 1934, 1935
914, 1972, 1961
915, 2013, 1972
916, 2033, 2013
917, 1961, 1960
918, 2072, 2033
919, 2033, 2032
920, 2123, 2072
921, 2133, 2123
922, 2237, 2133
923, 2072, 2073
924, 44, 2316
925, 74, 44
926, 44, 45
927, 110, 74
928, 126, 110
929, 165, 126
930, 74, 73
931, 201, 165
932, 165, 164
933, 232, 201
934, 249, 232
935, 293, 249
936, 201, 200
937, 320, 293
938, 293, 294
939, 362, 320
940, 367, 362
941, 416, 367
942, 320, 319
943, 488, 427
944, 513, 488
945, 554, 513
946, 568, 554
947, 554, 555
948, 600, 568
949, 650, 600
950, 686, 650
951, 568, 569
952, 694, 686
953, 686, 685
954, 731, 694
955, 772, 731
956, 823, 772
957, 694, 693
958, 834, 823
959, 823, 822
960, 878, 834
961, 895, 878
962, 945, 895
963, 834, 835
964, 974, 945
965, 945, 946
966, 1017, 974
967, 1030, 1017
968, 1052, 1030
969, 974, 973
970, 1104, 1052
971, 1052, 1053
972, 1143, 1104
973, 1167, 1143
974, 1203, 1167
975, 1104, 1105
976, 1229, 1203
977, 1203, 1202
978, 1263, 1229
979, 1284, 1263
980, 1326, 1284
981, 1229, 1230
982, 1344, 1326
983, 1326, 1327
984, 1403, 1344
985, 1439, 1403
986, 1472, 1439
987, 1344, 1343
988, 1508, 1472
989, 1567, 1508
990, 1602, 1567
991, 1472, 1471
992, 1627, 1602
993, 1602, 1603
994, 1640, 1627
995, 1701, 1640
996, 1712, 1701
997, 1627, 1628
998, 1747, 1712
999, 1712, 1713
1000, 1779, 1747
1001, 1809, 1779
1002, 1868, 1809
1003, 1747, 1746
1004, 1892, 1868
1005, 1868, 1869
1006, 1935, 1892
1007, 1960, 1935
1008, 1975, 1960
1009, 1892, 1891
1010, 2018, 1975
1011, 1975, 1974
1012, 2032, 2018
1013, 2073, 2032
1014, 2111, 2073
1015, 2018, 2019
1016, 2161, 2111
1017, 2111, 2110
1018, 2238, 2161
1019, 2161, 2160
1020, 45, 2239
1021, 73, 45
1022, 114, 73
1023, 138, 114
1024, 114, 113
1025, 164, 138
1026, 200, 164
1027, 223, 200
1028, 138, 137
1029, 265, 223
1030, 223, 224
1031, 294, 265
1032, 319, 294
1033, 345, 319
1034, 265, 266
1035, 364, 345
1036, 345, 346
1037, 427, 416
1038, 416, 364
1039, 489, 427
1040, 364, 363
1041, 515, 489
1042, 489, 490
1043, 555, 515
1044, 569, 555
1045, 592, 569
1046, 515, 516
1047, 625, 592
1048, 592, 593
1049, 685, 625
1050, 693, 685
1051, 757, 693
1052, 625, 624
1053, 790, 757
1054, 757, 756
1055, 822, 790
1056, 835, 822
1057, 861, 835
1058, 790, 791
1059, 912, 861
1060, 861, 860
1061, 946, 912
1062, 973, 946
1063, 992, 973
1064, 912, 911
1065, 1051, 992
1066, 992, 993
1067, 1053, 1051
1068, 1105, 1053
1069, 1121, 1105
1070, 1051, 1050
1071, 1162, 1121
1072, 1121, 1120
1073, 1202, 1162
1074, 1230, 1202
1075, 1265, 1230
1076, 1162, 1163
1077, 1293, 1265
1078, 1265, 1264
1079, 1327, 1293
1080, 1343, 1327
1081, 1380, 1343
1082, 1293, 1292
1083, 1437, 1380
1084, 1380, 1381
1085, 1471, 1437
1086, 1515, 1471
1087, 1437, 1436
1088, 1542, 1515
1089, 1515, 1514
1090, 1603, 1542
1091, 1628, 1603
1092, 1665, 1628
1093, 1542, 1543
1094, 1675, 1665
1095, 1665, 1664
1096, 1713, 1675
1097, 1746, 1713
1098, 1806, 1746
1099, 1675, 1674
1100, 1869, 1823
1101, 1891, 1869
1102, 1907, 1891
1103, 1946, 1907
1104, 1907, 1906
1105, 1974, 1946
1106, 2019, 1974
1107, 2053, 2019
1108, 1946, 1947
1109, 2092, 2053
1110, 2053, 2052
1111, 2110, 2092
1112, 2160, 2110
1113, 2168, 2160
1114, 2092, 2093
1115, 2240, 2168
1116, 2168, 2169
1117, 49, 2241
1118, 84, 49
1119, 49, 48
1120, 113, 84
1121, 137, 113
1122, 151, 137
1123, 84, 83
1124, 185, 151
1125, 151, 152
1126, 224, 185
1127, 266, 224
1128, 2189, 266
1129, 185, 186
1130, 346, 2189
1131, 363, 346
1132, 414, 363
1133, 440, 414
1134, 414, 415
1135, 490, 440
1136, 516, 490
1137, 536, 516
1138, 440, 441
1139, 574, 536
1140, 536, 535
1141, 593, 574
1142, 624, 593
1143, 677, 624
1144, 574, 573
1145, 721, 677
1146, 677, 678
1147, 756, 721
1148, 791, 756
1149, 800, 791
1150, 721, 722
1151, 854, 800
1152, 800, 799
1153, 860, 854
1154, 911, 860
1155, 928, 911
1156, 854, 855
1157, 957, 928
1158, 928, 927
1159, 993, 957
1160, 1050, 993
1161, 1083, 1050
1162, 957, 958
1163, 1094, 1083
1164, 1083, 1082
1165, 1120, 1094
1166, 1163, 1120
1167, 1214, 1163
1168, 1094, 1095
1169, 1264, 1214
1170, 1292, 1264
1171, 1341, 1292
1172, 1214, 1213
1173, 1359, 1341
1174, 1341, 1340
1175, 1381, 1359
1176, 1436, 1381
1177, 1462, 1436
1178, 1359, 1358
1179, 1479, 1462
1180, 1462, 1463
1181, 1514, 1479
1182, 1543, 1514
1183, 1593, 1543
1184, 1479, 1478
1185, 1630, 1593
1186, 1593, 1594
1187, 1664, 1630
1188, 1674, 1664
1189, 1715, 1674
1190, 1630, 1631
1191, 1743, 1715
1192, 1715, 1714
1193, 1823, 1806
1194, 1806, 1743
1195, 1871, 1823
1196, 1743, 1742
1197, 1879, 1871
1198, 1871, 1870
1199, 1906, 1879
1200, 1947, 1906
1201, 1993, 1947
1202, 1879, 1880
1203, 2021, 1993
1204, 1993, 1992
1205, 2052, 2021
1206, 2093, 2052
1207, 2108, 2093
1208, 2021, 2020
1209, 2143, 2108
1210, 2108, 2109
1211, 2169, 2143
1212, 2242, 2169
1213, 2143, 2142
1214, 2, 2243
1215, 48, 2
1216, 83, 48
1217, 94, 83
1218, 2, 1
1219, 131, 94
1220, 94, 93
1221, 152, 131
1222, 186, 152
1223, 244, 186
1224, 131, 132
1225, 2189, 244
1226, 365, 2189
1227, 244, 243
1228, 415, 380
1229, 441, 415
1230, 472, 441
1231, 501, 472
1232, 472, 471
1233, 535, 501
1234, 573, 535
1235, 614, 573
1236, 501, 502
1237, 630, 614
1238, 614, 615
1239, 678, 630
1240, 722, 678
1241, 753, 722
1242, 630, 631
1243, 759, 753
1244, 753, 752
1245, 799, 759
1246, 855, 799
1247, 888, 855
1248, 759, 758
1249, 893, 888
1250, 888, 889
1251, 927, 893
1252, 958, 927
1253, 1013, 958
1254, 893, 894
1255, 1046, 1013
1256, 1013, 1012
1257, 1082, 1046
1258, 1095, 1082
1259, 1124, 1095
1260, 1046, 1047
1261, 1169, 1124
1262, 1124, 1125
1263, 1213, 1169
1264, 1260, 1213
1265, 1169, 1168
1266, 1298, 1260
1267, 1260, 1261
1268, 1340, 1298
1269, 1358, 1340
1270, 1385, 1358
1271, 1298, 1299
1272, 1421, 1385
1273, 1385, 1384
1274, 1463, 1421
1275, 1478, 1463
1276, 1526, 1478
1277, 1421, 1420
1278, 1555, 1526
1279, 1526, 1527
1280, 1594, 1555
1281, 1631, 1594
1282, 1649, 1631
1283, 1555, 1554
1284, 1697, 1649
1285, 1649, 1648
1286, 1714, 1697
1287, 1742, 1714
1288, 1788, 1742
1289, 1697, 1696
1290, 1832, 1788
1291, 1788, 1789
1292, 1870, 1832
1293, 1880, 1870
1294, 1913, 1880
1295, 1832, 1833
1296, 1963, 1913
1297, 1913, 1912
1298, 1992, 1963
1299, 2020, 1992
1300, 2038, 2020
1301, 1963, 1962
1302, 2074, 2038
1303, 2038, 2039
1304, 2109, 2074
1305, 2142, 2109
1306, 2317, 2142
1307, 2074, 2075
1308, 2317, 2318
1309, 1, 2244
1310, 43, 1
1311, 79, 43
1312, 43, 42
1313, 93, 79
1314, 132, 93
1315, 168, 132
1316, 79, 80
1317, 243, 184
1318, 305, 243
1319, 380, 365
1320, 365, 305
1321, 425, 380
1322, 305, 306
1323, 446, 425
1324, 425, 426
1325, 471, 446
1326, 502, 471
1327, 532, 502
1328, 446, 447
1329, 583, 532
1330, 532, 531
1331, 615, 583
1332, 631, 615
1333, 668, 631
1334, 583, 584
1335, 697, 668
1336, 668, 667
1337, 752, 697
1338, 758, 752
1339, 820, 758
1340, 697, 698
1341, 846, 820
1342, 820, 821
1343, 889, 846
1344, 894, 889
1345, 937, 894
1346, 846, 845
1347, 967, 937
1348, 937, 936
1349, 1012, 967
1350, 1047, 1012
1351, 1070, 1047
1352, 967, 968
1353, 1103, 1070
1354, 1070, 1069
1355, 1125, 1103
1356, 1168, 1125
1357, 1198, 1168
1358, 1103, 1102
1359, 1240, 1198
1360, 1198, 1199
1361, 1261, 1240
1362, 1299, 1261
1363, 1315, 1299
1364, 1240, 1241
1365, 1372, 1315
1366, 1315, 1314
1367, 1384, 1372
1368, 1420, 1384
1369, 1443, 1420
1370, 1372, 1373
1371, 1484, 1443
1372, 1443, 1442
1373, 1527, 1484
1374, 1554, 1527
1375, 1581, 1554
1376, 1484, 1485
1377, 1615, 1581
1378, 1581, 1582
1379, 1648, 1615
1380, 1696, 1648
1381, 1726, 1696
1382, 1615, 1616
1383, 1766, 1726
1384, 1726, 1725
1385, 1789, 1766
1386, 1833, 1789
1387, 1858, 1833
1388, 1766, 1767
1389, 1874, 1858
1390, 1858, 1859
1391, 1912, 1874
1392, 1962, 1912
1393, 1999, 1962
1394, 1874, 1875
1395, 2009, 1999
1396, 1999, 2000
1397, 2039, 2009
1398, 2075, 2039
1399, 2122, 2075
1400, 2009, 2008
1401, 2144, 2122
1402, 2122, 2121
1403, 2318, 2144
1404, 2144, 2145
1405, 42, 2245
1406, 80, 42
1407, 118, 80
1408, 184, 168
1409, 168, 118
1410, 245, 184
1411, 118, 117
1412, 272, 245
1413, 245, 246
1414, 306, 272
1415, 343, 306
1416, 272, 271
1417, 375, 343
1418, 343, 344
1419, 426, 375
1420, 447, 426
1421, 480, 447
1422, 375, 374
1423, 497, 480
1424, 480, 479
1425, 531, 497
1426, 584, 531
1427, 617, 584
1428, 497, 498
1429, 641, 617
1430, 617, 616
1431, 667, 641
1432, 698, 667
1433, 741, 698
1434, 641, 640
1435, 787, 741
1436, 741, 740
1437, 821, 787
1438, 845, 821
1439, 862, 845
1440, 787, 786
1441, 905, 862
1442, 862, 863
1443, 936, 905
1444, 968, 936
1445, 1003, 968
1446, 905, 906
1447, 1028, 1003
1448, 1003, 1002
1449, 1069, 1028
1450, 1102, 1069
1451, 1140, 1102
1452, 1028, 1029
1453, 1159, 1140
1454, 1140, 1141
1455, 1199, 1159
1456, 1241, 1199
1457, 1274, 1241
1458, 1159, 1158
1459, 1311, 1274
1460, 1274, 1275
1461, 1314, 1311
1462, 1373, 1314
1463, 1374, 1373
1464, 1311, 1310
1465, 1425, 1374
1466, 1374, 1375
1467, 1442, 1425
1468, 1485, 1442
1469, 1520, 1485
1470, 1425, 1424
1471, 1569, 1520
1472, 1520, 1521
1473, 1582, 1569
1474, 1616, 1582
1475, 1639, 1616
1476, 1569, 1568
1477, 1689, 1639
1478, 1639, 1638
1479, 1725, 1689
1480, 1767, 1725
1481, 1794, 1767
1482, 1689, 1688
1483, 1822, 1794
1484, 1794, 1795
1485, 1859, 1822
1486, 1875, 1859
1487, 1918, 1875
1488, 1822, 1821
1489, 1952, 1918
1490, 1918, 1919
1491, 2000, 1952
1492, 2008, 2000
1493, 2049, 2008
1494, 1952, 1953
1495, 2077, 2049
1496, 2049, 2048
1497, 2121, 2077
1498, 2145, 2121
1499, 2187, 2145
1500, 2077, 2076
1501, 2246, 2187
1502, 2187, 2186
1503, 46, 2247
1504, 69, 46
1505, 46, 47
1506, 117, 69
1507, 171, 117
1508, 69, 70
1509, 246, 202
1510, 271, 246
1511, 280, 271
1512, 329, 280
1513, 280, 279
1514, 344, 329
1515, 374, 344
1516, 400, 374
1517, 329, 330
1518, 457, 400
1519, 400, 399
1520, 479, 457
1521, 498, 479
1522, 523, 498
1523, 457, 458
1524, 587, 523
1525, 523, 524
1526, 616, 587
1527, 640, 616
1528, 663, 640
1529, 587, 586
1530, 706, 663
1531, 663, 664
1532, 740, 706
1533, 786, 740
1534, 809, 786
1535, 706, 705
1536, 838, 809
1537, 809, 808
1538, 863, 838
1539, 906, 863
1540, 942, 906
1541, 838, 839
1542, 976, 942
1543, 942, 941
1544, 1002, 976
1545, 1029, 1002
1546, 1062, 1029
1547, 976, 977
1548, 1101, 1062
1549, 1062, 1061
1550, 1141, 1101
1551, 1158, 1141
1552, 1210, 1158
1553, 1101, 1100
1554, 1275, 1226
1555, 1310, 1275
1556, 1321, 1310
1557, 1366, 1321
1558, 1321, 1320
1559, 1375, 1366
1560, 1424, 1375
1561, 1444, 1424
1562, 1366, 1367
1563, 1491, 1444
1564, 1444, 1445
1565, 1521, 1491
1566, 1568, 1521
1567, 1585, 1568
1568, 1491, 1490
1569, 1637, 1585
1570, 1585, 1586
1571, 1638, 1637
1572, 1688, 1638
1573, 1708, 1688
1574, 1637, 1636
1575, 1753, 1708
1576, 1708, 1709
1577, 1795, 1753
1578, 1821, 1795
1579, 1856, 1821
1580, 1753, 1752
1581, 1903, 1856
1582, 1856, 1857
1583, 1919, 1903
1584, 1953, 1919
1585, 1981, 1953
1586, 1903, 1902
1587, 2030, 1981
1588, 1981, 1980
1589, 2048, 2030
1590, 2076, 2048
1591, 2101, 2076
1592, 2030, 2031
1593, 2158, 2101
1594, 2101, 2100
1595, 2186, 2158
1596, 2248, 2186
1597, 2158, 2159
1598, 7, 2249
1599, 47, 7
1600, 70, 47
1601, 97, 70
1602, 7, 8
1603, 122, 97
1604, 97, 98
1605, 202, 171
1606, 171, 122
1607, 239, 202
1608, 122, 123
1609, 263, 239
1610, 239, 240
1611, 279, 263
1612, 330, 279
1613, 347, 330
1614, 263, 264
1615, 381, 347
1616, 347, 348
1617, 399, 381
1618, 458, 399
1619, 475, 458
1620, 381, 382
1621, 495, 475
1622, 475, 476
1623, 524, 495
1624, 586, 524
1625, 618, 586
1626, 495, 496
1627, 652, 618
1628, 618, 619
1629, 664, 652
1630, 705, 664
1631, 728, 705
1632, 652, 653
1633, 762, 728
1634, 728, 729
1635, 808, 762
1636, 839, 808
1637, 884, 839
1638, 762, 763
1639, 909, 884
1640, 884, 885
1641, 941, 909
1642, 977, 941
1643, 996, 977
1644, 909, 910
1645, 1044, 996
1646, 996, 997
1647, 1061, 1044
1648, 1100, 1061
1649, 1127, 1100
1650, 1044, 1045
1651, 1154, 1127
1652, 1127, 1126
1653, 1226, 1210
1654, 1210, 1154
1655, 1276, 1226
1656, 1154, 1155
1657, 1296, 1276
1658, 1276, 1277
1659, 1320, 1296
1660, 1367, 1320
1661, 1388, 1367
1662, 1296, 1297
1663, 1410, 1388
1664, 1388, 1389
1665, 1445, 1410
1666, 1490, 1445
1667, 1532, 1490
1668, 1410, 1411
1669, 1544, 1532
1670, 1532, 1533
1671, 1586, 1544
1672, 1636, 1586
1673, 1662, 1636
1674, 1544, 1545
1675, 1676, 1662
1676, 1662, 1663
1677, 1709, 1676
1678, 1752, 1709
1679, 1802, 1752
1680, 1676, 1677
1681, 1811, 1802
1682, 1802, 1803
1683, 1857, 1811
1684, 1902, 1857
1685, 1932, 1902
1686, 1811, 1812
1687, 1956, 1932
1688, 1932, 1933
1689, 1980, 1956
1690, 2031, 1980
1691, 2042, 2031
1692, 1956, 1957
1693, 2090, 2042
1694, 2042, 2043
1695, 2100, 2090
1696, 2159, 2100
1697, 2173, 2159
1698, 2090, 2091
1699, 2250, 2173
1700, 2173, 2172
1701, 8, 2251
1702, 32, 8
1703, 86, 32
1704, 32, 31
1705, 98, 86
1706, 123, 98
1707, 155, 123
1708, 86, 85
1709, 207, 155
1710, 155, 156
1711, 240, 207
1712, 264, 240
1713, 282, 264
1714, 207, 208
1715, 309, 282
1716, 282, 281
1717, 348, 309
1718, 382, 348
1719, 420, 382
1720, 309, 310
1721, 450, 420
1722, 420, 419
1723, 476, 450
1724, 496, 476
1725, 534, 496
1726, 450, 451
1727, 560, 534
1728, 534, 533
1729, 619, 560
1730, 653, 619
1731, 676, 653
1732, 560, 561
1733, 712, 676
1734, 676, 675
1735, 729, 712
1736, 763, 729
1737, 810, 763
1738, 712, 711
1739, 853, 810
1740, 810, 811
1741, 885, 853
1742, 910, 885
1743, 925, 910
1744, 853, 852
1745, 960, 925
1746, 925, 926
1747, 997, 960
1748, 1045, 997
1749, 1077, 1045
1750, 960, 959
1751, 1086, 1077
1752, 1077, 1078
1753, 1126, 1086
1754, 1155, 1126
1755, 1215, 1155
1756, 1086, 1087
1757, 1277, 1231
1758, 1297, 1277
1759, 1319, 1297
1760, 1370, 1319
1761, 1319, 1318
1762, 1389, 1370
1763, 1411, 1389
1764, 1441, 1411
1765, 1370, 1371
1766, 1502, 1441
1767, 1441, 1440
1768, 1533, 1502
1769, 1545, 1533
1770, 1575, 1545
1771, 1502, 1503
1772, 1604, 1575
1773, 1575, 1574
1774, 1663, 1604
1775, 1677, 1663
1776, 1739, 1677
1777, 1604, 1605
1778, 1756, 1739
1779, 1739, 1738
1780, 1803, 1756
1781, 1812, 1803
1782, 1853, 1812
1783, 1756, 1757
1784, 1887, 1853
1785, 1853, 1852
1786, 1933, 1887
1787, 1957, 1933
1788, 1986, 1957
1789, 1887, 1888
1790, 2011, 1986
1791, 1986, 1987
1792, 2043, 2011
1793, 2091, 2043
1794, 2119, 2091
1795, 2011, 2010
1796, 2140, 2119
1797, 2119, 2120
1798, 2172, 2140
1799, 2252, 2172
1800, 2140, 2141
1801, 20, 2253
1802, 31, 20
1803, 85, 31
1804, 87, 85
1805, 20, 19
1806, 142, 87
1807, 87, 88
1808, 156, 142
1809, 208, 156
1810, 238, 208
1811, 142, 141
1812, 281, 238
1813, 310, 281
1814, 370, 310
1815, 238, 237
1816, 419, 370
1817, 451, 419
1818, 474, 451
1819, 370, 371
1820, 505, 474
1821, 474, 473
1822, 533, 505
1823, 561, 533
1824, 611, 561
1825, 505, 506
1826, 638, 611
1827, 611, 610
1828, 675, 638
1829, 711, 675
1830, 737, 711
1831, 638, 639
1832, 766, 737
1833, 737, 736
1834, 811, 766
1835, 852, 811
1836, 887, 852
1837, 766, 767
1838, 908, 887
1839, 887, 886
1840, 926, 908
1841, 959, 926
1842, 1000, 959
1843, 908, 907
1844, 1019, 1000
1845, 1000, 1001
1846, 1078, 1019
1847, 1087, 1078
1848, 1153, 1087
1849, 1019, 1018
1850, 1231, 1215
1851, 1215, 1153
1852, 1272, 1231
1853, 1153, 1152
1854, 1295, 1272
1855, 1272, 1273
1856, 1318, 1295
1857, 1371, 1318
1858, 1394, 1371
1859, 1295, 1294
1860, 1419, 1394
1861, 1394, 1395
1862, 1440, 1419
1863, 1503, 1440
1864, 1523, 1503
1865, 1419, 1418
1866, 1560, 1523
1867, 1523, 1522
1868, 1574, 1560
1869, 1605, 1574
1870, 1653, 1605
1871, 1560, 1561
1872, 1672, 1653
1873, 1653, 1652
1874, 1738, 1672
1875, 1757, 1738
1876, 1804, 1757
1877, 1672, 1673
1878, 1813, 1804
1879, 1804, 1805
1880, 1852, 1813
1881, 1888, 1852
1882, 1929, 1888
1883, 1813, 1814
1884, 1941, 1929
1885, 1929, 1928
1886, 1987, 1941
1887, 2010, 1987
1888, 2060, 2010
1889, 1941, 1940
1890, 2085, 2060
1891, 2060, 2061
1892, 2120, 2085
1893, 2141, 2120
1894, 2176, 2141
1895, 2085, 2084
1896, 2254, 2176
1897, 2176, 2177
1898, 19, 2255
1899, 40, 19
1900, 66, 40
1901, 40, 41
1902, 88, 66
1903, 141, 88
1904, 173, 141
1905, 66, 65
1906, 198, 173
1907, 173, 172
1908, 237, 198
1909, 283, 237
1910, 198, 199
1911, 328, 283
1912, 283, 284
1913, 371, 328
1914, 402, 371
1915, 328, 327
1916, 442, 402
1917, 402, 401
1918, 473, 442
1919, 506, 473
1920, 539, 506
1921, 442, 443
1922, 589, 539
1923, 539, 540
1924, 610, 589
1925, 639, 610
1926, 659, 639
1927, 589, 588
1928, 700, 659
1929, 659, 660
1930, 736, 700
1931, 767, 736
1932, 814, 767
1933, 700, 699
1934, 830, 814
1935, 814, 815
1936, 886, 830
1937, 907, 886
1938, 948, 907
1939, 830, 831
1940, 954, 948
1941, 948, 947
1942, 1001, 954
1943, 1018, 1001
1944, 1084, 1018
1945, 954, 955
1946, 1118, 1084
1947, 1084, 1085
1948, 1152, 1118
1949, 1189, 1152
1950, 1118, 1119
1951, 1222, 1189
1952, 1189, 1188
1953, 1273, 1222
1954, 1294, 1273
1955, 1334, 1294
1956, 1222, 1223
1957, 1360, 1334
1958, 1334, 1335
1959, 1395, 1360
1960, 1418, 1395
1961, 1452, 1418
1962, 1360, 1361
1963, 1492, 1452
1964, 1452, 1453
1965, 1522, 1492
1966, 1561, 1522
1967, 1584, 1561
1968, 1492, 1493
1969, 1626, 1584
1970, 1584, 1583
1971, 1652, 1626
1972, 1673, 1652
1973, 1710, 1673
1974, 1626, 1625
1975, 1773, 1710
1976, 1710, 1711
1977, 1805, 1773
1978, 1814, 1805
1979, 1841, 1814
1980, 1773, 1772
1981, 1895, 1841
1982, 1841, 1840
1983, 1928, 1895
1984, 1940, 1928
1985, 1983, 1940
1986, 1895, 1896
1987, 2028, 1983
1988, 1983, 1982
1989, 2061, 2028
1990, 2084, 2061
1991, 2103, 2084
1992, 2028, 2029
1993, 2146, 2103
1994, 2103, 2102
1995, 2177, 2146
1996, 2256, 2177
1997, 2146, 2147
1998, 12, 2257
1999, 41, 12
2000, 65, 41
2001, 95, 65
2002, 12, 11
2003, 134, 95
2004, 95, 96
2005, 172, 134
2006, 199, 172
2007, 234, 199
2008, 134, 133
2009, 255, 234
2010, 234, 233
2011, 284, 255
2012, 327, 284
2013, 350, 327
2014, 255, 256
2015, 389, 350
2016, 350, 349
2017, 401, 389
2018, 443, 401
2019, 464, 443
2020, 389, 390
2021, 500, 464
2022, 464, 463
2023, 540, 500
2024, 588, 540
2025, 613, 588
2026, 500, 499
2027, 642, 613
2028, 613, 612
2029, 660, 642
2030, 699, 660
2031, 745, 699
2032, 642, 643
2033, 779, 745
2034, 745, 744
2035, 815, 779
2036, 831, 815
2037, 874, 831
2038, 779, 778
2039, 915, 874
2040, 874, 875
2041, 947, 915
2042, 955, 947
2043, 989, 955
2044, 915, 916
2045, 1042, 989
2046, 989, 988
2047, 1085, 1042
2048, 1119, 1085
2049, 1130, 1119
2050, 1042, 1043
2051, 1176, 1130
2052, 1130, 1131
2053, 1188, 1176
2054, 1223, 1188
2055, 1253, 1223
2056, 1176, 1177
2057, 1303, 1253
2058, 1253, 1252
2059, 1335, 1303
2060, 1361, 1335
2061, 1378, 1361
2062, 1303, 1302
2063, 1414, 1378
2064, 1378, 1379
2065, 1453, 1414
2066, 1493, 1453
2067, 1529, 1493
2068, 1414, 1415
2069, 1552, 1529
2070, 1529, 1528
2071, 1583, 1552
2072, 1625, 1583
2073, 1650, 1625
2074, 1552, 1553
2075, 1705, 1650
2076, 1650, 1651
2077, 1711, 1705
2078, 1772, 1711
2079, 1776, 1772
2080, 1705, 1704
2081, 1829, 1776
2082, 1776, 1777
2083, 1840, 1829
2084, 1896, 1840
2085, 1920, 1896
2086, 1829, 1828
2087, 1965, 1920
2088, 1920, 1921
2089, 1982, 1965
2090, 2029, 1982
2091, 2041, 2029
2092, 1965, 1964
2093, 2080, 2041
2094, 2041, 2040
2095, 2102, 2080
2096, 2147, 2102
2097, 2180, 2147
2098, 2080, 2081
2099, 2258, 2180
2100, 2180, 2181
2101, 11, 2259
2102, 23, 11
2103, 60, 23
2104, 23, 24
2105, 96, 60
2106, 133, 96
2107, 174, 133
2108, 60, 59
2109, 209, 174
2110, 174, 175
2111, 233, 209
2112, 256, 233
2113, 285, 256
2114, 209, 210
2115, 307, 285
2116, 285, 286
2117, 349, 307
2118, 390, 349
2119, 422, 390
2120, 307, 308
2121, 431, 422
2122, 422, 421
2123, 463, 431
2124, 499, 463
2125, 548, 499
2126, 431, 432
2127, 572, 548
2128, 548, 549
2129, 612, 572
2130, 643, 612
2131, 673, 643
2132, 572, 571
2133, 702, 673
2134, 673, 674
2135, 744, 702
2136, 778, 744
2137, 817, 778
2138, 702, 701
2139, 858, 817
2140, 817, 816
2141, 875, 858
2142, 916, 875
2143, 924, 916
2144, 858, 859
2145, 979, 924
2146, 924, 923
2147, 988, 979
2148, 1043, 988
2149, 1059, 1043
2150, 979, 978
2151, 1117, 1059
2152, 1059, 1060
2153, 1131, 1117
2154, 1177, 1131
2155, 1186, 1177
2156, 1117, 1116
2157, 1238, 1186
2158, 1186, 1187
2159, 1252, 1238
2160, 1302, 1252
2161, 1317, 1302
2162, 1238, 1239
2163, 1346, 1317
2164, 1317, 1316
2165, 1379, 1346
2166, 1415, 1379
2167, 1470, 1415
2168, 1346, 1347
2169, 1482, 1470
2170, 1470, 1469
2171, 1528, 1482
2172, 1553, 1528
2173, 1590, 1553
2174, 1482, 1483
2175, 1623, 1590
2176, 1590, 1589
2177, 1651, 1623
2178, 1704, 1651
2179, 1720, 1704
2180, 1623, 1624
2181, 1760, 1720
2182, 1720, 1719
2183, 1777, 1760
2184, 1828, 1777
2185, 1846, 1828
2186, 1760, 1761
2187, 1878, 1846
2188, 1846, 1847
2189, 1921, 1878
2190, 1964, 1921
2191, 1994, 1964
2192, 1878, 1877
2193, 2006, 1994
2194, 1994, 1995
2195, 2040, 2006
2196, 2081, 2040
2197, 2128, 2081
2198, 2006, 2007
2199, 2139, 2128
2200, 2128, 2127
2201, 2181, 2139
2202, 2260, 2181
2203, 2139, 2138
2204, 4, 2261
2205, 24, 4
2206, 59, 24
2207, 99, 59
2208, 4, 3
2209, 140, 99
2210, 99, 100
2211, 175, 140
2212, 210, 175
2213, 225, 210
2214, 140, 139
2215, 260, 225
2216, 225, 226
2217, 286, 260
2218, 308, 286
2219, 2190, 308
2220, 260, 259
2221, 421, 2190
2222, 432, 421
2223, 2191, 432
2224, 549, 2191
2225, 571, 549
2226, 608, 571
2227, 644, 608
2228, 608, 609
2229, 674, 644
2230, 701, 674
2231, 733, 701
2232, 644, 645
2233, 770, 733
2234, 733, 732
2235, 816, 770
2236, 859, 816
2237, 883, 859
2238, 770, 771
2239, 900, 883
2240, 883, 882
2241, 923, 900
2242, 978, 923
2243, 1010, 978
2244, 900, 899
2245, 1040, 1010
2246, 1010, 1011
2247, 1060, 1040
2248, 1116, 1060
2249, 1129, 1116
2250, 1040, 1041
2251, 1174, 1129
2252, 1129, 1128
2253, 1187, 1174
2254, 1239, 1187
2255, 1254, 1239
2256, 1174, 1175
2257, 1286, 1254
2258, 1254, 1255
2259, 1316, 1286
2260, 1347, 1316
2261, 1399, 1347
2262, 1286, 1287
2263, 1432, 1399
2264, 1399, 1398
2265, 1469, 1432
2266, 1483, 1469
2267, 1506, 1483
2268, 1432, 1433
2269, 1558, 1506
2270, 1506, 1507
2271, 1589, 1558
2272, 1624, 1589
2273, 1646, 1624
2274, 1558, 1559
2275, 1693, 1646
2276, 1646, 1647
2277, 1719, 1693
2278, 1761, 1719
2279, 1793, 1761
2280, 1693, 1692
2281, 1835, 1793
2282, 1793, 1792
2283, 1847, 1835
2284, 1877, 1847
2285, 1911, 1877
2286, 1835, 1834
2287, 1955, 1911
2288, 1911, 1910
2289, 1995, 1955
2290, 2007, 1995
2291, 2046, 2007
2292, 1955, 1954
2293, 2089, 2046
2294, 2046, 2047
2295, 2127, 2089
2296, 2138, 2127
2297, 2170, 2138
2298, 2089, 2088
2299, 2262, 2170
2300, 2170, 2171
2301, 3, 2263
2302, 35, 3
2303, 57, 35
2304, 35, 36
2305, 100, 57
2306, 139, 100
2307, 177, 139
2308, 57, 58
2309, 189, 177
2310, 177, 176
2311, 226, 189
2312, 259, 226
2313, 300, 259
2314, 189, 190
2315, 313, 300
2316, 300, 299
2317, 2190, 313
2318, 424, 2190
2319, 313, 314
2320, 2191, 428
2321, 550, 2191
2322, 579, 550
2323, 550, 551
2324, 609, 579
2325, 645, 609
2326, 666, 645
2327, 579, 580
2328, 709, 666
2329, 666, 665
2330, 732, 709
2331, 771, 732
2332, 803, 771
2333, 709, 710
2334, 829, 803
2335, 803, 804
2336, 882, 829
2337, 899, 882
2338, 953, 899
2339, 829, 828
2340, 1011, 953
2341, 1041, 1011
2342, 1080, 1041
2343, 1093, 1080
2344, 1080, 1081
2345, 1128, 1093
2346, 1175, 1128
2347, 1205, 1175
2348, 1093, 1092
2349, 1220, 1205
2350, 1205, 1204
2351, 1255, 1220
2352, 1287, 1255
2353, 1342, 1287
2354, 1220, 1221
2355, 1398, 1345
2356, 1433, 1398
2357, 1468, 1433
2358, 1475, 1468
2359, 1468, 1467
2360, 1507, 1475
2361, 1559, 1507
2362, 1597, 1559
2363, 1475, 1474
2364, 1632, 1597
2365, 1597, 1598
2366, 1647, 1632
2367, 1692, 1647
2368, 1718, 1692
2369, 1632, 1633
2370, 1768, 1718
2371, 1718, 1717
2372, 1792, 1768
2373, 1834, 1792
2374, 1843, 1834
2375, 1768, 1769
2376, 1889, 1843
2377, 1843, 1842
2378, 1910, 1889
2379, 1954, 1910
2380, 1985, 1954
2381, 1889, 1890
2382, 2004, 1985
2383, 1985, 1984
2384, 2047, 2004
2385, 2088, 2047
2386, 2125, 2088
2387, 2004, 2005
2388, 2155, 2125
2389, 2125, 2126
2390, 2171, 2155
2391, 2264, 2171
2392, 2155, 2154
2393, 36, 2265
2394, 58, 36
2395, 119, 58
2396, 176, 124
2397, 190, 176
2398, 222, 190
2399, 276, 222
2400, 222, 221
2401, 299, 276
2402, 314, 299
2403, 335, 314
2404, 276, 275
2405, 373, 335
2406, 335, 336
2407, 428, 424
2408, 424, 373
2409, 483, 428
2410, 373, 372
2411, 508, 483
2412, 483, 484
2413, 551, 508
2414, 580, 551
2415, 602, 580
2416, 508, 507
2417, 647, 602
2418, 602, 603
2419, 665, 647
2420, 710, 665
2421, 739, 710
2422, 647, 646
2423, 776, 739
2424, 739, 738
2425, 804, 776
2426, 828, 804
2427, 876, 828
2428, 776, 777
2429, 901, 876
2430, 876, 877
2431, 953, 901
2432, 1009, 953
2433, 901, 902
2434, 1039, 1009
2435, 1009, 1008
2436, 1081, 1039
2437, 1092, 1081
2438, 1133, 1092
2439, 1039, 1038
2440, 1180, 1133
2441, 1133, 1132
2442, 1204, 1180
2443, 1221, 1204
2444, 1247, 1221
2445, 1180, 1181
2446, 1279, 1247
2447, 1247, 1246
2448, 1345, 1342
2449, 1342, 1279
2450, 1409, 1345
2451, 1279, 1278
2452, 1467, 1409
2453, 1474, 1467
2454, 1530, 1474
2455, 1409, 1408
2456, 1562, 1530
2457, 1530, 1531
2458, 1598, 1562
2459, 1633, 1598
2460, 1645, 1633
2461, 1562, 1563
2462, 1683, 1645
2463, 1645, 1644
2464, 1717, 1683
2465, 1769, 1717
2466, 1790, 1769
2467, 1683, 1682
2468, 1815, 1790
2469, 1790, 1791
2470, 1842, 1815
2471, 1890, 1842
2472, 1930, 1890
2473, 1815, 1816
2474, 1959, 1930
2475, 1930, 1931
2476, 1984, 1959
2477, 2005, 1984
2478, 2045, 2005
2479, 1959, 1958
2480, 2070, 2045
2481, 2045, 2044
2482, 2126, 2070
2483, 2154, 2126
2484, 2319, 2154
2485, 2070, 2071
2486, 2319, 2320
2487, 29, 2266
2488, 55, 29
2489, 29, 30
2490, 124, 119
2491, 119, 55
2492, 180, 124
2493, 55, 54
2494, 206, 180
2495, 180, 181
2496, 221, 206
2497, 275, 221
2498, 290, 275
2499, 206, 205
2500, 318, 290
2501, 290, 289
2502, 336, 318
2503, 372, 336
2504, 412, 372
2505, 318, 317
2506, 433, 412
2507, 412, 413
2508, 484, 433
2509, 507, 484
2510, 547, 507
2511, 433, 434
2512, 558, 547
2513, 547, 546
2514, 603, 558
2515, 646, 603
2516, 680, 646
2517, 558, 559
2518, 719, 680
2519, 680, 679
2520, 738, 719
2521, 777, 738
2522, 794, 777
2523, 719, 720
2524, 847, 794
2525, 794, 793
2526, 877, 847
2527, 902, 877
2528, 933, 902
2529, 847, 848
2530, 964, 933
2531, 933, 934
2532, 1008, 964
2533, 1038, 1008
2534, 1073, 1038
2535, 964, 963
2536, 1112, 1073
2537, 1073, 1074
2538, 1132, 1112
2539, 1181, 1132
2540, 1193, 1181
2541, 1112, 1113
2542, 1236, 1193
2543, 1193, 1192
2544, 1246, 1236
2545, 1278, 1246
2546, 1322, 1278
2547, 1236, 1237
2548, 1363, 1322
2549, 1322, 1323
2550, 1408, 1363
2551, 1448, 1408
2552, 1363, 1362
2553, 1488, 1448
2554, 1448, 1449
2555, 1531, 1488
2556, 1563, 1531
2557, 1588, 1563
2558, 1488, 1489
2559, 1613, 1588
2560, 1588, 1587
2561, 1644, 1613
2562, 1682, 1644
2563, 1721, 1682
2564, 1613, 1614
2565, 1771, 1721
2566, 1721, 1722
2567, 1791, 1771
2568, 1816, 1791
2569, 1844, 1816
2570, 1771, 1770
2571, 1898, 1844
2572, 1844, 1845
2573, 1931, 1898
2574, 1958, 1931
2575, 1976, 1958
2576, 1898, 1897
2577, 2017, 1976
2578, 1976, 1977
2579, 2044, 2017
2580, 2071, 2044
2581, 2112, 2071
2582, 2017, 2016
2583, 2150, 2112
2584, 2112, 2113
2585, 2320, 2150
2586, 2150, 2151
2587, 10, 2267
2588, 30, 10
2589, 54, 30
2590, 104, 54
2591, 10, 9
2592, 127, 104
2593, 104, 103
2594, 181, 127
2595, 205, 181
2596, 236, 205
2597, 127, 128
2598, 248, 236
2599, 236, 235
2600, 289, 248
2601, 317, 289
2602, 360, 317
2603, 248, 247
2604, 378, 360
2605, 360, 359
2606, 413, 378
2607, 434, 413
2608, 481, 434
2609, 378, 379
2610, 512, 481
2611, 481, 482
2612, 546, 512
2613, 559, 546
2614, 598, 559
2615, 512, 511
2616, 635, 598
2617, 598, 599
2618, 679, 635
2619, 720, 679
2620, 748, 720
2621, 635, 634
2622, 781, 748
2623, 748, 749
2624, 793, 781
2625, 848, 793
2626, 869, 848
2627, 781, 780
2628, 921, 869
2629, 869, 868
2630, 934, 921
2631, 963, 934
2632, 986, 963
2633, 921, 922
2634, 1023, 986
2635, 986, 987
2636, 1074, 1023
2637, 1113, 1074
2638, 1144, 1113
2639, 1023, 1022
2640, 1182, 1144
2641, 1144, 1145
2642, 1192, 1182
2643, 1237, 1192
2644, 1249, 1237
2645, 1182, 1183
2646, 1304, 1249
2647, 1249, 1248
2648, 1323, 1304
2649, 1362, 1323
2650, 1387, 1362
2651, 1304, 1305
2652, 1412, 1387
2653, 1387, 1386
2654, 1449, 1412
2655, 1489, 1449
2656, 1537, 1489
2657, 1412, 1413
2658, 1587, 1537
2659, 1614, 1587
2660, 1670, 1614
2661, 1537, 1536
2662, 1699, 1670
2663, 1670, 1671
2664, 1722, 1699
2665, 1770, 1722
2666, 1780, 1770
2667, 1699, 1698
2668, 1808, 1780
2669, 1780, 1781
2670, 1845, 1808
2671, 1897, 1845
2672, 1936, 1897
2673, 1808, 1807
2674, 1969, 1936
2675, 1936, 1937
2676, 1977, 1969
2677, 2016, 1977
2678, 2036, 2016
2679, 1969, 1968
2680, 2094, 2036
2681, 2036, 2037
2682, 2113, 2094
2683, 2151, 2113
2684, 2165, 2151
2685, 2094, 2095
2686, 2268, 2165
2687, 2165, 2164
2688, 9, 2269
2689, 34, 9
2690, 63, 34
2691, 34, 33
2692, 103, 63
2693, 128, 103
2694, 170, 128
2695, 63, 64
2696, 203, 170
2697, 170, 169
2698, 235, 203
2699, 247, 235
2700, 291, 247
2701, 203, 204
2702, 332, 291
2703, 291, 292
2704, 359, 332
2705, 379, 359
2706, 398, 379
2707, 332, 331
2708, 453, 398
2709, 398, 397
2710, 482, 453
2711, 511, 482
2712, 527, 511
2713, 453, 452
2714, 575, 527
2715, 527, 528
2716, 599, 575
2717, 634, 599
2718, 672, 634
2719, 575, 576
2720, 714, 672
2721, 672, 671
2722, 749, 714
2723, 780, 749
2724, 801, 780
2725, 714, 713
2726, 836, 801
2727, 801, 802
2728, 868, 836
2729, 922, 868
2730, 950, 922
2731, 836, 837
2732, 962, 950
2733, 950, 949
2734, 987, 962
2735, 1022, 987
2736, 1065, 1022
2737, 962, 961
2738, 1111, 1065
2739, 1065, 1066
2740, 1145, 1111
2741, 1183, 1145
2742, 1195, 1183
2743, 1111, 1110
2744, 1234, 1195
2745, 1195, 1194
2746, 1248, 1234
2747, 1305, 1248
2748, 1324, 1305
2749, 1234, 1235
2750, 1356, 1324
2751, 1324, 1325
2752, 1386, 1356
2753, 1413, 1386
2754, 1457, 1413
2755, 1356, 1357
2756, 1480, 1457
2757, 1457, 1456
2758, 1536, 1480
2759, 1595, 1536
2760, 1480, 1481
2761, 1619, 1595
2762, 1595, 1596
2763, 1671, 1619
2764, 1698, 1671
2765, 1733, 1698
2766, 1619, 1620
2767, 1745, 1733
2768, 1733, 1732
2769, 1781, 1745
2770, 1807, 1781
2771, 1866, 1807
2772, 1745, 1744
2773, 1882, 1866
2774, 1866, 1867
2775, 1937, 1882
2776, 1968, 1937
2777, 1988, 1968
2778, 1882, 1881
2779, 2025, 1988
2780, 1988, 1989
2781, 2037, 2025
2782, 2095, 2037
2783, 2104, 2095
2784, 2025, 2024
2785, 2153, 2104
2786, 2104, 2105
2787, 2164, 2153
2788, 2270, 2164
2789, 2153, 2152
2790, 17, 2271
2791, 33, 17
2792, 64, 33
2793, 90, 64
2794, 17, 18
2795, 147, 90
2796, 90, 89
2797, 169, 147
2798, 204, 169
2799, 215, 204
2800, 147, 148
2801, 274, 215
2802, 215, 216
2803, 292, 274
2804, 331, 292
2805, 337, 331
2806, 274, 273
2807, 377, 337
2808, 337, 338
2809, 397, 377
2810, 452, 397
2811, 477, 452
2812, 377, 376
2813, 517, 477
2814, 477, 478
2815, 528, 517
2816, 576, 528
2817, 594, 576
2818, 517, 518
2819, 629, 594
2820, 594, 595
2821, 671, 629
2822, 713, 671
2823, 755, 713
2824, 629, 628
2825, 760, 755
2826, 755, 754
2827, 802, 760
2828, 837, 802
2829, 891, 837
2830, 760, 761
2831, 949, 891
2832, 961, 949
2833, 1005, 961
2834, 1032, 1005
2835, 1005, 1004
2836, 1066, 1032
2837, 1110, 1066
2838, 1139, 1110
2839, 1032, 1033
2840, 1178, 1139
2841, 1139, 1138
2842, 1194, 1178
2843, 1235, 1194
2844, 1250, 1235
2845, 1178, 1179
2846, 1283, 1250
2847, 1250, 1251
2848, 1325, 1283
2849, 1357, 1325
2850, 1400, 1357
2851, 1283, 1282
2852, 1423, 1400
2853, 1400, 1401
2854, 1456, 1423
2855, 1481, 1456
2856, 1518, 1481
2857, 1423, 1422
2858, 1547, 1518
2859, 1518, 1519
2860, 1596, 1547
2861, 1620, 1596
2862, 1658, 1620
2863, 1547, 1546
2864, 1679, 1658
2865, 1658, 1659
2866, 1732, 1679
2867, 1744, 1732
2868, 1800, 1744
2869, 1679, 1678
2870, 1824, 1800
2871, 1800, 1801
2872, 1867, 1824
2873, 1881, 1867
2874, 1923, 1881
2875, 1824, 1825
2876, 1950, 1923
2877, 1923, 1922
2878, 1989, 1950
2879, 2024, 1989
2880, 2050, 2024
2881, 1950, 1951
2882, 2069, 2050
2883, 2050, 2051
2884, 2105, 2069
2885, 2152, 2105
2886, 2272, 2152
2887, 2069, 2068
2888, 18, 2273
2889, 26, 18
2890, 81, 26
2891, 26, 25
2892, 89, 81
2893, 148, 89
2894, 153, 148
2895, 81, 82
2896, 193, 153
2897, 153, 154
2898, 216, 193
2899, 273, 216
2900, 295, 273
2901, 193, 192
2902, 315, 295
2903, 295, 296
2904, 338, 315
2905, 376, 338
2906, 410, 376
2907, 315, 316
2908, 445, 410
2909, 410, 411
2910, 478, 445
2911, 518, 478
2912, 537, 518
2913, 445, 444
2914, 567, 537
2915, 537, 538
2916, 595, 567
2917, 628, 595
2918, 683, 628
2919, 567, 566
2920, 696, 683
2921, 683, 684
2922, 754, 696
2923, 761, 754
2924, 813, 761
2925, 696, 695
2926, 844, 813
2927, 813, 812
2928, 891, 844
2929, 2192, 891
2930, 844, 843
2931, 1004, 2192
2932, 1033, 1004
2933, 1076, 1033
2934, 1114, 1076
2935, 1076, 1075
2936, 1138, 1114
2937, 1179, 1138
2938, 1191, 1179
2939, 1114, 1115
2940, 1243, 1191
2941, 1191, 1190
2942, 1251, 1243
2943, 1282, 1251
2944, 1312, 1282
2945, 1243, 1242
2946, 1369, 1312
2947, 1312, 1313
2948, 1401, 1369
2949, 1422, 1401
2950, 1447, 1422
2951, 1369, 1368
2952, 1476, 1447
2953, 1447, 1446
2954, 1519, 1476
2955, 1546, 1519
2956, 1599, 1546
2957, 1476, 1477
2958, 1609, 1599
2959, 1599, 1600
2960, 1659, 1609
2961, 1678, 1659
2962, 1734, 1678
2963, 1609, 1608
2964, 1749, 1734
2965, 1734, 1735
2966, 1801, 1749
2967, 1825, 1801
2968, 1863, 1825
2969, 1749, 1748
2970, 1885, 1863
2971, 1863, 1862
2972, 1922, 1885
2973, 1951, 1922
2974, 1990, 1951
2975, 1885, 1886
2976, 2023, 1990
2977, 1990, 1991
2978, 2051, 2023
2979, 2068, 2051
2980, 2106, 2068
2981, 2023, 2022
2982, 2149, 2106
2983, 2106, 2107
2984, 2274, 2149
2985, 2149, 2148
2986, 25, 2275
2987, 82, 25
2988, 112, 82
2989, 136, 112
2990, 112, 111
2991, 154, 136
2992, 192, 154
2993, 229, 192
2994, 136, 135
2995, 251, 229
2996, 229, 230
2997, 296, 251
2998, 316, 296
2999, 357, 316
3000, 251, 252
3001, 384, 357
3002, 357, 358
3003, 411, 384
3004, 444, 411
3005, 470, 444
3006, 384, 383
3007, 494, 470
3008, 470, 469
3009, 538, 494
3010, 566, 538
3011, 622, 566
3012, 494, 493
3013, 657, 622
3014, 622, 623
3015, 684, 657
3016, 695, 684
3017, 727, 695
3018, 657, 656
3019, 768, 727
3020, 727, 726
3021, 812, 768
3022, 843, 812
3023, 880, 843
3024, 768, 769
3025, 898, 880
3026, 880, 881
3027, 2192, 898
3028, 1015, 2192
3029, 898, 897
3030, 1034, 1015
3031, 1015, 1014
3032, 1075, 1034
3033, 1115, 1075
3034, 1137, 1115
3035, 1034, 1035
3036, 1171, 1137
3037, 1137, 1136
3038, 1190, 1171
3039, 1242, 1190
3040, 1257, 1242
3041, 1171, 1170
3042, 1300, 1257
3043, 1257, 1256
3044, 1313, 1300
3045, 1368, 1313
3046, 1377, 1368
3047, 1300, 1301
3048, 1435, 1377
3049, 1377, 1376
3050, 1446, 1435
3051, 1477, 1446
3052, 1510, 1477
3053, 1435, 1434
3054, 1557, 1510
3055, 1510, 1511
3056, 1600, 1557
3057, 1608, 1600
3058, 1656, 1608
3059, 1557, 1556
3060, 1695, 1656
3061, 1656, 1657
3062, 1735, 1695
3063, 1748, 1735
3064, 1784, 1748
3065, 1695, 1694
3066, 1817, 1784
3067, 1784, 1785
3068, 1862, 1817
3069, 1886, 1862
3070, 1926, 1886
3071, 1817, 1818
3072, 1945, 1926
3073, 1926, 1927
3074, 1991, 1945
3075, 2022, 1991
3076, 2056, 2022
3077, 1945, 1944
3078, 2083, 2056
3079, 2056, 2057
3080, 2107, 2083
3081, 2148, 2107
3082, 2175, 2148
3083, 2083, 2082
3084, 2276, 2175
3085, 2175, 2174
3086, 21, 2277
3087, 67, 21
3088, 21, 22
3089, 111, 67
3090, 135, 111
3091, 167, 135
3092, 67, 68
3093, 211, 167
3094, 167, 166
3095, 230, 211
3096, 252, 230
3097, 278, 252
3098, 211, 212
3099, 323, 278
3100, 278, 277
3101, 358, 323
3102, 383, 358
3103, 406, 383
3104, 323, 324
3105, 448, 406
3106, 406, 405
3107, 469, 448
3108, 493, 469
3109, 530, 493
3110, 448, 449
3111, 562, 530
3112, 530, 529
3113, 623, 562
3114, 656, 623
3115, 687, 656
3116, 562, 563
3117, 715, 687
3118, 687, 688
3119, 726, 715
3120, 769, 726
3121, 797, 769
3122, 715, 716
3123, 857, 797
3124, 797, 798
3125, 881, 857
3126, 897, 881
3127, 929, 897
3128, 857, 856
3129, 970, 929
3130, 929, 930
3131, 1014, 970
3132, 1035, 1014
3133, 1071, 1035
3134, 970, 969
3135, 1091, 1071
3136, 1071, 1072
3137, 1136, 1091
3138, 1170, 1136
3139, 1208, 1170
3140, 1091, 1090
3141, 1224, 1208
3142, 1208, 1209
3143, 1256, 1224
3144, 1301, 1256
3145, 1330, 1301
3146, 1224, 1225
3147, 1355, 1330
3148, 1330, 1331
3149, 1376, 1355
3150, 1434, 1376
3151, 1458, 1434
3152, 1355, 1354
3153, 1498, 1458
3154, 1458, 1459
3155, 1511, 1498
3156, 1556, 1511
3157, 1579, 1556
3158, 1498, 1499
3159, 1621, 1579
3160, 1579, 1578
3161, 1657, 1621
3162, 1694, 1657
3163, 1723, 1694
3164, 1621, 1622
3165, 1751, 1723
3166, 1723, 1724
3167, 1785, 1751
3168, 1818, 1785
3169, 1864, 1818
3170, 1751, 1750
3171, 1905, 1864
3172, 1864, 1865
3173, 1927, 1905
3174, 1944, 1927
3175, 1970, 1944
3176, 1905, 1904
3177, 2014, 1970
3178, 1970, 1971
3179, 2057, 2014
3180, 2082, 2057
3181, 2115, 2082
3182, 2014, 2015
3183, 2136, 2115
3184, 2115, 2114
3185, 2174, 2136
3186, 2278, 2174
3187, 2136, 2137
3188, 22, 2279
3189, 68, 22
3190, 115, 68
3191, 149, 115
3192, 115, 116
3193, 166, 149
3194, 212, 166
3195, 214, 212
3196, 149, 150
3197, 262, 214
3198, 214, 213
3199, 277, 262
3200, 324, 277
3201, 351, 324
3202, 262, 261
3203, 394, 351
3204, 351, 352
3205, 405, 394
3206, 449, 405
3207, 459, 449
3208, 394, 393
3209, 510, 459
3210, 459, 460
3211, 529, 510
3212, 563, 529
3213, 605, 563
3214, 510, 509
3215, 648, 605
3216, 605, 604
3217, 688, 648
3218, 716, 688
3219, 734, 716
3220, 648, 649
3221, 783, 734
3222, 734, 735
3223, 798, 783
3224, 856, 798
3225, 867, 856
3226, 783, 782
3227, 913, 867
3228, 867, 866
3229, 930, 913
3230, 969, 930
3231, 995, 969
3232, 913, 914
3233, 1026, 995
3234, 995, 994
3235, 1072, 1026
3236, 1090, 1072
3237, 1146, 1090
3238, 1026, 1027
3239, 1157, 1146
3240, 1146, 1147
3241, 1209, 1157
3242, 1225, 1209
3243, 1270, 1225
3244, 1157, 1156
3245, 1308, 1270
3246, 1270, 1271
3247, 1331, 1308
3248, 1354, 1331
3249, 1390, 1354
3250, 1308, 1309
3251, 1407, 1390
3252, 1390, 1391
3253, 1459, 1407
3254, 1499, 1459
3255, 1534, 1499
3256, 1407, 1406
3257, 1549, 1534
3258, 1534, 1535
3259, 1578, 1549
3260, 1622, 1578
3261, 1661, 1622
3262, 1549, 1548
3263, 1702, 1661
3264, 1661, 1660
3265, 1724, 1702
3266, 1750, 1724
3267, 1774, 1750
3268, 1702, 1703
3269, 1836, 1774
3270, 1774, 1775
3271, 1865, 1836
3272, 1904, 1865
3273, 1914, 1904
3274, 1836, 1837
3275, 1949, 1914
3276, 1914, 1915
3277, 1971, 1949
3278, 2015, 1971
3279, 2054, 2015
3280, 1949, 1948
3281, 2066, 2054
3282, 2054, 2055
3283, 2114, 2066
3284, 2137, 2114
3285, 2280, 2137
3286, 2066, 2065
3287, 116, 2281
3288, 150, 116
3289, 159, 150
3290, 182, 159
3291, 159, 2282
3292, 213, 182
3293, 261, 213
3294, 2321, 261
3295, 182, 2283
3296, 352, 2321
3297, 393, 352
3298, 423, 393
3299, 439, 423
3300, 423, 2284
3301, 460, 439
3302, 509, 460
3303, 545, 509
3304, 439, 2285
3305, 585, 545
3306, 545, 2286
3307, 604, 585
3308, 649, 604
3309, 658, 649
3310, 585, 2287
3311, 723, 658
3312, 658, 2288
3313, 735, 723
3314, 782, 735
3315, 792, 782
3316, 723, 2289
3317, 842, 792
3318, 792, 2290
3319, 866, 842
3320, 914, 866
3321, 938, 914
3322, 842, 2291
3323, 956, 938
3324, 938, 2292
3325, 994, 956
3326, 1027, 994
3327, 1079, 1027
3328, 956, 2293
3329, 1108, 1079
3330, 1079, 2294
3331, 1147, 1108
3332, 1156, 1147
3333, 2295, 1156
3334, 1108, 2296
3335, 1271, 2297
3336, 1309, 1271
3337, 2298, 1309
3338, 1391, 2299
3339, 1406, 1391
3340, 2300, 1406
3341, 1535, 2301
3342, 1548, 1535
3343, 1580, 1548
3344, 1610, 1580
3345, 1580, 2302
3346, 1660, 1610
3347, 1703, 1660
3348, 1731, 1703
3349, 1610, 2303
3350, 1759, 1731
3351, 1731, 2304
3352, 1775, 1759
3353, 1837, 1775
3354, 1854, 1837
3355, 1759, 2305
3356, 1901, 1854
3357, 1854, 2306
3358, 1915, 1901
3359, 1948, 1915
3360, 2322, 1948
3361, 1901, 2307
3362, 2323, 2322
3363, 2055, 2323
3364, 2065, 2055
3365, 2308, 2065
