1, 7, 1068
2, 1069, 984
3, 6, 1070
4, 1071, 8
5, 1072, 20
6, 1, 1073
7, 982, 1074
8, 1075, 2
9, 1076, 983
10, 9, 1077
11, 14, 1078
12, 27, 1079
13, 1080, 3
14, 1081, 5
15, 16, 1082
16, 1083, 4
17, 21, 1084
18, 1166, 1085
19, 1086, 23
20, 22, 1166
21, 18, 1087
22, 28, 1088
23, 1089, 986
24, 12, 1090
25, 36, 1091
26, 1092, 985
27, 7, 9
28, 9, 15
29, 5, 982
30, 19, 5
31, 984, 14
32, 14, 35
33, 3, 7
34, 34, 3
35, 7, 990
36, 20, 16
37, 16, 29
38, 983, 1165
39, 1165, 1093
40, 4, 13
41, 25, 4
42, 10, 984
43, 984, 989
44, 15, 983
45, 991, 15
46, 983, 41
47, 17, 18
48, 18, 30
49, 13, 6
50, 6, 1
51, 1, 11
52, 987, 13
53, 11, 20
54, 20, 47
55, 40, 11
56, 8, 17
57, 1094, 8
58, 17, 988
59, 2, 10
60, 982, 2
61, 43, 982
62, 10, 39
63, 35, 37
64, 44, 35
65, 985, 34
66, 34, 49
67, 23, 19
68, 32, 23
69, 19, 45
70, 37, 27
71, 27, 36
72, 36, 38
73, 992, 37
74, 38, 985
75, 985, 64
76, 58, 38
77, 24, 21
78, 21, 26
79, 31, 12
80, 12, 986
81, 30, 28
82, 28, 33
83, 46, 30
84, 33, 31
85, 31, 57
86, 61, 33
87, 986, 25
88, 25, 42
89, 56, 986
90, 29, 24
91, 52, 29
92, 24, 59
93, 26, 22
94, 22, 32
95, 32, 993
96, 66, 26
97, 41, 1167
98, 54, 41
99, 1167, 1095
100, 49, 990
101, 60, 49
102, 991, 54
103, 54, 73
104, 989, 44
105, 44, 62
106, 50, 52
107, 52, 55
108, 53, 51
109, 42, 987
110, 69, 42
111, 987, 40
112, 40, 48
113, 77, 987
114, 47, 50
115, 48, 47
116, 50, 76
117, 83, 48
118, 988, 46
119, 46, 67
120, 45, 43
121, 43, 53
122, 63, 45
123, 53, 78
124, 1096, 988
125, 988, 89
126, 39, 989
127, 51, 39
128, 989, 75
129, 91, 51
130, 990, 991
131, 994, 990
132, 991, 79
133, 64, 60
134, 60, 74
135, 993, 63
136, 63, 90
137, 59, 71
138, 55, 59
139, 81, 55
140, 71, 66
141, 101, 71
142, 62, 992
143, 102, 62
144, 65, 69
145, 69, 80
146, 992, 58
147, 58, 68
148, 98, 992
149, 66, 993
150, 993, 107
151, 95, 66
152, 70, 72
153, 67, 61
154, 61, 70
155, 88, 67
156, 70, 97
157, 57, 56
158, 72, 57
159, 56, 65
160, 65, 103
161, 99, 72
162, 68, 64
163, 64, 100
164, 995, 68
165, 73, 1097
166, 84, 73
167, 79, 92
168, 994, 79
169, 92, 84
170, 84, 996
171, 121, 92
172, 74, 994
173, 110, 74
174, 994, 120
175, 86, 102
176, 78, 93
177, 90, 78
178, 109, 90
179, 75, 86
180, 91, 75
181, 86, 127
182, 93, 91
183, 116, 93
184, 91, 123
185, 89, 88
186, 94, 89
187, 88, 96
188, 82, 81
189, 81, 104
190, 76, 82
191, 87, 83
192, 83, 76
193, 82, 117
194, 1098, 94
195, 94, 997
196, 85, 87
197, 87, 125
198, 80, 77
199, 77, 85
200, 111, 80
201, 85, 130
202, 102, 98
203, 122, 102
204, 115, 110
205, 110, 119
206, 98, 995
207, 144, 98
208, 107, 114
209, 106, 95
210, 95, 107
211, 103, 111
212, 112, 103
213, 111, 124
214, 104, 108
215, 135, 104
216, 114, 109
217, 109, 118
218, 137, 114
219, 105, 112
220, 112, 141
221, 113, 99
222, 99, 105
223, 105, 145
224, 97, 113
225, 96, 97
226, 128, 96
227, 113, 146
228, 108, 101
229, 101, 106
230, 106, 998
231, 140, 108
232, 100, 115
233, 995, 100
234, 115, 139
235, 143, 995
236, 133, 121
237, 121, 132
238, 996, 1099
239, 131, 122
240, 122, 154
241, 118, 129
242, 147, 118
243, 997, 128
244, 128, 142
245, 117, 135
246, 126, 117
247, 135, 153
248, 125, 126
249, 126, 158
250, 129, 116
251, 116, 136
252, 166, 129
253, 120, 133
254, 119, 120
255, 148, 119
256, 133, 159
257, 124, 134
258, 138, 124
259, 1100, 997
260, 997, 172
261, 130, 125
262, 134, 130
263, 125, 160
264, 161, 134
265, 132, 996
266, 168, 132
267, 996, 165
268, 127, 131
269, 123, 127
270, 136, 123
271, 131, 156
272, 999, 136
273, 151, 137
274, 137, 147
275, 147, 167
276, 154, 155
277, 178, 154
278, 139, 148
279, 148, 170
280, 153, 149
281, 157, 153
282, 998, 151
283, 151, 183
284, 155, 144
285, 144, 143
286, 143, 152
287, 188, 155
288, 150, 138
289, 138, 163
290, 152, 139
291, 139, 196
292, 184, 152
293, 149, 140
294, 140, 998
295, 1000, 149
296, 998, 180
297, 146, 145
298, 141, 150
299, 145, 141
300, 150, 1001
301, 185, 145
302, 142, 146
303, 174, 142
304, 146, 181
305, 162, 178
306, 178, 186
307, 177, 168
308, 168, 175
309, 156, 162
310, 999, 156
311, 162, 210
312, 170, 164
313, 193, 170
314, 167, 166
315, 166, 176
316, 182, 167
317, 165, 1101
318, 175, 165
319, 212, 175
320, 159, 177
321, 164, 159
322, 177, 1004
323, 1002, 164
324, 163, 169
325, 190, 163
326, 158, 157
327, 171, 158
328, 157, 197
329, 169, 161
330, 161, 173
331, 195, 169
332, 176, 999
333, 999, 209
334, 202, 176
335, 179, 174
336, 174, 187
337, 160, 171
338, 173, 160
339, 171, 203
340, 199, 173
341, 172, 179
342, 1102, 172
343, 179, 1003
344, 200, 193
345, 193, 207
346, 197, 1000
347, 1001, 190
348, 190, 201
349, 187, 191
350, 214, 187
351, 183, 189
352, 192, 183
353, 194, 188
354, 188, 184
355, 196, 200
356, 184, 196
357, 200, 227
358, 230, 184
359, 189, 182
360, 182, 205
361, 218, 189
362, 186, 194
363, 204, 186
364, 194, 217
365, 181, 185
366, 191, 181
367, 222, 191
368, 185, 1001
369, 1001, 1007
370, 1006, 185
371, 180, 192
372, 1000, 180
373, 221, 1000
374, 192, 220
375, 207, 1002
376, 1005, 207
377, 1002, 1004
378, 236, 1002
379, 205, 206
380, 224, 205
381, 215, 212
382, 212, 1103
383, 213, 204
384, 204, 225
385, 201, 195
386, 195, 198
387, 219, 201
388, 203, 208
389, 211, 203
390, 208, 197
391, 197, 226
392, 245, 208
393, 1003, 214
394, 214, 234
395, 210, 213
396, 209, 210
397, 216, 209
398, 213, 240
399, 1104, 1003
400, 1003, 247
401, 198, 199
402, 199, 211
403, 243, 198
404, 211, 244
405, 1004, 215
406, 1008, 1004
407, 215, 235
408, 206, 202
409, 202, 216
410, 238, 206
411, 216, 241
412, 217, 232
413, 225, 217
414, 242, 225
415, 231, 1005
416, 232, 230
417, 268, 232
418, 227, 231
419, 230, 227
420, 231, 263
421, 261, 230
422, 233, 221
423, 221, 229
424, 234, 222
425, 222, 228
426, 251, 234
427, 223, 218
428, 218, 224
429, 224, 237
430, 1007, 219
431, 219, 239
432, 226, 233
433, 248, 226
434, 233, 259
435, 228, 1006
436, 262, 228
437, 1006, 1007
438, 1007, 269
439, 260, 1006
440, 220, 223
441, 229, 220
442, 1009, 229
443, 223, 264
444, 1005, 236
445, 236, 246
446, 266, 1005
447, 255, 1105
448, 240, 242
449, 249, 240
450, 242, 273
451, 253, 248
452, 248, 270
453, 254, 251
454, 251, 257
455, 239, 243
456, 243, 252
457, 277, 239
458, 244, 245
459, 245, 253
460, 258, 244
461, 253, 1010
462, 250, 249
463, 249, 285
464, 246, 1008
465, 284, 246
466, 237, 238
467, 238, 256
468, 265, 237
469, 247, 254
470, 1106, 247
471, 254, 281
472, 252, 258
473, 283, 252
474, 258, 1012
475, 241, 250
476, 256, 241
477, 250, 1011
478, 278, 256
479, 235, 255
480, 1008, 235
481, 255, 291
482, 293, 1008
483, 273, 268
484, 268, 276
485, 289, 273
486, 263, 266
487, 267, 263
488, 266, 288
489, 276, 279
490, 307, 276
491, 279, 261
492, 261, 267
493, 267, 1013
494, 314, 279
495, 259, 274
496, 270, 259
497, 282, 270
498, 264, 265
499, 280, 264
500, 265, 294
501, 257, 272
502, 287, 257
503, 275, 277
504, 277, 290
505, 272, 262
506, 262, 271
507, 299, 272
508, 274, 1009
509, 311, 274
510, 1009, 280
511, 280, 300
512, 305, 1009
513, 269, 275
514, 271, 260
515, 260, 269
516, 275, 302
517, 308, 271
518, 291, 1107
519, 295, 291
520, 1010, 282
521, 282, 306
522, 288, 284
523, 284, 296
524, 309, 288
525, 292, 278
526, 278, 1011
527, 290, 283
528, 283, 297
529, 310, 290
530, 1011, 298
531, 335, 1011
532, 294, 292
533, 313, 294
534, 292, 332
535, 285, 289
536, 298, 285
537, 289, 301
538, 325, 298
539, 296, 293
540, 320, 296
541, 1012, 1010
542, 1010, 1015
543, 286, 287
544, 287, 304
545, 281, 286
546, 1108, 281
547, 286, 324
548, 297, 1012
549, 1014, 297
550, 1012, 319
551, 293, 295
552, 295, 327
553, 333, 293
554, 1013, 309
555, 309, 323
556, 312, 313
557, 313, 338
558, 306, 311
559, 321, 306
560, 329, 1109
561, 301, 307
562, 307, 316
563, 336, 301
564, 304, 303
565, 326, 304
566, 302, 317
567, 308, 302
568, 316, 314
569, 314, 318
570, 345, 316
571, 318, 1013
572, 1013, 1019
573, 349, 318
574, 317, 310
575, 310, 322
576, 1017, 317
577, 300, 312
578, 315, 300
579, 312, 348
580, 303, 299
581, 299, 308
582, 340, 303
583, 308, 1018
584, 311, 305
585, 305, 315
586, 342, 311
587, 315, 1016
588, 330, 336
589, 336, 343
590, 331, 333
591, 333, 337
592, 338, 332
593, 339, 338
594, 323, 320
595, 320, 331
596, 347, 323
597, 331, 361
598, 327, 329
599, 329, 1110
600, 1015, 321
601, 321, 344
602, 335, 325
603, 325, 330
604, 330, 359
605, 1014, 328
606, 322, 1014
607, 353, 322
608, 1014, 365
609, 332, 335
610, 366, 332
611, 335, 1020
612, 1111, 334
613, 324, 326
614, 334, 324
615, 326, 341
616, 357, 334
617, 319, 1015
618, 328, 319
619, 1015, 351
620, 360, 328
621, 337, 327
622, 363, 337
623, 327, 362
624, 1019, 347
625, 347, 364
626, 343, 345
627, 345, 352
628, 356, 343
629, 348, 339
630, 350, 348
631, 339, 358
632, 346, 342
633, 342, 1016
634, 1016, 350
635, 350, 378
636, 375, 1016
637, 1017, 353
638, 353, 369
639, 344, 346
640, 355, 344
641, 346, 380
642, 340, 1018
643, 1018, 1017
644, 1017, 387
645, 381, 1018
646, 349, 1019
647, 1019, 376
648, 341, 340
649, 372, 341
650, 340, 382
651, 352, 349
652, 383, 352
653, 349, 377
654, 364, 361
655, 384, 364
656, 362, 1112
657, 358, 373
658, 391, 358
659, 368, 363
660, 363, 362
661, 362, 409
662, 373, 366
663, 366, 1020
664, 408, 373
665, 1020, 370
666, 417, 1020
667, 369, 374
668, 379, 369
669, 361, 368
670, 415, 361
671, 368, 403
672, 371, 372
673, 372, 389
674, 351, 355
675, 354, 351
676, 355, 392
677, 367, 354
678, 354, 404
679, 365, 360
680, 374, 365
681, 360, 367
682, 1021, 374
683, 367, 399
684, 1113, 357
685, 357, 371
686, 371, 410
687, 359, 356
688, 370, 359
689, 356, 390
690, 402, 370
691, 386, 384
692, 384, 412
693, 394, 383
694, 383, 396
695, 380, 397
696, 392, 380
697, 400, 392
698, 388, 391
699, 391, 414
700, 390, 394
701, 411, 390
702, 394, 426
703, 395, 379
704, 379, 405
705, 397, 398
706, 431, 397
707, 378, 388
708, 398, 375
709, 375, 378
710, 388, 423
711, 424, 398
712, 389, 393
713, 406, 389
714, 387, 395
715, 385, 387
716, 395, 427
717, 382, 381
718, 381, 385
719, 393, 382
720, 421, 393
721, 385, 420
722, 376, 386
723, 377, 376
724, 396, 377
725, 386, 1022
726, 428, 396
727, 405, 1021
728, 430, 405
729, 414, 408
730, 425, 414
731, 404, 400
732, 413, 404
733, 400, 432
734, 408, 417
735, 443, 408
736, 419, 415
737, 415, 403
738, 418, 1168
739, 407, 411
740, 411, 436
741, 399, 401
742, 1021, 399
743, 441, 1021
744, 401, 413
745, 413, 1023
746, 445, 401
747, 410, 416
748, 1114, 410
749, 416, 406
750, 406, 422
751, 448, 416
752, 412, 419
753, 429, 412
754, 419, 451
755, 417, 402
756, 402, 407
757, 440, 417
758, 407, 442
759, 409, 418
760, 403, 409
761, 446, 403
762, 418, 447
763, 432, 438
764, 454, 432
765, 426, 435
766, 436, 426
767, 461, 436
768, 423, 425
769, 425, 452
770, 428, 1022
771, 422, 421
772, 421, 433
773, 455, 422
774, 427, 434
775, 437, 427
776, 420, 437
777, 433, 420
778, 1024, 433
779, 437, 465
780, 434, 430
781, 430, 449
782, 1025, 434
783, 438, 431
784, 431, 439
785, 1026, 438
786, 439, 424
787, 424, 423
788, 423, 466
789, 462, 439
790, 435, 428
791, 475, 435
792, 428, 467
793, 1022, 429
794, 429, 458
795, 471, 1022
796, 457, 1115
797, 460, 461
798, 461, 470
799, 463, 443
800, 443, 444
801, 456, 446
802, 447, 457
803, 446, 447
804, 457, 491
805, 444, 440
806, 442, 460
807, 440, 442
808, 460, 482
809, 480, 444
810, 451, 459
811, 458, 451
812, 476, 458
813, 449, 453
814, 473, 449
815, 1023, 454
816, 454, 472
817, 450, 1023
818, 1023, 492
819, 1116, 448
820, 448, 455
821, 455, 469
822, 486, 448
823, 453, 441
824, 441, 445
825, 445, 450
826, 479, 453
827, 450, 477
828, 459, 456
829, 456, 490
830, 488, 459
831, 452, 463
832, 464, 452
833, 463, 487
834, 471, 476
835, 476, 483
836, 466, 464
837, 464, 502
838, 478, 475
839, 475, 467
840, 1024, 468
841, 1026, 462
842, 462, 474
843, 474, 466
844, 466, 512
845, 505, 474
846, 1025, 473
847, 473, 498
848, 467, 471
849, 471, 508
850, 1028, 467
851, 469, 1024
852, 481, 469
853, 1024, 507
854, 470, 478
855, 501, 470
856, 478, 1027
857, 472, 1026
858, 485, 472
859, 1026, 504
860, 465, 1025
861, 468, 465
862, 511, 468
863, 1025, 519
864, 495, 501
865, 501, 513
866, 494, 1117
867, 493, 496
868, 483, 488
869, 488, 493
870, 510, 483
871, 493, 531
872, 502, 500
873, 509, 502
874, 492, 485
875, 499, 492
876, 485, 516
877, 477, 497
878, 484, 477
879, 487, 480
880, 480, 489
881, 500, 487
882, 525, 500
883, 482, 495
884, 489, 482
885, 495, 528
886, 1029, 489
887, 486, 481
888, 481, 503
889, 1118, 486
890, 486, 527
891, 497, 499
892, 499, 523
893, 526, 497
894, 498, 479
895, 479, 484
896, 506, 498
897, 484, 530
898, 491, 494
899, 490, 491
900, 496, 490
901, 494, 540
902, 532, 496
903, 513, 1027
904, 520, 513
905, 512, 509
906, 509, 542
907, 516, 521
908, 524, 516
909, 517, 510
910, 510, 536
911, 1027, 1028
912, 554, 1027
913, 518, 511
914, 519, 522
915, 511, 519
916, 522, 506
917, 506, 529
918, 545, 522
919, 507, 515
920, 503, 507
921, 533, 503
922, 514, 512
923, 512, 560
924, 515, 518
925, 518, 549
926, 550, 515
927, 504, 505
928, 505, 514
929, 521, 504
930, 555, 521
931, 514, 546
932, 508, 517
933, 1028, 508
934, 517, 551
935, 552, 1028
936, 535, 520
937, 520, 556
938, 548, 1119
939, 542, 544
940, 562, 542
941, 540, 548
942, 543, 532
943, 532, 540
944, 548, 569
945, 536, 534
946, 561, 536
947, 529, 539
948, 547, 529
949, 531, 543
950, 534, 531
951, 543, 577
952, 584, 534
953, 541, 537
954, 527, 533
955, 538, 527
956, 533, 557
957, 523, 524
958, 537, 523
959, 524, 564
960, 575, 537
961, 1120, 538
962, 538, 582
963, 528, 535
964, 1029, 528
965, 535, 578
966, 530, 526
967, 526, 541
968, 539, 530
969, 1030, 539
970, 541, 1031
971, 544, 525
972, 525, 1029
973, 571, 544
974, 1029, 573
975, 559, 561
976, 561, 570
977, 556, 554
978, 554, 568
979, 579, 556
980, 564, 555
981, 555, 566
982, 572, 564
983, 553, 545
984, 545, 547
985, 547, 588
986, 549, 567
987, 550, 549
988, 567, 553
989, 553, 1033
990, 592, 567
991, 566, 558
992, 1034, 566
993, 560, 563
994, 546, 560
995, 558, 546
996, 596, 558
997, 563, 562
998, 562, 585
999, 595, 563
1000, 557, 550
1001, 574, 557
1002, 550, 597
1003, 568, 565
1004, 591, 568
1005, 551, 559
1006, 565, 552
1007, 552, 551
1008, 559, 1032
1009, 593, 565
1010, 576, 1121
1011, 570, 584
1012, 584, 586
1013, 594, 570
1014, 578, 579
1015, 590, 578
1016, 579, 599
1017, 582, 574
1018, 589, 582
1019, 574, 605
1020, 587, 575
1021, 575, 572
1022, 572, 600
1023, 588, 1030
1024, 602, 588
1025, 1030, 1031
1026, 606, 1030
1027, 580, 571
1028, 573, 581
1029, 571, 573
1030, 581, 590
1031, 590, 616
1032, 625, 581
1033, 585, 580
1034, 607, 585
1035, 580, 608
1036, 1122, 589
1037, 589, 611
1038, 577, 583
1039, 586, 577
1040, 609, 586
1041, 569, 576
1042, 583, 569
1043, 576, 1035
1044, 615, 583
1045, 1031, 587
1046, 587, 610
1047, 621, 1031
1048, 593, 1032
1049, 599, 601
1050, 620, 599
1051, 600, 1034
1052, 614, 600
1053, 603, 607
1054, 607, 613
1055, 604, 596
1056, 596, 595
1057, 595, 603
1058, 603, 630
1059, 1033, 602
1060, 602, 626
1061, 601, 591
1062, 591, 593
1063, 593, 633
1064, 637, 601
1065, 605, 597
1066, 627, 605
1067, 597, 598
1068, 639, 597
1069, 598, 592
1070, 592, 1033
1071, 1033, 628
1072, 643, 598
1073, 1034, 604
1074, 1036, 1034
1075, 604, 642
1076, 1032, 594
1077, 594, 612
1078, 638, 1032
1079, 608, 624
1080, 613, 608
1081, 641, 613
1082, 612, 609
1083, 636, 612
1084, 1035, 1123
1085, 616, 620
1086, 622, 616
1087, 620, 635
1088, 624, 625
1089, 665, 624
1090, 626, 617
1091, 629, 626
1092, 609, 619
1093, 648, 609
1094, 610, 614
1095, 618, 610
1096, 614, 634
1097, 621, 618
1098, 618, 651
1099, 619, 615
1100, 615, 1035
1101, 1035, 657
1102, 659, 619
1103, 623, 627
1104, 627, 632
1105, 611, 623
1106, 1124, 611
1107, 623, 1038
1108, 617, 606
1109, 606, 621
1110, 650, 617
1111, 621, 1037
1112, 625, 622
1113, 622, 656
1114, 660, 625
1115, 638, 636
1116, 636, 658
1117, 635, 644
1118, 654, 635
1119, 633, 640
1120, 644, 637
1121, 637, 633
1122, 1039, 644
1123, 646, 641
1124, 641, 663
1125, 1036, 642
1126, 630, 646
1127, 642, 630
1128, 646, 673
1129, 668, 642
1130, 631, 629
1131, 629, 653
1132, 634, 1036
1133, 649, 634
1134, 1036, 685
1135, 645, 639
1136, 639, 643
1137, 643, 647
1138, 628, 631
1139, 647, 628
1140, 631, 678
1141, 672, 647
1142, 632, 645
1143, 652, 632
1144, 645, 680
1145, 640, 638
1146, 638, 669
1147, 674, 640
1148, 658, 655
1149, 670, 658
1150, 657, 1125
1151, 662, 657
1152, 660, 664
1153, 663, 665
1154, 665, 667
1155, 684, 663
1156, 655, 648
1157, 648, 659
1158, 659, 666
1159, 696, 655
1160, 666, 662
1161, 662, 703
1162, 690, 666
1163, 656, 654
1164, 664, 656
1165, 654, 683
1166, 692, 664
1167, 1037, 651
1168, 653, 661
1169, 687, 653
1170, 1126, 1038
1171, 1038, 652
1172, 652, 677
1173, 705, 1038
1174, 661, 650
1175, 650, 1037
1176, 1037, 689
1177, 701, 661
1178, 651, 649
1179, 649, 679
1180, 695, 651
1181, 667, 660
1182, 660, 691
1183, 700, 667
1184, 669, 670
1185, 675, 669
1186, 670, 699
1187, 683, 1039
1188, 693, 683
1189, 686, 687
1190, 687, 697
1191, 688, 671
1192, 677, 680
1193, 707, 677
1194, 681, 675
1195, 675, 726
1196, 685, 688
1197, 679, 685
1198, 702, 679
1199, 688, 712
1200, 680, 682
1201, 717, 680
1202, 678, 686
1203, 682, 672
1204, 672, 678
1205, 686, 1040
1206, 716, 682
1207, 676, 684
1208, 684, 706
1209, 1039, 674
1210, 674, 681
1211, 715, 1039
1212, 681, 720
1213, 673, 676
1214, 671, 668
1215, 668, 673
1216, 722, 671
1217, 676, 724
1218, 703, 1127
1219, 711, 703
1220, 708, 695
1221, 695, 702
1222, 702, 730
1223, 706, 709
1224, 733, 706
1225, 699, 696
1226, 696, 704
1227, 727, 699
1228, 689, 698
1229, 713, 689
1230, 709, 700
1231, 700, 710
1232, 735, 709
1233, 697, 701
1234, 701, 713
1235, 725, 697
1236, 713, 734
1237, 714, 705
1238, 705, 707
1239, 707, 721
1240, 704, 694
1241, 745, 704
1242, 694, 690
1243, 690, 711
1244, 711, 736
1245, 743, 694
1246, 692, 693
1247, 693, 731
1248, 1128, 714
1249, 714, 1042
1250, 691, 692
1251, 710, 691
1252, 737, 710
1253, 692, 740
1254, 698, 708
1255, 708, 1043
1256, 1041, 698
1257, 726, 727
1258, 727, 741
1259, 718, 715
1260, 715, 729
1261, 721, 723
1262, 742, 721
1263, 722, 728
1264, 730, 732
1265, 738, 730
1266, 724, 733
1267, 728, 724
1268, 733, 1044
1269, 751, 728
1270, 720, 726
1271, 729, 720
1272, 726, 759
1273, 752, 729
1274, 1040, 725
1275, 725, 747
1276, 731, 718
1277, 746, 731
1278, 718, 757
1279, 723, 717
1280, 717, 719
1281, 754, 723
1282, 719, 716
1283, 716, 1040
1284, 1040, 756
1285, 755, 719
1286, 712, 722
1287, 732, 712
1288, 722, 761
1289, 1045, 732
1290, 753, 1129
1291, 749, 745
1292, 745, 743
1293, 743, 748
1294, 750, 746
1295, 746, 758
1296, 1044, 744
1297, 1042, 742
1298, 742, 768
1299, 741, 749
1300, 770, 741
1301, 749, 778
1302, 1041, 1043
1303, 744, 735
1304, 735, 737
1305, 774, 744
1306, 740, 750
1307, 737, 740
1308, 750, 777
1309, 1046, 737
1310, 736, 753
1311, 748, 736
1312, 753, 782
1313, 773, 748
1314, 1130, 1042
1315, 1042, 1048
1316, 747, 739
1317, 767, 747
1318, 1043, 738
1319, 738, 762
1320, 1047, 1043
1321, 734, 1041
1322, 739, 734
1323, 1041, 771
1324, 1049, 739
1325, 758, 766
1326, 784, 758
1327, 756, 767
1328, 767, 772
1329, 769, 770
1330, 770, 783
1331, 763, 1044
1332, 1044, 775
1333, 1045, 761
1334, 761, 751
1335, 751, 763
1336, 763, 1050
1337, 797, 761
1338, 757, 752
1339, 752, 760
1340, 766, 757
1341, 793, 766
1342, 759, 769
1343, 760, 759
1344, 769, 787
1345, 786, 760
1346, 764, 765
1347, 765, 755
1348, 755, 756
1349, 756, 796
1350, 798, 765
1351, 768, 754
1352, 754, 764
1353, 780, 768
1354, 764, 795
1355, 762, 1045
1356, 781, 762
1357, 1045, 790
1358, 782, 1169
1359, 772, 1049
1360, 789, 772
1361, 777, 788
1362, 1046, 777
1363, 776, 773
1364, 773, 782
1365, 782, 806
1366, 1047, 781
1367, 781, 792
1368, 775, 779
1369, 799, 775
1370, 788, 784
1371, 784, 791
1372, 812, 788
1373, 785, 1047
1374, 1047, 810
1375, 1048, 780
1376, 780, 794
1377, 1131, 1048
1378, 1048, 818
1379, 783, 778
1380, 800, 783
1381, 771, 785
1382, 1049, 771
1383, 1053, 1049
1384, 785, 1052
1385, 778, 776
1386, 776, 808
1387, 811, 778
1388, 779, 774
1389, 774, 1046
1390, 1046, 1051
1391, 814, 779
1392, 791, 793
1393, 816, 791
1394, 802, 800
1395, 800, 809
1396, 790, 804
1397, 792, 790
1398, 815, 792
1399, 787, 802
1400, 801, 786
1401, 786, 787
1402, 802, 824
1403, 1050, 799
1404, 799, 819
1405, 804, 805
1406, 825, 804
1407, 805, 797
1408, 797, 1050
1409, 1050, 828
1410, 831, 805
1411, 796, 789
1412, 789, 807
1413, 794, 795
1414, 817, 794
1415, 795, 803
1416, 833, 795
1417, 803, 798
1418, 798, 796
1419, 796, 829
1420, 822, 803
1421, 793, 801
1422, 827, 793
1423, 801, 1054
1424, 812, 816
1425, 816, 830
1426, 813, 1132
1427, 810, 815
1428, 815, 836
1429, 809, 820
1430, 837, 809
1431, 1051, 812
1432, 812, 851
1433, 820, 811
1434, 811, 808
1435, 843, 820
1436, 806, 813
1437, 808, 806
1438, 813, 847
1439, 860, 808
1440, 1053, 1052
1441, 821, 814
1442, 814, 1051
1443, 1051, 849
1444, 818, 817
1445, 817, 826
1446, 819, 821
1447, 832, 819
1448, 821, 858
1449, 807, 1053
1450, 835, 807
1451, 1053, 841
1452, 1133, 818
1453, 818, 855
1454, 1052, 810
1455, 810, 848
1456, 844, 1052
1457, 830, 827
1458, 827, 838
1459, 856, 830
1460, 828, 832
1461, 846, 828
1462, 832, 866
1463, 834, 837
1464, 837, 867
1465, 826, 833
1466, 833, 839
1467, 870, 826
1468, 829, 840
1469, 823, 829
1470, 836, 825
1471, 825, 842
1472, 852, 836
1473, 842, 845
1474, 880, 842
1475, 840, 835
1476, 835, 861
1477, 871, 840
1478, 824, 834
1479, 1054, 824
1480, 834, 1055
1481, 839, 822
1482, 822, 823
1483, 872, 839
1484, 823, 882
1485, 838, 1054
1486, 883, 838
1487, 1054, 878
1488, 845, 831
1489, 831, 846
1490, 846, 1056
1491, 869, 845
1492, 847, 1134
1493, 857, 847
1494, 867, 843
1495, 843, 862
1496, 881, 867
1497, 851, 856
1498, 859, 851
1499, 856, 884
1500, 861, 854
1501, 876, 861
1502, 848, 853
1503, 850, 844
1504, 844, 848
1505, 864, 849
1506, 1135, 865
1507, 862, 868
1508, 1058, 862
1509, 855, 870
1510, 865, 855
1511, 870, 874
1512, 887, 865
1513, 853, 852
1514, 852, 863
1515, 891, 853
1516, 858, 864
1517, 866, 858
1518, 879, 866
1519, 864, 892
1520, 841, 850
1521, 854, 841
1522, 901, 854
1523, 850, 893
1524, 849, 859
1525, 859, 890
1526, 897, 849
1527, 868, 860
1528, 860, 857
1529, 857, 1057
1530, 889, 868
1531, 884, 886
1532, 903, 884
1533, 863, 880
1534, 894, 863
1535, 1055, 881
1536, 881, 888
1537, 886, 883
1538, 883, 885
1539, 919, 886
1540, 874, 875
1541, 899, 874
1542, 873, 1056
1543, 878, 1055
1544, 885, 878
1545, 1055, 1059
1546, 912, 885
1547, 877, 871
1548, 871, 876
1549, 876, 902
1550, 1056, 879
1551, 879, 900
1552, 910, 1056
1553, 882, 877
1554, 877, 916
1555, 875, 872
1556, 872, 882
1557, 1060, 875
1558, 882, 1061
1559, 880, 869
1560, 869, 873
1561, 911, 880
1562, 873, 913
1563, 1057, 1136
1564, 904, 903
1565, 903, 922
1566, 888, 1058
1567, 914, 888
1568, 892, 898
1569, 900, 892
1570, 909, 900
1571, 895, 889
1572, 889, 1057
1573, 1057, 931
1574, 890, 904
1575, 908, 890
1576, 904, 929
1577, 902, 901
1578, 901, 905
1579, 917, 902
1580, 896, 894
1581, 894, 920
1582, 906, 899
1583, 899, 925
1584, 893, 907
1585, 905, 893
1586, 930, 905
1587, 1137, 887
1588, 887, 906
1589, 906, 937
1590, 898, 897
1591, 897, 908
1592, 933, 898
1593, 908, 932
1594, 1058, 895
1595, 1062, 1058
1596, 895, 934
1597, 907, 891
1598, 891, 896
1599, 896, 935
1600, 928, 907
1601, 1059, 914
1602, 914, 936
1603, 922, 919
1604, 919, 923
1605, 927, 922
1606, 921, 910
1607, 910, 909
1608, 909, 938
1609, 924, 917
1610, 917, 946
1611, 1060, 1061
1612, 918, 911
1613, 913, 926
1614, 911, 913
1615, 926, 921
1616, 921, 952
1617, 959, 926
1618, 925, 1060
1619, 942, 925
1620, 1060, 953
1621, 920, 918
1622, 941, 920
1623, 918, 1063
1624, 916, 924
1625, 1061, 916
1626, 924, 954
1627, 957, 1061
1628, 923, 912
1629, 912, 915
1630, 1064, 923
1631, 915, 1059
1632, 1059, 948
1633, 960, 915
1634, 935, 941
1635, 947, 935
1636, 941, 962
1637, 929, 927
1638, 927, 955
1639, 938, 944
1640, 950, 938
1641, 943, 930
1642, 930, 940
1643, 944, 933
1644, 933, 945
1645, 1065, 944
1646, 936, 1062
1647, 949, 936
1648, 940, 928
1649, 928, 947
1650, 947, 971
1651, 973, 940
1652, 937, 942
1653, 942, 958
1654, 1062, 951
1655, 974, 1062
1656, 934, 939
1657, 951, 934
1658, 972, 951
1659, 1138, 937
1660, 937, 969
1661, 946, 943
1662, 965, 946
1663, 943, 1067
1664, 932, 929
1665, 945, 932
1666, 929, 1066
1667, 964, 945
1668, 931, 1139
1669, 939, 931
1670, 976, 939
1671, 955, 1064
1672, 968, 955
1673, 948, 949
1674, 956, 948
1675, 949, 980
1676, 960, 956
1677, 956, 1140
1678, 953, 961
1679, 958, 953
1680, 1171, 958
1681, 962, 1063
1682, 979, 962
1683, 954, 965
1684, 963, 954
1685, 965, 970
1686, 961, 957
1687, 1141, 961
1688, 957, 963
1689, 963, 1142
1690, 1143, 957
1691, 1063, 959
1692, 959, 966
1693, 1144, 1063
1694, 966, 967
1695, 1145, 966
1696, 952, 950
1697, 967, 952
1698, 950, 975
1699, 1146, 967
1700, 1064, 960
1701, 1147, 1064
1702, 960, 1148
1703, 978, 1149
1704, 977, 979
1705, 979, 1150
1706, 1066, 968
1707, 968, 1151
1708, 1170, 976
1709, 976, 978
1710, 978, 1152
1711, 975, 1065
1712, 1153, 975
1713, 980, 974
1714, 1172, 980
1715, 970, 1067
1716, 1154, 970
1717, 981, 964
1718, 964, 1066
1719, 1066, 1155
1720, 969, 1156
1721, 1157, 969
1722, 971, 977
1723, 973, 971
1724, 977, 1158
1725, 974, 972
1726, 972, 1170
1727, 1159, 974
1728, 1160, 1171
1729, 1067, 973
1730, 1161, 1067
1731, 973, 1162
1732, 1065, 981
1733, 1163, 1065
1734, 981, 1164
