1, 888, 2
2, 889, 14
3, 824, 890
4, 4, 891
5, 7, 892
6, 825, 893
7, 894, 9
8, 3, 895
9, 15, 896
10, 6, 897
11, 898, 18
12, 5, 899
13, 900, 12
14, 827, 901
15, 902, 13
16, 903, 11
17, 904, 22
18, 10, 905
19, 906, 34
20, 907, 17
21, 826, 908
22, 909, 1
23, 23, 910
24, 9, 824
25, 29, 9
26, 824, 911
27, 828, 824
28, 4, 15
29, 15, 21
30, 8, 6
31, 6, 27
32, 12, 4
33, 33, 12
34, 4, 46
35, 17, 14
36, 35, 17
37, 825, 5
38, 5, 32
39, 11, 16
40, 26, 11
41, 13, 825
42, 30, 13
43, 825, 829
44, 14, 3
45, 3, 19
46, 36, 14
47, 16, 7
48, 7, 10
49, 10, 24
50, 39, 16
51, 912, 25
52, 2, 8
53, 1, 2
54, 20, 1
55, 8, 830
56, 31, 29
57, 29, 48
58, 18, 31
59, 27, 18
60, 37, 27
61, 31, 63
62, 21, 23
63, 44, 21
64, 32, 826
65, 41, 32
66, 23, 20
67, 20, 47
68, 58, 23
69, 24, 34
70, 38, 24
71, 827, 33
72, 33, 50
73, 28, 26
74, 26, 40
75, 22, 28
76, 25, 22
77, 913, 25
78, 28, 53
79, 34, 30
80, 30, 45
81, 54, 34
82, 826, 35
83, 35, 43
84, 70, 826
85, 19, 827
86, 42, 19
87, 827, 52
88, 828, 914
89, 46, 44
90, 51, 46
91, 44, 56
92, 47, 830
93, 64, 47
94, 48, 828
95, 69, 48
96, 828, 832
97, 50, 51
98, 60, 50
99, 51, 83
100, 829, 41
101, 41, 67
102, 39, 38
103, 38, 74
104, 43, 49
105, 62, 43
106, 40, 39
107, 72, 40
108, 39, 86
109, 915, 59
110, 45, 829
111, 61, 45
112, 829, 77
113, 49, 36
114, 36, 42
115, 42, 55
116, 76, 49
117, 830, 37
118, 37, 66
119, 831, 830
120, 63, 69
121, 71, 63
122, 69, 85
123, 66, 71
124, 82, 66
125, 71, 833
126, 67, 70
127, 91, 67
128, 73, 58
129, 58, 64
130, 64, 75
131, 52, 57
132, 55, 52
133, 79, 55
134, 57, 60
135, 60, 84
136, 95, 57
137, 74, 68
138, 88, 74
139, 70, 62
140, 62, 80
141, 102, 70
142, 53, 65
143, 59, 53
144, 916, 59
145, 65, 72
146, 72, 89
147, 96, 65
148, 56, 73
149, 81, 56
150, 73, 834
151, 68, 54
152, 54, 61
153, 61, 78
154, 103, 68
155, 75, 831
156, 101, 75
157, 831, 82
158, 82, 105
159, 121, 831
160, 87, 79
161, 79, 109
162, 85, 832
163, 99, 85
164, 90, 91
165, 91, 98
166, 80, 76
167, 76, 87
168, 97, 80
169, 87, 112
170, 84, 83
171, 93, 84
172, 86, 88
173, 92, 86
174, 88, 106
175, 77, 90
176, 78, 77
177, 104, 78
178, 90, 126
179, 917, 100
180, 83, 81
181, 81, 108
182, 116, 83
183, 89, 92
184, 94, 89
185, 92, 111
186, 832, 918
187, 127, 832
188, 833, 99
189, 99, 125
190, 108, 834
191, 123, 108
192, 834, 101
193, 101, 130
194, 132, 834
195, 109, 110
196, 119, 109
197, 105, 833
198, 128, 105
199, 833, 139
200, 103, 104
201, 104, 122
202, 110, 95
203, 95, 93
204, 93, 114
205, 835, 110
206, 98, 102
207, 124, 98
208, 107, 96
209, 96, 94
210, 94, 118
211, 106, 103
212, 113, 106
213, 103, 143
214, 102, 97
215, 97, 117
216, 133, 102
217, 100, 107
218, 919, 100
219, 107, 836
220, 116, 123
221, 123, 144
222, 125, 127
223, 127, 131
224, 141, 125
225, 131, 920
226, 837, 131
227, 117, 120
228, 138, 117
229, 122, 129
230, 142, 122
231, 112, 119
232, 120, 112
233, 119, 147
234, 838, 120
235, 126, 124
236, 129, 126
237, 124, 148
238, 150, 129
239, 111, 115
240, 118, 111
241, 134, 118
242, 114, 116
243, 149, 114
244, 116, 152
245, 130, 121
246, 136, 130
247, 115, 113
248, 113, 140
249, 157, 115
250, 921, 137
251, 121, 128
252, 128, 135
253, 153, 121
254, 144, 132
255, 132, 146
256, 156, 144
257, 139, 141
258, 141, 154
259, 135, 139
260, 159, 135
261, 139, 177
262, 147, 835
263, 168, 147
264, 146, 136
265, 136, 151
266, 169, 146
267, 145, 133
268, 133, 138
269, 138, 167
270, 143, 142
271, 142, 166
272, 835, 149
273, 149, 158
274, 186, 835
275, 836, 134
276, 134, 163
277, 137, 836
278, 922, 137
279, 836, 170
280, 140, 143
281, 165, 140
282, 143, 176
283, 148, 145
284, 155, 148
285, 145, 175
286, 837, 923
287, 151, 162
288, 171, 151
289, 152, 160
290, 158, 152
291, 189, 158
292, 160, 156
293, 156, 183
294, 193, 160
295, 162, 153
296, 153, 159
297, 159, 180
298, 194, 162
299, 154, 837
300, 185, 154
301, 837, 199
302, 161, 155
303, 155, 178
304, 167, 838
305, 182, 167
306, 164, 157
307, 157, 165
308, 165, 188
309, 163, 164
310, 181, 163
311, 164, 197
312, 838, 168
313, 168, 173
314, 839, 838
315, 166, 150
316, 150, 161
317, 172, 166
318, 161, 200
319, 924, 174
320, 190, 185
321, 185, 203
322, 177, 190
323, 180, 177
324, 210, 180
325, 190, 842
326, 192, 189
327, 189, 206
328, 187, 169
329, 169, 171
330, 171, 198
331, 175, 191
332, 178, 175
333, 201, 178
334, 179, 181
335, 181, 195
336, 176, 172
337, 184, 176
338, 172, 202
339, 170, 179
340, 174, 170
341, 925, 174
342, 179, 215
343, 188, 184
344, 204, 188
345, 184, 841
346, 191, 182
347, 182, 209
348, 216, 191
349, 173, 186
350, 186, 192
351, 205, 173
352, 192, 220
353, 183, 187
354, 196, 183
355, 187, 840
356, 206, 208
357, 222, 206
358, 199, 212
359, 203, 199
360, 217, 203
361, 212, 926
362, 234, 212
363, 211, 210
364, 210, 218
365, 209, 839
366, 224, 209
367, 202, 200
368, 227, 202
369, 200, 201
370, 201, 219
371, 246, 200
372, 839, 205
373, 205, 229
374, 242, 839
375, 927, 223
376, 197, 207
377, 195, 197
378, 213, 195
379, 198, 194
380, 194, 211
381, 221, 198
382, 211, 232
383, 207, 204
384, 204, 228
385, 240, 207
386, 208, 193
387, 193, 196
388, 196, 214
389, 236, 208
390, 840, 221
391, 221, 237
392, 214, 840
393, 243, 214
394, 840, 251
395, 219, 226
396, 248, 219
397, 229, 230
398, 244, 229
399, 220, 222
400, 230, 220
401, 222, 239
402, 260, 230
403, 223, 225
404, 928, 223
405, 841, 227
406, 227, 231
407, 215, 213
408, 225, 215
409, 213, 245
410, 250, 225
411, 228, 841
412, 235, 228
413, 841, 255
414, 226, 216
415, 216, 224
416, 224, 241
417, 254, 226
418, 842, 217
419, 217, 233
420, 218, 842
421, 238, 218
422, 842, 252
423, 247, 243
424, 243, 268
425, 234, 929
426, 232, 238
427, 238, 261
428, 239, 236
429, 236, 247
430, 267, 239
431, 247, 272
432, 245, 240
433, 249, 245
434, 246, 248
435, 248, 259
436, 241, 242
437, 257, 241
438, 930, 266
439, 242, 244
440, 244, 265
441, 273, 242
442, 231, 246
443, 256, 231
444, 246, 271
445, 240, 235
446, 235, 264
447, 282, 240
448, 237, 232
449, 258, 237
450, 232, 279
451, 233, 234
452, 253, 233
453, 234, 270
454, 252, 253
455, 253, 276
456, 254, 257
457, 257, 288
458, 268, 262
459, 280, 268
460, 251, 258
461, 262, 251
462, 258, 274
463, 843, 262
464, 261, 252
465, 275, 261
466, 252, 291
467, 260, 267
468, 267, 289
469, 259, 254
470, 278, 259
471, 254, 844
472, 265, 260
473, 285, 265
474, 260, 302
475, 264, 263
476, 287, 264
477, 269, 250
478, 250, 249
479, 249, 281
480, 255, 256
481, 263, 255
482, 256, 283
483, 299, 263
484, 266, 269
485, 931, 266
486, 269, 293
487, 279, 275
488, 275, 306
489, 270, 932
490, 277, 270
491, 288, 284
492, 297, 288
493, 284, 273
494, 273, 285
495, 285, 307
496, 311, 284
497, 272, 280
498, 290, 272
499, 280, 294
500, 286, 278
501, 278, 295
502, 276, 277
503, 300, 276
504, 277, 316
505, 933, 298
506, 281, 282
507, 310, 281
508, 271, 286
509, 283, 271
510, 292, 283
511, 286, 314
512, 282, 287
513, 287, 301
514, 321, 282
515, 289, 290
516, 296, 289
517, 290, 845
518, 274, 279
519, 305, 274
520, 279, 322
521, 306, 303
522, 323, 306
523, 291, 300
524, 303, 291
525, 300, 324
526, 846, 303
527, 843, 305
528, 305, 319
529, 309, 296
530, 296, 315
531, 302, 309
532, 307, 302
533, 318, 307
534, 309, 331
535, 293, 304
536, 298, 293
537, 934, 298
538, 301, 308
539, 326, 301
540, 844, 297
541, 297, 313
542, 294, 843
543, 320, 294
544, 843, 342
545, 308, 299
546, 299, 292
547, 292, 312
548, 333, 308
549, 304, 310
550, 310, 328
551, 348, 304
552, 295, 844
553, 317, 295
554, 844, 332
555, 322, 330
556, 319, 322
557, 343, 319
558, 325, 318
559, 318, 345
560, 845, 320
561, 320, 339
562, 313, 311
563, 311, 325
564, 334, 313
565, 325, 354
566, 315, 845
567, 335, 315
568, 845, 367
569, 330, 323
570, 323, 344
571, 353, 330
572, 324, 327
573, 346, 324
574, 314, 317
575, 317, 341
576, 328, 321
577, 321, 329
578, 338, 328
579, 935, 340
580, 312, 314
581, 336, 312
582, 314, 351
583, 329, 326
584, 326, 350
585, 363, 329
586, 316, 936
587, 327, 316
588, 352, 327
589, 331, 335
590, 349, 331
591, 335, 372
592, 339, 342
593, 360, 339
594, 344, 846
595, 357, 344
596, 342, 343
597, 343, 362
598, 848, 342
599, 347, 333
600, 333, 336
601, 336, 370
602, 341, 337
603, 356, 341
604, 345, 349
605, 364, 345
606, 349, 375
607, 332, 334
608, 337, 332
609, 334, 361
610, 376, 337
611, 348, 338
612, 338, 366
613, 340, 348
614, 937, 340
615, 348, 377
616, 350, 347
617, 358, 350
618, 347, 379
619, 846, 346
620, 346, 365
621, 847, 846
622, 372, 371
623, 389, 372
624, 355, 938
625, 361, 354
626, 386, 361
627, 362, 359
628, 373, 362
629, 365, 352
630, 352, 355
631, 378, 365
632, 355, 402
633, 351, 356
634, 368, 351
635, 356, 384
636, 367, 360
637, 371, 367
638, 360, 388
639, 396, 371
640, 354, 364
641, 364, 374
642, 394, 354
643, 359, 353
644, 353, 357
645, 357, 380
646, 405, 359
647, 370, 368
648, 381, 370
649, 368, 397
650, 939, 387
651, 369, 363
652, 363, 358
653, 358, 382
654, 366, 369
655, 385, 366
656, 369, 399
657, 380, 847
658, 407, 380
659, 847, 378
660, 378, 408
661, 850, 847
662, 383, 376
663, 376, 386
664, 386, 392
665, 388, 848
666, 395, 388
667, 848, 373
668, 373, 412
669, 414, 848
670, 379, 381
671, 381, 393
672, 375, 391
673, 374, 375
674, 406, 374
675, 387, 390
676, 940, 387
677, 391, 389
678, 389, 401
679, 849, 391
680, 377, 385
681, 390, 377
682, 385, 398
683, 851, 390
684, 382, 379
685, 400, 382
686, 379, 413
687, 384, 383
688, 411, 384
689, 383, 424
690, 405, 407
691, 407, 415
692, 408, 410
693, 428, 408
694, 399, 400
695, 400, 422
696, 401, 403
697, 423, 401
698, 403, 396
699, 396, 395
700, 395, 417
701, 432, 403
702, 409, 406
703, 406, 426
704, 941, 421
705, 397, 404
706, 393, 397
707, 418, 393
708, 404, 411
709, 411, 425
710, 440, 404
711, 392, 394
712, 394, 409
713, 419, 392
714, 409, 431
715, 412, 405
716, 416, 412
717, 405, 430
718, 402, 942
719, 410, 402
720, 446, 410
721, 398, 399
722, 427, 398
723, 399, 438
724, 850, 428
725, 428, 443
726, 429, 414
727, 414, 416
728, 416, 444
729, 425, 424
730, 436, 425
731, 426, 849
732, 434, 426
733, 851, 427
734, 427, 441
735, 420, 418
736, 418, 450
737, 849, 423
738, 423, 445
739, 853, 849
740, 417, 429
741, 433, 417
742, 429, 854
743, 415, 850
744, 435, 415
745, 850, 852
746, 413, 420
747, 422, 413
748, 442, 422
749, 420, 464
750, 421, 851
751, 943, 421
752, 851, 454
753, 424, 419
754, 419, 439
755, 855, 424
756, 452, 944
757, 430, 435
758, 449, 430
759, 435, 458
760, 439, 437
761, 460, 439
762, 431, 434
763, 437, 431
764, 434, 455
765, 476, 437
766, 443, 446
767, 446, 452
768, 463, 443
769, 452, 997
770, 438, 447
771, 441, 438
772, 461, 441
773, 448, 440
774, 440, 436
775, 436, 459
776, 451, 432
777, 432, 433
778, 433, 457
779, 450, 448
780, 462, 450
781, 448, 473
782, 445, 451
783, 456, 445
784, 451, 469
785, 945, 466
786, 447, 442
787, 442, 467
788, 856, 447
789, 444, 449
790, 453, 444
791, 449, 470
792, 852, 463
793, 463, 479
794, 455, 853
795, 472, 455
796, 853, 456
797, 456, 481
798, 858, 853
799, 457, 854
800, 486, 457
801, 854, 453
802, 453, 471
803, 489, 854
804, 464, 462
805, 468, 464
806, 462, 482
807, 855, 460
808, 460, 475
809, 467, 468
810, 485, 467
811, 468, 492
812, 458, 852
813, 478, 458
814, 852, 857
815, 454, 465
816, 466, 454
817, 946, 466
818, 465, 461
819, 461, 474
820, 494, 465
821, 459, 855
822, 477, 459
823, 855, 491
824, 479, 997
825, 503, 479
826, 483, 472
827, 472, 499
828, 475, 476
829, 476, 483
830, 501, 475
831, 483, 514
832, 469, 484
833, 481, 469
834, 500, 481
835, 470, 480
836, 471, 470
837, 505, 471
838, 474, 856
839, 504, 474
840, 856, 485
841, 485, 497
842, 518, 856
843, 482, 487
844, 495, 482
845, 484, 486
846, 486, 488
847, 510, 484
848, 947, 490
849, 480, 478
850, 478, 493
851, 859, 480
852, 509, 997
853, 473, 477
854, 487, 473
855, 477, 496
856, 860, 487
857, 857, 503
858, 503, 507
859, 496, 491
860, 506, 496
861, 493, 857
862, 511, 493
863, 857, 536
864, 488, 489
865, 489, 498
866, 508, 488
867, 494, 504
868, 504, 512
869, 499, 858
870, 517, 499
871, 490, 494
872, 948, 490
873, 494, 863
874, 858, 500
875, 500, 521
876, 538, 858
877, 492, 502
878, 497, 492
879, 515, 497
880, 502, 495
881, 495, 516
882, 861, 502
883, 498, 505
884, 505, 523
885, 862, 498
886, 491, 501
887, 501, 522
888, 533, 491
889, 513, 949
890, 859, 511
891, 511, 534
892, 507, 509
893, 509, 513
894, 529, 507
895, 513, 558
896, 521, 520
897, 537, 521
898, 860, 506
899, 506, 530
900, 522, 519
901, 525, 522
902, 523, 859
903, 527, 523
904, 859, 546
905, 512, 518
906, 518, 524
907, 528, 512
908, 524, 515
909, 515, 526
910, 544, 524
911, 520, 510
912, 510, 508
913, 508, 532
914, 865, 520
915, 950, 535
916, 516, 860
917, 539, 516
918, 860, 864
919, 514, 517
920, 519, 514
921, 517, 531
922, 543, 519
923, 536, 529
924, 529, 552
925, 533, 525
926, 525, 542
927, 534, 536
928, 548, 534
929, 536, 867
930, 861, 539
931, 539, 547
932, 530, 533
933, 549, 530
934, 533, 869
935, 532, 862
936, 545, 532
937, 862, 527
938, 527, 553
939, 565, 862
940, 863, 528
941, 528, 555
942, 535, 863
943, 951, 535
944, 863, 866
945, 526, 861
946, 554, 526
947, 861, 868
948, 531, 538
949, 538, 540
950, 551, 531
951, 540, 537
952, 537, 541
953, 559, 540
954, 552, 558
955, 569, 552
956, 558, 952
957, 871, 558
958, 865, 545
959, 545, 567
960, 553, 557
961, 563, 553
962, 546, 548
963, 557, 546
964, 548, 571
965, 870, 557
966, 542, 543
967, 543, 550
968, 566, 542
969, 550, 551
970, 551, 570
971, 575, 550
972, 864, 549
973, 549, 564
974, 547, 864
975, 560, 547
976, 864, 873
977, 953, 572
978, 556, 544
979, 544, 554
980, 554, 574
981, 541, 865
982, 561, 541
983, 865, 872
984, 555, 556
985, 562, 555
986, 556, 576
987, 567, 573
988, 584, 567
989, 570, 568
990, 578, 570
991, 867, 569
992, 569, 581
993, 573, 565
994, 565, 563
995, 563, 586
996, 590, 573
997, 564, 869
998, 580, 564
999, 866, 562
1000, 562, 577
1001, 568, 559
1002, 559, 561
1003, 561, 583
1004, 876, 568
1005, 571, 867
1006, 587, 571
1007, 867, 596
1008, 572, 866
1009, 954, 572
1010, 866, 874
1011, 574, 868
1012, 579, 574
1013, 868, 560
1014, 560, 585
1015, 595, 868
1016, 869, 566
1017, 566, 589
1018, 875, 869
1019, 870, 587
1020, 587, 602
1021, 589, 588
1022, 603, 589
1023, 871, 955
1024, 588, 575
1025, 575, 578
1026, 578, 597
1027, 613, 588
1028, 581, 871
1029, 604, 581
1030, 871, 609
1031, 872, 584
1032, 584, 606
1033, 582, 579
1034, 579, 598
1035, 585, 873
1036, 599, 585
1037, 576, 582
1038, 577, 576
1039, 593, 577
1040, 582, 879
1041, 583, 872
1042, 591, 583
1043, 872, 607
1044, 586, 870
1045, 592, 586
1046, 870, 877
1047, 956, 594
1048, 873, 580
1049, 580, 600
1050, 878, 873
1051, 596, 604
1052, 604, 621
1053, 597, 876
1054, 610, 597
1055, 602, 596
1056, 618, 602
1057, 596, 625
1058, 598, 595
1059, 595, 601
1060, 619, 598
1061, 606, 605
1062, 622, 606
1063, 601, 599
1064, 599, 617
1065, 640, 601
1066, 875, 603
1067, 603, 611
1068, 874, 593
1069, 593, 614
1070, 594, 874
1071, 957, 594
1072, 874, 635
1073, 600, 875
1074, 612, 600
1075, 875, 633
1076, 876, 591
1077, 591, 608
1078, 626, 876
1079, 605, 590
1080, 590, 592
1081, 592, 616
1082, 636, 605
1083, 609, 958
1084, 620, 609
1085, 877, 618
1086, 618, 629
1087, 616, 877
1088, 639, 616
1089, 877, 647
1090, 617, 878
1091, 641, 617
1092, 613, 610
1093, 610, 627
1094, 607, 615
1095, 608, 607
1096, 630, 608
1097, 878, 612
1098, 612, 637
1099, 653, 878
1100, 611, 613
1101, 638, 611
1102, 613, 649
1103, 879, 619
1104, 619, 632
1105, 614, 879
1106, 631, 614
1107, 879, 880
1108, 615, 622
1109, 622, 624
1110, 646, 615
1111, 959, 643
1112, 621, 620
1113, 623, 621
1114, 620, 648
1115, 625, 623
1116, 628, 625
1117, 623, 659
1118, 629, 628
1119, 660, 629
1120, 628, 675
1121, 637, 633
1122, 655, 637
1123, 624, 642
1124, 645, 624
1125, 633, 638
1126, 638, 656
1127, 881, 633
1128, 642, 636
1129, 636, 639
1130, 639, 654
1131, 676, 642
1132, 643, 644
1133, 960, 643
1134, 627, 626
1135, 626, 634
1136, 651, 627
1137, 635, 631
1138, 644, 635
1139, 631, 665
1140, 677, 644
1141, 634, 630
1142, 630, 664
1143, 669, 634
1144, 632, 640
1145, 658, 632
1146, 640, 641
1147, 641, 650
1148, 666, 640
1149, 661, 660
1150, 660, 674
1151, 662, 655
1152, 655, 685
1153, 649, 651
1154, 652, 649
1155, 651, 681
1156, 665, 880
1157, 673, 665
1158, 648, 961
1159, 657, 648
1160, 647, 661
1161, 654, 647
1162, 670, 654
1163, 661, 686
1164, 880, 658
1165, 658, 668
1166, 690, 880
1167, 650, 653
1168, 653, 662
1169, 667, 650
1170, 662, 883
1171, 962, 679
1172, 664, 663
1173, 678, 664
1174, 663, 646
1175, 646, 645
1176, 645, 680
1177, 697, 663
1178, 659, 657
1179, 671, 659
1180, 657, 695
1181, 656, 652
1182, 684, 656
1183, 652, 882
1184, 685, 881
1185, 691, 685
1186, 881, 684
1187, 684, 689
1188, 710, 881
1189, 682, 676
1190, 676, 670
1191, 670, 699
1192, 674, 675
1193, 687, 674
1194, 683, 669
1195, 669, 678
1196, 678, 701
1197, 677, 673
1198, 673, 698
1199, 680, 682
1200, 700, 680
1201, 682, 715
1202, 679, 677
1203, 963, 679
1204, 677, 709
1205, 668, 666
1206, 666, 672
1207, 692, 668
1208, 672, 667
1209, 667, 693
1210, 707, 672
1211, 681, 683
1212, 688, 681
1213, 683, 884
1214, 675, 671
1215, 671, 694
1216, 706, 675
1217, 695, 964
1218, 689, 882
1219, 714, 689
1220, 693, 883
1221, 708, 693
1222, 701, 703
1223, 705, 701
1224, 703, 697
1225, 697, 700
1226, 700, 721
1227, 725, 703
1228, 694, 695
1229, 723, 694
1230, 695, 724
1231, 883, 691
1232, 691, 712
1233, 885, 883
1234, 699, 696
1235, 720, 699
1236, 686, 687
1237, 696, 686
1238, 687, 704
1239, 736, 696
1240, 698, 702
1241, 713, 698
1242, 965, 716
1243, 882, 688
1244, 688, 722
1245, 738, 882
1246, 702, 690
1247, 690, 692
1248, 692, 711
1249, 729, 702
1250, 718, 723
1251, 723, 730
1252, 712, 710
1253, 734, 712
1254, 717, 707
1255, 707, 708
1256, 708, 735
1257, 710, 714
1258, 714, 733
1259, 752, 710
1260, 884, 705
1261, 705, 739
1262, 721, 715
1263, 727, 721
1264, 704, 706
1265, 706, 718
1266, 732, 704
1267, 718, 753
1268, 715, 720
1269, 720, 731
1270, 886, 715
1271, 722, 884
1272, 740, 722
1273, 884, 749
1274, 709, 713
1275, 719, 709
1276, 713, 741
1277, 711, 717
1278, 728, 711
1279, 717, 743
1280, 716, 719
1281, 966, 716
1282, 719, 742
1283, 724, 967
1284, 726, 724
1285, 731, 736
1286, 757, 731
1287, 730, 726
1288, 754, 730
1289, 726, 767
1290, 738, 740
1291, 740, 745
1292, 739, 737
1293, 760, 739
1294, 736, 732
1295, 732, 755
1296, 771, 736
1297, 729, 728
1298, 728, 744
1299, 737, 725
1300, 725, 727
1301, 727, 747
1302, 765, 737
1303, 885, 734
1304, 734, 759
1305, 968, 746
1306, 735, 885
1307, 748, 735
1308, 885, 762
1309, 741, 729
1310, 756, 741
1311, 729, 775
1312, 733, 738
1313, 751, 733
1314, 738, 887
1315, 753, 754
1316, 754, 776
1317, 749, 760
1318, 760, 764
1319, 758, 752
1320, 752, 751
1321, 751, 777
1322, 745, 749
1323, 766, 745
1324, 749, 786
1325, 742, 750
1326, 746, 742
1327, 969, 746
1328, 755, 753
1329, 779, 755
1330, 753, 783
1331, 750, 756
1332, 756, 763
1333, 791, 750
1334, 744, 743
1335, 773, 744
1336, 743, 748
1337, 748, 761
1338, 796, 743
1339, 886, 757
1340, 757, 772
1341, 759, 758
1342, 774, 759
1343, 758, 798
1344, 747, 886
1345, 768, 747
1346, 886, 778
1347, 767, 970
1348, 777, 887
1349, 799, 777
1350, 764, 765
1351, 765, 769
1352, 785, 764
1353, 772, 771
1354, 771, 780
1355, 784, 772
1356, 780, 779
1357, 779, 790
1358, 810, 780
1359, 776, 767
1360, 781, 776
1361, 767, 806
1362, 762, 770
1363, 761, 762
1364, 792, 761
1365, 770, 774
1366, 774, 788
1367, 819, 770
1368, 971, 787
1369, 763, 775
1370, 789, 763
1371, 769, 768
1372, 768, 782
1373, 808, 769
1374, 887, 766
1375, 766, 797
1376, 807, 887
1377, 775, 773
1378, 773, 794
1379, 802, 775
1380, 801, 799
1381, 799, 811
1382, 790, 795
1383, 813, 790
1384, 778, 793
1385, 782, 778
1386, 805, 782
1387, 796, 792
1388, 792, 821
1389, 793, 784
1390, 784, 816
1391, 972, 793
1392, 800, 789
1393, 789, 823
1394, 798, 801
1395, 788, 798
1396, 812, 788
1397, 801, 973
1398, 797, 786
1399, 814, 797
1400, 786, 785
1401, 785, 815
1402, 974, 786
1403, 787, 791
1404, 791, 800
1405, 975, 787
1406, 800, 976
1407, 794, 796
1408, 803, 794
1409, 796, 977
1410, 783, 781
1411, 795, 783
1412, 781, 804
1413, 978, 795
1414, 820, 808
1415, 808, 805
1416, 805, 979
1417, 806, 818
1418, 804, 806
1419, 980, 804
1420, 815, 820
1421, 981, 815
1422, 820, 982
1423, 816, 817
1424, 983, 816
1425, 818, 984
1426, 985, 818
1427, 819, 812
1428, 812, 986
1429, 817, 810
1430, 810, 813
1431, 813, 987
1432, 988, 817
1433, 822, 807
1434, 807, 814
1435, 814, 989
1436, 809, 802
1437, 802, 803
1438, 803, 990
1439, 811, 822
1440, 991, 811
1441, 822, 992
1442, 821, 819
1443, 993, 821
1444, 819, 994
1445, 823, 809
1446, 995, 823
1447, 809, 996
