1, 813, 3
2, 811, 1
3, 9, 811
4, 14, 729
5, 730, 27
6, 6, 731
7, 732, 5
8, 1, 733
9, 734, 12
10, 19, 1
11, 13, 735
12, 812, 814
13, 10, 812
14, 2, 736
15, 737, 8
16, 15, 738
17, 739, 20
18, 740, 11
19, 741, 2
20, 4, 742
21, 2, 18
22, 743, 7
23, 22, 814
24, 744, 31
25, 745, 16
26, 703, 746
27, 7, 9
28, 9, 42
29, 24, 7
30, 12, 14
31, 14, 30
32, 25, 12
33, 3, 6
34, 32, 3
35, 6, 26
36, 16, 15
37, 23, 16
38, 5, 10
39, 33, 5
40, 10, 36
41, 8, 13
42, 13, 35
43, 38, 8
44, 11, 4
45, 28, 11
46, 4, 17
47, 27, 34
48, 30, 27
49, 45, 30
50, 34, 32
51, 32, 704
52, 55, 34
53, 42, 19
54, 19, 29
55, 46, 42
56, 26, 747
57, 704, 26
58, 29, 25
59, 25, 51
60, 63, 29
61, 37, 22
62, 22, 24
63, 24, 48
64, 36, 37
65, 43, 36
66, 37, 705
67, 703, 23
68, 23, 47
69, 18, 21
70, 17, 18
71, 41, 17
72, 20, 33
73, 33, 44
74, 15, 20
75, 60, 15
76, 20, 52
77, 39, 28
78, 28, 40
79, 31, 39
80, 748, 31
81, 39, 62
82, 21, 38
83, 38, 49
84, 54, 21
85, 35, 703
86, 50, 35
87, 703, 59
88, 73, 704
89, 704, 71
90, 48, 46
91, 46, 53
92, 57, 48
93, 44, 43
94, 43, 68
95, 58, 44
96, 47, 60
97, 61, 47
98, 60, 67
99, 51, 45
100, 45, 69
101, 66, 51
102, 40, 41
103, 41, 65
104, 76, 40
105, 49, 50
106, 64, 49
107, 50, 56
108, 69, 72
109, 80, 69
110, 72, 55
111, 55, 73
112, 73, 89
113, 93, 72
114, 77, 66
115, 66, 79
116, 53, 63
117, 63, 77
118, 84, 53
119, 77, 108
120, 68, 705
121, 82, 68
122, 705, 57
123, 57, 87
124, 96, 705
125, 52, 58
126, 74, 52
127, 58, 81
128, 71, 749
129, 88, 71
130, 67, 74
131, 86, 67
132, 74, 97
133, 56, 70
134, 90, 56
135, 75, 64
136, 64, 95
137, 750, 78
138, 65, 54
139, 54, 75
140, 706, 65
141, 75, 94
142, 59, 61
143, 70, 59
144, 61, 85
145, 707, 70
146, 62, 76
147, 78, 62
148, 76, 83
149, 100, 78
150, 79, 80
151, 80, 102
152, 107, 79
153, 89, 88
154, 88, 751
155, 85, 86
156, 86, 111
157, 98, 85
158, 95, 90
159, 90, 91
160, 109, 95
161, 83, 706
162, 101, 83
163, 81, 82
164, 82, 103
165, 92, 81
166, 87, 84
167, 84, 105
168, 106, 87
169, 104, 93
170, 93, 89
171, 89, 114
172, 111, 97
173, 119, 111
174, 97, 92
175, 92, 116
176, 140, 97
177, 113, 107
178, 107, 120
179, 122, 752
180, 94, 99
181, 706, 94
182, 112, 706
183, 99, 109
184, 109, 123
185, 131, 99
186, 91, 707
187, 127, 91
188, 103, 96
189, 115, 103
190, 96, 106
191, 106, 118
192, 136, 96
193, 108, 113
194, 105, 108
195, 121, 105
196, 113, 126
197, 102, 104
198, 117, 102
199, 104, 129
200, 753, 100
201, 100, 110
202, 110, 101
203, 101, 125
204, 133, 110
205, 707, 98
206, 98, 124
207, 130, 707
208, 118, 121
209, 150, 118
210, 121, 147
211, 114, 122
212, 128, 114
213, 122, 142
214, 124, 119
215, 119, 137
216, 146, 124
217, 116, 115
218, 148, 116
219, 115, 134
220, 123, 127
221, 139, 123
222, 127, 143
223, 120, 117
224, 151, 120
225, 117, 138
226, 125, 112
227, 112, 132
228, 141, 125
229, 145, 136
230, 136, 150
231, 150, 161
232, 138, 144
233, 162, 138
234, 142, 754
235, 158, 142
236, 134, 145
237, 708, 134
238, 145, 178
239, 137, 140
240, 140, 153
241, 156, 137
242, 143, 130
243, 164, 143
244, 130, 146
245, 146, 154
246, 709, 130
247, 129, 128
248, 144, 129
249, 128, 160
250, 175, 144
251, 755, 152
252, 126, 151
253, 135, 126
254, 151, 157
255, 152, 133
256, 133, 141
257, 141, 155
258, 168, 152
259, 149, 139
260, 139, 165
261, 153, 148
262, 148, 708
263, 173, 153
264, 147, 135
265, 163, 147
266, 135, 167
267, 132, 131
268, 131, 149
269, 159, 132
270, 149, 176
271, 160, 158
272, 158, 171
273, 174, 160
274, 161, 163
275, 186, 161
276, 163, 166
277, 708, 179
278, 188, 708
279, 157, 162
280, 162, 192
281, 172, 157
282, 165, 164
283, 164, 180
284, 187, 165
285, 154, 156
286, 156, 170
287, 182, 154
288, 155, 159
289, 183, 155
290, 159, 169
291, 177, 172
292, 172, 201
293, 181, 174
294, 174, 198
295, 192, 175
296, 175, 181
297, 196, 192
298, 181, 210
299, 193, 186
300, 186, 200
301, 167, 177
302, 166, 167
303, 191, 166
304, 177, 212
305, 170, 173
306, 189, 170
307, 173, 188
308, 188, 203
309, 204, 173
310, 180, 709
311, 205, 180
312, 709, 182
313, 182, 190
314, 218, 709
315, 178, 193
316, 179, 178
317, 202, 179
318, 193, 211
319, 176, 184
320, 169, 176
321, 194, 169
322, 184, 187
323, 187, 197
324, 219, 184
325, 756, 168
326, 168, 185
327, 185, 183
328, 183, 199
329, 710, 185
330, 171, 757
331, 195, 171
332, 200, 191
333, 227, 200
334, 191, 214
335, 201, 196
336, 213, 201
337, 196, 208
338, 198, 195
339, 226, 198
340, 195, 758
341, 190, 189
342, 189, 206
343, 220, 190
344, 197, 205
345, 205, 209
346, 224, 197
347, 199, 194
348, 194, 215
349, 222, 199
350, 203, 202
351, 207, 203
352, 202, 217
353, 759, 223
354, 210, 226
355, 225, 210
356, 226, 235
357, 221, 213
358, 213, 233
359, 211, 227
360, 227, 230
361, 212, 221
362, 214, 212
363, 232, 214
364, 221, 259
365, 243, 760
366, 216, 207
367, 207, 241
368, 208, 225
369, 240, 208
370, 225, 251
371, 206, 204
372, 204, 216
373, 239, 206
374, 216, 246
375, 217, 211
376, 237, 217
377, 211, 252
378, 710, 222
379, 222, 238
380, 215, 219
381, 219, 228
382, 242, 215
383, 228, 224
384, 224, 234
385, 245, 228
386, 209, 218
387, 218, 229
388, 231, 209
389, 229, 220
390, 220, 236
391, 244, 229
392, 223, 710
393, 761, 223
394, 710, 711
395, 235, 243
396, 247, 235
397, 243, 762
398, 241, 237
399, 261, 241
400, 237, 268
401, 233, 240
402, 260, 233
403, 240, 253
404, 236, 239
405, 239, 256
406, 255, 236
407, 230, 232
408, 250, 230
409, 232, 266
410, 238, 242
411, 248, 238
412, 242, 262
413, 234, 231
414, 254, 234
415, 231, 258
416, 266, 265
417, 276, 266
418, 259, 260
419, 265, 259
420, 260, 272
421, 286, 265
422, 252, 250
423, 269, 252
424, 250, 280
425, 256, 257
426, 271, 256
427, 264, 244
428, 244, 255
429, 255, 278
430, 246, 261
431, 257, 246
432, 261, 277
433, 712, 257
434, 249, 254
435, 254, 270
436, 268, 269
437, 274, 268
438, 269, 291
439, 251, 263
440, 253, 251
441, 267, 253
442, 262, 245
443, 245, 249
444, 281, 262
445, 249, 713
446, 711, 248
447, 248, 282
448, 763, 711
449, 711, 283
450, 258, 264
451, 275, 258
452, 264, 284
453, 279, 764
454, 263, 247
455, 247, 273
456, 290, 263
457, 273, 279
458, 279, 304
459, 298, 273
460, 277, 274
461, 296, 277
462, 274, 302
463, 280, 276
464, 276, 303
465, 294, 280
466, 272, 267
467, 289, 272
468, 267, 305
469, 270, 275
470, 288, 270
471, 275, 301
472, 282, 281
473, 281, 292
474, 287, 282
475, 278, 271
476, 271, 295
477, 285, 278
478, 305, 300
479, 313, 305
480, 291, 297
481, 302, 291
482, 314, 302
483, 297, 294
484, 294, 317
485, 327, 297
486, 300, 290
487, 290, 298
488, 298, 311
489, 340, 300
490, 299, 286
491, 286, 289
492, 289, 309
493, 304, 765
494, 308, 304
495, 712, 296
496, 296, 307
497, 283, 287
498, 287, 318
499, 303, 299
500, 319, 303
501, 299, 714
502, 292, 713
503, 316, 292
504, 284, 285
505, 293, 284
506, 285, 315
507, 766, 283
508, 283, 320
509, 301, 293
510, 306, 301
511, 293, 339
512, 295, 712
513, 310, 295
514, 712, 329
515, 713, 288
516, 288, 312
517, 321, 713
518, 309, 313
519, 313, 332
520, 338, 309
521, 312, 306
522, 306, 330
523, 337, 312
524, 317, 319
525, 334, 317
526, 319, 324
527, 307, 314
528, 314, 323
529, 326, 307
530, 318, 316
531, 322, 318
532, 316, 325
533, 315, 310
534, 335, 315
535, 310, 328
536, 311, 308
537, 336, 311
538, 308, 767
539, 323, 327
540, 351, 323
541, 327, 334
542, 334, 355
543, 375, 327
544, 339, 335
545, 335, 343
546, 324, 714
547, 347, 324
548, 714, 338
549, 338, 354
550, 358, 714
551, 342, 340
552, 340, 336
553, 336, 345
554, 346, 768
555, 769, 331
556, 325, 321
557, 321, 333
558, 352, 325
559, 333, 337
560, 337, 353
561, 359, 333
562, 329, 341
563, 328, 329
564, 344, 328
565, 320, 322
566, 331, 320
567, 322, 715
568, 364, 331
569, 330, 339
570, 349, 330
571, 339, 717
572, 332, 342
573, 348, 332
574, 342, 716
575, 341, 326
576, 326, 350
577, 357, 341
578, 350, 351
579, 351, 363
580, 360, 350
581, 354, 348
582, 367, 354
583, 348, 371
584, 345, 346
585, 373, 345
586, 346, 815
587, 355, 347
588, 366, 355
589, 347, 372
590, 353, 349
591, 356, 353
592, 349, 368
593, 715, 352
594, 352, 361
595, 343, 344
596, 369, 343
597, 344, 362
598, 379, 815
599, 716, 373
600, 373, 381
601, 363, 375
602, 387, 363
603, 362, 365
604, 382, 362
605, 371, 716
606, 388, 371
607, 716, 396
608, 365, 357
609, 357, 360
610, 360, 389
611, 393, 365
612, 372, 370
613, 385, 372
614, 717, 369
615, 369, 380
616, 368, 717
617, 384, 368
618, 717, 719
619, 770, 376
620, 361, 359
621, 359, 374
622, 718, 361
623, 370, 358
624, 358, 367
625, 367, 377
626, 391, 370
627, 374, 356
628, 356, 378
629, 394, 374
630, 375, 366
631, 366, 383
632, 720, 375
633, 376, 364
634, 364, 715
635, 715, 386
636, 397, 376
637, 383, 385
638, 385, 390
639, 399, 383
640, 377, 388
641, 388, 403
642, 408, 391
643, 391, 377
644, 381, 379
645, 379, 816
646, 404, 381
647, 389, 387
648, 387, 402
649, 395, 389
650, 378, 384
651, 384, 392
652, 398, 378
653, 380, 382
654, 382, 409
655, 406, 380
656, 386, 718
657, 400, 386
658, 396, 407
659, 403, 396
660, 419, 403
661, 720, 399
662, 399, 422
663, 412, 816
664, 413, 408
665, 408, 420
666, 719, 406
667, 406, 414
668, 407, 404
669, 404, 417
670, 432, 407
671, 409, 401
672, 418, 409
673, 718, 405
674, 424, 718
675, 405, 394
676, 394, 398
677, 398, 416
678, 430, 405
679, 411, 397
680, 397, 400
681, 400, 423
682, 392, 719
683, 416, 392
684, 719, 431
685, 401, 393
686, 393, 395
687, 395, 410
688, 434, 401
689, 402, 720
690, 415, 402
691, 720, 439
692, 771, 411
693, 411, 428
694, 390, 413
695, 421, 390
696, 413, 427
697, 414, 418
698, 438, 414
699, 418, 433
700, 422, 421
701, 426, 422
702, 421, 441
703, 417, 412
704, 412, 772
705, 425, 417
706, 448, 416
707, 416, 431
708, 420, 419
709, 419, 435
710, 443, 420
711, 423, 424
712, 424, 429
713, 437, 423
714, 410, 415
715, 446, 410
716, 415, 436
717, 459, 773
718, 427, 444
719, 441, 427
720, 458, 441
721, 444, 443
722, 443, 454
723, 471, 444
724, 439, 447
725, 436, 439
726, 452, 436
727, 432, 425
728, 425, 453
729, 445, 434
730, 434, 446
731, 446, 451
732, 431, 449
733, 457, 431
734, 440, 448
735, 448, 456
736, 449, 438
737, 438, 721
738, 464, 449
739, 447, 426
740, 426, 461
741, 469, 447
742, 428, 442
743, 774, 428
744, 442, 437
745, 437, 450
746, 472, 442
747, 429, 430
748, 430, 440
749, 460, 429
750, 440, 474
751, 433, 445
752, 721, 433
753, 445, 467
754, 435, 432
755, 462, 435
756, 432, 463
757, 454, 462
758, 484, 454
759, 462, 475
760, 451, 452
761, 452, 482
762, 455, 451
763, 453, 459
764, 459, 466
765, 465, 453
766, 450, 460
767, 485, 450
768, 460, 468
769, 470, 721
770, 721, 480
771, 456, 457
772, 457, 489
773, 722, 456
774, 461, 458
775, 458, 473
776, 478, 461
777, 475, 479
778, 496, 475
779, 473, 476
780, 501, 473
781, 477, 455
782, 455, 494
783, 487, 722
784, 486, 469
785, 469, 478
786, 478, 498
787, 483, 464
788, 464, 470
789, 470, 493
790, 481, 485
791, 485, 500
792, 467, 477
793, 480, 467
794, 488, 480
795, 477, 504
796, 476, 471
797, 471, 484
798, 484, 495
799, 511, 476
800, 463, 465
801, 479, 463
802, 465, 490
803, 723, 479
804, 482, 486
805, 492, 482
806, 486, 518
807, 474, 487
808, 468, 474
809, 497, 468
810, 487, 502
811, 489, 483
812, 499, 489
813, 483, 517
814, 775, 472
815, 472, 481
816, 481, 509
817, 466, 776
818, 491, 466
819, 490, 491
820, 508, 490
821, 491, 510
822, 498, 501
823, 501, 515
824, 503, 498
825, 495, 496
826, 496, 519
827, 520, 495
828, 722, 499
829, 724, 722
830, 499, 506
831, 500, 497
832, 523, 500
833, 497, 513
834, 493, 488
835, 512, 493
836, 488, 507
837, 494, 492
838, 516, 494
839, 492, 524
840, 723, 508
841, 508, 536
842, 514, 516
843, 516, 535
844, 510, 777
845, 538, 510
846, 519, 723
847, 537, 519
848, 723, 554
849, 522, 503
850, 503, 531
851, 515, 511
852, 511, 521
853, 528, 515
854, 518, 522
855, 524, 518
856, 533, 524
857, 522, 542
858, 506, 525
859, 530, 506
860, 517, 512
861, 525, 517
862, 512, 527
863, 540, 525
864, 509, 532
865, 778, 509
866, 532, 523
867, 523, 534
868, 550, 532
869, 513, 505
870, 529, 513
871, 502, 724
872, 505, 502
873, 546, 505
874, 504, 514
875, 507, 504
876, 526, 507
877, 514, 557
878, 521, 520
879, 520, 539
880, 725, 521
881, 536, 538
882, 543, 536
883, 538, 541
884, 527, 526
885, 544, 527
886, 526, 556
887, 539, 537
888, 537, 551
889, 565, 539
890, 531, 528
891, 547, 531
892, 528, 549
893, 535, 533
894, 552, 535
895, 533, 558
896, 724, 530
897, 530, 559
898, 545, 724
899, 534, 529
900, 563, 534
901, 529, 548
902, 542, 547
903, 564, 542
904, 547, 568
905, 561, 543
906, 543, 577
907, 725, 565
908, 565, 578
909, 554, 561
910, 551, 554
911, 579, 551
912, 561, 593
913, 541, 779
914, 576, 541
915, 549, 725
916, 566, 549
917, 725, 600
918, 559, 553
919, 567, 559
920, 555, 550
921, 550, 563
922, 563, 574
923, 548, 546
924, 546, 560
925, 570, 548
926, 553, 540
927, 540, 544
928, 544, 575
929, 591, 553
930, 557, 562
931, 556, 557
932, 573, 556
933, 562, 552
934, 552, 571
935, 584, 562
936, 558, 564
937, 572, 558
938, 564, 588
939, 780, 555
940, 555, 582
941, 560, 545
942, 545, 569
943, 583, 560
944, 568, 566
945, 605, 568
946, 566, 596
947, 578, 579
948, 585, 578
949, 579, 599
950, 575, 573
951, 580, 575
952, 573, 587
953, 574, 570
954, 586, 574
955, 570, 598
956, 571, 572
957, 606, 571
958, 572, 592
959, 577, 576
960, 594, 577
961, 576, 595
962, 569, 567
963, 567, 604
964, 581, 569
965, 593, 594
966, 602, 593
967, 594, 611
968, 599, 602
969, 726, 599
970, 602, 632
971, 601, 580
972, 580, 613
973, 595, 781
974, 609, 595
975, 588, 597
976, 592, 588
977, 616, 592
978, 600, 607
979, 596, 600
980, 610, 596
981, 603, 606
982, 606, 622
983, 590, 583
984, 583, 581
985, 581, 614
986, 597, 605
987, 605, 608
988, 619, 597
989, 598, 590
990, 623, 598
991, 590, 620
992, 582, 589
993, 782, 582
994, 589, 586
995, 586, 617
996, 727, 589
997, 607, 585
998, 585, 618
999, 621, 607
1000, 587, 584
1001, 584, 603
1002, 612, 587
1003, 603, 631
1004, 604, 591
1005, 591, 601
1006, 615, 604
1007, 601, 627
1008, 618, 726
1009, 630, 618
1010, 608, 610
1011, 610, 640
1012, 628, 608
1013, 622, 616
1014, 616, 643
1015, 642, 622
1016, 611, 609
1017, 636, 611
1018, 609, 641
1019, 617, 623
1020, 623, 634
1021, 626, 617
1022, 614, 615
1023, 624, 614
1024, 615, 635
1025, 613, 612
1026, 633, 613
1027, 612, 629
1028, 641, 783
1029, 648, 641
1030, 640, 625
1031, 653, 640
1032, 625, 621
1033, 621, 630
1034, 630, 660
1035, 663, 625
1036, 639, 636
1037, 636, 646
1038, 635, 637
1039, 654, 635
1040, 627, 633
1041, 637, 627
1042, 633, 647
1043, 674, 637
1044, 620, 624
1045, 638, 620
1046, 624, 655
1047, 632, 639
1048, 726, 632
1049, 657, 726
1050, 639, 664
1051, 643, 644
1052, 658, 643
1053, 644, 619
1054, 619, 628
1055, 628, 651
1056, 661, 644
1057, 631, 645
1058, 629, 631
1059, 652, 629
1060, 784, 727
1061, 727, 626
1062, 626, 649
1063, 662, 727
1064, 634, 638
1065, 656, 634
1066, 638, 665
1067, 645, 642
1068, 642, 650
1069, 678, 645
1070, 646, 648
1071, 648, 785
1072, 677, 646
1073, 655, 654
1074, 654, 668
1075, 669, 655
1076, 647, 652
1077, 679, 647
1078, 652, 676
1079, 650, 658
1080, 658, 685
1081, 681, 650
1082, 651, 653
1083, 653, 666
1084, 659, 651
1085, 649, 656
1086, 672, 649
1087, 656, 680
1088, 660, 657
1089, 673, 660
1090, 657, 670
1091, 682, 677
1092, 677, 690
1093, 666, 663
1094, 689, 666
1095, 665, 669
1096, 675, 665
1097, 669, 696
1098, 676, 678
1099, 678, 684
1100, 692, 676
1101, 664, 682
1102, 670, 664
1103, 728, 670
1104, 682, 786
1105, 687, 787
1106, 684, 681
1107, 681, 694
1108, 788, 684
1109, 685, 671
1110, 693, 685
1111, 663, 673
1112, 673, 698
1113, 789, 663
1114, 683, 674
1115, 674, 679
1116, 679, 688
1117, 671, 661
1118, 661, 659
1119, 659, 697
1120, 699, 671
1121, 667, 662
1122, 662, 672
1123, 672, 686
1124, 680, 675
1125, 691, 680
1126, 675, 790
1127, 791, 667
1128, 667, 818
1129, 668, 683
1130, 695, 668
1131, 683, 702
1132, 694, 693
1133, 792, 694
1134, 693, 793
1135, 698, 728
1136, 817, 698
1137, 688, 692
1138, 692, 794
1139, 795, 688
1140, 697, 689
1141, 689, 820
1142, 700, 697
1143, 696, 695
1144, 796, 696
1145, 695, 797
1146, 686, 691
1147, 701, 686
1148, 691, 798
1149, 690, 687
1150, 799, 690
1151, 687, 800
1152, 801, 699
1153, 699, 700
1154, 700, 802
1155, 702, 803
1156, 804, 702
1157, 805, 817
1158, 728, 806
1159, 807, 728
1160, 808, 701
1161, 701, 809
1162, 819, 818
1163, 820, 810
