1, 1.518514e-01, 2.783567e-01
2, 1.524337e-01, 6.873642e-01
3, 1.542294e-01, 6.778845e-01
4, 1.544980e-01, 3.523521e-01
5, 1.547406e-01, 2.523012e-01
6, 1.561718e-01, 7.152527e-01
7, 1.567385e-01, 6.044030e-01
8, 1.580432e-01, 6.731561e-01
9, 1.589831e-01, 7.019482e-01
10, 1.609753e-01, 1.732430e-01
11, 1.623038e-01, 1.848570e-01
12, 1.645814e-01, 5.270550e-01
13, 1.665020e-01, 3.559338e-01
14, 1.665385e-01, 7.593902e-01
15, 1.667425e-01, 2.818641e-01
16, 1.675637e-01, 6.655252e-01
17, 1.681427e-01, 6.474635e-01
18, 1.691505e-01, 2.511233e-01
19, 1.712611e-01, 2.240581e-01
20, 1.715142e-01, 4.524647e-01
21, 1.753821e-01, 4.522265e-01
22, 1.761039e-01, 3.549076e-01
23, 1.766597e-01, 5.706003e-01
24, 1.787203e-01, 6.316982e-01
25, 1.788321e-01, 2.443979e-01
26, 1.813839e-01, 2.950873e-01
27, 1.826274e-01, 5.201478e-01
28, 1.827536e-01, 4.871059e-01
29, 1.831538e-01, 7.407682e-01
30, 1.835485e-01, 7.464135e-01
31, 1.837233e-01, 4.115515e-01
32, 1.840204e-01, 8.324310e-01
33, 1.852945e-01, 4.644299e-01
34, 1.855144e-01, 6.998339e-01
35, 1.860423e-01, 4.002698e-01
36, 1.868356e-01, 7.876440e-01
37, 1.894578e-01, 3.955805e-01
38, 1.899570e-01, 6.772847e-01
39, 1.902788e-01, 2.940472e-01
40, 1.912946e-01, 4.325962e-01
41, 1.921870e-01, 6.266527e-01
42, 1.943385e-01, 6.826890e-01
43, 1.944923e-01, 5.040548e-01
44, 1.945521e-01, 1.977563e-01
45, 1.950664e-01, 2.043819e-01
46, 1.963476e-01, 3.367021e-01
47, 1.964535e-01, 7.226400e-01
48, 1.979965e-01, 5.358127e-01
49, 1.988631e-01, 7.877494e-01
50, 1.991121e-01, 8.087010e-01
51, 2.013369e-01, 5.980341e-01
52, 2.021128e-01, 3.878344e-01
53, 2.068109e-01, 7.842830e-01
54, 2.099116e-01, 3.006143e-01
55, 2.101404e-01, 5.389821e-01
56, 2.102628e-01, 3.360406e-01
57, 2.122551e-01, 5.982226e-01
58, 2.126311e-01, 1.882758e-01
59, 2.151163e-01, 4.343109e-01
60, 2.157276e-01, 5.564200e-01
61, 2.158472e-01, 7.215802e-01
62, 2.169957e-01, 3.286667e-01
63, 2.198613e-01, 1.798587e-01
64, 2.203195e-01, 6.300854e-01
65, 2.205875e-01, 4.656116e-01
66, 2.205920e-01, 6.819516e-01
67, 2.209271e-01, 7.672359e-01
68, 2.220997e-01, 5.610872e-01
69, 2.237151e-01, 2.454879e-01
70, 2.237921e-01, 8.169073e-01
71, 2.239850e-01, 6.896580e-01
72, 2.240633e-01, 4.262408e-01
73, 2.245284e-01, 7.138289e-01
74, 2.249520e-01, 4.701007e-01
75, 2.250149e-01, 6.679110e-01
76, 2.261591e-01, 5.059431e-01
77, 2.269987e-01, 6.122700e-01
78, 2.278326e-01, 2.551775e-01
79, 2.281005e-01, 3.910715e-01
80, 2.289322e-01, 8.469869e-01
81, 2.313087e-01, 8.265989e-01
82, 2.326049e-01, 6.561872e-01
83, 2.337497e-01, 3.283945e-01
84, 2.368538e-01, 5.629034e-01
85, 2.399056e-01, 2.783362e-01
86, 2.413617e-01, 6.558762e-01
87, 2.433101e-01, 8.215858e-01
88, 2.435261e-01, 6.066833e-01
89, 2.446571e-01, 4.339218e-01
90, 2.459030e-01, 4.675891e-01
91, 2.471718e-01, 4.023958e-01
92, 2.477673e-01, 5.864612e-01
93, 2.509956e-01, 3.143385e-01
94, 2.540704e-01, 4.436345e-01
95, 2.547337e-01, 6.144493e-01
96, 2.560160e-01, 6.620764e-01
97, 2.566262e-01, 3.654454e-01
98, 2.579874e-01, 5.471822e-01
99, 2.586472e-01, 3.566125e-01
100, 2.596850e-01, 4.834364e-01
101, 2.598447e-01, 2.111961e-01
102, 2.602605e-01, 8.353881e-01
103, 2.603726e-01, 7.856597e-01
104, 2.606307e-01, 1.808759e-01
105, 2.620025e-01, 6.790578e-01
106, 2.626593e-01, 7.910200e-01
107, 2.659976e-01, 7.793642e-01
108, 2.676656e-01, 2.446606e-01
109, 2.681140e-01, 3.197736e-01
110, 2.693193e-01, 2.312039e-01
111, 2.694864e-01, 1.625852e-01
112, 2.703969e-01, 5.461899e-01
113, 2.705130e-01, 2.009975e-01
114, 2.727053e-01, 6.550519e-01
115, 2.738824e-01, 5.795404e-01
116, 2.753468e-01, 3.384510e-01
117, 2.754726e-01, 7.402056e-01
118, 2.758091e-01, 6.160779e-01
119, 2.766553e-01, 3.987119e-01
120, 2.775278e-01, 6.942235e-01
121, 2.785128e-01, 5.506251e-01
122, 2.785897e-01, 7.000045e-01
123, 2.799091e-01, 2.740198e-01
124, 2.802548e-01, 2.011562e-01
125, 2.806549e-01, 6.542066e-01
126, 2.811035e-01, 2.580220e-01
127, 2.819132e-01, 3.871829e-01
128, 2.821951e-01, 5.248199e-01
129, 2.837929e-01, 2.165055e-01
130, 2.838753e-01, 1.991641e-01
131, 2.844431e-01, 4.368415e-01
132, 2.863660e-01, 4.319668e-01
133, 2.866529e-01, 3.377162e-01
134, 2.883561e-01, 8.323224e-01
135, 2.884046e-01, 5.483902e-01
136, 2.910230e-01, 6.732496e-01
137, 2.926078e-01, 7.370866e-01
138, 2.928057e-01, 1.710250e-01
139, 2.931490e-01, 4.562869e-01
140, 2.946590e-01, 7.258966e-01
141, 2.952237e-01, 3.856211e-01
142, 2.959049e-01, 8.023430e-01
143, 2.975248e-01, 6.713296e-01
144, 2.984843e-01, 5.336180e-01
145, 3.003367e-01, 8.183134e-01
146, 3.028045e-01, 6.301228e-01
147, 3.059048e-01, 4.998676e-01
148, 3.062839e-01, 2.513322e-01
149, 3.071526e-01, 7.719292e-01
150, 3.085291e-01, 7.783473e-01
151, 3.089211e-01, 7.542900e-01
152, 3.094796e-01, 4.164565e-01
153, 3.098398e-01, 2.349714e-01
154, 3.121098e-01, 3.208708e-01
155, 3.125180e-01, 5.262141e-01
156, 3.134466e-01, 3.640335e-01
157, 3.156071e-01, 4.032149e-01
158, 3.172713e-01, 2.279739e-01
159, 3.187258e-01, 6.513333e-01
160, 3.189682e-01, 2.736022e-01
161, 3.192315e-01, 2.045805e-01
162, 3.192716e-01, 3.621556e-01
163, 3.223693e-01, 6.519109e-01
164, 3.228226e-01, 1.699438e-01
165, 3.229061e-01, 3.266537e-01
166, 3.233752e-01, 6.355242e-01
167, 3.250711e-01, 7.494439e-01
168, 3.275274e-01, 4.026466e-01
169, 3.276913e-01, 8.316307e-01
170, 3.290402e-01, 3.715598e-01
171, 3.299144e-01, 4.211535e-01
172, 3.307346e-01, 7.846188e-01
173, 3.310266e-01, 3.235987e-01
174, 3.310271e-01, 4.552915e-01
175, 3.320133e-01, 6.634764e-01
176, 3.337829e-01, 2.726949e-01
177, 3.341912e-01, 5.304978e-01
178, 3.349818e-01, 2.425165e-01
179, 3.351357e-01, 8.446379e-01
180, 3.351828e-01, 6.754363e-01
181, 3.361153e-01, 5.804092e-01
182, 3.365800e-01, 3.916769e-01
183, 3.381867e-01, 7.142621e-01
184, 3.417165e-01, 8.059847e-01
185, 3.422775e-01, 4.432278e-01
186, 3.441189e-01, 7.090487e-01
187, 3.444699e-01, 5.837768e-01
188, 3.466477e-01, 6.268553e-01
189, 3.468308e-01, 5.870882e-01
190, 3.480387e-01, 6.927338e-01
191, 3.490035e-01, 5.984437e-01
192, 3.501088e-01, 7.631468e-01
193, 3.511818e-01, 2.787559e-01
194, 3.525850e-01, 3.246937e-01
195, 3.556044e-01, 2.782773e-01
196, 3.562452e-01, 4.463070e-01
197, 3.567905e-01, 8.420112e-01
198, 3.622914e-01, 4.811904e-01
199, 3.630005e-01, 2.429507e-01
200, 3.642253e-01, 3.937088e-01
201, 3.675622e-01, 2.872791e-01
202, 3.677210e-01, 5.410871e-01
203, 3.693162e-01, 8.070176e-01
204, 3.695684e-01, 2.547221e-01
205, 3.696262e-01, 1.721668e-01
206, 3.699234e-01, 2.119622e-01
207, 3.709823e-01, 6.817490e-01
208, 3.714232e-01, 7.248967e-01
209, 3.721046e-01, 3.049207e-01
210, 3.723907e-01, 5.572851e-01
211, 3.726978e-01, 6.297604e-01
212, 3.742598e-01, 3.405091e-01
213, 3.742989e-01, 4.392349e-01
214, 3.744772e-01, 8.166763e-01
215, 3.755790e-01, 1.737327e-01
216, 3.768271e-01, 7.840073e-01
217, 3.769467e-01, 2.090842e-01
218, 3.789078e-01, 5.574411e-01
219, 3.809777e-01, 4.121305e-01
220, 3.857230e-01, 1.856786e-01
221, 3.894307e-01, 7.604423e-01
222, 3.896760e-01, 3.217927e-01
223, 3.905726e-01, 6.312475e-01
224, 3.907636e-01, 4.464772e-01
225, 3.911687e-01, 5.831590e-01
226, 3.919846e-01, 7.145511e-01
227, 3.939084e-01, 6.295580e-01
228, 3.949561e-01, 2.532148e-01
229, 3.950685e-01, 5.246151e-01
230, 3.953441e-01, 4.052623e-01
231, 3.954454e-01, 7.019569e-01
232, 3.962468e-01, 7.058196e-01
233, 3.971256e-01, 2.675311e-01
234, 3.974420e-01, 3.628411e-01
235, 3.978432e-01, 8.240686e-01
236, 4.014697e-01, 1.857450e-01
237, 4.027890e-01, 5.376350e-01
238, 4.032575e-01, 3.237534e-01
239, 4.036322e-01, 5.295414e-01
240, 4.041469e-01, 6.652387e-01
241, 4.046397e-01, 8.249881e-01
242, 4.052287e-01, 7.927295e-01
243, 4.053946e-01, 2.408997e-01
244, 4.055001e-01, 4.081742e-01
245, 4.057570e-01, 6.612615e-01
246, 4.062751e-01, 4.435453e-01
247, 4.066876e-01, 6.788811e-01
248, 4.078862e-01, 3.601357e-01
249, 4.101510e-01, 7.804323e-01
250, 4.104795e-01, 8.424973e-01
251, 4.111910e-01, 8.155591e-01
252, 4.132006e-01, 4.349812e-01
253, 4.136834e-01, 3.341828e-01
254, 4.137321e-01, 2.777596e-01
255, 4.159188e-01, 4.745741e-01
256, 4.170373e-01, 3.020668e-01
257, 4.181321e-01, 6.259852e-01
258, 4.185415e-01, 1.667717e-01
259, 4.198233e-01, 6.165817e-01
260, 4.227623e-01, 4.786646e-01
261, 4.246403e-01, 3.739760e-01
262, 4.270456e-01, 7.652091e-01
263, 4.276442e-01, 5.205148e-01
264, 4.295125e-01, 7.176092e-01
265, 4.303443e-01, 3.863685e-01
266, 4.326547e-01, 6.408153e-01
267, 4.331072e-01, 5.211564e-01
268, 4.371766e-01, 8.098221e-01
269, 4.378959e-01, 3.273077e-01
270, 4.398101e-01, 6.800438e-01
271, 4.404182e-01, 4.791660e-01
272, 4.404525e-01, 2.635210e-01
273, 4.411771e-01, 3.908531e-01
274, 4.430318e-01, 5.181966e-01
275, 4.437490e-01, 5.987079e-01
276, 4.441949e-01, 7.156148e-01
277, 4.442491e-01, 8.026141e-01
278, 4.447081e-01, 5.800188e-01
279, 4.455155e-01, 1.678789e-01
280, 4.456989e-01, 6.674216e-01
281, 4.458985e-01, 6.490840e-01
282, 4.463252e-01, 5.133015e-01
283, 4.466687e-01, 3.488243e-01
284, 4.474541e-01, 2.006586e-01
285, 4.477217e-01, 5.907567e-01
286, 4.494006e-01, 7.900929e-01
287, 4.496248e-01, 1.642230e-01
288, 4.571100e-01, 7.243180e-01
289, 4.608220e-01, 7.245487e-01
290, 4.624837e-01, 5.924654e-01
291, 4.663566e-01, 7.863080e-01
292, 4.668515e-01, 3.850585e-01
293, 4.670823e-01, 5.650238e-01
294, 4.681903e-01, 6.312601e-01
295, 4.691067e-01, 8.461678e-01
296, 4.708287e-01, 5.844046e-01
297, 4.721747e-01, 3.757857e-01
298, 4.721934e-01, 3.067937e-01
299, 4.730222e-01, 3.634198e-01
300, 4.734382e-01, 2.076786e-01
301, 4.735165e-01, 5.520578e-01
302, 4.761930e-01, 1.743312e-01
303, 4.776061e-01, 6.501680e-01
304, 4.782267e-01, 8.209824e-01
305, 4.788949e-01, 2.937327e-01
306, 4.792466e-01, 2.359722e-01
307, 4.800171e-01, 4.287946e-01
308, 4.803839e-01, 8.359641e-01
309, 4.808169e-01, 4.937240e-01
310, 4.828843e-01, 6.402497e-01
311, 4.840378e-01, 6.843484e-01
312, 4.843405e-01, 2.373988e-01
313, 4.843441e-01, 1.926253e-01
314, 4.844558e-01, 7.492469e-01
315, 4.850640e-01, 4.079823e-01
316, 4.851792e-01, 4.398969e-01
317, 4.852732e-01, 3.240732e-01
318, 4.853312e-01, 7.009362e-01
319, 4.857275e-01, 3.486457e-01
320, 4.870050e-01, 7.908512e-01
321, 4.875941e-01, 4.952938e-01
322, 4.878055e-01, 7.504369e-01
323, 4.901271e-01, 4.064549e-01
324, 4.907651e-01, 6.780080e-01
325, 4.915709e-01, 7.984219e-01
326, 4.950005e-01, 7.776157e-01
327, 4.958532e-01, 1.565172e-01
328, 4.974086e-01, 2.853174e-01
329, 4.975710e-01, 2.553009e-01
330, 5.017113e-01, 3.895180e-01
331, 5.026627e-01, 4.454093e-01
332, 5.033802e-01, 8.038609e-01
333, 5.048561e-01, 1.944764e-01
334, 5.048646e-01, 4.874518e-01
335, 5.051332e-01, 5.403422e-01
336, 5.063485e-01, 6.354522e-01
337, 5.086614e-01, 5.843598e-01
338, 5.122457e-01, 1.707766e-01
339, 5.128351e-01, 8.201301e-01
340, 5.134193e-01, 2.901983e-01
341, 5.148143e-01, 2.037512e-01
342, 5.149826e-01, 4.162306e-01
343, 5.150229e-01, 2.994301e-01
344, 5.169907e-01, 4.904930e-01
345, 5.174034e-01, 4.380301e-01
346, 5.183957e-01, 7.348064e-01
347, 5.235961e-01, 2.598752e-01
348, 5.241457e-01, 5.477240e-01
349, 5.257637e-01, 6.737208e-01
350, 5.261398e-01, 3.826575e-01
351, 5.267421e-01, 2.043788e-01
352, 5.272233e-01, 5.939015e-01
353, 5.276617e-01, 3.970414e-01
354, 5.279464e-01, 6.085866e-01
355, 5.290385e-01, 5.116208e-01
356, 5.310930e-01, 7.838330e-01
357, 5.340893e-01, 7.885286e-01
358, 5.344352e-01, 7.404612e-01
359, 5.357742e-01, 1.703006e-01
360, 5.369953e-01, 5.148055e-01
361, 5.378352e-01, 3.145014e-01
362, 5.386829e-01, 2.731297e-01
363, 5.415483e-01, 7.931550e-01
364, 5.421641e-01, 8.148324e-01
365, 5.427679e-01, 5.755882e-01
366, 5.451492e-01, 5.376915e-01
367, 5.454224e-01, 4.471866e-01
368, 5.462777e-01, 4.735742e-01
369, 5.473321e-01, 1.815219e-01
370, 5.507068e-01, 3.684236e-01
371, 5.513489e-01, 1.966066e-01
372, 5.522281e-01, 2.729265e-01
373, 5.534129e-01, 7.329496e-01
374, 5.536136e-01, 1.923818e-01
375, 5.546463e-01, 5.415790e-01
376, 5.557368e-01, 8.441200e-01
377, 5.560370e-01, 3.139010e-01
378, 5.574540e-01, 4.375223e-01
379, 5.580337e-01, 3.104638e-01
380, 5.595869e-01, 6.726326e-01
381, 5.606914e-01, 2.796908e-01
382, 5.613050e-01, 3.615586e-01
383, 5.613438e-01, 5.047076e-01
384, 5.615857e-01, 5.701590e-01
385, 5.627430e-01, 1.899258e-01
386, 5.628034e-01, 8.423065e-01
387, 5.630402e-01, 4.891416e-01
388, 5.633007e-01, 6.264023e-01
389, 5.644338e-01, 2.266056e-01
390, 5.652035e-01, 5.683362e-01
391, 5.656848e-01, 3.446875e-01
392, 5.669740e-01, 7.783544e-01
393, 5.677171e-01, 5.179295e-01
394, 5.683134e-01, 6.304025e-01
395, 5.712241e-01, 7.582141e-01
396, 5.753175e-01, 4.412191e-01
397, 5.771881e-01, 5.706960e-01
398, 5.796074e-01, 6.277204e-01
399, 5.796713e-01, 3.674218e-01
400, 5.817909e-01, 2.271619e-01
401, 5.835654e-01, 7.115452e-01
402, 5.859149e-01, 7.587244e-01
403, 5.873876e-01, 5.250719e-01
404, 5.898643e-01, 6.062594e-01
405, 5.909102e-01, 6.390232e-01
406, 5.923081e-01, 5.642803e-01
407, 5.935210e-01, 1.672241e-01
408, 5.935313e-01, 4.066406e-01
409, 5.941727e-01, 4.746512e-01
410, 5.944335e-01, 6.060190e-01
411, 5.945288e-01, 4.650068e-01
412, 5.949850e-01, 1.580534e-01
413, 5.955804e-01, 7.823555e-01
414, 5.970408e-01, 3.061458e-01
415, 5.984242e-01, 8.455739e-01
416, 6.028615e-01, 7.691358e-01
417, 6.041435e-01, 3.603539e-01
418, 6.051023e-01, 8.102818e-01
419, 6.095295e-01, 3.643645e-01
420, 6.101657e-01, 5.077127e-01
421, 6.104904e-01, 4.527547e-01
422, 6.105543e-01, 8.141573e-01
423, 6.106551e-01, 2.829588e-01
424, 6.123246e-01, 7.227098e-01
425, 6.128920e-01, 8.269482e-01
426, 6.142303e-01, 2.817736e-01
427, 6.145841e-01, 5.722804e-01
428, 6.151427e-01, 4.886350e-01
429, 6.152650e-01, 1.935041e-01
430, 6.166313e-01, 7.483130e-01
431, 6.188607e-01, 5.667557e-01
432, 6.191191e-01, 6.208453e-01
433, 6.196394e-01, 5.861752e-01
434, 6.223451e-01, 5.577648e-01
435, 6.241482e-01, 8.292770e-01
436, 6.253731e-01, 3.216292e-01
437, 6.255301e-01, 2.298518e-01
438, 6.255668e-01, 7.157352e-01
439, 6.258420e-01, 7.057293e-01
440, 6.283543e-01, 4.109485e-01
441, 6.295008e-01, 2.370254e-01
442, 6.330431e-01, 4.823820e-01
443, 6.343661e-01, 6.183568e-01
444, 6.361347e-01, 3.651748e-01
445, 6.365432e-01, 6.050851e-01
446, 6.367101e-01, 8.004087e-01
447, 6.384317e-01, 4.622995e-01
448, 6.398419e-01, 5.389061e-01
449, 6.400312e-01, 7.393498e-01
450, 6.410498e-01, 8.175616e-01
451, 6.414302e-01, 7.928805e-01
452, 6.415823e-01, 6.713247e-01
453, 6.418589e-01, 1.997214e-01
454, 6.427317e-01, 7.344057e-01
455, 6.429729e-01, 7.298195e-01
456, 6.436210e-01, 2.987693e-01
457, 6.457700e-01, 3.440079e-01
458, 6.471229e-01, 2.063622e-01
459, 6.484175e-01, 6.355276e-01
460, 6.510498e-01, 4.416923e-01
461, 6.518286e-01, 4.491009e-01
462, 6.579073e-01, 3.435533e-01
463, 6.583899e-01, 7.853120e-01
464, 6.593405e-01, 8.274054e-01
465, 6.603537e-01, 4.040127e-01
466, 6.607223e-01, 6.382076e-01
467, 6.616881e-01, 6.585572e-01
468, 6.627423e-01, 3.911138e-01
469, 6.629652e-01, 6.942006e-01
470, 6.630847e-01, 5.960022e-01
471, 6.638419e-01, 7.103488e-01
472, 6.659374e-01, 5.334362e-01
473, 6.662978e-01, 3.189006e-01
474, 6.669421e-01, 7.855531e-01
475, 6.696924e-01, 2.466689e-01
476, 6.698235e-01, 5.439593e-01
477, 6.703556e-01, 8.156106e-01
478, 6.717700e-01, 5.181570e-01
479, 6.720805e-01, 5.115216e-01
480, 6.723067e-01, 1.695939e-01
481, 6.736655e-01, 5.492391e-01
482, 6.753908e-01, 5.809807e-01
483, 6.765636e-01, 5.064568e-01
484, 6.767752e-01, 2.732078e-01
485, 6.785186e-01, 3.707209e-01
486, 6.795431e-01, 7.796021e-01
487, 6.829089e-01, 7.671637e-01
488, 6.860488e-01, 6.210115e-01
489, 6.889718e-01, 4.609828e-01
490, 6.896552e-01, 7.851602e-01
491, 6.898678e-01, 4.668031e-01
492, 6.902577e-01, 3.682679e-01
493, 6.907214e-01, 3.208458e-01
494, 6.954423e-01, 6.906235e-01
495, 6.960408e-01, 4.323533e-01
496, 6.966797e-01, 5.964271e-01
497, 6.967138e-01, 6.190244e-01
498, 6.968231e-01, 4.497356e-01
499, 6.977032e-01, 7.206790e-01
500, 7.015761e-01, 2.811352e-01
501, 7.015791e-01, 6.799746e-01
502, 7.023388e-01, 1.850479e-01
503, 7.030865e-01, 7.105522e-01
504, 7.046013e-01, 1.968387e-01
505, 7.078434e-01, 1.905225e-01
506, 7.097227e-01, 3.057210e-01
507, 7.102900e-01, 2.926026e-01
508, 7.136301e-01, 5.009655e-01
509, 7.156400e-01, 6.292017e-01
510, 7.158888e-01, 6.705168e-01
511, 7.183009e-01, 4.894880e-01
512, 7.195715e-01, 5.343496e-01
513, 7.207298e-01, 6.285468e-01
514, 7.208109e-01, 3.859163e-01
515, 7.227813e-01, 5.143454e-01
516, 7.235451e-01, 7.846724e-01
517, 7.241251e-01, 5.471723e-01
518, 7.246329e-01, 2.558378e-01
519, 7.274139e-01, 7.109897e-01
520, 7.275408e-01, 3.827528e-01
521, 7.290022e-01, 1.901681e-01
522, 7.306041e-01, 2.194864e-01
523, 7.310464e-01, 1.942645e-01
524, 7.321013e-01, 5.711462e-01
525, 7.333345e-01, 7.746370e-01
526, 7.335642e-01, 6.110152e-01
527, 7.344373e-01, 6.753627e-01
528, 7.351982e-01, 5.780431e-01
529, 7.360281e-01, 8.099093e-01
530, 7.368070e-01, 3.198879e-01
531, 7.368113e-01, 4.512029e-01
532, 7.370902e-01, 1.780389e-01
533, 7.377633e-01, 1.690423e-01
534, 7.388251e-01, 3.473729e-01
535, 7.397876e-01, 5.030158e-01
536, 7.425398e-01, 6.722204e-01
537, 7.428041e-01, 3.413499e-01
538, 7.431411e-01, 4.284190e-01
539, 7.435561e-01, 2.565460e-01
540, 7.447313e-01, 6.355718e-01
541, 7.456646e-01, 4.364236e-01
542, 7.461001e-01, 2.918095e-01
543, 7.465462e-01, 8.070124e-01
544, 7.467938e-01, 2.752922e-01
545, 7.479264e-01, 6.540269e-01
546, 7.484663e-01, 2.949400e-01
547, 7.543571e-01, 5.300366e-01
548, 7.558494e-01, 7.897681e-01
549, 7.560748e-01, 2.393203e-01
550, 7.561552e-01, 7.542305e-01
551, 7.561775e-01, 6.237138e-01
552, 7.681630e-01, 3.995032e-01
553, 7.684749e-01, 6.937618e-01
554, 7.685251e-01, 2.976191e-01
555, 7.688371e-01, 7.086648e-01
556, 7.692593e-01, 2.367044e-01
557, 7.702386e-01, 1.964210e-01
558, 7.705231e-01, 4.761642e-01
559, 7.707809e-01, 8.382511e-01
560, 7.721721e-01, 1.918649e-01
561, 7.727115e-01, 5.233961e-01
562, 7.734552e-01, 3.994820e-01
563, 7.737899e-01, 2.323551e-01
564, 7.753516e-01, 5.059067e-01
565, 7.769605e-01, 5.598055e-01
566, 7.775520e-01, 4.357622e-01
567, 7.778410e-01, 2.593315e-01
568, 7.781775e-01, 7.674839e-01
569, 7.792312e-01, 6.564647e-01
570, 7.795988e-01, 6.850188e-01
571, 7.811915e-01, 8.349020e-01
572, 7.813816e-01, 1.849776e-01
573, 7.822942e-01, 5.349733e-01
574, 7.825827e-01, 3.432449e-01
575, 7.827265e-01, 6.597343e-01
576, 7.829231e-01, 4.147237e-01
577, 7.835138e-01, 6.186621e-01
578, 7.842536e-01, 2.681437e-01
579, 7.845956e-01, 1.524270e-01
580, 7.849496e-01, 4.983309e-01
581, 7.853687e-01, 4.472630e-01
582, 7.862234e-01, 4.518019e-01
583, 7.863625e-01, 3.797391e-01
584, 7.867082e-01, 7.410531e-01
585, 7.873306e-01, 3.160312e-01
586, 7.879538e-01, 3.381627e-01
587, 7.889454e-01, 7.237276e-01
588, 7.910862e-01, 5.731509e-01
589, 7.917182e-01, 8.128423e-01
590, 7.919950e-01, 7.540623e-01
591, 7.949904e-01, 5.724254e-01
592, 7.972683e-01, 1.886145e-01
593, 7.977729e-01, 6.225356e-01
594, 7.990616e-01, 4.157255e-01
595, 8.019335e-01, 2.307698e-01
596, 8.050949e-01, 4.220244e-01
597, 8.085111e-01, 7.612436e-01
598, 8.104110e-01, 3.799861e-01
599, 8.116829e-01, 7.147368e-01
600, 8.116916e-01, 8.015757e-01
601, 8.116944e-01, 7.963536e-01
602, 8.119379e-01, 5.361982e-01
603, 8.122820e-01, 6.492145e-01
604, 8.126007e-01, 5.580975e-01
605, 8.128309e-01, 3.010866e-01
606, 8.129630e-01, 4.989485e-01
607, 8.130384e-01, 2.198990e-01
608, 8.139286e-01, 6.452641e-01
609, 8.167488e-01, 2.700301e-01
610, 8.174778e-01, 2.743703e-01
611, 8.180698e-01, 7.771137e-01
612, 8.201643e-01, 5.948210e-01
613, 8.202898e-01, 6.874262e-01
614, 8.205291e-01, 1.607800e-01
615, 8.205502e-01, 6.024118e-01
616, 8.206931e-01, 4.748127e-01
617, 8.214136e-01, 6.940387e-01
618, 8.222814e-01, 2.606002e-01
619, 8.232972e-01, 6.448915e-01
620, 8.239207e-01, 8.057640e-01
621, 8.244318e-01, 2.165341e-01
622, 8.248892e-01, 5.144052e-01
623, 8.252659e-01, 1.785158e-01
624, 8.252686e-01, 4.733386e-01
625, 8.254288e-01, 3.977179e-01
626, 8.257562e-01, 1.649450e-01
627, 8.295517e-01, 7.383627e-01
628, 8.318109e-01, 3.992690e-01
629, 8.355875e-01, 4.186576e-01
630, 8.362890e-01, 3.217472e-01
631, 8.366298e-01, 4.056706e-01
632, 8.367805e-01, 5.735211e-01
633, 8.369334e-01, 7.802292e-01
634, 8.375918e-01, 4.566258e-01
635, 8.381600e-01, 7.939757e-01
636, 8.383058e-01, 8.310158e-01
637, 8.383581e-01, 4.154231e-01
638, 8.385681e-01, 6.691656e-01
639, 8.385988e-01, 1.957315e-01
640, 8.402135e-01, 2.536071e-01
641, 8.424776e-01, 3.599519e-01
642, 8.426220e-01, 2.489420e-01
643, 8.427738e-01, 6.696145e-01
644, 8.435716e-01, 5.122182e-01
645, 8.442001e-01, 5.735010e-01
646, 8.447043e-01, 2.868941e-01
647, 8.454739e-01, 2.600917e-01
648, 8.454817e-01, 5.152925e-01
649, 8.470112e-01, 3.598704e-01
650, 8.476786e-01, 7.437706e-01
651, 1.685421e-01, 5.740427e-01
652, 1.676104e-01, 3.173212e-01
653, 2.163779e-01, 7.681749e-01
654, 2.262118e-01, 2.218749e-01
655, 2.269837e-01, 2.695043e-01
656, 2.171991e-01, 5.056953e-01
657, 2.524994e-01, 7.338460e-01
658, 2.260911e-01, 3.832037e-01
659, 2.811124e-01, 4.874975e-01
660, 2.996912e-01, 2.960795e-01
661, 2.953841e-01, 6.111692e-01
662, 3.124049e-01, 1.618571e-01
663, 3.386567e-01, 4.930331e-01
664, 3.345418e-01, 1.891143e-01
665, 3.709988e-01, 7.631264e-01
666, 3.579994e-01, 6.376746e-01
667, 3.829262e-01, 3.829627e-01
668, 3.768606e-01, 3.493865e-01
669, 3.831965e-01, 4.837284e-01
670, 4.087147e-01, 7.500899e-01
671, 3.989907e-01, 5.782541e-01
672, 4.195485e-01, 5.646347e-01
673, 4.463260e-01, 3.143879e-01
674, 4.425234e-01, 4.321077e-01
675, 4.252142e-01, 2.193343e-01
676, 4.595588e-01, 4.660706e-01
677, 4.416838e-01, 6.414200e-01
678, 4.460363e-01, 2.549834e-01
679, 5.003924e-01, 5.413553e-01
680, 5.332455e-01, 3.719750e-01
681, 5.100014e-01, 6.911756e-01
682, 5.064880e-01, 8.468545e-01
683, 5.605995e-01, 4.142280e-01
684, 5.638867e-01, 7.082365e-01
685, 5.908176e-01, 6.648987e-01
686, 5.718902e-01, 2.808001e-01
687, 6.019290e-01, 3.229113e-01
688, 6.012753e-01, 6.887507e-01
689, 6.016774e-01, 2.158200e-01
690, 6.069033e-01, 4.118375e-01
691, 6.458128e-01, 6.798864e-01
692, 6.535554e-01, 2.966901e-01
693, 6.556910e-01, 2.099416e-01
694, 6.663024e-01, 2.437961e-01
695, 6.679497e-01, 1.616138e-01
696, 6.586537e-01, 3.957186e-01
697, 7.060321e-01, 7.407189e-01
698, 7.131286e-01, 2.280162e-01
699, 7.172613e-01, 4.044538e-01
700, 7.402498e-01, 7.247200e-01
701, 7.151024e-01, 8.290735e-01
702, 7.347732e-01, 5.554430e-01
703, 7.464442e-01, 4.837246e-01
704, 7.551353e-01, 7.756631e-01
705, 7.741967e-01, 6.124589e-01
706, 8.266143e-01, 3.482461e-01
707, 8.469856e-01, 6.151075e-01
708, 8.444176e-01, 1.523366e-01
709, 1.500000e-01, 6.883279e-01
710, 1.500000e-01, 6.694121e-01
711, 1.500000e-01, 6.756547e-01
712, 1.500000e-01, 6.389651e-01
713, 1.500000e-01, 6.080498e-01
714, 1.500000e-01, 3.539444e-01
715, 1.500000e-01, 2.447341e-01
716, 1.500000e-01, 7.189471e-01
717, 1.500000e-01, 7.609534e-01
718, 1.500000e-01, 3.935518e-01
719, 1.500000e-01, 5.668917e-01
720, 1.500000e-01, 5.245527e-01
721, 1.500000e-01, 1.674422e-01
722, 1.500000e-01, 8.041820e-01
723, 1.500000e-01, 4.302176e-01
724, 1.500000e-01, 4.263101e-01
725, 1.500000e-01, 2.026254e-01
726, 1.500000e-01, 2.196614e-01
727, 1.500000e-01, 2.801820e-01
728, 1.500000e-01, 3.057961e-01
729, 1.949267e-01, 8.500000e-01
730, 2.122577e-01, 8.500000e-01
731, 2.307118e-01, 8.500000e-01
732, 2.141884e-01, 1.500000e-01
733, 2.520350e-01, 8.500000e-01
734, 2.648701e-01, 1.500000e-01
735, 2.879654e-01, 8.500000e-01
736, 3.241781e-01, 8.500000e-01
737, 3.098782e-01, 1.500000e-01
738, 3.249377e-01, 1.500000e-01
739, 3.331084e-01, 1.500000e-01
740, 3.430185e-01, 8.500000e-01
741, 3.604372e-01, 1.500000e-01
742, 3.490519e-01, 8.500000e-01
743, 3.957314e-01, 1.500000e-01
744, 4.122275e-01, 1.500000e-01
745, 4.077620e-01, 8.500000e-01
746, 4.316992e-01, 8.500000e-01
747, 4.482582e-01, 1.500000e-01
748, 4.702311e-01, 8.500000e-01
749, 5.026350e-01, 8.500000e-01
750, 4.950707e-01, 1.500000e-01
751, 5.072800e-01, 8.500000e-01
752, 5.456565e-01, 8.500000e-01
753, 5.383611e-01, 1.500000e-01
754, 5.544076e-01, 1.500000e-01
755, 5.526589e-01, 8.500000e-01
756, 5.917029e-01, 1.500000e-01
757, 5.990295e-01, 8.500000e-01
758, 6.026024e-01, 1.500000e-01
759, 6.457760e-01, 8.500000e-01
760, 6.584499e-01, 1.500000e-01
761, 6.718609e-01, 1.500000e-01
762, 6.608261e-01, 8.500000e-01
763, 7.026870e-01, 8.500000e-01
764, 7.141490e-01, 1.500000e-01
765, 7.226894e-01, 1.500000e-01
766, 7.320285e-01, 8.500000e-01
767, 7.495385e-01, 1.500000e-01
768, 7.628945e-01, 8.500000e-01
769, 7.833308e-01, 1.500000e-01
770, 8.088099e-01, 8.500000e-01
771, 8.203006e-01, 1.500000e-01
772, 8.276974e-01, 8.500000e-01
773, 8.500000e-01, 7.027633e-01
774, 8.500000e-01, 4.801392e-01
775, 8.500000e-01, 3.144429e-01
776, 8.500000e-01, 1.948252e-01
777, 8.500000e-01, 8.284118e-01
778, 8.500000e-01, 7.657271e-01
779, 8.500000e-01, 8.015085e-01
780, 8.422135e-01, 1.500000e-01
781, 8.500000e-01, 5.064809e-01
782, 8.500000e-01, 4.216947e-01
783, 8.500000e-01, 3.979176e-01
784, 8.500000e-01, 7.484568e-01
785, 8.500000e-01, 7.391432e-01
786, 8.500000e-01, 3.575364e-01
787, 8.500000e-01, 3.620071e-01
788, 8.500000e-01, 5.316564e-01
789, 8.500000e-01, 5.145791e-01
790, 8.500000e-01, 2.944954e-01
791, 8.500000e-01, 2.625728e-01
792, 8.500000e-01, 6.097026e-01
793, 8.500000e-01, 6.165441e-01
794, 8.500000e-01, 5.817406e-01
795, 8.500000e-01, 5.683449e-01
796, 8.500000e-01, 1.561421e-01
797, 8.454535e-01, 1.500000e-01
798, 8.500000e-01, 2.292240e-01
799, 8.500000e-01, 2.507434e-01
800, 8.500000e-01, 6.774360e-01
801, 8.500000e-01, 6.657568e-01
802, 1.503916e-01, 4.729840e-01
803, 1.504545e-01, 4.801526e-01
804, 1.500204e-01, 8.238450e-01
805, 1.884676e-01, 1.500380e-01
806, 4.408640e-01, 8.496609e-01
807, 8.499816e-01, 4.609939e-01
