1, 1.522768e-01, 4.849625e-01
2, 1.522768e-01, 4.638268e-01
3, 1.563595e-01, 4.873198e-01
4, 1.563595e-01, 5.118453e-01
5, 1.576584e-01, 7.651346e-01
6, 1.588890e-01, 7.227205e-01
7, 1.605827e-01, 2.883335e-01
8, 1.605827e-01, 2.570700e-01
9, 1.611847e-01, 4.282954e-01
10, 1.611847e-01, 4.586835e-01
11, 1.638947e-01, 1.700747e-01
12, 1.641874e-01, 2.067513e-01
13, 1.641874e-01, 2.308725e-01
14, 1.672953e-01, 3.971266e-01
15, 1.672953e-01, 3.807496e-01
16, 1.680955e-01, 3.146613e-01
17, 1.680955e-01, 3.416185e-01
18, 1.681930e-01, 5.463876e-01
19, 1.681930e-01, 5.622150e-01
20, 1.682263e-01, 7.712364e-01
21, 1.682263e-01, 7.901497e-01
22, 1.698379e-01, 6.068394e-01
23, 1.698379e-01, 6.126230e-01
24, 1.701687e-01, 8.293249e-01
25, 1.739597e-01, 7.679260e-01
26, 1.739597e-01, 7.495799e-01
27, 1.741302e-01, 2.366133e-01
28, 1.741302e-01, 2.492479e-01
29, 1.764743e-01, 4.194705e-01
30, 1.764743e-01, 4.024264e-01
31, 1.773881e-01, 8.251565e-01
32, 1.773881e-01, 7.954396e-01
33, 1.778926e-01, 1.988381e-01
34, 1.778926e-01, 1.781569e-01
35, 1.784069e-01, 3.087076e-01
36, 1.784069e-01, 2.986213e-01
37, 1.786285e-01, 4.687553e-01
38, 1.786285e-01, 4.744620e-01
39, 1.801360e-01, 5.255735e-01
40, 1.801360e-01, 5.394919e-01
41, 1.816845e-01, 3.724415e-01
42, 1.816845e-01, 3.494646e-01
43, 1.826415e-01, 7.090109e-01
44, 1.826415e-01, 6.806565e-01
45, 1.834895e-01, 5.710439e-01
46, 1.834895e-01, 5.989572e-01
47, 1.858672e-01, 6.218781e-01
48, 1.858672e-01, 6.600076e-01
49, 1.898485e-01, 6.026287e-01
50, 1.898485e-01, 6.195794e-01
51, 1.900865e-01, 1.711162e-01
52, 1.924946e-01, 5.658463e-01
53, 1.924946e-01, 5.466276e-01
54, 1.928600e-01, 3.788941e-01
55, 1.928600e-01, 3.929656e-01
56, 1.934915e-01, 8.344543e-01
57, 1.941493e-01, 6.740120e-01
58, 1.941493e-01, 6.647896e-01
59, 1.957727e-01, 7.848246e-01
60, 1.957727e-01, 7.805205e-01
61, 1.967782e-01, 2.097424e-01
62, 1.967782e-01, 2.235367e-01
63, 1.981100e-01, 3.399808e-01
64, 1.981100e-01, 3.200839e-01
65, 1.987096e-01, 4.571608e-01
66, 1.987096e-01, 4.323043e-01
67, 1.987922e-01, 7.352419e-01
68, 1.987922e-01, 7.183328e-01
69, 2.015253e-01, 4.876823e-01
70, 2.015253e-01, 5.132236e-01
71, 2.016285e-01, 2.651250e-01
72, 2.016285e-01, 2.852183e-01
73, 2.075205e-01, 6.817323e-01
74, 2.075205e-01, 7.132950e-01
75, 2.087094e-01, 2.893052e-01
76, 2.087094e-01, 3.139640e-01
77, 2.096186e-01, 4.830094e-01
78, 2.096186e-01, 4.634595e-01
79, 2.097223e-01, 5.366806e-01
80, 2.097223e-01, 5.179565e-01
81, 2.110459e-01, 5.765538e-01
82, 2.110459e-01, 5.903896e-01
83, 2.117834e-01, 3.478755e-01
84, 2.117834e-01, 3.679680e-01
85, 2.120755e-01, 1.838123e-01
86, 2.120755e-01, 2.009100e-01
87, 2.123325e-01, 7.943860e-01
88, 2.123325e-01, 8.235758e-01
89, 2.133759e-01, 4.048112e-01
90, 2.133759e-01, 4.238392e-01
91, 2.153313e-01, 7.447914e-01
92, 2.153313e-01, 7.692277e-01
93, 2.154359e-01, 2.571529e-01
94, 2.154359e-01, 2.343094e-01
95, 2.170816e-01, 6.353034e-01
96, 2.170816e-01, 6.515488e-01
97, 2.249662e-01, 6.716594e-01
98, 2.249662e-01, 6.561013e-01
99, 2.272723e-01, 2.274753e-01
100, 2.272723e-01, 2.096844e-01
101, 2.275854e-01, 7.248760e-01
102, 2.275854e-01, 7.377160e-01
103, 2.275953e-01, 8.323883e-01
104, 2.276771e-01, 2.642208e-01
105, 2.276771e-01, 2.783574e-01
106, 2.280542e-01, 4.323112e-01
107, 2.280542e-01, 4.528150e-01
108, 2.286114e-01, 7.768955e-01
109, 2.286114e-01, 7.849868e-01
110, 2.289474e-01, 4.941696e-01
111, 2.289474e-01, 5.068562e-01
112, 2.309617e-01, 6.272892e-01
113, 2.309617e-01, 6.018887e-01
114, 2.309839e-01, 3.268250e-01
115, 2.309839e-01, 3.367894e-01
116, 2.321752e-01, 3.797419e-01
117, 2.321752e-01, 3.939567e-01
118, 2.322497e-01, 5.496876e-01
119, 2.322497e-01, 5.643153e-01
120, 2.325560e-01, 1.719872e-01
121, 2.403539e-01, 6.472167e-01
122, 2.403539e-01, 6.327121e-01
123, 2.414887e-01, 2.356837e-01
124, 2.414887e-01, 2.562461e-01
125, 2.427725e-01, 7.687190e-01
126, 2.427725e-01, 7.464848e-01
127, 2.465597e-01, 4.216302e-01
128, 2.465597e-01, 4.022622e-01
129, 2.466055e-01, 3.714101e-01
130, 2.466055e-01, 3.458091e-01
131, 2.467744e-01, 5.171492e-01
132, 2.467744e-01, 5.413013e-01
133, 2.468608e-01, 1.802465e-01
134, 2.468608e-01, 1.983742e-01
135, 2.470007e-01, 4.637544e-01
136, 2.470007e-01, 4.837459e-01
137, 2.473573e-01, 7.958104e-01
138, 2.473573e-01, 8.209780e-01
139, 2.476171e-01, 2.898664e-01
140, 2.476171e-01, 3.172212e-01
141, 2.476625e-01, 5.922459e-01
142, 2.476625e-01, 5.732113e-01
143, 2.517936e-01, 6.871492e-01
144, 2.517936e-01, 7.109035e-01
145, 2.565924e-01, 3.400428e-01
146, 2.565924e-01, 3.224034e-01
147, 2.568352e-01, 7.903381e-01
148, 2.568352e-01, 7.768386e-01
149, 2.572850e-01, 5.676574e-01
150, 2.572850e-01, 5.473700e-01
151, 2.600300e-01, 3.944846e-01
152, 2.600300e-01, 3.791612e-01
153, 2.600575e-01, 7.156733e-01
154, 2.600575e-01, 7.365047e-01
155, 2.603209e-01, 2.825340e-01
156, 2.603209e-01, 2.671195e-01
157, 2.605116e-01, 1.723648e-01
158, 2.612896e-01, 8.290223e-01
159, 2.612896e-01, 8.476908e-01
160, 2.621151e-01, 2.071819e-01
161, 2.621151e-01, 2.237743e-01
162, 2.622845e-01, 6.200497e-01
163, 2.622845e-01, 6.006884e-01
164, 2.624003e-01, 4.926374e-01
165, 2.624003e-01, 5.081270e-01
166, 2.624100e-01, 4.548573e-01
167, 2.624100e-01, 4.307787e-01
168, 2.639852e-01, 6.608610e-01
169, 2.639852e-01, 6.801099e-01
170, 2.722847e-01, 4.869303e-01
171, 2.722847e-01, 4.605588e-01
172, 2.743239e-01, 5.375320e-01
173, 2.743239e-01, 5.150115e-01
174, 2.766021e-01, 8.201810e-01
175, 2.766021e-01, 8.017512e-01
176, 2.775668e-01, 5.793636e-01
177, 2.775668e-01, 5.918646e-01
178, 2.776186e-01, 7.466443e-01
179, 2.776186e-01, 7.648386e-01
180, 2.781732e-01, 2.928381e-01
181, 2.781732e-01, 3.099430e-01
182, 2.785507e-01, 3.527212e-01
183, 2.785507e-01, 3.684676e-01
184, 2.788154e-01, 1.975394e-01
185, 2.788154e-01, 1.829331e-01
186, 2.791764e-01, 4.055395e-01
187, 2.791764e-01, 4.211014e-01
188, 2.795929e-01, 2.338656e-01
189, 2.795929e-01, 2.559922e-01
190, 2.802193e-01, 7.040363e-01
191, 2.802193e-01, 6.894832e-01
192, 2.819274e-01, 6.313912e-01
193, 2.819274e-01, 6.505015e-01
194, 2.900310e-01, 5.466011e-01
195, 2.900310e-01, 5.721695e-01
196, 2.904320e-01, 2.276073e-01
197, 2.904320e-01, 2.042466e-01
198, 2.922717e-01, 4.984705e-01
199, 2.922717e-01, 5.046487e-01
200, 2.937327e-01, 6.011985e-01
201, 2.937327e-01, 6.245750e-01
202, 2.952306e-01, 6.808159e-01
203, 2.952306e-01, 6.581825e-01
204, 2.953356e-01, 8.309975e-01
205, 2.953356e-01, 8.484266e-01
206, 2.955856e-01, 2.652262e-01
207, 2.955856e-01, 2.827879e-01
208, 2.956209e-01, 3.960447e-01
209, 2.956209e-01, 3.783237e-01
210, 2.961457e-01, 7.904670e-01
211, 2.961457e-01, 7.755359e-01
212, 2.969431e-01, 1.724664e-01
213, 2.974570e-01, 3.418050e-01
214, 2.974570e-01, 3.210772e-01
215, 2.978156e-01, 7.141925e-01
216, 2.978156e-01, 7.349829e-01
217, 2.978781e-01, 4.318957e-01
218, 2.978781e-01, 4.457816e-01
219, 2.998513e-01, 5.976657e-01
220, 2.998513e-01, 5.778376e-01
221, 3.085056e-01, 4.257617e-01
222, 3.085056e-01, 4.034842e-01
223, 3.085936e-01, 6.331555e-01
224, 3.085936e-01, 6.504670e-01
225, 3.098812e-01, 7.072285e-01
226, 3.098812e-01, 6.892749e-01
227, 3.101396e-01, 1.928678e-01
228, 3.101396e-01, 1.800858e-01
229, 3.101735e-01, 3.699212e-01
230, 3.101735e-01, 3.491473e-01
231, 3.108599e-01, 2.394020e-01
232, 3.108599e-01, 2.564071e-01
233, 3.119410e-01, 3.127144e-01
234, 3.119410e-01, 2.922279e-01
235, 3.120061e-01, 7.663783e-01
236, 3.120061e-01, 7.431762e-01
237, 3.125875e-01, 8.210366e-01
238, 3.125875e-01, 7.999602e-01
239, 3.127892e-01, 4.866239e-01
240, 3.127892e-01, 4.543910e-01
241, 3.136922e-01, 5.329394e-01
242, 3.136922e-01, 5.170166e-01
243, 3.221474e-01, 4.489877e-01
244, 3.221474e-01, 4.336354e-01
245, 3.240008e-01, 6.242596e-01
246, 3.240008e-01, 6.116093e-01
247, 3.242450e-01, 2.641354e-01
248, 3.242450e-01, 2.851263e-01
249, 3.243789e-01, 3.781232e-01
250, 3.243789e-01, 3.943192e-01
251, 3.247504e-01, 4.935302e-01
252, 3.247504e-01, 5.106318e-01
253, 3.252704e-01, 7.740370e-01
254, 3.252704e-01, 7.926372e-01
255, 3.270709e-01, 7.344780e-01
256, 3.270709e-01, 7.171501e-01
257, 3.273806e-01, 6.613143e-01
258, 3.273806e-01, 6.791710e-01
259, 3.280789e-01, 8.299811e-01
260, 3.287046e-01, 3.223934e-01
261, 3.287046e-01, 3.384477e-01
262, 3.298029e-01, 1.687325e-01
263, 3.298029e-01, 1.511361e-01
264, 3.304296e-01, 5.426033e-01
265, 3.304296e-01, 5.601884e-01
266, 3.308529e-01, 2.048274e-01
267, 3.308529e-01, 2.278583e-01
268, 3.383425e-01, 1.736631e-01
269, 3.383425e-01, 2.005030e-01
270, 3.404354e-01, 7.421944e-01
271, 3.404354e-01, 7.652810e-01
272, 3.405627e-01, 3.452944e-01
273, 3.405627e-01, 3.687789e-01
274, 3.406763e-01, 4.229409e-01
275, 3.406763e-01, 4.037291e-01
276, 3.407828e-01, 3.154196e-01
277, 3.407828e-01, 2.946716e-01
278, 3.418217e-01, 6.875091e-01
279, 3.418217e-01, 7.086363e-01
280, 3.432381e-01, 2.531691e-01
281, 3.432381e-01, 2.350093e-01
282, 3.434120e-01, 6.520580e-01
283, 3.434120e-01, 6.354673e-01
284, 3.435997e-01, 4.826469e-01
285, 3.435997e-01, 4.613740e-01
286, 3.446273e-01, 5.221084e-01
287, 3.446273e-01, 5.344057e-01
288, 3.454690e-01, 8.042996e-01
289, 3.454690e-01, 8.199403e-01
290, 3.532574e-01, 5.733642e-01
291, 3.532574e-01, 5.947170e-01
292, 3.546004e-01, 6.801308e-01
293, 3.546004e-01, 6.585180e-01
294, 3.561452e-01, 3.242896e-01
295, 3.561452e-01, 3.362973e-01
296, 3.572077e-01, 1.627706e-01
297, 3.572077e-01, 1.524308e-01
298, 3.578304e-01, 3.938245e-01
299, 3.578304e-01, 3.787490e-01
300, 3.585231e-01, 7.967623e-01
301, 3.585231e-01, 7.757246e-01
302, 3.589893e-01, 2.124242e-01
303, 3.589893e-01, 2.259148e-01
304, 3.598673e-01, 4.920396e-01
305, 3.598673e-01, 5.133091e-01
306, 3.607149e-01, 8.287431e-01
307, 3.615745e-01, 2.826710e-01
308, 3.615745e-01, 2.637563e-01
309, 3.617748e-01, 5.684481e-01
310, 3.617748e-01, 5.443064e-01
311, 3.624175e-01, 7.205238e-01
312, 3.624175e-01, 7.295022e-01
313, 3.626881e-01, 4.503526e-01
314, 3.626881e-01, 4.356457e-01
315, 3.647105e-01, 6.013299e-01
316, 3.647105e-01, 6.231699e-01
317, 3.728742e-01, 8.050484e-01
318, 3.728742e-01, 8.217225e-01
319, 3.757455e-01, 5.362400e-01
320, 3.757455e-01, 5.224769e-01
321, 3.769158e-01, 6.930154e-01
322, 3.769158e-01, 7.121556e-01
323, 3.770247e-01, 3.676665e-01
324, 3.770247e-01, 3.483529e-01
325, 3.774238e-01, 6.305103e-01
326, 3.774238e-01, 6.453402e-01
327, 3.776442e-01, 5.938621e-01
328, 3.776442e-01, 5.776077e-01
329, 3.777492e-01, 7.646237e-01
330, 3.777492e-01, 7.383545e-01
331, 3.793248e-01, 4.260433e-01
332, 3.793248e-01, 4.062350e-01
333, 3.798763e-01, 2.003644e-01
334, 3.798763e-01, 1.758591e-01
335, 3.799554e-01, 2.380203e-01
336, 3.799554e-01, 2.531434e-01
337, 3.800152e-01, 3.105075e-01
338, 3.800152e-01, 2.933146e-01
339, 3.801383e-01, 4.604281e-01
340, 3.801383e-01, 4.803354e-01
341, 3.873336e-01, 1.715534e-01
342, 3.887474e-01, 6.239722e-01
343, 3.887474e-01, 6.002729e-01
344, 3.888035e-01, 4.315142e-01
345, 3.888035e-01, 4.554250e-01
346, 3.893933e-01, 8.312604e-01
347, 3.893933e-01, 8.442480e-01
348, 3.901417e-01, 2.874697e-01
349, 3.901417e-01, 2.590249e-01
350, 3.901467e-01, 4.861142e-01
351, 3.901467e-01, 5.141618e-01
352, 3.908339e-01, 7.307996e-01
353, 3.908339e-01, 7.201889e-01
354, 3.937148e-01, 5.683321e-01
355, 3.937148e-01, 5.466152e-01
356, 3.941027e-01, 2.085785e-01
357, 3.941027e-01, 2.298519e-01
358, 3.945084e-01, 3.974682e-01
359, 3.945084e-01, 3.777613e-01
360, 3.948378e-01, 3.380678e-01
361, 3.948378e-01, 3.190659e-01
362, 3.965734e-01, 7.754925e-01
363, 3.965734e-01, 7.913648e-01
364, 3.970590e-01, 6.813850e-01
365, 3.970590e-01, 6.566773e-01
366, 4.041288e-01, 5.913920e-01
367, 4.041288e-01, 5.743428e-01
368, 4.043340e-01, 1.813691e-01
369, 4.043340e-01, 2.026711e-01
370, 4.046275e-01, 4.777532e-01
371, 4.046275e-01, 4.645615e-01
372, 4.054677e-01, 5.230079e-01
373, 4.054677e-01, 5.398292e-01
374, 4.056162e-01, 2.500902e-01
375, 4.056162e-01, 2.364996e-01
376, 4.056400e-01, 4.038955e-01
377, 4.056400e-01, 4.217965e-01
378, 4.065755e-01, 2.969550e-01
379, 4.065755e-01, 3.122887e-01
380, 4.106970e-01, 3.472247e-01
381, 4.106970e-01, 3.684143e-01
382, 4.107261e-01, 6.487861e-01
383, 4.107261e-01, 6.366624e-01
384, 4.107683e-01, 8.189188e-01
385, 4.107683e-01, 7.995607e-01
386, 4.112700e-01, 7.083936e-01
387, 4.112700e-01, 6.895902e-01
388, 4.119976e-01, 7.430192e-01
389, 4.119976e-01, 7.665868e-01
390, 4.158270e-01, 7.408082e-01
391, 4.158270e-01, 7.110238e-01
392, 4.186895e-01, 7.704506e-01
393, 4.186895e-01, 7.949872e-01
394, 4.194821e-01, 6.538417e-01
395, 4.194821e-01, 6.848487e-01
396, 4.213826e-01, 3.745840e-01
397, 4.213826e-01, 3.948059e-01
398, 4.213955e-01, 6.013616e-01
399, 4.213955e-01, 6.305020e-01
400, 4.226626e-01, 3.215772e-01
401, 4.226626e-01, 3.403160e-01
402, 4.230045e-01, 5.499547e-01
403, 4.230045e-01, 5.634481e-01
404, 4.240062e-01, 2.258814e-01
405, 4.240062e-01, 2.140295e-01
406, 4.254033e-01, 8.273689e-01
407, 4.263543e-01, 2.620641e-01
408, 4.263543e-01, 2.855390e-01
409, 4.285107e-01, 4.507717e-01
410, 4.285107e-01, 4.349970e-01
411, 4.294525e-01, 4.920868e-01
412, 4.294525e-01, 5.091594e-01
413, 4.300622e-01, 1.665140e-01
414, 4.314355e-01, 6.362990e-01
415, 4.314355e-01, 6.469400e-01
416, 4.368753e-01, 4.301691e-01
417, 4.368753e-01, 4.037512e-01
418, 4.370143e-01, 5.923435e-01
419, 4.370143e-01, 5.715343e-01
420, 4.372820e-01, 8.057222e-01
421, 4.372820e-01, 8.205103e-01
422, 4.381274e-01, 4.563242e-01
423, 4.381274e-01, 4.870780e-01
424, 4.400967e-01, 3.503822e-01
425, 4.400967e-01, 3.637788e-01
426, 4.401910e-01, 6.969613e-01
427, 4.405326e-01, 2.354236e-01
428, 4.405326e-01, 2.538778e-01
429, 4.408302e-01, 5.396624e-01
430, 4.408302e-01, 5.157287e-01
431, 4.425860e-01, 3.100736e-01
432, 4.425860e-01, 2.949076e-01
433, 4.468572e-01, 2.008357e-01
434, 4.468572e-01, 1.762112e-01
435, 4.472742e-01, 4.361712e-01
436, 4.472742e-01, 4.510429e-01
437, 4.512948e-01, 2.292096e-01
438, 4.512948e-01, 2.033979e-01
439, 4.531381e-01, 2.888172e-01
440, 4.531381e-01, 2.611560e-01
441, 4.533053e-01, 5.085258e-01
442, 4.533053e-01, 4.958416e-01
443, 4.561704e-01, 3.411015e-01
444, 4.561704e-01, 3.179170e-01
445, 4.563109e-01, 1.538495e-01
446, 4.563109e-01, 1.707528e-01
447, 4.572674e-01, 5.598445e-01
448, 4.572674e-01, 5.491531e-01
449, 4.580607e-01, 8.325076e-01
450, 4.607299e-01, 6.638541e-01
451, 4.607299e-01, 6.849468e-01
452, 4.610155e-01, 6.192200e-01
453, 4.610155e-01, 6.062014e-01
454, 4.613475e-01, 3.896213e-01
455, 4.613475e-01, 3.760487e-01
456, 4.620320e-01, 7.703594e-01
457, 4.620320e-01, 7.914319e-01
458, 4.620513e-01, 7.095787e-01
459, 4.620513e-01, 7.425410e-01
460, 4.703612e-01, 5.183736e-01
461, 4.703612e-01, 5.415929e-01
462, 4.707279e-01, 6.907196e-01
463, 4.707279e-01, 7.045707e-01
464, 4.712854e-01, 3.091898e-01
465, 4.712854e-01, 2.992915e-01
466, 4.728315e-01, 3.694180e-01
467, 4.728315e-01, 3.507214e-01
468, 4.746289e-01, 4.203826e-01
469, 4.746289e-01, 3.972897e-01
470, 4.749103e-01, 7.629236e-01
471, 4.749103e-01, 7.499655e-01
472, 4.751668e-01, 8.226308e-01
473, 4.751668e-01, 7.990158e-01
474, 4.752160e-01, 1.816683e-01
475, 4.752160e-01, 1.895862e-01
476, 4.754507e-01, 4.830551e-01
477, 4.754507e-01, 4.673116e-01
478, 4.762450e-01, 2.478143e-01
479, 4.762450e-01, 2.436155e-01
480, 4.790837e-01, 6.532569e-01
481, 4.790837e-01, 6.296523e-01
482, 4.803350e-01, 7.960318e-01
483, 4.803350e-01, 7.660558e-01
484, 4.804511e-01, 5.732257e-01
485, 4.804511e-01, 5.949796e-01
486, 4.858436e-01, 8.287954e-01
487, 4.865448e-01, 6.815871e-01
488, 4.865448e-01, 6.575649e-01
489, 4.893304e-01, 1.735188e-01
490, 4.895633e-01, 7.154422e-01
491, 4.895633e-01, 7.415051e-01
492, 4.896024e-01, 3.791013e-01
493, 4.896024e-01, 3.886442e-01
494, 4.898852e-01, 5.528658e-01
495, 4.898852e-01, 5.677805e-01
496, 4.899487e-01, 3.199657e-01
497, 4.899487e-01, 3.408382e-01
498, 4.904716e-01, 6.007652e-01
499, 4.904716e-01, 6.230771e-01
500, 4.954697e-01, 2.325155e-01
501, 4.958472e-01, 4.948318e-01
502, 4.958472e-01, 5.036584e-01
503, 4.970339e-01, 2.598175e-01
504, 4.970339e-01, 2.844299e-01
505, 4.973828e-01, 1.781681e-01
506, 4.993544e-01, 4.535100e-01
507, 4.993544e-01, 4.346536e-01
508, 5.014199e-01, 6.293985e-01
509, 5.014199e-01, 6.489763e-01
510, 5.017133e-01, 3.476309e-01
511, 5.017133e-01, 3.721086e-01
512, 5.024764e-01, 7.489609e-01
513, 5.024764e-01, 7.532717e-01
514, 5.045917e-01, 3.115110e-01
515, 5.045917e-01, 2.887921e-01
516, 5.048966e-01, 5.764448e-01
517, 5.048966e-01, 5.924364e-01
518, 5.072470e-01, 8.115703e-01
519, 5.072470e-01, 8.164374e-01
520, 5.072613e-01, 2.393238e-01
521, 5.072613e-01, 2.539124e-01
522, 5.090405e-01, 7.042003e-01
523, 5.090405e-01, 6.945758e-01
524, 5.092063e-01, 5.417100e-01
525, 5.092063e-01, 5.113717e-01
526, 5.121738e-01, 4.016766e-01
527, 5.121738e-01, 4.272545e-01
528, 5.134522e-01, 4.616499e-01
529, 5.134522e-01, 4.846669e-01
530, 5.186805e-01, 3.819052e-01
531, 5.186805e-01, 3.979198e-01
532, 5.195963e-01, 5.053727e-01
533, 5.195963e-01, 4.882145e-01
534, 5.200251e-01, 4.578548e-01
535, 5.200251e-01, 4.317861e-01
536, 5.210414e-01, 6.876466e-01
537, 5.210414e-01, 6.603054e-01
538, 5.216236e-01, 5.488795e-01
539, 5.216236e-01, 5.667903e-01
540, 5.222880e-01, 2.785781e-01
541, 5.222880e-01, 2.625886e-01
542, 5.223940e-01, 6.025392e-01
543, 5.223940e-01, 6.172883e-01
544, 5.236084e-01, 8.258843e-01
545, 5.239506e-01, 3.347915e-01
546, 5.239506e-01, 3.226886e-01
547, 5.239756e-01, 1.628138e-01
548, 5.245375e-01, 2.293488e-01
549, 5.245375e-01, 2.158545e-01
550, 5.253729e-01, 7.357408e-01
551, 5.253729e-01, 7.136271e-01
552, 5.343803e-01, 7.716925e-01
553, 5.343803e-01, 7.959040e-01
554, 5.346995e-01, 6.955327e-01
555, 5.346995e-01, 7.082439e-01
556, 5.367802e-01, 4.782928e-01
557, 5.367802e-01, 4.675289e-01
558, 5.368526e-01, 5.400866e-01
559, 5.368526e-01, 5.153362e-01
560, 5.374511e-01, 7.699194e-01
561, 5.374511e-01, 7.427147e-01
562, 5.377827e-01, 2.536422e-01
563, 5.377827e-01, 2.369964e-01
564, 5.391744e-01, 5.928505e-01
565, 5.391744e-01, 5.769203e-01
566, 5.400479e-01, 4.202293e-01
567, 5.400479e-01, 4.102570e-01
568, 5.410669e-01, 8.158040e-01
569, 5.410669e-01, 7.997647e-01
570, 5.426359e-01, 2.903225e-01
571, 5.426359e-01, 3.119000e-01
572, 5.433330e-01, 2.050023e-01
573, 5.433330e-01, 1.739905e-01
574, 5.438327e-01, 3.462711e-01
575, 5.438327e-01, 3.673827e-01
576, 5.458643e-01, 6.308397e-01
577, 5.458643e-01, 6.459730e-01
578, 5.494933e-01, 2.085591e-01
579, 5.494933e-01, 2.302349e-01
580, 5.514187e-01, 7.779841e-01
581, 5.514187e-01, 7.937877e-01
582, 5.529741e-01, 1.684238e-01
583, 5.533202e-01, 3.180690e-01
584, 5.533202e-01, 3.407932e-01
585, 5.569488e-01, 4.299841e-01
586, 5.569488e-01, 4.558839e-01
587, 5.576366e-01, 2.651056e-01
588, 5.576366e-01, 2.816644e-01
589, 5.581143e-01, 8.256469e-01
590, 5.583062e-01, 4.907216e-01
591, 5.583062e-01, 5.029492e-01
592, 5.586490e-01, 7.220670e-01
593, 5.586490e-01, 7.304753e-01
594, 5.589460e-01, 3.993456e-01
595, 5.589460e-01, 3.761088e-01
596, 5.594219e-01, 6.230117e-01
597, 5.594219e-01, 6.045411e-01
598, 5.600333e-01, 5.648809e-01
599, 5.600333e-01, 5.534708e-01
600, 5.617444e-01, 6.799174e-01
601, 5.617444e-01, 6.551420e-01
602, 5.705713e-01, 4.060579e-01
603, 5.705713e-01, 4.221215e-01
604, 5.710062e-01, 2.426561e-01
605, 5.710062e-01, 2.573862e-01
606, 5.714048e-01, 8.179732e-01
607, 5.714048e-01, 8.053274e-01
608, 5.717523e-01, 5.467045e-01
609, 5.717523e-01, 5.107127e-01
610, 5.723336e-01, 3.683790e-01
611, 5.723336e-01, 3.517712e-01
612, 5.724637e-01, 3.070159e-01
613, 5.724637e-01, 2.902223e-01
614, 5.731498e-01, 7.136975e-01
615, 5.731498e-01, 6.865027e-01
616, 5.732723e-01, 4.653088e-01
617, 5.732723e-01, 4.820804e-01
618, 5.734537e-01, 1.947248e-01
619, 5.734537e-01, 1.802485e-01
620, 5.735546e-01, 6.483229e-01
621, 5.735546e-01, 6.311718e-01
622, 5.737996e-01, 7.650617e-01
623, 5.737996e-01, 7.392231e-01
624, 5.747978e-01, 5.956633e-01
625, 5.747978e-01, 5.734026e-01
626, 5.789533e-01, 2.619747e-01
627, 5.789533e-01, 2.864765e-01
628, 5.829670e-01, 5.531797e-01
629, 5.829670e-01, 5.686875e-01
630, 5.841179e-01, 6.250727e-01
631, 5.841179e-01, 6.010446e-01
632, 5.844866e-01, 6.546349e-01
633, 5.844866e-01, 6.799570e-01
634, 5.853233e-01, 4.890385e-01
635, 5.853233e-01, 5.028770e-01
636, 5.867263e-01, 7.317595e-01
637, 5.867263e-01, 7.215336e-01
638, 5.871110e-01, 4.573186e-01
639, 5.871110e-01, 4.316679e-01
640, 5.886752e-01, 8.279449e-01
641, 5.890399e-01, 1.712492e-01
642, 5.903807e-01, 3.787991e-01
643, 5.903807e-01, 3.946202e-01
644, 5.907012e-01, 7.941859e-01
645, 5.907012e-01, 7.748204e-01
646, 5.918391e-01, 3.405091e-01
647, 5.918391e-01, 3.182029e-01
648, 5.939206e-01, 2.294256e-01
649, 5.939206e-01, 2.065421e-01
650, 5.991329e-01, 7.990543e-01
651, 5.991329e-01, 8.219068e-01
652, 6.024740e-01, 4.228007e-01
653, 6.024740e-01, 4.016026e-01
654, 6.031904e-01, 5.803600e-01
655, 6.031904e-01, 5.900325e-01
656, 6.032631e-01, 3.471052e-01
657, 6.032631e-01, 3.713611e-01
658, 6.040514e-01, 1.799167e-01
659, 6.040514e-01, 2.006927e-01
660, 6.041563e-01, 2.353355e-01
661, 6.041563e-01, 2.474229e-01
662, 6.047540e-01, 6.369876e-01
663, 6.047540e-01, 6.429328e-01
664, 6.047672e-01, 6.916667e-01
665, 6.047672e-01, 7.111206e-01
666, 6.053017e-01, 3.016843e-01
667, 6.053017e-01, 3.104298e-01
668, 6.055302e-01, 4.773713e-01
669, 6.055302e-01, 4.679536e-01
670, 6.067082e-01, 7.432968e-01
671, 6.067082e-01, 7.655781e-01
672, 6.087187e-01, 5.163852e-01
673, 6.087187e-01, 5.383110e-01
674, 6.128622e-01, 5.956168e-01
675, 6.128622e-01, 6.323060e-01
676, 6.172397e-01, 1.723020e-01
677, 6.178642e-01, 3.927166e-01
678, 6.178642e-01, 3.797915e-01
679, 6.189340e-01, 8.333397e-01
680, 6.207987e-01, 6.521968e-01
681, 6.207987e-01, 6.824104e-01
682, 6.208722e-01, 3.194199e-01
683, 6.208722e-01, 3.369379e-01
684, 6.216890e-01, 4.338912e-01
685, 6.216890e-01, 4.586237e-01
686, 6.218431e-01, 7.859418e-01
687, 6.218431e-01, 7.743168e-01
688, 6.220475e-01, 4.869081e-01
689, 6.220475e-01, 5.086894e-01
690, 6.225787e-01, 2.113901e-01
691, 6.225787e-01, 2.246987e-01
692, 6.229093e-01, 7.215919e-01
693, 6.229093e-01, 7.339425e-01
694, 6.244508e-01, 2.906319e-01
695, 6.244508e-01, 2.591407e-01
696, 6.244758e-01, 5.474089e-01
697, 6.244758e-01, 5.680745e-01
698, 6.293113e-01, 7.700048e-01
699, 6.293113e-01, 7.376390e-01
700, 6.296663e-01, 6.470768e-01
701, 6.296663e-01, 6.420084e-01
702, 6.317005e-01, 7.165177e-01
703, 6.317005e-01, 6.887049e-01
704, 6.339007e-01, 4.656746e-01
705, 6.339007e-01, 4.800642e-01
706, 6.343258e-01, 2.046075e-01
707, 6.343258e-01, 1.821672e-01
708, 6.346363e-01, 5.739390e-01
709, 6.346363e-01, 5.830448e-01
710, 6.359820e-01, 2.524827e-01
711, 6.359820e-01, 2.324375e-01
712, 6.373833e-01, 3.685215e-01
713, 6.373833e-01, 3.464712e-01
714, 6.374877e-01, 3.098263e-01
715, 6.374877e-01, 2.981565e-01
716, 6.375380e-01, 5.398670e-01
717, 6.375380e-01, 5.176334e-01
718, 6.380666e-01, 4.043811e-01
719, 6.380666e-01, 4.244383e-01
720, 6.445410e-01, 8.185545e-01
721, 6.445410e-01, 7.990472e-01
722, 6.475433e-01, 7.805317e-01
723, 6.475433e-01, 7.973137e-01
724, 6.487994e-01, 7.263869e-01
725, 6.492990e-01, 2.247484e-01
726, 6.492990e-01, 2.132528e-01
727, 6.501280e-01, 4.314000e-01
728, 6.501280e-01, 4.563052e-01
729, 6.501495e-01, 6.780528e-01
730, 6.501495e-01, 6.589035e-01
731, 6.517882e-01, 2.899026e-01
732, 6.517882e-01, 2.616091e-01
733, 6.533553e-01, 4.912970e-01
734, 6.533553e-01, 5.085008e-01
735, 6.535886e-01, 5.630000e-01
736, 6.535886e-01, 5.491343e-01
737, 6.538639e-01, 3.780371e-01
738, 6.538639e-01, 3.952600e-01
739, 6.551392e-01, 3.362192e-01
740, 6.551392e-01, 3.200180e-01
741, 6.561323e-01, 7.263869e-01
742, 6.589470e-01, 8.462633e-01
743, 6.589470e-01, 8.268723e-01
744, 6.618659e-01, 1.662660e-01
745, 6.628210e-01, 5.993182e-01
746, 6.628210e-01, 6.228654e-01
747, 6.671968e-01, 3.130562e-01
748, 6.671968e-01, 2.987961e-01
749, 6.685450e-01, 5.960132e-01
750, 6.685450e-01, 5.716326e-01
751, 6.689621e-01, 8.096806e-01
752, 6.689621e-01, 8.210897e-01
753, 6.710159e-01, 4.193439e-01
754, 6.710159e-01, 4.051633e-01
755, 6.720407e-01, 5.384803e-01
756, 6.720407e-01, 5.192894e-01
757, 6.727382e-01, 4.693600e-01
758, 6.727382e-01, 4.801056e-01
759, 6.727425e-01, 1.725459e-01
760, 6.727425e-01, 1.997169e-01
761, 6.737376e-01, 7.365519e-01
762, 6.737376e-01, 7.654075e-01
763, 6.737565e-01, 2.489249e-01
764, 6.737565e-01, 2.388698e-01
765, 6.740584e-01, 3.663771e-01
766, 6.740584e-01, 3.471428e-01
767, 6.745867e-01, 7.157354e-01
768, 6.745867e-01, 6.921624e-01
769, 6.762299e-01, 6.306075e-01
770, 6.762299e-01, 6.438451e-01
771, 6.799710e-01, 4.842817e-01
772, 6.799710e-01, 5.147106e-01
773, 6.804228e-01, 7.326920e-01
774, 6.804228e-01, 7.191039e-01
775, 6.828688e-01, 1.666992e-01
776, 6.828688e-01, 1.562604e-01
777, 6.849161e-01, 5.459144e-01
778, 6.849161e-01, 5.621836e-01
779, 6.851467e-01, 3.234202e-01
780, 6.851467e-01, 3.407406e-01
781, 6.866264e-01, 3.961501e-01
782, 6.866264e-01, 3.736336e-01
783, 6.869212e-01, 8.314590e-01
784, 6.869212e-01, 8.460670e-01
785, 6.874631e-01, 6.241217e-01
786, 6.874631e-01, 6.069362e-01
787, 6.893063e-01, 2.579031e-01
788, 6.893063e-01, 2.860349e-01
789, 6.893137e-01, 2.092848e-01
790, 6.893137e-01, 2.298873e-01
791, 6.895852e-01, 4.596328e-01
792, 6.895852e-01, 4.300618e-01
793, 6.930415e-01, 7.957775e-01
794, 6.930415e-01, 7.765532e-01
795, 6.969249e-01, 6.792646e-01
796, 6.992876e-01, 6.309490e-01
797, 6.999580e-01, 4.727416e-01
798, 6.999580e-01, 4.656219e-01
799, 7.002406e-01, 2.515898e-01
800, 7.002406e-01, 2.361963e-01
801, 7.010230e-01, 5.268657e-01
802, 7.010230e-01, 5.366145e-01
803, 7.016567e-01, 8.007518e-01
804, 7.016567e-01, 8.229510e-01
805, 7.017567e-01, 3.503310e-01
806, 7.017567e-01, 3.648976e-01
807, 7.031423e-01, 4.222369e-01
808, 7.031423e-01, 4.056861e-01
809, 7.033967e-01, 2.011535e-01
810, 7.033967e-01, 1.785517e-01
811, 7.039960e-01, 2.945135e-01
812, 7.039960e-01, 3.125369e-01
813, 7.042910e-01, 6.835178e-01
814, 7.042910e-01, 7.053276e-01
815, 7.047957e-01, 7.467645e-01
816, 7.047957e-01, 7.697665e-01
817, 7.057830e-01, 5.742275e-01
818, 7.057830e-01, 5.963586e-01
819, 7.115857e-01, 4.589083e-01
820, 7.115857e-01, 4.271102e-01
821, 7.121631e-01, 6.789725e-01
822, 7.121631e-01, 6.618639e-01
823, 7.124154e-01, 3.441769e-01
824, 7.124154e-01, 3.173981e-01
825, 7.137067e-01, 7.749116e-01
826, 7.137067e-01, 7.937943e-01
827, 7.146834e-01, 5.445018e-01
828, 7.146834e-01, 5.690904e-01
829, 7.160544e-01, 1.712433e-01
830, 7.172926e-01, 2.614354e-01
831, 7.172926e-01, 2.868389e-01
832, 7.189963e-01, 8.329626e-01
833, 7.189963e-01, 8.431662e-01
834, 7.191082e-01, 2.102251e-01
835, 7.191082e-01, 2.253025e-01
836, 7.196209e-01, 7.382047e-01
837, 7.196209e-01, 7.141758e-01
838, 7.196480e-01, 6.043640e-01
839, 7.196480e-01, 6.191932e-01
840, 7.203386e-01, 3.756265e-01
841, 7.203386e-01, 3.957573e-01
842, 7.260479e-01, 4.878054e-01
843, 7.260479e-01, 5.124167e-01
844, 7.273776e-01, 2.926598e-01
845, 7.273776e-01, 3.087592e-01
846, 7.293035e-01, 6.888691e-01
847, 7.293035e-01, 7.085872e-01
848, 7.312985e-01, 4.702902e-01
849, 7.312985e-01, 4.847738e-01
850, 7.322978e-01, 5.343315e-01
851, 7.322978e-01, 5.160253e-01
852, 7.333600e-01, 8.246693e-01
853, 7.333600e-01, 8.051419e-01
854, 7.343848e-01, 5.958552e-01
855, 7.343848e-01, 5.804617e-01
856, 7.346296e-01, 3.673751e-01
857, 7.346296e-01, 3.570031e-01
858, 7.354783e-01, 2.007733e-01
859, 7.354783e-01, 1.824584e-01
860, 7.362601e-01, 6.287848e-01
861, 7.362601e-01, 6.479507e-01
862, 7.368669e-01, 4.053005e-01
863, 7.368669e-01, 4.125183e-01
864, 7.379609e-01, 2.361877e-01
865, 7.379609e-01, 2.495018e-01
866, 7.390981e-01, 7.602509e-01
867, 7.390981e-01, 7.494505e-01
868, 7.422847e-01, 3.717950e-01
869, 7.422847e-01, 4.021723e-01
870, 7.469355e-01, 2.310059e-01
871, 7.469355e-01, 2.073885e-01
872, 7.473283e-01, 8.327344e-01
873, 7.487944e-01, 7.198369e-01
874, 7.487944e-01, 7.438520e-01
875, 7.498998e-01, 6.048133e-01
876, 7.498998e-01, 6.209095e-01
877, 7.511826e-01, 4.962546e-01
878, 7.511826e-01, 5.051216e-01
879, 7.532053e-01, 7.936835e-01
880, 7.532053e-01, 7.683962e-01
881, 7.540192e-01, 5.468732e-01
882, 7.540192e-01, 5.691291e-01
883, 7.552326e-01, 1.710525e-01
884, 7.556543e-01, 6.591486e-01
885, 7.556543e-01, 6.736546e-01
886, 7.561898e-01, 2.760299e-01
887, 7.561898e-01, 2.600269e-01
888, 7.564419e-01, 3.444090e-01
889, 7.564419e-01, 3.255405e-01
890, 7.600606e-01, 2.385842e-01
891, 7.600606e-01, 2.577920e-01
892, 7.615738e-01, 4.267787e-01
893, 7.615738e-01, 4.528097e-01
894, 7.654125e-01, 7.613479e-01
895, 7.654125e-01, 7.534471e-01
896, 7.672207e-01, 3.573973e-01
897, 7.672207e-01, 3.506325e-01
898, 7.675570e-01, 6.522761e-01
899, 7.675570e-01, 6.311045e-01
900, 7.678742e-01, 5.771259e-01
901, 7.678742e-01, 5.944352e-01
902, 7.680166e-01, 4.230600e-01
903, 7.680166e-01, 4.170296e-01
904, 7.680293e-01, 4.565370e-01
905, 7.680293e-01, 4.865275e-01
906, 7.684573e-01, 8.205348e-01
907, 7.684573e-01, 8.024898e-01
908, 7.719217e-01, 1.929618e-01
909, 7.719217e-01, 1.806886e-01
910, 7.728116e-01, 5.176098e-01
911, 7.728116e-01, 5.360228e-01
912, 7.742982e-01, 7.051166e-01
913, 7.742982e-01, 6.844193e-01
914, 7.743858e-01, 3.151800e-01
915, 7.743858e-01, 2.865322e-01
916, 7.780015e-01, 1.964722e-01
917, 7.780015e-01, 2.282253e-01
918, 7.802474e-01, 2.694476e-01
919, 7.802474e-01, 2.831490e-01
920, 7.808841e-01, 5.696167e-01
921, 7.808841e-01, 5.406838e-01
922, 7.819094e-01, 1.749218e-01
923, 7.822550e-01, 6.798251e-01
924, 7.822550e-01, 6.607625e-01
925, 7.846428e-01, 7.724512e-01
926, 7.846428e-01, 7.931445e-01
927, 7.850714e-01, 6.209919e-01
928, 7.850714e-01, 6.043647e-01
929, 7.855829e-01, 4.331990e-01
930, 7.855829e-01, 4.464018e-01
931, 7.859090e-01, 4.968510e-01
932, 7.859090e-01, 5.100475e-01
933, 7.866045e-01, 8.310128e-01
934, 7.868415e-01, 3.223717e-01
935, 7.868415e-01, 3.393037e-01
936, 7.896415e-01, 7.394576e-01
937, 7.896415e-01, 7.139725e-01
938, 7.900712e-01, 4.042956e-01
939, 7.900712e-01, 3.705908e-01
940, 7.910036e-01, 1.801727e-01
941, 7.910036e-01, 1.889650e-01
942, 7.959956e-01, 5.158713e-01
943, 7.959956e-01, 5.319586e-01
944, 7.971184e-01, 6.521806e-01
945, 7.971184e-01, 6.279476e-01
946, 7.981290e-01, 4.089480e-01
947, 7.981290e-01, 4.259576e-01
948, 8.004032e-01, 5.955124e-01
949, 8.004032e-01, 5.808828e-01
950, 8.005948e-01, 4.883717e-01
951, 8.005948e-01, 4.550694e-01
952, 8.014848e-01, 6.909281e-01
953, 8.014848e-01, 7.071367e-01
954, 8.015649e-01, 2.954531e-01
955, 8.015649e-01, 3.138706e-01
956, 8.025952e-01, 3.483997e-01
957, 8.025952e-01, 3.633597e-01
958, 8.030079e-01, 8.037483e-01
959, 8.030079e-01, 8.215417e-01
960, 8.040400e-01, 7.477711e-01
961, 8.040400e-01, 7.612515e-01
962, 8.092548e-01, 2.526991e-01
963, 8.092548e-01, 2.462705e-01
964, 8.120417e-01, 4.339927e-01
965, 8.120417e-01, 4.484561e-01
966, 8.160182e-01, 8.290583e-01
967, 8.160182e-01, 8.468827e-01
968, 8.161682e-01, 3.405581e-01
969, 8.161682e-01, 3.223075e-01
970, 8.162630e-01, 6.046752e-01
971, 8.162630e-01, 6.168871e-01
972, 8.164247e-01, 4.975172e-01
973, 8.164247e-01, 5.040686e-01
974, 8.172444e-01, 7.162384e-01
975, 8.172444e-01, 7.401424e-01
976, 8.173964e-01, 7.954354e-01
977, 8.173964e-01, 7.689681e-01
978, 8.190733e-01, 2.051820e-01
979, 8.190733e-01, 2.405980e-01
980, 8.190839e-01, 1.639496e-01
981, 8.192060e-01, 6.649415e-01
982, 8.192060e-01, 6.806899e-01
983, 8.195536e-01, 3.965702e-01
984, 8.195536e-01, 3.731572e-01
985, 8.195731e-01, 2.850528e-01
986, 8.195731e-01, 2.586604e-01
987, 8.233740e-01, 5.676163e-01
988, 8.233740e-01, 5.477762e-01
989, 8.293569e-01, 7.471360e-01
990, 8.293569e-01, 7.620623e-01
991, 8.300694e-01, 4.026418e-01
992, 8.300694e-01, 4.235874e-01
993, 8.303097e-01, 2.470857e-01
994, 8.303097e-01, 2.524612e-01
995, 8.303750e-01, 3.487609e-01
996, 8.303750e-01, 3.669091e-01
997, 8.323556e-01, 8.040726e-01
998, 8.323556e-01, 8.196253e-01
999, 8.325779e-01, 5.729286e-01
1000, 8.325779e-01, 5.952552e-01
1001, 8.333509e-01, 7.069420e-01
1002, 8.333509e-01, 6.888570e-01
1003, 8.340361e-01, 2.934005e-01
1004, 8.340361e-01, 3.119909e-01
1005, 8.346126e-01, 4.614881e-01
1006, 8.346126e-01, 4.870158e-01
1007, 8.359426e-01, 5.405193e-01
1008, 8.359426e-01, 5.153380e-01
1009, 8.376084e-01, 6.292116e-01
1010, 8.376084e-01, 6.543162e-01
1011, 8.425507e-01, 1.774989e-01
1012, 8.425507e-01, 1.916265e-01
1013, 8.437335e-01, 3.175900e-01
1014, 8.437335e-01, 3.410479e-01
1015, 8.449706e-01, 4.929964e-01
1016, 8.449706e-01, 5.101254e-01
1017, 8.473283e-01, 3.766977e-01
1018, 8.473283e-01, 3.926768e-01
1019, 8.473709e-01, 5.471178e-01
1020, 8.473709e-01, 5.643904e-01
1021, 8.478611e-01, 8.285780e-01
1022, 8.478611e-01, 8.451634e-01
1023, 8.481830e-01, 2.627810e-01
1024, 8.481830e-01, 2.852352e-01
1025, 1.582737e-01, 7.412335e-01
1026, 1.685110e-01, 6.712633e-01
1027, 4.404397e-01, 7.564558e-01
1028, 4.964262e-01, 2.007281e-01
1029, 6.981062e-01, 6.551119e-01
1030, 1.500000e-01, 7.367356e-01
1031, 1.500000e-01, 7.695564e-01
1032, 1.500000e-01, 4.862771e-01
1033, 1.500000e-01, 4.625122e-01
1034, 1.500000e-01, 6.827957e-01
1035, 1.500000e-01, 7.175899e-01
1036, 1.500000e-01, 8.176798e-01
1037, 1.500000e-01, 8.006733e-01
1038, 1.500000e-01, 6.597746e-01
1039, 1.500000e-01, 6.240771e-01
1040, 1.500000e-01, 5.727157e-01
1041, 1.500000e-01, 5.953852e-01
1042, 1.500000e-01, 3.707635e-01
1043, 1.500000e-01, 3.520666e-01
1044, 1.500000e-01, 1.985597e-01
1045, 1.500000e-01, 1.780973e-01
1046, 1.500000e-01, 2.944417e-01
1047, 1.500000e-01, 3.042132e-01
1048, 1.701687e-01, 8.500000e-01
1049, 1.638947e-01, 1.500000e-01
1050, 1.934915e-01, 8.500000e-01
1051, 1.900865e-01, 1.500000e-01
1052, 2.325560e-01, 1.500000e-01
1053, 2.572903e-01, 8.500000e-01
1054, 2.652889e-01, 8.500000e-01
1055, 2.605116e-01, 1.500000e-01
1056, 2.926105e-01, 8.500000e-01
1057, 2.980607e-01, 8.500000e-01
1058, 2.969431e-01, 1.500000e-01
1059, 3.278353e-01, 1.500000e-01
1060, 3.280789e-01, 8.500000e-01
1061, 3.317705e-01, 1.500000e-01
1062, 3.529977e-01, 1.500000e-01
1063, 3.614177e-01, 1.500000e-01
1064, 3.794311e-01, 8.500000e-01
1065, 3.993556e-01, 8.500000e-01
1066, 3.873336e-01, 1.500000e-01
1067, 4.300622e-01, 1.500000e-01
1068, 4.496438e-01, 1.500000e-01
1069, 4.580607e-01, 8.500000e-01
1070, 4.629779e-01, 1.500000e-01
1071, 4.858436e-01, 8.500000e-01
1072, 4.893304e-01, 1.500000e-01
1073, 5.236084e-01, 8.500000e-01
1074, 5.239756e-01, 1.500000e-01
1075, 5.581143e-01, 8.500000e-01
1076, 5.529741e-01, 1.500000e-01
1077, 5.886752e-01, 8.500000e-01
1078, 5.890399e-01, 1.500000e-01
1079, 6.189340e-01, 8.500000e-01
1080, 6.172397e-01, 1.500000e-01
1081, 6.524752e-01, 8.500000e-01
1082, 6.654188e-01, 8.500000e-01
1083, 6.801095e-01, 8.500000e-01
1084, 6.720261e-01, 1.500000e-01
1085, 6.937329e-01, 8.500000e-01
1086, 6.937116e-01, 1.500000e-01
1087, 7.071605e-01, 8.500000e-01
1088, 7.308322e-01, 8.500000e-01
1089, 7.160544e-01, 1.500000e-01
1090, 7.473283e-01, 8.500000e-01
1091, 7.552326e-01, 1.500000e-01
1092, 7.866045e-01, 8.500000e-01
1093, 8.106225e-01, 8.500000e-01
1094, 8.214172e-01, 8.500000e-01
1095, 8.190839e-01, 1.500000e-01
1096, 8.394844e-01, 8.500000e-01
1097, 8.500000e-01, 6.614709e-01
1098, 8.500000e-01, 6.220568e-01
1099, 8.500000e-01, 6.053145e-01
1100, 8.500000e-01, 6.792441e-01
1101, 8.500000e-01, 7.739813e-01
1102, 8.500000e-01, 7.938850e-01
1103, 8.500000e-01, 2.357168e-01
1104, 8.500000e-01, 4.350910e-01
1105, 8.500000e-01, 4.526037e-01
1106, 8.500000e-01, 1.959277e-01
1107, 8.500000e-01, 1.731978e-01
1108, 8.500000e-01, 8.463984e-01
1109, 8.500000e-01, 8.273430e-01
1110, 8.500000e-01, 3.751551e-01
1111, 8.500000e-01, 3.942194e-01
1112, 8.500000e-01, 5.130293e-01
1113, 8.500000e-01, 4.900925e-01
1114, 8.500000e-01, 2.862840e-01
1115, 8.500000e-01, 2.617319e-01
1116, 8.500000e-01, 3.139719e-01
1117, 8.500000e-01, 3.446660e-01
1118, 8.500000e-01, 5.455998e-01
1119, 8.500000e-01, 5.659078e-01
1120, 1.503691e-01, 5.365225e-01
1121, 1.503691e-01, 5.148779e-01
1122, 1.502671e-01, 4.066500e-01
1123, 1.506222e-01, 2.379864e-01
1124, 1.506222e-01, 2.520375e-01
1125, 1.502671e-01, 4.223024e-01
1126, 2.276108e-01, 8.499910e-01
1127, 3.610195e-01, 8.498241e-01
1128, 4.254609e-01, 8.499667e-01
1129, 6.619278e-01, 1.500357e-01
1130, 7.821751e-01, 1.501535e-01
1131, 8.495108e-01, 7.157046e-01
1132, 8.495108e-01, 7.360642e-01
