1, 1.920058e-01, 8.025314e-01
2, 1.926415e-01, 5.060468e-01
3, 2.131844e-01, 7.659448e-01
4, 2.353171e-01, 5.058268e-01
5, 2.768050e-01, 3.592635e-01
6, 2.772127e-01, 6.543389e-01
7, 2.774872e-01, 8.033831e-01
8, 2.778299e-01, 7.272701e-01
9, 2.783381e-01, 7.327543e-01
10, 2.806290e-01, 3.565529e-01
11, 2.992235e-01, 4.689977e-01
12, 3.204981e-01, 5.100149e-01
13, 3.885736e-01, 2.440375e-01
14, 4.092764e-01, 5.084734e-01
15, 4.696716e-01, 6.174624e-01
16, 4.734813e-01, 6.152455e-01
17, 4.909003e-01, 5.793589e-01
18, 4.916707e-01, 5.837418e-01
19, 4.961285e-01, 8.042295e-01
20, 5.098686e-01, 6.152455e-01
21, 5.132625e-01, 8.338914e-01
22, 5.135968e-01, 6.173975e-01
23, 5.303964e-01, 8.042295e-01
24, 5.557750e-01, 7.659092e-01
25, 5.990912e-01, 6.167863e-01
26, 6.199563e-01, 5.806483e-01
27, 6.410187e-01, 6.175408e-01
28, 6.627347e-01, 3.576686e-01
29, 7.021467e-01, 2.120213e-01
30, 7.270138e-01, 2.479171e-01
31, 7.273282e-01, 2.426633e-01
32, 7.478948e-01, 6.545110e-01
33, 7.485619e-01, 5.060940e-01
34, 8.127505e-01, 2.499594e-01
35, 8.340699e-01, 4.318430e-01
36, 3.413088e-01, 1.724440e-01
37, 2.996714e-01, 1.738007e-01
38, 3.856504e-01, 1.731624e-01
39, 4.270118e-01, 1.730387e-01
40, 4.698644e-01, 1.733838e-01
41, 5.138859e-01, 1.733382e-01
42, 6.415225e-01, 1.729938e-01
43, 7.271578e-01, 1.734315e-01
44, 1.711423e-01, 1.731941e-01
45, 2.147115e-01, 1.738963e-01
46, 2.555585e-01, 1.741487e-01
47, 2.346313e-01, 2.091993e-01
48, 5.559949e-01, 1.734145e-01
49, 5.978734e-01, 1.732377e-01
50, 6.838404e-01, 1.722536e-01
51, 7.699873e-01, 1.739023e-01
52, 8.117523e-01, 1.731337e-01
53, 2.782820e-01, 2.110562e-01
54, 3.641053e-01, 2.093665e-01
55, 4.063115e-01, 2.108702e-01
56, 4.926190e-01, 2.096819e-01
57, 5.343877e-01, 2.104008e-01
58, 8.338738e-01, 2.102605e-01
59, 1.934120e-01, 2.100427e-01
60, 3.203983e-01, 2.097370e-01
61, 4.487389e-01, 2.098783e-01
62, 5.773184e-01, 2.096811e-01
63, 6.213448e-01, 2.104820e-01
64, 6.631585e-01, 2.111858e-01
65, 7.076676e-01, 2.098392e-01
66, 7.482949e-01, 2.098864e-01
67, 7.912812e-01, 2.100702e-01
68, 2.981854e-01, 2.473685e-01
69, 3.426653e-01, 2.477796e-01
70, 3.840645e-01, 2.484888e-01
71, 4.280409e-01, 2.473871e-01
72, 6.839709e-01, 2.467487e-01
73, 6.417508e-01, 2.473214e-01
74, 8.126042e-01, 2.458124e-01
75, 1.714411e-01, 2.470708e-01
76, 2.131235e-01, 2.470815e-01
77, 2.570146e-01, 2.464532e-01
78, 4.710241e-01, 2.470227e-01
79, 5.128147e-01, 2.468211e-01
80, 5.569816e-01, 2.474811e-01
81, 5.971562e-01, 2.475660e-01
82, 5.773987e-01, 2.823699e-01
83, 7.689883e-01, 2.469365e-01
84, 2.347825e-01, 2.845559e-01
85, 4.065845e-01, 2.839378e-01
86, 4.486380e-01, 2.845285e-01
87, 4.917215e-01, 2.841475e-01
88, 5.347370e-01, 2.849243e-01
89, 6.628731e-01, 2.835435e-01
90, 7.056181e-01, 2.845938e-01
91, 8.329762e-01, 2.834758e-01
92, 1.912469e-01, 2.841990e-01
93, 2.788703e-01, 2.837359e-01
94, 3.208768e-01, 2.842616e-01
95, 3.634145e-01, 2.836632e-01
96, 6.200486e-01, 2.844457e-01
97, 5.985151e-01, 3.207627e-01
98, 6.415196e-01, 3.204734e-01
99, 7.485192e-01, 2.845242e-01
100, 7.914259e-01, 2.845271e-01
101, 2.555661e-01, 3.205314e-01
102, 2.133449e-01, 3.209639e-01
103, 3.000528e-01, 3.215223e-01
104, 3.418009e-01, 3.219590e-01
105, 3.853835e-01, 3.209510e-01
106, 5.554017e-01, 3.211835e-01
107, 5.133670e-01, 3.218201e-01
108, 1.717341e-01, 3.203853e-01
109, 4.272055e-01, 3.206293e-01
110, 4.701814e-01, 3.213514e-01
111, 6.842833e-01, 3.212270e-01
112, 7.274546e-01, 3.210363e-01
113, 7.051961e-01, 3.574681e-01
114, 7.696064e-01, 3.212797e-01
115, 7.482080e-01, 3.577446e-01
116, 8.124944e-01, 3.209704e-01
117, 7.909594e-01, 3.574714e-01
118, 3.205992e-01, 3.571899e-01
119, 3.632914e-01, 3.589719e-01
120, 4.490512e-01, 3.576224e-01
121, 4.922917e-01, 3.581228e-01
122, 5.341554e-01, 3.583694e-01
123, 5.773187e-01, 3.578748e-01
124, 8.338737e-01, 3.596401e-01
125, 1.928947e-01, 3.582851e-01
126, 2.356033e-01, 3.589909e-01
127, 4.067600e-01, 3.580684e-01
128, 6.197209e-01, 3.573792e-01
129, 5.978037e-01, 3.944116e-01
130, 2.559767e-01, 3.949207e-01
131, 4.701748e-01, 3.956988e-01
132, 5.553802e-01, 3.950264e-01
133, 5.132538e-01, 3.956801e-01
134, 6.844818e-01, 3.941854e-01
135, 6.411613e-01, 3.966173e-01
136, 7.266395e-01, 3.944283e-01
137, 1.697366e-01, 3.953936e-01
138, 2.150158e-01, 3.952158e-01
139, 2.997995e-01, 3.949953e-01
140, 3.418552e-01, 3.953112e-01
141, 3.846746e-01, 3.954203e-01
142, 4.274658e-01, 3.955391e-01
143, 7.698223e-01, 3.957620e-01
144, 8.123622e-01, 3.952664e-01
145, 1.926227e-01, 4.325585e-01
146, 2.352022e-01, 4.324126e-01
147, 3.205944e-01, 4.320763e-01
148, 3.637920e-01, 4.322135e-01
149, 4.061183e-01, 4.321337e-01
150, 4.493567e-01, 4.323704e-01
151, 5.772715e-01, 4.322810e-01
152, 5.344556e-01, 4.323175e-01
153, 7.481157e-01, 4.328474e-01
154, 7.912227e-01, 4.325231e-01
155, 2.777092e-01, 4.326058e-01
156, 4.916142e-01, 4.318872e-01
157, 6.192550e-01, 4.324380e-01
158, 6.636827e-01, 4.330898e-01
159, 7.047945e-01, 4.328728e-01
160, 6.842567e-01, 4.679090e-01
161, 2.563457e-01, 4.697240e-01
162, 4.700539e-01, 4.691398e-01
163, 6.412506e-01, 4.692510e-01
164, 7.269377e-01, 4.692326e-01
165, 7.700183e-01, 4.688576e-01
166, 8.121237e-01, 4.690221e-01
167, 1.708479e-01, 4.695005e-01
168, 2.138345e-01, 4.691576e-01
169, 3.432210e-01, 4.698832e-01
170, 3.846067e-01, 4.694358e-01
171, 4.265710e-01, 4.688543e-01
172, 5.127850e-01, 4.696354e-01
173, 5.559844e-01, 4.688137e-01
174, 5.344275e-01, 5.054523e-01
175, 5.986520e-01, 4.693248e-01
176, 5.773457e-01, 5.057063e-01
177, 3.210976e-01, 5.052025e-01
178, 3.638294e-01, 5.054431e-01
179, 4.914089e-01, 5.071613e-01
180, 6.619936e-01, 5.059264e-01
181, 6.201863e-01, 5.065273e-01
182, 7.049806e-01, 5.065000e-01
183, 8.334748e-01, 5.056362e-01
184, 7.912138e-01, 5.064639e-01
185, 2.773051e-01, 5.053509e-01
186, 4.045461e-01, 5.062122e-01
187, 4.487045e-01, 5.071737e-01
188, 4.281081e-01, 5.427017e-01
189, 1.710233e-01, 5.439136e-01
190, 2.138295e-01, 5.440254e-01
191, 2.999416e-01, 5.437512e-01
192, 3.846655e-01, 5.431913e-01
193, 4.710323e-01, 5.426239e-01
194, 5.128410e-01, 5.424767e-01
195, 5.560764e-01, 5.436344e-01
196, 5.989569e-01, 5.427094e-01
197, 7.269618e-01, 5.441409e-01
198, 8.117921e-01, 5.433401e-01
199, 7.699106e-01, 5.439224e-01
200, 2.568173e-01, 5.436848e-01
201, 3.416324e-01, 5.430965e-01
202, 6.423776e-01, 5.438232e-01
203, 6.827901e-01, 5.437831e-01
204, 6.628381e-01, 5.787841e-01
205, 1.923780e-01, 5.805870e-01
206, 2.350391e-01, 5.806446e-01
207, 3.635408e-01, 5.806651e-01
208, 4.063705e-01, 5.806569e-01
209, 4.486503e-01, 5.805334e-01
210, 5.349756e-01, 5.809432e-01
211, 7.484666e-01, 5.813919e-01
212, 2.783481e-01, 5.803292e-01
213, 3.214049e-01, 5.807390e-01
214, 5.769176e-01, 5.799233e-01
215, 7.056007e-01, 5.801568e-01
216, 7.914175e-01, 5.800822e-01
217, 8.346592e-01, 5.809829e-01
218, 1.711624e-01, 6.172930e-01
219, 2.143850e-01, 6.164942e-01
220, 2.564703e-01, 6.178294e-01
221, 3.422822e-01, 6.173105e-01
222, 3.853829e-01, 6.160906e-01
223, 4.277353e-01, 6.175007e-01
224, 5.555063e-01, 6.183721e-01
225, 7.276224e-01, 6.175974e-01
226, 2.998561e-01, 6.172181e-01
227, 3.210008e-01, 6.543223e-01
228, 6.205147e-01, 6.537439e-01
229, 6.842855e-01, 6.172851e-01
230, 7.694380e-01, 6.173920e-01
231, 8.126451e-01, 6.174548e-01
232, 3.629503e-01, 6.549239e-01
233, 4.069290e-01, 6.553517e-01
234, 4.917417e-01, 6.546656e-01
235, 5.759994e-01, 6.546464e-01
236, 7.064663e-01, 6.544435e-01
237, 7.913167e-01, 6.545741e-01
238, 1.924239e-01, 6.542968e-01
239, 2.351779e-01, 6.545256e-01
240, 4.495187e-01, 6.544102e-01
241, 5.350466e-01, 6.536518e-01
242, 6.615244e-01, 6.544746e-01
243, 8.348677e-01, 6.551248e-01
244, 2.136118e-01, 6.912992e-01
245, 1.704472e-01, 6.924941e-01
246, 2.996919e-01, 6.907652e-01
247, 3.420882e-01, 6.913831e-01
248, 3.855745e-01, 6.912201e-01
249, 4.270269e-01, 6.912367e-01
250, 4.704914e-01, 6.915027e-01
251, 5.988350e-01, 6.905858e-01
252, 6.414284e-01, 6.912094e-01
253, 8.117524e-01, 6.922349e-01
254, 2.565560e-01, 6.914292e-01
255, 5.133257e-01, 6.921695e-01
256, 5.551812e-01, 6.918715e-01
257, 6.844032e-01, 6.922867e-01
258, 7.266068e-01, 6.915550e-01
259, 7.695405e-01, 6.910270e-01
260, 1.922134e-01, 7.276956e-01
261, 2.347553e-01, 7.286905e-01
262, 3.638830e-01, 7.282358e-01
263, 4.061127e-01, 7.284238e-01
264, 4.491356e-01, 7.291500e-01
265, 6.199900e-01, 7.293708e-01
266, 6.629193e-01, 7.278064e-01
267, 7.057886e-01, 7.280780e-01
268, 7.474680e-01, 7.290353e-01
269, 7.919243e-01, 7.293323e-01
270, 8.343900e-01, 7.276339e-01
271, 1.708333e-01, 7.657763e-01
272, 3.206763e-01, 7.280120e-01
273, 4.925274e-01, 7.286327e-01
274, 5.342999e-01, 7.284628e-01
275, 5.781234e-01, 7.294517e-01
276, 3.849659e-01, 7.657364e-01
277, 4.693882e-01, 7.652042e-01
278, 6.844372e-01, 7.656794e-01
279, 7.701303e-01, 7.653107e-01
280, 2.571737e-01, 7.653187e-01
281, 2.992803e-01, 7.657755e-01
282, 3.411982e-01, 7.656082e-01
283, 3.202370e-01, 8.017231e-01
284, 3.639013e-01, 8.026200e-01
285, 4.278733e-01, 7.651836e-01
286, 5.139261e-01, 7.651930e-01
287, 5.989286e-01, 7.650607e-01
288, 6.416179e-01, 7.654167e-01
289, 6.202060e-01, 8.019862e-01
290, 6.631259e-01, 8.024062e-01
291, 7.266588e-01, 7.652747e-01
292, 8.131281e-01, 7.657572e-01
293, 4.483514e-01, 8.024652e-01
294, 1.709281e-01, 8.392846e-01
295, 2.357409e-01, 8.028763e-01
296, 4.069555e-01, 8.030790e-01
297, 4.912427e-01, 8.018287e-01
298, 5.357334e-01, 8.019032e-01
299, 5.771667e-01, 8.024650e-01
300, 7.057232e-01, 8.028835e-01
301, 7.480274e-01, 8.027527e-01
302, 7.916788e-01, 8.033617e-01
303, 8.328719e-01, 8.027638e-01
304, 2.566103e-01, 8.396757e-01
305, 3.847430e-01, 8.408001e-01
306, 4.277126e-01, 8.393165e-01
307, 6.415308e-01, 8.404378e-01
308, 7.691962e-01, 8.396991e-01
309, 2.145171e-01, 8.398522e-01
310, 2.998901e-01, 8.398755e-01
311, 3.419445e-01, 8.398408e-01
312, 4.701082e-01, 8.400652e-01
313, 5.142883e-01, 8.412351e-01
314, 5.552048e-01, 8.407063e-01
315, 5.987068e-01, 8.389450e-01
316, 6.844745e-01, 8.395325e-01
317, 7.275526e-01, 8.399328e-01
318, 8.130266e-01, 8.392782e-01
319, 1.569396e-01, 1.500000e-01
320, 1.842310e-01, 1.500000e-01
321, 2.009005e-01, 1.500000e-01
322, 2.271733e-01, 1.500000e-01
323, 2.426796e-01, 1.500000e-01
324, 2.698476e-01, 1.500000e-01
325, 2.858957e-01, 1.500000e-01
326, 3.130084e-01, 1.500000e-01
327, 3.280819e-01, 1.500000e-01
328, 3.548636e-01, 1.500000e-01
329, 3.721672e-01, 1.500000e-01
330, 3.990222e-01, 1.500000e-01
331, 4.142404e-01, 1.500000e-01
332, 4.399531e-01, 1.500000e-01
333, 4.563558e-01, 1.500000e-01
334, 4.841065e-01, 1.500000e-01
335, 5.007073e-01, 1.500000e-01
336, 5.264336e-01, 1.500000e-01
337, 5.422127e-01, 1.500000e-01
338, 5.694756e-01, 1.500000e-01
339, 5.853207e-01, 1.500000e-01
340, 6.114025e-01, 1.500000e-01
341, 6.282435e-01, 1.500000e-01
342, 6.548519e-01, 1.500000e-01
343, 6.708742e-01, 1.500000e-01
344, 6.968011e-01, 1.500000e-01
345, 7.136142e-01, 1.500000e-01
346, 7.402018e-01, 1.500000e-01
347, 7.564585e-01, 1.500000e-01
348, 7.838248e-01, 1.500000e-01
349, 7.996117e-01, 1.500000e-01
350, 8.255139e-01, 1.500000e-01
351, 1.500000e-01, 1.726658e-01
352, 8.500000e-01, 1.726740e-01
353, 1.500000e-01, 2.094120e-01
354, 8.500000e-01, 1.809956e-01
355, 1.500000e-01, 2.106840e-01
356, 8.500000e-01, 2.098672e-01
357, 1.500000e-01, 2.119230e-01
358, 8.500000e-01, 2.391365e-01
359, 1.500000e-01, 2.472741e-01
360, 8.500000e-01, 2.468526e-01
361, 8.500000e-01, 2.544400e-01
362, 8.500000e-01, 2.840719e-01
363, 8.500000e-01, 3.113196e-01
364, 1.500000e-01, 3.208824e-01
365, 8.500000e-01, 3.210308e-01
366, 8.500000e-01, 3.314352e-01
367, 8.500000e-01, 3.592536e-01
368, 8.500000e-01, 3.867074e-01
369, 1.500000e-01, 3.952789e-01
370, 8.500000e-01, 3.951591e-01
371, 8.500000e-01, 4.039474e-01
372, 8.500000e-01, 4.323589e-01
373, 8.500000e-01, 4.587003e-01
374, 1.500000e-01, 4.686862e-01
375, 8.500000e-01, 4.693818e-01
376, 1.500000e-01, 5.046438e-01
377, 8.500000e-01, 4.795140e-01
378, 1.500000e-01, 5.062747e-01
379, 8.500000e-01, 5.052657e-01
380, 1.500000e-01, 5.079407e-01
381, 8.500000e-01, 5.341158e-01
382, 1.500000e-01, 5.435692e-01
383, 8.500000e-01, 5.435683e-01
384, 8.500000e-01, 5.534715e-01
385, 8.500000e-01, 5.807342e-01
386, 8.500000e-01, 6.073763e-01
387, 1.500000e-01, 6.174492e-01
388, 8.500000e-01, 6.168206e-01
389, 1.500000e-01, 6.542382e-01
390, 8.500000e-01, 6.268759e-01
391, 1.500000e-01, 6.543576e-01
392, 8.500000e-01, 6.550564e-01
393, 1.500000e-01, 6.544849e-01
394, 8.500000e-01, 6.810050e-01
395, 1.500000e-01, 6.919323e-01
396, 8.500000e-01, 6.914566e-01
397, 8.500000e-01, 7.014600e-01
398, 8.500000e-01, 7.278708e-01
399, 8.500000e-01, 7.567620e-01
400, 1.500000e-01, 7.657687e-01
401, 8.500000e-01, 7.659953e-01
402, 1.500000e-01, 8.017472e-01
403, 8.500000e-01, 7.742836e-01
404, 1.500000e-01, 8.018449e-01
405, 8.500000e-01, 8.030495e-01
406, 1.500000e-01, 8.019439e-01
407, 8.500000e-01, 8.306767e-01
408, 1.500000e-01, 8.396888e-01
409, 8.500000e-01, 8.395913e-01
410, 1.649754e-01, 8.500000e-01
411, 1.768376e-01, 8.500000e-01
412, 2.082369e-01, 8.500000e-01
413, 2.200766e-01, 8.500000e-01
414, 2.507571e-01, 8.500000e-01
415, 2.627847e-01, 8.500000e-01
416, 2.939424e-01, 8.500000e-01
417, 3.054270e-01, 8.500000e-01
418, 3.357631e-01, 8.500000e-01
419, 3.482133e-01, 8.500000e-01
420, 3.794347e-01, 8.500000e-01
421, 3.901831e-01, 8.500000e-01
422, 4.214563e-01, 8.500000e-01
423, 4.337673e-01, 8.500000e-01
424, 4.643914e-01, 8.500000e-01
425, 4.759775e-01, 8.500000e-01
426, 5.086586e-01, 8.500000e-01
427, 5.195704e-01, 8.500000e-01
428, 5.498927e-01, 8.500000e-01
429, 5.606107e-01, 8.500000e-01
430, 5.920684e-01, 8.500000e-01
431, 6.054078e-01, 8.500000e-01
432, 6.360268e-01, 8.500000e-01
433, 6.474618e-01, 8.500000e-01
434, 6.787710e-01, 8.500000e-01
435, 6.902494e-01, 8.500000e-01
436, 7.213925e-01, 8.500000e-01
437, 7.336687e-01, 8.500000e-01
438, 7.637362e-01, 8.500000e-01
439, 7.748824e-01, 8.500000e-01
440, 8.063957e-01, 8.500000e-01
441, 8.191257e-01, 8.500000e-01
442, 1.500335e-01, 2.846180e-01
443, 1.500127e-01, 3.579031e-01
444, 1.500155e-01, 4.324233e-01
445, 1.500519e-01, 5.800738e-01
446, 1.500782e-01, 7.278040e-01
