1, 1.610987e-01, 8.361185e-01
2, 1.613989e-01, 3.213401e-01
3, 1.615292e-01, 4.707318e-01
4, 1.615321e-01, 3.328097e-01
5, 1.615385e-01, 1.676319e-01
6, 1.617732e-01, 2.788460e-01
7, 1.619746e-01, 4.992262e-01
8, 1.619932e-01, 8.022316e-01
9, 1.620037e-01, 2.607311e-01
10, 1.621433e-01, 7.775528e-01
11, 1.621666e-01, 7.050852e-01
12, 1.622487e-01, 2.454386e-01
13, 1.623114e-01, 5.954000e-01
14, 1.623362e-01, 5.785143e-01
15, 1.624107e-01, 5.255636e-01
16, 1.624159e-01, 2.207402e-01
17, 1.624534e-01, 6.105300e-01
18, 1.624778e-01, 4.417382e-01
19, 1.624846e-01, 8.161300e-01
20, 1.627537e-01, 6.897898e-01
21, 1.628993e-01, 3.885109e-01
22, 1.630472e-01, 3.734611e-01
23, 1.632432e-01, 4.280976e-01
24, 1.632720e-01, 6.507067e-01
25, 1.633235e-01, 3.563975e-01
26, 1.633567e-01, 5.573100e-01
27, 1.633896e-01, 6.680447e-01
28, 1.634980e-01, 6.334238e-01
29, 1.636118e-01, 1.901275e-01
30, 1.636349e-01, 7.468411e-01
31, 1.643770e-01, 4.133863e-01
32, 1.643864e-01, 7.225391e-01
33, 1.644747e-01, 7.074168e-01
34, 1.651359e-01, 2.990288e-01
35, 1.654972e-01, 3.172087e-01
36, 1.785436e-01, 8.459900e-01
37, 1.801856e-01, 2.894049e-01
38, 1.809524e-01, 5.090917e-01
39, 1.811923e-01, 4.849395e-01
40, 1.817458e-01, 4.521255e-01
41, 1.817674e-01, 2.601148e-01
42, 1.824706e-01, 4.593062e-01
43, 1.825308e-01, 5.946903e-01
44, 1.826729e-01, 7.067059e-01
45, 1.827620e-01, 3.177459e-01
46, 1.828362e-01, 7.361590e-01
47, 1.828367e-01, 5.123044e-01
48, 1.828429e-01, 5.398864e-01
49, 1.829786e-01, 7.334114e-01
50, 1.831441e-01, 4.829602e-01
51, 1.832584e-01, 3.743445e-01
52, 1.833469e-01, 2.893725e-01
53, 1.835271e-01, 2.060924e-01
54, 1.839341e-01, 4.568610e-01
55, 1.845236e-01, 2.628443e-01
56, 1.852152e-01, 3.724301e-01
57, 1.855368e-01, 8.421563e-01
58, 1.870584e-01, 2.893936e-01
59, 2.017037e-01, 7.784059e-01
60, 2.018267e-01, 7.452834e-01
61, 2.018494e-01, 7.616329e-01
62, 2.019124e-01, 6.503418e-01
63, 2.019211e-01, 6.329558e-01
64, 2.021726e-01, 5.556088e-01
65, 2.022157e-01, 3.556083e-01
66, 2.023087e-01, 7.226746e-01
67, 2.024012e-01, 8.327719e-01
68, 2.024457e-01, 6.127716e-01
69, 2.026558e-01, 2.472386e-01
70, 2.028935e-01, 6.895102e-01
71, 2.029254e-01, 2.618668e-01
72, 2.029280e-01, 4.131675e-01
73, 2.030407e-01, 2.989867e-01
74, 2.031657e-01, 7.054654e-01
75, 2.031861e-01, 8.186210e-01
76, 2.031911e-01, 4.258950e-01
77, 2.032884e-01, 5.797540e-01
78, 2.033364e-01, 3.880772e-01
79, 2.034579e-01, 5.230498e-01
80, 2.035390e-01, 2.192761e-01
81, 2.036720e-01, 3.317482e-01
82, 2.037399e-01, 3.178933e-01
83, 2.039085e-01, 2.061461e-01
84, 2.041323e-01, 2.794984e-01
85, 2.042487e-01, 1.662620e-01
86, 2.045146e-01, 4.675137e-01
87, 2.046830e-01, 4.828023e-01
88, 2.048073e-01, 4.459807e-01
89, 2.048354e-01, 6.531591e-01
90, 2.050580e-01, 1.908534e-01
91, 2.052331e-01, 4.278358e-01
92, 2.052748e-01, 6.665956e-01
93, 2.058100e-01, 5.002859e-01
94, 2.058336e-01, 8.161861e-01
95, 2.060183e-01, 8.009181e-01
96, 2.190671e-01, 6.225631e-01
97, 2.197479e-01, 2.889482e-01
98, 2.198092e-01, 7.344450e-01
99, 2.213210e-01, 5.101904e-01
100, 2.214569e-01, 2.054284e-01
101, 2.216840e-01, 1.806307e-01
102, 2.219587e-01, 3.737697e-01
103, 2.225718e-01, 8.166717e-01
104, 2.228797e-01, 7.612938e-01
105, 2.230081e-01, 3.989317e-01
106, 2.232819e-01, 5.390019e-01
107, 2.235692e-01, 5.682139e-01
108, 2.235834e-01, 6.533010e-01
109, 2.235872e-01, 2.073966e-01
110, 2.240351e-01, 3.181268e-01
111, 2.241113e-01, 2.890900e-01
112, 2.242070e-01, 7.050724e-01
113, 2.243617e-01, 4.011174e-01
114, 2.245344e-01, 2.319142e-01
115, 2.245677e-01, 8.146185e-01
116, 2.245940e-01, 2.358619e-01
117, 2.254570e-01, 6.811927e-01
118, 2.261511e-01, 7.070331e-01
119, 2.262226e-01, 4.566646e-01
120, 2.271859e-01, 5.674302e-01
121, 2.403357e-01, 4.270150e-01
122, 2.404142e-01, 4.110515e-01
123, 2.411596e-01, 3.185623e-01
124, 2.412304e-01, 3.324201e-01
125, 2.418423e-01, 1.680740e-01
126, 2.423566e-01, 2.603309e-01
127, 2.426042e-01, 7.440555e-01
128, 2.427935e-01, 7.611579e-01
129, 2.428457e-01, 7.071258e-01
130, 2.428851e-01, 5.221741e-01
131, 2.428970e-01, 2.461741e-01
132, 2.430209e-01, 8.147057e-01
133, 2.430672e-01, 7.222668e-01
134, 2.430722e-01, 6.906281e-01
135, 2.434485e-01, 3.719342e-01
136, 2.434771e-01, 3.568344e-01
137, 2.435171e-01, 4.826790e-01
138, 2.435205e-01, 4.460197e-01
139, 2.435779e-01, 8.035865e-01
140, 2.435863e-01, 6.107036e-01
141, 2.436003e-01, 5.028565e-01
142, 2.437091e-01, 7.771437e-01
143, 2.438026e-01, 5.576722e-01
144, 2.438238e-01, 8.346993e-01
145, 2.438958e-01, 4.666991e-01
146, 2.439374e-01, 4.307368e-01
147, 2.439493e-01, 1.907796e-01
148, 2.439643e-01, 2.210523e-01
149, 2.439989e-01, 3.004130e-01
150, 2.441295e-01, 2.070138e-01
151, 2.442529e-01, 6.335142e-01
152, 2.442838e-01, 3.155876e-01
153, 2.443519e-01, 6.666276e-01
154, 2.444324e-01, 2.775605e-01
155, 2.450144e-01, 5.776499e-01
156, 2.452080e-01, 2.631724e-01
157, 2.458441e-01, 3.890938e-01
158, 2.463383e-01, 3.749415e-01
159, 2.611426e-01, 4.559527e-01
160, 2.614130e-01, 5.680360e-01
161, 2.618332e-01, 5.117585e-01
162, 2.622903e-01, 6.209068e-01
163, 2.627547e-01, 5.953152e-01
164, 2.628601e-01, 2.634211e-01
165, 2.635714e-01, 6.231787e-01
166, 2.635947e-01, 2.063530e-01
167, 2.636902e-01, 7.069875e-01
168, 2.640803e-01, 2.896796e-01
169, 2.642562e-01, 6.506944e-01
170, 2.643399e-01, 3.745932e-01
171, 2.645546e-01, 3.159802e-01
172, 2.647430e-01, 4.312731e-01
173, 2.650249e-01, 8.458337e-01
174, 2.653580e-01, 5.927957e-01
175, 2.654408e-01, 5.680767e-01
176, 2.656074e-01, 5.399554e-01
177, 2.660471e-01, 7.612698e-01
178, 2.664801e-01, 8.429229e-01
179, 2.665076e-01, 7.363686e-01
180, 2.670235e-01, 5.652182e-01
181, 2.670390e-01, 4.288705e-01
182, 2.671308e-01, 2.332147e-01
183, 2.675769e-01, 4.032128e-01
184, 2.697938e-01, 6.235461e-01
185, 2.819714e-01, 8.338614e-01
186, 2.825581e-01, 4.455393e-01
187, 2.825596e-01, 1.899625e-01
188, 2.828693e-01, 5.552933e-01
189, 2.830437e-01, 5.932072e-01
190, 2.830597e-01, 3.154497e-01
191, 2.830989e-01, 5.404247e-01
192, 2.832274e-01, 7.783286e-01
193, 2.832698e-01, 5.795002e-01
194, 2.833810e-01, 3.877250e-01
195, 2.834028e-01, 1.513758e-01
196, 2.835655e-01, 1.669904e-01
197, 2.836615e-01, 8.020171e-01
198, 2.837923e-01, 3.027327e-01
199, 2.839420e-01, 4.665528e-01
200, 2.839809e-01, 4.823414e-01
201, 2.840472e-01, 7.457623e-01
202, 2.840602e-01, 2.227574e-01
203, 2.841022e-01, 7.220037e-01
204, 2.841671e-01, 2.609425e-01
205, 2.842306e-01, 2.446081e-01
206, 2.844502e-01, 3.577400e-01
207, 2.844800e-01, 5.232388e-01
208, 2.845340e-01, 7.064817e-01
209, 2.846913e-01, 3.345603e-01
210, 2.847173e-01, 6.909216e-01
211, 2.848180e-01, 4.122637e-01
212, 2.849137e-01, 3.173592e-01
213, 2.852071e-01, 6.661105e-01
214, 2.852210e-01, 5.383160e-01
215, 2.852887e-01, 5.954509e-01
216, 2.852935e-01, 6.508952e-01
217, 2.852976e-01, 6.138077e-01
218, 2.856674e-01, 6.332769e-01
219, 2.859982e-01, 2.786803e-01
220, 2.862757e-01, 2.629164e-01
221, 2.870077e-01, 5.002343e-01
222, 2.871098e-01, 4.854781e-01
223, 3.009423e-01, 4.565055e-01
224, 3.022111e-01, 7.060397e-01
225, 3.026449e-01, 6.819057e-01
226, 3.031037e-01, 2.622332e-01
227, 3.042079e-01, 4.854781e-01
228, 3.043636e-01, 5.697350e-01
229, 3.045209e-01, 2.900265e-01
230, 3.045515e-01, 3.730178e-01
231, 3.051756e-01, 4.277476e-01
232, 3.051991e-01, 6.775811e-01
233, 3.053125e-01, 5.946951e-01
234, 3.055050e-01, 7.602384e-01
235, 3.057486e-01, 8.154030e-01
236, 3.057724e-01, 3.179038e-01
237, 3.058264e-01, 8.480224e-01
238, 3.058661e-01, 5.672018e-01
239, 3.067385e-01, 8.420680e-01
240, 3.067799e-01, 6.211573e-01
241, 3.069686e-01, 3.410022e-01
242, 3.073260e-01, 7.849861e-01
243, 3.080826e-01, 8.177382e-01
244, 3.090187e-01, 2.330333e-01
245, 3.094579e-01, 6.775499e-01
246, 3.230421e-01, 7.446787e-01
247, 3.232863e-01, 1.680916e-01
248, 3.233407e-01, 7.765982e-01
249, 3.235413e-01, 7.612479e-01
250, 3.239334e-01, 2.614210e-01
251, 3.239953e-01, 5.391396e-01
252, 3.240254e-01, 2.065361e-01
253, 3.242281e-01, 3.903025e-01
254, 3.242632e-01, 6.357795e-01
255, 3.242692e-01, 2.425733e-01
256, 3.242835e-01, 6.497847e-01
257, 3.243696e-01, 5.225423e-01
258, 3.244250e-01, 4.262916e-01
259, 3.245287e-01, 1.882461e-01
260, 3.246815e-01, 4.125019e-01
261, 3.247341e-01, 3.319050e-01
262, 3.247845e-01, 4.857484e-01
263, 3.248364e-01, 6.105067e-01
264, 3.249890e-01, 5.777236e-01
265, 3.250514e-01, 3.573887e-01
266, 3.250727e-01, 3.009742e-01
267, 3.250963e-01, 3.181534e-01
268, 3.252216e-01, 8.315822e-01
269, 3.252301e-01, 7.221020e-01
270, 3.252378e-01, 5.951913e-01
271, 3.253543e-01, 5.557019e-01
272, 3.255786e-01, 6.683114e-01
273, 3.257347e-01, 5.001888e-01
274, 3.259202e-01, 4.448388e-01
275, 3.261213e-01, 2.763561e-01
276, 3.261597e-01, 8.037034e-01
277, 3.264229e-01, 4.282561e-01
278, 3.265579e-01, 4.672175e-01
279, 3.266162e-01, 2.642778e-01
280, 3.269476e-01, 4.835931e-01
281, 3.270211e-01, 6.882177e-01
282, 3.270465e-01, 2.213927e-01
283, 3.274657e-01, 2.101053e-01
284, 3.418687e-01, 1.784431e-01
285, 3.433877e-01, 5.663062e-01
286, 3.439295e-01, 4.278762e-01
287, 3.440445e-01, 7.064091e-01
288, 3.441413e-01, 2.092728e-01
289, 3.444132e-01, 7.918961e-01
290, 3.445991e-01, 6.200037e-01
291, 3.446959e-01, 5.966223e-01
292, 3.448718e-01, 8.172337e-01
293, 3.452128e-01, 4.840925e-01
294, 3.457258e-01, 4.297139e-01
295, 3.457654e-01, 6.503937e-01
296, 3.460823e-01, 5.403432e-01
297, 3.461958e-01, 2.072224e-01
298, 3.463805e-01, 6.230265e-01
299, 3.464989e-01, 5.676829e-01
300, 3.466344e-01, 3.725676e-01
301, 3.468406e-01, 8.191913e-01
302, 3.473178e-01, 5.137638e-01
303, 3.490247e-01, 7.334585e-01
304, 3.490407e-01, 5.676881e-01
305, 3.626793e-01, 8.331291e-01
306, 3.627817e-01, 8.195655e-01
307, 3.643019e-01, 2.785244e-01
308, 3.649525e-01, 5.950550e-01
309, 3.651303e-01, 5.769178e-01
310, 3.652551e-01, 1.519378e-01
311, 3.652825e-01, 4.440935e-01
312, 3.653282e-01, 3.890455e-01
313, 3.655388e-01, 4.293722e-01
314, 3.655642e-01, 4.126084e-01
315, 3.657758e-01, 6.123662e-01
316, 3.658242e-01, 2.229533e-01
317, 3.659173e-01, 5.003136e-01
318, 3.660028e-01, 2.997496e-01
319, 3.660551e-01, 3.320166e-01
320, 3.660763e-01, 5.401514e-01
321, 3.660765e-01, 2.077743e-01
322, 3.661421e-01, 2.436180e-01
323, 3.661949e-01, 6.667803e-01
324, 3.662254e-01, 4.845423e-01
325, 3.662398e-01, 6.892385e-01
326, 3.662970e-01, 7.775686e-01
327, 3.664564e-01, 3.564009e-01
328, 3.665145e-01, 8.002334e-01
329, 3.665428e-01, 1.655193e-01
330, 3.665618e-01, 4.691709e-01
331, 3.668499e-01, 8.158918e-01
332, 3.669361e-01, 7.233108e-01
333, 3.670142e-01, 5.555151e-01
334, 3.671097e-01, 6.340162e-01
335, 3.671788e-01, 1.887307e-01
336, 3.672721e-01, 5.244819e-01
337, 3.678623e-01, 7.433572e-01
338, 3.833738e-01, 7.344194e-01
339, 3.839860e-01, 2.075276e-01
340, 3.844555e-01, 1.749780e-01
341, 3.845235e-01, 4.297150e-01
342, 3.848295e-01, 7.073857e-01
343, 3.849182e-01, 2.621949e-01
344, 3.850063e-01, 4.580777e-01
345, 3.850556e-01, 3.163153e-01
346, 3.856063e-01, 4.836913e-01
347, 3.856927e-01, 3.448248e-01
348, 3.860630e-01, 6.785890e-01
349, 3.861883e-01, 1.780029e-01
350, 3.862124e-01, 7.343997e-01
351, 3.865293e-01, 6.496652e-01
352, 3.869762e-01, 4.272709e-01
353, 3.870265e-01, 7.613870e-01
354, 3.870584e-01, 2.641856e-01
355, 3.871589e-01, 7.050585e-01
356, 3.872519e-01, 2.043475e-01
357, 3.878377e-01, 2.875308e-01
358, 3.882659e-01, 5.947709e-01
359, 3.882704e-01, 5.692859e-01
360, 3.883762e-01, 7.914384e-01
361, 3.884706e-01, 6.217641e-01
362, 3.888190e-01, 8.413840e-01
363, 3.894513e-01, 2.333464e-01
364, 4.039772e-01, 5.773058e-01
365, 4.041307e-01, 5.949336e-01
366, 4.047777e-01, 8.185839e-01
367, 4.047943e-01, 7.777985e-01
368, 4.048303e-01, 4.128010e-01
369, 4.049162e-01, 4.272800e-01
370, 4.050084e-01, 4.840685e-01
371, 4.050560e-01, 6.506459e-01
372, 4.051508e-01, 8.323583e-01
373, 4.051558e-01, 6.676779e-01
374, 4.054776e-01, 5.014544e-01
375, 4.054886e-01, 2.051229e-01
376, 4.058432e-01, 2.763299e-01
377, 4.060042e-01, 2.641395e-01
378, 4.062097e-01, 1.886317e-01
379, 4.062118e-01, 3.324408e-01
380, 4.063429e-01, 6.897648e-01
381, 4.063775e-01, 4.660041e-01
382, 4.068424e-01, 7.470551e-01
383, 4.069022e-01, 3.023445e-01
384, 4.069825e-01, 7.218520e-01
385, 4.070162e-01, 6.488098e-01
386, 4.070588e-01, 6.346865e-01
387, 4.071051e-01, 4.295164e-01
388, 4.072037e-01, 5.979699e-01
389, 4.072709e-01, 4.437337e-01
390, 4.072927e-01, 5.243427e-01
391, 4.073917e-01, 6.108989e-01
392, 4.075696e-01, 8.017726e-01
393, 4.076737e-01, 2.456588e-01
394, 4.077259e-01, 3.724907e-01
395, 4.078503e-01, 2.621889e-01
396, 4.080864e-01, 8.151343e-01
397, 4.081926e-01, 3.587645e-01
398, 4.083217e-01, 3.890145e-01
399, 4.085372e-01, 2.217496e-01
400, 4.085394e-01, 5.575908e-01
401, 4.085964e-01, 1.670183e-01
402, 4.090080e-01, 2.086861e-01
403, 4.216133e-01, 5.666173e-01
404, 4.242772e-01, 6.786581e-01
405, 4.258534e-01, 7.376061e-01
406, 4.259249e-01, 1.537728e-01
407, 4.260012e-01, 1.768983e-01
408, 4.264463e-01, 3.486924e-01
409, 4.266000e-01, 5.668323e-01
410, 4.266471e-01, 2.082797e-01
411, 4.268023e-01, 7.602232e-01
412, 4.270478e-01, 2.321931e-01
413, 4.272079e-01, 1.794006e-01
414, 4.273267e-01, 2.608750e-01
415, 4.273868e-01, 6.786243e-01
416, 4.274409e-01, 7.063923e-01
417, 4.279091e-01, 3.449276e-01
418, 4.286161e-01, 7.305540e-01
419, 4.294063e-01, 5.668553e-01
420, 4.298196e-01, 4.005467e-01
421, 4.298978e-01, 6.790571e-01
422, 4.307477e-01, 3.455628e-01
423, 4.437648e-01, 2.226391e-01
424, 4.443658e-01, 2.079222e-01
425, 4.446205e-01, 6.484152e-01
426, 4.449110e-01, 4.297001e-01
427, 4.449820e-01, 5.217468e-01
428, 4.450128e-01, 6.349153e-01
429, 4.451400e-01, 4.445762e-01
430, 4.454218e-01, 5.384260e-01
431, 4.455471e-01, 1.652313e-01
432, 4.459179e-01, 2.467333e-01
433, 4.459458e-01, 6.882843e-01
434, 4.461991e-01, 8.163971e-01
435, 4.462866e-01, 7.051293e-01
436, 4.464046e-01, 7.473853e-01
437, 4.464087e-01, 8.034687e-01
438, 4.465684e-01, 8.333760e-01
439, 4.466603e-01, 2.058398e-01
440, 4.466782e-01, 5.945056e-01
441, 4.468055e-01, 1.903938e-01
442, 4.470688e-01, 7.611237e-01
443, 4.470908e-01, 3.173488e-01
444, 4.471043e-01, 4.276263e-01
445, 4.471355e-01, 6.129836e-01
446, 4.472509e-01, 5.551541e-01
447, 4.472623e-01, 7.770747e-01
448, 4.473236e-01, 3.001543e-01
449, 4.473472e-01, 3.707744e-01
450, 4.474230e-01, 5.404823e-01
451, 4.474486e-01, 5.787786e-01
452, 4.475227e-01, 7.197738e-01
453, 4.475390e-01, 2.782488e-01
454, 4.477823e-01, 3.354077e-01
455, 4.478895e-01, 3.555897e-01
456, 4.480259e-01, 4.105411e-01
457, 4.480528e-01, 4.842575e-01
458, 4.481071e-01, 7.069352e-01
459, 4.482858e-01, 6.682714e-01
460, 4.484425e-01, 4.999744e-01
461, 4.487893e-01, 4.683535e-01
462, 4.490569e-01, 6.527884e-01
463, 4.491767e-01, 3.901589e-01
464, 4.495146e-01, 3.730310e-01
465, 4.640853e-01, 4.828525e-01
466, 4.642062e-01, 6.776737e-01
467, 4.643421e-01, 4.602745e-01
468, 4.644399e-01, 4.005148e-01
469, 4.650637e-01, 6.226620e-01
470, 4.660686e-01, 4.574190e-01
471, 4.662377e-01, 2.639523e-01
472, 4.666126e-01, 6.528048e-01
473, 4.672348e-01, 4.277440e-01
474, 4.672808e-01, 4.861075e-01
475, 4.675489e-01, 3.177147e-01
476, 4.676314e-01, 5.409144e-01
477, 4.676390e-01, 8.163155e-01
478, 4.677174e-01, 7.611256e-01
479, 4.677902e-01, 6.226620e-01
480, 4.679091e-01, 7.314919e-01
481, 4.680511e-01, 2.621008e-01
482, 4.681598e-01, 7.353425e-01
483, 4.684876e-01, 4.559975e-01
484, 4.687577e-01, 5.685159e-01
485, 4.687794e-01, 5.656756e-01
486, 4.694592e-01, 6.257059e-01
487, 4.697115e-01, 6.195246e-01
488, 4.697375e-01, 6.810951e-01
489, 4.698782e-01, 4.251221e-01
490, 4.699371e-01, 7.385486e-01
491, 4.702114e-01, 6.490599e-01
492, 4.712332e-01, 1.788220e-01
493, 4.728151e-01, 4.558898e-01
494, 4.859708e-01, 4.252079e-01
495, 4.866446e-01, 4.115276e-01
496, 4.867873e-01, 5.555741e-01
497, 4.870678e-01, 6.658910e-01
498, 4.873221e-01, 3.723512e-01
499, 4.873226e-01, 5.419472e-01
500, 4.873609e-01, 2.619870e-01
501, 4.873833e-01, 3.316564e-01
502, 4.876702e-01, 6.898299e-01
503, 4.877022e-01, 3.180599e-01
504, 4.877142e-01, 6.099367e-01
505, 4.877533e-01, 2.437453e-01
506, 4.877852e-01, 3.583188e-01
507, 4.879309e-01, 3.900201e-01
508, 4.879656e-01, 7.476061e-01
509, 4.881518e-01, 7.056038e-01
510, 4.884001e-01, 5.957188e-01
511, 4.885276e-01, 6.370668e-01
512, 4.887660e-01, 2.788311e-01
513, 4.887985e-01, 5.785891e-01
514, 4.888023e-01, 8.016989e-01
515, 4.888023e-01, 3.022409e-01
516, 4.888337e-01, 4.472499e-01
517, 4.890347e-01, 7.202026e-01
518, 4.891635e-01, 4.283909e-01
519, 4.891732e-01, 8.167130e-01
520, 4.892555e-01, 5.247446e-01
521, 4.893205e-01, 1.683203e-01
522, 4.893542e-01, 2.052846e-01
523, 4.893901e-01, 5.004583e-01
524, 4.894444e-01, 7.790804e-01
525, 4.894920e-01, 2.641619e-01
526, 4.895175e-01, 8.330219e-01
527, 4.896169e-01, 3.161442e-01
528, 4.897761e-01, 1.901330e-01
529, 4.898143e-01, 5.393255e-01
530, 4.898509e-01, 4.860081e-01
531, 4.900336e-01, 2.234397e-01
532, 4.905552e-01, 4.655595e-01
533, 5.052530e-01, 4.010287e-01
534, 5.067956e-01, 6.207883e-01
535, 5.069990e-01, 7.921233e-01
536, 5.070844e-01, 7.309602e-01
537, 5.071422e-01, 2.063841e-01
538, 5.072575e-01, 8.168699e-01
539, 5.072624e-01, 6.493340e-01
540, 5.074328e-01, 7.364879e-01
541, 5.076600e-01, 2.898928e-01
542, 5.077313e-01, 4.274727e-01
543, 5.088585e-01, 7.340761e-01
544, 5.091608e-01, 4.011249e-01
545, 5.094022e-01, 2.879646e-01
546, 5.106349e-01, 5.123839e-01
547, 5.125189e-01, 5.675040e-01
548, 5.266234e-01, 3.902487e-01
549, 5.268327e-01, 2.230939e-01
550, 5.271541e-01, 2.633243e-01
551, 5.274869e-01, 6.897651e-01
552, 5.275585e-01, 7.052884e-01
553, 5.276833e-01, 7.608977e-01
554, 5.277029e-01, 2.773519e-01
555, 5.277663e-01, 7.461134e-01
556, 5.277794e-01, 7.780034e-01
557, 5.282025e-01, 8.010507e-01
558, 5.282131e-01, 1.909910e-01
559, 5.282313e-01, 8.176624e-01
560, 5.283722e-01, 3.013269e-01
561, 5.284806e-01, 5.389470e-01
562, 5.286642e-01, 4.121700e-01
563, 5.286685e-01, 8.315014e-01
564, 5.287953e-01, 6.342916e-01
565, 5.288514e-01, 3.169102e-01
566, 5.288804e-01, 6.664758e-01
567, 5.289439e-01, 6.119463e-01
568, 5.289558e-01, 1.664940e-01
569, 5.289727e-01, 4.272365e-01
570, 5.290096e-01, 5.568099e-01
571, 5.291287e-01, 6.504707e-01
572, 5.291410e-01, 5.223679e-01
573, 5.291632e-01, 5.939273e-01
574, 5.293946e-01, 3.565668e-01
575, 5.296671e-01, 5.024242e-01
576, 5.297951e-01, 5.781450e-01
577, 5.298229e-01, 3.346663e-01
578, 5.298691e-01, 7.210335e-01
579, 5.299080e-01, 7.075711e-01
580, 5.299458e-01, 2.451175e-01
581, 5.299610e-01, 4.441660e-01
582, 5.300141e-01, 4.693686e-01
583, 5.300793e-01, 2.604517e-01
584, 5.449771e-01, 5.116692e-01
585, 5.474235e-01, 4.286980e-01
586, 5.476684e-01, 4.530197e-01
587, 5.478005e-01, 4.024431e-01
588, 5.482688e-01, 7.070420e-01
589, 5.482901e-01, 6.499692e-01
590, 5.483174e-01, 4.824935e-01
591, 5.485145e-01, 8.176099e-01
592, 5.486224e-01, 2.055998e-01
593, 5.489445e-01, 3.707321e-01
594, 5.491585e-01, 7.617887e-01
595, 5.495564e-01, 5.404965e-01
596, 5.497816e-01, 5.938623e-01
597, 5.506803e-01, 4.850858e-01
598, 5.507231e-01, 2.076283e-01
599, 5.508729e-01, 3.726325e-01
600, 5.516423e-01, 2.294156e-01
601, 5.520275e-01, 3.999328e-01
602, 5.675564e-01, 4.656764e-01
603, 5.676432e-01, 1.911680e-01
604, 5.678623e-01, 3.193047e-01
605, 5.678738e-01, 4.995755e-01
606, 5.680066e-01, 6.351323e-01
607, 5.680495e-01, 3.728695e-01
608, 5.680799e-01, 2.070656e-01
609, 5.681481e-01, 3.327443e-01
610, 5.682183e-01, 4.851212e-01
611, 5.682587e-01, 2.600928e-01
612, 5.682836e-01, 5.402167e-01
613, 5.682990e-01, 5.558030e-01
614, 5.683326e-01, 6.888803e-01
615, 5.684022e-01, 5.931642e-01
616, 5.685786e-01, 6.674854e-01
617, 5.686441e-01, 8.322634e-01
618, 5.686462e-01, 3.568337e-01
619, 5.686933e-01, 2.192479e-01
620, 5.687546e-01, 5.242949e-01
621, 5.687597e-01, 3.008787e-01
622, 5.688918e-01, 2.458379e-01
623, 5.689441e-01, 5.785464e-01
624, 5.690285e-01, 7.606866e-01
625, 5.690359e-01, 3.903887e-01
626, 5.691129e-01, 7.460409e-01
627, 5.696603e-01, 7.795097e-01
628, 5.696943e-01, 3.173231e-01
629, 5.698003e-01, 8.001809e-01
630, 5.698454e-01, 1.666780e-01
631, 5.699579e-01, 7.209067e-01
632, 5.701347e-01, 4.106245e-01
633, 5.701472e-01, 2.788381e-01
634, 5.707577e-01, 4.287251e-01
635, 5.710160e-01, 4.436603e-01
636, 5.712237e-01, 6.119736e-01
637, 5.712320e-01, 5.959126e-01
638, 5.715812e-01, 2.637518e-01
639, 5.862752e-01, 6.774322e-01
640, 5.867707e-01, 2.895551e-01
641, 5.878228e-01, 7.312079e-01
642, 5.882119e-01, 8.453576e-01
643, 5.883021e-01, 7.618324e-01
644, 5.885403e-01, 4.856101e-01
645, 5.886773e-01, 2.305808e-01
646, 5.887482e-01, 2.646465e-01
647, 5.889295e-01, 7.350317e-01
648, 5.890128e-01, 4.293346e-01
649, 5.890372e-01, 7.084482e-01
650, 5.891963e-01, 8.167137e-01
651, 5.892566e-01, 5.676312e-01
652, 5.896508e-01, 5.388646e-01
653, 5.896778e-01, 3.172945e-01
654, 5.897956e-01, 5.960599e-01
655, 5.898397e-01, 2.070525e-01
656, 5.900366e-01, 2.331040e-01
657, 5.901328e-01, 3.736504e-01
658, 5.905197e-01, 6.772863e-01
659, 5.905580e-01, 7.641142e-01
660, 5.906318e-01, 8.423258e-01
661, 5.906546e-01, 6.512382e-01
662, 5.908675e-01, 7.870398e-01
663, 5.913720e-01, 4.826925e-01
664, 5.914501e-01, 7.340733e-01
665, 5.915758e-01, 7.062355e-01
666, 5.917475e-01, 6.241726e-01
667, 5.918557e-01, 4.576624e-01
668, 5.922281e-01, 5.673351e-01
669, 5.925911e-01, 6.807879e-01
670, 5.926687e-01, 2.345782e-01
671, 5.927108e-01, 2.610591e-01
672, 6.082617e-01, 2.611446e-01
673, 6.083752e-01, 2.455102e-01
674, 6.084061e-01, 5.029534e-01
675, 6.087242e-01, 7.644579e-01
676, 6.088305e-01, 8.327310e-01
677, 6.090028e-01, 7.066458e-01
678, 6.090316e-01, 8.169464e-01
679, 6.090336e-01, 7.231527e-01
680, 6.090630e-01, 2.247620e-01
681, 6.091107e-01, 8.023827e-01
682, 6.091382e-01, 7.765507e-01
683, 6.093431e-01, 5.769096e-01
684, 6.093790e-01, 6.339066e-01
685, 6.094841e-01, 6.903064e-01
686, 6.095362e-01, 4.678296e-01
687, 6.095448e-01, 2.990877e-01
688, 6.095890e-01, 5.568436e-01
689, 6.097703e-01, 4.438758e-01
690, 6.098535e-01, 1.668789e-01
691, 6.099293e-01, 1.913478e-01
692, 6.099361e-01, 3.741239e-01
693, 6.099470e-01, 5.394661e-01
694, 6.099782e-01, 6.505276e-01
695, 6.100983e-01, 3.878307e-01
696, 6.101178e-01, 2.778806e-01
697, 6.101367e-01, 6.108765e-01
698, 6.102474e-01, 6.659589e-01
699, 6.102822e-01, 2.632577e-01
700, 6.103055e-01, 3.328108e-01
701, 6.104874e-01, 5.222267e-01
702, 6.107902e-01, 7.447635e-01
703, 6.110898e-01, 7.620388e-01
704, 6.112094e-01, 4.131150e-01
705, 6.113775e-01, 3.552579e-01
706, 6.271957e-01, 2.350819e-01
707, 6.274008e-01, 2.889763e-01
708, 6.276242e-01, 5.125677e-01
709, 6.277810e-01, 7.348671e-01
710, 6.283110e-01, 8.169475e-01
711, 6.283215e-01, 4.276075e-01
712, 6.284051e-01, 3.440428e-01
713, 6.288154e-01, 6.503618e-01
714, 6.290184e-01, 3.197256e-01
715, 6.290706e-01, 4.823801e-01
716, 6.296375e-01, 3.991469e-01
717, 6.296616e-01, 4.021760e-01
718, 6.296691e-01, 6.222892e-01
719, 6.296753e-01, 3.733262e-01
720, 6.301806e-01, 7.057686e-01
721, 6.303552e-01, 2.618004e-01
722, 6.304087e-01, 8.147777e-01
723, 6.304237e-01, 7.613224e-01
724, 6.304885e-01, 3.474084e-01
725, 6.306935e-01, 6.523238e-01
726, 6.308000e-01, 5.962947e-01
727, 6.309051e-01, 3.177854e-01
728, 6.311335e-01, 4.845906e-01
729, 6.313348e-01, 5.389104e-01
730, 6.314391e-01, 2.059788e-01
731, 6.315075e-01, 2.864509e-01
732, 6.327420e-01, 4.556009e-01
733, 6.486302e-01, 7.427058e-01
734, 6.488659e-01, 5.964730e-01
735, 6.490013e-01, 7.616389e-01
736, 6.490214e-01, 6.128224e-01
737, 6.491598e-01, 2.053744e-01
738, 6.499013e-01, 3.170888e-01
739, 6.499407e-01, 1.898129e-01
740, 6.501017e-01, 3.734881e-01
741, 6.504297e-01, 5.393746e-01
742, 6.505606e-01, 3.876171e-01
743, 6.505910e-01, 7.237132e-01
744, 6.506392e-01, 3.332187e-01
745, 6.507068e-01, 5.233188e-01
746, 6.507669e-01, 2.443058e-01
747, 6.507703e-01, 3.017992e-01
748, 6.508046e-01, 8.019161e-01
749, 6.508135e-01, 2.760862e-01
750, 6.509283e-01, 2.623053e-01
751, 6.509331e-01, 5.544841e-01
752, 6.509911e-01, 4.141916e-01
753, 6.511366e-01, 1.678575e-01
754, 6.511582e-01, 2.223705e-01
755, 6.512910e-01, 2.074957e-01
756, 6.512930e-01, 8.140957e-01
757, 6.513020e-01, 5.014561e-01
758, 6.514286e-01, 1.535452e-01
759, 6.514553e-01, 7.774338e-01
760, 6.514602e-01, 6.914746e-01
761, 6.514751e-01, 7.642167e-01
762, 6.515417e-01, 4.270408e-01
763, 6.516279e-01, 6.658607e-01
764, 6.516866e-01, 5.938179e-01
765, 6.518643e-01, 4.662025e-01
766, 6.519384e-01, 4.848843e-01
767, 6.521529e-01, 4.446823e-01
768, 6.522581e-01, 3.713162e-01
769, 6.524523e-01, 5.787617e-01
770, 6.527643e-01, 3.589286e-01
771, 6.532793e-01, 6.345941e-01
772, 6.536003e-01, 8.348366e-01
773, 6.540871e-01, 8.168495e-01
774, 6.649150e-01, 7.324372e-01
775, 6.686114e-01, 6.760205e-01
776, 6.688211e-01, 6.497509e-01
777, 6.692557e-01, 6.249449e-01
778, 6.693415e-01, 4.280405e-01
779, 6.696777e-01, 5.399250e-01
780, 6.698545e-01, 5.647412e-01
781, 6.700091e-01, 4.550152e-01
782, 6.701545e-01, 7.652027e-01
783, 6.704205e-01, 7.877035e-01
784, 6.706926e-01, 1.788685e-01
785, 6.708053e-01, 2.630553e-01
786, 6.714294e-01, 5.936427e-01
787, 6.718122e-01, 1.523877e-01
788, 6.720987e-01, 3.712737e-01
789, 6.723215e-01, 3.186334e-01
790, 6.724211e-01, 4.564355e-01
791, 6.724413e-01, 6.231126e-01
792, 6.728294e-01, 1.761173e-01
793, 6.728437e-01, 2.339081e-01
794, 6.737349e-01, 7.354087e-01
795, 6.745409e-01, 7.608032e-01
796, 6.753982e-01, 6.795289e-01
797, 6.893900e-01, 5.935128e-01
798, 6.896814e-01, 7.601720e-01
799, 6.900784e-01, 7.460072e-01
800, 6.901201e-01, 1.668268e-01
801, 6.905584e-01, 5.792880e-01
802, 6.906527e-01, 7.066382e-01
803, 6.906851e-01, 4.673223e-01
804, 6.908139e-01, 7.214860e-01
805, 6.910242e-01, 3.330980e-01
806, 6.910580e-01, 3.193571e-01
807, 6.911106e-01, 4.140402e-01
808, 6.913790e-01, 8.161697e-01
809, 6.913822e-01, 3.561336e-01
810, 6.915021e-01, 4.266896e-01
811, 6.916204e-01, 5.400381e-01
812, 6.916259e-01, 8.027577e-01
813, 6.916439e-01, 6.122360e-01
814, 6.917155e-01, 5.546073e-01
815, 6.917281e-01, 3.718314e-01
816, 6.917367e-01, 6.887752e-01
817, 6.918307e-01, 2.059988e-01
818, 6.918721e-01, 5.960955e-01
819, 6.919571e-01, 2.218733e-01
820, 6.920457e-01, 5.237194e-01
821, 6.921772e-01, 6.488541e-01
822, 6.922291e-01, 4.997254e-01
823, 6.923003e-01, 6.333580e-01
824, 6.924267e-01, 2.627931e-01
825, 6.924954e-01, 1.893399e-01
826, 6.925508e-01, 2.446266e-01
827, 6.927232e-01, 3.009608e-01
828, 6.928026e-01, 7.769651e-01
829, 6.928440e-01, 6.688162e-01
830, 6.928939e-01, 7.634086e-01
831, 6.929408e-01, 2.771624e-01
832, 6.929914e-01, 3.896228e-01
833, 6.930175e-01, 8.339202e-01
834, 6.930235e-01, 3.174122e-01
835, 6.933067e-01, 4.451573e-01
836, 6.938659e-01, 4.290488e-01
837, 7.084989e-01, 5.082639e-01
838, 7.088188e-01, 2.635100e-01
839, 7.092334e-01, 2.865808e-01
840, 7.093474e-01, 4.849009e-01
841, 7.094275e-01, 7.930395e-01
842, 7.096264e-01, 4.286914e-01
843, 7.097500e-01, 6.796214e-01
844, 7.100780e-01, 4.022829e-01
845, 7.104177e-01, 2.062187e-01
846, 7.109091e-01, 6.491806e-01
847, 7.109690e-01, 5.129421e-01
848, 7.111397e-01, 3.177846e-01
849, 7.117635e-01, 7.328223e-01
850, 7.122028e-01, 7.628249e-01
851, 7.124275e-01, 2.599421e-01
852, 7.128829e-01, 1.769518e-01
853, 7.131500e-01, 6.787454e-01
854, 7.137697e-01, 5.679166e-01
855, 7.138364e-01, 4.806183e-01
856, 7.146855e-01, 6.234634e-01
857, 7.155545e-01, 3.444483e-01
858, 7.296412e-01, 8.172106e-01
859, 7.298189e-01, 3.181570e-01
860, 7.300953e-01, 8.341071e-01
861, 7.301986e-01, 6.508823e-01
862, 7.305761e-01, 3.358235e-01
863, 7.307935e-01, 6.328793e-01
864, 7.308505e-01, 7.630727e-01
865, 7.309489e-01, 4.469133e-01
866, 7.311370e-01, 2.242673e-01
867, 7.311980e-01, 4.818501e-01
868, 7.313802e-01, 7.777592e-01
869, 7.315027e-01, 6.680125e-01
870, 7.316895e-01, 3.162454e-01
871, 7.316933e-01, 5.249045e-01
872, 7.318729e-01, 7.457103e-01
873, 7.319331e-01, 4.283898e-01
874, 7.320206e-01, 8.148721e-01
875, 7.320743e-01, 7.997022e-01
876, 7.321465e-01, 4.666975e-01
877, 7.321599e-01, 5.373605e-01
878, 7.321998e-01, 1.645479e-01
879, 7.322890e-01, 3.003250e-01
880, 7.323085e-01, 5.570661e-01
881, 7.323849e-01, 1.896917e-01
882, 7.325899e-01, 7.214596e-01
883, 7.326442e-01, 7.076460e-01
884, 7.329275e-01, 4.837293e-01
885, 7.329717e-01, 4.995522e-01
886, 7.330447e-01, 2.456511e-01
887, 7.330653e-01, 5.798417e-01
888, 7.331417e-01, 6.907592e-01
889, 7.331954e-01, 4.124650e-01
890, 7.333212e-01, 3.736028e-01
891, 7.335174e-01, 3.552383e-01
892, 7.336422e-01, 3.876743e-01
893, 7.336739e-01, 6.130816e-01
894, 7.346160e-01, 2.788528e-01
895, 7.481483e-01, 3.461110e-01
896, 7.482536e-01, 4.571538e-01
897, 7.490699e-01, 8.450650e-01
898, 7.495222e-01, 2.612164e-01
899, 7.501120e-01, 5.711983e-01
900, 7.507265e-01, 1.805587e-01
901, 7.508342e-01, 4.571032e-01
902, 7.508652e-01, 3.969301e-01
903, 7.509018e-01, 7.893922e-01
904, 7.509654e-01, 1.755477e-01
905, 7.509961e-01, 5.940015e-01
906, 7.510815e-01, 5.390377e-01
907, 7.513695e-01, 3.733679e-01
908, 7.516360e-01, 2.634603e-01
909, 7.518874e-01, 7.068414e-01
910, 7.522752e-01, 1.779749e-01
911, 7.522884e-01, 6.248094e-01
912, 7.526294e-01, 3.153138e-01
913, 7.526310e-01, 4.290652e-01
914, 7.528014e-01, 4.010771e-01
915, 7.532596e-01, 4.556600e-01
916, 7.534491e-01, 7.287299e-01
917, 7.534898e-01, 5.414711e-01
918, 7.537091e-01, 7.908404e-01
919, 7.543128e-01, 2.893764e-01
920, 7.547329e-01, 3.173458e-01
921, 7.704669e-01, 6.699013e-01
922, 7.705911e-01, 6.507759e-01
923, 7.708229e-01, 2.793863e-01
924, 7.709908e-01, 7.478620e-01
925, 7.713026e-01, 4.451782e-01
926, 7.714902e-01, 2.635699e-01
927, 7.715799e-01, 3.746610e-01
928, 7.716527e-01, 4.109876e-01
929, 7.716998e-01, 3.885092e-01
930, 7.718678e-01, 2.065150e-01
931, 7.720882e-01, 3.009458e-01
932, 7.720883e-01, 2.227356e-01
933, 7.722169e-01, 4.674366e-01
934, 7.722221e-01, 8.008154e-01
935, 7.722920e-01, 3.326377e-01
936, 7.724225e-01, 1.892843e-01
937, 7.725275e-01, 7.793004e-01
938, 7.727158e-01, 4.996557e-01
939, 7.727734e-01, 6.366290e-01
940, 7.727765e-01, 5.241599e-01
941, 7.728109e-01, 7.194573e-01
942, 7.728494e-01, 6.911871e-01
943, 7.728719e-01, 8.170860e-01
944, 7.729233e-01, 7.068473e-01
945, 7.729994e-01, 6.484510e-01
946, 7.731214e-01, 8.335947e-01
947, 7.733941e-01, 3.575696e-01
948, 7.734087e-01, 3.727701e-01
949, 7.737219e-01, 5.544795e-01
950, 7.737303e-01, 5.400381e-01
951, 7.738309e-01, 6.086854e-01
952, 7.740871e-01, 5.949708e-01
953, 7.742463e-01, 2.459291e-01
954, 7.743352e-01, 1.658656e-01
955, 7.745067e-01, 5.797441e-01
956, 7.750404e-01, 2.601871e-01
957, 7.903734e-01, 5.096791e-01
958, 7.905449e-01, 4.002767e-01
959, 7.913602e-01, 3.180911e-01
960, 7.913891e-01, 5.950662e-01
961, 7.914576e-01, 5.707868e-01
962, 7.916387e-01, 8.177517e-01
963, 7.917689e-01, 2.605612e-01
964, 7.921495e-01, 5.128542e-01
965, 7.924540e-01, 7.062556e-01
966, 7.924858e-01, 4.835768e-01
967, 7.927242e-01, 2.340331e-01
968, 7.927521e-01, 7.624195e-01
969, 7.928751e-01, 1.767582e-01
970, 7.931907e-01, 2.069556e-01
971, 7.933251e-01, 6.234491e-01
972, 7.934091e-01, 4.283916e-01
973, 7.938713e-01, 3.723337e-01
974, 7.939014e-01, 3.154713e-01
975, 7.942080e-01, 2.629128e-01
976, 7.945506e-01, 4.816360e-01
977, 7.945767e-01, 6.788143e-01
978, 7.949179e-01, 8.456232e-01
979, 7.950043e-01, 3.972848e-01
980, 7.950494e-01, 6.265215e-01
981, 7.954057e-01, 5.130613e-01
982, 7.956873e-01, 2.860026e-01
983, 7.959848e-01, 6.762673e-01
984, 7.971630e-01, 7.904173e-01
985, 8.106024e-01, 3.148303e-01
986, 8.108313e-01, 3.008600e-01
987, 8.109250e-01, 3.883260e-01
988, 8.109735e-01, 6.668025e-01
989, 8.118784e-01, 1.527911e-01
990, 8.121143e-01, 1.655898e-01
991, 8.122106e-01, 1.895436e-01
992, 8.122433e-01, 2.613669e-01
993, 8.124053e-01, 6.905102e-01
994, 8.124656e-01, 6.360580e-01
995, 8.124761e-01, 7.066288e-01
996, 8.125065e-01, 2.460772e-01
997, 8.126055e-01, 2.777495e-01
998, 8.126678e-01, 5.402311e-01
999, 8.128165e-01, 4.119283e-01
1000, 8.128922e-01, 2.059979e-01
1001, 8.129071e-01, 5.238233e-01
1002, 8.129192e-01, 7.214678e-01
1003, 8.129493e-01, 3.330828e-01
1004, 8.130626e-01, 3.581980e-01
1005, 8.131357e-01, 4.819729e-01
1006, 8.132439e-01, 8.005446e-01
1007, 8.133542e-01, 6.100431e-01
1008, 8.134083e-01, 4.448732e-01
1009, 8.135696e-01, 5.532543e-01
1010, 8.136474e-01, 3.180553e-01
1011, 8.136698e-01, 8.163802e-01
1012, 8.136917e-01, 4.286870e-01
1013, 8.137120e-01, 5.964742e-01
1014, 8.137699e-01, 4.679864e-01
1015, 8.140445e-01, 7.787872e-01
1016, 8.141194e-01, 7.453684e-01
1017, 8.147131e-01, 2.218287e-01
1018, 8.148258e-01, 8.343591e-01
1019, 8.151659e-01, 2.081728e-01
1020, 8.151911e-01, 5.004081e-01
1021, 8.153620e-01, 4.841507e-01
1022, 8.157192e-01, 5.945733e-01
1023, 8.157348e-01, 5.800778e-01
1024, 8.309228e-01, 2.887318e-01
1025, 8.312944e-01, 7.876945e-01
1026, 8.320483e-01, 8.175179e-01
1027, 8.320614e-01, 7.907336e-01
1028, 8.322529e-01, 5.715823e-01
1029, 8.324081e-01, 3.185892e-01
1030, 8.327145e-01, 5.637144e-01
1031, 8.327640e-01, 7.058894e-01
1032, 8.329981e-01, 5.941109e-01
1033, 8.330705e-01, 2.606130e-01
1034, 8.331201e-01, 2.077742e-01
1035, 8.331323e-01, 4.300733e-01
1036, 8.335798e-01, 6.216753e-01
1037, 8.335906e-01, 6.512856e-01
1038, 8.339170e-01, 3.713080e-01
1039, 8.340416e-01, 5.401166e-01
1040, 8.344553e-01, 5.676470e-01
1041, 8.346719e-01, 3.163255e-01
1042, 8.351289e-01, 2.628466e-01
1043, 8.352652e-01, 7.083815e-01
1044, 8.353047e-01, 6.236670e-01
1045, 8.354039e-01, 5.142835e-01
1046, 8.355942e-01, 4.276499e-01
1047, 8.358991e-01, 1.803889e-01
1048, 8.360553e-01, 2.050689e-01
1049, 8.368092e-01, 3.461501e-01
1050, 8.368377e-01, 8.448569e-01
1051, 8.375258e-01, 7.898230e-01
1052, 1.628760e-01, 7.617788e-01
1053, 1.614836e-01, 4.834956e-01
1054, 1.633778e-01, 5.389093e-01
1055, 1.628603e-01, 2.067792e-01
1056, 1.836205e-01, 7.888628e-01
1057, 1.834928e-01, 8.177421e-01
1058, 1.831331e-01, 6.510257e-01
1059, 1.827480e-01, 4.015763e-01
1060, 1.832737e-01, 8.452980e-01
1061, 1.832008e-01, 6.785975e-01
1062, 1.844625e-01, 7.610471e-01
1063, 1.818298e-01, 4.273044e-01
1064, 1.820262e-01, 5.674255e-01
1065, 1.831946e-01, 6.230384e-01
1066, 1.823934e-01, 2.337695e-01
1067, 1.826071e-01, 1.784169e-01
1068, 1.836884e-01, 3.449855e-01
1069, 2.029802e-01, 5.394707e-01
1070, 2.025994e-01, 5.939843e-01
1071, 2.221041e-01, 4.564369e-01
1072, 2.024794e-01, 3.738198e-01
1073, 2.242377e-01, 8.450687e-01
1074, 2.226862e-01, 6.769027e-01
1075, 2.240225e-01, 5.939089e-01
1076, 2.252314e-01, 6.224753e-01
1077, 2.237608e-01, 1.776821e-01
1078, 2.224940e-01, 4.831444e-01
1079, 2.264700e-01, 5.129005e-01
1080, 2.249087e-01, 2.606927e-01
1081, 2.235892e-01, 4.270400e-01
1082, 2.254522e-01, 7.335443e-01
1083, 2.230881e-01, 3.441120e-01
1084, 2.235596e-01, 7.895685e-01
1085, 2.439417e-01, 5.396474e-01
1086, 2.436394e-01, 6.512547e-01
1087, 2.440625e-01, 5.954744e-01
1088, 2.657159e-01, 8.163550e-01
1089, 2.640976e-01, 6.780740e-01
1090, 2.639469e-01, 2.335937e-01
1091, 2.643903e-01, 3.989315e-01
1092, 2.640225e-01, 7.335067e-01
1093, 2.648364e-01, 4.832429e-01
1094, 2.655313e-01, 4.550284e-01
1095, 2.650246e-01, 5.122930e-01
1096, 2.649687e-01, 1.781732e-01
1097, 2.645441e-01, 3.455203e-01
1098, 2.651758e-01, 7.902917e-01
1099, 2.829058e-01, 8.166446e-01
1100, 2.838056e-01, 7.613212e-01
1101, 2.841084e-01, 3.736845e-01
1102, 3.042745e-01, 6.235395e-01
1103, 2.837742e-01, 4.281236e-01
1104, 2.835654e-01, 2.069827e-01
1105, 3.031771e-01, 8.457533e-01
1106, 3.053162e-01, 5.390111e-01
1107, 3.056955e-01, 5.113712e-01
1108, 3.054109e-01, 6.511539e-01
1109, 3.047738e-01, 4.015046e-01
1110, 3.049900e-01, 2.060127e-01
1111, 3.045551e-01, 2.339661e-01
1112, 3.061362e-01, 4.562111e-01
1113, 3.047468e-01, 7.907371e-01
1114, 3.050705e-01, 7.346424e-01
1115, 3.044164e-01, 3.460245e-01
1116, 3.062588e-01, 1.778481e-01
1117, 3.255892e-01, 8.170871e-01
1118, 3.242948e-01, 3.726134e-01
1119, 3.266441e-01, 7.068203e-01
1120, 3.443230e-01, 2.320183e-01
1121, 3.450472e-01, 7.329686e-01
1122, 3.451719e-01, 5.107089e-01
1123, 3.455879e-01, 3.183829e-01
1124, 3.466875e-01, 6.783344e-01
1125, 3.459866e-01, 7.615677e-01
1126, 3.466020e-01, 7.893048e-01
1127, 3.482162e-01, 2.633011e-01
1128, 3.472286e-01, 2.892632e-01
1129, 3.485072e-01, 2.332496e-01
1130, 3.456448e-01, 4.008992e-01
1131, 3.465878e-01, 1.777942e-01
1132, 3.455449e-01, 4.560909e-01
1133, 3.461396e-01, 3.441191e-01
1134, 3.459980e-01, 8.450815e-01
1135, 3.665675e-01, 7.617273e-01
1136, 3.659118e-01, 3.720339e-01
1137, 3.669899e-01, 7.068212e-01
1138, 3.667432e-01, 3.180459e-01
1139, 3.671812e-01, 6.505101e-01
1140, 3.648060e-01, 2.625441e-01
1141, 3.848478e-01, 2.899975e-01
1142, 3.854255e-01, 6.237462e-01
1143, 3.868312e-01, 4.551671e-01
1144, 3.850877e-01, 3.717946e-01
1145, 3.857313e-01, 1.522848e-01
1146, 3.856796e-01, 4.003810e-01
1147, 3.870512e-01, 5.123642e-01
1148, 3.845125e-01, 2.330099e-01
1149, 3.872373e-01, 8.170386e-01
1150, 3.837960e-01, 5.660704e-01
1151, 3.854138e-01, 5.386311e-01
1152, 3.863181e-01, 8.468586e-01
1153, 3.870292e-01, 7.883633e-01
1154, 4.063961e-01, 7.060186e-01
1155, 4.055027e-01, 7.608909e-01
1156, 4.069504e-01, 3.160064e-01
1157, 4.077116e-01, 5.384885e-01
1158, 4.080633e-01, 1.520217e-01
1159, 4.273449e-01, 5.962976e-01
1160, 4.270016e-01, 4.556401e-01
1161, 4.259984e-01, 8.454629e-01
1162, 4.261044e-01, 2.905508e-01
1163, 4.260566e-01, 3.170587e-01
1164, 4.278153e-01, 4.288659e-01
1165, 4.286656e-01, 4.833050e-01
1166, 4.273832e-01, 8.156634e-01
1167, 4.257472e-01, 3.999183e-01
1168, 4.263749e-01, 3.715904e-01
1169, 4.273214e-01, 6.482898e-01
1170, 4.263254e-01, 5.382548e-01
1171, 4.270234e-01, 6.239083e-01
1172, 4.271635e-01, 7.342786e-01
1173, 4.269302e-01, 7.901387e-01
1174, 4.277479e-01, 5.122688e-01
1175, 4.275454e-01, 2.360869e-01
1176, 4.461952e-01, 2.618846e-01
1177, 4.686374e-01, 5.941321e-01
1178, 4.683488e-01, 7.057036e-01
1179, 4.670028e-01, 8.459557e-01
1180, 4.676519e-01, 1.778600e-01
1181, 4.686078e-01, 2.060528e-01
1182, 4.688772e-01, 2.340753e-01
1183, 4.681682e-01, 3.732628e-01
1184, 4.671082e-01, 2.894756e-01
1185, 4.685152e-01, 7.904494e-01
1186, 4.666844e-01, 3.447893e-01
1187, 4.685300e-01, 4.008632e-01
1188, 4.683287e-01, 5.119050e-01
1189, 4.679463e-01, 6.770507e-01
1190, 4.887542e-01, 7.620206e-01
1191, 4.877944e-01, 6.488654e-01
1192, 5.063499e-01, 4.565384e-01
1193, 5.071439e-01, 5.674150e-01
1194, 5.079485e-01, 7.055373e-01
1195, 5.077931e-01, 5.395059e-01
1196, 5.067264e-01, 4.841132e-01
1197, 5.086214e-01, 3.731294e-01
1198, 5.078995e-01, 3.166295e-01
1199, 5.069933e-01, 5.939273e-01
1200, 5.088981e-01, 6.238357e-01
1201, 5.097972e-01, 3.455939e-01
1202, 5.089992e-01, 2.632366e-01
1203, 5.072233e-01, 5.124046e-01
1204, 5.075775e-01, 7.890790e-01
1205, 5.079844e-01, 7.627067e-01
1206, 5.081852e-01, 6.788387e-01
1207, 5.078062e-01, 1.787600e-01
1208, 5.076652e-01, 8.448318e-01
1209, 5.086000e-01, 2.340823e-01
1210, 5.489695e-01, 6.780245e-01
1211, 5.285675e-01, 3.723966e-01
1212, 5.279519e-01, 2.062817e-01
1213, 5.293157e-01, 4.828815e-01
1214, 5.490015e-01, 6.234039e-01
1215, 5.482162e-01, 2.345107e-01
1216, 5.493167e-01, 3.196103e-01
1217, 5.503892e-01, 7.902415e-01
1218, 5.489799e-01, 2.890973e-01
1219, 5.485432e-01, 2.601929e-01
1220, 5.500611e-01, 4.570321e-01
1221, 5.493315e-01, 5.676379e-01
1222, 5.488156e-01, 8.446086e-01
1223, 5.496442e-01, 5.109085e-01
1224, 5.488066e-01, 1.787654e-01
1225, 5.485002e-01, 3.451623e-01
1226, 5.496666e-01, 7.333675e-01
1227, 5.696577e-01, 8.179873e-01
1228, 5.699636e-01, 7.072716e-01
1229, 5.687360e-01, 6.495451e-01
1230, 5.901667e-01, 3.447876e-01
1231, 5.912275e-01, 5.117212e-01
1232, 5.897697e-01, 6.217873e-01
1233, 5.897986e-01, 4.545768e-01
1234, 5.908847e-01, 2.892818e-01
1235, 5.891140e-01, 7.907012e-01
1236, 5.890552e-01, 4.009685e-01
1237, 5.907768e-01, 1.794766e-01
1238, 6.094934e-01, 3.189130e-01
1239, 6.090364e-01, 4.820553e-01
1240, 6.089325e-01, 5.963323e-01
1241, 6.275794e-01, 5.681426e-01
1242, 6.092702e-01, 2.063836e-01
1243, 6.108745e-01, 4.278698e-01
1244, 6.290494e-01, 4.560571e-01
1245, 6.319969e-01, 7.346821e-01
1246, 6.313168e-01, 1.786367e-01
1247, 6.312495e-01, 5.125240e-01
1248, 6.317426e-01, 8.463469e-01
1249, 6.300242e-01, 6.784073e-01
1250, 6.325259e-01, 2.333313e-01
1251, 6.302898e-01, 2.896285e-01
1252, 6.319521e-01, 5.656093e-01
1253, 6.309446e-01, 7.903664e-01
1254, 6.525751e-01, 6.509772e-01
1255, 6.509321e-01, 7.062562e-01
1256, 6.708651e-01, 8.161800e-01
1257, 6.707288e-01, 5.678917e-01
1258, 6.702095e-01, 6.801245e-01
1259, 6.707398e-01, 7.061192e-01
1260, 6.710923e-01, 5.120028e-01
1261, 6.691456e-01, 2.325577e-01
1262, 6.707496e-01, 2.060049e-01
1263, 6.711706e-01, 2.884141e-01
1264, 6.717560e-01, 7.326062e-01
1265, 6.715190e-01, 4.841583e-01
1266, 6.710077e-01, 8.459326e-01
1267, 6.712357e-01, 7.908457e-01
1268, 6.712709e-01, 4.009238e-01
1269, 6.717366e-01, 3.458984e-01
1270, 7.100571e-01, 3.443515e-01
1271, 7.104760e-01, 1.789191e-01
1272, 7.102474e-01, 6.234767e-01
1273, 6.912109e-01, 4.840465e-01
1274, 7.122063e-01, 5.947537e-01
1275, 7.112092e-01, 7.073873e-01
1276, 7.114730e-01, 8.168368e-01
1277, 7.125071e-01, 7.883722e-01
1278, 7.119444e-01, 4.561331e-01
1279, 7.104981e-01, 5.670414e-01
1280, 7.105555e-01, 5.384887e-01
1281, 7.136837e-01, 2.343789e-01
1282, 7.124008e-01, 2.899211e-01
1283, 7.098612e-01, 3.735066e-01
1284, 7.116826e-01, 3.998563e-01
1285, 7.114711e-01, 8.449013e-01
1286, 7.338906e-01, 2.602277e-01
1287, 7.327986e-01, 5.942343e-01
1288, 7.316299e-01, 2.064043e-01
1289, 7.524653e-01, 4.846209e-01
1290, 7.527727e-01, 8.154525e-01
1291, 7.504404e-01, 2.354839e-01
1292, 7.521446e-01, 6.794648e-01
1293, 7.522815e-01, 6.509641e-01
1294, 7.522783e-01, 7.614069e-01
1295, 7.535724e-01, 8.443538e-01
1296, 7.513677e-01, 2.891947e-01
1297, 7.529197e-01, 2.060879e-01
1298, 7.527600e-01, 5.118378e-01
1299, 7.517309e-01, 7.350685e-01
1300, 7.534699e-01, 3.441880e-01
1301, 7.528084e-01, 5.668975e-01
1302, 7.510070e-01, 6.216709e-01
1303, 7.538136e-01, 2.323812e-01
1304, 7.725446e-01, 3.170253e-01
1305, 7.713212e-01, 4.290122e-01
1306, 7.721471e-01, 4.847276e-01
1307, 7.922091e-01, 2.904485e-01
1308, 7.914721e-01, 6.801754e-01
1309, 7.716661e-01, 7.609173e-01
1310, 7.928207e-01, 6.200041e-01
1311, 7.948860e-01, 6.502131e-01
1312, 7.917208e-01, 5.399142e-01
1313, 7.925077e-01, 7.901369e-01
1314, 7.939710e-01, 4.558366e-01
1315, 7.917114e-01, 8.457504e-01
1316, 7.938149e-01, 4.012333e-01
1317, 7.926527e-01, 5.672866e-01
1318, 7.940284e-01, 3.467024e-01
1319, 7.930857e-01, 7.328074e-01
1320, 8.141659e-01, 7.619178e-01
1321, 8.125764e-01, 3.712571e-01
1322, 8.124360e-01, 6.507071e-01
1323, 8.328106e-01, 3.451399e-01
1324, 8.337301e-01, 1.771950e-01
1325, 8.325003e-01, 7.605908e-01
1326, 8.345209e-01, 6.786268e-01
1327, 8.337089e-01, 4.839276e-01
1328, 8.343273e-01, 2.889865e-01
1329, 8.318226e-01, 8.452101e-01
1330, 8.338867e-01, 7.333950e-01
1331, 8.336689e-01, 5.112613e-01
1332, 8.340156e-01, 4.572736e-01
1333, 8.332314e-01, 2.337683e-01
1334, 8.339126e-01, 4.011790e-01
1335, 1.500000e-01, 8.162474e-01
1336, 1.500000e-01, 6.511593e-01
1337, 1.500000e-01, 7.623780e-01
1338, 1.500000e-01, 4.276059e-01
1339, 1.500000e-01, 7.056334e-01
1340, 1.500000e-01, 3.736164e-01
1341, 1.500000e-01, 4.836960e-01
1342, 1.500000e-01, 5.388365e-01
1343, 1.500000e-01, 5.955313e-01
1344, 1.500000e-01, 2.615789e-01
1345, 1.500000e-01, 2.068534e-01
1346, 1.500000e-01, 1.512734e-01
1347, 1.500000e-01, 3.214537e-01
1348, 1.500000e-01, 7.386547e-01
1349, 1.500000e-01, 7.303810e-01
1350, 1.500000e-01, 6.753835e-01
1351, 1.500000e-01, 6.816844e-01
1352, 1.500000e-01, 6.262716e-01
1353, 1.500000e-01, 6.178255e-01
1354, 1.500000e-01, 7.941056e-01
1355, 1.500000e-01, 7.846000e-01
1356, 1.500000e-01, 8.422496e-01
1357, 1.500000e-01, 5.182360e-01
1358, 1.500000e-01, 5.053640e-01
1359, 1.500000e-01, 5.640697e-01
1360, 1.500000e-01, 5.714128e-01
1361, 1.500000e-01, 1.736570e-01
1362, 1.500000e-01, 1.817503e-01
1363, 1.500000e-01, 3.498352e-01
1364, 1.500000e-01, 3.387995e-01
1365, 1.500000e-01, 2.377602e-01
1366, 1.500000e-01, 2.284020e-01
1367, 1.500000e-01, 2.851908e-01
1368, 1.500000e-01, 2.904609e-01
1369, 1.500000e-01, 4.485739e-01
1370, 1.500000e-01, 4.631299e-01
1371, 1.500000e-01, 4.052014e-01
1372, 1.500000e-01, 3.953416e-01
1373, 1.714425e-01, 8.500000e-01
1374, 1.749203e-01, 1.500000e-01
1375, 1.831462e-01, 8.500000e-01
1376, 1.929888e-01, 8.500000e-01
1377, 2.137747e-01, 8.500000e-01
1378, 2.245927e-01, 8.500000e-01
1379, 2.325392e-01, 8.500000e-01
1380, 2.568165e-01, 8.500000e-01
1381, 2.624831e-01, 1.500000e-01
1382, 2.649557e-01, 8.500000e-01
1383, 2.720910e-01, 8.500000e-01
1384, 2.848054e-01, 1.500000e-01
1385, 2.953805e-01, 8.500000e-01
1386, 3.059172e-01, 8.500000e-01
1387, 3.061622e-01, 1.500000e-01
1388, 3.181147e-01, 1.500000e-01
1389, 3.093199e-01, 8.500000e-01
1390, 3.391630e-01, 8.500000e-01
1391, 3.319396e-01, 1.500000e-01
1392, 3.465345e-01, 1.500000e-01
1393, 3.492448e-01, 1.500000e-01
1394, 3.457289e-01, 8.500000e-01
1395, 3.537737e-01, 8.500000e-01
1396, 3.807750e-01, 8.500000e-01
1397, 3.652450e-01, 1.500000e-01
1398, 3.863671e-01, 8.500000e-01
1399, 3.858018e-01, 1.500000e-01
1400, 3.917211e-01, 8.500000e-01
1401, 4.078885e-01, 1.500000e-01
1402, 4.192523e-01, 8.500000e-01
1403, 4.258887e-01, 8.500000e-01
1404, 4.359393e-01, 1.500000e-01
1405, 4.345274e-01, 8.500000e-01
1406, 4.595878e-01, 8.500000e-01
1407, 4.451066e-01, 1.500000e-01
1408, 4.671143e-01, 8.500000e-01
1409, 4.747623e-01, 8.500000e-01
1410, 4.993070e-01, 8.500000e-01
1411, 5.045958e-01, 1.500000e-01
1412, 5.074071e-01, 1.500000e-01
1413, 5.144307e-01, 1.500000e-01
1414, 5.452124e-01, 8.500000e-01
1415, 5.575247e-01, 8.500000e-01
1416, 5.802990e-01, 8.500000e-01
1417, 5.883899e-01, 8.500000e-01
1418, 5.962927e-01, 8.500000e-01
1419, 6.255170e-01, 8.500000e-01
1420, 6.314572e-01, 8.500000e-01
1421, 6.438303e-01, 1.500000e-01
1422, 6.381011e-01, 8.500000e-01
1423, 6.627571e-01, 8.500000e-01
1424, 6.477099e-01, 1.500000e-01
1425, 6.710568e-01, 8.500000e-01
1426, 6.780951e-01, 8.500000e-01
1427, 7.039949e-01, 8.500000e-01
1428, 7.115708e-01, 8.500000e-01
1429, 7.195677e-01, 8.500000e-01
1430, 7.411914e-01, 8.500000e-01
1431, 7.531699e-01, 8.500000e-01
1432, 7.629756e-01, 8.500000e-01
1433, 7.845649e-01, 8.500000e-01
1434, 7.918328e-01, 8.500000e-01
1435, 8.023598e-01, 8.500000e-01
1436, 8.243026e-01, 8.500000e-01
1437, 8.148170e-01, 1.500000e-01
1438, 8.500000e-01, 5.946107e-01
1439, 8.500000e-01, 8.187325e-01
1440, 8.329947e-01, 1.500000e-01
1441, 8.500000e-01, 2.058313e-01
1442, 8.500000e-01, 4.275210e-01
1443, 8.500000e-01, 5.395418e-01
1444, 8.500000e-01, 6.510532e-01
1445, 8.500000e-01, 7.611130e-01
1446, 8.500000e-01, 7.076342e-01
1447, 8.500000e-01, 2.618556e-01
1448, 8.500000e-01, 4.832822e-01
1449, 8.500000e-01, 3.711158e-01
1450, 8.500000e-01, 3.168612e-01
1451, 8.320287e-01, 8.500000e-01
1452, 8.500000e-01, 6.688939e-01
1453, 8.500000e-01, 6.873754e-01
1454, 8.500000e-01, 7.422425e-01
1455, 8.500000e-01, 7.242549e-01
1456, 8.500000e-01, 5.216532e-01
1457, 8.500000e-01, 5.020895e-01
1458, 8.500000e-01, 6.126037e-01
1459, 8.500000e-01, 6.312272e-01
1460, 8.500000e-01, 3.385561e-01
1461, 8.500000e-01, 3.542981e-01
1462, 8.500000e-01, 4.471429e-01
1463, 8.500000e-01, 4.661889e-01
1464, 8.500000e-01, 2.437889e-01
1465, 8.500000e-01, 2.243521e-01
1466, 8.500000e-01, 8.364603e-01
1467, 8.455346e-01, 8.500000e-01
1468, 8.500000e-01, 2.808673e-01
1469, 8.500000e-01, 2.973652e-01
1470, 8.500000e-01, 1.685385e-01
1471, 8.500000e-01, 1.886347e-01
1472, 8.500000e-01, 3.908647e-01
1473, 8.500000e-01, 4.110200e-01
1474, 8.500000e-01, 5.589792e-01
1475, 8.500000e-01, 5.762247e-01
1476, 8.500000e-01, 7.968882e-01
1477, 8.500000e-01, 7.821263e-01
1478, 1.623242e-01, 1.506429e-01
1479, 1.833552e-01, 1.501955e-01
1480, 2.036204e-01, 1.501980e-01
1481, 2.235916e-01, 1.503927e-01
1482, 2.425448e-01, 1.505305e-01
1483, 2.649444e-01, 1.500887e-01
1484, 3.234822e-01, 1.500951e-01
1485, 4.295179e-01, 1.500839e-01
1486, 4.678301e-01, 1.500077e-01
1487, 4.893204e-01, 1.501697e-01
1488, 5.105845e-01, 8.498429e-01
1489, 5.293273e-01, 1.500662e-01
1490, 5.475133e-01, 1.503038e-01
1491, 5.475470e-01, 8.493148e-01
1492, 5.693197e-01, 1.503288e-01
1493, 5.910827e-01, 1.500129e-01
1494, 6.091311e-01, 1.505371e-01
1495, 6.307273e-01, 1.502679e-01
1496, 6.737515e-01, 1.501658e-01
1497, 6.910692e-01, 1.502759e-01
1498, 7.119603e-01, 1.504519e-01
1499, 7.321148e-01, 1.507564e-01
1500, 7.520294e-01, 1.506292e-01
1501, 7.731853e-01, 1.502027e-01
1502, 7.929511e-01, 1.508286e-01
