1, 1.550135e-01, 7.987014e-01
2, 1.554136e-01, 5.834891e-01
3, 1.554136e-01, 5.691026e-01
4, 1.563063e-01, 7.033483e-01
5, 1.563063e-01, 7.298870e-01
6, 1.564469e-01, 4.888936e-01
7, 1.564469e-01, 4.764321e-01
8, 1.567304e-01, 6.817288e-01
9, 1.579678e-01, 2.367278e-01
10, 1.579678e-01, 2.113298e-01
11, 1.589273e-01, 5.870016e-01
12, 1.589273e-01, 6.150354e-01
13, 1.596881e-01, 3.290871e-01
14, 1.596881e-01, 3.479661e-01
15, 1.623164e-01, 2.410750e-01
16, 1.623164e-01, 2.595054e-01
17, 1.725714e-01, 4.127455e-01
18, 1.725714e-01, 4.312149e-01
19, 1.725778e-01, 6.466756e-01
20, 1.725778e-01, 6.229157e-01
21, 1.728681e-01, 7.669415e-01
22, 1.728681e-01, 7.883941e-01
23, 1.740408e-01, 2.662738e-01
24, 1.750020e-01, 6.490998e-01
25, 1.750020e-01, 6.711807e-01
26, 1.750279e-01, 1.538076e-01
27, 1.750279e-01, 1.745452e-01
28, 1.751137e-01, 3.201821e-01
29, 1.774517e-01, 7.623593e-01
30, 1.774517e-01, 7.420940e-01
31, 1.782614e-01, 1.777786e-01
32, 1.782614e-01, 1.996145e-01
33, 1.785517e-01, 5.557452e-01
34, 1.788057e-01, 3.925371e-01
35, 1.788057e-01, 4.065133e-01
36, 1.806335e-01, 5.028562e-01
37, 1.849260e-01, 2.599899e-01
38, 1.849260e-01, 2.410750e-01
39, 1.872066e-01, 3.271632e-01
40, 1.872066e-01, 3.479661e-01
41, 1.877341e-01, 4.987571e-01
42, 1.877564e-01, 6.785437e-01
43, 1.877564e-01, 7.029243e-01
44, 1.886203e-01, 6.136546e-01
45, 1.886203e-01, 5.870016e-01
46, 1.891757e-01, 4.408004e-01
47, 1.894019e-01, 5.620089e-01
48, 1.906531e-01, 8.257915e-01
49, 1.906531e-01, 8.486044e-01
50, 1.916344e-01, 7.992277e-01
51, 1.922649e-01, 2.337384e-01
52, 1.922649e-01, 2.076986e-01
53, 1.937784e-01, 7.326688e-01
54, 1.937784e-01, 7.089462e-01
55, 1.955838e-01, 3.563433e-01
56, 1.955838e-01, 3.828512e-01
57, 1.988899e-01, 2.680511e-01
58, 1.988899e-01, 2.935265e-01
59, 1.995825e-01, 5.561317e-01
60, 2.013988e-01, 5.066456e-01
61, 2.014927e-01, 4.065133e-01
62, 2.014927e-01, 3.862624e-01
63, 2.030853e-01, 6.220050e-01
64, 2.045213e-01, 3.171675e-01
65, 2.045213e-01, 2.991579e-01
66, 2.046380e-01, 7.917208e-01
67, 2.046380e-01, 7.623593e-01
68, 2.047478e-01, 7.390013e-01
69, 2.047862e-01, 6.687126e-01
70, 2.055844e-01, 1.572247e-01
71, 2.055844e-01, 1.777786e-01
72, 2.059145e-01, 1.998188e-01
73, 2.059791e-01, 4.311000e-01
74, 2.059791e-01, 4.109982e-01
75, 2.148460e-01, 8.248103e-01
76, 2.185409e-01, 7.310387e-01
77, 2.194721e-01, 2.076454e-01
78, 2.194721e-01, 2.337384e-01
79, 2.195765e-01, 3.563433e-01
80, 2.195765e-01, 3.758228e-01
81, 2.198269e-01, 4.960073e-01
82, 2.198269e-01, 4.749906e-01
83, 2.199838e-01, 6.774860e-01
84, 2.205306e-01, 5.862203e-01
85, 2.205306e-01, 6.119340e-01
86, 2.206969e-01, 8.009914e-01
87, 2.206969e-01, 8.189576e-01
88, 2.213541e-01, 5.687002e-01
89, 2.222946e-01, 2.545399e-01
90, 2.222946e-01, 2.365610e-01
91, 2.224856e-01, 3.534334e-01
92, 2.224856e-01, 3.275381e-01
93, 2.244046e-01, 4.417368e-01
94, 2.244046e-01, 4.704114e-01
95, 2.311807e-01, 3.825260e-01
96, 2.311807e-01, 4.109982e-01
97, 2.324525e-01, 6.508007e-01
98, 2.324525e-01, 6.702834e-01
99, 2.346915e-01, 1.988538e-01
100, 2.346915e-01, 1.781088e-01
101, 2.347597e-01, 1.512671e-01
102, 2.351896e-01, 2.991579e-01
103, 2.351896e-01, 3.201995e-01
104, 2.370686e-01, 6.461831e-01
105, 2.370686e-01, 6.214873e-01
106, 2.376042e-01, 4.341120e-01
107, 2.376042e-01, 4.174217e-01
108, 2.384146e-01, 7.622495e-01
109, 2.384146e-01, 7.907567e-01
110, 2.387158e-01, 7.426928e-01
111, 2.402811e-01, 5.274401e-01
112, 2.410474e-01, 2.932982e-01
113, 2.410474e-01, 2.653725e-01
114, 2.411815e-01, 5.083429e-01
115, 2.422805e-01, 5.853968e-01
116, 2.482517e-01, 3.277402e-01
117, 2.491601e-01, 6.799285e-01
118, 2.491601e-01, 7.075029e-01
119, 2.494111e-01, 6.143621e-01
120, 2.494111e-01, 5.925251e-01
121, 2.495918e-01, 3.718975e-01
122, 2.519404e-01, 7.102832e-01
123, 2.519404e-01, 7.350584e-01
124, 2.527729e-01, 4.704114e-01
125, 2.527729e-01, 4.428687e-01
126, 2.537572e-01, 2.580353e-01
127, 2.538988e-01, 7.996956e-01
128, 2.538988e-01, 8.189576e-01
129, 2.548679e-01, 2.105015e-01
130, 2.562554e-01, 4.738939e-01
131, 2.562554e-01, 4.996409e-01
132, 2.565335e-01, 8.215922e-01
133, 2.639325e-01, 3.186878e-01
134, 2.639325e-01, 2.932982e-01
135, 2.649286e-01, 1.780405e-01
136, 2.652653e-01, 7.427508e-01
137, 2.669056e-01, 7.921869e-01
138, 2.672450e-01, 5.265395e-01
139, 2.672450e-01, 5.445095e-01
140, 2.673021e-01, 4.174217e-01
141, 2.673021e-01, 4.344811e-01
142, 2.675287e-01, 5.061488e-01
143, 2.687387e-01, 6.686260e-01
144, 2.687387e-01, 6.461831e-01
145, 2.688717e-01, 1.819836e-01
146, 2.688717e-01, 2.024172e-01
147, 2.690247e-01, 2.668491e-01
148, 2.690247e-01, 2.882060e-01
149, 2.717809e-01, 6.431409e-01
150, 2.717809e-01, 6.272759e-01
151, 2.737802e-01, 3.858612e-01
152, 2.737802e-01, 4.109457e-01
153, 2.792490e-01, 2.354505e-01
154, 2.792490e-01, 2.084079e-01
155, 2.798274e-01, 2.606127e-01
156, 2.799595e-01, 3.822940e-01
157, 2.799595e-01, 3.547734e-01
158, 2.810239e-01, 4.738939e-01
159, 2.810239e-01, 4.983582e-01
160, 2.819415e-01, 8.442696e-01
161, 2.834918e-01, 8.017620e-01
162, 2.837654e-01, 7.102832e-01
163, 2.837654e-01, 7.320709e-01
164, 2.873912e-01, 3.322303e-01
165, 2.873912e-01, 3.473417e-01
166, 2.876264e-01, 4.462141e-01
167, 2.876264e-01, 4.672915e-01
168, 2.887308e-01, 7.053178e-01
169, 2.887308e-01, 6.801673e-01
170, 2.905354e-01, 5.925251e-01
171, 2.905354e-01, 5.579548e-01
172, 2.906966e-01, 6.163561e-01
173, 2.909701e-01, 2.016414e-01
174, 2.909701e-01, 1.819836e-01
175, 2.922727e-01, 5.262558e-01
176, 2.922727e-01, 5.048520e-01
177, 2.956237e-01, 6.431409e-01
178, 2.956237e-01, 6.192005e-01
179, 2.969510e-01, 2.882060e-01
180, 2.969510e-01, 2.704980e-01
181, 2.982626e-01, 7.404400e-01
182, 2.982626e-01, 7.635881e-01
183, 2.985499e-01, 7.930691e-01
184, 2.995861e-01, 3.936242e-01
185, 2.997908e-01, 5.526118e-01
186, 2.997908e-01, 5.337738e-01
187, 3.001514e-01, 2.914065e-01
188, 3.001514e-01, 3.248639e-01
189, 3.010867e-01, 4.384436e-01
190, 3.014105e-01, 6.489277e-01
191, 3.014105e-01, 6.728474e-01
192, 3.019531e-01, 1.710006e-01
193, 3.105767e-01, 6.105682e-01
194, 3.121941e-01, 5.597721e-01
195, 3.125947e-01, 3.473417e-01
196, 3.125947e-01, 3.320473e-01
197, 3.134051e-01, 2.360288e-01
198, 3.134051e-01, 2.609992e-01
199, 3.141082e-01, 4.672915e-01
200, 3.141082e-01, 4.459607e-01
201, 3.142090e-01, 7.312343e-01
202, 3.142090e-01, 7.053178e-01
203, 3.160690e-01, 8.200419e-01
204, 3.160690e-01, 8.031827e-01
205, 3.171051e-01, 6.819078e-01
206, 3.171051e-01, 7.024207e-01
207, 3.175864e-01, 2.318475e-01
208, 3.175864e-01, 2.170067e-01
209, 3.183886e-01, 8.223622e-01
210, 3.188300e-01, 4.895208e-01
211, 3.188300e-01, 4.720148e-01
212, 3.212749e-01, 3.560246e-01
213, 3.212749e-01, 3.811035e-01
214, 3.263844e-01, 4.388692e-01
215, 3.263844e-01, 4.124458e-01
216, 3.281073e-01, 6.755523e-01
217, 3.281073e-01, 6.489277e-01
218, 3.282398e-01, 6.207714e-01
219, 3.304563e-01, 3.864072e-01
220, 3.304563e-01, 4.083739e-01
221, 3.316849e-01, 2.715587e-01
222, 3.316849e-01, 2.914065e-01
223, 3.322250e-01, 3.207078e-01
224, 3.322258e-01, 7.638752e-01
225, 3.322258e-01, 7.938497e-01
226, 3.327473e-01, 5.478995e-01
227, 3.327473e-01, 5.337738e-01
228, 3.345244e-01, 1.602429e-01
229, 3.345244e-01, 1.710006e-01
230, 3.349312e-01, 7.611698e-01
231, 3.349312e-01, 7.432046e-01
232, 3.374643e-01, 5.002850e-01
233, 3.374643e-01, 5.290553e-01
234, 3.398149e-01, 1.762929e-01
235, 3.411966e-01, 2.318475e-01
236, 3.443201e-01, 7.024207e-01
237, 3.443201e-01, 6.849119e-01
238, 3.445072e-01, 4.720148e-01
239, 3.445072e-01, 4.962192e-01
240, 3.447239e-01, 8.223622e-01
241, 3.447239e-01, 8.010647e-01
242, 3.451996e-01, 4.497311e-01
243, 3.454287e-01, 3.560246e-01
244, 3.454287e-01, 3.283301e-01
245, 3.456544e-01, 8.465485e-01
246, 3.481418e-01, 3.587378e-01
247, 3.481418e-01, 3.761975e-01
248, 3.486048e-01, 6.090149e-01
249, 3.486048e-01, 5.910688e-01
250, 3.500972e-01, 7.344494e-01
251, 3.500972e-01, 7.081978e-01
252, 3.502229e-01, 2.408710e-01
253, 3.502229e-01, 2.608569e-01
254, 3.537781e-01, 5.858972e-01
255, 3.537781e-01, 5.600404e-01
256, 3.560962e-01, 1.762929e-01
257, 3.575013e-01, 5.037205e-01
258, 3.575013e-01, 5.290553e-01
259, 3.590595e-01, 7.611698e-01
260, 3.590595e-01, 7.396233e-01
261, 3.592701e-01, 7.926673e-01
262, 3.595139e-01, 6.153126e-01
263, 3.595139e-01, 6.487951e-01
264, 3.599868e-01, 1.941164e-01
265, 3.599868e-01, 1.801834e-01
266, 3.606325e-01, 4.083739e-01
267, 3.606325e-01, 3.834083e-01
268, 3.607173e-01, 2.919468e-01
269, 3.607173e-01, 2.669152e-01
270, 3.613868e-01, 5.556479e-01
271, 3.613868e-01, 5.329408e-01
272, 3.642377e-01, 6.535188e-01
273, 3.642377e-01, 6.734137e-01
274, 3.652536e-01, 4.129935e-01
275, 3.652536e-01, 4.381541e-01
276, 3.665418e-01, 2.977712e-01
277, 3.665418e-01, 3.161417e-01
278, 3.698961e-01, 7.333675e-01
279, 3.698961e-01, 7.081978e-01
280, 3.730942e-01, 8.006478e-01
281, 3.730942e-01, 8.232927e-01
282, 3.739737e-01, 5.629142e-01
283, 3.739737e-01, 5.858972e-01
284, 3.756952e-01, 3.747127e-01
285, 3.756952e-01, 3.587378e-01
286, 3.757007e-01, 3.214291e-01
287, 3.772653e-01, 4.713224e-01
288, 3.772653e-01, 4.923110e-01
289, 3.778429e-01, 8.461273e-01
290, 3.778429e-01, 8.280414e-01
291, 3.794060e-01, 6.821702e-01
292, 3.794060e-01, 6.986878e-01
293, 3.796076e-01, 6.037128e-01
294, 3.796076e-01, 5.915293e-01
295, 3.803262e-01, 2.555952e-01
296, 3.803262e-01, 2.408710e-01
297, 3.807947e-01, 4.677930e-01
298, 3.807947e-01, 4.471259e-01
299, 3.830649e-01, 2.381331e-01
300, 3.830649e-01, 2.074392e-01
301, 3.918488e-01, 3.840380e-01
302, 3.918488e-01, 4.129935e-01
303, 3.925847e-01, 4.403197e-01
304, 3.930874e-01, 2.977712e-01
305, 3.930874e-01, 3.113920e-01
306, 3.943447e-01, 7.474814e-01
307, 3.943447e-01, 7.613803e-01
308, 3.958766e-01, 2.645723e-01
309, 3.958766e-01, 2.949820e-01
310, 3.962662e-01, 5.500450e-01
311, 3.962662e-01, 5.329408e-01
312, 3.963229e-01, 6.724043e-01
313, 3.963229e-01, 6.535188e-01
314, 3.967005e-01, 1.801834e-01
315, 3.967005e-01, 1.995675e-01
316, 3.968368e-01, 6.136590e-01
317, 3.980837e-01, 7.651182e-01
318, 3.980837e-01, 7.862216e-01
319, 3.990391e-01, 5.048807e-01
320, 3.990391e-01, 5.301680e-01
321, 4.041470e-01, 2.597978e-01
322, 4.041470e-01, 2.381331e-01
323, 4.054155e-01, 4.477268e-01
324, 4.054155e-01, 4.677930e-01
325, 4.079174e-01, 6.986878e-01
326, 4.079174e-01, 6.790976e-01
327, 4.082638e-01, 5.915293e-01
328, 4.082638e-01, 6.070623e-01
329, 4.090088e-01, 8.280414e-01
330, 4.099606e-01, 3.735823e-01
331, 4.099606e-01, 3.587323e-01
332, 4.100751e-01, 4.985097e-01
333, 4.100751e-01, 4.724541e-01
334, 4.114179e-01, 2.308623e-01
335, 4.114179e-01, 2.080637e-01
336, 4.118333e-01, 5.879598e-01
337, 4.118333e-01, 5.590317e-01
338, 4.127698e-01, 7.946997e-01
339, 4.127698e-01, 8.242792e-01
340, 4.145482e-01, 3.237811e-01
341, 4.145482e-01, 3.541432e-01
342, 4.149719e-01, 7.057446e-01
343, 4.149719e-01, 7.355735e-01
344, 4.203430e-01, 5.541160e-01
345, 4.206628e-01, 6.530050e-01
346, 4.206628e-01, 6.717352e-01
347, 4.221851e-01, 5.055051e-01
348, 4.245371e-01, 3.180109e-01
349, 4.245371e-01, 2.949820e-01
350, 4.248853e-01, 7.413000e-01
351, 4.253688e-01, 1.792102e-01
352, 4.253688e-01, 1.546060e-01
353, 4.254205e-01, 1.999750e-01
354, 4.254261e-01, 2.720898e-01
355, 4.266682e-01, 7.866712e-01
356, 4.293268e-01, 4.339143e-01
357, 4.304463e-01, 3.854159e-01
358, 4.325747e-01, 6.211056e-01
359, 4.325747e-01, 6.410893e-01
360, 4.389704e-01, 3.541432e-01
361, 4.389704e-01, 3.804951e-01
362, 4.395720e-01, 2.081445e-01
363, 4.395720e-01, 2.308623e-01
364, 4.403407e-01, 7.945642e-01
365, 4.403407e-01, 8.242792e-01
366, 4.411683e-01, 6.835728e-01
367, 4.412479e-01, 5.661842e-01
368, 4.412479e-01, 5.879598e-01
369, 4.413974e-01, 4.724541e-01
370, 4.413974e-01, 4.944141e-01
371, 4.416443e-01, 3.514693e-01
372, 4.416443e-01, 3.278867e-01
373, 4.421861e-01, 7.313125e-01
374, 4.441214e-01, 6.144398e-01
375, 4.441214e-01, 5.908323e-01
376, 4.449685e-01, 4.688830e-01
377, 4.449685e-01, 4.429440e-01
378, 4.456801e-01, 2.603973e-01
379, 4.456801e-01, 2.369684e-01
380, 4.491926e-01, 6.410893e-01
381, 4.491926e-01, 6.173674e-01
382, 4.513382e-01, 2.013520e-01
383, 4.513382e-01, 1.792620e-01
384, 4.535885e-01, 7.378950e-01
385, 4.553320e-01, 7.859099e-01
386, 4.559663e-01, 1.550472e-01
387, 4.559663e-01, 1.746339e-01
388, 4.566874e-01, 2.667518e-01
389, 4.579010e-01, 6.739133e-01
390, 4.579010e-01, 6.497977e-01
391, 4.582080e-01, 5.563933e-01
392, 4.584862e-01, 3.181640e-01
393, 4.585575e-01, 4.350993e-01
394, 4.585575e-01, 4.126097e-01
395, 4.588148e-01, 3.919510e-01
396, 4.594538e-01, 5.048378e-01
397, 4.669077e-01, 4.688830e-01
398, 4.669077e-01, 4.399197e-01
399, 4.697572e-01, 5.630606e-01
400, 4.701606e-01, 3.249035e-01
401, 4.709752e-01, 2.126882e-01
402, 4.709752e-01, 2.369684e-01
403, 4.712572e-01, 2.583408e-01
404, 4.715313e-01, 3.846100e-01
405, 4.717853e-01, 6.043248e-01
406, 4.723405e-01, 7.270697e-01
407, 4.723405e-01, 7.067623e-01
408, 4.734914e-01, 8.480286e-01
409, 4.734914e-01, 8.246024e-01
410, 4.734915e-01, 7.963931e-01
411, 4.748473e-01, 7.042555e-01
412, 4.748473e-01, 6.836962e-01
413, 4.760272e-01, 4.780024e-01
414, 4.760272e-01, 4.952702e-01
415, 4.780786e-01, 7.686440e-01
416, 4.780786e-01, 7.303823e-01
417, 4.834036e-01, 3.914638e-01
418, 4.839845e-01, 5.548473e-01
419, 4.839845e-01, 5.270795e-01
420, 4.850702e-01, 4.294347e-01
421, 4.875619e-01, 2.958917e-01
422, 4.875619e-01, 3.148580e-01
423, 4.882812e-01, 7.878552e-01
424, 4.882812e-01, 7.788434e-01
425, 4.882991e-01, 5.227648e-01
426, 4.882991e-01, 5.023547e-01
427, 4.894047e-01, 6.144963e-01
428, 4.894047e-01, 6.497977e-01
429, 4.895807e-01, 1.746339e-01
430, 4.903134e-01, 2.931401e-01
431, 4.903134e-01, 2.693418e-01
432, 4.928242e-01, 2.000750e-01
433, 4.928242e-01, 1.778774e-01
434, 4.942666e-01, 6.546596e-01
435, 4.942666e-01, 6.724856e-01
436, 4.984923e-01, 4.964702e-01
437, 4.984923e-01, 4.780024e-01
438, 4.994655e-01, 5.637844e-01
439, 4.994655e-01, 5.928598e-01
440, 5.004507e-01, 6.760557e-01
441, 5.004507e-01, 7.042555e-01
442, 5.026831e-01, 7.961692e-01
443, 5.039961e-01, 6.060729e-01
444, 5.039961e-01, 5.973903e-01
445, 5.059456e-01, 2.603175e-01
446, 5.063633e-01, 7.140538e-01
447, 5.063633e-01, 7.101699e-01
448, 5.063814e-01, 3.781989e-01
449, 5.079077e-01, 2.087826e-01
450, 5.080781e-01, 3.267018e-01
451, 5.116045e-01, 4.447526e-01
452, 5.116045e-01, 4.648861e-01
453, 5.153921e-01, 3.224768e-01
454, 5.153921e-01, 2.931401e-01
455, 5.158506e-01, 5.064974e-01
456, 5.158506e-01, 5.227648e-01
457, 5.164483e-01, 2.038490e-01
458, 5.164483e-01, 1.778774e-01
459, 5.179143e-01, 4.411077e-01
460, 5.179143e-01, 4.140185e-01
461, 5.183347e-01, 6.657249e-01
462, 5.198981e-01, 7.788434e-01
463, 5.198981e-01, 7.862249e-01
464, 5.203899e-01, 6.155429e-01
465, 5.218315e-01, 1.724925e-01
466, 5.220575e-01, 5.289737e-01
467, 5.220575e-01, 5.507340e-01
468, 5.222734e-01, 2.862566e-01
469, 5.222734e-01, 2.697494e-01
470, 5.229806e-01, 3.877876e-01
471, 5.229806e-01, 4.089522e-01
472, 5.314590e-01, 2.125145e-01
473, 5.324155e-01, 7.291030e-01
474, 5.324155e-01, 7.101699e-01
475, 5.328777e-01, 2.636276e-01
476, 5.332048e-01, 4.499348e-01
477, 5.332048e-01, 4.648861e-01
478, 5.346073e-01, 8.226587e-01
479, 5.346073e-01, 7.947164e-01
480, 5.352449e-01, 6.069672e-01
481, 5.352449e-01, 5.973903e-01
482, 5.354714e-01, 7.343966e-01
483, 5.354714e-01, 7.632701e-01
484, 5.359079e-01, 3.511427e-01
485, 5.359079e-01, 3.343204e-01
486, 5.359140e-01, 4.675953e-01
487, 5.359140e-01, 4.949150e-01
488, 5.376865e-01, 8.257379e-01
489, 5.412146e-01, 3.564494e-01
490, 5.412146e-01, 3.772613e-01
491, 5.426059e-01, 6.999795e-01
492, 5.426059e-01, 6.797364e-01
493, 5.439987e-01, 5.634004e-01
494, 5.439987e-01, 5.886394e-01
495, 5.464389e-01, 1.724925e-01
496, 5.493643e-01, 4.089522e-01
497, 5.493643e-01, 3.819660e-01
498, 5.494830e-01, 6.526038e-01
499, 5.494830e-01, 6.757663e-01
500, 5.509383e-01, 7.433255e-01
501, 5.509383e-01, 7.632701e-01
502, 5.515247e-01, 7.849501e-01
503, 5.522548e-01, 2.862566e-01
504, 5.522548e-01, 2.748138e-01
505, 5.527748e-01, 4.386373e-01
506, 5.527748e-01, 4.123616e-01
507, 5.536074e-01, 5.051292e-01
508, 5.536074e-01, 5.289737e-01
509, 5.544315e-01, 5.573776e-01
510, 5.553622e-01, 6.185807e-01
511, 5.553622e-01, 6.467246e-01
512, 5.576900e-01, 2.916918e-01
513, 5.576900e-01, 3.217458e-01
514, 5.577862e-01, 1.838398e-01
515, 5.577862e-01, 1.973161e-01
516, 5.591265e-01, 6.999795e-01
517, 5.591265e-01, 6.813334e-01
518, 5.647685e-01, 3.730733e-01
519, 5.647685e-01, 3.564494e-01
520, 5.664746e-01, 5.886394e-01
521, 5.664746e-01, 6.121656e-01
522, 5.665056e-01, 5.643479e-01
523, 5.681639e-01, 7.090169e-01
524, 5.681639e-01, 7.333814e-01
525, 5.683344e-01, 4.476197e-01
526, 5.693656e-01, 2.367065e-01
527, 5.693656e-01, 2.649359e-01
528, 5.698866e-01, 4.957314e-01
529, 5.700390e-01, 3.288748e-01
530, 5.700390e-01, 3.511790e-01
531, 5.702304e-01, 7.957488e-01
532, 5.719352e-01, 2.341377e-01
533, 5.719352e-01, 2.054842e-01
534, 5.782794e-01, 3.241177e-01
535, 5.782794e-01, 2.916918e-01
536, 5.793530e-01, 6.467246e-01
537, 5.793530e-01, 6.696569e-01
538, 5.808845e-01, 2.003179e-01
539, 5.808845e-01, 1.838398e-01
540, 5.811196e-01, 5.297978e-01
541, 5.811196e-01, 5.022162e-01
542, 5.814837e-01, 4.123616e-01
543, 5.814837e-01, 3.827228e-01
544, 5.832214e-01, 2.729347e-01
545, 5.832214e-01, 2.867482e-01
546, 5.842328e-01, 4.151107e-01
547, 5.842328e-01, 4.384417e-01
548, 5.844596e-01, 7.875344e-01
549, 5.845316e-01, 5.332109e-01
550, 5.845316e-01, 5.539416e-01
551, 5.849547e-01, 6.228340e-01
552, 5.849547e-01, 6.411211e-01
553, 5.857156e-01, 7.435138e-01
554, 5.860688e-01, 1.786538e-01
555, 5.909370e-01, 2.061248e-01
556, 5.909370e-01, 2.341377e-01
557, 5.918579e-01, 3.511790e-01
558, 5.918579e-01, 3.319615e-01
559, 5.961449e-01, 4.935367e-01
560, 5.961449e-01, 4.691474e-01
561, 5.975952e-01, 2.646316e-01
562, 5.975952e-01, 2.407959e-01
563, 5.981384e-01, 3.574615e-01
564, 5.981384e-01, 3.731021e-01
565, 5.982868e-01, 8.463757e-01
566, 5.982868e-01, 8.241580e-01
567, 6.004397e-01, 5.631310e-01
568, 6.005273e-01, 7.968159e-01
569, 6.005273e-01, 8.219168e-01
570, 6.007851e-01, 4.480032e-01
571, 6.007851e-01, 4.645058e-01
572, 6.013136e-01, 7.090169e-01
573, 6.013136e-01, 7.345036e-01
574, 6.014672e-01, 6.132955e-01
575, 6.045094e-01, 6.841886e-01
576, 6.045094e-01, 7.058201e-01
577, 6.097664e-01, 5.332109e-01
578, 6.097664e-01, 5.577468e-01
579, 6.103834e-01, 1.948986e-01
580, 6.103834e-01, 1.786538e-01
581, 6.112032e-01, 7.906529e-01
582, 6.112032e-01, 7.626003e-01
583, 6.116167e-01, 2.727260e-01
584, 6.116167e-01, 2.867482e-01
585, 6.136327e-01, 7.416153e-01
586, 6.136327e-01, 7.601715e-01
587, 6.139442e-01, 1.750930e-01
588, 6.142512e-01, 6.411211e-01
589, 6.142512e-01, 6.206755e-01
590, 6.153138e-01, 4.396160e-01
591, 6.173206e-01, 3.841757e-01
592, 6.179179e-01, 5.061060e-01
593, 6.179179e-01, 5.250594e-01
594, 6.186714e-01, 2.938029e-01
595, 6.186714e-01, 3.164823e-01
596, 6.199105e-01, 6.467804e-01
597, 6.199105e-01, 6.752976e-01
598, 6.269479e-01, 4.463323e-01
599, 6.269479e-01, 4.645058e-01
600, 6.274674e-01, 6.130460e-01
601, 6.284794e-01, 3.777338e-01
602, 6.284794e-01, 3.574615e-01
603, 6.285939e-01, 5.686157e-01
604, 6.300284e-01, 6.811385e-01
605, 6.302396e-01, 2.619753e-01
606, 6.302396e-01, 2.407959e-01
607, 6.308790e-01, 8.020116e-01
608, 6.320062e-01, 7.310084e-01
609, 6.339276e-01, 4.968638e-01
610, 6.339276e-01, 4.714854e-01
611, 6.355998e-01, 3.262549e-01
612, 6.355998e-01, 3.503411e-01
613, 6.373837e-01, 2.336540e-01
614, 6.373837e-01, 2.104856e-01
615, 6.436487e-01, 6.223873e-01
616, 6.443649e-01, 7.381429e-01
617, 6.443649e-01, 7.601715e-01
618, 6.445125e-01, 2.702149e-01
619, 6.445125e-01, 2.938029e-01
620, 6.446419e-01, 4.131046e-01
621, 6.446419e-01, 4.361177e-01
622, 6.453916e-01, 6.722695e-01
623, 6.467459e-01, 5.042637e-01
624, 6.467459e-01, 5.250594e-01
625, 6.486082e-01, 1.750930e-01
626, 6.490636e-01, 3.184824e-01
627, 6.490636e-01, 2.983540e-01
628, 6.501631e-01, 3.902516e-01
629, 6.501631e-01, 4.075851e-01
630, 6.513164e-01, 2.024424e-01
631, 6.513164e-01, 1.778013e-01
632, 6.526064e-01, 7.684105e-01
633, 6.526064e-01, 7.894686e-01
634, 6.526822e-01, 5.547098e-01
635, 6.526822e-01, 5.309956e-01
636, 6.577637e-01, 3.503411e-01
637, 6.577637e-01, 3.235048e-01
638, 6.579691e-01, 7.302893e-01
639, 6.579691e-01, 7.077979e-01
640, 6.601037e-01, 4.714854e-01
641, 6.601037e-01, 4.965524e-01
642, 6.614231e-01, 8.229224e-01
643, 6.614231e-01, 7.945584e-01
644, 6.620779e-01, 7.036891e-01
645, 6.620779e-01, 6.819023e-01
646, 6.621976e-01, 3.547750e-01
647, 6.621976e-01, 3.833042e-01
648, 6.629112e-01, 6.112672e-01
649, 6.633556e-01, 4.682335e-01
650, 6.633556e-01, 4.469210e-01
651, 6.638216e-01, 8.483168e-01
652, 6.638216e-01, 8.253209e-01
653, 6.645662e-01, 5.615704e-01
654, 6.648393e-01, 2.336540e-01
655, 6.648393e-01, 2.102490e-01
656, 6.651158e-01, 2.583209e-01
657, 6.742509e-01, 1.778013e-01
658, 6.742509e-01, 1.516619e-01
659, 6.750394e-01, 7.866978e-01
660, 6.750394e-01, 7.684105e-01
661, 6.751670e-01, 3.907913e-01
662, 6.751670e-01, 4.075851e-01
663, 6.758760e-01, 4.396931e-01
664, 6.771669e-01, 6.485233e-01
665, 6.771669e-01, 6.194969e-01
666, 6.773637e-01, 1.809150e-01
667, 6.773637e-01, 2.030188e-01
668, 6.779101e-01, 3.118745e-01
669, 6.779101e-01, 2.983540e-01
670, 6.779260e-01, 7.655239e-01
671, 6.779260e-01, 7.418102e-01
672, 6.787193e-01, 5.533999e-01
673, 6.804905e-01, 5.083215e-01
674, 6.806382e-01, 6.711877e-01
675, 6.806382e-01, 6.519957e-01
676, 6.807630e-01, 2.673539e-01
677, 6.807630e-01, 2.955002e-01
678, 6.882641e-01, 2.093155e-01
679, 6.882641e-01, 2.339303e-01
680, 6.896021e-01, 7.036891e-01
681, 6.896021e-01, 6.763657e-01
682, 6.899332e-01, 5.868552e-01
683, 6.899332e-01, 5.598777e-01
684, 6.900794e-01, 4.478977e-01
685, 6.900794e-01, 4.682335e-01
686, 6.917171e-01, 3.198502e-01
687, 6.917171e-01, 3.547750e-01
688, 6.921710e-01, 2.378373e-01
689, 6.921710e-01, 2.607640e-01
690, 6.923198e-01, 8.470229e-01
691, 6.923198e-01, 8.253209e-01
692, 6.938814e-01, 3.569400e-01
693, 6.938814e-01, 3.799808e-01
694, 6.949135e-01, 7.319973e-01
695, 6.949135e-01, 7.090022e-01
696, 6.953972e-01, 4.997105e-01
697, 6.953972e-01, 4.735530e-01
698, 6.955507e-01, 7.985463e-01
699, 6.955507e-01, 8.220890e-01
700, 6.963678e-01, 6.084054e-01
701, 6.963678e-01, 5.932899e-01
702, 7.014951e-01, 3.142055e-01
703, 7.033726e-01, 2.672305e-01
704, 7.058508e-01, 1.991628e-01
705, 7.058508e-01, 1.809150e-01
706, 7.065041e-01, 5.061224e-01
707, 7.070580e-01, 7.655239e-01
708, 7.070580e-01, 7.919032e-01
709, 7.071442e-01, 4.082942e-01
710, 7.071442e-01, 3.876372e-01
711, 7.075365e-01, 5.497154e-01
712, 7.082610e-01, 6.655941e-01
713, 7.082610e-01, 6.519957e-01
714, 7.092813e-01, 1.774845e-01
715, 7.107951e-01, 7.617880e-01
716, 7.107951e-01, 7.411656e-01
717, 7.134764e-01, 4.343909e-01
718, 7.134764e-01, 4.146244e-01
719, 7.141830e-01, 6.460737e-01
720, 7.141830e-01, 6.186900e-01
721, 7.230636e-01, 3.569400e-01
722, 7.230636e-01, 3.784471e-01
723, 7.235739e-01, 4.962682e-01
724, 7.235739e-01, 4.735530e-01
725, 7.242582e-01, 5.932899e-01
726, 7.242582e-01, 6.128737e-01
727, 7.250574e-01, 5.598301e-01
728, 7.251644e-01, 2.546504e-01
729, 7.255039e-01, 8.220890e-01
730, 7.255039e-01, 8.464885e-01
731, 7.260290e-01, 8.028550e-01
732, 7.270245e-01, 2.113862e-01
733, 7.275342e-01, 7.315023e-01
734, 7.275342e-01, 7.090022e-01
735, 7.281908e-01, 3.296166e-01
736, 7.281908e-01, 3.518129e-01
737, 7.296997e-01, 4.437564e-01
738, 7.296997e-01, 4.674272e-01
739, 7.319415e-01, 5.010987e-01
740, 7.319415e-01, 5.302563e-01
741, 7.323282e-01, 6.794878e-01
742, 7.323282e-01, 7.042082e-01
743, 7.368135e-01, 6.201217e-01
744, 7.378189e-01, 6.763181e-01
745, 7.400249e-01, 4.146244e-01
746, 7.400249e-01, 4.377958e-01
747, 7.406016e-01, 7.390459e-01
748, 7.406016e-01, 7.617880e-01
749, 7.419634e-01, 1.774845e-01
750, 7.419634e-01, 2.027621e-01
751, 7.427774e-01, 5.496005e-01
752, 7.427774e-01, 5.410923e-01
753, 7.427850e-01, 3.211915e-01
754, 7.427850e-01, 2.936226e-01
755, 7.446349e-01, 4.100158e-01
756, 7.446349e-01, 3.909000e-01
757, 7.451399e-01, 7.918225e-01
758, 7.451399e-01, 7.663248e-01
759, 7.453881e-01, 2.663253e-01
760, 7.453881e-01, 2.910195e-01
761, 7.514959e-01, 7.327568e-01
762, 7.514959e-01, 7.042082e-01
763, 7.521552e-01, 8.215639e-01
764, 7.521552e-01, 8.484388e-01
765, 7.547764e-01, 7.973855e-01
766, 7.547764e-01, 8.189427e-01
767, 7.548531e-01, 6.861517e-01
768, 7.548531e-01, 7.008511e-01
769, 7.555294e-01, 6.093172e-01
770, 7.555294e-01, 5.924909e-01
771, 7.558703e-01, 4.674272e-01
772, 7.558703e-01, 4.469431e-01
773, 7.561523e-01, 2.601113e-01
774, 7.561523e-01, 2.359778e-01
775, 7.563241e-01, 2.110524e-01
776, 7.583972e-01, 4.699541e-01
777, 7.583972e-01, 4.858261e-01
778, 7.609243e-01, 3.814963e-01
779, 7.609243e-01, 3.518129e-01
780, 7.609267e-01, 3.316645e-01
781, 7.614784e-01, 5.865438e-01
782, 7.614784e-01, 5.603963e-01
783, 7.682886e-01, 5.410923e-01
784, 7.682886e-01, 5.564649e-01
785, 7.708127e-01, 7.663248e-01
786, 7.708127e-01, 7.439082e-01
787, 7.712555e-01, 7.878723e-01
788, 7.713342e-01, 2.688756e-01
789, 7.713342e-01, 2.910195e-01
790, 7.733899e-01, 3.886925e-01
791, 7.733899e-01, 4.100158e-01
792, 7.736376e-01, 6.197709e-01
793, 7.736376e-01, 6.470791e-01
794, 7.741916e-01, 2.007376e-01
795, 7.743544e-01, 4.362724e-01
796, 7.755365e-01, 1.515714e-01
797, 7.759680e-01, 6.494103e-01
798, 7.759680e-01, 6.739623e-01
799, 7.762703e-01, 3.228068e-01
800, 7.762703e-01, 2.959572e-01
801, 7.821700e-01, 5.272064e-01
802, 7.821700e-01, 4.995499e-01
803, 7.830705e-01, 8.189427e-01
804, 7.830705e-01, 7.946972e-01
805, 7.831173e-01, 3.830734e-01
806, 7.831173e-01, 3.518105e-01
807, 7.855684e-01, 6.128790e-01
808, 7.858822e-01, 7.008511e-01
809, 7.858822e-01, 6.796893e-01
810, 7.869311e-01, 5.672339e-01
811, 7.880906e-01, 3.468357e-01
812, 7.880906e-01, 3.296348e-01
813, 7.890374e-01, 2.358060e-01
814, 7.890374e-01, 2.586492e-01
815, 7.891626e-01, 4.955106e-01
816, 7.891626e-01, 4.699541e-01
817, 7.897082e-01, 2.097008e-01
818, 7.897659e-01, 4.451750e-01
819, 7.913101e-01, 8.271849e-01
820, 7.930635e-01, 7.080347e-01
821, 7.930635e-01, 7.310549e-01
822, 8.001079e-01, 7.667677e-01
823, 8.001079e-01, 7.848617e-01
824, 8.002762e-01, 2.959572e-01
825, 8.002762e-01, 3.226002e-01
826, 8.004919e-01, 2.034755e-01
827, 8.005537e-01, 6.494102e-01
828, 8.005537e-01, 6.712195e-01
829, 8.013544e-01, 6.219921e-01
830, 8.017285e-01, 5.027647e-01
831, 8.017285e-01, 5.272064e-01
832, 8.023090e-01, 4.109804e-01
833, 8.023090e-01, 4.379340e-01
834, 8.028883e-01, 3.944870e-01
835, 8.047805e-01, 7.378190e-01
836, 8.047805e-01, 7.620965e-01
837, 8.069456e-01, 2.689875e-01
838, 8.069456e-01, 2.892878e-01
839, 8.076327e-01, 5.552831e-01
840, 8.076327e-01, 5.331107e-01
841, 8.162100e-01, 6.802577e-01
842, 8.168385e-01, 4.940419e-01
843, 8.171425e-01, 2.351353e-01
844, 8.171425e-01, 2.130877e-01
845, 8.173345e-01, 7.305717e-01
846, 8.179557e-01, 4.469666e-01
847, 8.183377e-01, 6.121878e-01
848, 8.183377e-01, 5.851811e-01
849, 8.187064e-01, 5.616758e-01
850, 8.189943e-01, 3.334059e-01
851, 8.189943e-01, 3.468357e-01
852, 8.195847e-01, 2.375767e-01
853, 8.195847e-01, 2.616910e-01
854, 8.227048e-01, 8.433416e-01
855, 8.229574e-01, 3.507987e-01
856, 8.229574e-01, 3.829014e-01
857, 8.237810e-01, 7.985280e-01
858, 8.323875e-01, 7.620965e-01
859, 8.323875e-01, 7.392617e-01
860, 8.332510e-01, 5.532793e-01
861, 8.332510e-01, 5.331107e-01
862, 8.348383e-01, 2.704968e-01
863, 8.348383e-01, 2.892878e-01
864, 8.350826e-01, 3.899011e-01
865, 8.354241e-01, 6.486096e-01
866, 8.354241e-01, 6.691656e-01
867, 8.354734e-01, 6.220800e-01
868, 8.366877e-01, 1.741433e-01
869, 8.366877e-01, 1.558129e-01
870, 8.368301e-01, 4.360706e-01
871, 8.378969e-01, 7.903791e-01
872, 8.378969e-01, 7.676041e-01
873, 8.382207e-01, 3.223067e-01
874, 8.382207e-01, 2.926702e-01
875, 8.394672e-01, 5.268944e-01
876, 8.394672e-01, 5.071052e-01
877, 8.398838e-01, 1.999594e-01
878, 8.398838e-01, 1.773394e-01
879, 8.467723e-01, 3.507987e-01
880, 8.467723e-01, 3.272435e-01
881, 1.558145e-01, 8.249905e-01
882, 1.795926e-01, 5.302973e-01
883, 1.745772e-01, 2.929900e-01
884, 1.884549e-01, 4.757114e-01
885, 2.004907e-01, 5.283483e-01
886, 2.039358e-01, 6.499502e-01
887, 2.192624e-01, 7.082246e-01
888, 2.412808e-01, 5.583441e-01
889, 2.489218e-01, 3.541034e-01
890, 2.543126e-01, 2.360058e-01
891, 2.660855e-01, 7.627682e-01
892, 2.827167e-01, 8.208170e-01
893, 3.003364e-01, 4.116957e-01
894, 3.113854e-01, 5.918775e-01
895, 3.405057e-01, 2.045650e-01
896, 4.257768e-01, 7.660096e-01
897, 4.298866e-01, 4.131695e-01
898, 4.212641e-01, 5.292466e-01
899, 4.416772e-01, 7.062534e-01
900, 4.588309e-01, 5.277024e-01
901, 4.544603e-01, 7.677726e-01
902, 4.575868e-01, 2.949923e-01
903, 4.707713e-01, 5.918461e-01
904, 4.708459e-01, 3.521547e-01
905, 4.842369e-01, 4.131855e-01
906, 5.017116e-01, 8.236305e-01
907, 5.072298e-01, 3.519914e-01
908, 5.069266e-01, 2.362692e-01
909, 5.193623e-01, 6.536317e-01
910, 5.321684e-01, 2.359973e-01
911, 5.694405e-01, 8.249479e-01
912, 5.691105e-01, 4.683714e-01
913, 5.850876e-01, 7.632283e-01
914, 6.009535e-01, 5.891221e-01
915, 6.163172e-01, 4.141077e-01
916, 6.313818e-01, 8.224196e-01
917, 6.310173e-01, 7.068090e-01
918, 6.280306e-01, 5.890728e-01
919, 6.445201e-01, 6.476519e-01
920, 6.637387e-01, 5.876825e-01
921, 6.796049e-01, 5.301097e-01
922, 7.024339e-01, 2.945614e-01
923, 7.070203e-01, 5.297401e-01
924, 7.260945e-01, 2.369076e-01
925, 7.373162e-01, 6.465764e-01
926, 7.748641e-01, 1.763985e-01
927, 7.862498e-01, 5.858625e-01
928, 8.012832e-01, 1.749346e-01
929, 8.232429e-01, 8.266467e-01
930, 8.173971e-01, 4.687920e-01
931, 8.167723e-01, 7.085969e-01
932, 8.359564e-01, 4.112748e-01
933, 1.500000e-01, 7.033483e-01
934, 1.500000e-01, 5.834891e-01
935, 1.500000e-01, 8.248090e-01
936, 1.500000e-01, 2.367278e-01
937, 1.500000e-01, 6.778434e-01
938, 1.500000e-01, 7.958071e-01
939, 1.500000e-01, 6.201890e-01
940, 1.500000e-01, 6.472163e-01
941, 1.500000e-01, 4.926153e-01
942, 1.500000e-01, 7.335276e-01
943, 1.500000e-01, 7.669415e-01
944, 1.500000e-01, 2.067300e-01
945, 1.500000e-01, 2.666155e-01
946, 1.500000e-01, 1.751616e-01
947, 1.500000e-01, 3.234943e-01
948, 1.500000e-01, 2.930110e-01
949, 1.500000e-01, 4.133877e-01
950, 1.500000e-01, 5.659773e-01
951, 1.500000e-01, 5.304505e-01
952, 1.500000e-01, 4.699853e-01
953, 1.500000e-01, 4.442452e-01
954, 1.684323e-01, 1.500000e-01
955, 1.882356e-01, 8.500000e-01
956, 1.816235e-01, 1.500000e-01
957, 1.930707e-01, 8.500000e-01
958, 1.930694e-01, 1.500000e-01
959, 2.180993e-01, 1.500000e-01
960, 2.325662e-01, 1.500000e-01
961, 2.148460e-01, 8.500000e-01
962, 2.369546e-01, 1.500000e-01
963, 2.565335e-01, 8.500000e-01
964, 2.720151e-01, 8.500000e-01
965, 2.918678e-01, 8.500000e-01
966, 3.019531e-01, 1.500000e-01
967, 3.183886e-01, 8.500000e-01
968, 3.167925e-01, 1.500000e-01
969, 3.396756e-01, 8.500000e-01
970, 3.522674e-01, 1.500000e-01
971, 3.516331e-01, 8.500000e-01
972, 3.711345e-01, 8.500000e-01
973, 3.845513e-01, 8.500000e-01
974, 3.975739e-01, 1.500000e-01
975, 4.173951e-01, 1.500000e-01
976, 4.333475e-01, 1.500000e-01
977, 4.472234e-01, 1.500000e-01
978, 4.700766e-01, 8.500000e-01
979, 4.647092e-01, 1.500000e-01
980, 4.769063e-01, 8.500000e-01
981, 5.008111e-01, 8.500000e-01
982, 5.218315e-01, 1.500000e-01
983, 5.376865e-01, 8.500000e-01
984, 5.464389e-01, 1.500000e-01
985, 5.687187e-01, 8.500000e-01
986, 5.920126e-01, 8.500000e-01
987, 5.860688e-01, 1.500000e-01
988, 6.045650e-01, 8.500000e-01
989, 6.139442e-01, 1.500000e-01
990, 6.318516e-01, 8.500000e-01
991, 6.609059e-01, 8.500000e-01
992, 6.486082e-01, 1.500000e-01
993, 6.667374e-01, 8.500000e-01
994, 6.713722e-01, 1.500000e-01
995, 6.871660e-01, 8.500000e-01
996, 6.771279e-01, 1.500000e-01
997, 6.974769e-01, 8.500000e-01
998, 7.194211e-01, 8.500000e-01
999, 7.092813e-01, 1.500000e-01
1000, 7.315867e-01, 8.500000e-01
1001, 7.494508e-01, 8.500000e-01
1002, 7.423173e-01, 1.500000e-01
1003, 7.548596e-01, 8.500000e-01
1004, 7.728145e-01, 1.500000e-01
1005, 7.782568e-01, 1.500000e-01
1006, 8.111709e-01, 8.500000e-01
1007, 8.342387e-01, 8.500000e-01
1008, 8.500000e-01, 4.692676e-01
1009, 8.500000e-01, 5.857278e-01
1010, 8.500000e-01, 7.091116e-01
1011, 8.500000e-01, 2.375767e-01
1012, 8.266184e-01, 1.500000e-01
1013, 8.500000e-01, 7.973661e-01
1014, 8.500000e-01, 6.775801e-01
1015, 8.500000e-01, 3.812895e-01
1016, 8.500000e-01, 5.629484e-01
1017, 8.500000e-01, 6.136939e-01
1018, 8.500000e-01, 6.485871e-01
1019, 8.500000e-01, 7.290942e-01
1020, 8.500000e-01, 7.676041e-01
1021, 8.500000e-01, 2.057993e-01
1022, 8.500000e-01, 4.116888e-01
1023, 8.467570e-01, 1.500000e-01
1024, 8.500000e-01, 1.773394e-01
1025, 8.500000e-01, 2.617441e-01
1026, 8.500000e-01, 2.926702e-01
1027, 8.500000e-01, 5.010248e-01
1028, 8.500000e-01, 5.268944e-01
1029, 8.500000e-01, 8.057326e-01
1030, 8.500000e-01, 3.540265e-01
1031, 8.500000e-01, 3.253801e-01
1032, 8.500000e-01, 4.491112e-01
1033, 1.505597e-01, 3.565347e-01
1034, 1.505597e-01, 3.768773e-01
1035, 1.569044e-01, 8.498332e-01
1036, 2.649302e-01, 1.500009e-01
1037, 3.565112e-01, 1.502395e-01
1038, 4.090686e-01, 8.499654e-01
1039, 4.410897e-01, 8.497542e-01
1040, 4.897372e-01, 1.500903e-01
1041, 7.916418e-01, 8.498086e-01
1042, 8.024163e-01, 1.501973e-01
1043, 8.495679e-01, 8.499303e-01
1044, 8.497236e-01, 8.261018e-01
1045, 8.498868e-01, 4.434774e-01
