1, 1.530400e-01, 4.587179e-01
2, 1.552712e-01, 5.625413e-01
3, 1.563328e-01, 1.799066e-01
4, 1.564806e-01, 3.351573e-01
5, 1.574802e-01, 6.654634e-01
6, 1.577396e-01, 6.579168e-01
7, 1.579005e-01, 3.765228e-01
8, 1.582657e-01, 3.905184e-01
9, 1.584974e-01, 7.283553e-01
10, 1.596180e-01, 7.037809e-01
11, 1.601705e-01, 8.196615e-01
12, 1.608837e-01, 7.068390e-01
13, 1.612756e-01, 8.454109e-01
14, 1.613262e-01, 2.732883e-01
15, 1.613531e-01, 2.702300e-01
16, 1.614468e-01, 5.291845e-01
17, 1.625127e-01, 3.237466e-01
18, 1.631777e-01, 1.676943e-01
19, 1.679667e-01, 4.243532e-01
20, 1.691954e-01, 5.892461e-01
21, 1.704382e-01, 2.059146e-01
22, 1.727341e-01, 5.025905e-01
23, 1.741158e-01, 2.065730e-01
24, 1.749992e-01, 7.475981e-01
25, 1.752308e-01, 3.462432e-01
26, 1.755893e-01, 4.701350e-01
27, 1.758506e-01, 7.366077e-01
28, 1.758964e-01, 7.982616e-01
29, 1.761742e-01, 3.632347e-01
30, 1.761941e-01, 5.174632e-01
31, 1.762137e-01, 5.208530e-01
32, 1.764608e-01, 8.069823e-01
33, 1.769181e-01, 6.193021e-01
34, 1.783779e-01, 6.797068e-01
35, 1.785450e-01, 4.070971e-01
36, 1.799169e-01, 2.453826e-01
37, 1.802212e-01, 2.364367e-01
38, 1.802351e-01, 4.097188e-01
39, 1.808179e-01, 6.436154e-01
40, 1.823288e-01, 2.801336e-01
41, 1.829033e-01, 4.840640e-01
42, 1.833019e-01, 5.833495e-01
43, 1.834123e-01, 1.673757e-01
44, 1.845651e-01, 4.102923e-01
45, 1.866631e-01, 1.665701e-01
46, 1.873337e-01, 3.675228e-01
47, 1.873355e-01, 3.205580e-01
48, 1.904559e-01, 8.160982e-01
49, 1.904923e-01, 5.451399e-01
50, 1.908780e-01, 7.195604e-01
51, 1.915424e-01, 7.256842e-01
52, 1.917505e-01, 2.776889e-01
53, 1.922338e-01, 7.825240e-01
54, 1.922565e-01, 4.505440e-01
55, 1.925069e-01, 3.298735e-01
56, 1.926288e-01, 3.235825e-01
57, 1.928626e-01, 6.771208e-01
58, 1.929432e-01, 2.145370e-01
59, 1.932940e-01, 2.197138e-01
60, 1.937724e-01, 6.515704e-01
61, 1.946663e-01, 8.307139e-01
62, 1.967558e-01, 7.654576e-01
63, 1.968873e-01, 5.343684e-01
64, 1.970772e-01, 6.063779e-01
65, 1.983278e-01, 2.656211e-01
66, 2.012998e-01, 3.652620e-01
67, 2.020296e-01, 3.444222e-01
68, 2.026702e-01, 5.341623e-01
69, 2.028747e-01, 4.838705e-01
70, 2.044630e-01, 4.265804e-01
71, 2.050166e-01, 4.575563e-01
72, 2.057894e-01, 2.324506e-01
73, 2.066738e-01, 1.921522e-01
74, 2.068918e-01, 1.984688e-01
75, 2.072939e-01, 6.204208e-01
76, 2.078754e-01, 6.859080e-01
77, 2.100391e-01, 6.970939e-01
78, 2.110573e-01, 8.451451e-01
79, 2.115043e-01, 3.002836e-01
80, 2.115384e-01, 3.103225e-01
81, 2.119771e-01, 7.355720e-01
82, 2.120699e-01, 6.427899e-01
83, 2.125866e-01, 7.889796e-01
84, 2.126118e-01, 2.572333e-01
85, 2.133236e-01, 5.088935e-01
86, 2.134539e-01, 7.566354e-01
87, 2.179490e-01, 3.762339e-01
88, 2.185260e-01, 3.938699e-01
89, 2.190924e-01, 8.093430e-01
90, 2.203402e-01, 4.284028e-01
91, 2.212679e-01, 5.471904e-01
92, 2.215416e-01, 3.970098e-01
93, 2.217999e-01, 4.513627e-01
94, 2.221240e-01, 5.517751e-01
95, 2.226390e-01, 7.269040e-01
96, 2.227999e-01, 7.613056e-01
97, 2.240342e-01, 7.107804e-01
98, 2.243191e-01, 4.249084e-01
99, 2.244377e-01, 7.768576e-01
100, 2.255932e-01, 4.791247e-01
101, 2.258169e-01, 2.599210e-01
102, 2.258353e-01, 1.681921e-01
103, 2.259500e-01, 8.254761e-01
104, 2.271166e-01, 6.512186e-01
105, 2.273755e-01, 4.761479e-01
106, 2.286398e-01, 2.028799e-01
107, 2.290485e-01, 6.689737e-01
108, 2.299734e-01, 8.131811e-01
109, 2.317656e-01, 4.618547e-01
110, 2.318974e-01, 5.991441e-01
111, 2.327754e-01, 2.874705e-01
112, 2.339205e-01, 6.090328e-01
113, 2.352150e-01, 5.017303e-01
114, 2.362243e-01, 2.542196e-01
115, 2.363513e-01, 3.612316e-01
116, 2.363614e-01, 2.314398e-01
117, 2.364754e-01, 3.482556e-01
118, 2.371360e-01, 7.346755e-01
119, 2.375081e-01, 7.536006e-01
120, 2.388864e-01, 3.053031e-01
121, 2.397045e-01, 2.910836e-01
122, 2.401014e-01, 3.405119e-01
123, 2.403805e-01, 5.355941e-01
124, 2.415116e-01, 8.089718e-01
125, 2.427754e-01, 2.220686e-01
126, 2.437751e-01, 1.760173e-01
127, 2.451912e-01, 7.067498e-01
128, 2.454194e-01, 3.130011e-01
129, 2.458213e-01, 6.186280e-01
130, 2.458873e-01, 6.422132e-01
131, 2.460294e-01, 8.004088e-01
132, 2.474175e-01, 4.292189e-01
133, 2.475404e-01, 1.900027e-01
134, 2.476683e-01, 5.643683e-01
135, 2.500192e-01, 3.327512e-01
136, 2.506913e-01, 4.255497e-01
137, 2.508894e-01, 5.935668e-01
138, 2.514693e-01, 6.760913e-01
139, 2.526331e-01, 5.746964e-01
140, 2.528720e-01, 5.490836e-01
141, 2.533430e-01, 8.232423e-01
142, 2.549020e-01, 3.923051e-01
143, 2.561864e-01, 1.674317e-01
144, 2.571262e-01, 6.740563e-01
145, 2.574355e-01, 4.529749e-01
146, 2.574855e-01, 4.900074e-01
147, 2.575676e-01, 3.899209e-01
148, 2.575785e-01, 5.990856e-01
149, 2.580093e-01, 5.042395e-01
150, 2.592821e-01, 7.177561e-01
151, 2.594203e-01, 6.036723e-01
152, 2.596936e-01, 7.621519e-01
153, 2.600978e-01, 7.912731e-01
154, 2.606874e-01, 3.775861e-01
155, 2.612090e-01, 2.803729e-01
156, 2.616549e-01, 2.607784e-01
157, 2.637024e-01, 2.181348e-01
158, 2.658813e-01, 6.530936e-01
159, 2.678648e-01, 4.573051e-01
160, 2.690286e-01, 1.990994e-01
161, 2.693518e-01, 2.537971e-01
162, 2.693528e-01, 2.057224e-01
163, 2.706132e-01, 8.454624e-01
164, 2.706316e-01, 2.342400e-01
165, 2.709999e-01, 1.959027e-01
166, 2.714199e-01, 2.982563e-01
167, 2.715590e-01, 6.503439e-01
168, 2.718926e-01, 7.934090e-01
169, 2.727887e-01, 2.908517e-01
170, 2.733591e-01, 3.360847e-01
171, 2.738509e-01, 3.717590e-01
172, 2.739865e-01, 7.516368e-01
173, 2.741219e-01, 7.388781e-01
174, 2.756172e-01, 3.995820e-01
175, 2.772453e-01, 6.984525e-01
176, 2.774285e-01, 4.567450e-01
177, 2.788204e-01, 4.967640e-01
178, 2.793468e-01, 3.741640e-01
179, 2.806590e-01, 3.310614e-01
180, 2.807305e-01, 3.792593e-01
181, 2.810686e-01, 5.397537e-01
182, 2.816910e-01, 4.889245e-01
183, 2.821095e-01, 3.283028e-01
184, 2.858580e-01, 7.355172e-01
185, 2.861960e-01, 6.557556e-01
186, 2.866543e-01, 1.846963e-01
187, 2.874014e-01, 4.208154e-01
188, 2.875008e-01, 4.162337e-01
189, 2.879984e-01, 5.594985e-01
190, 2.880235e-01, 1.582608e-01
191, 2.882018e-01, 4.511702e-01
192, 2.884903e-01, 8.263048e-01
193, 2.899573e-01, 7.842297e-01
194, 2.901032e-01, 6.985552e-01
195, 2.905758e-01, 2.602086e-01
196, 2.909778e-01, 5.429502e-01
197, 2.913670e-01, 4.310059e-01
198, 2.920528e-01, 7.599938e-01
199, 2.932764e-01, 1.734900e-01
200, 2.948160e-01, 2.879263e-01
201, 2.958327e-01, 6.809123e-01
202, 2.964787e-01, 5.407835e-01
203, 2.974983e-01, 4.015285e-01
204, 2.994118e-01, 4.572375e-01
205, 3.000414e-01, 2.735556e-01
206, 3.003633e-01, 6.993939e-01
207, 3.028213e-01, 6.273178e-01
208, 3.046564e-01, 5.848142e-01
209, 3.049837e-01, 7.531304e-01
210, 3.053791e-01, 7.492593e-01
211, 3.058610e-01, 5.114332e-01
212, 3.076727e-01, 4.830328e-01
213, 3.078514e-01, 3.117703e-01
214, 3.089236e-01, 2.343868e-01
215, 3.095879e-01, 2.046915e-01
216, 3.104504e-01, 3.648900e-01
217, 3.111866e-01, 2.156103e-01
218, 3.123992e-01, 8.062255e-01
219, 3.124363e-01, 3.529400e-01
220, 3.130091e-01, 7.978821e-01
221, 3.148023e-01, 6.560455e-01
222, 3.165277e-01, 3.932338e-01
223, 3.194928e-01, 3.756251e-01
224, 3.209568e-01, 2.138040e-01
225, 3.211588e-01, 3.161607e-01
226, 3.224478e-01, 3.427497e-01
227, 3.225843e-01, 6.597556e-01
228, 3.230616e-01, 7.637264e-01
229, 3.235392e-01, 2.648693e-01
230, 3.240184e-01, 4.268463e-01
231, 3.241751e-01, 7.877028e-01
232, 3.260481e-01, 1.744341e-01
233, 3.269291e-01, 6.213227e-01
234, 3.270216e-01, 8.176024e-01
235, 3.280540e-01, 7.287420e-01
236, 3.283166e-01, 4.518645e-01
237, 3.287121e-01, 7.141231e-01
238, 3.294228e-01, 6.709851e-01
239, 3.294492e-01, 4.954062e-01
240, 3.309879e-01, 5.969996e-01
241, 3.314181e-01, 5.619932e-01
242, 3.341342e-01, 7.085452e-01
243, 3.348484e-01, 5.952185e-01
244, 3.350922e-01, 6.325672e-01
245, 3.350981e-01, 6.387063e-01
246, 3.356729e-01, 8.457062e-01
247, 3.357682e-01, 6.760544e-01
248, 3.364816e-01, 7.395190e-01
249, 3.366146e-01, 4.074092e-01
250, 3.367162e-01, 4.180188e-01
251, 3.370239e-01, 7.902481e-01
252, 3.372376e-01, 3.763551e-01
253, 3.383711e-01, 1.937036e-01
254, 3.385615e-01, 7.542527e-01
255, 3.387771e-01, 4.821413e-01
256, 3.389017e-01, 2.822756e-01
257, 3.399026e-01, 1.799797e-01
258, 3.412553e-01, 6.899664e-01
259, 3.414046e-01, 3.072635e-01
260, 3.441544e-01, 5.304668e-01
261, 3.442952e-01, 3.512324e-01
262, 3.446546e-01, 4.605790e-01
263, 3.447068e-01, 3.973644e-01
264, 3.447497e-01, 4.550050e-01
265, 3.454941e-01, 8.115637e-01
266, 3.460993e-01, 2.325938e-01
267, 3.526401e-01, 4.365208e-01
268, 3.533427e-01, 5.965306e-01
269, 3.534392e-01, 4.462364e-01
270, 3.536946e-01, 8.386648e-01
271, 3.538677e-01, 5.309811e-01
272, 3.539207e-01, 8.155252e-01
273, 3.542127e-01, 2.168579e-01
274, 3.556152e-01, 7.616563e-01
275, 3.556152e-01, 7.823978e-01
276, 3.556919e-01, 2.285881e-01
277, 3.560340e-01, 1.750479e-01
278, 3.590914e-01, 6.059626e-01
279, 3.598843e-01, 3.110045e-01
280, 3.601368e-01, 3.482820e-01
281, 3.605144e-01, 6.117806e-01
282, 3.607411e-01, 7.587607e-01
283, 3.612713e-01, 3.404025e-01
284, 3.613208e-01, 1.603910e-01
285, 3.619495e-01, 6.457516e-01
286, 3.621342e-01, 8.074718e-01
287, 3.626540e-01, 6.646906e-01
288, 3.634810e-01, 5.617386e-01
289, 3.636307e-01, 3.086209e-01
290, 3.640034e-01, 3.540934e-01
291, 3.647692e-01, 2.834948e-01
292, 3.649521e-01, 6.158172e-01
293, 3.658523e-01, 5.476803e-01
294, 3.661891e-01, 5.687136e-01
295, 3.666418e-01, 7.917187e-01
296, 3.682815e-01, 3.985629e-01
297, 3.686022e-01, 6.542866e-01
298, 3.697550e-01, 4.200500e-01
299, 3.700291e-01, 7.311630e-01
300, 3.708544e-01, 6.917240e-01
301, 3.721621e-01, 4.510012e-01
302, 3.723024e-01, 2.344711e-01
303, 3.724265e-01, 7.283516e-01
304, 3.734315e-01, 2.491601e-01
305, 3.774219e-01, 7.257715e-01
306, 3.779406e-01, 5.047035e-01
307, 3.790470e-01, 6.965166e-01
308, 3.795419e-01, 3.642327e-01
309, 3.811503e-01, 3.863807e-01
310, 3.811767e-01, 4.802186e-01
311, 3.831703e-01, 3.714782e-01
312, 3.835395e-01, 3.095414e-01
313, 3.840783e-01, 7.867739e-01
314, 3.847645e-01, 2.236920e-01
315, 3.850875e-01, 6.520335e-01
316, 3.867172e-01, 5.381223e-01
317, 3.876864e-01, 2.621271e-01
318, 3.877613e-01, 7.669447e-01
319, 3.879461e-01, 2.673951e-01
320, 3.881419e-01, 8.378633e-01
321, 3.885423e-01, 5.189731e-01
322, 3.896695e-01, 1.866327e-01
323, 3.904881e-01, 8.203096e-01
324, 3.909993e-01, 6.661324e-01
325, 3.912597e-01, 5.323909e-01
326, 3.915267e-01, 1.549088e-01
327, 3.916459e-01, 4.453638e-01
328, 3.925513e-01, 4.320377e-01
329, 3.926601e-01, 6.222648e-01
330, 3.934476e-01, 2.225413e-01
331, 3.940132e-01, 3.261355e-01
332, 3.951477e-01, 7.362911e-01
333, 3.964347e-01, 1.639526e-01
334, 3.968411e-01, 5.753301e-01
335, 3.974381e-01, 5.944761e-01
336, 4.004281e-01, 7.574724e-01
337, 4.009756e-01, 6.413580e-01
338, 4.011894e-01, 1.947197e-01
339, 4.023466e-01, 6.352857e-01
340, 4.026425e-01, 6.936113e-01
341, 4.032030e-01, 4.562005e-01
342, 4.043607e-01, 3.359790e-01
343, 4.044275e-01, 4.019367e-01
344, 4.050105e-01, 2.249213e-01
345, 4.057129e-01, 4.173521e-01
346, 4.063348e-01, 7.597500e-01
347, 4.076580e-01, 8.023773e-01
348, 4.100219e-01, 3.366983e-01
349, 4.107780e-01, 8.023127e-01
350, 4.113971e-01, 1.963827e-01
351, 4.115165e-01, 2.175903e-01
352, 4.125263e-01, 4.565903e-01
353, 4.141994e-01, 8.446405e-01
354, 4.145038e-01, 6.299011e-01
355, 4.160196e-01, 3.710788e-01
356, 4.181257e-01, 7.903283e-01
357, 4.184305e-01, 7.034267e-01
358, 4.185481e-01, 2.511770e-01
359, 4.186283e-01, 8.408008e-01
360, 4.189948e-01, 2.774529e-01
361, 4.197359e-01, 7.240279e-01
362, 4.197567e-01, 1.574528e-01
363, 4.203580e-01, 8.149919e-01
364, 4.213945e-01, 3.574178e-01
365, 4.232724e-01, 2.539487e-01
366, 4.237727e-01, 4.987250e-01
367, 4.238165e-01, 5.387243e-01
368, 4.251648e-01, 3.881244e-01
369, 4.254426e-01, 5.657222e-01
370, 4.268277e-01, 6.124922e-01
371, 4.272487e-01, 5.091799e-01
372, 4.278768e-01, 5.054034e-01
373, 4.284465e-01, 6.034767e-01
374, 4.300250e-01, 7.543198e-01
375, 4.307496e-01, 4.674256e-01
376, 4.318222e-01, 5.284974e-01
377, 4.328517e-01, 1.821510e-01
378, 4.338500e-01, 2.523616e-01
379, 4.348651e-01, 2.866531e-01
380, 4.351248e-01, 1.695051e-01
381, 4.356290e-01, 4.211889e-01
382, 4.357897e-01, 6.936965e-01
383, 4.385078e-01, 7.807145e-01
384, 4.392680e-01, 3.940462e-01
385, 4.400315e-01, 4.651278e-01
386, 4.407401e-01, 5.725587e-01
387, 4.407725e-01, 6.730427e-01
388, 4.417060e-01, 8.456794e-01
389, 4.431580e-01, 3.565158e-01
390, 4.442171e-01, 7.834339e-01
391, 4.447629e-01, 2.178314e-01
392, 4.452633e-01, 8.133663e-01
393, 4.453944e-01, 5.952211e-01
394, 4.461171e-01, 6.700701e-01
395, 4.488393e-01, 2.306216e-01
396, 4.489733e-01, 4.964924e-01
397, 4.494142e-01, 2.009967e-01
398, 4.495034e-01, 7.155420e-01
399, 4.498121e-01, 8.157434e-01
400, 4.499516e-01, 3.412782e-01
401, 4.513280e-01, 3.870848e-01
402, 4.539055e-01, 1.601897e-01
403, 4.540918e-01, 5.299952e-01
404, 4.544634e-01, 3.791796e-01
405, 4.546757e-01, 4.765669e-01
406, 4.548233e-01, 2.726472e-01
407, 4.550611e-01, 6.501726e-01
408, 4.550926e-01, 6.009913e-01
409, 4.551929e-01, 1.558534e-01
410, 4.567532e-01, 7.841689e-01
411, 4.567702e-01, 5.664578e-01
412, 4.584018e-01, 8.335821e-01
413, 4.587470e-01, 4.757533e-01
414, 4.598552e-01, 4.346473e-01
415, 4.622425e-01, 6.002319e-01
416, 4.629668e-01, 5.677409e-01
417, 4.635855e-01, 1.957243e-01
418, 4.668843e-01, 7.447444e-01
419, 4.673777e-01, 7.878563e-01
420, 4.680499e-01, 7.995951e-01
421, 4.682479e-01, 4.264489e-01
422, 4.686050e-01, 6.841143e-01
423, 4.689188e-01, 1.761396e-01
424, 4.693165e-01, 3.377096e-01
425, 4.697781e-01, 2.887307e-01
426, 4.702205e-01, 5.183407e-01
427, 4.708279e-01, 5.221781e-01
428, 4.708679e-01, 2.347154e-01
429, 4.717406e-01, 3.065887e-01
430, 4.722000e-01, 7.110921e-01
431, 4.733715e-01, 4.022454e-01
432, 4.744657e-01, 7.071058e-01
433, 4.749310e-01, 2.597740e-01
434, 4.764482e-01, 7.206033e-01
435, 4.765900e-01, 8.379869e-01
436, 4.767522e-01, 7.582677e-01
437, 4.785457e-01, 7.797674e-01
438, 4.787013e-01, 4.533506e-01
439, 4.811423e-01, 3.244550e-01
440, 4.812499e-01, 3.148701e-01
441, 4.828969e-01, 7.624979e-01
442, 4.836317e-01, 1.754284e-01
443, 4.842162e-01, 2.803339e-01
444, 4.844312e-01, 4.856343e-01
445, 4.853532e-01, 4.911448e-01
446, 4.853713e-01, 8.202729e-01
447, 4.863952e-01, 5.619980e-01
448, 4.885168e-01, 5.641536e-01
449, 4.892172e-01, 5.320885e-01
450, 4.892295e-01, 3.534030e-01
451, 4.893715e-01, 3.640412e-01
452, 4.903874e-01, 2.679915e-01
453, 4.906594e-01, 2.149910e-01
454, 4.914436e-01, 4.549492e-01
455, 4.921732e-01, 4.235773e-01
456, 4.921903e-01, 3.672041e-01
457, 4.922572e-01, 6.726277e-01
458, 4.924129e-01, 3.439620e-01
459, 4.939126e-01, 3.093524e-01
460, 4.943778e-01, 5.795092e-01
461, 4.952941e-01, 7.911458e-01
462, 4.957255e-01, 6.370014e-01
463, 4.964786e-01, 6.159797e-01
464, 4.973203e-01, 2.992487e-01
465, 4.975498e-01, 4.566012e-01
466, 4.977871e-01, 4.017528e-01
467, 4.977928e-01, 7.316679e-01
468, 5.001447e-01, 8.131339e-01
469, 5.005063e-01, 4.626752e-01
470, 5.009879e-01, 1.922277e-01
471, 5.012228e-01, 4.198603e-01
472, 5.029463e-01, 5.034650e-01
473, 5.035989e-01, 4.073835e-01
474, 5.037940e-01, 6.751114e-01
475, 5.041622e-01, 7.519379e-01
476, 5.044154e-01, 6.971951e-01
477, 5.055730e-01, 1.903212e-01
478, 5.057917e-01, 4.366002e-01
479, 5.072084e-01, 6.711313e-01
480, 5.072676e-01, 8.133856e-01
481, 5.086226e-01, 2.262684e-01
482, 5.091257e-01, 6.485102e-01
483, 5.096450e-01, 4.671624e-01
484, 5.103115e-01, 6.073324e-01
485, 5.123490e-01, 2.655066e-01
486, 5.125221e-01, 7.066529e-01
487, 5.127183e-01, 7.119913e-01
488, 5.152380e-01, 5.876917e-01
489, 5.157533e-01, 3.310580e-01
490, 5.159579e-01, 3.223311e-01
491, 5.162497e-01, 1.539795e-01
492, 5.170560e-01, 8.441155e-01
493, 5.185591e-01, 4.996377e-01
494, 5.186701e-01, 2.787029e-01
495, 5.192319e-01, 5.345355e-01
496, 5.203861e-01, 5.591160e-01
497, 5.204726e-01, 4.865177e-01
498, 5.211924e-01, 1.656438e-01
499, 5.212694e-01, 2.212871e-01
500, 5.220891e-01, 8.018216e-01
501, 5.233445e-01, 5.306909e-01
502, 5.243148e-01, 3.148622e-01
503, 5.257100e-01, 5.109637e-01
504, 5.268085e-01, 4.037196e-01
505, 5.271151e-01, 8.470953e-01
506, 5.283554e-01, 2.852853e-01
507, 5.297419e-01, 7.380679e-01
508, 5.303754e-01, 4.057002e-01
509, 5.321618e-01, 2.039202e-01
510, 5.335049e-01, 3.685914e-01
511, 5.338498e-01, 3.437835e-01
512, 5.369013e-01, 1.728777e-01
513, 5.372316e-01, 6.257508e-01
514, 5.372678e-01, 6.378368e-01
515, 5.383001e-01, 2.022643e-01
516, 5.383136e-01, 4.541324e-01
517, 5.394794e-01, 2.278105e-01
518, 5.403383e-01, 4.376883e-01
519, 5.406265e-01, 6.710738e-01
520, 5.423109e-01, 4.442291e-01
521, 5.432825e-01, 4.256071e-01
522, 5.446890e-01, 4.752596e-01
523, 5.450280e-01, 6.653596e-01
524, 5.450492e-01, 1.701817e-01
525, 5.454109e-01, 8.247372e-01
526, 5.462080e-01, 2.063752e-01
527, 5.463761e-01, 6.455745e-01
528, 5.471508e-01, 5.322235e-01
529, 5.481041e-01, 2.244644e-01
530, 5.484851e-01, 7.020371e-01
531, 5.487900e-01, 8.245410e-01
532, 5.490802e-01, 3.713347e-01
533, 5.493727e-01, 3.182373e-01
534, 5.508680e-01, 2.690794e-01
535, 5.509599e-01, 4.785420e-01
536, 5.510432e-01, 6.954935e-01
537, 5.510548e-01, 1.609678e-01
538, 5.521992e-01, 6.075279e-01
539, 5.531566e-01, 3.909898e-01
540, 5.548837e-01, 3.319743e-01
541, 5.552886e-01, 7.217619e-01
542, 5.554945e-01, 2.860143e-01
543, 5.580847e-01, 5.685642e-01
544, 5.580854e-01, 7.847744e-01
545, 5.590296e-01, 2.878995e-01
546, 5.609689e-01, 3.341299e-01
547, 5.613197e-01, 5.578896e-01
548, 5.615103e-01, 3.681146e-01
549, 5.619646e-01, 2.324145e-01
550, 5.620244e-01, 7.606146e-01
551, 5.644797e-01, 6.870299e-01
552, 5.655388e-01, 5.059083e-01
553, 5.661358e-01, 6.407725e-01
554, 5.662596e-01, 2.474340e-01
555, 5.667693e-01, 6.813710e-01
556, 5.674661e-01, 1.886418e-01
557, 5.677466e-01, 8.453457e-01
558, 5.679159e-01, 2.922432e-01
559, 5.682703e-01, 1.937236e-01
560, 5.684426e-01, 7.278156e-01
561, 5.687767e-01, 5.121100e-01
562, 5.694786e-01, 3.928820e-01
563, 5.695212e-01, 4.173441e-01
564, 5.696453e-01, 5.084892e-01
565, 5.701047e-01, 7.549018e-01
566, 5.701187e-01, 8.096987e-01
567, 5.715427e-01, 7.958980e-01
568, 5.715521e-01, 7.337743e-01
569, 5.718072e-01, 6.189775e-01
570, 5.723925e-01, 4.597469e-01
571, 5.731791e-01, 5.841959e-01
572, 5.747021e-01, 4.531358e-01
573, 5.753296e-01, 1.665932e-01
574, 5.754181e-01, 3.770924e-01
575, 5.761281e-01, 2.534688e-01
576, 5.766747e-01, 6.168003e-01
577, 5.768302e-01, 3.813643e-01
578, 5.781197e-01, 4.238693e-01
579, 5.784681e-01, 5.052633e-01
580, 5.797552e-01, 5.857076e-01
581, 5.799671e-01, 7.618593e-01
582, 5.813524e-01, 6.731476e-01
583, 5.813524e-01, 6.501172e-01
584, 5.814630e-01, 7.343244e-01
585, 5.815522e-01, 5.442151e-01
586, 5.821774e-01, 4.497193e-01
587, 5.828908e-01, 8.264839e-01
588, 5.830684e-01, 2.512452e-01
589, 5.838508e-01, 8.352907e-01
590, 5.844759e-01, 5.450750e-01
591, 5.859756e-01, 2.055131e-01
592, 5.870044e-01, 2.239952e-01
593, 5.872225e-01, 4.865306e-01
594, 5.885960e-01, 7.864417e-01
595, 5.887779e-01, 2.903233e-01
596, 5.894825e-01, 7.579974e-01
597, 5.895359e-01, 7.048095e-01
598, 5.911730e-01, 2.286626e-01
599, 5.916341e-01, 4.532168e-01
600, 5.966969e-01, 5.138123e-01
601, 5.971554e-01, 3.492084e-01
602, 5.975549e-01, 3.431476e-01
603, 5.978649e-01, 8.131736e-01
604, 5.986095e-01, 6.219524e-01
605, 5.991724e-01, 5.374457e-01
606, 5.992118e-01, 4.740020e-01
607, 5.996344e-01, 3.102288e-01
608, 6.003610e-01, 6.423461e-01
609, 6.011776e-01, 8.476093e-01
610, 6.012862e-01, 5.807500e-01
611, 6.013162e-01, 7.011362e-01
612, 6.025862e-01, 5.708940e-01
613, 6.034960e-01, 6.841748e-01
614, 6.043152e-01, 7.841117e-01
615, 6.043772e-01, 1.946666e-01
616, 6.044446e-01, 6.955405e-01
617, 6.045969e-01, 3.883306e-01
618, 6.050068e-01, 6.142377e-01
619, 6.057570e-01, 7.217829e-01
620, 6.067648e-01, 6.796423e-01
621, 6.074470e-01, 2.746894e-01
622, 6.087646e-01, 1.686639e-01
623, 6.105910e-01, 7.629683e-01
624, 6.107589e-01, 4.146850e-01
625, 6.107815e-01, 6.503216e-01
626, 6.110110e-01, 4.414256e-01
627, 6.115265e-01, 1.718477e-01
628, 6.119857e-01, 3.819716e-01
629, 6.122153e-01, 7.902244e-01
630, 6.132233e-01, 3.677413e-01
631, 6.134468e-01, 5.438462e-01
632, 6.136379e-01, 2.301569e-01
633, 6.137283e-01, 5.927412e-01
634, 6.147545e-01, 2.044200e-01
635, 6.158513e-01, 4.785483e-01
636, 6.159959e-01, 5.530482e-01
637, 6.161388e-01, 4.183951e-01
638, 6.182070e-01, 2.861605e-01
639, 6.207734e-01, 5.115728e-01
640, 6.219677e-01, 3.105040e-01
641, 6.229926e-01, 7.527700e-01
642, 6.236790e-01, 5.263879e-01
643, 6.237602e-01, 4.711158e-01
644, 6.241070e-01, 7.395513e-01
645, 6.257477e-01, 2.370110e-01
646, 6.260152e-01, 4.161196e-01
647, 6.263068e-01, 5.043994e-01
648, 6.271722e-01, 5.933570e-01
649, 6.285352e-01, 2.447032e-01
650, 6.303109e-01, 6.472006e-01
651, 6.307377e-01, 1.711001e-01
652, 6.311118e-01, 6.761014e-01
653, 6.320543e-01, 4.563153e-01
654, 6.321185e-01, 3.565986e-01
655, 6.332253e-01, 6.431838e-01
656, 6.337306e-01, 6.260142e-01
657, 6.345706e-01, 6.932441e-01
658, 6.376031e-01, 6.010079e-01
659, 6.378140e-01, 6.677520e-01
660, 6.381437e-01, 3.852225e-01
661, 6.386942e-01, 8.428658e-01
662, 6.392335e-01, 3.976692e-01
663, 6.406507e-01, 1.601462e-01
664, 6.410056e-01, 5.571002e-01
665, 6.415555e-01, 6.175754e-01
666, 6.423197e-01, 5.607105e-01
667, 6.433345e-01, 7.868224e-01
668, 6.454645e-01, 2.036307e-01
669, 6.456316e-01, 5.024411e-01
670, 6.461309e-01, 6.981807e-01
671, 6.488266e-01, 3.078755e-01
672, 6.494951e-01, 7.692982e-01
673, 6.495674e-01, 4.537235e-01
674, 6.498297e-01, 3.649037e-01
675, 6.503529e-01, 8.090919e-01
676, 6.506779e-01, 7.285582e-01
677, 6.507523e-01, 4.696121e-01
678, 6.511591e-01, 6.299201e-01
679, 6.517809e-01, 3.425115e-01
680, 6.525799e-01, 5.962843e-01
681, 6.528016e-01, 3.049827e-01
682, 6.532813e-01, 4.310513e-01
683, 6.537364e-01, 2.742123e-01
684, 6.553715e-01, 2.817131e-01
685, 6.554119e-01, 6.306570e-01
686, 6.555068e-01, 4.465505e-01
687, 6.558791e-01, 3.624066e-01
688, 6.571583e-01, 3.534344e-01
689, 6.571993e-01, 4.849653e-01
690, 6.575809e-01, 2.589637e-01
691, 6.576269e-01, 5.182189e-01
692, 6.588091e-01, 6.894754e-01
693, 6.602918e-01, 7.342526e-01
694, 6.611113e-01, 2.572536e-01
695, 6.619038e-01, 4.155337e-01
696, 6.621052e-01, 7.616535e-01
697, 6.631907e-01, 6.762812e-01
698, 6.640742e-01, 1.965467e-01
699, 6.645070e-01, 5.706307e-01
700, 6.669790e-01, 2.292754e-01
701, 6.691531e-01, 4.123094e-01
702, 6.704685e-01, 7.638601e-01
703, 6.711576e-01, 1.691007e-01
704, 6.728585e-01, 8.269298e-01
705, 6.731166e-01, 8.327830e-01
706, 6.731594e-01, 4.118334e-01
707, 6.743069e-01, 6.028561e-01
708, 6.744075e-01, 6.680540e-01
709, 6.756842e-01, 4.862684e-01
710, 6.763940e-01, 6.569112e-01
711, 6.765101e-01, 6.162607e-01
712, 6.783310e-01, 5.472153e-01
713, 6.799980e-01, 7.263346e-01
714, 6.805336e-01, 1.978615e-01
715, 6.809937e-01, 7.124135e-01
716, 6.815370e-01, 2.614856e-01
717, 6.824864e-01, 3.303919e-01
718, 6.841034e-01, 5.679414e-01
719, 6.849596e-01, 4.539059e-01
720, 6.851758e-01, 4.733321e-01
721, 6.859043e-01, 5.132254e-01
722, 6.864710e-01, 7.941228e-01
723, 6.873480e-01, 5.822220e-01
724, 6.879216e-01, 7.303063e-01
725, 6.881458e-01, 5.084750e-01
726, 6.882457e-01, 6.491386e-01
727, 6.892661e-01, 5.279145e-01
728, 6.894175e-01, 4.058292e-01
729, 6.906563e-01, 7.563302e-01
730, 6.917406e-01, 3.075922e-01
731, 6.919132e-01, 3.966164e-01
732, 6.919621e-01, 4.477295e-01
733, 6.921161e-01, 6.246501e-01
734, 6.921409e-01, 1.824911e-01
735, 6.924215e-01, 2.232628e-01
736, 6.925749e-01, 2.998901e-01
737, 6.936944e-01, 3.626165e-01
738, 6.941767e-01, 1.722394e-01
739, 6.942416e-01, 2.950254e-01
740, 6.943182e-01, 3.127249e-01
741, 6.947940e-01, 7.966152e-01
742, 6.971693e-01, 2.505320e-01
743, 6.973864e-01, 2.253484e-01
744, 6.975318e-01, 5.039647e-01
745, 6.999777e-01, 8.129561e-01
746, 7.002816e-01, 6.797375e-01
747, 7.013068e-01, 1.672229e-01
748, 7.016410e-01, 4.417910e-01
749, 7.021208e-01, 4.249678e-01
750, 7.033568e-01, 6.975560e-01
751, 7.038765e-01, 3.220554e-01
752, 7.041944e-01, 4.917712e-01
753, 7.052474e-01, 5.374629e-01
754, 7.057472e-01, 7.617528e-01
755, 7.073333e-01, 6.572157e-01
756, 7.078315e-01, 6.721261e-01
757, 7.083232e-01, 7.783263e-01
758, 7.083301e-01, 7.254409e-01
759, 7.090154e-01, 2.845247e-01
760, 7.105919e-01, 7.569817e-01
761, 7.110132e-01, 7.054155e-01
762, 7.110786e-01, 3.879479e-01
763, 7.114253e-01, 2.210076e-01
764, 7.114657e-01, 5.562202e-01
765, 7.115339e-01, 6.183061e-01
766, 7.119825e-01, 8.200433e-01
767, 7.138800e-01, 8.449179e-01
768, 7.146708e-01, 5.996256e-01
769, 7.149898e-01, 3.706233e-01
770, 7.163745e-01, 7.044186e-01
771, 7.164401e-01, 2.026330e-01
772, 7.168462e-01, 6.092658e-01
773, 7.178665e-01, 7.347189e-01
774, 7.196160e-01, 8.164022e-01
775, 7.207130e-01, 2.570240e-01
776, 7.209646e-01, 5.189344e-01
777, 7.212746e-01, 2.276941e-01
778, 7.231688e-01, 3.649474e-01
779, 7.238608e-01, 3.494744e-01
780, 7.240050e-01, 5.604474e-01
781, 7.248215e-01, 6.426012e-01
782, 7.251264e-01, 4.193553e-01
783, 7.262512e-01, 4.484493e-01
784, 7.291613e-01, 5.801763e-01
785, 7.291860e-01, 1.861857e-01
786, 7.292710e-01, 4.832044e-01
787, 7.310619e-01, 7.871426e-01
788, 7.329191e-01, 4.447418e-01
789, 7.329356e-01, 3.974095e-01
790, 7.331147e-01, 5.177665e-01
791, 7.331909e-01, 6.754775e-01
792, 7.333017e-01, 1.852186e-01
793, 7.351708e-01, 2.846062e-01
794, 7.356465e-01, 2.645195e-01
795, 7.366142e-01, 7.858637e-01
796, 7.366444e-01, 3.964722e-01
797, 7.369898e-01, 6.447611e-01
798, 7.371484e-01, 4.313276e-01
799, 7.376117e-01, 2.228257e-01
800, 7.377338e-01, 1.769166e-01
801, 7.405443e-01, 2.810310e-01
802, 7.405590e-01, 3.710068e-01
803, 7.405744e-01, 1.563329e-01
804, 7.416646e-01, 6.117311e-01
805, 7.416662e-01, 6.851886e-01
806, 7.419425e-01, 4.899408e-01
807, 7.427943e-01, 7.321221e-01
808, 7.437848e-01, 1.960154e-01
809, 7.437977e-01, 3.352933e-01
810, 7.438520e-01, 5.452691e-01
811, 7.438650e-01, 5.486873e-01
812, 7.448454e-01, 8.169475e-01
813, 7.450414e-01, 5.875785e-01
814, 7.453229e-01, 7.605726e-01
815, 7.460102e-01, 7.130336e-01
816, 7.465029e-01, 5.060834e-01
817, 7.487577e-01, 5.863098e-01
818, 7.496056e-01, 3.415024e-01
819, 7.498431e-01, 3.641698e-01
820, 7.524047e-01, 8.380729e-01
821, 7.551851e-01, 7.480267e-01
822, 7.552792e-01, 3.042294e-01
823, 7.555768e-01, 2.925979e-01
824, 7.559376e-01, 6.249914e-01
825, 7.561336e-01, 7.511840e-01
826, 7.561529e-01, 7.987638e-01
827, 7.563838e-01, 4.578752e-01
828, 7.567253e-01, 4.751878e-01
829, 7.569801e-01, 6.918193e-01
830, 7.571493e-01, 6.361768e-01
831, 7.572439e-01, 5.124249e-01
832, 7.573067e-01, 6.959073e-01
833, 7.580917e-01, 8.065537e-01
834, 7.582673e-01, 2.533582e-01
835, 7.596298e-01, 5.563236e-01
836, 7.604690e-01, 6.388863e-01
837, 7.618807e-01, 5.128936e-01
838, 7.625226e-01, 2.350727e-01
839, 7.643749e-01, 1.842687e-01
840, 7.648071e-01, 2.855420e-01
841, 7.665539e-01, 8.415747e-01
842, 7.673343e-01, 6.789750e-01
843, 7.683127e-01, 7.585971e-01
844, 7.706533e-01, 7.735644e-01
845, 7.709183e-01, 1.517525e-01
846, 7.716303e-01, 2.652147e-01
847, 7.719346e-01, 6.044948e-01
848, 7.725097e-01, 5.551459e-01
849, 7.729453e-01, 8.379670e-01
850, 7.731083e-01, 5.981029e-01
851, 7.749451e-01, 4.464674e-01
852, 7.753900e-01, 3.691647e-01
853, 7.759256e-01, 5.278004e-01
854, 7.765986e-01, 7.552991e-01
855, 7.766072e-01, 2.270684e-01
856, 7.766574e-01, 3.780693e-01
857, 7.768352e-01, 8.202408e-01
858, 7.770481e-01, 7.105245e-01
859, 7.772702e-01, 5.035106e-01
860, 7.773454e-01, 7.300684e-01
861, 7.804915e-01, 3.131008e-01
862, 7.814073e-01, 4.125385e-01
863, 7.820675e-01, 3.455279e-01
864, 7.845815e-01, 2.618994e-01
865, 7.867314e-01, 8.155069e-01
866, 7.869146e-01, 7.401607e-01
867, 7.894771e-01, 5.667959e-01
868, 7.897060e-01, 4.492151e-01
869, 7.899620e-01, 2.330226e-01
870, 7.900771e-01, 5.828459e-01
871, 7.902329e-01, 1.602298e-01
872, 7.903460e-01, 6.153509e-01
873, 7.910846e-01, 6.379433e-01
874, 7.921384e-01, 3.072545e-01
875, 7.925550e-01, 3.970487e-01
876, 7.937549e-01, 7.874832e-01
877, 7.963266e-01, 2.925048e-01
878, 7.967772e-01, 1.601687e-01
879, 7.991566e-01, 5.612434e-01
880, 8.004255e-01, 5.902313e-01
881, 8.004332e-01, 7.053508e-01
882, 8.007278e-01, 6.070350e-01
883, 8.012232e-01, 6.768193e-01
884, 8.024159e-01, 2.773444e-01
885, 8.024650e-01, 4.874325e-01
886, 8.040005e-01, 2.846593e-01
887, 8.056639e-01, 1.979902e-01
888, 8.060452e-01, 5.342303e-01
889, 8.066162e-01, 3.686335e-01
890, 8.076366e-01, 6.460313e-01
891, 8.097638e-01, 7.752319e-01
892, 8.100539e-01, 3.906181e-01
893, 8.101405e-01, 8.201000e-01
894, 8.102380e-01, 7.133641e-01
895, 8.102991e-01, 6.698586e-01
896, 8.103979e-01, 7.782511e-01
897, 8.125409e-01, 3.295534e-01
898, 8.128014e-01, 2.277044e-01
899, 8.134713e-01, 5.088272e-01
900, 8.166947e-01, 8.319414e-01
901, 8.169221e-01, 7.311108e-01
902, 8.172391e-01, 6.728908e-01
903, 8.175453e-01, 3.283280e-01
904, 8.182382e-01, 7.266126e-01
905, 8.192666e-01, 6.351850e-01
906, 8.196521e-01, 5.277057e-01
907, 8.200952e-01, 5.132906e-01
908, 8.201447e-01, 3.961518e-01
909, 8.204857e-01, 2.307251e-01
910, 8.205870e-01, 2.900304e-01
911, 8.207190e-01, 4.747373e-01
912, 8.208808e-01, 7.421023e-01
913, 8.214025e-01, 6.298470e-01
914, 8.221863e-01, 4.238137e-01
915, 8.231163e-01, 6.774813e-01
916, 8.235505e-01, 5.856627e-01
917, 8.242393e-01, 3.038243e-01
918, 8.245298e-01, 8.004266e-01
919, 8.254774e-01, 2.441664e-01
920, 8.258034e-01, 7.884059e-01
921, 8.265557e-01, 6.787422e-01
922, 8.265953e-01, 5.623198e-01
923, 8.266989e-01, 4.636074e-01
924, 8.278595e-01, 7.221130e-01
925, 8.280343e-01, 8.416466e-01
926, 8.295759e-01, 8.470569e-01
927, 8.315861e-01, 6.212746e-01
928, 8.326932e-01, 3.322286e-01
929, 8.341777e-01, 2.181625e-01
930, 8.346917e-01, 6.468932e-01
931, 8.351627e-01, 5.478234e-01
932, 8.354531e-01, 5.558576e-01
933, 8.363480e-01, 1.521297e-01
934, 8.368923e-01, 1.653521e-01
935, 8.369469e-01, 3.628001e-01
936, 8.386647e-01, 2.797649e-01
937, 8.387196e-01, 3.922717e-01
938, 8.393029e-01, 2.042731e-01
939, 8.394067e-01, 3.398605e-01
940, 8.397204e-01, 5.981429e-01
941, 8.399680e-01, 4.858357e-01
942, 8.402416e-01, 7.197137e-01
943, 8.404727e-01, 3.436857e-01
944, 8.409419e-01, 2.578478e-01
945, 8.414602e-01, 8.226630e-01
946, 8.415366e-01, 3.134868e-01
947, 8.422379e-01, 7.804011e-01
948, 8.422805e-01, 4.302061e-01
949, 8.429177e-01, 5.022630e-01
950, 8.460140e-01, 3.711467e-01
951, 8.460231e-01, 4.603350e-01
952, 1.613650e-01, 5.604742e-01
953, 1.712192e-01, 4.545428e-01
954, 1.998960e-01, 4.877488e-01
955, 2.019593e-01, 5.899409e-01
956, 2.529890e-01, 5.090194e-01
957, 2.791080e-01, 5.775310e-01
958, 2.827109e-01, 6.191987e-01
959, 3.003811e-01, 5.856970e-01
960, 3.209250e-01, 5.548169e-01
961, 3.059026e-01, 2.229842e-01
962, 3.320432e-01, 2.517038e-01
963, 3.213230e-01, 5.003627e-01
964, 3.545357e-01, 2.661810e-01
965, 3.681700e-01, 5.076462e-01
966, 3.731194e-01, 1.907651e-01
967, 3.870655e-01, 4.879355e-01
968, 4.045126e-01, 5.809930e-01
969, 4.038094e-01, 2.895164e-01
970, 4.142597e-01, 6.669720e-01
971, 4.431087e-01, 6.317673e-01
972, 4.424160e-01, 4.337790e-01
973, 4.341632e-01, 3.154854e-01
974, 4.379832e-01, 7.352842e-01
975, 4.736403e-01, 6.459774e-01
976, 4.792984e-01, 6.048024e-01
977, 5.232217e-01, 7.555539e-01
978, 5.173639e-01, 2.570133e-01
979, 5.295498e-01, 5.772842e-01
980, 5.261126e-01, 7.851595e-01
981, 5.814521e-01, 3.258606e-01
982, 6.168454e-01, 8.439309e-01
983, 6.173123e-01, 8.116348e-01
984, 6.195526e-01, 3.344858e-01
985, 6.498827e-01, 5.389406e-01
986, 6.550134e-01, 8.126832e-01
987, 6.486325e-01, 2.075716e-01
988, 6.760256e-01, 3.742068e-01
989, 7.038832e-01, 3.286553e-01
990, 7.402065e-01, 3.204684e-01
991, 7.598835e-01, 4.136814e-01
992, 7.720873e-01, 1.976897e-01
993, 7.907431e-01, 3.523637e-01
994, 7.884972e-01, 4.828103e-01
995, 7.896528e-01, 5.213805e-01
996, 7.980344e-01, 4.418710e-01
997, 8.164251e-01, 1.802948e-01
998, 1.500000e-01, 5.621376e-01
999, 1.500000e-01, 1.819365e-01
1000, 1.500000e-01, 4.588939e-01
1001, 1.500000e-01, 8.191643e-01
1002, 1.500000e-01, 8.465941e-01
1003, 1.500000e-01, 3.954576e-01
1004, 1.500000e-01, 4.236664e-01
1005, 1.500000e-01, 5.262193e-01
1006, 1.500000e-01, 5.005984e-01
1007, 1.500000e-01, 6.244864e-01
1008, 1.500000e-01, 6.478374e-01
1009, 1.500000e-01, 6.733679e-01
1010, 1.500000e-01, 6.985010e-01
1011, 1.500000e-01, 7.359096e-01
1012, 1.500000e-01, 2.529266e-01
1013, 1.500000e-01, 3.703666e-01
1014, 1.500000e-01, 3.377922e-01
1015, 1.500000e-01, 2.807984e-01
1016, 1.500000e-01, 3.087767e-01
1017, 1.643984e-01, 8.500000e-01
1018, 1.500000e-01, 7.583763e-01
1019, 1.500000e-01, 7.772797e-01
1020, 1.500000e-01, 2.221669e-01
1021, 1.500000e-01, 2.264587e-01
1022, 1.559364e-01, 1.500000e-01
1023, 1.766367e-01, 8.500000e-01
1024, 1.958550e-01, 1.500000e-01
1025, 2.120915e-01, 8.500000e-01
1026, 2.347160e-01, 8.500000e-01
1027, 2.209942e-01, 1.500000e-01
1028, 2.628001e-01, 1.500000e-01
1029, 2.694965e-01, 8.500000e-01
1030, 2.727710e-01, 1.500000e-01
1031, 2.995135e-01, 1.500000e-01
1032, 3.222792e-01, 1.500000e-01
1033, 3.369730e-01, 8.500000e-01
1034, 3.541169e-01, 1.500000e-01
1035, 3.983751e-01, 1.500000e-01
1036, 4.131564e-01, 8.500000e-01
1037, 4.161572e-01, 1.500000e-01
1038, 4.426313e-01, 8.500000e-01
1039, 4.526444e-01, 1.500000e-01
1040, 4.623392e-01, 1.500000e-01
1041, 4.740498e-01, 8.500000e-01
1042, 5.001228e-01, 8.500000e-01
1043, 5.019125e-01, 1.500000e-01
1044, 5.003349e-01, 8.500000e-01
1045, 5.103145e-01, 1.500000e-01
1046, 5.238106e-01, 1.500000e-01
1047, 5.291774e-01, 8.500000e-01
1048, 5.339208e-01, 1.500000e-01
1049, 5.658877e-01, 8.500000e-01
1050, 6.003170e-01, 8.500000e-01
1051, 6.057806e-01, 1.500000e-01
1052, 6.209958e-01, 8.500000e-01
1053, 6.452381e-01, 8.500000e-01
1054, 6.417061e-01, 1.500000e-01
1055, 6.600551e-01, 8.500000e-01
1056, 6.713207e-01, 1.500000e-01
1057, 7.171391e-01, 8.500000e-01
1058, 7.074001e-01, 1.500000e-01
1059, 7.323107e-01, 8.500000e-01
1060, 7.316847e-01, 1.500000e-01
1061, 7.629706e-01, 1.500000e-01
1062, 7.635299e-01, 8.500000e-01
1063, 7.860668e-01, 8.500000e-01
1064, 7.688189e-01, 1.500000e-01
1065, 7.904730e-01, 8.500000e-01
1066, 8.030545e-01, 1.500000e-01
1067, 8.500000e-01, 7.591233e-01
1068, 8.285788e-01, 8.500000e-01
1069, 8.342200e-01, 1.500000e-01
1070, 8.500000e-01, 7.863127e-01
1071, 8.500000e-01, 8.483980e-01
1072, 8.500000e-01, 8.217322e-01
1073, 8.500000e-01, 4.478221e-01
1074, 8.500000e-01, 4.171516e-01
1075, 8.500000e-01, 2.866622e-01
1076, 8.500000e-01, 2.569783e-01
1077, 8.500000e-01, 3.688239e-01
1078, 8.500000e-01, 4.035477e-01
1079, 8.500000e-01, 5.949229e-01
1080, 8.500000e-01, 6.260727e-01
1081, 8.500000e-01, 5.053423e-01
1082, 8.500000e-01, 5.631515e-01
1083, 8.500000e-01, 5.354109e-01
1084, 8.500000e-01, 1.981888e-01
1085, 8.500000e-01, 2.190156e-01
1086, 8.500000e-01, 3.081801e-01
1087, 8.500000e-01, 6.482057e-01
1088, 8.500000e-01, 6.818781e-01
1089, 8.500000e-01, 7.246804e-01
1090, 8.500000e-01, 7.022763e-01
1091, 8.500000e-01, 1.722014e-01
1092, 8.406849e-01, 1.500000e-01
1093, 8.500000e-01, 3.548486e-01
1094, 8.500000e-01, 3.382429e-01
1095, 8.500000e-01, 7.657592e-01
1096, 1.505559e-01, 5.853498e-01
1097, 1.501346e-01, 6.217641e-01
1098, 1.500336e-01, 7.555976e-01
1099, 2.538804e-01, 8.492915e-01
1100, 3.141245e-01, 8.498311e-01
1101, 3.714265e-01, 8.494024e-01
1102, 3.751195e-01, 1.508880e-01
1103, 5.663510e-01, 1.506115e-01
1104, 6.897919e-01, 8.497069e-01
1105, 8.497468e-01, 4.584568e-01
1106, 8.494018e-01, 7.712717e-01
