1, 1.515677e-01, 5.658320e-01
2, 1.518329e-01, 4.245459e-01
3, 1.519081e-01, 1.984117e-01
4, 1.520465e-01, 7.547122e-01
5, 1.522136e-01, 5.533106e-01
6, 1.523043e-01, 3.878473e-01
7, 1.524899e-01, 5.316919e-01
8, 1.526186e-01, 6.566090e-01
9, 1.529928e-01, 3.642584e-01
10, 1.529982e-01, 3.610724e-01
11, 1.530299e-01, 7.199491e-01
12, 1.531022e-01, 5.935790e-01
13, 1.531640e-01, 7.686336e-01
14, 1.531974e-01, 5.963877e-01
15, 1.531996e-01, 5.225624e-01
16, 1.533311e-01, 6.205387e-01
17, 1.533609e-01, 2.324001e-01
18, 1.534372e-01, 3.347094e-01
19, 1.536978e-01, 4.895729e-01
20, 1.537017e-01, 4.331341e-01
21, 1.537262e-01, 7.323897e-01
22, 1.539316e-01, 8.331187e-01
23, 1.539634e-01, 2.878413e-01
24, 1.543626e-01, 5.007628e-01
25, 1.545375e-01, 8.015987e-01
26, 1.545687e-01, 2.995690e-01
27, 1.547596e-01, 4.684365e-01
28, 1.548365e-01, 6.986301e-01
29, 1.550808e-01, 2.223918e-01
30, 1.551200e-01, 4.531188e-01
31, 1.553763e-01, 2.625516e-01
32, 1.554414e-01, 2.551184e-01
33, 1.554466e-01, 3.229812e-01
34, 1.555333e-01, 7.874597e-01
35, 1.558237e-01, 6.889423e-01
36, 1.560141e-01, 6.321821e-01
37, 1.560931e-01, 8.226348e-01
38, 1.565832e-01, 1.538451e-01
39, 1.589477e-01, 1.693218e-01
40, 1.671471e-01, 6.812319e-01
41, 1.673551e-01, 7.777704e-01
42, 1.681442e-01, 4.784676e-01
43, 1.688556e-01, 3.464331e-01
44, 1.699996e-01, 1.804172e-01
45, 1.703007e-01, 6.486857e-01
46, 1.704132e-01, 7.776559e-01
47, 1.705649e-01, 5.432020e-01
48, 1.714204e-01, 2.752129e-01
49, 1.714859e-01, 2.415232e-01
50, 1.716926e-01, 6.405276e-01
51, 1.717311e-01, 1.770787e-01
52, 1.717774e-01, 4.118961e-01
53, 1.720446e-01, 7.394443e-01
54, 1.723017e-01, 6.063318e-01
55, 1.725473e-01, 5.799628e-01
56, 1.726671e-01, 5.747503e-01
57, 1.728985e-01, 6.429552e-01
58, 1.729773e-01, 2.450509e-01
59, 1.729876e-01, 7.738625e-01
60, 1.731343e-01, 3.771125e-01
61, 1.733732e-01, 2.801448e-01
62, 1.735287e-01, 4.151006e-01
63, 1.735449e-01, 7.465873e-01
64, 1.737693e-01, 4.488933e-01
65, 1.741309e-01, 3.792585e-01
66, 1.741399e-01, 1.757198e-01
67, 1.743324e-01, 4.388201e-01
68, 1.750700e-01, 7.443534e-01
69, 1.753303e-01, 7.841468e-01
70, 1.754823e-01, 7.077596e-01
71, 1.756581e-01, 5.469148e-01
72, 1.760103e-01, 3.818249e-01
73, 1.765456e-01, 3.105539e-01
74, 1.768832e-01, 1.756738e-01
75, 1.768991e-01, 2.506504e-01
76, 1.779502e-01, 6.704412e-01
77, 1.780739e-01, 2.799803e-01
78, 1.789901e-01, 6.426839e-01
79, 1.868436e-01, 2.556439e-01
80, 1.891859e-01, 2.655029e-01
81, 1.894205e-01, 8.250898e-01
82, 1.902610e-01, 3.863981e-01
83, 1.905583e-01, 8.331098e-01
84, 1.908269e-01, 4.656522e-01
85, 1.908551e-01, 1.673869e-01
86, 1.908807e-01, 7.544092e-01
87, 1.909308e-01, 7.011225e-01
88, 1.909928e-01, 2.211223e-01
89, 1.910701e-01, 6.662852e-01
90, 1.913942e-01, 4.559895e-01
91, 1.915311e-01, 3.558128e-01
92, 1.918421e-01, 2.325524e-01
93, 1.918962e-01, 2.003870e-01
94, 1.919608e-01, 1.557979e-01
95, 1.920497e-01, 7.898337e-01
96, 1.921459e-01, 7.668241e-01
97, 1.923110e-01, 7.232457e-01
98, 1.923432e-01, 7.337213e-01
99, 1.925490e-01, 5.001045e-01
100, 1.926279e-01, 5.659080e-01
101, 1.927909e-01, 2.866034e-01
102, 1.928289e-01, 6.011546e-01
103, 1.928449e-01, 5.563639e-01
104, 1.928575e-01, 2.990310e-01
105, 1.929417e-01, 6.880608e-01
106, 1.932560e-01, 6.298140e-01
107, 1.933188e-01, 1.889609e-01
108, 1.933995e-01, 4.036262e-01
109, 1.934389e-01, 6.237487e-01
110, 1.936172e-01, 8.019559e-01
111, 1.936316e-01, 3.679304e-01
112, 1.938339e-01, 5.888821e-01
113, 1.939525e-01, 6.538903e-01
114, 1.943841e-01, 5.328235e-01
115, 1.944208e-01, 3.342349e-01
116, 1.944208e-01, 3.208014e-01
117, 1.949377e-01, 4.860908e-01
118, 1.951275e-01, 4.313599e-01
119, 1.954046e-01, 4.225832e-01
120, 1.962175e-01, 5.214621e-01
121, 2.055656e-01, 4.111758e-01
122, 2.057760e-01, 2.112195e-01
123, 2.060491e-01, 7.816361e-01
124, 2.061376e-01, 4.403647e-01
125, 2.074354e-01, 8.440451e-01
126, 2.076618e-01, 3.775723e-01
127, 2.079861e-01, 7.780612e-01
128, 2.084980e-01, 7.083728e-01
129, 2.086641e-01, 2.794177e-01
130, 2.092092e-01, 1.756321e-01
131, 2.092384e-01, 5.147450e-01
132, 2.093381e-01, 2.420663e-01
133, 2.096977e-01, 8.096482e-01
134, 2.101473e-01, 2.772670e-01
135, 2.102276e-01, 5.454935e-01
136, 2.110274e-01, 5.117162e-01
137, 2.110296e-01, 4.104649e-01
138, 2.110439e-01, 3.777880e-01
139, 2.111535e-01, 3.442990e-01
140, 2.112409e-01, 2.114897e-01
141, 2.113047e-01, 1.793139e-01
142, 2.113360e-01, 3.096551e-01
143, 2.114385e-01, 5.755266e-01
144, 2.116524e-01, 2.443858e-01
145, 2.122111e-01, 4.760775e-01
146, 2.122450e-01, 2.759944e-01
147, 2.125376e-01, 6.467072e-01
148, 2.126065e-01, 5.454781e-01
149, 2.127913e-01, 6.776992e-01
150, 2.132760e-01, 8.118956e-01
151, 2.133530e-01, 4.108848e-01
152, 2.134369e-01, 1.805207e-01
153, 2.135184e-01, 3.740752e-01
154, 2.138354e-01, 5.114915e-01
155, 2.140037e-01, 3.457900e-01
156, 2.144455e-01, 6.161228e-01
157, 2.146341e-01, 6.438985e-01
158, 2.146935e-01, 2.497560e-01
159, 2.158506e-01, 8.116523e-01
160, 2.163933e-01, 3.178498e-01
161, 2.164047e-01, 3.499070e-01
162, 2.167727e-01, 5.450903e-01
163, 2.273530e-01, 6.879168e-01
164, 2.279374e-01, 8.011817e-01
165, 2.282223e-01, 2.244118e-01
166, 2.292999e-01, 1.892689e-01
167, 2.293673e-01, 1.569102e-01
168, 2.294253e-01, 3.229427e-01
169, 2.296007e-01, 6.989959e-01
170, 2.297061e-01, 7.888596e-01
171, 2.298229e-01, 2.338366e-01
172, 2.300835e-01, 7.334959e-01
173, 2.303710e-01, 6.011098e-01
174, 2.303887e-01, 6.648073e-01
175, 2.304899e-01, 5.929748e-01
176, 2.306021e-01, 2.025782e-01
177, 2.306320e-01, 6.581782e-01
178, 2.306408e-01, 4.242900e-01
179, 2.306411e-01, 4.541055e-01
180, 2.306848e-01, 8.217595e-01
181, 2.308209e-01, 5.216850e-01
182, 2.308541e-01, 5.025259e-01
183, 2.309032e-01, 4.660026e-01
184, 2.309428e-01, 7.524325e-01
185, 2.309566e-01, 3.548656e-01
186, 2.312167e-01, 1.674338e-01
187, 2.312374e-01, 6.242175e-01
188, 2.313081e-01, 4.862648e-01
189, 2.313582e-01, 5.564903e-01
190, 2.313970e-01, 4.335253e-01
191, 2.315700e-01, 7.677091e-01
192, 2.316093e-01, 2.986046e-01
193, 2.317190e-01, 5.660936e-01
194, 2.319814e-01, 8.334178e-01
195, 2.319854e-01, 7.204867e-01
196, 2.323988e-01, 6.343998e-01
197, 2.324688e-01, 5.340778e-01
198, 2.324695e-01, 2.881969e-01
199, 2.325298e-01, 3.359048e-01
200, 2.328132e-01, 2.548296e-01
201, 2.329697e-01, 2.611496e-01
202, 2.330392e-01, 3.638185e-01
203, 2.350290e-01, 3.882914e-01
204, 2.357813e-01, 4.014069e-01
205, 2.447170e-01, 4.442317e-01
206, 2.455229e-01, 7.454967e-01
207, 2.457301e-01, 5.101632e-01
208, 2.459552e-01, 6.416607e-01
209, 2.460316e-01, 2.449402e-01
210, 2.463292e-01, 3.708044e-01
211, 2.464882e-01, 4.771084e-01
212, 2.470782e-01, 1.756522e-01
213, 2.474117e-01, 5.384492e-01
214, 2.477351e-01, 6.489619e-01
215, 2.479614e-01, 7.808128e-01
216, 2.480459e-01, 8.402689e-01
217, 2.485028e-01, 5.486882e-01
218, 2.485392e-01, 2.078670e-01
219, 2.486953e-01, 7.454337e-01
220, 2.489940e-01, 4.083781e-01
221, 2.489981e-01, 6.458550e-01
222, 2.491747e-01, 3.117787e-01
223, 2.493149e-01, 7.782874e-01
224, 2.494104e-01, 1.802238e-01
225, 2.497348e-01, 4.148621e-01
226, 2.498434e-01, 5.791663e-01
227, 2.498600e-01, 3.785611e-01
228, 2.502182e-01, 7.485106e-01
229, 2.510220e-01, 5.440476e-01
230, 2.512143e-01, 7.095748e-01
231, 2.512517e-01, 2.118026e-01
232, 2.513316e-01, 4.118180e-01
233, 2.517245e-01, 1.795573e-01
234, 2.517397e-01, 3.133756e-01
235, 2.519141e-01, 3.819991e-01
236, 2.520827e-01, 7.401485e-01
237, 2.522898e-01, 7.781953e-01
238, 2.527427e-01, 3.498730e-01
239, 2.528269e-01, 6.453285e-01
240, 2.528382e-01, 8.476360e-01
241, 2.529095e-01, 3.380795e-01
242, 2.529213e-01, 4.446761e-01
243, 2.533035e-01, 8.130859e-01
244, 2.554636e-01, 3.126633e-01
245, 2.561615e-01, 8.469686e-01
246, 2.573148e-01, 2.118294e-01
247, 2.577922e-01, 5.442955e-01
248, 2.662609e-01, 7.705185e-01
249, 2.665562e-01, 1.565049e-01
250, 2.667532e-01, 7.344143e-01
251, 2.672496e-01, 1.652495e-01
252, 2.673354e-01, 2.353886e-01
253, 2.674167e-01, 2.203511e-01
254, 2.674174e-01, 7.583886e-01
255, 2.677394e-01, 5.626292e-01
256, 2.682196e-01, 4.241007e-01
257, 2.683000e-01, 3.904708e-01
258, 2.684627e-01, 7.210921e-01
259, 2.684779e-01, 5.547574e-01
260, 2.684947e-01, 6.986687e-01
261, 2.685397e-01, 2.658950e-01
262, 2.687547e-01, 3.207508e-01
263, 2.687833e-01, 2.898070e-01
264, 2.689283e-01, 5.220228e-01
265, 2.689630e-01, 5.020496e-01
266, 2.690618e-01, 4.338541e-01
267, 2.691155e-01, 3.984181e-01
268, 2.694266e-01, 3.021479e-01
269, 2.694500e-01, 7.882694e-01
270, 2.694708e-01, 5.326755e-01
271, 2.694913e-01, 3.568413e-01
272, 2.695736e-01, 3.347809e-01
273, 2.696981e-01, 2.020644e-01
274, 2.697106e-01, 6.889310e-01
275, 2.697923e-01, 6.255032e-01
276, 2.699437e-01, 6.000697e-01
277, 2.700298e-01, 3.684234e-01
278, 2.703204e-01, 1.909293e-01
279, 2.705415e-01, 6.666283e-01
280, 2.706790e-01, 6.548587e-01
281, 2.706861e-01, 8.000256e-01
282, 2.709349e-01, 2.556416e-01
283, 2.710341e-01, 6.353965e-01
284, 2.710811e-01, 8.231787e-01
285, 2.714994e-01, 5.874784e-01
286, 2.717060e-01, 4.872197e-01
287, 2.722265e-01, 4.636368e-01
288, 2.723815e-01, 8.323053e-01
289, 2.732501e-01, 4.558620e-01
290, 2.803690e-01, 3.779413e-01
291, 2.822929e-01, 7.789844e-01
292, 2.833207e-01, 3.466317e-01
293, 2.837858e-01, 6.430713e-01
294, 2.839289e-01, 5.128152e-01
295, 2.845882e-01, 3.440141e-01
296, 2.848519e-01, 1.855465e-01
297, 2.853636e-01, 3.092909e-01
298, 2.858259e-01, 7.137699e-01
299, 2.868755e-01, 7.109369e-01
300, 2.869187e-01, 4.450247e-01
301, 2.869398e-01, 6.829834e-01
302, 2.870794e-01, 2.077883e-01
303, 2.871524e-01, 4.812022e-01
304, 2.874060e-01, 6.739644e-01
305, 2.874197e-01, 2.161691e-01
306, 2.877289e-01, 5.126580e-01
307, 2.880062e-01, 2.445493e-01
308, 2.884741e-01, 6.434409e-01
309, 2.887020e-01, 3.418393e-01
310, 2.888636e-01, 5.421333e-01
311, 2.889511e-01, 4.410831e-01
312, 2.889816e-01, 5.774224e-01
313, 2.891664e-01, 8.449242e-01
314, 2.893596e-01, 3.785309e-01
315, 2.896546e-01, 1.779903e-01
316, 2.897784e-01, 6.787818e-01
317, 2.897923e-01, 1.744336e-01
318, 2.898552e-01, 5.136848e-01
319, 2.900485e-01, 3.093662e-01
320, 2.903288e-01, 8.099025e-01
321, 2.907205e-01, 6.478009e-01
322, 2.911753e-01, 5.740011e-01
323, 2.917809e-01, 3.422366e-01
324, 2.921289e-01, 6.073207e-01
325, 2.921467e-01, 3.744166e-01
326, 2.921980e-01, 5.173858e-01
327, 2.925162e-01, 4.724056e-01
328, 2.928732e-01, 3.143295e-01
329, 2.933306e-01, 8.143393e-01
330, 2.939108e-01, 2.450984e-01
331, 2.939370e-01, 6.789734e-01
332, 3.027347e-01, 5.236936e-01
333, 3.043661e-01, 1.678562e-01
334, 3.046871e-01, 3.667750e-01
335, 3.051573e-01, 5.316856e-01
336, 3.063518e-01, 2.578899e-01
337, 3.063896e-01, 2.644996e-01
338, 3.065979e-01, 1.568040e-01
339, 3.066801e-01, 6.231330e-01
340, 3.067545e-01, 3.540679e-01
341, 3.068209e-01, 3.880717e-01
342, 3.069052e-01, 4.001515e-01
343, 3.070680e-01, 6.322998e-01
344, 3.071201e-01, 4.887733e-01
345, 3.071698e-01, 5.876960e-01
346, 3.072808e-01, 4.334861e-01
347, 3.073836e-01, 4.984602e-01
348, 3.074394e-01, 5.971397e-01
349, 3.074589e-01, 4.666668e-01
350, 3.075131e-01, 3.200858e-01
351, 3.075816e-01, 7.264521e-01
352, 3.077045e-01, 7.977968e-01
353, 3.077804e-01, 7.320832e-01
354, 3.079544e-01, 7.685823e-01
355, 3.080913e-01, 4.539260e-01
356, 3.081448e-01, 2.247053e-01
357, 3.081976e-01, 3.326834e-01
358, 3.082652e-01, 6.885127e-01
359, 3.084691e-01, 6.549947e-01
360, 3.085566e-01, 7.560249e-01
361, 3.085574e-01, 7.913097e-01
362, 3.086230e-01, 2.910605e-01
363, 3.087791e-01, 2.964033e-01
364, 3.089635e-01, 6.683832e-01
365, 3.094201e-01, 2.326872e-01
366, 3.095591e-01, 4.208105e-01
367, 3.100143e-01, 5.668385e-01
368, 3.103709e-01, 5.565757e-01
369, 3.105561e-01, 8.207692e-01
370, 3.106166e-01, 1.888313e-01
371, 3.109675e-01, 8.335605e-01
372, 3.112410e-01, 2.006896e-01
373, 3.112710e-01, 6.989597e-01
374, 3.205174e-01, 5.785971e-01
375, 3.206691e-01, 5.084493e-01
376, 3.209371e-01, 1.792753e-01
377, 3.214745e-01, 4.784718e-01
378, 3.216592e-01, 4.463102e-01
379, 3.234520e-01, 7.052140e-01
380, 3.236840e-01, 2.376585e-01
381, 3.238141e-01, 4.143323e-01
382, 3.244217e-01, 3.404414e-01
383, 3.248862e-01, 3.128858e-01
384, 3.249559e-01, 5.395249e-01
385, 3.250931e-01, 8.460048e-01
386, 3.251211e-01, 5.791213e-01
387, 3.252520e-01, 8.435438e-01
388, 3.253305e-01, 7.430446e-01
389, 3.254150e-01, 4.462240e-01
390, 3.254404e-01, 3.075552e-01
391, 3.255791e-01, 8.128475e-01
392, 3.260615e-01, 2.500135e-01
393, 3.261954e-01, 6.072479e-01
394, 3.265123e-01, 2.093827e-01
395, 3.268259e-01, 7.409092e-01
396, 3.277828e-01, 5.778786e-01
397, 3.277898e-01, 2.784936e-01
398, 3.281400e-01, 6.086052e-01
399, 3.283846e-01, 2.108991e-01
400, 3.288262e-01, 8.101523e-01
401, 3.288264e-01, 6.765276e-01
402, 3.294305e-01, 8.380153e-01
403, 3.294447e-01, 5.085428e-01
404, 3.302357e-01, 1.724166e-01
405, 3.308847e-01, 5.733614e-01
406, 3.310833e-01, 3.763710e-01
407, 3.315147e-01, 6.149997e-01
408, 3.317791e-01, 2.107721e-01
409, 3.322720e-01, 8.101184e-01
410, 3.327020e-01, 5.153819e-01
411, 3.405958e-01, 1.554845e-01
412, 3.415897e-01, 1.677448e-01
413, 3.426336e-01, 6.679027e-01
414, 3.430924e-01, 6.575534e-01
415, 3.447514e-01, 4.926240e-01
416, 3.447890e-01, 7.696847e-01
417, 3.449627e-01, 4.983611e-01
418, 3.449908e-01, 2.190336e-01
419, 3.449987e-01, 3.224110e-01
420, 3.450048e-01, 2.339654e-01
421, 3.450773e-01, 3.284053e-01
422, 3.451589e-01, 2.673251e-01
423, 3.455283e-01, 8.336940e-01
424, 3.456533e-01, 1.966924e-01
425, 3.457354e-01, 2.537581e-01
426, 3.458773e-01, 5.227890e-01
427, 3.459725e-01, 3.867325e-01
428, 3.459817e-01, 7.221640e-01
429, 3.460124e-01, 7.566860e-01
430, 3.460228e-01, 4.702546e-01
431, 3.461250e-01, 4.302068e-01
432, 3.461714e-01, 4.001075e-01
433, 3.461797e-01, 1.922200e-01
434, 3.461873e-01, 6.002268e-01
435, 3.464709e-01, 4.534221e-01
436, 3.464922e-01, 5.883765e-01
437, 3.465833e-01, 4.272370e-01
438, 3.465946e-01, 6.227829e-01
439, 3.467831e-01, 6.353514e-01
440, 3.468555e-01, 5.333774e-01
441, 3.469930e-01, 7.305487e-01
442, 3.472984e-01, 7.999509e-01
443, 3.474536e-01, 2.898164e-01
444, 3.477332e-01, 8.200019e-01
445, 3.477782e-01, 7.014897e-01
446, 3.479026e-01, 2.979940e-01
447, 3.479598e-01, 7.916392e-01
448, 3.483646e-01, 3.663100e-01
449, 3.489695e-01, 6.873830e-01
450, 3.501944e-01, 5.682946e-01
451, 3.505540e-01, 5.542200e-01
452, 3.522787e-01, 3.539685e-01
453, 3.586444e-01, 7.113456e-01
454, 3.594520e-01, 8.456310e-01
455, 3.601323e-01, 6.834338e-01
456, 3.601931e-01, 2.122235e-01
457, 3.606393e-01, 3.107384e-01
458, 3.615827e-01, 5.776870e-01
459, 3.616006e-01, 8.123927e-01
460, 3.624747e-01, 7.810641e-01
461, 3.628162e-01, 3.409784e-01
462, 3.629927e-01, 6.425423e-01
463, 3.630389e-01, 7.466637e-01
464, 3.630523e-01, 1.772775e-01
465, 3.634760e-01, 7.788319e-01
466, 3.637610e-01, 3.110685e-01
467, 3.645742e-01, 4.069342e-01
468, 3.647040e-01, 5.778642e-01
469, 3.648139e-01, 6.451352e-01
470, 3.649223e-01, 6.760107e-01
471, 3.649729e-01, 8.125319e-01
472, 3.651825e-01, 3.136314e-01
473, 3.651903e-01, 2.126125e-01
474, 3.651963e-01, 1.787855e-01
475, 3.654021e-01, 8.458428e-01
476, 3.654948e-01, 3.468764e-01
477, 3.658336e-01, 3.081869e-01
478, 3.668756e-01, 6.495524e-01
479, 3.674373e-01, 2.112487e-01
480, 3.676116e-01, 4.440590e-01
481, 3.683072e-01, 2.408094e-01
482, 3.683347e-01, 8.445738e-01
483, 3.684088e-01, 7.104782e-01
484, 3.685649e-01, 5.712241e-01
485, 3.691556e-01, 7.753168e-01
486, 3.693505e-01, 1.785443e-01
487, 3.694605e-01, 4.407973e-01
488, 3.695437e-01, 8.417947e-01
489, 3.697024e-01, 3.464828e-01
490, 3.697046e-01, 7.130222e-01
491, 3.699969e-01, 7.730962e-01
492, 3.700175e-01, 5.448499e-01
493, 3.703398e-01, 3.723909e-01
494, 3.708439e-01, 2.111224e-01
495, 3.712690e-01, 6.771996e-01
496, 3.727157e-01, 4.775176e-01
497, 3.814719e-01, 8.326074e-01
498, 3.819717e-01, 6.221099e-01
499, 3.827904e-01, 2.664552e-01
500, 3.830455e-01, 1.689777e-01
501, 3.832291e-01, 4.542091e-01
502, 3.832596e-01, 8.209442e-01
503, 3.832692e-01, 1.567328e-01
504, 3.833156e-01, 6.342782e-01
505, 3.833411e-01, 4.210403e-01
506, 3.834152e-01, 2.576705e-01
507, 3.834265e-01, 8.005532e-01
508, 3.834322e-01, 4.700390e-01
509, 3.834622e-01, 5.979399e-01
510, 3.834844e-01, 2.856452e-01
511, 3.838219e-01, 1.889176e-01
512, 3.838333e-01, 5.667705e-01
513, 3.838922e-01, 2.984269e-01
514, 3.842130e-01, 4.325337e-01
515, 3.844797e-01, 7.640486e-01
516, 3.845404e-01, 7.868641e-01
517, 3.845577e-01, 3.254035e-01
518, 3.846338e-01, 3.981180e-01
519, 3.847467e-01, 3.347010e-01
520, 3.848420e-01, 3.905671e-01
521, 3.851044e-01, 6.992606e-01
522, 3.851825e-01, 5.886864e-01
523, 3.856943e-01, 2.331008e-01
524, 3.859083e-01, 5.529559e-01
525, 3.859124e-01, 7.339994e-01
526, 3.859240e-01, 6.889867e-01
527, 3.860145e-01, 2.011346e-01
528, 3.860661e-01, 5.196813e-01
529, 3.860824e-01, 3.662718e-01
530, 3.861033e-01, 6.578183e-01
531, 3.861239e-01, 3.566124e-01
532, 3.861297e-01, 5.338085e-01
533, 3.862846e-01, 7.551511e-01
534, 3.865397e-01, 4.971339e-01
535, 3.866574e-01, 2.217338e-01
536, 3.870682e-01, 6.685219e-01
537, 3.872367e-01, 7.200587e-01
538, 3.878222e-01, 4.907540e-01
539, 3.971939e-01, 4.106087e-01
540, 3.992313e-01, 2.770263e-01
541, 3.995712e-01, 5.806768e-01
542, 4.000094e-01, 1.772016e-01
543, 4.007944e-01, 3.412494e-01
544, 4.010119e-01, 2.433620e-01
545, 4.015741e-01, 3.156023e-01
546, 4.017771e-01, 6.421093e-01
547, 4.019486e-01, 2.092834e-01
548, 4.023021e-01, 7.434960e-01
549, 4.023573e-01, 5.806745e-01
550, 4.024740e-01, 6.123162e-01
551, 4.026346e-01, 8.436423e-01
552, 4.026845e-01, 4.781478e-01
553, 4.031994e-01, 7.800282e-01
554, 4.032054e-01, 4.109969e-01
555, 4.032954e-01, 4.437823e-01
556, 4.034401e-01, 7.455820e-01
557, 4.036737e-01, 1.772312e-01
558, 4.039030e-01, 7.150292e-01
559, 4.043761e-01, 8.468995e-01
560, 4.044257e-01, 7.746440e-01
561, 4.048367e-01, 2.435161e-01
562, 4.053959e-01, 2.110850e-01
563, 4.054024e-01, 7.768492e-01
564, 4.054799e-01, 4.411846e-01
565, 4.057485e-01, 5.785108e-01
566, 4.058654e-01, 6.775733e-01
567, 4.058961e-01, 7.470044e-01
568, 4.060390e-01, 4.788561e-01
569, 4.061875e-01, 4.093804e-01
570, 4.063102e-01, 3.742527e-01
571, 4.069289e-01, 5.763094e-01
572, 4.070213e-01, 2.446739e-01
573, 4.074633e-01, 6.080576e-01
574, 4.078597e-01, 8.469414e-01
575, 4.081347e-01, 2.110842e-01
576, 4.092761e-01, 5.120143e-01
577, 4.097823e-01, 1.774591e-01
578, 4.102362e-01, 6.704879e-01
579, 4.109138e-01, 7.466281e-01
580, 4.113038e-01, 7.773766e-01
581, 4.193767e-01, 4.563807e-01
582, 4.200464e-01, 4.665339e-01
583, 4.207663e-01, 1.569163e-01
584, 4.213340e-01, 3.221860e-01
585, 4.214733e-01, 1.690184e-01
586, 4.215924e-01, 6.326025e-01
587, 4.218387e-01, 3.678691e-01
588, 4.221416e-01, 6.221289e-01
589, 4.222596e-01, 6.662344e-01
590, 4.223129e-01, 4.323874e-01
591, 4.225624e-01, 7.981523e-01
592, 4.227925e-01, 3.301191e-01
593, 4.228490e-01, 5.994319e-01
594, 4.229892e-01, 2.354835e-01
595, 4.230945e-01, 5.228925e-01
596, 4.231485e-01, 4.880159e-01
597, 4.232942e-01, 3.014449e-01
598, 4.233040e-01, 5.893083e-01
599, 4.233177e-01, 7.223945e-01
600, 4.233714e-01, 7.001508e-01
601, 4.233872e-01, 7.885957e-01
602, 4.235673e-01, 2.594087e-01
603, 4.236517e-01, 5.317128e-01
604, 4.238169e-01, 2.241942e-01
605, 4.238529e-01, 6.903591e-01
606, 4.239126e-01, 1.995230e-01
607, 4.240307e-01, 7.550192e-01
608, 4.241448e-01, 2.647242e-01
609, 4.241552e-01, 5.007283e-01
610, 4.241558e-01, 5.663259e-01
611, 4.241601e-01, 3.551712e-01
612, 4.244089e-01, 8.345496e-01
613, 4.247369e-01, 6.529919e-01
614, 4.248156e-01, 5.554017e-01
615, 4.249622e-01, 2.843199e-01
616, 4.249852e-01, 1.923669e-01
617, 4.251564e-01, 7.334567e-01
618, 4.252413e-01, 4.212764e-01
619, 4.256634e-01, 7.681120e-01
620, 4.257055e-01, 3.871008e-01
621, 4.259924e-01, 8.228151e-01
622, 4.260562e-01, 4.006541e-01
623, 4.354479e-01, 7.113344e-01
624, 4.381413e-01, 2.439397e-01
625, 4.389551e-01, 3.790715e-01
626, 4.393738e-01, 4.131791e-01
627, 4.397746e-01, 3.068919e-01
628, 4.404250e-01, 3.477344e-01
629, 4.405046e-01, 5.452199e-01
630, 4.405251e-01, 7.814209e-01
631, 4.407026e-01, 4.449176e-01
632, 4.409357e-01, 1.751700e-01
633, 4.409419e-01, 8.145799e-01
634, 4.410791e-01, 5.138315e-01
635, 4.416336e-01, 1.829597e-01
636, 4.416378e-01, 5.749268e-01
637, 4.416814e-01, 7.374576e-01
638, 4.417018e-01, 6.447233e-01
639, 4.417466e-01, 6.799745e-01
640, 4.420958e-01, 7.118942e-01
641, 4.421032e-01, 5.083037e-01
642, 4.423396e-01, 6.773873e-01
643, 4.428041e-01, 7.774268e-01
644, 4.428151e-01, 3.442499e-01
645, 4.428621e-01, 6.080476e-01
646, 4.429031e-01, 6.468652e-01
647, 4.430630e-01, 2.148547e-01
648, 4.431861e-01, 5.771968e-01
649, 4.436377e-01, 1.789223e-01
650, 4.442155e-01, 5.461073e-01
651, 4.442652e-01, 7.132140e-01
652, 4.443069e-01, 3.140756e-01
653, 4.452464e-01, 6.383908e-01
654, 4.453193e-01, 4.811422e-01
655, 4.464180e-01, 7.757626e-01
656, 4.476845e-01, 7.465214e-01
657, 4.589816e-01, 7.692852e-01
658, 4.593970e-01, 2.312968e-01
659, 4.596622e-01, 8.012109e-01
660, 4.596837e-01, 6.885473e-01
661, 4.597803e-01, 6.338072e-01
662, 4.599156e-01, 7.536102e-01
663, 4.599221e-01, 2.225033e-01
664, 4.602221e-01, 7.895688e-01
665, 4.603829e-01, 6.981634e-01
666, 4.605562e-01, 5.232330e-01
667, 4.606907e-01, 2.994012e-01
668, 4.607736e-01, 2.635755e-01
669, 4.607850e-01, 2.905435e-01
670, 4.609068e-01, 3.685816e-01
671, 4.609507e-01, 2.544719e-01
672, 4.610176e-01, 5.318026e-01
673, 4.613074e-01, 5.637519e-01
674, 4.613187e-01, 6.214024e-01
675, 4.614334e-01, 4.006291e-01
676, 4.614717e-01, 5.882811e-01
677, 4.615922e-01, 6.567621e-01
678, 4.617972e-01, 6.695061e-01
679, 4.619227e-01, 1.890845e-01
680, 4.620408e-01, 4.537688e-01
681, 4.620886e-01, 5.578282e-01
682, 4.621936e-01, 2.007342e-01
683, 4.623636e-01, 3.351119e-01
684, 4.624029e-01, 3.533315e-01
685, 4.624181e-01, 1.545055e-01
686, 4.628054e-01, 4.335596e-01
687, 4.628604e-01, 7.343723e-01
688, 4.631193e-01, 8.238712e-01
689, 4.632441e-01, 4.674261e-01
690, 4.632492e-01, 7.218423e-01
691, 4.633393e-01, 4.217703e-01
692, 4.636375e-01, 8.348753e-01
693, 4.638970e-01, 3.889493e-01
694, 4.639093e-01, 4.959401e-01
695, 4.642451e-01, 1.665553e-01
696, 4.642658e-01, 4.906592e-01
697, 4.650567e-01, 5.994197e-01
698, 4.652462e-01, 3.212585e-01
699, 4.730588e-01, 6.778405e-01
700, 4.747734e-01, 3.464642e-01
701, 4.760666e-01, 3.810101e-01
702, 4.762934e-01, 3.152125e-01
703, 4.764012e-01, 4.720258e-01
704, 4.770914e-01, 4.127168e-01
705, 4.773464e-01, 1.736174e-01
706, 4.775317e-01, 6.058454e-01
707, 4.777785e-01, 6.450668e-01
708, 4.782557e-01, 2.066174e-01
709, 4.787781e-01, 1.812003e-01
710, 4.788415e-01, 3.104133e-01
711, 4.792620e-01, 5.767567e-01
712, 4.793120e-01, 8.112186e-01
713, 4.793360e-01, 6.100789e-01
714, 4.794890e-01, 4.816982e-01
715, 4.797201e-01, 7.444259e-01
716, 4.797228e-01, 2.138539e-01
717, 4.800035e-01, 8.409320e-01
718, 4.800131e-01, 5.136279e-01
719, 4.803362e-01, 6.450025e-01
720, 4.808836e-01, 4.789644e-01
721, 4.808877e-01, 7.835768e-01
722, 4.811721e-01, 2.112866e-01
723, 4.820252e-01, 3.767055e-01
724, 4.821817e-01, 5.787568e-01
725, 4.822012e-01, 2.410758e-01
726, 4.823794e-01, 5.101079e-01
727, 4.829038e-01, 7.484405e-01
728, 4.829665e-01, 7.798595e-01
729, 4.831723e-01, 7.114943e-01
730, 4.832891e-01, 6.395276e-01
731, 4.834522e-01, 4.438473e-01
732, 4.837071e-01, 5.829901e-01
733, 4.837958e-01, 6.747082e-01
734, 4.838083e-01, 6.499690e-01
735, 4.838165e-01, 5.064936e-01
736, 4.838597e-01, 8.108991e-01
737, 4.848178e-01, 6.185290e-01
738, 4.849901e-01, 4.061501e-01
739, 4.880374e-01, 2.113343e-01
740, 4.972260e-01, 7.879979e-01
741, 4.973084e-01, 3.242943e-01
742, 4.977430e-01, 7.548783e-01
743, 4.982699e-01, 5.686136e-01
744, 4.982845e-01, 5.547761e-01
745, 4.984466e-01, 3.342297e-01
746, 4.985275e-01, 8.343727e-01
747, 4.986613e-01, 2.328617e-01
748, 4.987214e-01, 7.663854e-01
749, 4.987666e-01, 6.226524e-01
750, 4.988646e-01, 3.962756e-01
751, 4.991420e-01, 4.208003e-01
752, 4.991557e-01, 6.869784e-01
753, 4.994365e-01, 7.222297e-01
754, 4.994540e-01, 2.213835e-01
755, 4.996072e-01, 4.559199e-01
756, 4.996232e-01, 7.312334e-01
757, 4.996513e-01, 3.907362e-01
758, 4.997445e-01, 8.021730e-01
759, 4.999185e-01, 2.022614e-01
760, 5.000382e-01, 8.216396e-01
761, 5.002903e-01, 4.988251e-01
762, 5.003516e-01, 4.656581e-01
763, 5.003666e-01, 6.993325e-01
764, 5.005783e-01, 4.893071e-01
765, 5.007804e-01, 4.327700e-01
766, 5.007951e-01, 1.661634e-01
767, 5.009885e-01, 1.561916e-01
768, 5.010109e-01, 6.326840e-01
769, 5.010341e-01, 6.630939e-01
770, 5.011031e-01, 3.576594e-01
771, 5.011788e-01, 1.917801e-01
772, 5.012606e-01, 5.901522e-01
773, 5.013308e-01, 3.655166e-01
774, 5.013920e-01, 5.319510e-01
775, 5.014278e-01, 5.206625e-01
776, 5.016305e-01, 6.560371e-01
777, 5.020728e-01, 2.895625e-01
778, 5.023071e-01, 6.022311e-01
779, 5.023862e-01, 2.666475e-01
780, 5.030585e-01, 2.535996e-01
781, 5.031914e-01, 3.012992e-01
782, 5.126806e-01, 3.090751e-01
783, 5.129890e-01, 6.098212e-01
784, 5.136870e-01, 1.861475e-01
785, 5.145787e-01, 3.404658e-01
786, 5.148764e-01, 7.443185e-01
787, 5.156055e-01, 4.733803e-01
788, 5.162930e-01, 5.093365e-01
789, 5.165288e-01, 5.784704e-01
790, 5.165408e-01, 6.779264e-01
791, 5.169472e-01, 8.139841e-01
792, 5.172136e-01, 1.777874e-01
793, 5.174597e-01, 6.451256e-01
794, 5.180171e-01, 2.167982e-01
795, 5.181906e-01, 3.458848e-01
796, 5.183788e-01, 4.394821e-01
797, 5.185359e-01, 4.123856e-01
798, 5.191586e-01, 2.064108e-01
799, 5.192294e-01, 6.097810e-01
800, 5.193913e-01, 5.091181e-01
801, 5.194838e-01, 2.415827e-01
802, 5.195977e-01, 1.767862e-01
803, 5.198499e-01, 3.483187e-01
804, 5.199738e-01, 6.441043e-01
805, 5.199822e-01, 2.480929e-01
806, 5.200972e-01, 8.436746e-01
807, 5.201409e-01, 5.781614e-01
808, 5.203126e-01, 2.130044e-01
809, 5.204247e-01, 4.084571e-01
810, 5.210697e-01, 3.101535e-01
811, 5.213722e-01, 5.802508e-01
812, 5.216754e-01, 5.750658e-01
813, 5.224079e-01, 3.079466e-01
814, 5.225749e-01, 7.775742e-01
815, 5.226297e-01, 6.044196e-01
816, 5.226369e-01, 3.135324e-01
817, 5.228325e-01, 4.797839e-01
818, 5.228413e-01, 5.426459e-01
819, 5.229978e-01, 7.152909e-01
820, 5.236363e-01, 6.368356e-01
821, 5.238914e-01, 5.171253e-01
822, 5.242525e-01, 7.816930e-01
823, 5.251208e-01, 6.192852e-01
824, 5.264438e-01, 8.439714e-01
825, 5.265462e-01, 4.095925e-01
826, 5.266802e-01, 1.777557e-01
827, 5.359096e-01, 5.359650e-01
828, 5.360420e-01, 5.223268e-01
829, 5.360438e-01, 1.992463e-01
830, 5.367499e-01, 4.341389e-01
831, 5.370772e-01, 8.187331e-01
832, 5.373494e-01, 1.525124e-01
833, 5.374207e-01, 6.539794e-01
834, 5.374391e-01, 6.667055e-01
835, 5.376513e-01, 1.906311e-01
836, 5.376672e-01, 3.230781e-01
837, 5.376873e-01, 2.891437e-01
838, 5.377628e-01, 2.994688e-01
839, 5.381306e-01, 3.677271e-01
840, 5.386276e-01, 7.966069e-01
841, 5.386536e-01, 8.347672e-01
842, 5.387538e-01, 7.917732e-01
843, 5.388722e-01, 6.281816e-01
844, 5.389478e-01, 2.335493e-01
845, 5.391328e-01, 3.315315e-01
846, 5.391462e-01, 7.226183e-01
847, 5.394384e-01, 7.664717e-01
848, 5.394444e-01, 4.215148e-01
849, 5.394855e-01, 6.221194e-01
850, 5.396191e-01, 7.580077e-01
851, 5.396797e-01, 2.562357e-01
852, 5.396887e-01, 1.680146e-01
853, 5.397175e-01, 6.994252e-01
854, 5.397378e-01, 6.900060e-01
855, 5.398124e-01, 4.554382e-01
856, 5.398833e-01, 2.658236e-01
857, 5.399680e-01, 7.317886e-01
858, 5.401607e-01, 5.000267e-01
859, 5.402205e-01, 4.912229e-01
860, 5.402401e-01, 5.669184e-01
861, 5.404742e-01, 3.902465e-01
862, 5.410419e-01, 5.595418e-01
863, 5.411417e-01, 3.536258e-01
864, 5.412007e-01, 4.639975e-01
865, 5.413475e-01, 6.011633e-01
866, 5.414314e-01, 2.200601e-01
867, 5.415896e-01, 4.035117e-01
868, 5.425685e-01, 5.880495e-01
869, 5.514044e-01, 2.145206e-01
870, 5.532157e-01, 2.457452e-01
871, 5.535598e-01, 5.102782e-01
872, 5.547459e-01, 7.112151e-01
873, 5.548464e-01, 8.110331e-01
874, 5.551051e-01, 3.110851e-01
875, 5.555881e-01, 2.148375e-01
876, 5.557330e-01, 4.706368e-01
877, 5.557880e-01, 3.438143e-01
878, 5.564204e-01, 6.427271e-01
879, 5.564437e-01, 2.454984e-01
880, 5.570358e-01, 5.429805e-01
881, 5.572187e-01, 3.090627e-01
882, 5.572688e-01, 8.412006e-01
883, 5.574591e-01, 6.458720e-01
884, 5.580396e-01, 2.479321e-01
885, 5.580652e-01, 3.414609e-01
886, 5.581219e-01, 4.750240e-01
887, 5.582368e-01, 6.072510e-01
888, 5.582462e-01, 3.459196e-01
889, 5.583306e-01, 4.807705e-01
890, 5.584339e-01, 6.169527e-01
891, 5.586466e-01, 3.790506e-01
892, 5.587467e-01, 5.108996e-01
893, 5.587769e-01, 5.460685e-01
894, 5.588632e-01, 8.447797e-01
895, 5.592738e-01, 2.402173e-01
896, 5.593689e-01, 7.112935e-01
897, 5.594623e-01, 4.467082e-01
898, 5.596519e-01, 8.117046e-01
899, 5.598242e-01, 2.124726e-01
900, 5.598794e-01, 6.474263e-01
901, 5.602118e-01, 4.830763e-01
902, 5.603669e-01, 3.755288e-01
903, 5.608403e-01, 5.486883e-01
904, 5.619619e-01, 7.467957e-01
905, 5.619745e-01, 3.091960e-01
906, 5.619842e-01, 8.167106e-01
907, 5.621006e-01, 5.169108e-01
908, 5.625672e-01, 6.772144e-01
909, 5.627318e-01, 2.057697e-01
910, 5.627507e-01, 8.449025e-01
911, 5.627931e-01, 8.070436e-01
912, 5.634139e-01, 7.053920e-01
913, 5.641780e-01, 6.472556e-01
914, 5.722006e-01, 7.014048e-01
915, 5.737965e-01, 6.840476e-01
916, 5.740269e-01, 5.227613e-01
917, 5.742756e-01, 4.878776e-01
918, 5.743988e-01, 5.014130e-01
919, 5.744881e-01, 6.220839e-01
920, 5.753126e-01, 5.336561e-01
921, 5.754546e-01, 5.987574e-01
922, 5.755002e-01, 3.544486e-01
923, 5.757447e-01, 1.669403e-01
924, 5.763980e-01, 8.020284e-01
925, 5.764977e-01, 6.354318e-01
926, 5.765108e-01, 3.652437e-01
927, 5.766463e-01, 4.561759e-01
928, 5.767241e-01, 1.563469e-01
929, 5.767555e-01, 5.885318e-01
930, 5.767678e-01, 2.553019e-01
931, 5.768032e-01, 5.579614e-01
932, 5.771787e-01, 2.679203e-01
933, 5.773327e-01, 3.314511e-01
934, 5.773952e-01, 7.875685e-01
935, 5.773996e-01, 2.343002e-01
936, 5.776041e-01, 1.868700e-01
937, 5.776582e-01, 2.215017e-01
938, 5.777750e-01, 4.624657e-01
939, 5.779174e-01, 8.223315e-01
940, 5.780324e-01, 1.956468e-01
941, 5.781869e-01, 2.885880e-01
942, 5.783376e-01, 5.672229e-01
943, 5.784857e-01, 3.894492e-01
944, 5.786046e-01, 2.975523e-01
945, 5.786134e-01, 4.211955e-01
946, 5.789330e-01, 3.199008e-01
947, 5.789941e-01, 7.654070e-01
948, 5.791697e-01, 6.581084e-01
949, 5.792135e-01, 3.974314e-01
950, 5.792574e-01, 6.647981e-01
951, 5.794073e-01, 4.334546e-01
952, 5.796730e-01, 7.557088e-01
953, 5.797905e-01, 7.234814e-01
954, 5.799602e-01, 8.345011e-01
955, 5.802871e-01, 7.329112e-01
956, 5.879648e-01, 1.762812e-01
957, 5.896825e-01, 2.445198e-01
958, 5.908129e-01, 6.119247e-01
959, 5.913531e-01, 4.732890e-01
960, 5.927590e-01, 6.742932e-01
961, 5.928792e-01, 3.483834e-01
962, 5.929226e-01, 5.743417e-01
963, 5.930628e-01, 3.136244e-01
964, 5.934894e-01, 4.784217e-01
965, 5.940808e-01, 4.046572e-01
966, 5.942782e-01, 2.445436e-01
967, 5.943230e-01, 2.778751e-01
968, 5.943324e-01, 6.780501e-01
969, 5.944636e-01, 5.158506e-01
970, 5.944965e-01, 4.430620e-01
971, 5.947685e-01, 5.411391e-01
972, 5.951403e-01, 6.120729e-01
973, 5.952092e-01, 5.783117e-01
974, 5.952561e-01, 4.145889e-01
975, 5.955176e-01, 3.723397e-01
976, 5.957397e-01, 3.094762e-01
977, 5.960055e-01, 6.405313e-01
978, 5.960953e-01, 2.131105e-01
979, 5.967102e-01, 6.797831e-01
980, 5.967480e-01, 5.445437e-01
981, 5.970584e-01, 2.778612e-01
982, 5.973082e-01, 6.500109e-01
983, 5.973674e-01, 4.808418e-01
984, 5.975588e-01, 4.111929e-01
985, 5.978628e-01, 6.135364e-01
986, 5.981845e-01, 8.463558e-01
987, 5.982201e-01, 5.470998e-01
988, 5.983648e-01, 7.753120e-01
989, 5.985059e-01, 1.759214e-01
990, 5.987356e-01, 2.804285e-01
991, 5.988833e-01, 7.444600e-01
992, 5.990109e-01, 2.177571e-01
993, 5.990301e-01, 5.786034e-01
994, 5.995007e-01, 7.167138e-01
995, 5.996400e-01, 6.470771e-01
996, 6.005276e-01, 2.446955e-01
997, 6.010850e-01, 3.102629e-01
998, 6.020230e-01, 7.387205e-01
999, 6.020659e-01, 1.761886e-01
1000, 6.122475e-01, 5.534728e-01
1001, 6.128876e-01, 3.329981e-01
1002, 6.129249e-01, 5.682637e-01
1003, 6.141216e-01, 1.690818e-01
1004, 6.141563e-01, 3.248557e-01
1005, 6.143630e-01, 7.010068e-01
1006, 6.143890e-01, 6.567908e-01
1007, 6.144237e-01, 5.242685e-01
1008, 6.147739e-01, 4.320496e-01
1009, 6.148927e-01, 1.882566e-01
1010, 6.149351e-01, 5.297361e-01
1011, 6.150231e-01, 6.201091e-01
1012, 6.151220e-01, 3.667504e-01
1013, 6.151984e-01, 4.990746e-01
1014, 6.152730e-01, 2.890035e-01
1015, 6.153968e-01, 1.990902e-01
1016, 6.154598e-01, 4.207601e-01
1017, 6.155008e-01, 5.902720e-01
1018, 6.155979e-01, 3.948558e-01
1019, 6.157101e-01, 5.965989e-01
1020, 6.157651e-01, 7.543500e-01
1021, 6.157811e-01, 8.327241e-01
1022, 6.158929e-01, 4.908572e-01
1023, 6.160903e-01, 2.238832e-01
1024, 6.161601e-01, 2.336235e-01
1025, 6.162557e-01, 6.679509e-01
1026, 6.163757e-01, 7.216503e-01
1027, 6.164637e-01, 6.887081e-01
1028, 6.167903e-01, 4.543374e-01
1029, 6.168754e-01, 3.562988e-01
1030, 6.168812e-01, 7.328176e-01
1031, 6.169056e-01, 7.996253e-01
1032, 6.169226e-01, 7.888188e-01
1033, 6.171374e-01, 4.658052e-01
1034, 6.175132e-01, 3.036607e-01
1035, 6.177075e-01, 7.655118e-01
1036, 6.180774e-01, 1.578146e-01
1037, 6.183917e-01, 8.214416e-01
1038, 6.185182e-01, 2.656356e-01
1039, 6.193802e-01, 2.557565e-01
1040, 6.193945e-01, 6.320436e-01
1041, 6.278802e-01, 7.133680e-01
1042, 6.289614e-01, 6.804004e-01
1043, 6.298190e-01, 7.386193e-01
1044, 6.303206e-01, 3.772435e-01
1045, 6.307545e-01, 3.475253e-01
1046, 6.312458e-01, 2.077490e-01
1047, 6.312803e-01, 2.147046e-01
1048, 6.313926e-01, 5.444575e-01
1049, 6.315923e-01, 4.068731e-01
1050, 6.318686e-01, 5.130635e-01
1051, 6.318921e-01, 4.744850e-01
1052, 6.319139e-01, 7.431235e-01
1053, 6.319915e-01, 6.355398e-01
1054, 6.328100e-01, 6.108967e-01
1055, 6.331331e-01, 2.107916e-01
1056, 6.332459e-01, 2.747646e-01
1057, 6.332986e-01, 8.137861e-01
1058, 6.335638e-01, 4.109258e-01
1059, 6.336583e-01, 7.749260e-01
1060, 6.346264e-01, 1.810117e-01
1061, 6.349237e-01, 4.800910e-01
1062, 6.352325e-01, 8.472710e-01
1063, 6.355301e-01, 4.464860e-01
1064, 6.356930e-01, 5.130838e-01
1065, 6.359527e-01, 1.778532e-01
1066, 6.360345e-01, 7.139484e-01
1067, 6.366346e-01, 8.448485e-01
1068, 6.366551e-01, 8.410121e-01
1069, 6.371541e-01, 6.465592e-01
1070, 6.371668e-01, 6.749875e-01
1071, 6.371850e-01, 4.130423e-01
1072, 6.373963e-01, 3.435633e-01
1073, 6.375597e-01, 4.450697e-01
1074, 6.377931e-01, 2.449917e-01
1075, 6.379310e-01, 5.413246e-01
1076, 6.380533e-01, 2.101847e-01
1077, 6.381437e-01, 7.471690e-01
1078, 6.382528e-01, 7.127571e-01
1079, 6.386260e-01, 4.155671e-01
1080, 6.390106e-01, 6.172205e-01
1081, 6.390386e-01, 5.067425e-01
1082, 6.394314e-01, 2.405991e-01
1083, 6.397320e-01, 4.405017e-01
1084, 6.408286e-01, 7.078434e-01
1085, 6.417040e-01, 5.862433e-01
1086, 6.437553e-01, 7.466760e-01
1087, 6.486259e-01, 5.890893e-01
1088, 6.500126e-01, 1.996936e-01
1089, 6.501822e-01, 6.230385e-01
1090, 6.502307e-01, 6.550878e-01
1091, 6.502696e-01, 6.677834e-01
1092, 6.509734e-01, 1.880516e-01
1093, 6.518133e-01, 2.323864e-01
1094, 6.522543e-01, 2.545981e-01
1095, 6.522578e-01, 7.017365e-01
1096, 6.524091e-01, 8.205386e-01
1097, 6.526248e-01, 5.995858e-01
1098, 6.527034e-01, 4.550486e-01
1099, 6.528663e-01, 3.231362e-01
1100, 6.529446e-01, 3.552651e-01
1101, 6.530238e-01, 4.911202e-01
1102, 6.530393e-01, 1.537114e-01
1103, 6.532544e-01, 4.333877e-01
1104, 6.532579e-01, 5.202296e-01
1105, 6.532765e-01, 8.338036e-01
1106, 6.533119e-01, 3.332840e-01
1107, 6.533242e-01, 5.005863e-01
1108, 6.534379e-01, 3.663380e-01
1109, 6.535642e-01, 5.318246e-01
1110, 6.537043e-01, 8.027589e-01
1111, 6.537205e-01, 7.877780e-01
1112, 6.537768e-01, 2.685847e-01
1113, 6.539429e-01, 2.214452e-01
1114, 6.541264e-01, 4.644108e-01
1115, 6.541297e-01, 6.330461e-01
1116, 6.542284e-01, 4.213058e-01
1117, 6.543398e-01, 7.253926e-01
1118, 6.549954e-01, 7.675367e-01
1119, 6.550703e-01, 2.879641e-01
1120, 6.553197e-01, 3.015145e-01
1121, 6.553384e-01, 3.908400e-01
1122, 6.554527e-01, 5.559119e-01
1123, 6.558965e-01, 7.553743e-01
1124, 6.559840e-01, 5.669427e-01
1125, 6.561323e-01, 3.997489e-01
1126, 6.566512e-01, 7.337158e-01
1127, 6.567315e-01, 1.684171e-01
1128, 6.569303e-01, 6.886772e-01
1129, 6.642914e-01, 8.107903e-01
1130, 6.653149e-01, 5.091922e-01
1131, 6.689671e-01, 6.825187e-01
1132, 6.695901e-01, 2.757878e-01
1133, 6.696229e-01, 6.051336e-01
1134, 6.697858e-01, 6.763927e-01
1135, 6.698028e-01, 1.795826e-01
1136, 6.702639e-01, 8.405596e-01
1137, 6.705044e-01, 2.502882e-01
1138, 6.705390e-01, 6.391986e-01
1139, 6.709605e-01, 6.788160e-01
1140, 6.712102e-01, 3.097799e-01
1141, 6.714172e-01, 1.768126e-01
1142, 6.717900e-01, 7.397173e-01
1143, 6.719480e-01, 4.120358e-01
1144, 6.723886e-01, 7.479699e-01
1145, 6.726370e-01, 6.422130e-01
1146, 6.726465e-01, 2.096755e-01
1147, 6.727606e-01, 6.471384e-01
1148, 6.727957e-01, 7.090923e-01
1149, 6.728485e-01, 2.777176e-01
1150, 6.731462e-01, 5.434789e-01
1151, 6.731722e-01, 3.437917e-01
1152, 6.732270e-01, 5.081420e-01
1153, 6.738469e-01, 2.454061e-01
1154, 6.738962e-01, 2.152293e-01
1155, 6.740113e-01, 4.103960e-01
1156, 6.742821e-01, 2.124505e-01
1157, 6.744561e-01, 5.777125e-01
1158, 6.746416e-01, 5.059576e-01
1159, 6.746720e-01, 8.427833e-01
1160, 6.746912e-01, 7.432169e-01
1161, 6.749062e-01, 2.811862e-01
1162, 6.756037e-01, 3.739610e-01
1163, 6.757968e-01, 3.456646e-01
1164, 6.758421e-01, 5.444686e-01
1165, 6.763088e-01, 7.104130e-01
1166, 6.764286e-01, 7.723573e-01
1167, 6.772376e-01, 5.160961e-01
1168, 6.779607e-01, 4.427918e-01
1169, 6.780645e-01, 4.749604e-01
1170, 6.782968e-01, 5.708393e-01
1171, 6.790717e-01, 5.441674e-01
1172, 6.800970e-01, 6.785423e-01
1173, 6.806890e-01, 8.426889e-01
1174, 6.903711e-01, 6.565503e-01
1175, 6.904050e-01, 7.656020e-01
1176, 6.905166e-01, 5.893510e-01
1177, 6.906142e-01, 5.984389e-01
1178, 6.910246e-01, 4.690962e-01
1179, 6.910796e-01, 7.225949e-01
1180, 6.912514e-01, 7.306867e-01
1181, 6.914362e-01, 7.553527e-01
1182, 6.915077e-01, 3.356543e-01
1183, 6.917490e-01, 6.648966e-01
1184, 6.918211e-01, 4.548115e-01
1185, 6.919738e-01, 5.342794e-01
1186, 6.919910e-01, 7.990731e-01
1187, 6.923321e-01, 7.899727e-01
1188, 6.924473e-01, 3.265447e-01
1189, 6.925804e-01, 8.355951e-01
1190, 6.926965e-01, 4.345905e-01
1191, 6.927728e-01, 6.304896e-01
1192, 6.929670e-01, 5.240143e-01
1193, 6.930781e-01, 1.630881e-01
1194, 6.932444e-01, 6.243918e-01
1195, 6.933434e-01, 2.367057e-01
1196, 6.934727e-01, 5.641669e-01
1197, 6.935615e-01, 1.573292e-01
1198, 6.936976e-01, 5.016785e-01
1199, 6.937410e-01, 2.587342e-01
1200, 6.940729e-01, 2.657246e-01
1201, 6.941241e-01, 2.881458e-01
1202, 6.942164e-01, 4.225468e-01
1203, 6.942746e-01, 8.230498e-01
1204, 6.942977e-01, 6.969359e-01
1205, 6.943660e-01, 2.221688e-01
1206, 6.947178e-01, 3.968950e-01
1207, 6.952101e-01, 2.009305e-01
1208, 6.952273e-01, 3.027250e-01
1209, 6.953630e-01, 1.882716e-01
1210, 6.954292e-01, 6.887915e-01
1211, 6.954926e-01, 3.875047e-01
1212, 6.955197e-01, 4.896802e-01
1213, 6.962765e-01, 5.554323e-01
1214, 6.967191e-01, 3.676190e-01
1215, 6.972970e-01, 3.544929e-01
1216, 7.074194e-01, 3.786488e-01
1217, 7.074453e-01, 8.159239e-01
1218, 7.076257e-01, 5.510745e-01
1219, 7.081170e-01, 3.467129e-01
1220, 7.087786e-01, 3.158088e-01
1221, 7.090429e-01, 7.402128e-01
1222, 7.096172e-01, 2.753814e-01
1223, 7.099684e-01, 8.070672e-01
1224, 7.099813e-01, 5.414751e-01
1225, 7.102651e-01, 4.767883e-01
1226, 7.102687e-01, 2.152583e-01
1227, 7.107140e-01, 2.777143e-01
1228, 7.107992e-01, 3.099059e-01
1229, 7.108150e-01, 7.780527e-01
1230, 7.108672e-01, 7.812850e-01
1231, 7.112045e-01, 4.510346e-01
1232, 7.112420e-01, 8.099954e-01
1233, 7.113130e-01, 5.462870e-01
1234, 7.113320e-01, 2.129115e-01
1235, 7.114267e-01, 5.437367e-01
1236, 7.115088e-01, 3.785457e-01
1237, 7.120615e-01, 1.772186e-01
1238, 7.125072e-01, 6.759649e-01
1239, 7.126852e-01, 7.750622e-01
1240, 7.130667e-01, 3.465023e-01
1241, 7.132349e-01, 2.792095e-01
1242, 7.135833e-01, 4.428460e-01
1243, 7.136678e-01, 4.789362e-01
1244, 7.137113e-01, 1.792071e-01
1245, 7.139070e-01, 4.467286e-01
1246, 7.141386e-01, 3.798927e-01
1247, 7.141815e-01, 2.497697e-01
1248, 7.142080e-01, 2.086958e-01
1249, 7.143579e-01, 2.371939e-01
1250, 7.147338e-01, 8.105319e-01
1251, 7.147814e-01, 7.157651e-01
1252, 7.148108e-01, 6.159741e-01
1253, 7.152050e-01, 3.495723e-01
1254, 7.152644e-01, 7.097639e-01
1255, 7.152668e-01, 4.397070e-01
1256, 7.157161e-01, 8.430260e-01
1257, 7.172257e-01, 3.381506e-01
1258, 7.177895e-01, 4.790791e-01
1259, 7.195125e-01, 3.800979e-01
1260, 7.292045e-01, 6.226409e-01
1261, 7.294227e-01, 3.012763e-01
1262, 7.298332e-01, 5.861438e-01
1263, 7.298494e-01, 3.560640e-01
1264, 7.299327e-01, 6.316237e-01
1265, 7.299722e-01, 6.548950e-01
1266, 7.300473e-01, 2.002410e-01
1267, 7.302383e-01, 4.322579e-01
1268, 7.306198e-01, 4.902056e-01
1269, 7.306431e-01, 8.328444e-01
1270, 7.307242e-01, 5.009943e-01
1271, 7.307646e-01, 1.886063e-01
1272, 7.310208e-01, 1.544306e-01
1273, 7.311338e-01, 8.254926e-01
1274, 7.311581e-01, 7.569200e-01
1275, 7.311811e-01, 5.320614e-01
1276, 7.311900e-01, 7.239069e-01
1277, 7.312818e-01, 3.707341e-01
1278, 7.314010e-01, 6.897671e-01
1279, 7.315408e-01, 6.020052e-01
1280, 7.315523e-01, 6.678688e-01
1281, 7.316214e-01, 2.570577e-01
1282, 7.316553e-01, 3.303630e-01
1283, 7.316823e-01, 7.690805e-01
1284, 7.316938e-01, 5.221118e-01
1285, 7.317262e-01, 4.568587e-01
1286, 7.318827e-01, 7.876805e-01
1287, 7.318887e-01, 4.701001e-01
1288, 7.320451e-01, 7.000353e-01
1289, 7.320623e-01, 3.907782e-01
1290, 7.323704e-01, 4.199190e-01
1291, 7.327382e-01, 2.903451e-01
1292, 7.327886e-01, 2.304860e-01
1293, 7.329606e-01, 3.991031e-01
1294, 7.332723e-01, 3.227483e-01
1295, 7.333044e-01, 1.674914e-01
1296, 7.338937e-01, 2.218463e-01
1297, 7.340228e-01, 7.352164e-01
1298, 7.346755e-01, 2.681333e-01
1299, 7.347700e-01, 8.015930e-01
1300, 7.419302e-01, 7.770577e-01
1301, 7.456784e-01, 6.103037e-01
1302, 7.460136e-01, 2.846208e-01
1303, 7.467106e-01, 2.740194e-01
1304, 7.467340e-01, 5.102542e-01
1305, 7.468981e-01, 2.436263e-01
1306, 7.469129e-01, 6.420412e-01
1307, 7.477240e-01, 1.747455e-01
1308, 7.478840e-01, 5.140487e-01
1309, 7.480118e-01, 1.805177e-01
1310, 7.481575e-01, 7.432617e-01
1311, 7.484157e-01, 5.772991e-01
1312, 7.484465e-01, 3.494385e-01
1313, 7.489214e-01, 6.764087e-01
1314, 7.489902e-01, 2.778199e-01
1315, 7.492144e-01, 1.828603e-01
1316, 7.493546e-01, 6.102757e-01
1317, 7.494497e-01, 6.420085e-01
1318, 7.494728e-01, 4.831864e-01
1319, 7.496527e-01, 7.097215e-01
1320, 7.498460e-01, 3.743619e-01
1321, 7.501511e-01, 4.466227e-01
1322, 7.505376e-01, 7.434084e-01
1323, 7.507592e-01, 5.791385e-01
1324, 7.509040e-01, 3.453470e-01
1325, 7.510294e-01, 6.133323e-01
1326, 7.513761e-01, 5.436995e-01
1327, 7.516298e-01, 4.487124e-01
1328, 7.517767e-01, 4.798708e-01
1329, 7.518466e-01, 7.456702e-01
1330, 7.521027e-01, 7.412397e-01
1331, 7.521808e-01, 8.058943e-01
1332, 7.526452e-01, 2.437743e-01
1333, 7.533184e-01, 6.443768e-01
1334, 7.540071e-01, 4.766045e-01
1335, 7.550072e-01, 6.768858e-01
1336, 7.554062e-01, 8.436964e-01
1337, 7.554662e-01, 2.786128e-01
1338, 7.555786e-01, 2.478739e-01
1339, 7.557020e-01, 7.867202e-01
1340, 7.564680e-01, 5.131034e-01
1341, 7.644500e-01, 2.515375e-01
1342, 7.660179e-01, 7.899521e-01
1343, 7.663322e-01, 5.198526e-01
1344, 7.666906e-01, 8.008247e-01
1345, 7.669275e-01, 1.531932e-01
1346, 7.672032e-01, 1.691469e-01
1347, 7.678122e-01, 4.994269e-01
1348, 7.678453e-01, 4.903394e-01
1349, 7.681195e-01, 2.948306e-01
1350, 7.684668e-01, 4.232660e-01
1351, 7.684910e-01, 2.867730e-01
1352, 7.686381e-01, 4.336808e-01
1353, 7.689728e-01, 6.247647e-01
1354, 7.689778e-01, 1.924581e-01
1355, 7.691562e-01, 5.321226e-01
1356, 7.691678e-01, 7.020070e-01
1357, 7.695875e-01, 3.187970e-01
1358, 7.696612e-01, 2.660540e-01
1359, 7.697428e-01, 1.955401e-01
1360, 7.699088e-01, 4.686620e-01
1361, 7.700540e-01, 7.327873e-01
1362, 7.700653e-01, 3.365787e-01
1363, 7.701170e-01, 3.657499e-01
1364, 7.703548e-01, 7.232586e-01
1365, 7.704570e-01, 6.332325e-01
1366, 7.706226e-01, 3.589961e-01
1367, 7.706438e-01, 4.566349e-01
1368, 7.708474e-01, 7.559900e-01
1369, 7.709041e-01, 3.847617e-01
1370, 7.711050e-01, 8.350063e-01
1371, 7.711998e-01, 7.688553e-01
1372, 7.712783e-01, 3.997840e-01
1373, 7.713894e-01, 6.870662e-01
1374, 7.718232e-01, 8.213418e-01
1375, 7.718921e-01, 6.649768e-01
1376, 7.719148e-01, 5.550130e-01
1377, 7.719518e-01, 2.306257e-01
1378, 7.721373e-01, 2.233256e-01
1379, 7.723611e-01, 6.575759e-01
1380, 7.723749e-01, 5.927718e-01
1381, 7.727849e-01, 6.003586e-01
1382, 7.736569e-01, 5.655731e-01
1383, 7.823301e-01, 4.844494e-01
1384, 7.826017e-01, 1.780635e-01
1385, 7.832384e-01, 4.462230e-01
1386, 7.846583e-01, 3.783089e-01
1387, 7.849625e-01, 8.118300e-01
1388, 7.852715e-01, 2.024073e-01
1389, 7.855654e-01, 4.776223e-01
1390, 7.857709e-01, 8.425659e-01
1391, 7.857737e-01, 2.790224e-01
1392, 7.857935e-01, 2.730649e-01
1393, 7.860480e-01, 2.152745e-01
1394, 7.866716e-01, 6.814080e-01
1395, 7.872573e-01, 2.764246e-01
1396, 7.876541e-01, 5.401784e-01
1397, 7.876838e-01, 5.078321e-01
1398, 7.877679e-01, 4.086825e-01
1399, 7.877830e-01, 8.452322e-01
1400, 7.879871e-01, 3.103235e-01
1401, 7.882342e-01, 6.465347e-01
1402, 7.887367e-01, 1.781389e-01
1403, 7.890984e-01, 4.119286e-01
1404, 7.894657e-01, 3.423813e-01
1405, 7.894935e-01, 2.098311e-01
1406, 7.897949e-01, 3.783418e-01
1407, 7.898940e-01, 4.463766e-01
1408, 7.899589e-01, 2.761160e-01
1409, 7.900169e-01, 6.769587e-01
1410, 7.901935e-01, 7.101121e-01
1411, 7.902994e-01, 3.086222e-01
1412, 7.903691e-01, 2.488830e-01
1413, 7.911851e-01, 8.040183e-01
1414, 7.913158e-01, 1.738098e-01
1415, 7.915531e-01, 5.133670e-01
1416, 7.917739e-01, 3.751906e-01
1417, 7.918663e-01, 4.428364e-01
1418, 7.922650e-01, 6.737496e-01
1419, 7.923272e-01, 2.100420e-01
1420, 7.925610e-01, 4.113025e-01
1421, 7.932209e-01, 7.099619e-01
1422, 7.990162e-01, 4.768503e-01
1423, 8.044659e-01, 7.985488e-01
1424, 8.047696e-01, 3.898485e-01
1425, 8.058614e-01, 2.331750e-01
1426, 8.061711e-01, 7.907193e-01
1427, 8.062616e-01, 2.574665e-01
1428, 8.064491e-01, 7.696116e-01
1429, 8.065991e-01, 2.212915e-01
1430, 8.066420e-01, 2.006936e-01
1431, 8.068379e-01, 7.555184e-01
1432, 8.071024e-01, 8.352990e-01
1433, 8.071093e-01, 8.223235e-01
1434, 8.073589e-01, 4.550511e-01
1435, 8.073761e-01, 6.885325e-01
1436, 8.074930e-01, 4.019317e-01
1437, 8.076724e-01, 1.656629e-01
1438, 8.076799e-01, 7.001746e-01
1439, 8.080709e-01, 2.675076e-01
1440, 8.081795e-01, 4.328241e-01
1441, 8.083243e-01, 4.644212e-01
1442, 8.084339e-01, 4.227780e-01
1443, 8.086223e-01, 3.700376e-01
1444, 8.087440e-01, 5.888411e-01
1445, 8.087815e-01, 5.562804e-01
1446, 8.088315e-01, 6.654893e-01
1447, 8.088896e-01, 6.267227e-01
1448, 8.089128e-01, 6.320336e-01
1449, 8.090275e-01, 5.339918e-01
1450, 8.090509e-01, 1.538501e-01
1451, 8.090578e-01, 1.911278e-01
1452, 8.093331e-01, 5.989829e-01
1453, 8.094092e-01, 7.346857e-01
1454, 8.095235e-01, 7.223975e-01
1455, 8.095800e-01, 6.557361e-01
1456, 8.097337e-01, 5.619990e-01
1457, 8.097343e-01, 5.212196e-01
1458, 8.099351e-01, 3.240627e-01
1459, 8.101473e-01, 3.298934e-01
1460, 8.107241e-01, 2.999284e-01
1461, 8.108872e-01, 5.007487e-01
1462, 8.111297e-01, 3.547463e-01
1463, 8.114320e-01, 2.887408e-01
1464, 8.121129e-01, 4.852859e-01
1465, 8.211716e-01, 2.436077e-01
1466, 8.232471e-01, 3.770931e-01
1467, 8.234057e-01, 2.125965e-01
1468, 8.238037e-01, 4.807921e-01
1469, 8.240463e-01, 7.826731e-01
1470, 8.243092e-01, 4.068903e-01
1471, 8.243465e-01, 7.444125e-01
1472, 8.245520e-01, 3.490370e-01
1473, 8.247052e-01, 6.066689e-01
1474, 8.251963e-01, 7.776625e-01
1475, 8.253734e-01, 1.843077e-01
1476, 8.258465e-01, 7.136709e-01
1477, 8.259523e-01, 3.398380e-01
1478, 8.263150e-01, 8.435896e-01
1479, 8.263263e-01, 3.772506e-01
1480, 8.263982e-01, 1.774546e-01
1481, 8.266482e-01, 1.820681e-01
1482, 8.266493e-01, 4.102915e-01
1483, 8.266513e-01, 6.779489e-01
1484, 8.270050e-01, 7.436402e-01
1485, 8.271652e-01, 3.451582e-01
1486, 8.272290e-01, 3.420136e-01
1487, 8.272370e-01, 6.446187e-01
1488, 8.272579e-01, 6.105712e-01
1489, 8.272819e-01, 6.749350e-01
1490, 8.273062e-01, 3.093115e-01
1491, 8.273871e-01, 8.458338e-01
1492, 8.281921e-01, 4.475323e-01
1493, 8.287063e-01, 2.123957e-01
1494, 8.291352e-01, 4.117622e-01
1495, 8.292799e-01, 2.773675e-01
1496, 8.294179e-01, 7.782331e-01
1497, 8.295306e-01, 3.064471e-01
1498, 8.298371e-01, 6.410079e-01
1499, 8.298777e-01, 5.073922e-01
1500, 8.301174e-01, 2.099404e-01
1501, 8.305328e-01, 4.146181e-01
1502, 8.308457e-01, 6.122268e-01
1503, 8.313212e-01, 5.824261e-01
1504, 8.324503e-01, 6.150925e-01
1505, 8.325755e-01, 4.774453e-01
1506, 8.335373e-01, 3.769289e-01
1507, 8.338678e-01, 8.455064e-01
1508, 8.344536e-01, 2.451114e-01
1509, 8.432196e-01, 5.011012e-01
1510, 8.435723e-01, 6.211119e-01
1511, 8.442579e-01, 7.675894e-01
1512, 8.445414e-01, 8.211014e-01
1513, 8.450359e-01, 7.568841e-01
1514, 8.450605e-01, 4.221321e-01
1515, 8.452284e-01, 6.332274e-01
1516, 8.455401e-01, 4.362905e-01
1517, 8.455472e-01, 3.007167e-01
1518, 8.456148e-01, 2.217829e-01
1519, 8.456243e-01, 5.670307e-01
1520, 8.458318e-01, 7.869668e-01
1521, 8.461592e-01, 2.878577e-01
1522, 8.461877e-01, 2.530696e-01
1523, 8.462280e-01, 2.665177e-01
1524, 8.462782e-01, 8.337622e-01
1525, 8.464944e-01, 5.245733e-01
1526, 8.465182e-01, 3.554083e-01
1527, 8.465473e-01, 3.682964e-01
1528, 8.466033e-01, 2.338301e-01
1529, 8.466340e-01, 7.203822e-01
1530, 8.467720e-01, 6.997642e-01
1531, 8.469688e-01, 3.317130e-01
1532, 8.470371e-01, 6.679838e-01
1533, 8.470461e-01, 7.996775e-01
1534, 8.470664e-01, 5.305909e-01
1535, 8.474575e-01, 3.234017e-01
1536, 8.475298e-01, 4.577965e-01
1537, 8.475492e-01, 1.554658e-01
1538, 8.476816e-01, 4.860207e-01
1539, 8.477540e-01, 5.908663e-01
1540, 8.478749e-01, 6.897000e-01
1541, 8.479461e-01, 5.998909e-01
1542, 8.482654e-01, 5.537544e-01
1543, 8.482800e-01, 4.621574e-01
1544, 8.484583e-01, 6.564730e-01
1545, 8.484771e-01, 1.993619e-01
1546, 8.484926e-01, 1.935064e-01
1547, 1.701336e-01, 4.442339e-01
1548, 1.744237e-01, 6.131230e-01
1549, 1.725430e-01, 8.146990e-01
1550, 1.746062e-01, 4.744547e-01
1551, 1.721260e-01, 3.115883e-01
1552, 1.731413e-01, 8.472069e-01
1553, 1.735652e-01, 5.108122e-01
1554, 1.738742e-01, 6.815471e-01
1555, 1.720852e-01, 4.085386e-01
1556, 1.715475e-01, 2.096928e-01
1557, 1.765463e-01, 3.461564e-01
1558, 1.740083e-01, 5.421606e-01
1559, 1.739944e-01, 7.111308e-01
1560, 2.091506e-01, 5.776031e-01
1561, 2.101022e-01, 6.805493e-01
1562, 2.109642e-01, 7.427100e-01
1563, 2.135340e-01, 8.439198e-01
1564, 2.093666e-01, 4.782669e-01
1565, 2.129031e-01, 7.764035e-01
1566, 2.109191e-01, 7.125561e-01
1567, 2.119952e-01, 6.115083e-01
1568, 2.151905e-01, 7.451838e-01
1569, 2.110521e-01, 4.475498e-01
1570, 2.149947e-01, 2.144330e-01
1571, 2.485524e-01, 3.438092e-01
1572, 2.490402e-01, 7.123623e-01
1573, 2.472208e-01, 6.118912e-01
1574, 2.518129e-01, 6.096276e-01
1575, 2.488865e-01, 4.446023e-01
1576, 2.509837e-01, 4.770421e-01
1577, 2.511149e-01, 6.762804e-01
1578, 2.513963e-01, 8.094718e-01
1579, 2.514093e-01, 5.759038e-01
1580, 2.518209e-01, 2.762596e-01
1581, 2.521991e-01, 5.119960e-01
1582, 2.492876e-01, 2.438652e-01
1583, 2.864997e-01, 8.074805e-01
1584, 2.896701e-01, 7.782164e-01
1585, 2.886322e-01, 7.455585e-01
1586, 2.907743e-01, 8.425929e-01
1587, 2.895551e-01, 2.788201e-01
1588, 2.910369e-01, 2.120250e-01
1589, 2.850060e-01, 2.469057e-01
1590, 2.916762e-01, 5.449045e-01
1591, 2.889263e-01, 4.101878e-01
1592, 2.895526e-01, 5.806910e-01
1593, 2.904359e-01, 6.114855e-01
1594, 3.265029e-01, 3.787321e-01
1595, 3.276843e-01, 7.787449e-01
1596, 3.297723e-01, 2.444963e-01
1597, 3.277092e-01, 4.085778e-01
1598, 3.281218e-01, 7.121464e-01
1599, 3.277716e-01, 4.789846e-01
1600, 3.310223e-01, 6.787156e-01
1601, 3.270152e-01, 6.451827e-01
1602, 3.257407e-01, 7.472270e-01
1603, 3.307020e-01, 4.420785e-01
1604, 3.290519e-01, 2.756166e-01
1605, 3.269427e-01, 3.449605e-01
1606, 3.297635e-01, 5.465001e-01
1607, 3.273769e-01, 1.794918e-01
1608, 3.647068e-01, 2.441980e-01
1609, 3.647933e-01, 4.449267e-01
1610, 3.645700e-01, 5.105496e-01
1611, 3.647501e-01, 6.116219e-01
1612, 3.647020e-01, 5.446552e-01
1613, 3.647903e-01, 4.788111e-01
1614, 3.665770e-01, 7.413066e-01
1615, 3.692724e-01, 8.096003e-01
1616, 3.661643e-01, 4.142708e-01
1617, 3.669183e-01, 3.794866e-01
1618, 3.671593e-01, 2.760842e-01
1619, 3.684841e-01, 5.082986e-01
1620, 4.017730e-01, 6.789112e-01
1621, 4.044232e-01, 5.115596e-01
1622, 4.021911e-01, 8.111541e-01
1623, 4.054107e-01, 6.121119e-01
1624, 4.064479e-01, 6.439555e-01
1625, 4.056367e-01, 2.772312e-01
1626, 4.046083e-01, 5.457706e-01
1627, 4.054129e-01, 3.468131e-01
1628, 4.018685e-01, 7.109616e-01
1629, 4.050815e-01, 8.087317e-01
1630, 4.055561e-01, 3.085195e-01
1631, 4.052340e-01, 3.773909e-01
1632, 4.452244e-01, 8.461027e-01
1633, 4.443433e-01, 5.108254e-01
1634, 4.458689e-01, 2.436761e-01
1635, 4.411313e-01, 2.777470e-01
1636, 4.416843e-01, 3.093158e-01
1637, 4.427592e-01, 4.102741e-01
1638, 4.436683e-01, 4.449627e-01
1639, 4.423366e-01, 3.401318e-01
1640, 4.455046e-01, 7.430730e-01
1641, 4.417727e-01, 6.136741e-01
1642, 4.418162e-01, 8.087628e-01
1643, 4.429807e-01, 4.756716e-01
1644, 4.427917e-01, 3.782617e-01
1645, 4.435252e-01, 5.803155e-01
1646, 4.455545e-01, 2.112000e-01
1647, 4.795152e-01, 4.452594e-01
1648, 4.799063e-01, 7.119481e-01
1649, 4.819924e-01, 6.775658e-01
1650, 4.821953e-01, 4.121120e-01
1651, 4.808940e-01, 1.784105e-01
1652, 4.822249e-01, 7.760477e-01
1653, 4.802440e-01, 5.452657e-01
1654, 4.814138e-01, 3.455284e-01
1655, 4.806809e-01, 2.446352e-01
1656, 4.825295e-01, 2.799216e-01
1657, 4.825582e-01, 8.440515e-01
1658, 5.171910e-01, 7.748120e-01
1659, 5.167651e-01, 2.449400e-01
1660, 5.191279e-01, 7.102651e-01
1661, 5.219515e-01, 6.786136e-01
1662, 5.172207e-01, 8.460249e-01
1663, 5.182263e-01, 7.448903e-01
1664, 5.191862e-01, 4.793090e-01
1665, 5.153265e-01, 5.470805e-01
1666, 5.199633e-01, 8.100704e-01
1667, 5.216458e-01, 3.778738e-01
1668, 5.202703e-01, 2.779105e-01
1669, 5.203068e-01, 4.433552e-01
1670, 5.544001e-01, 6.124829e-01
1671, 5.591972e-01, 6.770731e-01
1672, 5.581681e-01, 7.463586e-01
1673, 5.544097e-01, 5.793952e-01
1674, 5.587783e-01, 1.798637e-01
1675, 5.575405e-01, 2.778044e-01
1676, 5.606379e-01, 5.764123e-01
1677, 5.590113e-01, 4.120917e-01
1678, 5.579860e-01, 4.422755e-01
1679, 5.592837e-01, 7.768484e-01
1680, 5.595476e-01, 1.732313e-01
1681, 5.950957e-01, 7.459957e-01
1682, 5.978792e-01, 4.435233e-01
1683, 5.962782e-01, 2.072392e-01
1684, 5.958995e-01, 3.408543e-01
1685, 5.954940e-01, 7.791108e-01
1686, 5.955274e-01, 8.103708e-01
1687, 5.964037e-01, 5.120936e-01
1688, 5.987144e-01, 8.417814e-01
1689, 5.961713e-01, 3.796057e-01
1690, 5.959717e-01, 7.109542e-01
1691, 6.342312e-01, 5.773366e-01
1692, 6.331971e-01, 3.116357e-01
1693, 6.335440e-01, 2.467306e-01
1694, 6.349795e-01, 7.771431e-01
1695, 6.334990e-01, 3.436313e-01
1696, 6.362860e-01, 6.117948e-01
1697, 6.338985e-01, 8.096286e-01
1698, 6.367904e-01, 3.806416e-01
1699, 6.355309e-01, 2.796722e-01
1700, 6.361135e-01, 5.456234e-01
1701, 6.714342e-01, 5.784421e-01
1702, 6.750658e-01, 4.417628e-01
1703, 6.726873e-01, 6.110789e-01
1704, 6.731786e-01, 3.778155e-01
1705, 6.739747e-01, 2.411232e-01
1706, 6.753795e-01, 3.115139e-01
1707, 6.736128e-01, 8.103947e-01
1708, 6.743239e-01, 4.803201e-01
1709, 6.726618e-01, 7.794215e-01
1710, 7.086374e-01, 5.141399e-01
1711, 7.099708e-01, 2.448274e-01
1712, 7.123558e-01, 7.129934e-01
1713, 7.121473e-01, 8.438089e-01
1714, 7.116586e-01, 4.126131e-01
1715, 7.142931e-01, 5.795065e-01
1716, 7.149917e-01, 5.121913e-01
1717, 7.111856e-01, 6.441872e-01
1718, 7.126597e-01, 7.455893e-01
1719, 7.149753e-01, 4.105317e-01
1720, 7.116710e-01, 6.098287e-01
1721, 7.151826e-01, 3.068602e-01
1722, 7.127539e-01, 6.812429e-01
1723, 7.320885e-01, 5.612835e-01
1724, 7.490889e-01, 8.097247e-01
1725, 7.508262e-01, 7.771880e-01
1726, 7.506084e-01, 8.446213e-01
1727, 7.502276e-01, 3.107345e-01
1728, 7.505817e-01, 4.121279e-01
1729, 7.534968e-01, 3.770792e-01
1730, 7.501005e-01, 4.408326e-01
1731, 7.500316e-01, 5.469530e-01
1732, 7.493747e-01, 2.105408e-01
1733, 7.530142e-01, 7.103750e-01
1734, 7.875296e-01, 7.113665e-01
1735, 7.885895e-01, 7.775831e-01
1736, 7.897774e-01, 5.802959e-01
1737, 7.890078e-01, 6.098189e-01
1738, 7.897733e-01, 5.104624e-01
1739, 7.892474e-01, 5.747711e-01
1740, 7.890909e-01, 6.413452e-01
1741, 7.921749e-01, 8.470146e-01
1742, 7.877743e-01, 7.446539e-01
1743, 7.884958e-01, 3.455470e-01
1744, 7.877586e-01, 8.119816e-01
1745, 7.878792e-01, 2.422453e-01
1746, 7.895348e-01, 5.442410e-01
1747, 8.229127e-01, 2.744096e-01
1748, 8.261273e-01, 4.455001e-01
1749, 8.262722e-01, 5.741963e-01
1750, 8.290466e-01, 7.083636e-01
1751, 8.254494e-01, 4.764361e-01
1752, 8.277054e-01, 8.124115e-01
1753, 8.269466e-01, 2.443853e-01
1754, 8.277892e-01, 5.117255e-01
1755, 8.267008e-01, 5.440855e-01
1756, 1.500000e-01, 5.666158e-01
1757, 1.500000e-01, 5.913585e-01
1758, 1.500000e-01, 6.551589e-01
1759, 1.500000e-01, 6.358520e-01
1760, 1.500000e-01, 6.855592e-01
1761, 1.500000e-01, 7.531684e-01
1762, 1.500000e-01, 7.352407e-01
1763, 1.500000e-01, 8.190632e-01
1764, 1.500000e-01, 8.037945e-01
1765, 1.500000e-01, 8.354888e-01
1766, 1.500000e-01, 5.038412e-01
1767, 1.500000e-01, 5.197649e-01
1768, 1.500000e-01, 7.179628e-01
1769, 1.500000e-01, 7.021189e-01
1770, 1.500000e-01, 4.874166e-01
1771, 1.500000e-01, 4.705216e-01
1772, 1.500000e-01, 4.234947e-01
1773, 1.500000e-01, 2.341823e-01
1774, 1.500000e-01, 2.514566e-01
1775, 1.500000e-01, 3.667613e-01
1776, 1.500000e-01, 3.858200e-01
1777, 1.500000e-01, 1.734160e-01
1778, 1.500000e-01, 1.520200e-01
1779, 1.500000e-01, 3.587637e-01
1780, 1.500000e-01, 3.361253e-01
1781, 1.500000e-01, 1.997150e-01
1782, 1.500000e-01, 2.204465e-01
1783, 1.500000e-01, 2.853752e-01
1784, 1.500000e-01, 2.674893e-01
1785, 1.500000e-01, 3.205733e-01
1786, 1.500000e-01, 3.020618e-01
1787, 1.500000e-01, 4.358108e-01
1788, 1.500000e-01, 4.509117e-01
1789, 1.500000e-01, 5.519088e-01
1790, 1.500000e-01, 5.333820e-01
1791, 1.500000e-01, 5.986772e-01
1792, 1.500000e-01, 6.190369e-01
1793, 1.500000e-01, 7.702906e-01
1794, 1.500000e-01, 7.853257e-01
1795, 1.500000e-01, 6.657239e-01
1796, 1.500000e-01, 6.690816e-01
1797, 1.610326e-01, 1.500000e-01
1798, 1.671287e-01, 8.500000e-01
1799, 1.734859e-01, 8.500000e-01
1800, 1.712720e-01, 1.500000e-01
1801, 1.809116e-01, 8.500000e-01
1802, 1.794874e-01, 1.500000e-01
1803, 1.991586e-01, 1.500000e-01
1804, 2.003661e-01, 8.500000e-01
1805, 2.130872e-01, 8.500000e-01
1806, 2.122512e-01, 1.500000e-01
1807, 2.205024e-01, 8.500000e-01
1808, 2.189090e-01, 1.500000e-01
1809, 2.434001e-01, 1.500000e-01
1810, 2.485451e-01, 8.500000e-01
1811, 2.526812e-01, 8.500000e-01
1812, 2.492583e-01, 1.500000e-01
1813, 2.618595e-01, 8.500000e-01
1814, 2.549063e-01, 1.500000e-01
1815, 2.790193e-01, 1.500000e-01
1816, 2.772490e-01, 8.500000e-01
1817, 2.891773e-01, 8.500000e-01
1818, 2.905180e-01, 1.500000e-01
1819, 3.019450e-01, 8.500000e-01
1820, 2.908522e-01, 1.500000e-01
1821, 3.176656e-01, 8.500000e-01
1822, 3.159520e-01, 1.500000e-01
1823, 3.269428e-01, 1.500000e-01
1824, 3.279375e-01, 8.500000e-01
1825, 3.327023e-01, 1.500000e-01
1826, 3.544390e-01, 8.500000e-01
1827, 3.523380e-01, 1.500000e-01
1828, 3.647900e-01, 8.500000e-01
1829, 3.650198e-01, 1.500000e-01
1830, 3.739481e-01, 1.500000e-01
1831, 3.765093e-01, 8.500000e-01
1832, 3.970707e-01, 8.500000e-01
1833, 3.952084e-01, 1.500000e-01
1834, 4.038465e-01, 1.500000e-01
1835, 4.046821e-01, 8.500000e-01
1836, 4.128998e-01, 8.500000e-01
1837, 4.108715e-01, 1.500000e-01
1838, 4.331997e-01, 1.500000e-01
1839, 4.426318e-01, 1.500000e-01
1840, 4.502464e-01, 8.500000e-01
1841, 4.536309e-01, 1.500000e-01
1842, 4.738793e-01, 8.500000e-01
1843, 4.687214e-01, 1.500000e-01
1844, 4.830064e-01, 8.500000e-01
1845, 4.794707e-01, 1.500000e-01
1846, 4.935970e-01, 1.500000e-01
1847, 4.918064e-01, 8.500000e-01
1848, 5.112259e-01, 8.500000e-01
1849, 5.100912e-01, 1.500000e-01
1850, 5.173283e-01, 8.500000e-01
1851, 5.233334e-01, 1.500000e-01
1852, 5.343524e-01, 8.500000e-01
1853, 5.293527e-01, 1.500000e-01
1854, 5.423204e-01, 1.500000e-01
1855, 5.598731e-01, 1.500000e-01
1856, 5.705516e-01, 8.500000e-01
1857, 5.678382e-01, 1.500000e-01
1858, 5.882411e-01, 1.500000e-01
1859, 5.944205e-01, 1.500000e-01
1860, 6.037778e-01, 8.500000e-01
1861, 6.051807e-01, 1.500000e-01
1862, 6.292613e-01, 8.500000e-01
1863, 6.314163e-01, 1.500000e-01
1864, 6.353256e-01, 8.500000e-01
1865, 6.341785e-01, 1.500000e-01
1866, 6.461947e-01, 8.500000e-01
1867, 6.442295e-01, 1.500000e-01
1868, 6.604630e-01, 8.500000e-01
1869, 6.594189e-01, 1.500000e-01
1870, 6.738811e-01, 8.500000e-01
1871, 6.722976e-01, 1.500000e-01
1872, 6.884299e-01, 8.500000e-01
1873, 6.832719e-01, 1.500000e-01
1874, 7.078777e-01, 8.500000e-01
1875, 7.059499e-01, 1.500000e-01
1876, 7.113068e-01, 1.500000e-01
1877, 7.237188e-01, 8.500000e-01
1878, 7.233960e-01, 1.500000e-01
1879, 7.407569e-01, 8.500000e-01
1880, 7.371827e-01, 1.500000e-01
1881, 7.509096e-01, 8.500000e-01
1882, 7.522989e-01, 1.500000e-01
1883, 7.640526e-01, 8.500000e-01
1884, 7.622252e-01, 1.500000e-01
1885, 7.797041e-01, 8.500000e-01
1886, 7.775905e-01, 1.500000e-01
1887, 7.902371e-01, 1.500000e-01
1888, 7.919841e-01, 8.500000e-01
1889, 7.986729e-01, 8.500000e-01
1890, 8.034365e-01, 1.500000e-01
1891, 8.157030e-01, 8.500000e-01
1892, 8.159097e-01, 1.500000e-01
1893, 8.284408e-01, 1.500000e-01
1894, 8.275399e-01, 8.500000e-01
1895, 8.414271e-01, 8.500000e-01
1896, 8.500000e-01, 3.853615e-01
1897, 8.500000e-01, 1.668369e-01
1898, 8.500000e-01, 4.023063e-01
1899, 8.368595e-01, 1.500000e-01
1900, 8.500000e-01, 6.351813e-01
1901, 8.500000e-01, 6.181049e-01
1902, 8.500000e-01, 5.216385e-01
1903, 8.500000e-01, 5.332363e-01
1904, 8.500000e-01, 6.880032e-01
1905, 8.500000e-01, 7.011449e-01
1906, 8.500000e-01, 5.528656e-01
1907, 8.500000e-01, 5.701042e-01
1908, 8.500000e-01, 7.176981e-01
1909, 8.500000e-01, 2.685832e-01
1910, 8.500000e-01, 2.515094e-01
1911, 8.500000e-01, 8.351647e-01
1912, 8.500000e-01, 8.187426e-01
1913, 8.500000e-01, 3.337866e-01
1914, 8.500000e-01, 3.216877e-01
1915, 8.500000e-01, 4.558108e-01
1916, 8.500000e-01, 4.638088e-01
1917, 8.500000e-01, 4.382280e-01
1918, 8.500000e-01, 4.205568e-01
1919, 8.500000e-01, 5.890313e-01
1920, 8.500000e-01, 6.014542e-01
1921, 8.500000e-01, 2.858247e-01
1922, 8.500000e-01, 3.025756e-01
1923, 8.500000e-01, 1.920072e-01
1924, 8.500000e-01, 2.005038e-01
1925, 8.500000e-01, 2.359460e-01
1926, 8.500000e-01, 2.189009e-01
1927, 8.500000e-01, 3.695387e-01
1928, 8.500000e-01, 3.538404e-01
1929, 8.500000e-01, 1.650003e-01
1930, 8.500000e-01, 1.530648e-01
1931, 8.500000e-01, 4.848652e-01
1932, 8.500000e-01, 5.048866e-01
1933, 8.500000e-01, 6.555439e-01
1934, 8.500000e-01, 6.701666e-01
1935, 8.500000e-01, 7.542524e-01
1936, 8.500000e-01, 7.718592e-01
1937, 8.500000e-01, 7.838222e-01
1938, 8.500000e-01, 8.010704e-01
1939, 1.505983e-01, 4.016460e-01
1940, 1.505620e-01, 1.891512e-01
1941, 4.422310e-01, 8.499958e-01
1942, 5.557224e-01, 8.499407e-01
1943, 5.960891e-01, 8.499926e-01
1944, 7.095992e-01, 8.495812e-01
1945, 8.494207e-01, 7.337645e-01
