1, 1.528448e-01, 8.487773e-01
2, 1.530397e-01, 5.664095e-01
3, 1.533496e-01, 6.159759e-01
4, 1.535361e-01, 6.321081e-01
5, 1.535806e-01, 7.738529e-01
6, 1.536528e-01, 2.331675e-01
7, 1.542712e-01, 6.812705e-01
8, 1.548788e-01, 4.913065e-01
9, 1.550820e-01, 3.783350e-01
10, 1.553221e-01, 5.185932e-01
11, 1.555224e-01, 3.961043e-01
12, 1.559957e-01, 4.866544e-01
13, 1.560801e-01, 2.021918e-01
14, 1.562750e-01, 6.641678e-01
15, 1.571963e-01, 8.137294e-01
16, 1.575293e-01, 6.684839e-01
17, 1.576092e-01, 7.311822e-01
18, 1.577592e-01, 2.313810e-01
19, 1.581734e-01, 1.972607e-01
20, 1.583245e-01, 6.337607e-01
21, 1.584964e-01, 3.850966e-01
22, 1.586900e-01, 5.274940e-01
23, 1.587227e-01, 2.119040e-01
24, 1.593399e-01, 4.278021e-01
25, 1.593715e-01, 5.742191e-01
26, 1.594858e-01, 6.548301e-01
27, 1.599730e-01, 5.856857e-01
28, 1.600537e-01, 7.129713e-01
29, 1.610737e-01, 3.568219e-01
30, 1.614324e-01, 5.287746e-01
31, 1.621332e-01, 7.268533e-01
32, 1.626068e-01, 8.320652e-01
33, 1.627593e-01, 3.050463e-01
34, 1.631441e-01, 3.589095e-01
35, 1.631469e-01, 2.157586e-01
36, 1.635043e-01, 3.651463e-01
37, 1.635890e-01, 5.408388e-01
38, 1.638499e-01, 1.847248e-01
39, 1.640326e-01, 7.926934e-01
40, 1.640672e-01, 7.232947e-01
41, 1.642878e-01, 5.772672e-01
42, 1.647094e-01, 7.180304e-01
43, 1.647242e-01, 1.922423e-01
44, 1.649464e-01, 4.017706e-01
45, 1.649727e-01, 4.719084e-01
46, 1.653436e-01, 5.805021e-01
47, 1.656468e-01, 6.832085e-01
48, 1.657033e-01, 4.767841e-01
49, 1.658804e-01, 5.428726e-01
50, 1.659808e-01, 6.505205e-01
51, 1.660799e-01, 7.621583e-01
52, 1.662841e-01, 7.676056e-01
53, 1.664838e-01, 7.156818e-01
54, 1.665204e-01, 3.373661e-01
55, 1.665652e-01, 2.516796e-01
56, 1.666712e-01, 6.145580e-01
57, 1.667725e-01, 7.929460e-01
58, 1.668330e-01, 4.338981e-01
59, 1.669715e-01, 4.317114e-01
60, 1.671108e-01, 4.047992e-01
61, 1.671300e-01, 4.689683e-01
62, 1.671677e-01, 2.353425e-01
63, 1.674452e-01, 7.604134e-01
64, 1.674748e-01, 4.419175e-01
65, 1.675582e-01, 3.861189e-01
66, 1.675636e-01, 6.855073e-01
67, 1.675719e-01, 2.876171e-01
68, 1.676001e-01, 4.363785e-01
69, 1.676196e-01, 7.242934e-01
70, 1.676209e-01, 5.721071e-01
71, 1.677906e-01, 5.824950e-01
72, 1.678062e-01, 8.189087e-01
73, 1.681721e-01, 1.793350e-01
74, 1.682543e-01, 7.105693e-01
75, 1.682805e-01, 8.269870e-01
76, 1.688061e-01, 4.279691e-01
77, 1.691787e-01, 2.533672e-01
78, 1.692395e-01, 5.026190e-01
79, 1.693432e-01, 5.850996e-01
80, 1.695698e-01, 6.503559e-01
81, 1.697004e-01, 2.157729e-01
82, 1.698130e-01, 6.178443e-01
83, 1.702229e-01, 6.728061e-01
84, 1.706625e-01, 3.572960e-01
85, 1.708446e-01, 5.907560e-01
86, 1.708809e-01, 6.298129e-01
87, 1.711518e-01, 2.844326e-01
88, 1.736002e-01, 1.961507e-01
89, 1.738323e-01, 2.701490e-01
90, 1.740933e-01, 2.177822e-01
91, 1.741129e-01, 2.840020e-01
92, 1.742551e-01, 3.833132e-01
93, 1.743204e-01, 6.325784e-01
94, 1.749867e-01, 8.154077e-01
95, 1.754079e-01, 3.765268e-01
96, 1.759903e-01, 8.084945e-01
97, 1.768434e-01, 7.751213e-01
98, 1.768947e-01, 2.307421e-01
99, 1.772885e-01, 4.860047e-01
100, 1.777924e-01, 1.959053e-01
101, 1.778032e-01, 4.893504e-01
102, 1.778341e-01, 2.986089e-01
103, 1.779704e-01, 7.787672e-01
104, 1.782622e-01, 3.387012e-01
105, 1.784031e-01, 5.624537e-01
106, 1.808864e-01, 3.210567e-01
107, 1.809909e-01, 8.353878e-01
108, 1.815213e-01, 2.333799e-01
109, 1.833122e-01, 6.330922e-01
110, 1.833472e-01, 3.944734e-01
111, 1.836571e-01, 3.485336e-01
112, 1.845237e-01, 6.149202e-01
113, 1.846777e-01, 5.454330e-01
114, 1.852531e-01, 2.489634e-01
115, 1.857801e-01, 7.992767e-01
116, 1.858922e-01, 3.952957e-01
117, 1.859484e-01, 8.235063e-01
118, 1.863224e-01, 7.586542e-01
119, 1.864078e-01, 4.709060e-01
120, 1.866638e-01, 7.258452e-01
121, 1.867130e-01, 1.790132e-01
122, 1.870544e-01, 2.502337e-01
123, 1.872438e-01, 1.830571e-01
124, 1.875626e-01, 7.520988e-01
125, 1.875846e-01, 8.317044e-01
126, 1.881093e-01, 3.247601e-01
127, 1.882269e-01, 6.800834e-01
128, 1.884975e-01, 7.604378e-01
129, 1.888777e-01, 2.098717e-01
130, 1.891311e-01, 5.423070e-01
131, 1.892971e-01, 2.533821e-01
132, 1.902586e-01, 4.678935e-01
133, 1.902616e-01, 3.997860e-01
134, 1.905488e-01, 5.365124e-01
135, 1.912523e-01, 5.395615e-01
136, 1.917423e-01, 3.650535e-01
137, 1.930292e-01, 3.301373e-01
138, 1.937698e-01, 1.576549e-01
139, 1.944483e-01, 8.457905e-01
140, 1.946488e-01, 4.709416e-01
141, 1.947166e-01, 2.553845e-01
142, 1.949715e-01, 4.021010e-01
143, 1.952950e-01, 5.133483e-01
144, 1.956980e-01, 4.468742e-01
145, 1.960874e-01, 1.644586e-01
146, 1.961325e-01, 6.135707e-01
147, 1.962058e-01, 3.514717e-01
148, 1.964892e-01, 4.122144e-01
149, 1.965985e-01, 7.035032e-01
150, 1.967258e-01, 5.978852e-01
151, 1.967723e-01, 6.991343e-01
152, 1.970135e-01, 2.733172e-01
153, 1.970891e-01, 6.420187e-01
154, 1.971747e-01, 6.478005e-01
155, 1.975873e-01, 5.612421e-01
156, 1.978542e-01, 4.546723e-01
157, 1.986958e-01, 3.087767e-01
158, 1.989871e-01, 2.664697e-01
159, 1.995368e-01, 5.070413e-01
160, 2.001129e-01, 5.967268e-01
161, 2.005501e-01, 6.462496e-01
162, 2.006127e-01, 7.427166e-01
163, 2.007397e-01, 4.153288e-01
164, 2.011817e-01, 7.344544e-01
165, 2.016772e-01, 5.026907e-01
166, 2.016878e-01, 5.748318e-01
167, 2.030450e-01, 5.046411e-01
168, 2.032988e-01, 7.138876e-01
169, 2.034707e-01, 2.891283e-01
170, 2.035208e-01, 1.963898e-01
171, 2.037730e-01, 5.423987e-01
172, 2.038158e-01, 1.668035e-01
173, 2.042817e-01, 6.131227e-01
174, 2.046160e-01, 4.687538e-01
175, 2.047985e-01, 3.610974e-01
176, 2.048260e-01, 2.510451e-01
177, 2.048555e-01, 3.966883e-01
178, 2.049333e-01, 2.121989e-01
179, 2.051248e-01, 2.310127e-01
180, 2.056553e-01, 8.266909e-01
181, 2.060037e-01, 4.574616e-01
182, 2.062895e-01, 1.752275e-01
183, 2.063066e-01, 7.485368e-01
184, 2.063427e-01, 3.107188e-01
185, 2.063572e-01, 2.862073e-01
186, 2.064552e-01, 6.810544e-01
187, 2.064620e-01, 6.147043e-01
188, 2.068457e-01, 2.235261e-01
189, 2.068508e-01, 6.018635e-01
190, 2.069744e-01, 5.530606e-01
191, 2.070524e-01, 4.292478e-01
192, 2.077074e-01, 3.702082e-01
193, 2.079288e-01, 8.008466e-01
194, 2.079426e-01, 7.167434e-01
195, 2.079962e-01, 5.392513e-01
196, 2.080955e-01, 7.929009e-01
197, 2.082488e-01, 6.531120e-01
198, 2.084080e-01, 7.591296e-01
199, 2.084959e-01, 8.029904e-01
200, 2.086263e-01, 7.272291e-01
201, 2.087942e-01, 6.947289e-01
202, 2.088877e-01, 3.305330e-01
203, 2.093085e-01, 2.541120e-01
204, 2.095600e-01, 8.303003e-01
205, 2.096056e-01, 6.836858e-01
206, 2.096818e-01, 4.704791e-01
207, 2.097915e-01, 8.452323e-01
208, 2.098379e-01, 7.212722e-01
209, 2.098506e-01, 2.637255e-01
210, 2.099062e-01, 4.002431e-01
211, 2.101118e-01, 6.649075e-01
212, 2.101270e-01, 3.629915e-01
213, 2.113151e-01, 4.061706e-01
214, 2.121108e-01, 1.553024e-01
215, 2.122010e-01, 5.052464e-01
216, 2.128402e-01, 7.919413e-01
217, 2.129597e-01, 3.622932e-01
218, 2.129828e-01, 4.372827e-01
219, 2.135913e-01, 3.388361e-01
220, 2.136183e-01, 3.224524e-01
221, 2.138441e-01, 1.822362e-01
222, 2.139306e-01, 8.470622e-01
223, 2.141468e-01, 5.018385e-01
224, 2.143568e-01, 6.302742e-01
225, 2.145656e-01, 6.499307e-01
226, 2.146947e-01, 6.003246e-01
227, 2.148385e-01, 5.753146e-01
228, 2.150990e-01, 5.106297e-01
229, 2.159740e-01, 5.156883e-01
230, 2.160823e-01, 8.463665e-01
231, 2.163490e-01, 3.048415e-01
232, 2.165277e-01, 4.878836e-01
233, 2.165876e-01, 6.491704e-01
234, 2.166906e-01, 4.530471e-01
235, 2.171588e-01, 5.568052e-01
236, 2.174142e-01, 7.919887e-01
237, 2.174671e-01, 5.912399e-01
238, 2.174980e-01, 2.181285e-01
239, 2.175126e-01, 2.917618e-01
240, 2.179846e-01, 7.357044e-01
241, 2.185228e-01, 7.435743e-01
242, 2.189729e-01, 5.612183e-01
243, 2.191399e-01, 3.595887e-01
244, 2.204414e-01, 7.912310e-01
245, 2.207946e-01, 7.036578e-01
246, 2.213574e-01, 1.602292e-01
247, 2.216516e-01, 2.192694e-01
248, 2.221790e-01, 4.568544e-01
249, 2.222238e-01, 3.718959e-01
250, 2.225621e-01, 3.051008e-01
251, 2.229770e-01, 6.119357e-01
252, 2.231426e-01, 4.101625e-01
253, 2.240960e-01, 4.172846e-01
254, 2.243060e-01, 7.031467e-01
255, 2.244039e-01, 6.806023e-01
256, 2.250862e-01, 4.644624e-01
257, 2.251569e-01, 8.302899e-01
258, 2.254887e-01, 8.373772e-01
259, 2.262702e-01, 3.244460e-01
260, 2.272328e-01, 6.189470e-01
261, 2.280500e-01, 6.152448e-01
262, 2.280783e-01, 4.669121e-01
263, 2.283534e-01, 4.702718e-01
264, 2.284828e-01, 8.250945e-01
265, 2.285417e-01, 4.016745e-01
266, 2.286403e-01, 3.238379e-01
267, 2.288284e-01, 2.483584e-01
268, 2.296831e-01, 7.529098e-01
269, 2.302295e-01, 3.979670e-01
270, 2.306809e-01, 8.241361e-01
271, 2.309335e-01, 2.546087e-01
272, 2.311217e-01, 6.132300e-01
273, 2.311924e-01, 6.890909e-01
274, 2.323256e-01, 5.385211e-01
275, 2.326719e-01, 6.829813e-01
276, 2.339994e-01, 1.946899e-01
277, 2.341520e-01, 1.776932e-01
278, 2.344424e-01, 7.115903e-01
279, 2.347512e-01, 4.655643e-01
280, 2.348952e-01, 3.956945e-01
281, 2.349585e-01, 2.920533e-01
282, 2.352384e-01, 3.768773e-01
283, 2.354036e-01, 3.291396e-01
284, 2.364568e-01, 2.383539e-01
285, 2.365450e-01, 6.304109e-01
286, 2.377612e-01, 8.127621e-01
287, 2.381840e-01, 3.410283e-01
288, 2.387407e-01, 2.808114e-01
289, 2.402664e-01, 4.887885e-01
290, 2.408385e-01, 5.856179e-01
291, 2.408880e-01, 5.175904e-01
292, 2.417900e-01, 5.223119e-01
293, 2.418428e-01, 4.829420e-01
294, 2.423608e-01, 8.107971e-01
295, 2.425334e-01, 3.767769e-01
296, 2.428880e-01, 2.183270e-01
297, 2.429782e-01, 4.278294e-01
298, 2.432056e-01, 7.981586e-01
299, 2.432540e-01, 6.317928e-01
300, 2.433852e-01, 7.282171e-01
301, 2.435023e-01, 5.857860e-01
302, 2.436267e-01, 7.215508e-01
303, 2.437466e-01, 5.645239e-01
304, 2.440804e-01, 4.814940e-01
305, 2.444163e-01, 4.320148e-01
306, 2.451637e-01, 2.887230e-01
307, 2.458267e-01, 6.152049e-01
308, 2.461769e-01, 4.727263e-01
309, 2.463041e-01, 4.310853e-01
310, 2.465639e-01, 4.515655e-01
311, 2.465923e-01, 1.554039e-01
312, 2.466997e-01, 2.376881e-01
313, 2.468577e-01, 3.940156e-01
314, 2.471463e-01, 1.979315e-01
315, 2.473490e-01, 2.533063e-01
316, 2.473655e-01, 6.885830e-01
317, 2.476032e-01, 7.237213e-01
318, 2.476789e-01, 5.414417e-01
319, 2.481334e-01, 3.830568e-01
320, 2.481675e-01, 2.153452e-01
321, 2.481900e-01, 6.501481e-01
322, 2.484629e-01, 6.122078e-01
323, 2.487807e-01, 5.680117e-01
324, 2.489135e-01, 6.251952e-01
325, 2.489763e-01, 6.430325e-01
326, 2.490254e-01, 7.681140e-01
327, 2.492478e-01, 7.585655e-01
328, 2.493263e-01, 5.044850e-01
329, 2.494288e-01, 5.832551e-01
330, 2.494422e-01, 8.311228e-01
331, 2.494831e-01, 5.429463e-01
332, 2.496066e-01, 2.506862e-01
333, 2.496939e-01, 3.223409e-01
334, 2.505526e-01, 1.833460e-01
335, 2.506120e-01, 3.974755e-01
336, 2.506356e-01, 3.540727e-01
337, 2.509734e-01, 7.234295e-01
338, 2.510889e-01, 3.376447e-01
339, 2.511413e-01, 6.694285e-01
340, 2.514331e-01, 7.917332e-01
341, 2.519409e-01, 7.276023e-01
342, 2.519463e-01, 2.765178e-01
343, 2.521509e-01, 5.798048e-01
344, 2.521817e-01, 5.272520e-01
345, 2.527212e-01, 1.939776e-01
346, 2.527363e-01, 1.856668e-01
347, 2.528527e-01, 7.550887e-01
348, 2.530955e-01, 6.845986e-01
349, 2.534105e-01, 7.211652e-01
350, 2.536378e-01, 8.180538e-01
351, 2.538208e-01, 3.250456e-01
352, 2.541633e-01, 8.261587e-01
353, 2.541793e-01, 7.125509e-01
354, 2.544906e-01, 6.662694e-01
355, 2.545928e-01, 4.175879e-01
356, 2.546521e-01, 5.087436e-01
357, 2.550511e-01, 5.796615e-01
358, 2.551110e-01, 4.672871e-01
359, 2.552985e-01, 3.659297e-01
360, 2.553199e-01, 2.169054e-01
361, 2.572196e-01, 7.952202e-01
362, 2.580201e-01, 2.292510e-01
363, 2.588298e-01, 1.974743e-01
364, 2.599961e-01, 3.004281e-01
365, 2.600966e-01, 4.894542e-01
366, 2.604370e-01, 5.242814e-01
367, 2.605657e-01, 2.305728e-01
368, 2.608052e-01, 3.427265e-01
369, 2.608084e-01, 6.266944e-01
370, 2.609795e-01, 1.975484e-01
371, 2.610222e-01, 3.453964e-01
372, 2.612716e-01, 3.775213e-01
373, 2.615862e-01, 5.201641e-01
374, 2.615986e-01, 4.394146e-01
375, 2.619871e-01, 7.739507e-01
376, 2.635133e-01, 6.368418e-01
377, 2.635557e-01, 4.677463e-01
378, 2.641768e-01, 5.821792e-01
379, 2.642538e-01, 4.397053e-01
380, 2.642704e-01, 7.797623e-01
381, 2.657479e-01, 2.522472e-01
382, 2.660938e-01, 5.388907e-01
383, 2.664360e-01, 6.691348e-01
384, 2.668176e-01, 2.856188e-01
385, 2.673890e-01, 4.706825e-01
386, 2.679541e-01, 4.060647e-01
387, 2.683964e-01, 6.204472e-01
388, 2.701809e-01, 3.254453e-01
389, 2.704612e-01, 3.296802e-01
390, 2.704801e-01, 3.159022e-01
391, 2.708346e-01, 7.558099e-01
392, 2.709483e-01, 4.706799e-01
393, 2.716461e-01, 2.557536e-01
394, 2.718237e-01, 1.757562e-01
395, 2.722132e-01, 6.088445e-01
396, 2.722212e-01, 1.780038e-01
397, 2.738397e-01, 1.796590e-01
398, 2.743326e-01, 1.856866e-01
399, 2.749541e-01, 7.602207e-01
400, 2.759608e-01, 4.688796e-01
401, 2.767088e-01, 8.417785e-01
402, 2.773802e-01, 3.582368e-01
403, 2.779611e-01, 3.922352e-01
404, 2.779958e-01, 1.586045e-01
405, 2.787114e-01, 5.958823e-01
406, 2.790209e-01, 2.709643e-01
407, 2.795755e-01, 7.416551e-01
408, 2.798206e-01, 6.330673e-01
409, 2.802853e-01, 7.049889e-01
410, 2.806835e-01, 7.015700e-01
411, 2.807073e-01, 5.610612e-01
412, 2.808321e-01, 3.075718e-01
413, 2.809231e-01, 2.111989e-01
414, 2.809504e-01, 3.031305e-01
415, 2.814437e-01, 4.514521e-01
416, 2.817060e-01, 4.984202e-01
417, 2.824258e-01, 7.854060e-01
418, 2.828272e-01, 3.691846e-01
419, 2.829672e-01, 2.728355e-01
420, 2.836988e-01, 5.621841e-01
421, 2.838093e-01, 5.958823e-01
422, 2.846474e-01, 7.407547e-01
423, 2.848582e-01, 4.288304e-01
424, 2.850467e-01, 1.577083e-01
425, 2.862973e-01, 8.002641e-01
426, 2.870003e-01, 4.738425e-01
427, 2.873136e-01, 8.466365e-01
428, 2.874836e-01, 2.280281e-01
429, 2.880434e-01, 5.030341e-01
430, 2.881906e-01, 7.235326e-01
431, 2.883832e-01, 2.241181e-01
432, 2.884338e-01, 5.418876e-01
433, 2.888024e-01, 4.532783e-01
434, 2.888483e-01, 2.557049e-01
435, 2.889510e-01, 7.906950e-01
436, 2.889742e-01, 3.611770e-01
437, 2.895125e-01, 7.590467e-01
438, 2.895588e-01, 2.893603e-01
439, 2.896487e-01, 8.448731e-01
440, 2.897047e-01, 3.260181e-01
441, 2.901449e-01, 6.802376e-01
442, 2.902157e-01, 7.458749e-01
443, 2.904455e-01, 6.941169e-01
444, 2.905245e-01, 1.795211e-01
445, 2.905355e-01, 6.103023e-01
446, 2.905773e-01, 4.303995e-01
447, 2.907039e-01, 7.959212e-01
448, 2.908847e-01, 8.300500e-01
449, 2.909145e-01, 2.093499e-01
450, 2.910552e-01, 2.123302e-01
451, 2.910938e-01, 2.601693e-01
452, 2.912070e-01, 7.188696e-01
453, 2.912256e-01, 6.531608e-01
454, 2.912791e-01, 6.049752e-01
455, 2.912833e-01, 7.217879e-01
456, 2.913554e-01, 2.197493e-01
457, 2.914871e-01, 2.883274e-01
458, 2.915209e-01, 4.781102e-01
459, 2.917764e-01, 2.849774e-01
460, 2.918468e-01, 4.096121e-01
461, 2.918581e-01, 6.839263e-01
462, 2.920084e-01, 3.548379e-01
463, 2.921381e-01, 2.521882e-01
464, 2.929314e-01, 3.596183e-01
465, 2.929850e-01, 6.613145e-01
466, 2.930857e-01, 5.462997e-01
467, 2.932273e-01, 4.343123e-01
468, 2.932509e-01, 3.209915e-01
469, 2.936879e-01, 8.328134e-01
470, 2.938486e-01, 3.432449e-01
471, 2.939700e-01, 2.109162e-01
472, 2.940448e-01, 2.897352e-01
473, 2.941707e-01, 1.661426e-01
474, 2.943302e-01, 5.554225e-01
475, 2.944261e-01, 7.991027e-01
476, 2.944280e-01, 4.950035e-01
477, 2.944507e-01, 3.165011e-01
478, 2.945736e-01, 1.836244e-01
479, 2.954298e-01, 5.124414e-01
480, 2.956891e-01, 8.060875e-01
481, 2.960187e-01, 7.244855e-01
482, 2.962230e-01, 5.054552e-01
483, 2.965600e-01, 5.181646e-01
484, 2.966174e-01, 6.508712e-01
485, 2.980575e-01, 4.374948e-01
486, 2.980878e-01, 4.502635e-01
487, 2.982456e-01, 3.698527e-01
488, 2.985874e-01, 4.157339e-01
489, 2.989249e-01, 4.482735e-01
490, 2.995759e-01, 2.276889e-01
491, 3.002698e-01, 6.464717e-01
492, 3.004083e-01, 5.603391e-01
493, 3.005399e-01, 3.584689e-01
494, 3.006600e-01, 7.993939e-01
495, 3.009030e-01, 4.152725e-01
496, 3.018098e-01, 7.389815e-01
497, 3.031192e-01, 2.725275e-01
498, 3.031786e-01, 5.965827e-01
499, 3.034681e-01, 2.676339e-01
500, 3.039214e-01, 3.115051e-01
501, 3.040951e-01, 8.491735e-01
502, 3.043405e-01, 5.926144e-01
503, 3.044350e-01, 5.597767e-01
504, 3.046758e-01, 3.091221e-01
505, 3.046891e-01, 2.095862e-01
506, 3.053410e-01, 7.404351e-01
507, 3.068905e-01, 6.139913e-01
508, 3.071546e-01, 2.493102e-01
509, 3.076673e-01, 7.563699e-01
510, 3.098757e-01, 8.299622e-01
511, 3.098855e-01, 1.779427e-01
512, 3.102619e-01, 1.755603e-01
513, 3.115618e-01, 2.524112e-01
514, 3.115708e-01, 1.801395e-01
515, 3.117709e-01, 4.647486e-01
516, 3.118973e-01, 3.973940e-01
517, 3.122358e-01, 5.437428e-01
518, 3.125942e-01, 6.846926e-01
519, 3.128768e-01, 6.562979e-01
520, 3.129403e-01, 1.904262e-01
521, 3.133155e-01, 3.903623e-01
522, 3.142020e-01, 8.364050e-01
523, 3.150875e-01, 6.835621e-01
524, 3.157430e-01, 3.989452e-01
525, 3.166521e-01, 4.710977e-01
526, 3.167312e-01, 5.252574e-01
527, 3.171380e-01, 4.755095e-01
528, 3.172166e-01, 5.630933e-01
529, 3.185744e-01, 3.425275e-01
530, 3.196541e-01, 2.862804e-01
531, 3.196901e-01, 4.502626e-01
532, 3.210757e-01, 4.319251e-01
533, 3.213947e-01, 7.339601e-01
534, 3.215168e-01, 4.892883e-01
535, 3.217219e-01, 7.746670e-01
536, 3.219426e-01, 7.547028e-01
537, 3.225109e-01, 4.824939e-01
538, 3.230800e-01, 6.356162e-01
539, 3.231082e-01, 2.025264e-01
540, 3.239840e-01, 8.088625e-01
541, 3.240282e-01, 7.759702e-01
542, 3.244166e-01, 6.651888e-01
543, 3.246958e-01, 6.698246e-01
544, 3.247719e-01, 6.292664e-01
545, 3.247901e-01, 2.995325e-01
546, 3.248528e-01, 3.754673e-01
547, 3.249672e-01, 5.230153e-01
548, 3.249967e-01, 5.702903e-01
549, 3.251624e-01, 8.115009e-01
550, 3.251851e-01, 2.313872e-01
551, 3.252985e-01, 2.029340e-01
552, 3.256682e-01, 3.425801e-01
553, 3.262684e-01, 2.362753e-01
554, 3.266804e-01, 3.820022e-01
555, 3.269997e-01, 5.068604e-01
556, 3.284501e-01, 7.899085e-01
557, 3.285876e-01, 1.572188e-01
558, 3.288179e-01, 7.077469e-01
559, 3.291451e-01, 3.628163e-01
560, 3.292859e-01, 4.171363e-01
561, 3.298812e-01, 2.198839e-01
562, 3.300238e-01, 6.155785e-01
563, 3.300695e-01, 5.962134e-01
564, 3.302614e-01, 3.836472e-01
565, 3.305442e-01, 6.259164e-01
566, 3.305987e-01, 5.049696e-01
567, 3.310106e-01, 3.283415e-01
568, 3.311698e-01, 7.550005e-01
569, 3.313276e-01, 1.763091e-01
570, 3.316169e-01, 6.541008e-01
571, 3.316244e-01, 4.647737e-01
572, 3.317599e-01, 2.132323e-01
573, 3.318244e-01, 2.928794e-01
574, 3.318879e-01, 6.850835e-01
575, 3.318887e-01, 2.177104e-01
576, 3.320034e-01, 5.842433e-01
577, 3.320891e-01, 3.371898e-01
578, 3.325031e-01, 5.367853e-01
579, 3.325085e-01, 6.579479e-01
580, 3.327082e-01, 7.922976e-01
581, 3.331731e-01, 2.564872e-01
582, 3.334057e-01, 7.942924e-01
583, 3.334076e-01, 5.284011e-01
584, 3.335452e-01, 3.974929e-01
585, 3.335608e-01, 2.898878e-01
586, 3.337016e-01, 6.125122e-01
587, 3.338042e-01, 6.790956e-01
588, 3.338909e-01, 6.830609e-01
589, 3.341736e-01, 8.346921e-01
590, 3.342981e-01, 5.051190e-01
591, 3.346651e-01, 2.809725e-01
592, 3.346670e-01, 3.597959e-01
593, 3.348801e-01, 5.754332e-01
594, 3.349449e-01, 3.560627e-01
595, 3.353692e-01, 3.235026e-01
596, 3.356466e-01, 7.703613e-01
597, 3.356848e-01, 4.470450e-01
598, 3.358455e-01, 7.595841e-01
599, 3.358666e-01, 3.952643e-01
600, 3.359769e-01, 7.174064e-01
601, 3.360854e-01, 2.776512e-01
602, 3.361115e-01, 2.197806e-01
603, 3.362854e-01, 1.921835e-01
604, 3.364331e-01, 2.432547e-01
605, 3.365806e-01, 5.409579e-01
606, 3.366442e-01, 1.829941e-01
607, 3.368204e-01, 8.314348e-01
608, 3.368937e-01, 5.725277e-01
609, 3.369336e-01, 8.191425e-01
610, 3.370814e-01, 4.807765e-01
611, 3.372283e-01, 2.504342e-01
612, 3.385363e-01, 4.274245e-01
613, 3.387840e-01, 3.625710e-01
614, 3.388725e-01, 7.152251e-01
615, 3.390338e-01, 7.315223e-01
616, 3.399153e-01, 5.696881e-01
617, 3.399383e-01, 4.714342e-01
618, 3.400353e-01, 3.419463e-01
619, 3.400912e-01, 2.917068e-01
620, 3.402090e-01, 3.779604e-01
621, 3.404993e-01, 7.992646e-01
622, 3.407723e-01, 5.237123e-01
623, 3.417077e-01, 3.456859e-01
624, 3.428465e-01, 6.649133e-01
625, 3.431558e-01, 6.698951e-01
626, 3.433652e-01, 6.313800e-01
627, 3.436641e-01, 5.246364e-01
628, 3.448800e-01, 7.755477e-01
629, 3.459149e-01, 2.387055e-01
630, 3.460656e-01, 1.966632e-01
631, 3.460859e-01, 7.789723e-01
632, 3.460901e-01, 8.142189e-01
633, 3.461880e-01, 1.504707e-01
634, 3.465315e-01, 2.022627e-01
635, 3.465725e-01, 3.804646e-01
636, 3.469303e-01, 8.102290e-01
637, 3.474054e-01, 2.925344e-01
638, 3.474438e-01, 2.316157e-01
639, 3.484516e-01, 6.161028e-01
640, 3.492306e-01, 5.437142e-01
641, 3.497808e-01, 3.962301e-01
642, 3.507643e-01, 2.417404e-01
643, 3.514575e-01, 2.564028e-01
644, 3.514973e-01, 3.216727e-01
645, 3.517363e-01, 1.787843e-01
646, 3.517681e-01, 7.582366e-01
647, 3.518729e-01, 4.392832e-01
648, 3.519249e-01, 5.418829e-01
649, 3.521546e-01, 8.302369e-01
650, 3.526047e-01, 6.925148e-01
651, 3.533923e-01, 2.597401e-01
652, 3.533933e-01, 7.523841e-01
653, 3.538599e-01, 7.565509e-01
654, 3.551418e-01, 3.969689e-01
655, 3.556196e-01, 6.149098e-01
656, 3.559089e-01, 5.416914e-01
657, 3.570346e-01, 1.815227e-01
658, 3.580983e-01, 6.808932e-01
659, 3.581836e-01, 1.890246e-01
660, 3.587381e-01, 6.120856e-01
661, 3.590292e-01, 1.847706e-01
662, 3.594188e-01, 7.593768e-01
663, 3.597442e-01, 5.979037e-01
664, 3.597544e-01, 3.479562e-01
665, 3.601151e-01, 5.448710e-01
666, 3.608126e-01, 6.531372e-01
667, 3.609507e-01, 7.856112e-01
668, 3.624820e-01, 8.474348e-01
669, 3.627006e-01, 4.481712e-01
670, 3.634385e-01, 7.335292e-01
671, 3.636906e-01, 5.966111e-01
672, 3.647611e-01, 2.690714e-01
673, 3.647697e-01, 2.732801e-01
674, 3.651858e-01, 7.400338e-01
675, 3.651937e-01, 4.196684e-01
676, 3.654451e-01, 3.056918e-01
677, 3.662561e-01, 4.162745e-01
678, 3.666287e-01, 3.634848e-01
679, 3.668634e-01, 4.484632e-01
680, 3.673820e-01, 3.091853e-01
681, 3.677404e-01, 5.017387e-01
682, 3.678477e-01, 7.095615e-01
683, 3.682903e-01, 8.475584e-01
684, 3.687215e-01, 4.272075e-01
685, 3.693810e-01, 6.387362e-01
686, 3.696509e-01, 6.433160e-01
687, 3.696728e-01, 7.259794e-01
688, 3.712520e-01, 1.836518e-01
689, 3.712932e-01, 5.198136e-01
690, 3.715861e-01, 7.248633e-01
691, 3.718305e-01, 2.246455e-01
692, 3.718700e-01, 3.592354e-01
693, 3.722645e-01, 6.868020e-01
694, 3.726959e-01, 8.327749e-01
695, 3.727229e-01, 6.124906e-01
696, 3.727654e-01, 7.874704e-01
697, 3.727888e-01, 8.415168e-01
698, 3.729224e-01, 7.848586e-01
699, 3.730579e-01, 3.616079e-01
700, 3.731688e-01, 4.867411e-01
701, 3.731789e-01, 6.056283e-01
702, 3.734447e-01, 5.036123e-01
703, 3.734990e-01, 7.203253e-01
704, 3.735351e-01, 3.299206e-01
705, 3.739535e-01, 4.667267e-01
706, 3.740216e-01, 2.521838e-01
707, 3.740781e-01, 8.348866e-01
708, 3.740816e-01, 2.234679e-01
709, 3.742053e-01, 5.065242e-01
710, 3.744411e-01, 8.040569e-01
711, 3.745320e-01, 4.109122e-01
712, 3.745514e-01, 3.119719e-01
713, 3.749503e-01, 2.499949e-01
714, 3.750129e-01, 3.664111e-01
715, 3.750443e-01, 5.804609e-01
716, 3.753901e-01, 4.571959e-01
717, 3.754122e-01, 4.000708e-01
718, 3.756143e-01, 2.213377e-01
719, 3.756837e-01, 4.690331e-01
720, 3.760796e-01, 4.972986e-01
721, 3.762221e-01, 6.161671e-01
722, 3.763235e-01, 6.836917e-01
723, 3.766816e-01, 7.433688e-01
724, 3.767101e-01, 2.180231e-01
725, 3.767888e-01, 6.512273e-01
726, 3.768763e-01, 4.317988e-01
727, 3.769123e-01, 5.564293e-01
728, 3.771282e-01, 7.944759e-01
729, 3.771600e-01, 5.412803e-01
730, 3.771682e-01, 7.756140e-01
731, 3.771812e-01, 3.728472e-01
732, 3.772209e-01, 7.969808e-01
733, 3.774736e-01, 7.550517e-01
734, 3.776822e-01, 4.421858e-01
735, 3.779750e-01, 1.767828e-01
736, 3.780083e-01, 1.686486e-01
737, 3.782597e-01, 2.837913e-01
738, 3.784352e-01, 3.977339e-01
739, 3.787615e-01, 7.401398e-01
740, 3.789263e-01, 2.651253e-01
741, 3.792666e-01, 6.511626e-01
742, 3.793773e-01, 7.190413e-01
743, 3.794236e-01, 5.822072e-01
744, 3.800005e-01, 3.114569e-01
745, 3.805965e-01, 2.858754e-01
746, 3.813231e-01, 5.444000e-01
747, 3.814174e-01, 2.026372e-01
748, 3.818666e-01, 6.495316e-01
749, 3.824895e-01, 2.672659e-01
750, 3.826552e-01, 4.281333e-01
751, 3.833278e-01, 5.596064e-01
752, 3.833324e-01, 7.995235e-01
753, 3.833826e-01, 4.924369e-01
754, 3.835098e-01, 2.718073e-01
755, 3.844522e-01, 3.548027e-01
756, 3.855900e-01, 6.482528e-01
757, 3.861525e-01, 5.594358e-01
758, 3.863421e-01, 3.256972e-01
759, 3.865343e-01, 8.485347e-01
760, 3.872789e-01, 4.146235e-01
761, 3.881156e-01, 3.027260e-01
762, 3.882965e-01, 4.170313e-01
763, 3.894962e-01, 5.439524e-01
764, 3.899674e-01, 7.390915e-01
765, 3.900995e-01, 7.541918e-01
766, 3.907566e-01, 4.007829e-01
767, 3.918109e-01, 3.530391e-01
768, 3.923939e-01, 4.672605e-01
769, 3.929787e-01, 3.284362e-01
770, 3.931112e-01, 6.153205e-01
771, 3.932563e-01, 2.502311e-01
772, 3.935046e-01, 1.844809e-01
773, 3.937656e-01, 5.112962e-01
774, 3.939691e-01, 3.985772e-01
775, 3.945371e-01, 5.412445e-01
776, 3.953078e-01, 8.343769e-01
777, 3.953929e-01, 6.856341e-01
778, 3.958245e-01, 4.693127e-01
779, 3.967730e-01, 7.576328e-01
780, 3.973732e-01, 5.410196e-01
781, 3.974002e-01, 3.279577e-01
782, 3.974439e-01, 8.288758e-01
783, 3.974833e-01, 8.313956e-01
784, 3.975023e-01, 7.653739e-01
785, 3.982107e-01, 6.134982e-01
786, 3.988315e-01, 3.976495e-01
787, 3.997243e-01, 3.256162e-01
788, 3.999411e-01, 6.829097e-01
789, 4.012056e-01, 2.573580e-01
790, 4.024431e-01, 7.720575e-01
791, 4.034213e-01, 8.136477e-01
792, 4.035632e-01, 4.000034e-01
793, 4.041550e-01, 2.783533e-01
794, 4.044975e-01, 5.276666e-01
795, 4.047763e-01, 5.741026e-01
796, 4.049446e-01, 7.508908e-01
797, 4.050193e-01, 3.441888e-01
798, 4.051852e-01, 3.030284e-01
799, 4.061883e-01, 2.331362e-01
800, 4.063483e-01, 4.932485e-01
801, 4.063897e-01, 5.874618e-01
802, 4.064895e-01, 6.688711e-01
803, 4.068481e-01, 2.360814e-01
804, 4.075444e-01, 4.354962e-01
805, 4.076735e-01, 7.729415e-01
806, 4.078874e-01, 7.278457e-01
807, 4.080781e-01, 2.827749e-01
808, 4.082078e-01, 6.326842e-01
809, 4.084897e-01, 4.899090e-01
810, 4.088184e-01, 3.450798e-01
811, 4.088569e-01, 8.127594e-01
812, 4.094917e-01, 5.036057e-01
813, 4.096812e-01, 5.264243e-01
814, 4.097635e-01, 7.250625e-01
815, 4.111753e-01, 4.276681e-01
816, 4.116304e-01, 6.127619e-01
817, 4.127096e-01, 4.474808e-01
818, 4.127925e-01, 2.575556e-01
819, 4.132651e-01, 6.110215e-01
820, 4.137100e-01, 1.821331e-01
821, 4.137362e-01, 6.286517e-01
822, 4.137791e-01, 7.220673e-01
823, 4.138888e-01, 5.694601e-01
824, 4.140965e-01, 1.926281e-01
825, 4.141916e-01, 5.808309e-01
826, 4.143631e-01, 8.322424e-01
827, 4.143678e-01, 6.512584e-01
828, 4.145927e-01, 7.555434e-01
829, 4.146267e-01, 7.690423e-01
830, 4.146899e-01, 5.830329e-01
831, 4.148384e-01, 6.582416e-01
832, 4.148661e-01, 5.056410e-01
833, 4.149601e-01, 5.757181e-01
834, 4.153796e-01, 2.959571e-01
835, 4.156298e-01, 2.147755e-01
836, 4.157486e-01, 5.120789e-01
837, 4.160613e-01, 6.478882e-01
838, 4.161868e-01, 7.583227e-01
839, 4.162834e-01, 8.191398e-01
840, 4.165603e-01, 1.800133e-01
841, 4.169659e-01, 4.709565e-01
842, 4.169797e-01, 6.730638e-01
843, 4.172655e-01, 3.546797e-01
844, 4.174097e-01, 3.255663e-01
845, 4.174451e-01, 3.663259e-01
846, 4.178210e-01, 2.892328e-01
847, 4.178583e-01, 6.869138e-01
848, 4.181058e-01, 5.440221e-01
849, 4.181193e-01, 2.415330e-01
850, 4.182774e-01, 3.887217e-01
851, 4.185982e-01, 3.636271e-01
852, 4.186577e-01, 2.136489e-01
853, 4.191281e-01, 5.037269e-01
854, 4.195802e-01, 7.226777e-01
855, 4.196518e-01, 3.353287e-01
856, 4.198545e-01, 2.520001e-01
857, 4.199413e-01, 5.466020e-01
858, 4.200323e-01, 4.864905e-01
859, 4.201067e-01, 2.877082e-01
860, 4.202135e-01, 4.685168e-01
861, 4.203275e-01, 3.225517e-01
862, 4.210674e-01, 6.302392e-01
863, 4.212444e-01, 5.297301e-01
864, 4.221966e-01, 2.837790e-01
865, 4.223623e-01, 4.103117e-01
866, 4.226651e-01, 4.880771e-01
867, 4.230621e-01, 4.353188e-01
868, 4.231887e-01, 7.283228e-01
869, 4.239287e-01, 3.753456e-01
870, 4.245000e-01, 6.682912e-01
871, 4.245460e-01, 7.121827e-01
872, 4.250278e-01, 6.426616e-01
873, 4.256289e-01, 6.367187e-01
874, 4.260359e-01, 2.362597e-01
875, 4.263424e-01, 5.280667e-01
876, 4.267428e-01, 7.729998e-01
877, 4.268401e-01, 5.255221e-01
878, 4.270871e-01, 8.078626e-01
879, 4.272947e-01, 8.131526e-01
880, 4.273798e-01, 1.989018e-01
881, 4.277673e-01, 7.326321e-01
882, 4.279296e-01, 3.369308e-01
883, 4.282344e-01, 2.364272e-01
884, 4.283266e-01, 4.870569e-01
885, 4.287917e-01, 7.796069e-01
886, 4.289384e-01, 3.408660e-01
887, 4.306095e-01, 3.780069e-01
888, 4.311334e-01, 2.922813e-01
889, 4.312403e-01, 2.540205e-01
890, 4.314509e-01, 4.656323e-01
891, 4.329076e-01, 3.967958e-01
892, 4.331408e-01, 5.440530e-01
893, 4.335327e-01, 8.359800e-01
894, 4.340479e-01, 6.113029e-01
895, 4.352226e-01, 6.860500e-01
896, 4.353858e-01, 7.602308e-01
897, 4.357029e-01, 5.417374e-01
898, 4.361882e-01, 6.123248e-01
899, 4.362728e-01, 3.183101e-01
900, 4.364871e-01, 6.937537e-01
901, 4.371209e-01, 6.143486e-01
902, 4.372477e-01, 5.377620e-01
903, 4.386488e-01, 3.987997e-01
904, 4.389421e-01, 4.702653e-01
905, 4.389828e-01, 6.158547e-01
906, 4.391722e-01, 7.602246e-01
907, 4.397450e-01, 6.841768e-01
908, 4.397760e-01, 2.545447e-01
909, 4.399416e-01, 4.151530e-01
910, 4.400698e-01, 7.382021e-01
911, 4.400752e-01, 5.104960e-01
912, 4.404754e-01, 5.361212e-01
913, 4.410297e-01, 7.612102e-01
914, 4.413471e-01, 8.209190e-01
915, 4.416257e-01, 1.795653e-01
916, 4.425110e-01, 7.424850e-01
917, 4.428134e-01, 4.684161e-01
918, 4.435202e-01, 1.811270e-01
919, 4.439461e-01, 2.503341e-01
920, 4.448311e-01, 8.465145e-01
921, 4.449759e-01, 5.967830e-01
922, 4.450818e-01, 3.063836e-01
923, 4.452160e-01, 6.341505e-01
924, 4.466788e-01, 3.956810e-01
925, 4.475282e-01, 5.961938e-01
926, 4.477098e-01, 3.720705e-01
927, 4.477648e-01, 6.529424e-01
928, 4.481342e-01, 4.188060e-01
929, 4.483356e-01, 2.725320e-01
930, 4.484117e-01, 3.059176e-01
931, 4.486599e-01, 4.950555e-01
932, 4.487678e-01, 2.074093e-01
933, 4.488999e-01, 1.601298e-01
934, 4.489964e-01, 5.620984e-01
935, 4.490512e-01, 4.490387e-01
936, 4.491591e-01, 2.231664e-01
937, 4.496429e-01, 1.638470e-01
938, 4.497126e-01, 2.658920e-01
939, 4.498962e-01, 4.516418e-01
940, 4.500461e-01, 5.599719e-01
941, 4.502907e-01, 8.477775e-01
942, 4.505387e-01, 7.786972e-01
943, 4.507103e-01, 6.994579e-01
944, 4.508071e-01, 7.046795e-01
945, 4.509603e-01, 4.280417e-01
946, 4.514668e-01, 7.963930e-01
947, 4.526120e-01, 7.887964e-01
948, 4.526920e-01, 2.225063e-01
949, 4.536395e-01, 6.141054e-01
950, 4.539842e-01, 6.699912e-01
951, 4.541478e-01, 3.533785e-01
952, 4.542788e-01, 3.975956e-01
953, 4.544327e-01, 5.764803e-01
954, 4.547937e-01, 2.212746e-01
955, 4.551404e-01, 3.622230e-01
956, 4.551758e-01, 6.519438e-01
957, 4.552258e-01, 2.627312e-01
958, 4.552764e-01, 5.840553e-01
959, 4.553343e-01, 6.846074e-01
960, 4.555486e-01, 5.069117e-01
961, 4.555539e-01, 4.050746e-01
962, 4.555827e-01, 3.137217e-01
963, 4.562789e-01, 3.186065e-01
964, 4.562870e-01, 5.162668e-01
965, 4.562908e-01, 8.442826e-01
966, 4.562928e-01, 2.197892e-01
967, 4.563077e-01, 4.680770e-01
968, 4.564079e-01, 6.942747e-01
969, 4.567616e-01, 3.590216e-01
970, 4.570778e-01, 6.015902e-01
971, 4.571727e-01, 7.955125e-01
972, 4.575880e-01, 2.533143e-01
973, 4.575943e-01, 7.560865e-01
974, 4.576208e-01, 6.782928e-01
975, 4.578948e-01, 3.963334e-01
976, 4.580319e-01, 7.975007e-01
977, 4.581594e-01, 6.172610e-01
978, 4.582741e-01, 3.575086e-01
979, 4.586300e-01, 1.819690e-01
980, 4.587915e-01, 2.913501e-01
981, 4.590995e-01, 7.501631e-01
982, 4.592116e-01, 4.970020e-01
983, 4.594840e-01, 7.589844e-01
984, 4.597347e-01, 5.547163e-01
985, 4.597561e-01, 7.243026e-01
986, 4.597944e-01, 4.321700e-01
987, 4.598180e-01, 7.214944e-01
988, 4.599029e-01, 4.579770e-01
989, 4.602396e-01, 4.370697e-01
990, 4.603940e-01, 2.855526e-01
991, 4.606297e-01, 1.809223e-01
992, 4.606679e-01, 5.474945e-01
993, 4.607831e-01, 7.933445e-01
994, 4.608389e-01, 8.009119e-01
995, 4.609407e-01, 2.879766e-01
996, 4.612216e-01, 3.554927e-01
997, 4.612476e-01, 4.725696e-01
998, 4.612657e-01, 5.230183e-01
999, 4.616185e-01, 3.220218e-01
1000, 4.617555e-01, 8.042104e-01
1001, 4.620400e-01, 5.458058e-01
1002, 4.624382e-01, 6.453223e-01
1003, 4.627763e-01, 5.720008e-01
1004, 4.633479e-01, 3.054001e-01
1005, 4.633617e-01, 1.671000e-01
1006, 4.650941e-01, 3.539053e-01
1007, 4.653690e-01, 7.875597e-01
1008, 4.654919e-01, 2.692170e-01
1009, 4.655862e-01, 2.752126e-01
1010, 4.657023e-01, 5.599343e-01
1011, 4.659447e-01, 8.484579e-01
1012, 4.672370e-01, 2.128516e-01
1013, 4.674384e-01, 3.537162e-01
1014, 4.677423e-01, 7.433927e-01
1015, 4.681412e-01, 7.405359e-01
1016, 4.684897e-01, 1.639380e-01
1017, 4.693174e-01, 5.994133e-01
1018, 4.693229e-01, 6.999597e-01
1019, 4.694684e-01, 4.546683e-01
1020, 4.696819e-01, 4.100381e-01
1021, 4.699705e-01, 4.494898e-01
1022, 4.701529e-01, 3.714221e-01
1023, 4.702931e-01, 7.041371e-01
1024, 4.705321e-01, 1.585619e-01
1025, 4.706635e-01, 5.961702e-01
1026, 4.711526e-01, 5.596430e-01
1027, 4.713198e-01, 4.170414e-01
1028, 4.718300e-01, 8.336451e-01
1029, 4.722917e-01, 3.971360e-01
1030, 4.723766e-01, 3.103470e-01
1031, 4.726393e-01, 7.647404e-01
1032, 4.727227e-01, 5.451053e-01
1033, 4.738723e-01, 6.116043e-01
1034, 4.742907e-01, 3.959091e-01
1035, 4.752303e-01, 3.195049e-01
1036, 4.762662e-01, 6.686651e-01
1037, 4.765912e-01, 1.826537e-01
1038, 4.768840e-01, 6.800474e-01
1039, 4.778955e-01, 5.318460e-01
1040, 4.781361e-01, 3.244587e-01
1041, 4.784605e-01, 1.783342e-01
1042, 4.788543e-01, 6.156808e-01
1043, 4.789213e-01, 7.539285e-01
1044, 4.790329e-01, 6.887446e-01
1045, 4.792791e-01, 5.410850e-01
1046, 4.795144e-01, 6.828313e-01
1047, 4.803493e-01, 3.253320e-01
1048, 4.808961e-01, 7.587630e-01
1049, 4.810096e-01, 3.958148e-01
1050, 4.816925e-01, 4.782474e-01
1051, 4.820090e-01, 2.906067e-01
1052, 4.821046e-01, 6.135844e-01
1053, 4.834598e-01, 2.544848e-01
1054, 4.841311e-01, 2.347335e-01
1055, 4.847205e-01, 4.809987e-01
1056, 4.857609e-01, 5.449081e-01
1057, 4.868997e-01, 7.792850e-01
1058, 4.872586e-01, 8.345874e-01
1059, 4.876858e-01, 3.427738e-01
1060, 4.877481e-01, 3.769792e-01
1061, 4.878467e-01, 6.795943e-01
1062, 4.880504e-01, 5.667288e-01
1063, 4.881666e-01, 7.327931e-01
1064, 4.887794e-01, 5.246400e-01
1065, 4.892792e-01, 7.742255e-01
1066, 4.894687e-01, 2.323840e-01
1067, 4.903438e-01, 6.692919e-01
1068, 4.904284e-01, 6.290088e-01
1069, 4.905170e-01, 2.884314e-01
1070, 4.910090e-01, 5.813689e-01
1071, 4.917134e-01, 5.243741e-01
1072, 4.917302e-01, 3.746917e-01
1073, 4.929274e-01, 6.299208e-01
1074, 4.942098e-01, 7.948612e-01
1075, 4.945093e-01, 6.503932e-01
1076, 4.952817e-01, 3.218931e-01
1077, 4.954019e-01, 4.824774e-01
1078, 4.954871e-01, 7.107463e-01
1079, 4.957447e-01, 3.630684e-01
1080, 4.958570e-01, 3.434783e-01
1081, 4.959878e-01, 7.134179e-01
1082, 4.964377e-01, 7.964958e-01
1083, 4.965744e-01, 5.083416e-01
1084, 4.966128e-01, 5.796445e-01
1085, 4.967660e-01, 1.782923e-01
1086, 4.969829e-01, 5.301777e-01
1087, 4.970319e-01, 1.878409e-01
1088, 4.974372e-01, 2.167210e-01
1089, 4.975844e-01, 6.470748e-01
1090, 4.975896e-01, 4.815850e-01
1091, 4.977411e-01, 5.382578e-01
1092, 4.981438e-01, 1.799802e-01
1093, 4.981672e-01, 2.218934e-01
1094, 4.982253e-01, 6.833458e-01
1095, 4.985421e-01, 3.053876e-01
1096, 4.986512e-01, 2.876795e-01
1097, 4.987139e-01, 8.338152e-01
1098, 4.987566e-01, 2.533149e-01
1099, 4.989182e-01, 7.510186e-01
1100, 4.989763e-01, 3.516185e-01
1101, 4.990460e-01, 4.463271e-01
1102, 4.991570e-01, 3.610259e-01
1103, 4.994778e-01, 6.104933e-01
1104, 4.996659e-01, 7.233055e-01
1105, 4.997704e-01, 3.034900e-01
1106, 5.003082e-01, 8.161257e-01
1107, 5.004596e-01, 6.869907e-01
1108, 5.005275e-01, 8.351737e-01
1109, 5.007042e-01, 2.123390e-01
1110, 5.007188e-01, 5.890612e-01
1111, 5.007444e-01, 2.884005e-01
1112, 5.009801e-01, 3.306323e-01
1113, 5.011957e-01, 3.976402e-01
1114, 5.011967e-01, 4.684264e-01
1115, 5.012881e-01, 2.550777e-01
1116, 5.012896e-01, 6.249656e-01
1117, 5.013988e-01, 3.372944e-01
1118, 5.014935e-01, 7.737494e-01
1119, 5.017913e-01, 2.394465e-01
1120, 5.021398e-01, 6.745560e-01
1121, 5.025838e-01, 3.618741e-01
1122, 5.027223e-01, 7.268285e-01
1123, 5.029526e-01, 4.299393e-01
1124, 5.031146e-01, 4.666972e-01
1125, 5.036858e-01, 3.836534e-01
1126, 5.039811e-01, 6.174445e-01
1127, 5.043680e-01, 5.426263e-01
1128, 5.046804e-01, 7.276196e-01
1129, 5.050357e-01, 7.940887e-01
1130, 5.051950e-01, 2.662152e-01
1131, 5.053761e-01, 4.273533e-01
1132, 5.057011e-01, 5.040966e-01
1133, 5.065934e-01, 7.106644e-01
1134, 5.076777e-01, 1.962347e-01
1135, 5.083434e-01, 4.839769e-01
1136, 5.085835e-01, 2.008373e-01
1137, 5.090164e-01, 7.599449e-01
1138, 5.090322e-01, 7.794349e-01
1139, 5.094331e-01, 6.348230e-01
1140, 5.105874e-01, 8.151470e-01
1141, 5.112152e-01, 5.265427e-01
1142, 5.112218e-01, 7.330320e-01
1143, 5.114679e-01, 6.711516e-01
1144, 5.115985e-01, 8.129644e-01
1145, 5.116258e-01, 5.765861e-01
1146, 5.116622e-01, 3.398135e-01
1147, 5.121440e-01, 6.635938e-01
1148, 5.123821e-01, 3.424678e-01
1149, 5.125586e-01, 3.806694e-01
1150, 5.128625e-01, 1.610093e-01
1151, 5.131486e-01, 7.775649e-01
1152, 5.141188e-01, 5.197779e-01
1153, 5.145821e-01, 3.777408e-01
1154, 5.146521e-01, 1.791190e-01
1155, 5.147578e-01, 7.612450e-01
1156, 5.154192e-01, 4.008553e-01
1157, 5.165229e-01, 6.183522e-01
1158, 5.176274e-01, 8.302741e-01
1159, 5.179452e-01, 4.702853e-01
1160, 5.180577e-01, 8.329855e-01
1161, 5.184030e-01, 5.416879e-01
1162, 5.188331e-01, 8.283538e-01
1163, 5.189643e-01, 6.527395e-01
1164, 5.190350e-01, 5.470346e-01
1165, 5.191243e-01, 2.429780e-01
1166, 5.194847e-01, 2.500140e-01
1167, 5.196890e-01, 7.588158e-01
1168, 5.199236e-01, 6.344907e-01
1169, 5.200767e-01, 5.388483e-01
1170, 5.203232e-01, 6.869615e-01
1171, 5.203530e-01, 6.829089e-01
1172, 5.204741e-01, 6.912340e-01
1173, 5.209562e-01, 2.194219e-01
1174, 5.219982e-01, 7.547860e-01
1175, 5.220587e-01, 4.685385e-01
1176, 5.221502e-01, 4.638405e-01
1177, 5.222703e-01, 5.373845e-01
1178, 5.227905e-01, 4.382325e-01
1179, 5.229775e-01, 6.135173e-01
1180, 5.232378e-01, 4.010162e-01
1181, 5.237787e-01, 2.707822e-01
1182, 5.239522e-01, 6.370186e-01
1183, 5.240171e-01, 3.559846e-01
1184, 5.243430e-01, 7.539562e-01
1185, 5.243906e-01, 8.265833e-01
1186, 5.253599e-01, 3.986128e-01
1187, 5.258143e-01, 1.810254e-01
1188, 5.261658e-01, 5.006232e-01
1189, 5.263177e-01, 6.038497e-01
1190, 5.263731e-01, 6.095339e-01
1191, 5.267725e-01, 4.710471e-01
1192, 5.268704e-01, 2.709855e-01
1193, 5.268827e-01, 1.641894e-01
1194, 5.276347e-01, 1.827561e-01
1195, 5.280229e-01, 4.467920e-01
1196, 5.281986e-01, 4.526365e-01
1197, 5.301673e-01, 5.964617e-01
1198, 5.301749e-01, 8.485200e-01
1199, 5.302042e-01, 5.990010e-01
1200, 5.303288e-01, 5.177153e-01
1201, 5.312495e-01, 1.710492e-01
1202, 5.312554e-01, 3.716897e-01
1203, 5.321258e-01, 6.446415e-01
1204, 5.336357e-01, 5.608141e-01
1205, 5.343763e-01, 7.383801e-01
1206, 5.344091e-01, 8.130652e-01
1207, 5.349470e-01, 7.047694e-01
1208, 5.351488e-01, 7.434096e-01
1209, 5.353222e-01, 2.539409e-01
1210, 5.364022e-01, 5.022029e-01
1211, 5.364531e-01, 2.607089e-01
1212, 5.364862e-01, 3.569060e-01
1213, 5.368911e-01, 3.595288e-01
1214, 5.376087e-01, 8.332654e-01
1215, 5.376357e-01, 2.851338e-01
1216, 5.376539e-01, 4.292773e-01
1217, 5.377144e-01, 8.409754e-01
1218, 5.379937e-01, 6.153984e-01
1219, 5.382446e-01, 2.513471e-01
1220, 5.385246e-01, 7.810994e-01
1221, 5.387890e-01, 1.712755e-01
1222, 5.389625e-01, 3.099306e-01
1223, 5.390272e-01, 7.158382e-01
1224, 5.390510e-01, 3.282245e-01
1225, 5.397465e-01, 5.043846e-01
1226, 5.399482e-01, 5.405800e-01
1227, 5.402741e-01, 2.240834e-01
1228, 5.405073e-01, 1.841839e-01
1229, 5.406056e-01, 4.119152e-01
1230, 5.408037e-01, 4.588887e-01
1231, 5.410141e-01, 5.745040e-01
1232, 5.413265e-01, 2.869327e-01
1233, 5.416975e-01, 6.014854e-01
1234, 5.417535e-01, 7.613022e-01
1235, 5.418105e-01, 5.535535e-01
1236, 5.420338e-01, 2.090500e-01
1237, 5.420417e-01, 6.867265e-01
1238, 5.420721e-01, 5.071171e-01
1239, 5.422778e-01, 7.288982e-01
1240, 5.422841e-01, 2.199702e-01
1241, 5.424111e-01, 2.941011e-01
1242, 5.425966e-01, 7.189297e-01
1243, 5.427545e-01, 6.109698e-01
1244, 5.429491e-01, 5.438894e-01
1245, 5.429913e-01, 2.901186e-01
1246, 5.430615e-01, 6.460876e-01
1247, 5.432289e-01, 3.933963e-01
1248, 5.432577e-01, 6.975223e-01
1249, 5.440171e-01, 7.479006e-01
1250, 5.440424e-01, 6.366271e-01
1251, 5.440831e-01, 6.896704e-01
1252, 5.440961e-01, 8.284460e-01
1253, 5.443334e-01, 5.159268e-01
1254, 5.444035e-01, 6.580714e-01
1255, 5.445753e-01, 1.790207e-01
1256, 5.445997e-01, 4.322481e-01
1257, 5.447318e-01, 3.964308e-01
1258, 5.454975e-01, 6.481818e-01
1259, 5.456168e-01, 7.571549e-01
1260, 5.457247e-01, 3.246786e-01
1261, 5.460111e-01, 4.341786e-01
1262, 5.460984e-01, 3.764734e-01
1263, 5.461184e-01, 1.521086e-01
1264, 5.462007e-01, 4.381558e-01
1265, 5.467529e-01, 2.222495e-01
1266, 5.470531e-01, 3.624177e-01
1267, 5.471957e-01, 2.053461e-01
1268, 5.474332e-01, 4.140933e-01
1269, 5.478326e-01, 1.549203e-01
1270, 5.480187e-01, 6.721853e-01
1271, 5.484758e-01, 4.187265e-01
1272, 5.486624e-01, 5.963917e-01
1273, 5.497749e-01, 4.532635e-01
1274, 5.499887e-01, 3.631050e-01
1275, 5.500878e-01, 5.929059e-01
1276, 5.505958e-01, 5.541810e-01
1277, 5.513521e-01, 4.473338e-01
1278, 5.525006e-01, 5.035477e-01
1279, 5.525831e-01, 2.287036e-01
1280, 5.528902e-01, 7.931901e-01
1281, 5.531988e-01, 5.602781e-01
1282, 5.533289e-01, 3.540411e-01
1283, 5.537314e-01, 7.024231e-01
1284, 5.537439e-01, 5.444287e-01
1285, 5.541585e-01, 3.055919e-01
1286, 5.543090e-01, 1.584258e-01
1287, 5.551072e-01, 4.995064e-01
1288, 5.552439e-01, 8.411205e-01
1289, 5.561661e-01, 2.527247e-01
1290, 5.570658e-01, 4.707396e-01
1291, 5.582814e-01, 1.780297e-01
1292, 5.586445e-01, 4.691650e-01
1293, 5.587627e-01, 5.408799e-01
1294, 5.589714e-01, 4.037799e-01
1295, 5.592943e-01, 3.241780e-01
1296, 5.597797e-01, 8.288324e-01
1297, 5.603507e-01, 6.150765e-01
1298, 5.604509e-01, 7.631343e-01
1299, 5.605017e-01, 2.486769e-01
1300, 5.609351e-01, 6.849409e-01
1301, 5.610399e-01, 3.895088e-01
1302, 5.611441e-01, 6.919955e-01
1303, 5.618714e-01, 3.245381e-01
1304, 5.619649e-01, 6.827756e-01
1305, 5.622237e-01, 4.030317e-01
1306, 5.629540e-01, 7.980806e-01
1307, 5.634145e-01, 4.006425e-01
1308, 5.647569e-01, 4.689847e-01
1309, 5.650617e-01, 6.155397e-01
1310, 5.653632e-01, 7.615841e-01
1311, 5.655524e-01, 5.413829e-01
1312, 5.657891e-01, 3.223311e-01
1313, 5.659200e-01, 2.495823e-01
1314, 5.661602e-01, 8.311418e-01
1315, 5.668674e-01, 6.795533e-01
1316, 5.670324e-01, 4.705141e-01
1317, 5.672436e-01, 5.808680e-01
1318, 5.677207e-01, 7.581987e-01
1319, 5.677466e-01, 2.510020e-01
1320, 5.681436e-01, 5.646232e-01
1321, 5.685740e-01, 2.746563e-01
1322, 5.686690e-01, 1.990796e-01
1323, 5.688712e-01, 5.394164e-01
1324, 5.689970e-01, 2.970791e-01
1325, 5.704109e-01, 8.115248e-01
1326, 5.704122e-01, 7.101655e-01
1327, 5.707009e-01, 4.887163e-01
1328, 5.710359e-01, 7.810784e-01
1329, 5.710523e-01, 7.343481e-01
1330, 5.711843e-01, 6.314956e-01
1331, 5.714291e-01, 6.107889e-01
1332, 5.719493e-01, 2.308909e-01
1333, 5.720255e-01, 3.790635e-01
1334, 5.726355e-01, 3.430191e-01
1335, 5.732414e-01, 7.727760e-01
1336, 5.737087e-01, 5.262871e-01
1337, 5.740033e-01, 2.012519e-01
1338, 5.741888e-01, 4.886805e-01
1339, 5.743925e-01, 2.393246e-01
1340, 5.749005e-01, 8.118592e-01
1341, 5.750720e-01, 3.787992e-01
1342, 5.750820e-01, 2.888815e-01
1343, 5.758051e-01, 5.251846e-01
1344, 5.759976e-01, 3.439091e-01
1345, 5.768360e-01, 4.411900e-01
1346, 5.770256e-01, 4.259411e-01
1347, 5.776113e-01, 1.535251e-01
1348, 5.779923e-01, 5.788050e-01
1349, 5.786229e-01, 2.865695e-01
1350, 5.792559e-01, 2.124494e-01
1351, 5.798006e-01, 2.531671e-01
1352, 5.802625e-01, 5.427079e-01
1353, 5.806541e-01, 2.420356e-01
1354, 5.809336e-01, 6.536325e-01
1355, 5.814701e-01, 6.122785e-01
1356, 5.816724e-01, 4.821223e-01
1357, 5.817652e-01, 1.811157e-01
1358, 5.818385e-01, 3.855590e-01
1359, 5.818533e-01, 2.865069e-01
1360, 5.821559e-01, 5.081213e-01
1361, 5.825911e-01, 7.553596e-01
1362, 5.825917e-01, 7.218490e-01
1363, 5.829843e-01, 1.868592e-01
1364, 5.830194e-01, 6.224409e-01
1365, 5.831098e-01, 7.928326e-01
1366, 5.831399e-01, 4.271562e-01
1367, 5.832371e-01, 8.175040e-01
1368, 5.835573e-01, 6.835968e-01
1369, 5.835632e-01, 8.292484e-01
1370, 5.839838e-01, 6.099387e-01
1371, 5.840460e-01, 5.780201e-01
1372, 5.841591e-01, 2.853906e-01
1373, 5.843579e-01, 4.214129e-01
1374, 5.850831e-01, 7.237198e-01
1375, 5.853741e-01, 7.590662e-01
1376, 5.856873e-01, 7.708185e-01
1377, 5.857020e-01, 8.309445e-01
1378, 5.859592e-01, 7.304287e-01
1379, 5.859860e-01, 4.995722e-01
1380, 5.861219e-01, 6.735424e-01
1381, 5.862746e-01, 6.862994e-01
1382, 5.863806e-01, 5.293435e-01
1383, 5.864103e-01, 7.918588e-01
1384, 5.866790e-01, 6.512941e-01
1385, 5.867266e-01, 4.466134e-01
1386, 5.874465e-01, 5.394046e-01
1387, 5.878035e-01, 7.044329e-01
1388, 5.878625e-01, 5.693301e-01
1389, 5.879187e-01, 6.412389e-01
1390, 5.879303e-01, 7.732172e-01
1391, 5.887714e-01, 2.948801e-01
1392, 5.888250e-01, 6.458631e-01
1393, 5.891587e-01, 5.980871e-01
1394, 5.892988e-01, 2.971474e-01
1395, 5.910476e-01, 3.782824e-01
1396, 5.911058e-01, 5.790648e-01
1397, 5.911125e-01, 3.399342e-01
1398, 5.928355e-01, 2.373385e-01
1399, 5.932671e-01, 5.629523e-01
1400, 5.934649e-01, 4.856936e-01
1401, 5.937871e-01, 4.898226e-01
1402, 5.939802e-01, 7.713439e-01
1403, 5.941331e-01, 7.208264e-01
1404, 5.946433e-01, 2.281945e-01
1405, 5.949200e-01, 8.111453e-01
1406, 5.968937e-01, 5.239012e-01
1407, 5.977096e-01, 2.959659e-01
1408, 5.980731e-01, 1.993147e-01
1409, 5.981043e-01, 1.935317e-01
1410, 5.983444e-01, 4.729297e-01
1411, 5.986004e-01, 8.121511e-01
1412, 5.996884e-01, 3.268442e-01
1413, 6.003369e-01, 5.426720e-01
1414, 6.007874e-01, 3.940948e-01
1415, 6.008114e-01, 2.481565e-01
1416, 6.008930e-01, 8.263889e-01
1417, 6.009030e-01, 2.519243e-01
1418, 6.011264e-01, 6.808587e-01
1419, 6.018955e-01, 7.603601e-01
1420, 6.029854e-01, 6.155592e-01
1421, 6.031677e-01, 8.276502e-01
1422, 6.033067e-01, 4.636963e-01
1423, 6.035201e-01, 4.388868e-01
1424, 6.035214e-01, 2.556068e-01
1425, 6.035742e-01, 1.770127e-01
1426, 6.038886e-01, 3.245680e-01
1427, 6.039369e-01, 1.811709e-01
1428, 6.039992e-01, 1.849869e-01
1429, 6.041161e-01, 6.824753e-01
1430, 6.053031e-01, 3.969432e-01
1431, 6.053915e-01, 3.221086e-01
1432, 6.057479e-01, 3.169525e-01
1433, 6.058376e-01, 7.545460e-01
1434, 6.084227e-01, 8.361887e-01
1435, 6.092404e-01, 5.422466e-01
1436, 6.093991e-01, 6.904324e-01
1437, 6.097118e-01, 7.430996e-01
1438, 6.105350e-01, 4.137967e-01
1439, 6.111827e-01, 1.598109e-01
1440, 6.112253e-01, 6.137605e-01
1441, 6.116527e-01, 3.580802e-01
1442, 6.118257e-01, 5.440306e-01
1443, 6.123126e-01, 3.101934e-01
1444, 6.129992e-01, 8.457040e-01
1445, 6.130826e-01, 4.155042e-01
1446, 6.132003e-01, 2.142354e-01
1447, 6.135066e-01, 5.941277e-01
1448, 6.135671e-01, 4.497186e-01
1449, 6.135698e-01, 2.727779e-01
1450, 6.143035e-01, 5.977027e-01
1451, 6.150118e-01, 1.593687e-01
1452, 6.157867e-01, 5.745869e-01
1453, 6.162219e-01, 5.590751e-01
1454, 6.170755e-01, 6.498881e-01
1455, 6.173627e-01, 7.832833e-01
1456, 6.175422e-01, 5.128953e-01
1457, 6.175668e-01, 2.741323e-01
1458, 6.177561e-01, 3.067075e-01
1459, 6.179171e-01, 4.487761e-01
1460, 6.179645e-01, 3.959526e-01
1461, 6.183209e-01, 3.598391e-01
1462, 6.183438e-01, 7.422490e-01
1463, 6.183800e-01, 5.252730e-01
1464, 6.194531e-01, 2.237584e-01
1465, 6.196821e-01, 8.476082e-01
1466, 6.204533e-01, 3.598203e-01
1467, 6.204557e-01, 7.441807e-01
1468, 6.207858e-01, 2.940548e-01
1469, 6.208080e-01, 8.048626e-01
1470, 6.209436e-01, 3.944406e-01
1471, 6.209498e-01, 5.013940e-01
1472, 6.210199e-01, 4.305064e-01
1473, 6.225181e-01, 7.278898e-01
1474, 6.227377e-01, 6.856281e-01
1475, 6.228741e-01, 7.544767e-01
1476, 6.229723e-01, 1.965201e-01
1477, 6.230899e-01, 5.804229e-01
1478, 6.233737e-01, 5.565512e-01
1479, 6.233890e-01, 6.014059e-01
1480, 6.236014e-01, 2.910891e-01
1481, 6.236874e-01, 7.908075e-01
1482, 6.239822e-01, 4.405201e-01
1483, 6.240762e-01, 1.784022e-01
1484, 6.241713e-01, 2.681423e-01
1485, 6.242864e-01, 2.891065e-01
1486, 6.245919e-01, 8.349268e-01
1487, 6.246731e-01, 4.649838e-01
1488, 6.248125e-01, 6.478189e-01
1489, 6.249534e-01, 7.557870e-01
1490, 6.249542e-01, 6.116477e-01
1491, 6.252809e-01, 7.886612e-01
1492, 6.252868e-01, 1.683055e-01
1493, 6.257031e-01, 6.662618e-01
1494, 6.260763e-01, 5.432406e-01
1495, 6.261089e-01, 8.395941e-01
1496, 6.263868e-01, 4.568089e-01
1497, 6.265029e-01, 6.691086e-01
1498, 6.267485e-01, 1.815267e-01
1499, 6.270749e-01, 6.482301e-01
1500, 6.274009e-01, 5.807387e-01
1501, 6.277188e-01, 3.280061e-01
1502, 6.278277e-01, 7.253920e-01
1503, 6.279432e-01, 2.095761e-01
1504, 6.285028e-01, 2.139016e-01
1505, 6.287326e-01, 8.282401e-01
1506, 6.287527e-01, 2.872975e-01
1507, 6.289424e-01, 3.609454e-01
1508, 6.289895e-01, 4.135479e-01
1509, 6.292685e-01, 5.405573e-01
1510, 6.292896e-01, 3.130560e-01
1511, 6.294789e-01, 6.976715e-01
1512, 6.297078e-01, 5.040334e-01
1513, 6.297158e-01, 7.738107e-01
1514, 6.298209e-01, 3.248895e-01
1515, 6.298728e-01, 3.405500e-01
1516, 6.309470e-01, 7.987246e-01
1517, 6.316437e-01, 5.610200e-01
1518, 6.317149e-01, 3.658228e-01
1519, 6.317734e-01, 5.023232e-01
1520, 6.318984e-01, 6.283686e-01
1521, 6.320238e-01, 6.489899e-01
1522, 6.324108e-01, 3.709463e-01
1523, 6.332082e-01, 4.148711e-01
1524, 6.334891e-01, 4.712117e-01
1525, 6.339066e-01, 4.529830e-01
1526, 6.341511e-01, 5.762066e-01
1527, 6.345844e-01, 7.359813e-01
1528, 6.345847e-01, 6.995829e-01
1529, 6.349095e-01, 7.333098e-01
1530, 6.354347e-01, 3.111893e-01
1531, 6.354939e-01, 7.056038e-01
1532, 6.362764e-01, 4.534786e-01
1533, 6.363383e-01, 6.478265e-01
1534, 6.363969e-01, 8.427332e-01
1535, 6.367737e-01, 3.061625e-01
1536, 6.380144e-01, 2.695366e-01
1537, 6.380332e-01, 5.399238e-01
1538, 6.387627e-01, 5.163732e-01
1539, 6.391253e-01, 4.725415e-01
1540, 6.393236e-01, 4.131901e-01
1541, 6.406053e-01, 1.820737e-01
1542, 6.410957e-01, 7.517105e-01
1543, 6.412121e-01, 3.203903e-01
1544, 6.415278e-01, 5.420915e-01
1545, 6.417266e-01, 2.554773e-01
1546, 6.419637e-01, 5.538404e-01
1547, 6.423839e-01, 8.001480e-01
1548, 6.435954e-01, 8.272932e-01
1549, 6.442655e-01, 4.986688e-01
1550, 6.445393e-01, 1.794974e-01
1551, 6.446860e-01, 6.890489e-01
1552, 6.447675e-01, 7.606036e-01
1553, 6.448614e-01, 3.965185e-01
1554, 6.449807e-01, 7.535842e-01
1555, 6.450614e-01, 2.533445e-01
1556, 6.452008e-01, 6.071288e-01
1557, 6.456513e-01, 8.284887e-01
1558, 6.458314e-01, 7.555281e-01
1559, 6.465600e-01, 6.879095e-01
1560, 6.466741e-01, 3.271418e-01
1561, 6.474293e-01, 2.490377e-01
1562, 6.475494e-01, 3.232910e-01
1563, 6.476269e-01, 5.417311e-01
1564, 6.479372e-01, 6.822062e-01
1565, 6.479551e-01, 6.847972e-01
1566, 6.480782e-01, 4.707130e-01
1567, 6.487617e-01, 6.135222e-01
1568, 6.511754e-01, 1.840798e-01
1569, 6.512384e-01, 3.217250e-01
1570, 6.515955e-01, 5.771071e-01
1571, 6.518085e-01, 8.334240e-01
1572, 6.520288e-01, 6.150142e-01
1573, 6.521236e-01, 6.682005e-01
1574, 6.525184e-01, 4.302061e-01
1575, 6.526853e-01, 6.715828e-01
1576, 6.527767e-01, 1.976032e-01
1577, 6.530749e-01, 7.262309e-01
1578, 6.548009e-01, 2.333108e-01
1579, 6.549243e-01, 5.454154e-01
1580, 6.555972e-01, 5.221706e-01
1581, 6.564378e-01, 3.413846e-01
1582, 6.572884e-01, 8.104227e-01
1583, 6.579466e-01, 5.216165e-01
1584, 6.585842e-01, 8.174008e-01
1585, 6.589274e-01, 2.319448e-01
1586, 6.590594e-01, 2.012555e-01
1587, 6.602260e-01, 5.700137e-01
1588, 6.604241e-01, 5.669832e-01
1589, 6.607393e-01, 4.346026e-01
1590, 6.615862e-01, 5.751703e-01
1591, 6.616491e-01, 6.153903e-01
1592, 6.627868e-01, 3.978029e-01
1593, 6.628377e-01, 7.597205e-01
1594, 6.629393e-01, 3.578846e-01
1595, 6.632240e-01, 1.794791e-01
1596, 6.635853e-01, 7.073093e-01
1597, 6.637519e-01, 6.196204e-01
1598, 6.638462e-01, 6.897502e-01
1599, 6.638502e-01, 4.649652e-01
1600, 6.644874e-01, 6.507944e-01
1601, 6.648675e-01, 5.427981e-01
1602, 6.653737e-01, 3.583558e-01
1603, 6.653934e-01, 8.197536e-01
1604, 6.654103e-01, 1.761361e-01
1605, 6.655297e-01, 3.287415e-01
1606, 6.659149e-01, 6.088325e-01
1607, 6.661482e-01, 3.309045e-01
1608, 6.661558e-01, 1.517838e-01
1609, 6.663437e-01, 5.264310e-01
1610, 6.665510e-01, 5.844683e-01
1611, 6.666038e-01, 7.147447e-01
1612, 6.667191e-01, 4.024291e-01
1613, 6.667586e-01, 7.258579e-01
1614, 6.667860e-01, 7.573322e-01
1615, 6.668502e-01, 5.791990e-01
1616, 6.669123e-01, 2.503037e-01
1617, 6.677145e-01, 3.574190e-01
1618, 6.678894e-01, 3.252777e-01
1619, 6.682733e-01, 3.834746e-01
1620, 6.685371e-01, 4.231759e-01
1621, 6.685519e-01, 6.858015e-01
1622, 6.687293e-01, 4.806410e-01
1623, 6.688670e-01, 7.240931e-01
1624, 6.690481e-01, 8.334240e-01
1625, 6.691039e-01, 6.768090e-01
1626, 6.691828e-01, 7.923596e-01
1627, 6.692846e-01, 5.937432e-01
1628, 6.694328e-01, 7.186897e-01
1629, 6.697313e-01, 4.214047e-01
1630, 6.698341e-01, 2.140898e-01
1631, 6.700629e-01, 4.410222e-01
1632, 6.705870e-01, 5.450997e-01
1633, 6.707104e-01, 1.906350e-01
1634, 6.710022e-01, 2.354126e-01
1635, 6.710364e-01, 4.440031e-01
1636, 6.714049e-01, 3.046075e-01
1637, 6.716211e-01, 4.753189e-01
1638, 6.716392e-01, 2.554543e-01
1639, 6.722503e-01, 8.300930e-01
1640, 6.727419e-01, 7.157963e-01
1641, 6.727771e-01, 4.195032e-01
1642, 6.730875e-01, 6.759764e-01
1643, 6.731272e-01, 3.819959e-01
1644, 6.732006e-01, 2.841309e-01
1645, 6.734386e-01, 2.341843e-01
1646, 6.742585e-01, 5.769763e-01
1647, 6.754758e-01, 5.248066e-01
1648, 6.757364e-01, 8.135211e-01
1649, 6.758647e-01, 3.375233e-01
1650, 6.760340e-01, 2.349559e-01
1651, 6.775444e-01, 5.207535e-01
1652, 6.781375e-01, 3.437710e-01
1653, 6.782220e-01, 6.628087e-01
1654, 6.783378e-01, 6.840301e-01
1655, 6.785419e-01, 8.144429e-01
1656, 6.787716e-01, 6.268133e-01
1657, 6.799008e-01, 7.772125e-01
1658, 6.799285e-01, 4.840606e-01
1659, 6.800322e-01, 7.612167e-01
1660, 6.801684e-01, 5.426213e-01
1661, 6.803085e-01, 6.352723e-01
1662, 6.804092e-01, 1.985512e-01
1663, 6.805184e-01, 1.946272e-01
1664, 6.815528e-01, 4.881836e-01
1665, 6.818111e-01, 8.286289e-01
1666, 6.820666e-01, 5.685260e-01
1667, 6.824826e-01, 1.752454e-01
1668, 6.826761e-01, 4.729142e-01
1669, 6.832246e-01, 3.208901e-01
1670, 6.839632e-01, 4.403368e-01
1671, 6.847921e-01, 1.762450e-01
1672, 6.849480e-01, 3.961280e-01
1673, 6.853741e-01, 7.505960e-01
1674, 6.855527e-01, 7.570242e-01
1675, 6.855674e-01, 6.881194e-01
1676, 6.858785e-01, 4.624447e-01
1677, 6.868798e-01, 4.683977e-01
1678, 6.870752e-01, 3.973025e-01
1679, 6.874034e-01, 8.308990e-01
1680, 6.874303e-01, 3.994772e-01
1681, 6.878958e-01, 2.530614e-01
1682, 6.879388e-01, 2.476558e-01
1683, 6.882484e-01, 8.342597e-01
1684, 6.886421e-01, 3.957933e-01
1685, 6.889083e-01, 2.574177e-01
1686, 6.893524e-01, 1.853117e-01
1687, 6.896388e-01, 3.246241e-01
1688, 6.899567e-01, 6.082152e-01
1689, 6.902174e-01, 6.869329e-01
1690, 6.903983e-01, 6.114220e-01
1691, 6.911277e-01, 4.702135e-01
1692, 6.913019e-01, 1.646149e-01
1693, 6.918722e-01, 1.858531e-01
1694, 6.921518e-01, 2.118189e-01
1695, 6.922000e-01, 3.227996e-01
1696, 6.934621e-01, 5.460754e-01
1697, 6.937448e-01, 6.885313e-01
1698, 6.939291e-01, 3.463183e-01
1699, 6.941206e-01, 7.607089e-01
1700, 6.942544e-01, 3.662534e-01
1701, 6.943688e-01, 2.722703e-01
1702, 6.949241e-01, 2.643161e-01
1703, 6.953775e-01, 4.159605e-01
1704, 6.960557e-01, 3.095266e-01
1705, 6.962769e-01, 6.614245e-01
1706, 6.964369e-01, 4.094227e-01
1707, 6.968984e-01, 3.117579e-01
1708, 6.970965e-01, 5.980186e-01
1709, 6.973886e-01, 5.907614e-01
1710, 6.982197e-01, 8.475010e-01
1711, 6.982372e-01, 7.845579e-01
1712, 6.987156e-01, 5.638383e-01
1713, 6.991176e-01, 4.499397e-01
1714, 6.991930e-01, 5.534310e-01
1715, 6.993757e-01, 6.415630e-01
1716, 6.998172e-01, 7.376712e-01
1717, 7.011570e-01, 1.624445e-01
1718, 7.015212e-01, 7.014140e-01
1719, 7.015548e-01, 7.092250e-01
1720, 7.027411e-01, 6.012720e-01
1721, 7.031510e-01, 4.700495e-01
1722, 7.035875e-01, 2.863851e-01
1723, 7.036456e-01, 4.287825e-01
1724, 7.038347e-01, 7.583702e-01
1725, 7.045473e-01, 5.363255e-01
1726, 7.047605e-01, 6.120119e-01
1727, 7.048606e-01, 5.158638e-01
1728, 7.054782e-01, 5.129435e-01
1729, 7.055081e-01, 1.796230e-01
1730, 7.059298e-01, 4.674079e-01
1731, 7.061624e-01, 4.297138e-01
1732, 7.062310e-01, 5.695116e-01
1733, 7.065354e-01, 3.643993e-01
1734, 7.067187e-01, 2.625139e-01
1735, 7.067486e-01, 3.882130e-01
1736, 7.068450e-01, 6.521779e-01
1737, 7.068517e-01, 8.308658e-01
1738, 7.069849e-01, 8.456030e-01
1739, 7.070552e-01, 2.528975e-01
1740, 7.071056e-01, 5.045845e-01
1741, 7.071450e-01, 2.875442e-01
1742, 7.071635e-01, 4.064033e-01
1743, 7.074100e-01, 4.555574e-01
1744, 7.074550e-01, 1.680301e-01
1745, 7.074624e-01, 7.252200e-01
1746, 7.075072e-01, 1.809998e-01
1747, 7.075138e-01, 5.774984e-01
1748, 7.077982e-01, 2.219740e-01
1749, 7.078567e-01, 6.138198e-01
1750, 7.078846e-01, 7.154849e-01
1751, 7.079278e-01, 6.478448e-01
1752, 7.083211e-01, 3.305192e-01
1753, 7.084451e-01, 6.859752e-01
1754, 7.086306e-01, 4.986963e-01
1755, 7.087968e-01, 5.834140e-01
1756, 7.088312e-01, 3.589730e-01
1757, 7.091040e-01, 5.812795e-01
1758, 7.095915e-01, 4.394005e-01
1759, 7.101728e-01, 4.347149e-01
1760, 7.107340e-01, 2.162782e-01
1761, 7.109090e-01, 6.451585e-01
1762, 7.113439e-01, 3.563782e-01
1763, 7.113763e-01, 5.491625e-01
1764, 7.115191e-01, 3.128129e-01
1765, 7.116163e-01, 4.929970e-01
1766, 7.116488e-01, 8.265808e-01
1767, 7.118429e-01, 6.882887e-01
1768, 7.119679e-01, 4.907633e-01
1769, 7.120552e-01, 6.922400e-01
1770, 7.124525e-01, 3.962543e-01
1771, 7.124535e-01, 5.449327e-01
1772, 7.125937e-01, 3.245413e-01
1773, 7.127231e-01, 7.777301e-01
1774, 7.128393e-01, 6.431460e-01
1775, 7.130797e-01, 6.623900e-01
1776, 7.131930e-01, 3.544672e-01
1777, 7.138836e-01, 2.135211e-01
1778, 7.148449e-01, 7.930391e-01
1779, 7.155948e-01, 5.917118e-01
1780, 7.160825e-01, 4.514809e-01
1781, 7.163675e-01, 2.092354e-01
1782, 7.165513e-01, 8.470290e-01
1783, 7.169405e-01, 1.650147e-01
1784, 7.169429e-01, 2.718048e-01
1785, 7.175184e-01, 1.986360e-01
1786, 7.178067e-01, 7.428148e-01
1787, 7.180146e-01, 5.929260e-01
1788, 7.192503e-01, 5.103930e-01
1789, 7.197032e-01, 7.392633e-01
1790, 7.198529e-01, 6.124774e-01
1791, 7.209720e-01, 8.014277e-01
1792, 7.211826e-01, 1.584146e-01
1793, 7.221953e-01, 4.534737e-01
1794, 7.233535e-01, 4.716227e-01
1795, 7.236655e-01, 7.903376e-01
1796, 7.238254e-01, 1.769926e-01
1797, 7.240184e-01, 7.050821e-01
1798, 7.247213e-01, 6.804559e-01
1799, 7.259350e-01, 8.280647e-01
1800, 7.260030e-01, 6.165033e-01
1801, 7.266551e-01, 7.597948e-01
1802, 7.270573e-01, 2.535326e-01
1803, 7.270575e-01, 8.244191e-01
1804, 7.278418e-01, 3.951153e-01
1805, 7.278594e-01, 4.678329e-01
1806, 7.283228e-01, 8.362297e-01
1807, 7.283287e-01, 6.816785e-01
1808, 7.286470e-01, 8.334949e-01
1809, 7.289486e-01, 2.524237e-01
1810, 7.293283e-01, 3.331163e-01
1811, 7.294370e-01, 1.806729e-01
1812, 7.298940e-01, 3.280270e-01
1813, 7.301914e-01, 4.705274e-01
1814, 7.304405e-01, 5.485147e-01
1815, 7.310728e-01, 3.222145e-01
1816, 7.311778e-01, 4.053045e-01
1817, 7.316062e-01, 3.253190e-01
1818, 7.316986e-01, 3.998824e-01
1819, 7.318425e-01, 2.539528e-01
1820, 7.319282e-01, 5.746827e-01
1821, 7.324885e-01, 6.126209e-01
1822, 7.331371e-01, 6.876418e-01
1823, 7.336441e-01, 7.349177e-01
1824, 7.342408e-01, 1.826674e-01
1825, 7.343113e-01, 4.810072e-01
1826, 7.357022e-01, 2.026150e-01
1827, 7.368472e-01, 6.699474e-01
1828, 7.374735e-01, 6.886748e-01
1829, 7.376494e-01, 4.274473e-01
1830, 7.383742e-01, 5.873835e-01
1831, 7.389137e-01, 7.744815e-01
1832, 7.390830e-01, 6.316005e-01
1833, 7.391308e-01, 8.112319e-01
1834, 7.391835e-01, 7.714668e-01
1835, 7.394791e-01, 1.949783e-01
1836, 7.395891e-01, 8.147150e-01
1837, 7.396504e-01, 6.293995e-01
1838, 7.400002e-01, 6.687914e-01
1839, 7.401191e-01, 7.240545e-01
1840, 7.402588e-01, 2.999220e-01
1841, 7.402790e-01, 4.836163e-01
1842, 7.405163e-01, 3.450472e-01
1843, 7.406429e-01, 4.323603e-01
1844, 7.414300e-01, 6.121918e-01
1845, 7.422891e-01, 1.544190e-01
1846, 7.423800e-01, 2.986284e-01
1847, 7.436775e-01, 7.553247e-01
1848, 7.441648e-01, 7.210326e-01
1849, 7.444282e-01, 2.168039e-01
1850, 7.445913e-01, 1.529674e-01
1851, 7.446947e-01, 6.170747e-01
1852, 7.447161e-01, 4.350165e-01
1853, 7.449721e-01, 5.603883e-01
1854, 7.453469e-01, 6.249495e-01
1855, 7.459282e-01, 6.483250e-01
1856, 7.462994e-01, 7.206548e-01
1857, 7.463561e-01, 7.911043e-01
1858, 7.467375e-01, 5.809770e-01
1859, 7.468259e-01, 3.981112e-01
1860, 7.469420e-01, 2.148970e-01
1861, 7.470572e-01, 8.023388e-01
1862, 7.472775e-01, 5.036341e-01
1863, 7.475839e-01, 4.702682e-01
1864, 7.476160e-01, 3.855068e-01
1865, 7.476694e-01, 3.658712e-01
1866, 7.478703e-01, 2.541626e-01
1867, 7.479140e-01, 3.602512e-01
1868, 7.480134e-01, 3.563945e-01
1869, 7.481975e-01, 3.215971e-01
1870, 7.482547e-01, 5.296860e-01
1871, 7.486344e-01, 7.208166e-01
1872, 7.489166e-01, 6.846305e-01
1873, 7.489592e-01, 4.719509e-01
1874, 7.491937e-01, 6.759012e-01
1875, 7.493860e-01, 1.789207e-01
1876, 7.498607e-01, 4.782707e-01
1877, 7.500545e-01, 8.209050e-01
1878, 7.500795e-01, 5.033026e-01
1879, 7.500897e-01, 8.309900e-01
1880, 7.504438e-01, 4.009755e-01
1881, 7.506804e-01, 1.925973e-01
1882, 7.508404e-01, 6.484553e-01
1883, 7.509302e-01, 2.141393e-01
1884, 7.513805e-01, 5.386636e-01
1885, 7.514117e-01, 2.405529e-01
1886, 7.515041e-01, 8.325534e-01
1887, 7.519020e-01, 5.047757e-01
1888, 7.519823e-01, 7.692672e-01
1889, 7.523388e-01, 2.495603e-01
1890, 7.525895e-01, 3.367524e-01
1891, 7.526523e-01, 3.244309e-01
1892, 7.529741e-01, 4.381692e-01
1893, 7.529787e-01, 6.472195e-01
1894, 7.530745e-01, 7.094304e-01
1895, 7.537366e-01, 1.825358e-01
1896, 7.542558e-01, 7.388746e-01
1897, 7.547143e-01, 4.147205e-01
1898, 7.547908e-01, 7.603071e-01
1899, 7.549329e-01, 5.411935e-01
1900, 7.549953e-01, 5.828961e-01
1901, 7.550692e-01, 2.892245e-01
1902, 7.551785e-01, 4.377648e-01
1903, 7.554511e-01, 2.166166e-01
1904, 7.562993e-01, 3.419045e-01
1905, 7.565196e-01, 5.847509e-01
1906, 7.584428e-01, 2.002901e-01
1907, 7.587768e-01, 8.131683e-01
1908, 7.588005e-01, 6.277429e-01
1909, 7.594596e-01, 7.769737e-01
1910, 7.594619e-01, 4.862777e-01
1911, 7.598460e-01, 6.682948e-01
1912, 7.599333e-01, 5.180220e-01
1913, 7.602344e-01, 4.887880e-01
1914, 7.610950e-01, 1.992393e-01
1915, 7.617373e-01, 2.352491e-01
1916, 7.617631e-01, 7.760617e-01
1917, 7.617947e-01, 6.183628e-01
1918, 7.618306e-01, 6.327396e-01
1919, 7.627423e-01, 5.638651e-01
1920, 7.634614e-01, 7.264050e-01
1921, 7.642925e-01, 2.354414e-01
1922, 7.646079e-01, 5.203593e-01
1923, 7.646448e-01, 5.415413e-01
1924, 7.646598e-01, 4.614244e-01
1925, 7.646857e-01, 1.832843e-01
1926, 7.647721e-01, 7.595299e-01
1927, 7.652783e-01, 2.821540e-01
1928, 7.652900e-01, 3.192709e-01
1929, 7.658134e-01, 3.941048e-01
1930, 7.660410e-01, 6.694781e-01
1931, 7.664480e-01, 7.578924e-01
1932, 7.664572e-01, 2.508527e-01
1933, 7.665297e-01, 4.318090e-01
1934, 7.679351e-01, 6.120336e-01
1935, 7.683058e-01, 5.441780e-01
1936, 7.684468e-01, 3.423767e-01
1937, 7.694150e-01, 1.805303e-01
1938, 7.696759e-01, 6.865883e-01
1939, 7.702731e-01, 3.208059e-01
1940, 7.708690e-01, 2.545094e-01
1941, 7.710351e-01, 4.661975e-01
1942, 7.710704e-01, 5.439943e-01
1943, 7.715151e-01, 8.365964e-01
1944, 7.721549e-01, 7.566884e-01
1945, 7.724948e-01, 4.710371e-01
1946, 7.727237e-01, 3.958203e-01
1947, 7.731637e-01, 1.806349e-01
1948, 7.741462e-01, 2.549282e-01
1949, 7.748842e-01, 4.073124e-01
1950, 7.749224e-01, 6.140453e-01
1951, 7.753010e-01, 8.262807e-01
1952, 7.753500e-01, 3.988093e-01
1953, 7.762378e-01, 3.282553e-01
1954, 7.762451e-01, 7.584846e-01
1955, 7.764786e-01, 3.350284e-01
1956, 7.789154e-01, 6.352824e-01
1957, 7.804386e-01, 7.012412e-01
1958, 7.807557e-01, 3.605118e-01
1959, 7.807799e-01, 2.711983e-01
1960, 7.808497e-01, 7.995186e-01
1961, 7.809264e-01, 6.104851e-01
1962, 7.810044e-01, 4.155641e-01
1963, 7.814808e-01, 2.675893e-01
1964, 7.815827e-01, 5.618745e-01
1965, 7.822939e-01, 4.489712e-01
1966, 7.824934e-01, 6.609472e-01
1967, 7.826447e-01, 5.571749e-01
1968, 7.832463e-01, 3.700756e-01
1969, 7.839514e-01, 3.036145e-01
1970, 7.841093e-01, 7.031735e-01
1971, 7.841484e-01, 1.626751e-01
1972, 7.843378e-01, 3.949752e-01
1973, 7.843420e-01, 5.961030e-01
1974, 7.844279e-01, 2.192051e-01
1975, 7.855730e-01, 4.580497e-01
1976, 7.858389e-01, 2.116890e-01
1977, 7.860567e-01, 7.960361e-01
1978, 7.866523e-01, 4.975189e-01
1979, 7.873521e-01, 5.372731e-01
1980, 7.875407e-01, 7.833749e-01
1981, 7.876265e-01, 2.307018e-01
1982, 7.880648e-01, 5.186575e-01
1983, 7.882461e-01, 7.468712e-01
1984, 7.882922e-01, 5.005353e-01
1985, 7.887234e-01, 7.190069e-01
1986, 7.889225e-01, 5.766454e-01
1987, 7.890995e-01, 6.442504e-01
1988, 7.892609e-01, 8.272221e-01
1989, 7.892636e-01, 4.738657e-01
1990, 7.893457e-01, 7.551991e-01
1991, 7.897843e-01, 2.522588e-01
1992, 7.900950e-01, 7.952647e-01
1993, 7.901580e-01, 7.002781e-01
1994, 7.905018e-01, 3.230286e-01
1995, 7.907216e-01, 2.169540e-01
1996, 7.908743e-01, 1.662039e-01
1997, 7.909628e-01, 5.868283e-01
1998, 7.911071e-01, 8.377959e-01
1999, 7.912122e-01, 8.300484e-01
2000, 7.913070e-01, 6.823428e-01
2001, 7.913829e-01, 4.604014e-01
2002, 7.914366e-01, 7.263648e-01
2003, 7.914964e-01, 5.792492e-01
2004, 7.917365e-01, 1.838688e-01
2005, 7.917622e-01, 3.635453e-01
2006, 7.917833e-01, 5.043238e-01
2007, 7.919341e-01, 7.215865e-01
2008, 7.920621e-01, 7.567204e-01
2009, 7.921359e-01, 4.269877e-01
2010, 7.921583e-01, 7.956922e-01
2011, 7.924376e-01, 3.211841e-01
2012, 7.926649e-01, 3.144844e-01
2013, 7.928107e-01, 2.640114e-01
2014, 7.930395e-01, 4.083171e-01
2015, 7.933532e-01, 2.169085e-01
2016, 7.935618e-01, 6.063062e-01
2017, 7.936385e-01, 2.081935e-01
2018, 7.936686e-01, 1.816481e-01
2019, 7.937113e-01, 4.009323e-01
2020, 7.937167e-01, 4.674484e-01
2021, 7.940659e-01, 6.107311e-01
2022, 7.946313e-01, 3.581805e-01
2023, 7.948512e-01, 3.603132e-01
2024, 7.949370e-01, 2.876835e-01
2025, 7.952128e-01, 7.973719e-01
2026, 7.952498e-01, 5.427907e-01
2027, 7.955471e-01, 2.567178e-01
2028, 7.955970e-01, 2.828178e-01
2029, 7.963065e-01, 6.874676e-01
2030, 7.970317e-01, 6.134477e-01
2031, 7.971018e-01, 5.528093e-01
2032, 7.973568e-01, 5.034352e-01
2033, 7.982497e-01, 3.604182e-01
2034, 7.989594e-01, 5.940714e-01
2035, 7.995414e-01, 5.010669e-01
2036, 7.997222e-01, 2.153464e-01
2037, 7.999822e-01, 3.422729e-01
2038, 8.000013e-01, 6.529432e-01
2039, 8.005088e-01, 3.101119e-01
2040, 8.005899e-01, 4.494944e-01
2041, 8.010747e-01, 8.033766e-01
2042, 8.013523e-01, 4.137518e-01
2043, 8.013758e-01, 6.431597e-01
2044, 8.014299e-01, 8.439896e-01
2045, 8.017350e-01, 3.055193e-01
2046, 8.018758e-01, 2.760287e-01
2047, 8.024094e-01, 7.199284e-01
2048, 8.038779e-01, 5.931371e-01
2049, 8.047496e-01, 7.035746e-01
2050, 8.051465e-01, 5.075808e-01
2051, 8.051644e-01, 4.130081e-01
2052, 8.057771e-01, 3.633372e-01
2053, 8.072521e-01, 5.371316e-01
2054, 8.073063e-01, 6.891308e-01
2055, 8.074487e-01, 3.936991e-01
2056, 8.075068e-01, 2.526033e-01
2057, 8.075356e-01, 3.300462e-01
2058, 8.075874e-01, 2.745149e-01
2059, 8.092386e-01, 4.698075e-01
2060, 8.102810e-01, 8.287161e-01
2061, 8.103862e-01, 6.876288e-01
2062, 8.104307e-01, 2.538363e-01
2063, 8.109071e-01, 7.550013e-01
2064, 8.117800e-01, 1.791295e-01
2065, 8.117809e-01, 3.956554e-01
2066, 8.118645e-01, 8.327009e-01
2067, 8.120778e-01, 6.129700e-01
2068, 8.121913e-01, 8.302263e-01
2069, 8.122834e-01, 4.680605e-01
2070, 8.124543e-01, 5.805992e-01
2071, 8.125298e-01, 5.380842e-01
2072, 8.128496e-01, 4.617160e-01
2073, 8.134900e-01, 6.044550e-01
2074, 8.135558e-01, 1.804050e-01
2075, 8.137535e-01, 6.832169e-01
2076, 8.138052e-01, 7.247719e-01
2077, 8.138092e-01, 3.269769e-01
2078, 8.138173e-01, 6.145105e-01
2079, 8.139121e-01, 1.849515e-01
2080, 8.140915e-01, 3.208713e-01
2081, 8.141229e-01, 3.955258e-01
2082, 8.143097e-01, 7.534396e-01
2083, 8.145502e-01, 4.690396e-01
2084, 8.149807e-01, 2.531322e-01
2085, 8.160222e-01, 3.973203e-01
2086, 8.161658e-01, 1.791523e-01
2087, 8.163904e-01, 5.271241e-01
2088, 8.163949e-01, 6.157374e-01
2089, 8.178739e-01, 6.816015e-01
2090, 8.188291e-01, 7.772320e-01
2091, 8.193475e-01, 7.742539e-01
2092, 8.198786e-01, 8.257138e-01
2093, 8.199049e-01, 8.115925e-01
2094, 8.202919e-01, 6.329659e-01
2095, 8.207817e-01, 7.078119e-01
2096, 8.222057e-01, 2.039206e-01
2097, 8.223847e-01, 4.921769e-01
2098, 8.225117e-01, 6.718230e-01
2099, 8.228485e-01, 5.774496e-01
2100, 8.228676e-01, 2.994842e-01
2101, 8.231471e-01, 6.337303e-01
2102, 8.233436e-01, 3.442521e-01
2103, 8.238148e-01, 2.343309e-01
2104, 8.239580e-01, 1.952675e-01
2105, 8.244094e-01, 3.422147e-01
2106, 8.249902e-01, 4.347526e-01
2107, 8.262946e-01, 4.249086e-01
2108, 8.264169e-01, 4.847206e-01
2109, 8.274994e-01, 2.823250e-01
2110, 8.278397e-01, 2.938446e-01
2111, 8.279465e-01, 6.132264e-01
2112, 8.279876e-01, 3.571142e-01
2113, 8.280604e-01, 8.094326e-01
2114, 8.280800e-01, 5.256313e-01
2115, 8.281924e-01, 2.331212e-01
2116, 8.282996e-01, 7.914193e-01
2117, 8.291503e-01, 6.692759e-01
2118, 8.292236e-01, 8.251332e-01
2119, 8.303848e-01, 1.643139e-01
2120, 8.304545e-01, 5.082652e-01
2121, 8.307280e-01, 7.157414e-01
2122, 8.310239e-01, 3.405327e-01
2123, 8.310323e-01, 6.501858e-01
2124, 8.313273e-01, 8.161441e-01
2125, 8.314195e-01, 4.682864e-01
2126, 8.314686e-01, 3.235297e-01
2127, 8.315909e-01, 2.213873e-01
2128, 8.316095e-01, 2.257961e-01
2129, 8.316360e-01, 1.915441e-01
2130, 8.316754e-01, 5.367466e-01
2131, 8.319494e-01, 7.300544e-01
2132, 8.319575e-01, 4.835775e-01
2133, 8.326463e-01, 2.909936e-01
2134, 8.326813e-01, 5.304566e-01
2135, 8.327346e-01, 6.469649e-01
2136, 8.328575e-01, 1.827662e-01
2137, 8.331708e-01, 6.604979e-01
2138, 8.332685e-01, 2.489176e-01
2139, 8.334443e-01, 2.393502e-01
2140, 8.334765e-01, 4.003003e-01
2141, 8.337009e-01, 3.645666e-01
2142, 8.338624e-01, 5.398850e-01
2143, 8.342319e-01, 4.719944e-01
2144, 8.342702e-01, 7.968418e-01
2145, 8.342717e-01, 7.946917e-01
2146, 8.342747e-01, 4.292879e-01
2147, 8.343584e-01, 5.674026e-01
2148, 8.343641e-01, 5.754180e-01
2149, 8.344098e-01, 3.604150e-01
2150, 8.344726e-01, 5.017831e-01
2151, 8.349082e-01, 6.211758e-01
2152, 8.353515e-01, 6.253714e-01
2153, 8.355739e-01, 7.657533e-01
2154, 8.356669e-01, 6.726346e-01
2155, 8.359643e-01, 6.457996e-01
2156, 8.360252e-01, 2.953373e-01
2157, 8.360491e-01, 7.935378e-01
2158, 8.361060e-01, 5.850869e-01
2159, 8.362976e-01, 5.630103e-01
2160, 8.363434e-01, 1.781448e-01
2161, 8.365646e-01, 5.871688e-01
2162, 8.371558e-01, 4.999697e-01
2163, 8.373508e-01, 8.308632e-01
2164, 8.375283e-01, 3.951338e-01
2165, 8.375692e-01, 3.274226e-01
2166, 8.387144e-01, 2.982516e-01
2167, 8.387451e-01, 4.911995e-01
2168, 8.394510e-01, 7.226081e-01
2169, 8.396847e-01, 3.792415e-01
2170, 8.398284e-01, 4.442368e-01
2171, 8.398755e-01, 2.545668e-01
2172, 8.402413e-01, 3.460887e-01
2173, 8.416428e-01, 3.558383e-01
2174, 8.419805e-01, 1.976273e-01
2175, 8.430378e-01, 2.024957e-01
2176, 8.430994e-01, 7.267903e-01
2177, 8.432848e-01, 5.258322e-01
2178, 8.438154e-01, 2.844281e-01
2179, 8.440101e-01, 4.207345e-01
2180, 8.440708e-01, 5.223272e-01
2181, 8.442386e-01, 7.211250e-01
2182, 8.445389e-01, 7.740287e-01
2183, 8.452514e-01, 7.789315e-01
2184, 8.452578e-01, 8.163437e-01
2185, 8.454566e-01, 7.540047e-01
2186, 8.459746e-01, 8.110648e-01
2187, 8.466592e-01, 4.862710e-01
2188, 8.467009e-01, 3.814587e-01
2189, 8.480740e-01, 4.728301e-01
2190, 8.484707e-01, 2.542088e-01
2191, 8.487757e-01, 3.203051e-01
2192, 1.569065e-01, 3.447409e-01
2193, 1.672318e-01, 3.216827e-01
2194, 1.776116e-01, 6.691182e-01
2195, 1.699899e-01, 5.054903e-01
2196, 1.753474e-01, 5.216098e-01
2197, 1.687281e-01, 1.524615e-01
2198, 1.897560e-01, 6.102570e-01
2199, 1.664459e-01, 4.295227e-01
2200, 1.904438e-01, 6.873287e-01
2201, 2.041985e-01, 7.867913e-01
2202, 2.180935e-01, 2.689143e-01
2203, 2.070480e-01, 4.326772e-01
2204, 2.083676e-01, 5.801330e-01
2205, 2.079563e-01, 6.487201e-01
2206, 2.255250e-01, 1.816192e-01
2207, 2.280142e-01, 2.538602e-01
2208, 2.099687e-01, 2.176671e-01
2209, 2.290015e-01, 7.579032e-01
2210, 2.389554e-01, 7.765370e-01
2211, 2.297633e-01, 5.397187e-01
2212, 2.488436e-01, 3.634140e-01
2213, 2.365321e-01, 6.687216e-01
2214, 2.642807e-01, 8.118769e-01
2215, 2.498464e-01, 6.528371e-01
2216, 2.675080e-01, 6.106994e-01
2217, 2.701436e-01, 7.584248e-01
2218, 2.668516e-01, 6.842574e-01
2219, 2.484516e-01, 2.902358e-01
2220, 2.493287e-01, 4.320917e-01
2221, 2.739709e-01, 8.347248e-01
2222, 2.691403e-01, 6.880295e-01
2223, 2.721117e-01, 5.427634e-01
2224, 2.868719e-01, 6.527704e-01
2225, 2.695751e-01, 3.967940e-01
2226, 2.726256e-01, 8.308048e-01
2227, 2.790842e-01, 4.175860e-01
2228, 2.922521e-01, 3.961949e-01
2229, 2.836971e-01, 6.479592e-01
2230, 2.955467e-01, 5.814942e-01
2231, 3.013769e-01, 1.623414e-01
2232, 2.913521e-01, 5.735126e-01
2233, 3.030544e-01, 7.028939e-01
2234, 3.139751e-01, 7.601612e-01
2235, 3.093417e-01, 8.343195e-01
2236, 2.911678e-01, 7.927118e-01
2237, 2.954637e-01, 3.611581e-01
2238, 2.927828e-01, 5.061433e-01
2239, 3.116373e-01, 5.394252e-01
2240, 3.114854e-01, 6.882737e-01
2241, 3.142316e-01, 3.241176e-01
2242, 3.124564e-01, 2.559754e-01
2243, 3.180957e-01, 6.149149e-01
2244, 3.342987e-01, 6.446027e-01
2245, 3.462673e-01, 4.862273e-01
2246, 3.690578e-01, 2.127547e-01
2247, 3.361919e-01, 5.799623e-01
2248, 3.329370e-01, 4.337058e-01
2249, 3.314967e-01, 7.205387e-01
2250, 3.528007e-01, 6.835794e-01
2251, 3.533307e-01, 4.689939e-01
2252, 3.551735e-01, 3.262249e-01
2253, 3.547702e-01, 8.255659e-01
2254, 3.703618e-01, 7.015329e-01
2255, 3.652880e-01, 5.615816e-01
2256, 3.716433e-01, 5.797314e-01
2257, 3.712080e-01, 2.848104e-01
2258, 3.655981e-01, 1.638626e-01
2259, 3.738251e-01, 6.500941e-01
2260, 3.873472e-01, 5.957009e-01
2261, 3.851563e-01, 1.625699e-01
2262, 3.892273e-01, 7.044115e-01
2263, 3.833047e-01, 4.495949e-01
2264, 3.728002e-01, 5.121154e-01
2265, 3.793538e-01, 2.157862e-01
2266, 4.017387e-01, 4.683868e-01
2267, 4.046753e-01, 3.775209e-01
2268, 4.007392e-01, 1.774014e-01
2269, 4.066302e-01, 1.990773e-01
2270, 3.956713e-01, 2.528874e-01
2271, 4.184432e-01, 3.950529e-01
2272, 4.135141e-01, 2.182256e-01
2273, 4.177346e-01, 7.951675e-01
2274, 4.161172e-01, 4.334547e-01
2275, 4.373669e-01, 1.797411e-01
2276, 4.181544e-01, 7.191504e-01
2277, 4.224031e-01, 5.753885e-01
2278, 4.370599e-01, 3.241371e-01
2279, 4.591059e-01, 8.320140e-01
2280, 4.596197e-01, 6.478080e-01
2281, 4.584589e-01, 7.181296e-01
2282, 4.564085e-01, 5.039784e-01
2283, 4.594695e-01, 2.171835e-01
2284, 4.781243e-01, 4.671972e-01
2285, 4.801846e-01, 8.298292e-01
2286, 4.747550e-01, 5.040728e-01
2287, 4.806355e-01, 2.525263e-01
2288, 5.029844e-01, 5.053755e-01
2289, 4.884944e-01, 1.946955e-01
2290, 4.919950e-01, 8.089009e-01
2291, 4.972104e-01, 4.305800e-01
2292, 5.092409e-01, 2.319109e-01
2293, 5.054765e-01, 5.741603e-01
2294, 5.038988e-01, 2.871846e-01
2295, 4.985377e-01, 7.183343e-01
2296, 5.238088e-01, 3.250217e-01
2297, 5.316525e-01, 3.060374e-01
2298, 5.212518e-01, 2.536709e-01
2299, 5.319232e-01, 4.152704e-01
2300, 5.380106e-01, 4.693597e-01
2301, 5.414169e-01, 3.638941e-01
2302, 5.378628e-01, 7.939064e-01
2303, 5.525420e-01, 2.670756e-01
2304, 5.432798e-01, 5.773892e-01
2305, 5.526526e-01, 7.393502e-01
2306, 5.414464e-01, 7.919273e-01
2307, 5.388546e-01, 2.134127e-01
2308, 5.507323e-01, 6.485789e-01
2309, 5.618692e-01, 1.792283e-01
2310, 5.805485e-01, 4.291002e-01
2311, 5.691392e-01, 6.668616e-01
2312, 5.842887e-01, 4.708428e-01
2313, 5.813761e-01, 3.960424e-01
2314, 5.870367e-01, 3.402231e-01
2315, 5.819048e-01, 3.225715e-01
2316, 5.953920e-01, 6.292124e-01
2317, 5.820630e-01, 2.142573e-01
2318, 5.851516e-01, 5.062895e-01
2319, 5.823787e-01, 3.654651e-01
2320, 5.824735e-01, 4.362500e-01
2321, 5.950099e-01, 6.665470e-01
2322, 6.089910e-01, 3.969775e-01
2323, 6.066724e-01, 6.112973e-01
2324, 6.255827e-01, 2.206640e-01
2325, 6.240061e-01, 3.587488e-01
2326, 6.060006e-01, 7.582234e-01
2327, 6.038416e-01, 4.691628e-01
2328, 6.135870e-01, 7.038283e-01
2329, 6.217508e-01, 7.956425e-01
2330, 6.248546e-01, 2.516865e-01
2331, 6.211465e-01, 5.052637e-01
2332, 6.250701e-01, 4.317272e-01
2333, 6.307792e-01, 7.170703e-01
2334, 6.347034e-01, 1.626163e-01
2335, 6.334812e-01, 5.934767e-01
2336, 6.583280e-01, 4.849347e-01
2337, 6.468172e-01, 3.995092e-01
2338, 6.572739e-01, 6.284901e-01
2339, 6.627724e-01, 2.857851e-01
2340, 6.451033e-01, 4.684076e-01
2341, 6.581035e-01, 7.772495e-01
2342, 6.658072e-01, 2.124563e-01
2343, 6.578706e-01, 3.773614e-01
2344, 6.688430e-01, 5.059982e-01
2345, 6.692287e-01, 6.479644e-01
2346, 6.646145e-01, 7.943946e-01
2347, 7.012275e-01, 7.996792e-01
2348, 6.857846e-01, 5.448201e-01
2349, 6.647877e-01, 4.359667e-01
2350, 6.669399e-01, 2.905195e-01
2351, 6.876659e-01, 6.162203e-01
2352, 7.101599e-01, 7.505320e-01
2353, 7.083242e-01, 7.916767e-01
2354, 7.202527e-01, 5.599372e-01
2355, 7.093378e-01, 2.907107e-01
2356, 7.162974e-01, 4.162764e-01
2357, 7.198763e-01, 3.059685e-01
2358, 7.080489e-01, 7.221354e-01
2359, 7.088782e-01, 2.193027e-01
2360, 7.072631e-01, 5.096676e-01
2361, 7.087012e-01, 3.633114e-01
2362, 7.403454e-01, 2.348822e-01
2363, 7.293172e-01, 5.406045e-01
2364, 7.411850e-01, 2.815573e-01
2365, 7.348622e-01, 7.577563e-01
2366, 7.396347e-01, 3.776250e-01
2367, 7.378053e-01, 5.235548e-01
2368, 7.492239e-01, 7.884416e-01
2369, 7.539423e-01, 7.236737e-01
2370, 7.572777e-01, 3.789288e-01
2371, 7.491668e-01, 4.365916e-01
2372, 7.697319e-01, 8.301553e-01
2373, 7.530180e-01, 2.859156e-01
2374, 7.508530e-01, 5.797345e-01
2375, 7.739142e-01, 6.886314e-01
2376, 7.793743e-01, 8.464391e-01
2377, 7.791674e-01, 7.407402e-01
2378, 7.888925e-01, 3.652543e-01
2379, 7.921431e-01, 2.924310e-01
2380, 7.934810e-01, 4.352670e-01
2381, 8.030485e-01, 7.390923e-01
2382, 8.084232e-01, 7.584741e-01
2383, 7.918351e-01, 6.512681e-01
2384, 7.896879e-01, 5.102726e-01
2385, 8.018664e-01, 5.570868e-01
2386, 8.061179e-01, 1.617341e-01
2387, 8.157459e-01, 5.439465e-01
2388, 8.255723e-01, 3.806774e-01
2389, 8.312028e-01, 6.877978e-01
2390, 8.368666e-01, 7.551346e-01
2391, 8.340176e-01, 2.149307e-01
2392, 8.331651e-01, 7.205902e-01
2393, 8.462340e-01, 2.355666e-01
2394, 8.463338e-01, 6.697316e-01
2395, 8.426000e-01, 6.320529e-01
2396, 8.328891e-01, 5.787800e-01
2397, 8.318675e-01, 4.320771e-01
2398, 8.331771e-01, 4.394886e-01
2399, 1.500000e-01, 4.303255e-01
2400, 1.500000e-01, 5.759364e-01
2401, 1.500000e-01, 7.233823e-01
2402, 1.500000e-01, 5.651112e-01
2403, 1.500000e-01, 4.213730e-01
2404, 1.500000e-01, 4.403245e-01
2405, 1.500000e-01, 5.892917e-01
2406, 1.500000e-01, 7.075436e-01
2407, 1.500000e-01, 7.345086e-01
2408, 1.500000e-01, 8.492727e-01
2409, 1.500000e-01, 6.337971e-01
2410, 1.500000e-01, 8.098872e-01
2411, 1.500000e-01, 5.149770e-01
2412, 1.500000e-01, 6.628750e-01
2413, 1.500000e-01, 6.503521e-01
2414, 1.500000e-01, 2.311784e-01
2415, 1.500000e-01, 3.470797e-01
2416, 1.500000e-01, 2.037840e-01
2417, 1.500000e-01, 2.130760e-01
2418, 1.500000e-01, 3.773837e-01
2419, 1.500000e-01, 3.584325e-01
2420, 1.500000e-01, 4.940518e-01
2421, 1.500000e-01, 5.059734e-01
2422, 1.500000e-01, 7.758888e-01
2423, 1.500000e-01, 7.928522e-01
2424, 1.500000e-01, 8.206809e-01
2425, 1.500000e-01, 4.727885e-01
2426, 1.542862e-01, 8.500000e-01
2427, 1.500000e-01, 8.420147e-01
2428, 1.500000e-01, 8.315669e-01
2429, 1.500000e-01, 6.113754e-01
2430, 1.500000e-01, 6.132298e-01
2431, 1.500000e-01, 3.143606e-01
2432, 1.500000e-01, 3.329433e-01
2433, 1.500000e-01, 3.238530e-01
2434, 1.500000e-01, 1.886733e-01
2435, 1.500000e-01, 6.842229e-01
2436, 1.500000e-01, 6.907928e-01
2437, 1.500000e-01, 1.686320e-01
2438, 1.500000e-01, 1.804003e-01
2439, 1.500000e-01, 2.578724e-01
2440, 1.500000e-01, 4.031792e-01
2441, 1.500000e-01, 3.992255e-01
2442, 1.500000e-01, 4.602745e-01
2443, 1.500000e-01, 4.697520e-01
2444, 1.500000e-01, 7.543494e-01
2445, 1.500000e-01, 2.462277e-01
2446, 1.500000e-01, 2.522831e-01
2447, 1.500000e-01, 5.342613e-01
2448, 1.674006e-01, 8.500000e-01
2449, 1.738027e-01, 8.500000e-01
2450, 1.688400e-01, 1.500000e-01
2451, 1.815125e-01, 1.500000e-01
2452, 1.847084e-01, 8.500000e-01
2453, 2.012465e-01, 1.500000e-01
2454, 2.141538e-01, 8.500000e-01
2455, 2.103826e-01, 1.500000e-01
2456, 2.363619e-01, 1.500000e-01
2457, 2.249442e-01, 8.500000e-01
2458, 2.342634e-01, 8.500000e-01
2459, 2.489679e-01, 8.500000e-01
2460, 2.480803e-01, 1.500000e-01
2461, 2.575852e-01, 1.500000e-01
2462, 2.511682e-01, 8.500000e-01
2463, 2.602182e-01, 1.500000e-01
2464, 2.730568e-01, 8.500000e-01
2465, 2.888947e-01, 8.500000e-01
2466, 2.980462e-01, 8.500000e-01
2467, 3.021901e-01, 8.500000e-01
2468, 3.226204e-01, 1.500000e-01
2469, 3.057523e-01, 8.500000e-01
2470, 3.248454e-01, 8.500000e-01
2471, 3.293088e-01, 8.500000e-01
2472, 3.306659e-01, 1.500000e-01
2473, 3.396030e-01, 1.500000e-01
2474, 3.475518e-01, 8.500000e-01
2475, 3.433852e-01, 1.500000e-01
2476, 3.490018e-01, 1.500000e-01
2477, 3.580652e-01, 8.500000e-01
2478, 3.696301e-01, 8.500000e-01
2479, 3.698226e-01, 1.500000e-01
2480, 3.792464e-01, 1.500000e-01
2481, 3.892594e-01, 8.500000e-01
2482, 4.054129e-01, 1.500000e-01
2483, 4.108338e-01, 1.500000e-01
2484, 4.087028e-01, 8.500000e-01
2485, 4.156486e-01, 1.500000e-01
2486, 4.159403e-01, 8.500000e-01
2487, 4.222546e-01, 1.500000e-01
2488, 4.202916e-01, 8.500000e-01
2489, 4.397424e-01, 8.500000e-01
2490, 4.349454e-01, 1.500000e-01
2491, 4.506112e-01, 8.500000e-01
2492, 4.578896e-01, 1.500000e-01
2493, 4.597416e-01, 1.500000e-01
2494, 4.885709e-01, 1.500000e-01
2495, 4.670450e-01, 8.500000e-01
2496, 4.869982e-01, 8.500000e-01
2497, 4.915378e-01, 1.500000e-01
2498, 5.011426e-01, 8.500000e-01
2499, 4.986473e-01, 1.500000e-01
2500, 5.118036e-01, 8.500000e-01
2501, 5.024335e-01, 1.500000e-01
2502, 5.262529e-01, 8.500000e-01
2503, 5.398567e-01, 1.500000e-01
2504, 5.438101e-01, 1.500000e-01
2505, 5.488876e-01, 1.500000e-01
2506, 5.563897e-01, 8.500000e-01
2507, 5.758050e-01, 8.500000e-01
2508, 5.868935e-01, 8.500000e-01
2509, 5.932105e-01, 8.500000e-01
2510, 6.086062e-01, 8.500000e-01
2511, 5.985191e-01, 1.500000e-01
2512, 6.203055e-01, 1.500000e-01
2513, 6.204238e-01, 8.500000e-01
2514, 6.277651e-01, 1.500000e-01
2515, 6.391220e-01, 8.500000e-01
2516, 6.467971e-01, 1.500000e-01
2517, 6.628737e-01, 1.500000e-01
2518, 6.621896e-01, 8.500000e-01
2519, 6.623164e-01, 8.500000e-01
2520, 6.658094e-01, 1.500000e-01
2521, 6.807961e-01, 8.500000e-01
2522, 6.949769e-01, 8.500000e-01
2523, 6.801822e-01, 1.500000e-01
2524, 7.139895e-01, 1.500000e-01
2525, 7.172086e-01, 8.500000e-01
2526, 7.370492e-01, 8.500000e-01
2527, 7.464561e-01, 1.500000e-01
2528, 7.533012e-01, 1.500000e-01
2529, 7.723099e-01, 8.500000e-01
2530, 7.659205e-01, 1.500000e-01
2531, 7.814013e-01, 8.500000e-01
2532, 7.896108e-01, 1.500000e-01
2533, 7.984705e-01, 1.500000e-01
2534, 7.989824e-01, 8.500000e-01
2535, 8.302796e-01, 1.500000e-01
2536, 8.096632e-01, 8.500000e-01
2537, 8.208225e-01, 8.500000e-01
2538, 8.500000e-01, 6.157965e-01
2539, 8.500000e-01, 6.861861e-01
2540, 8.326633e-01, 1.500000e-01
2541, 8.500000e-01, 1.786310e-01
2542, 8.500000e-01, 3.942539e-01
2543, 8.500000e-01, 5.418358e-01
2544, 8.335650e-01, 8.500000e-01
2545, 8.500000e-01, 2.168006e-01
2546, 8.500000e-01, 6.512048e-01
2547, 8.500000e-01, 7.931541e-01
2548, 8.500000e-01, 3.577755e-01
2549, 8.500000e-01, 5.052826e-01
2550, 8.500000e-01, 6.962319e-01
2551, 8.500000e-01, 2.434472e-01
2552, 8.500000e-01, 2.321327e-01
2553, 8.500000e-01, 3.913373e-01
2554, 8.500000e-01, 3.778926e-01
2555, 8.500000e-01, 2.533907e-01
2556, 8.500000e-01, 3.978262e-01
2557, 8.500000e-01, 4.597130e-01
2558, 8.500000e-01, 6.785964e-01
2559, 8.500000e-01, 6.653004e-01
2560, 8.500000e-01, 7.696307e-01
2561, 8.500000e-01, 7.812219e-01
2562, 8.500000e-01, 5.487714e-01
2563, 8.500000e-01, 1.864158e-01
2564, 8.500000e-01, 2.068628e-01
2565, 8.500000e-01, 5.324380e-01
2566, 8.500000e-01, 5.177340e-01
2567, 8.500000e-01, 4.714368e-01
2568, 8.500000e-01, 4.872259e-01
2569, 8.500000e-01, 6.030735e-01
2570, 8.500000e-01, 6.266777e-01
2571, 8.500000e-01, 6.369982e-01
2572, 8.500000e-01, 8.086539e-01
2573, 8.500000e-01, 7.559842e-01
2574, 8.500000e-01, 7.161610e-01
2575, 8.500000e-01, 4.200287e-01
2576, 8.500000e-01, 2.826711e-01
2577, 8.500000e-01, 3.028645e-01
2578, 8.500000e-01, 5.724610e-01
2579, 8.500000e-01, 5.879050e-01
2580, 8.500000e-01, 4.476361e-01
2581, 8.500000e-01, 4.314212e-01
2582, 8.500000e-01, 7.301074e-01
2583, 8.500000e-01, 7.220237e-01
2584, 8.500000e-01, 3.191193e-01
2585, 1.500177e-01, 2.890966e-01
2586, 1.502093e-01, 7.607676e-01
2587, 1.504297e-01, 5.459838e-01
2588, 2.006016e-01, 8.494741e-01
2589, 2.935446e-01, 1.505063e-01
2590, 3.826219e-01, 8.498188e-01
2591, 5.333148e-01, 8.495586e-01
2592, 5.832266e-01, 1.503162e-01
2593, 7.019811e-01, 1.500549e-01
2594, 7.023812e-01, 8.493621e-01
2595, 7.541956e-01, 8.493703e-01
2596, 8.495357e-01, 3.403550e-01
2597, 8.499503e-01, 8.271590e-01
2598, 8.493879e-01, 3.241975e-01
