1, 1.622864e-01, 2.100711e-01
2, 1.632733e-01, 6.530369e-01
3, 1.646204e-01, 6.264886e-01
4, 1.657802e-01, 7.288623e-01
5, 1.657939e-01, 2.135368e-01
6, 1.659877e-01, 3.511677e-01
7, 1.661417e-01, 7.930523e-01
8, 1.661957e-01, 1.775103e-01
9, 1.666978e-01, 4.552165e-01
10, 1.667396e-01, 2.364921e-01
11, 1.678730e-01, 3.765184e-01
12, 1.685770e-01, 3.144787e-01
13, 1.686062e-01, 5.971397e-01
14, 1.689107e-01, 5.180997e-01
15, 1.696197e-01, 3.473474e-01
16, 1.701549e-01, 6.213027e-01
17, 1.827325e-01, 2.471609e-01
18, 1.827753e-01, 5.266528e-01
19, 1.828509e-01, 7.196976e-01
20, 1.832102e-01, 6.636221e-01
21, 1.833437e-01, 3.871514e-01
22, 1.839853e-01, 2.736905e-01
23, 1.846642e-01, 5.850495e-01
24, 1.850627e-01, 4.117903e-01
25, 1.854398e-01, 8.058960e-01
26, 1.862896e-01, 4.457186e-01
27, 1.862928e-01, 3.057253e-01
28, 1.865105e-01, 8.273005e-01
29, 1.874677e-01, 1.715609e-01
30, 1.891094e-01, 8.300959e-01
31, 1.891400e-01, 2.784246e-01
32, 1.892345e-01, 4.161794e-01
33, 1.997518e-01, 6.284734e-01
34, 1.998173e-01, 1.794374e-01
35, 2.015331e-01, 2.377316e-01
36, 2.023426e-01, 4.549999e-01
37, 2.025908e-01, 6.484500e-01
38, 2.028647e-01, 5.151822e-01
39, 2.031268e-01, 3.448149e-01
40, 2.034672e-01, 2.079564e-01
41, 2.039238e-01, 7.322354e-01
42, 2.044874e-01, 3.181989e-01
43, 2.047657e-01, 5.933015e-01
44, 2.049690e-01, 7.930525e-01
45, 2.057920e-01, 6.222116e-01
46, 2.072698e-01, 3.744927e-01
47, 2.077372e-01, 3.494850e-01
48, 2.201317e-01, 8.334000e-01
49, 2.205171e-01, 5.818604e-01
50, 2.209936e-01, 1.675338e-01
51, 2.214859e-01, 2.751213e-01
52, 2.227405e-01, 8.361865e-01
53, 2.228945e-01, 5.263735e-01
54, 2.232165e-01, 4.162958e-01
55, 2.234670e-01, 8.011694e-01
56, 2.236338e-01, 2.515649e-01
57, 2.243244e-01, 7.217746e-01
58, 2.243766e-01, 4.420813e-01
59, 2.244452e-01, 3.062628e-01
60, 2.256197e-01, 4.136439e-01
61, 2.258007e-01, 3.868184e-01
62, 2.260808e-01, 6.615980e-01
63, 2.346627e-01, 2.094164e-01
64, 2.377891e-01, 7.629274e-01
65, 2.380063e-01, 2.393039e-01
66, 2.380870e-01, 1.810307e-01
67, 2.390605e-01, 2.054367e-01
68, 2.396889e-01, 3.493901e-01
69, 2.402889e-01, 6.545110e-01
70, 2.403438e-01, 7.337547e-01
71, 2.409398e-01, 5.966495e-01
72, 2.409480e-01, 7.934245e-01
73, 2.414657e-01, 3.760978e-01
74, 2.416603e-01, 4.535145e-01
75, 2.420838e-01, 4.847099e-01
76, 2.421921e-01, 7.583767e-01
77, 2.422191e-01, 6.191418e-01
78, 2.441226e-01, 5.132253e-01
79, 2.445850e-01, 3.446585e-01
80, 2.446607e-01, 3.144498e-01
81, 2.452722e-01, 6.218418e-01
82, 2.557566e-01, 7.999703e-01
83, 2.571884e-01, 3.050667e-01
84, 2.572330e-01, 6.943385e-01
85, 2.578649e-01, 2.824479e-01
86, 2.578781e-01, 5.565589e-01
87, 2.590882e-01, 6.641766e-01
88, 2.595974e-01, 3.828753e-01
89, 2.599104e-01, 5.228454e-01
90, 2.611606e-01, 4.439753e-01
91, 2.612726e-01, 2.459221e-01
92, 2.613719e-01, 6.980157e-01
93, 2.615488e-01, 5.812644e-01
94, 2.619294e-01, 2.785996e-01
95, 2.625541e-01, 1.654333e-01
96, 2.650740e-01, 7.216634e-01
97, 2.740316e-01, 2.376493e-01
98, 2.763668e-01, 7.887262e-01
99, 2.764806e-01, 3.733341e-01
100, 2.766573e-01, 1.764431e-01
101, 2.772966e-01, 6.554958e-01
102, 2.774927e-01, 2.070842e-01
103, 2.776980e-01, 5.156332e-01
104, 2.778361e-01, 5.947963e-01
105, 2.781368e-01, 3.507307e-01
106, 2.785348e-01, 7.308345e-01
107, 2.792633e-01, 4.558329e-01
108, 2.827280e-01, 3.151375e-01
109, 2.931557e-01, 4.143665e-01
110, 2.933182e-01, 7.232313e-01
111, 2.939368e-01, 5.516735e-01
112, 2.950353e-01, 1.653414e-01
113, 2.954340e-01, 2.517767e-01
114, 2.954514e-01, 5.247616e-01
115, 2.955633e-01, 2.780582e-01
116, 2.957275e-01, 6.638418e-01
117, 2.962501e-01, 3.897306e-01
118, 2.963835e-01, 4.111290e-01
119, 2.971135e-01, 4.451019e-01
120, 2.976590e-01, 8.041717e-01
121, 2.981010e-01, 3.080618e-01
122, 2.986224e-01, 2.811525e-01
123, 2.986593e-01, 5.847116e-01
124, 2.995336e-01, 8.309536e-01
125, 2.996871e-01, 5.571980e-01
126, 3.120700e-01, 5.161212e-01
127, 3.127452e-01, 3.185489e-01
128, 3.140419e-01, 4.845919e-01
129, 3.142349e-01, 1.784780e-01
130, 3.144772e-01, 7.322207e-01
131, 3.147481e-01, 2.404236e-01
132, 3.151109e-01, 3.761277e-01
133, 3.151116e-01, 3.479587e-01
134, 3.151404e-01, 4.537453e-01
135, 3.153387e-01, 6.518161e-01
136, 3.165091e-01, 7.917178e-01
137, 3.173005e-01, 5.956574e-01
138, 3.300108e-01, 4.155563e-01
139, 3.315624e-01, 7.199865e-01
140, 3.315753e-01, 6.936268e-01
141, 3.316720e-01, 4.434434e-01
142, 3.327954e-01, 6.635797e-01
143, 3.331690e-01, 2.496958e-01
144, 3.334159e-01, 5.283384e-01
145, 3.336097e-01, 4.199763e-01
146, 3.338557e-01, 5.550243e-01
147, 3.340423e-01, 2.739966e-01
148, 3.349764e-01, 1.642825e-01
149, 3.351534e-01, 3.865801e-01
150, 3.362805e-01, 5.517105e-01
151, 3.369955e-01, 5.842785e-01
152, 3.381675e-01, 8.042131e-01
153, 3.388093e-01, 2.779443e-01
154, 3.388093e-01, 3.093054e-01
155, 3.483838e-01, 2.081666e-01
156, 3.491380e-01, 4.869299e-01
157, 3.491961e-01, 2.374455e-01
158, 3.492288e-01, 7.610744e-01
159, 3.515359e-01, 6.249559e-01
160, 3.516589e-01, 7.342055e-01
161, 3.517867e-01, 3.494110e-01
162, 3.522279e-01, 5.926848e-01
163, 3.527383e-01, 1.756960e-01
164, 3.529881e-01, 7.932507e-01
165, 3.531385e-01, 6.512982e-01
166, 3.537524e-01, 3.181543e-01
167, 3.540277e-01, 7.657425e-01
168, 3.540519e-01, 5.134034e-01
169, 3.542225e-01, 3.752695e-01
170, 3.549650e-01, 4.566637e-01
171, 3.554553e-01, 3.450704e-01
172, 3.566082e-01, 4.788658e-01
173, 3.685014e-01, 5.851465e-01
174, 3.692775e-01, 5.498768e-01
175, 3.697280e-01, 8.031107e-01
176, 3.698226e-01, 3.848078e-01
177, 3.701874e-01, 3.070025e-01
178, 3.702620e-01, 2.495267e-01
179, 3.704074e-01, 5.216139e-01
180, 3.706687e-01, 6.624708e-01
181, 3.708080e-01, 1.672245e-01
182, 3.712333e-01, 8.306478e-01
183, 3.716416e-01, 4.185254e-01
184, 3.717950e-01, 4.428205e-01
185, 3.723392e-01, 6.930559e-01
186, 3.729090e-01, 7.231145e-01
187, 3.740766e-01, 8.279728e-01
188, 3.741323e-01, 4.156541e-01
189, 3.746022e-01, 5.557052e-01
190, 3.845610e-01, 2.057406e-01
191, 3.873854e-01, 5.119933e-01
192, 3.882264e-01, 1.795807e-01
193, 3.886741e-01, 3.160651e-01
194, 3.890764e-01, 7.614761e-01
195, 3.894572e-01, 2.375505e-01
196, 3.900556e-01, 5.958697e-01
197, 3.912693e-01, 2.124160e-01
198, 3.913661e-01, 3.738670e-01
199, 3.915859e-01, 7.349663e-01
200, 3.916936e-01, 6.515088e-01
201, 3.923988e-01, 7.890417e-01
202, 3.931386e-01, 4.537307e-01
203, 3.934024e-01, 7.657219e-01
204, 4.071230e-01, 5.593740e-01
205, 4.071646e-01, 4.460467e-01
206, 4.072833e-01, 4.147379e-01
207, 4.077784e-01, 1.711033e-01
208, 4.084797e-01, 5.812925e-01
209, 4.086953e-01, 2.497973e-01
210, 4.091057e-01, 6.937592e-01
211, 4.091583e-01, 3.840564e-01
212, 4.094495e-01, 8.293364e-01
213, 4.096476e-01, 3.047663e-01
214, 4.099440e-01, 7.252389e-01
215, 4.105120e-01, 5.245915e-01
216, 4.107872e-01, 6.620607e-01
217, 4.110552e-01, 8.046776e-01
218, 4.114165e-01, 5.551231e-01
219, 4.226871e-01, 1.807393e-01
220, 4.239560e-01, 4.862416e-01
221, 4.241230e-01, 5.160080e-01
222, 4.245706e-01, 7.332077e-01
223, 4.246733e-01, 6.261057e-01
224, 4.247070e-01, 2.097581e-01
225, 4.256571e-01, 6.529344e-01
226, 4.259730e-01, 4.563043e-01
227, 4.260149e-01, 3.133982e-01
228, 4.261765e-01, 3.453927e-01
229, 4.269811e-01, 5.914668e-01
230, 4.272617e-01, 4.832597e-01
231, 4.275360e-01, 2.366220e-01
232, 4.275978e-01, 3.736829e-01
233, 4.278474e-01, 6.228949e-01
234, 4.296218e-01, 7.898170e-01
235, 4.299988e-01, 3.493661e-01
236, 4.439656e-01, 4.151112e-01
237, 4.441215e-01, 5.239920e-01
238, 4.453037e-01, 5.553529e-01
239, 4.454956e-01, 1.670241e-01
240, 4.456290e-01, 3.860018e-01
241, 4.457116e-01, 6.639184e-01
242, 4.459635e-01, 7.235260e-01
243, 4.462083e-01, 3.045906e-01
244, 4.464369e-01, 8.019178e-01
245, 4.469293e-01, 2.473605e-01
246, 4.473161e-01, 4.435706e-01
247, 4.479823e-01, 5.808058e-01
248, 4.481610e-01, 6.918439e-01
249, 4.488748e-01, 2.754346e-01
250, 4.614870e-01, 3.151260e-01
251, 4.621213e-01, 4.886111e-01
252, 4.622497e-01, 5.107370e-01
253, 4.630458e-01, 6.207892e-01
254, 4.633626e-01, 3.784753e-01
255, 4.636792e-01, 5.914421e-01
256, 4.638556e-01, 1.782481e-01
257, 4.639994e-01, 7.348690e-01
258, 4.645135e-01, 2.344670e-01
259, 4.654438e-01, 7.927618e-01
260, 4.659170e-01, 4.847493e-01
261, 4.679531e-01, 6.479069e-01
262, 4.682816e-01, 6.259839e-01
263, 4.687818e-01, 4.539717e-01
264, 4.782537e-01, 4.484200e-01
265, 4.788524e-01, 5.489472e-01
266, 4.796928e-01, 6.947586e-01
267, 4.806142e-01, 2.758487e-01
268, 4.815170e-01, 8.322210e-01
269, 4.828048e-01, 5.260097e-01
270, 4.829109e-01, 1.692247e-01
271, 4.833285e-01, 8.041127e-01
272, 4.833473e-01, 7.227473e-01
273, 4.839049e-01, 3.043409e-01
274, 4.841569e-01, 8.298584e-01
275, 4.843641e-01, 2.802862e-01
276, 4.844341e-01, 5.838234e-01
277, 4.844719e-01, 4.145284e-01
278, 4.851216e-01, 3.895113e-01
279, 4.870519e-01, 2.445518e-01
280, 4.874132e-01, 5.576650e-01
281, 4.876079e-01, 6.881129e-01
282, 4.878070e-01, 6.600891e-01
283, 4.962562e-01, 2.395073e-01
284, 4.994176e-01, 3.158488e-01
285, 4.994689e-01, 3.782193e-01
286, 5.000744e-01, 4.885354e-01
287, 5.007511e-01, 7.915515e-01
288, 5.009528e-01, 6.520315e-01
289, 5.009658e-01, 5.960644e-01
290, 5.011338e-01, 5.183902e-01
291, 5.018222e-01, 1.827833e-01
292, 5.026228e-01, 7.321971e-01
293, 5.031432e-01, 4.566670e-01
294, 5.035172e-01, 4.853571e-01
295, 5.167443e-01, 6.916184e-01
296, 5.175265e-01, 7.237894e-01
297, 5.176286e-01, 4.197374e-01
298, 5.176508e-01, 4.480973e-01
299, 5.178086e-01, 8.347957e-01
300, 5.198060e-01, 3.850652e-01
301, 5.198460e-01, 5.276141e-01
302, 5.199375e-01, 2.805539e-01
303, 5.208382e-01, 6.881206e-01
304, 5.210750e-01, 1.688308e-01
305, 5.211578e-01, 2.501646e-01
306, 5.216933e-01, 4.162607e-01
307, 5.217018e-01, 3.045943e-01
308, 5.218903e-01, 8.016120e-01
309, 5.226001e-01, 8.307014e-01
310, 5.239548e-01, 5.832890e-01
311, 5.241609e-01, 6.659729e-01
312, 5.252121e-01, 2.738685e-01
313, 5.338525e-01, 3.754677e-01
314, 5.355588e-01, 7.672535e-01
315, 5.362002e-01, 5.137514e-01
316, 5.369516e-01, 4.590049e-01
317, 5.378445e-01, 7.902162e-01
318, 5.381306e-01, 2.084037e-01
319, 5.382746e-01, 3.153438e-01
320, 5.383295e-01, 5.897242e-01
321, 5.395390e-01, 2.345934e-01
322, 5.395722e-01, 6.564564e-01
323, 5.401938e-01, 7.327143e-01
324, 5.420149e-01, 2.132293e-01
325, 5.421902e-01, 7.599222e-01
326, 5.422963e-01, 1.795969e-01
327, 5.529386e-01, 8.311345e-01
328, 5.540244e-01, 8.005195e-01
329, 5.546539e-01, 5.816178e-01
330, 5.549832e-01, 3.075101e-01
331, 5.562283e-01, 1.717068e-01
332, 5.568070e-01, 4.452111e-01
333, 5.568498e-01, 3.879594e-01
334, 5.569488e-01, 4.181851e-01
335, 5.572900e-01, 7.223538e-01
336, 5.588904e-01, 8.364777e-01
337, 5.592571e-01, 5.233107e-01
338, 5.604020e-01, 6.649940e-01
339, 5.613529e-01, 2.475609e-01
340, 5.721229e-01, 2.151041e-01
341, 5.730138e-01, 5.150223e-01
342, 5.730304e-01, 1.773510e-01
343, 5.735707e-01, 7.329299e-01
344, 5.735953e-01, 7.599222e-01
345, 5.739312e-01, 3.511602e-01
346, 5.742829e-01, 2.369027e-01
347, 5.742865e-01, 3.755749e-01
348, 5.751960e-01, 7.918963e-01
349, 5.752767e-01, 6.553584e-01
350, 5.754360e-01, 4.586538e-01
351, 5.755212e-01, 5.958146e-01
352, 5.755843e-01, 3.174448e-01
353, 5.769404e-01, 3.480599e-01
354, 5.795834e-01, 2.077756e-01
355, 5.895302e-01, 4.139768e-01
356, 5.901226e-01, 5.561461e-01
357, 5.906222e-01, 2.780379e-01
358, 5.913095e-01, 3.890329e-01
359, 5.914354e-01, 2.474678e-01
360, 5.920248e-01, 1.653315e-01
361, 5.927335e-01, 6.651636e-01
362, 5.934294e-01, 8.282203e-01
363, 5.935776e-01, 3.045807e-01
364, 5.944797e-01, 8.028084e-01
365, 5.946130e-01, 5.803702e-01
366, 5.947713e-01, 5.247466e-01
367, 5.960573e-01, 4.512965e-01
368, 5.975105e-01, 7.226948e-01
369, 5.979409e-01, 5.483439e-01
370, 5.983632e-01, 4.211229e-01
371, 5.990799e-01, 6.934254e-01
372, 6.086951e-01, 4.617641e-01
373, 6.088769e-01, 4.819372e-01
374, 6.100930e-01, 2.062918e-01
375, 6.106403e-01, 7.905268e-01
376, 6.107210e-01, 5.119748e-01
377, 6.120947e-01, 4.857551e-01
378, 6.125870e-01, 3.466283e-01
379, 6.133429e-01, 1.816572e-01
380, 6.133836e-01, 7.325318e-01
381, 6.134265e-01, 6.208841e-01
382, 6.150472e-01, 2.118385e-01
383, 6.151125e-01, 3.785311e-01
384, 6.151312e-01, 3.492212e-01
385, 6.153860e-01, 5.905948e-01
386, 6.154855e-01, 2.341276e-01
387, 6.165641e-01, 3.167879e-01
388, 6.166172e-01, 6.526326e-01
389, 6.271127e-01, 7.243848e-01
390, 6.277901e-01, 4.181617e-01
391, 6.280018e-01, 5.519053e-01
392, 6.286987e-01, 3.863798e-01
393, 6.292631e-01, 2.752790e-01
394, 6.293207e-01, 8.371881e-01
395, 6.300430e-01, 5.810399e-01
396, 6.303369e-01, 4.152819e-01
397, 6.307524e-01, 5.552423e-01
398, 6.307833e-01, 2.484887e-01
399, 6.312680e-01, 1.707393e-01
400, 6.319399e-01, 5.249951e-01
401, 6.320314e-01, 4.478829e-01
402, 6.326386e-01, 6.633700e-01
403, 6.331021e-01, 3.088508e-01
404, 6.336794e-01, 2.799226e-01
405, 6.348778e-01, 8.310221e-01
406, 6.356794e-01, 8.019171e-01
407, 6.469024e-01, 3.526869e-01
408, 6.469828e-01, 7.377940e-01
409, 6.473277e-01, 7.614649e-01
410, 6.486044e-01, 3.737516e-01
411, 6.488064e-01, 3.187419e-01
412, 6.503201e-01, 4.584456e-01
413, 6.508227e-01, 7.930293e-01
414, 6.510736e-01, 5.132228e-01
415, 6.513273e-01, 4.855454e-01
416, 6.517230e-01, 2.090569e-01
417, 6.527193e-01, 6.514419e-01
418, 6.530850e-01, 5.939719e-01
419, 6.531287e-01, 1.807017e-01
420, 6.533044e-01, 3.441127e-01
421, 6.536542e-01, 2.385477e-01
422, 6.538230e-01, 7.668586e-01
423, 6.564562e-01, 2.041236e-01
424, 6.636581e-01, 4.111321e-01
425, 6.650050e-01, 5.861203e-01
426, 6.657832e-01, 6.938754e-01
427, 6.663125e-01, 3.884336e-01
428, 6.669027e-01, 1.684565e-01
429, 6.679141e-01, 5.568350e-01
430, 6.687397e-01, 6.621405e-01
431, 6.688833e-01, 8.051266e-01
432, 6.692454e-01, 4.477170e-01
433, 6.701473e-01, 6.889066e-01
434, 6.712399e-01, 4.189062e-01
435, 6.712700e-01, 5.249010e-01
436, 6.714538e-01, 2.481934e-01
437, 6.716459e-01, 2.744884e-01
438, 6.720850e-01, 8.284698e-01
439, 6.728284e-01, 7.240110e-01
440, 6.729201e-01, 3.041788e-01
441, 6.745654e-01, 5.508801e-01
442, 6.761144e-01, 8.322447e-01
443, 6.833157e-01, 2.079656e-01
444, 6.842647e-01, 4.548857e-01
445, 6.852628e-01, 7.323559e-01
446, 6.868657e-01, 2.367956e-01
447, 6.872190e-01, 2.122768e-01
448, 6.873785e-01, 7.915312e-01
449, 6.880777e-01, 5.127106e-01
450, 6.885561e-01, 3.810552e-01
451, 6.885786e-01, 3.450972e-01
452, 6.888227e-01, 5.949274e-01
453, 6.896156e-01, 1.793567e-01
454, 6.908797e-01, 6.518775e-01
455, 6.913666e-01, 3.476963e-01
456, 6.924429e-01, 3.146926e-01
457, 7.008108e-01, 4.201880e-01
458, 7.033758e-01, 4.426723e-01
459, 7.034383e-01, 5.530766e-01
460, 7.039783e-01, 3.898627e-01
461, 7.044515e-01, 8.314004e-01
462, 7.047011e-01, 5.863550e-01
463, 7.047899e-01, 7.205899e-01
464, 7.062639e-01, 4.133851e-01
465, 7.066423e-01, 1.706304e-01
466, 7.069532e-01, 6.905457e-01
467, 7.074498e-01, 8.040210e-01
468, 7.085221e-01, 6.611985e-01
469, 7.089665e-01, 5.237242e-01
470, 7.091705e-01, 2.453189e-01
471, 7.096371e-01, 6.935422e-01
472, 7.096870e-01, 3.077577e-01
473, 7.179769e-01, 7.601555e-01
474, 7.206708e-01, 6.163742e-01
475, 7.207956e-01, 5.975869e-01
476, 7.220006e-01, 1.802797e-01
477, 7.222294e-01, 4.781006e-01
478, 7.223429e-01, 7.643592e-01
479, 7.226389e-01, 6.549965e-01
480, 7.226616e-01, 5.160471e-01
481, 7.228012e-01, 2.374940e-01
482, 7.228803e-01, 4.562193e-01
483, 7.241232e-01, 3.761318e-01
484, 7.241383e-01, 7.935113e-01
485, 7.251175e-01, 3.149281e-01
486, 7.252654e-01, 7.330632e-01
487, 7.291801e-01, 4.862948e-01
488, 7.295945e-01, 6.261688e-01
489, 7.390535e-01, 3.074367e-01
490, 7.401474e-01, 4.147188e-01
491, 7.405866e-01, 3.860399e-01
492, 7.417341e-01, 2.775101e-01
493, 7.425379e-01, 6.654555e-01
494, 7.425386e-01, 7.243573e-01
495, 7.441006e-01, 5.281433e-01
496, 7.442492e-01, 2.748959e-01
497, 7.444004e-01, 2.501361e-01
498, 7.446906e-01, 4.423799e-01
499, 7.454730e-01, 5.835206e-01
500, 7.455377e-01, 8.035182e-01
501, 7.455546e-01, 1.668692e-01
502, 7.471150e-01, 4.213116e-01
503, 7.549026e-01, 6.282496e-01
504, 7.576093e-01, 7.656548e-01
505, 7.592990e-01, 7.941686e-01
506, 7.594487e-01, 6.544205e-01
507, 7.597205e-01, 7.332620e-01
508, 7.597896e-01, 3.468274e-01
509, 7.604205e-01, 3.177799e-01
510, 7.610399e-01, 1.777616e-01
511, 7.615694e-01, 5.925724e-01
512, 7.624648e-01, 4.540972e-01
513, 7.630141e-01, 7.590774e-01
514, 7.639181e-01, 6.188116e-01
515, 7.645280e-01, 3.761934e-01
516, 7.646128e-01, 2.376336e-01
517, 7.653121e-01, 5.121856e-01
518, 7.661573e-01, 3.530009e-01
519, 7.756125e-01, 4.155409e-01
520, 7.769734e-01, 8.358562e-01
521, 7.774437e-01, 3.888176e-01
522, 7.777199e-01, 6.618345e-01
523, 7.782103e-01, 8.020798e-01
524, 7.786383e-01, 4.183754e-01
525, 7.791297e-01, 5.818574e-01
526, 7.791434e-01, 5.552532e-01
527, 7.791874e-01, 4.470759e-01
528, 7.794104e-01, 7.228654e-01
529, 7.798575e-01, 2.472997e-01
530, 7.803666e-01, 2.779178e-01
531, 7.809807e-01, 1.656001e-01
532, 7.813981e-01, 6.935725e-01
533, 7.815523e-01, 3.076516e-01
534, 7.825408e-01, 8.308980e-01
535, 7.828697e-01, 2.806354e-01
536, 7.838120e-01, 6.908549e-01
537, 7.839731e-01, 5.241534e-01
538, 7.956619e-01, 6.508983e-01
539, 7.959656e-01, 7.602348e-01
540, 7.962181e-01, 7.324520e-01
541, 7.963807e-01, 3.480808e-01
542, 7.967159e-01, 3.191699e-01
543, 7.971189e-01, 4.832403e-01
544, 7.983331e-01, 4.575792e-01
545, 7.986659e-01, 7.892347e-01
546, 7.988550e-01, 5.176208e-01
547, 7.988875e-01, 5.952838e-01
548, 7.995266e-01, 7.640800e-01
549, 8.015063e-01, 1.776161e-01
550, 8.018082e-01, 3.776685e-01
551, 8.023873e-01, 2.381504e-01
552, 8.030520e-01, 4.896064e-01
553, 8.121068e-01, 6.902144e-01
554, 8.142821e-01, 4.216022e-01
555, 8.156584e-01, 6.661432e-01
556, 8.160146e-01, 4.455352e-01
557, 8.163955e-01, 1.667063e-01
558, 8.164684e-01, 3.854750e-01
559, 8.166375e-01, 7.206958e-01
560, 8.173971e-01, 2.761490e-01
561, 8.175076e-01, 5.531547e-01
562, 8.176548e-01, 5.297806e-01
563, 8.188334e-01, 8.023658e-01
564, 8.190682e-01, 2.483711e-01
565, 8.194855e-01, 6.975508e-01
566, 8.203736e-01, 4.146164e-01
567, 8.204823e-01, 5.840776e-01
568, 8.221802e-01, 3.098490e-01
569, 8.222002e-01, 5.580775e-01
570, 8.330356e-01, 3.151386e-01
571, 8.333584e-01, 4.895104e-01
572, 8.346186e-01, 5.948369e-01
573, 8.349657e-01, 7.954078e-01
574, 8.353260e-01, 4.547810e-01
575, 8.365911e-01, 7.341494e-01
576, 8.367456e-01, 2.052242e-01
577, 8.370461e-01, 6.571583e-01
578, 8.370766e-01, 3.743022e-01
579, 8.373258e-01, 2.397295e-01
580, 8.380984e-01, 4.836278e-01
581, 8.385357e-01, 1.764280e-01
582, 8.398461e-01, 5.174091e-01
583, 8.410732e-01, 2.096924e-01
584, 1.659156e-01, 7.638180e-01
585, 1.690095e-01, 4.857125e-01
586, 1.854351e-01, 5.556470e-01
587, 1.846871e-01, 6.928144e-01
588, 2.045156e-01, 7.633642e-01
589, 2.024421e-01, 4.847901e-01
590, 2.230600e-01, 5.566432e-01
591, 2.260375e-01, 6.940650e-01
592, 2.594752e-01, 8.332516e-01
593, 2.627024e-01, 4.160353e-01
594, 2.777863e-01, 7.601973e-01
595, 2.799349e-01, 4.825131e-01
596, 2.754402e-01, 6.192904e-01
597, 2.977476e-01, 6.928943e-01
598, 3.170279e-01, 7.608134e-01
599, 3.138597e-01, 2.053574e-01
600, 3.167571e-01, 6.238735e-01
601, 3.357833e-01, 8.292045e-01
602, 3.696534e-01, 2.771021e-01
603, 3.893977e-01, 4.847549e-01
604, 3.913820e-01, 6.227005e-01
605, 3.885748e-01, 3.461504e-01
606, 4.076597e-01, 2.755414e-01
607, 4.281565e-01, 7.668266e-01
608, 4.432359e-01, 8.333471e-01
609, 4.641764e-01, 7.633091e-01
610, 4.630273e-01, 2.085786e-01
611, 4.646617e-01, 3.440627e-01
612, 5.013313e-01, 7.636626e-01
613, 5.010686e-01, 2.050448e-01
614, 5.013908e-01, 6.229881e-01
615, 4.974107e-01, 3.446890e-01
616, 5.218211e-01, 5.503673e-01
617, 5.380968e-01, 4.855453e-01
618, 5.398873e-01, 6.255348e-01
619, 5.363169e-01, 3.468721e-01
620, 5.590637e-01, 6.945903e-01
621, 5.610070e-01, 2.760411e-01
622, 5.582634e-01, 5.543762e-01
623, 5.771242e-01, 6.242343e-01
624, 5.727435e-01, 4.843472e-01
625, 6.128945e-01, 7.627984e-01
626, 6.297991e-01, 6.924857e-01
627, 6.509678e-01, 6.231272e-01
628, 6.867247e-01, 7.600639e-01
629, 6.899272e-01, 6.226589e-01
630, 6.852042e-01, 4.841615e-01
631, 7.073489e-01, 2.763709e-01
632, 7.242651e-01, 3.474679e-01
633, 7.243850e-01, 2.096380e-01
634, 7.391462e-01, 6.938981e-01
635, 7.416192e-01, 8.329970e-01
636, 7.457369e-01, 5.545173e-01
637, 7.612533e-01, 4.880482e-01
638, 7.640701e-01, 2.080799e-01
639, 7.975204e-01, 6.220775e-01
640, 8.008998e-01, 2.030977e-01
641, 8.147048e-01, 8.348477e-01
642, 8.343750e-01, 6.213570e-01
643, 8.357116e-01, 7.623705e-01
644, 8.361197e-01, 3.458300e-01
645, 1.500000e-01, 6.256627e-01
646, 1.500000e-01, 7.616807e-01
647, 1.500000e-01, 3.499284e-01
648, 1.500000e-01, 4.865013e-01
649, 1.500000e-01, 2.093729e-01
650, 1.500000e-01, 6.611958e-01
651, 1.500000e-01, 7.167966e-01
652, 1.500000e-01, 6.924794e-01
653, 1.500000e-01, 4.471867e-01
654, 1.500000e-01, 5.255804e-01
655, 1.500000e-01, 5.717180e-01
656, 1.500000e-01, 5.855796e-01
657, 1.500000e-01, 3.869654e-01
658, 1.500000e-01, 4.151348e-01
659, 1.500000e-01, 2.481310e-01
660, 1.526814e-01, 1.500000e-01
661, 1.500000e-01, 3.041322e-01
662, 1.500000e-01, 2.765717e-01
663, 1.500000e-01, 8.003734e-01
664, 1.500000e-01, 8.370533e-01
665, 1.884563e-01, 8.500000e-01
666, 1.885558e-01, 1.500000e-01
667, 2.226307e-01, 8.500000e-01
668, 2.228233e-01, 1.500000e-01
669, 2.590242e-01, 8.500000e-01
670, 2.608348e-01, 1.500000e-01
671, 2.987809e-01, 8.500000e-01
672, 2.942129e-01, 1.500000e-01
673, 3.346678e-01, 1.500000e-01
674, 3.372856e-01, 8.500000e-01
675, 3.730314e-01, 8.500000e-01
676, 3.714861e-01, 1.500000e-01
677, 4.070185e-01, 8.500000e-01
678, 4.085159e-01, 1.500000e-01
679, 4.448740e-01, 1.500000e-01
680, 4.437219e-01, 8.500000e-01
681, 4.799623e-01, 8.500000e-01
682, 4.838525e-01, 1.500000e-01
683, 5.192806e-01, 8.500000e-01
684, 5.194126e-01, 1.500000e-01
685, 5.581179e-01, 8.500000e-01
686, 5.564548e-01, 1.500000e-01
687, 5.956411e-01, 8.500000e-01
688, 5.929106e-01, 1.500000e-01
689, 6.297455e-01, 8.500000e-01
690, 6.305963e-01, 1.500000e-01
691, 6.669266e-01, 1.500000e-01
692, 6.740425e-01, 8.500000e-01
693, 7.061902e-01, 8.500000e-01
694, 7.054655e-01, 1.500000e-01
695, 7.409428e-01, 8.500000e-01
696, 7.461070e-01, 1.500000e-01
697, 7.758671e-01, 8.500000e-01
698, 7.783954e-01, 1.500000e-01
699, 8.156525e-01, 8.500000e-01
700, 8.500000e-01, 4.140787e-01
701, 8.174888e-01, 1.500000e-01
702, 8.500000e-01, 8.331314e-01
703, 8.500000e-01, 2.776646e-01
704, 8.500000e-01, 5.540525e-01
705, 8.500000e-01, 3.825153e-01
706, 8.500000e-01, 6.639333e-01
707, 8.500000e-01, 8.045412e-01
708, 8.500000e-01, 7.252636e-01
709, 8.500000e-01, 7.620709e-01
710, 8.500000e-01, 4.466799e-01
711, 8.500000e-01, 2.476179e-01
712, 8.500000e-01, 5.224756e-01
713, 8.500000e-01, 4.835228e-01
714, 8.500000e-01, 5.875493e-01
715, 8.500000e-01, 6.224377e-01
716, 8.500000e-01, 1.687851e-01
717, 8.500000e-01, 2.097945e-01
718, 8.500000e-01, 3.062835e-01
719, 8.500000e-01, 3.454249e-01
720, 8.500000e-01, 6.861288e-01
721, 8.500000e-01, 6.997244e-01
722, 1.505693e-01, 7.231523e-01
723, 1.504662e-01, 1.669230e-01
724, 1.505752e-01, 5.569760e-01
725, 8.495491e-01, 6.943108e-01
