1, 1.522056e-01, 4.509110e-01
2, 1.544136e-01, 3.169570e-01
3, 1.547235e-01, 7.763534e-01
4, 1.548320e-01, 8.245142e-01
5, 1.548818e-01, 8.119823e-01
6, 1.552735e-01, 6.422642e-01
7, 1.564675e-01, 6.777033e-01
8, 1.568432e-01, 7.166498e-01
9, 1.569041e-01, 5.530494e-01
10, 1.571357e-01, 7.387877e-01
11, 1.571599e-01, 1.718237e-01
12, 1.575942e-01, 5.404918e-01
13, 1.576719e-01, 5.988197e-01
14, 1.580546e-01, 4.974378e-01
15, 1.584068e-01, 8.165661e-01
16, 1.587086e-01, 4.544425e-01
17, 1.590372e-01, 1.929178e-01
18, 1.600877e-01, 3.763375e-01
19, 1.601523e-01, 4.183239e-01
20, 1.602976e-01, 2.304923e-01
21, 1.603430e-01, 2.675960e-01
22, 1.613676e-01, 6.326981e-01
23, 1.624107e-01, 3.559824e-01
24, 1.631354e-01, 4.544530e-01
25, 1.697113e-01, 1.624220e-01
26, 1.721077e-01, 5.037203e-01
27, 1.722885e-01, 5.639002e-01
28, 1.725640e-01, 3.246594e-01
29, 1.726534e-01, 3.853119e-01
30, 1.733057e-01, 5.876354e-01
31, 1.743422e-01, 3.497153e-01
32, 1.750338e-01, 2.018435e-01
33, 1.750484e-01, 6.858293e-01
34, 1.757127e-01, 2.192856e-01
35, 1.765635e-01, 7.078084e-01
36, 1.769668e-01, 5.272933e-01
37, 1.773646e-01, 4.068589e-01
38, 1.782023e-01, 7.694602e-01
39, 1.789562e-01, 7.460660e-01
40, 1.893314e-01, 7.956218e-01
41, 1.893960e-01, 4.126435e-01
42, 1.900826e-01, 4.329916e-01
43, 1.903378e-01, 7.788890e-01
44, 1.923856e-01, 6.745286e-01
45, 1.925573e-01, 6.575662e-01
46, 1.926065e-01, 2.964170e-01
47, 1.928782e-01, 8.365848e-01
48, 1.932605e-01, 4.898782e-01
49, 1.937980e-01, 3.146818e-01
50, 1.939599e-01, 6.182953e-01
51, 1.940141e-01, 4.753919e-01
52, 1.941106e-01, 2.527450e-01
53, 1.952485e-01, 2.324299e-01
54, 1.973914e-01, 5.934465e-01
55, 2.043481e-01, 5.386904e-01
56, 2.054482e-01, 5.883321e-01
57, 2.055911e-01, 7.244111e-01
58, 2.064465e-01, 5.522918e-01
59, 2.066534e-01, 3.598446e-01
60, 2.069402e-01, 3.640511e-01
61, 2.077080e-01, 7.285297e-01
62, 2.087544e-01, 4.662076e-01
63, 2.088554e-01, 3.259470e-01
64, 2.089079e-01, 2.240363e-01
65, 2.093673e-01, 7.676688e-01
66, 2.093748e-01, 3.548903e-01
67, 2.095385e-01, 5.463415e-01
68, 2.095755e-01, 6.856848e-01
69, 2.100615e-01, 8.068621e-01
70, 2.106239e-01, 8.282969e-01
71, 2.109252e-01, 4.436667e-01
72, 2.109496e-01, 5.033903e-01
73, 2.111767e-01, 4.030875e-01
74, 2.112405e-01, 2.636180e-01
75, 2.112518e-01, 2.836524e-01
76, 2.119226e-01, 6.466367e-01
77, 2.120116e-01, 6.302487e-01
78, 2.122933e-01, 3.732854e-01
79, 2.123606e-01, 7.313446e-01
80, 2.240538e-01, 6.771805e-01
81, 2.245210e-01, 6.556173e-01
82, 2.248388e-01, 5.976990e-01
83, 2.250487e-01, 4.131347e-01
84, 2.255587e-01, 8.378306e-01
85, 2.257437e-01, 2.929322e-01
86, 2.259367e-01, 3.152269e-01
87, 2.262610e-01, 4.328296e-01
88, 2.269576e-01, 4.755008e-01
89, 2.270459e-01, 6.162060e-01
90, 2.281495e-01, 2.328452e-01
91, 2.289833e-01, 4.980064e-01
92, 2.291003e-01, 2.562031e-01
93, 2.307398e-01, 7.837520e-01
94, 2.308969e-01, 7.953930e-01
95, 2.392254e-01, 5.035836e-01
96, 2.421962e-01, 5.211759e-01
97, 2.433275e-01, 5.650506e-01
98, 2.435092e-01, 7.439083e-01
99, 2.444808e-01, 1.617915e-01
100, 2.445378e-01, 5.848803e-01
101, 2.452087e-01, 3.243035e-01
102, 2.466307e-01, 7.072369e-01
103, 2.466919e-01, 4.045586e-01
104, 2.470836e-01, 3.425654e-01
105, 2.471108e-01, 2.222156e-01
106, 2.474284e-01, 7.701661e-01
107, 2.480699e-01, 6.863413e-01
108, 2.484653e-01, 3.821051e-01
109, 2.488462e-01, 2.007207e-01
110, 2.565123e-01, 7.374309e-01
111, 2.601648e-01, 7.201019e-01
112, 2.602289e-01, 1.941404e-01
113, 2.610637e-01, 3.730041e-01
114, 2.613696e-01, 6.465764e-01
115, 2.614351e-01, 3.525485e-01
116, 2.615053e-01, 1.699957e-01
117, 2.619953e-01, 6.763596e-01
118, 2.620107e-01, 2.335311e-01
119, 2.622890e-01, 4.902859e-01
120, 2.628248e-01, 4.139205e-01
121, 2.628787e-01, 5.533187e-01
122, 2.635820e-01, 5.952464e-01
123, 2.637199e-01, 6.309225e-01
124, 2.639982e-01, 5.326901e-01
125, 2.640942e-01, 7.770343e-01
126, 2.649202e-01, 2.737997e-01
127, 2.652755e-01, 6.401965e-01
128, 2.656411e-01, 3.110057e-01
129, 2.657367e-01, 6.341735e-01
130, 2.767783e-01, 3.442255e-01
131, 2.782071e-01, 5.865789e-01
132, 2.782890e-01, 2.241832e-01
133, 2.787001e-01, 1.592136e-01
134, 2.789765e-01, 5.644881e-01
135, 2.790763e-01, 3.219142e-01
136, 2.793630e-01, 2.035177e-01
137, 2.801645e-01, 5.220706e-01
138, 2.804213e-01, 7.491497e-01
139, 2.807035e-01, 4.034340e-01
140, 2.809885e-01, 5.067565e-01
141, 2.817612e-01, 3.850945e-01
142, 2.818208e-01, 7.688939e-01
143, 2.834999e-01, 6.884176e-01
144, 2.852249e-01, 7.092922e-01
145, 2.946086e-01, 7.766798e-01
146, 2.948365e-01, 4.147384e-01
147, 2.952244e-01, 7.958496e-01
148, 2.965268e-01, 8.385760e-01
149, 2.971453e-01, 4.340510e-01
150, 2.980264e-01, 6.579951e-01
151, 2.980436e-01, 6.180525e-01
152, 2.980855e-01, 2.367265e-01
153, 2.982239e-01, 5.977540e-01
154, 2.987197e-01, 2.539824e-01
155, 2.988601e-01, 3.147686e-01
156, 2.989671e-01, 2.908225e-01
157, 2.992251e-01, 4.955496e-01
158, 3.001489e-01, 4.738470e-01
159, 3.014827e-01, 6.781786e-01
160, 3.059320e-01, 7.266449e-01
161, 3.090078e-01, 1.893746e-01
162, 3.125461e-01, 3.216558e-01
163, 3.131440e-01, 8.293168e-01
164, 3.134864e-01, 4.418029e-01
165, 3.137400e-01, 7.685810e-01
166, 3.141162e-01, 6.261864e-01
167, 3.144947e-01, 2.252064e-01
168, 3.146206e-01, 2.614920e-01
169, 3.151377e-01, 8.068811e-01
170, 3.156542e-01, 2.830120e-01
171, 3.159876e-01, 6.444797e-01
172, 3.166178e-01, 5.395450e-01
173, 3.170349e-01, 4.028967e-01
174, 3.171343e-01, 6.834915e-01
175, 3.171664e-01, 4.635962e-01
176, 3.175041e-01, 5.049678e-01
177, 3.176175e-01, 5.524571e-01
178, 3.177541e-01, 5.864473e-01
179, 3.197347e-01, 3.704886e-01
180, 3.204630e-01, 1.810254e-01
181, 3.258584e-01, 2.910777e-01
182, 3.263893e-01, 3.122492e-01
183, 3.293480e-01, 6.176915e-01
184, 3.295236e-01, 7.781925e-01
185, 3.301977e-01, 4.311153e-01
186, 3.302099e-01, 2.350625e-01
187, 3.303261e-01, 2.505831e-01
188, 3.310148e-01, 4.972202e-01
189, 3.313226e-01, 8.395882e-01
190, 3.317072e-01, 5.952017e-01
191, 3.323616e-01, 7.979927e-01
192, 3.324323e-01, 6.741169e-01
193, 3.325335e-01, 6.571049e-01
194, 3.325398e-01, 4.174265e-01
195, 3.328519e-01, 4.710733e-01
196, 3.450559e-01, 3.856671e-01
197, 3.454076e-01, 3.468012e-01
198, 3.461420e-01, 5.266857e-01
199, 3.484802e-01, 5.076941e-01
200, 3.489576e-01, 5.890696e-01
201, 3.496872e-01, 2.241436e-01
202, 3.496980e-01, 3.228927e-01
203, 3.519445e-01, 4.065429e-01
204, 3.520285e-01, 6.816607e-01
205, 3.523201e-01, 2.002239e-01
206, 3.526672e-01, 7.102552e-01
207, 3.527574e-01, 7.510827e-01
208, 3.533491e-01, 5.667445e-01
209, 3.537233e-01, 1.586595e-01
210, 3.539875e-01, 7.629346e-01
211, 3.611605e-01, 8.133740e-01
212, 3.634306e-01, 3.151048e-01
213, 3.643136e-01, 6.746976e-01
214, 3.648036e-01, 4.124167e-01
215, 3.653826e-01, 5.385119e-01
216, 3.655433e-01, 5.589389e-01
217, 3.657553e-01, 2.784056e-01
218, 3.659200e-01, 2.670443e-01
219, 3.665341e-01, 4.975362e-01
220, 3.665410e-01, 3.554827e-01
221, 3.666729e-01, 6.021574e-01
222, 3.666997e-01, 1.938909e-01
223, 3.668351e-01, 2.346261e-01
224, 3.674014e-01, 1.687972e-01
225, 3.682124e-01, 2.708468e-01
226, 3.682280e-01, 2.745780e-01
227, 3.689583e-01, 3.714977e-01
228, 3.706613e-01, 6.304158e-01
229, 3.710116e-01, 7.201012e-01
230, 3.713925e-01, 7.330084e-01
231, 3.715921e-01, 7.752859e-01
232, 3.727800e-01, 8.274713e-01
233, 3.807044e-01, 3.253670e-01
234, 3.820627e-01, 2.238243e-01
235, 3.825183e-01, 2.032072e-01
236, 3.827662e-01, 5.100815e-01
237, 3.827875e-01, 1.626217e-01
238, 3.828805e-01, 3.431012e-01
239, 3.831264e-01, 4.015209e-01
240, 3.839558e-01, 7.122560e-01
241, 3.845251e-01, 5.686953e-01
242, 3.847137e-01, 5.242865e-01
243, 3.850516e-01, 6.859815e-01
244, 3.854800e-01, 3.832610e-01
245, 3.859037e-01, 7.679853e-01
246, 3.870872e-01, 5.852415e-01
247, 3.881359e-01, 7.462707e-01
248, 3.998689e-01, 2.921782e-01
249, 3.999785e-01, 4.753238e-01
250, 4.005055e-01, 6.786055e-01
251, 4.007192e-01, 4.118647e-01
252, 4.011555e-01, 6.532051e-01
253, 4.013187e-01, 6.160089e-01
254, 4.014913e-01, 3.144409e-01
255, 4.017354e-01, 4.365423e-01
256, 4.026145e-01, 2.515601e-01
257, 4.027608e-01, 4.948299e-01
258, 4.030521e-01, 2.354468e-01
259, 4.034026e-01, 5.952006e-01
260, 4.055120e-01, 7.989415e-01
261, 4.058544e-01, 7.776553e-01
262, 4.058953e-01, 8.366926e-01
263, 4.161689e-01, 6.261704e-01
264, 4.170590e-01, 8.288370e-01
265, 4.171205e-01, 1.878159e-01
266, 4.171336e-01, 7.708528e-01
267, 4.173187e-01, 8.086001e-01
268, 4.184166e-01, 2.612218e-01
269, 4.187206e-01, 6.448810e-01
270, 4.191380e-01, 3.242327e-01
271, 4.192963e-01, 1.841729e-01
272, 4.193311e-01, 4.036592e-01
273, 4.195905e-01, 2.236600e-01
274, 4.203791e-01, 2.820542e-01
275, 4.207094e-01, 6.884902e-01
276, 4.208815e-01, 4.432067e-01
277, 4.212017e-01, 4.641367e-01
278, 4.215184e-01, 5.047196e-01
279, 4.215313e-01, 5.853677e-01
280, 4.228691e-01, 1.818224e-01
281, 4.252065e-01, 1.776042e-01
282, 4.340362e-01, 8.372291e-01
283, 4.343913e-01, 2.321497e-01
284, 4.344908e-01, 2.517234e-01
285, 4.355302e-01, 4.156088e-01
286, 4.361504e-01, 5.943070e-01
287, 4.365597e-01, 4.315444e-01
288, 4.375143e-01, 6.754915e-01
289, 4.375237e-01, 6.550349e-01
290, 4.379412e-01, 6.119820e-01
291, 4.379680e-01, 3.110523e-01
292, 4.386141e-01, 2.922989e-01
293, 4.394623e-01, 4.773418e-01
294, 4.407425e-01, 4.930098e-01
295, 4.410557e-01, 8.006980e-01
296, 4.415263e-01, 7.767862e-01
297, 4.516074e-01, 3.450571e-01
298, 4.520411e-01, 1.659591e-01
299, 4.524576e-01, 7.519849e-01
300, 4.534541e-01, 5.019880e-01
301, 4.535924e-01, 3.993140e-01
302, 4.537339e-01, 7.673252e-01
303, 4.544098e-01, 3.853154e-01
304, 4.545034e-01, 5.245728e-01
305, 4.551018e-01, 3.224008e-01
306, 4.559291e-01, 2.069280e-01
307, 4.559585e-01, 6.872271e-01
308, 4.565641e-01, 5.679167e-01
309, 4.566767e-01, 5.833596e-01
310, 4.567443e-01, 7.090345e-01
311, 4.577699e-01, 2.227517e-01
312, 4.627251e-01, 8.167040e-01
313, 4.689759e-01, 2.306526e-01
314, 4.691442e-01, 6.339254e-01
315, 4.703450e-01, 8.171902e-01
316, 4.707215e-01, 4.944843e-01
317, 4.712723e-01, 5.927218e-01
318, 4.717049e-01, 3.575901e-01
319, 4.722933e-01, 1.724117e-01
320, 4.723198e-01, 7.186938e-01
321, 4.723344e-01, 3.161815e-01
322, 4.726141e-01, 7.764497e-01
323, 4.728532e-01, 7.331787e-01
324, 4.729592e-01, 3.755913e-01
325, 4.743642e-01, 5.329604e-01
326, 4.750397e-01, 8.095015e-01
327, 4.751112e-01, 1.912741e-01
328, 4.759364e-01, 8.272112e-01
329, 4.759697e-01, 5.586564e-01
330, 4.761364e-01, 6.785551e-01
331, 4.765272e-01, 2.805631e-01
332, 4.771370e-01, 4.133050e-01
333, 4.772565e-01, 4.583717e-01
334, 4.865044e-01, 2.217062e-01
335, 4.869666e-01, 3.829145e-01
336, 4.874875e-01, 4.042637e-01
337, 4.876132e-01, 1.618829e-01
338, 4.882774e-01, 3.279828e-01
339, 4.884711e-01, 1.997298e-01
340, 4.893112e-01, 5.823876e-01
341, 4.893225e-01, 5.246287e-01
342, 4.896257e-01, 3.426040e-01
343, 4.898349e-01, 5.671909e-01
344, 4.901470e-01, 7.663845e-01
345, 4.903721e-01, 7.451525e-01
346, 4.905602e-01, 7.081523e-01
347, 4.917053e-01, 6.869994e-01
348, 4.918323e-01, 5.078639e-01
349, 5.018846e-01, 6.811870e-01
350, 5.041740e-01, 2.914500e-01
351, 5.043367e-01, 6.188743e-01
352, 5.044596e-01, 2.530361e-01
353, 5.054025e-01, 7.725382e-01
354, 5.060434e-01, 6.571758e-01
355, 5.067187e-01, 2.316122e-01
356, 5.080970e-01, 5.972111e-01
357, 5.082661e-01, 7.984403e-01
358, 5.083590e-01, 8.362260e-01
359, 5.088819e-01, 3.167636e-01
360, 5.090885e-01, 4.317051e-01
361, 5.097462e-01, 4.165823e-01
362, 5.102256e-01, 4.969127e-01
363, 5.107157e-01, 4.739942e-01
364, 5.202139e-01, 1.784481e-01
365, 5.207653e-01, 8.277606e-01
366, 5.210179e-01, 5.895861e-01
367, 5.219301e-01, 5.509626e-01
368, 5.225099e-01, 6.289976e-01
369, 5.235899e-01, 8.072408e-01
370, 5.238640e-01, 2.208113e-01
371, 5.239478e-01, 5.062744e-01
372, 5.239875e-01, 6.914985e-01
373, 5.240408e-01, 3.238684e-01
374, 5.255066e-01, 2.649865e-01
375, 5.255548e-01, 6.491290e-01
376, 5.255842e-01, 2.790567e-01
377, 5.257371e-01, 7.608152e-01
378, 5.263081e-01, 4.032300e-01
379, 5.265667e-01, 4.466846e-01
380, 5.273484e-01, 4.638196e-01
381, 5.295061e-01, 3.575050e-01
382, 5.393819e-01, 6.570500e-01
383, 5.399871e-01, 5.971325e-01
384, 5.414606e-01, 8.413875e-01
385, 5.416079e-01, 6.188410e-01
386, 5.417752e-01, 6.772750e-01
387, 5.421277e-01, 2.318788e-01
388, 5.425397e-01, 2.930435e-01
389, 5.429900e-01, 7.765228e-01
390, 5.430921e-01, 3.083001e-01
391, 5.432994e-01, 7.979259e-01
392, 5.438932e-01, 4.957189e-01
393, 5.440443e-01, 4.710789e-01
394, 5.446675e-01, 2.508579e-01
395, 5.463933e-01, 4.134341e-01
396, 5.480736e-01, 4.343597e-01
397, 5.581057e-01, 5.676134e-01
398, 5.583133e-01, 5.295765e-01
399, 5.589915e-01, 3.423470e-01
400, 5.592174e-01, 5.866996e-01
401, 5.597259e-01, 7.069826e-01
402, 5.598404e-01, 6.872522e-01
403, 5.600478e-01, 5.072051e-01
404, 5.613297e-01, 3.818269e-01
405, 5.615173e-01, 3.209683e-01
406, 5.615236e-01, 2.062546e-01
407, 5.623702e-01, 7.657747e-01
408, 5.623713e-01, 2.186172e-01
409, 5.629537e-01, 4.043120e-01
410, 5.636963e-01, 7.473081e-01
411, 5.658832e-01, 1.637435e-01
412, 5.706531e-01, 5.950043e-01
413, 5.712352e-01, 6.327951e-01
414, 5.733152e-01, 6.361568e-01
415, 5.737651e-01, 4.476344e-01
416, 5.748075e-01, 1.693755e-01
417, 5.761852e-01, 2.717708e-01
418, 5.764824e-01, 4.561296e-01
419, 5.767924e-01, 7.145823e-01
420, 5.769801e-01, 3.136720e-01
421, 5.772509e-01, 6.786964e-01
422, 5.772893e-01, 3.736487e-01
423, 5.774615e-01, 2.282814e-01
424, 5.779620e-01, 1.894658e-01
425, 5.781989e-01, 5.383839e-01
426, 5.782713e-01, 4.130649e-01
427, 5.785801e-01, 3.524435e-01
428, 5.796088e-01, 2.777042e-01
429, 5.797624e-01, 5.537931e-01
430, 5.803190e-01, 7.389229e-01
431, 5.810267e-01, 4.995636e-01
432, 5.812311e-01, 8.259333e-01
433, 5.816172e-01, 7.775372e-01
434, 5.846912e-01, 4.554590e-01
435, 5.889467e-01, 5.044542e-01
436, 5.914702e-01, 6.891773e-01
437, 5.915139e-01, 5.258753e-01
438, 5.917438e-01, 7.046790e-01
439, 5.943809e-01, 5.635169e-01
440, 5.944473e-01, 5.860661e-01
441, 5.945170e-01, 2.215857e-01
442, 5.951876e-01, 3.444914e-01
443, 5.952705e-01, 7.674468e-01
444, 5.952770e-01, 1.616707e-01
445, 5.964450e-01, 4.022132e-01
446, 5.965126e-01, 3.861031e-01
447, 5.968267e-01, 7.460369e-01
448, 5.969189e-01, 3.226924e-01
449, 5.978679e-01, 1.991095e-01
450, 6.090084e-01, 2.511478e-01
451, 6.094405e-01, 3.140244e-01
452, 6.102615e-01, 5.974902e-01
453, 6.104597e-01, 6.125465e-01
454, 6.111197e-01, 8.399699e-01
455, 6.113087e-01, 2.970659e-01
456, 6.115928e-01, 6.547123e-01
457, 6.121326e-01, 2.339502e-01
458, 6.123180e-01, 4.743114e-01
459, 6.125621e-01, 4.920578e-01
460, 6.137552e-01, 4.113834e-01
461, 6.143424e-01, 4.359603e-01
462, 6.147262e-01, 7.785079e-01
463, 6.152882e-01, 6.774335e-01
464, 6.187685e-01, 8.014164e-01
465, 6.236573e-01, 5.371973e-01
466, 6.246131e-01, 3.641538e-01
467, 6.248730e-01, 1.833884e-01
468, 6.257911e-01, 4.059985e-01
469, 6.274940e-01, 5.028273e-01
470, 6.288111e-01, 4.659202e-01
471, 6.292055e-01, 2.667167e-01
472, 6.298054e-01, 2.844953e-01
473, 6.298413e-01, 3.265325e-01
474, 6.299881e-01, 6.417498e-01
475, 6.300206e-01, 5.853972e-01
476, 6.301181e-01, 4.437960e-01
477, 6.302818e-01, 5.482988e-01
478, 6.303309e-01, 8.074992e-01
479, 6.306525e-01, 6.256397e-01
480, 6.317626e-01, 8.245441e-01
481, 6.318853e-01, 3.640607e-01
482, 6.319044e-01, 2.243489e-01
483, 6.321363e-01, 7.286891e-01
484, 6.325691e-01, 6.864234e-01
485, 6.331528e-01, 7.644542e-01
486, 6.335363e-01, 1.780143e-01
487, 6.338591e-01, 3.608007e-01
488, 6.406997e-01, 5.477997e-01
489, 6.434174e-01, 2.289483e-01
490, 6.452710e-01, 4.165217e-01
491, 6.457621e-01, 4.355793e-01
492, 6.460258e-01, 7.988916e-01
493, 6.460423e-01, 8.377946e-01
494, 6.463407e-01, 4.751165e-01
495, 6.463524e-01, 4.954260e-01
496, 6.469297e-01, 7.731211e-01
497, 6.480253e-01, 6.786577e-01
498, 6.483653e-01, 5.959738e-01
499, 6.486756e-01, 6.147101e-01
500, 6.494652e-01, 2.526316e-01
501, 6.495821e-01, 2.939710e-01
502, 6.498907e-01, 6.566319e-01
503, 6.505235e-01, 3.110424e-01
504, 6.619673e-01, 1.612682e-01
505, 6.635912e-01, 2.166180e-01
506, 6.636934e-01, 3.845387e-01
507, 6.639206e-01, 5.069230e-01
508, 6.641347e-01, 2.004635e-01
509, 6.646568e-01, 5.843601e-01
510, 6.648451e-01, 7.646649e-01
511, 6.649969e-01, 4.026566e-01
512, 6.653106e-01, 5.242006e-01
513, 6.655392e-01, 5.649987e-01
514, 6.657073e-01, 6.867786e-01
515, 6.659628e-01, 3.234963e-01
516, 6.660063e-01, 7.469100e-01
517, 6.672549e-01, 7.091488e-01
518, 6.674743e-01, 3.413161e-01
519, 6.761859e-01, 2.657457e-01
520, 6.764943e-01, 4.540557e-01
521, 6.770009e-01, 8.079735e-01
522, 6.789249e-01, 4.979743e-01
523, 6.800709e-01, 5.943462e-01
524, 6.801362e-01, 1.733830e-01
525, 6.807615e-01, 2.279515e-01
526, 6.815762e-01, 1.875593e-01
527, 6.817057e-01, 7.189116e-01
528, 6.818281e-01, 7.372856e-01
529, 6.818360e-01, 6.785512e-01
530, 6.821225e-01, 8.235527e-01
531, 6.822478e-01, 5.319202e-01
532, 6.827528e-01, 7.781229e-01
533, 6.838670e-01, 5.558018e-01
534, 6.840185e-01, 3.490638e-01
535, 6.844164e-01, 8.203018e-01
536, 6.851616e-01, 4.154274e-01
537, 6.857707e-01, 3.731061e-01
538, 6.886510e-01, 3.108096e-01
539, 6.889937e-01, 8.205556e-01
540, 6.901219e-01, 2.705217e-01
541, 6.978713e-01, 3.417087e-01
542, 6.981840e-01, 6.861862e-01
543, 6.983197e-01, 7.469283e-01
544, 6.984770e-01, 3.793802e-01
545, 6.985516e-01, 5.065878e-01
546, 6.988973e-01, 4.084062e-01
547, 6.989363e-01, 5.223315e-01
548, 7.001388e-01, 1.587054e-01
549, 7.003371e-01, 7.690243e-01
550, 7.004385e-01, 5.619827e-01
551, 7.009296e-01, 7.073910e-01
552, 7.011500e-01, 3.179289e-01
553, 7.015083e-01, 2.206487e-01
554, 7.024242e-01, 5.861036e-01
555, 7.035245e-01, 1.987675e-01
556, 7.134421e-01, 2.543096e-01
557, 7.140575e-01, 6.147962e-01
558, 7.144889e-01, 6.764501e-01
559, 7.149065e-01, 2.313682e-01
560, 7.155824e-01, 5.960255e-01
561, 7.165250e-01, 4.909641e-01
562, 7.165984e-01, 4.774587e-01
563, 7.166724e-01, 6.584565e-01
564, 7.176354e-01, 8.403573e-01
565, 7.180877e-01, 4.313320e-01
566, 7.182460e-01, 3.100825e-01
567, 7.183183e-01, 4.171245e-01
568, 7.189405e-01, 7.766887e-01
569, 7.203368e-01, 2.973158e-01
570, 7.208929e-01, 7.958037e-01
571, 7.300789e-01, 7.678894e-01
572, 7.319311e-01, 1.815588e-01
573, 7.324404e-01, 5.853612e-01
574, 7.334710e-01, 7.229774e-01
575, 7.343413e-01, 8.312278e-01
576, 7.344052e-01, 4.458700e-01
577, 7.348885e-01, 4.661974e-01
578, 7.349527e-01, 5.043780e-01
579, 7.351647e-01, 2.239167e-01
580, 7.353647e-01, 3.233350e-01
581, 7.355984e-01, 8.057666e-01
582, 7.356488e-01, 6.903755e-01
583, 7.358608e-01, 1.813811e-01
584, 7.359926e-01, 6.509376e-01
585, 7.360859e-01, 4.050780e-01
586, 7.363113e-01, 2.632747e-01
587, 7.369399e-01, 6.263316e-01
588, 7.375489e-01, 7.161994e-01
589, 7.383116e-01, 2.839441e-01
590, 7.410806e-01, 1.814363e-01
591, 7.495150e-01, 6.751874e-01
592, 7.498515e-01, 6.587799e-01
593, 7.514921e-01, 2.343175e-01
594, 7.526458e-01, 2.516414e-01
595, 7.527353e-01, 6.191155e-01
596, 7.529496e-01, 4.739363e-01
597, 7.538239e-01, 5.948248e-01
598, 7.539652e-01, 8.393552e-01
599, 7.539878e-01, 4.357438e-01
600, 7.545414e-01, 7.989867e-01
601, 7.553602e-01, 7.755313e-01
602, 7.554834e-01, 4.127949e-01
603, 7.556917e-01, 4.947787e-01
604, 7.570618e-01, 3.144141e-01
605, 7.594593e-01, 2.924693e-01
606, 7.672264e-01, 7.053372e-01
607, 7.681628e-01, 2.238566e-01
608, 7.682057e-01, 5.701031e-01
609, 7.685963e-01, 7.674359e-01
610, 7.687932e-01, 5.840548e-01
611, 7.693614e-01, 7.486810e-01
612, 7.698539e-01, 5.037038e-01
613, 7.704340e-01, 4.069783e-01
614, 7.706852e-01, 1.645305e-01
615, 7.709378e-01, 6.894556e-01
616, 7.709827e-01, 2.018747e-01
617, 7.713342e-01, 3.855475e-01
618, 7.718962e-01, 5.256873e-01
619, 7.733585e-01, 3.416217e-01
620, 7.734767e-01, 3.282946e-01
621, 7.809805e-01, 4.551518e-01
622, 7.840280e-01, 5.567977e-01
623, 7.846685e-01, 3.492672e-01
624, 7.850607e-01, 4.159294e-01
625, 7.851441e-01, 8.215808e-01
626, 7.852619e-01, 2.766768e-01
627, 7.853498e-01, 7.389730e-01
628, 7.857343e-01, 5.946869e-01
629, 7.859422e-01, 7.782378e-01
630, 7.859434e-01, 7.184322e-01
631, 7.859450e-01, 5.362462e-01
632, 7.864577e-01, 4.547706e-01
633, 7.866425e-01, 2.342931e-01
634, 7.870287e-01, 8.169472e-01
635, 7.871884e-01, 4.918583e-01
636, 7.874729e-01, 6.790845e-01
637, 7.881100e-01, 3.736998e-01
638, 7.885424e-01, 1.730425e-01
639, 7.899014e-01, 6.335646e-01
640, 7.907256e-01, 4.519206e-01
641, 7.908727e-01, 3.153776e-01
642, 7.917698e-01, 6.301692e-01
643, 7.919744e-01, 1.939018e-01
644, 7.998798e-01, 4.524763e-01
645, 8.008577e-01, 1.988087e-01
646, 8.013917e-01, 6.840505e-01
647, 8.018670e-01, 7.107260e-01
648, 8.039217e-01, 5.313533e-01
649, 8.041745e-01, 2.218091e-01
650, 8.046230e-01, 5.837989e-01
651, 8.047715e-01, 3.419655e-01
652, 8.048254e-01, 1.586689e-01
653, 8.050546e-01, 5.677111e-01
654, 8.054233e-01, 3.213916e-01
655, 8.061763e-01, 7.665170e-01
656, 8.063666e-01, 7.480338e-01
657, 8.065900e-01, 4.045956e-01
658, 8.085092e-01, 3.813176e-01
659, 8.116651e-01, 5.004038e-01
660, 8.164910e-01, 4.984260e-01
661, 8.183609e-01, 6.574920e-01
662, 8.183750e-01, 6.165597e-01
663, 8.184908e-01, 6.746817e-01
664, 8.190129e-01, 5.935713e-01
665, 8.191798e-01, 7.959140e-01
666, 8.196655e-01, 2.543844e-01
667, 8.203280e-01, 7.770611e-01
668, 8.206490e-01, 4.725597e-01
669, 8.208862e-01, 2.328157e-01
670, 8.219324e-01, 4.374322e-01
671, 8.221361e-01, 2.949022e-01
672, 8.221710e-01, 3.128837e-01
673, 8.222126e-01, 4.131232e-01
674, 8.237326e-01, 8.361102e-01
675, 8.315721e-01, 7.281250e-01
676, 8.341390e-01, 3.617316e-01
677, 8.367635e-01, 5.093178e-01
678, 8.378134e-01, 2.239906e-01
679, 8.379664e-01, 6.871301e-01
680, 8.386208e-01, 3.235018e-01
681, 8.390519e-01, 7.271385e-01
682, 8.402432e-01, 6.455513e-01
683, 8.404386e-01, 5.431924e-01
684, 8.404965e-01, 6.247309e-01
685, 8.407175e-01, 5.822443e-01
686, 8.412325e-01, 2.636750e-01
687, 8.413121e-01, 8.270723e-01
688, 8.413263e-01, 4.009729e-01
689, 8.417564e-01, 8.072465e-01
690, 8.422130e-01, 4.677854e-01
691, 8.422605e-01, 7.195031e-01
692, 8.428058e-01, 7.692897e-01
693, 8.435478e-01, 4.452041e-01
694, 8.436498e-01, 7.334030e-01
695, 8.448401e-01, 2.807654e-01
696, 8.461066e-01, 1.719000e-01
697, 8.465496e-01, 5.434864e-01
698, 1.583310e-01, 6.380021e-01
699, 1.570392e-01, 2.735766e-01
700, 2.088438e-01, 1.802479e-01
701, 2.619849e-01, 8.188273e-01
702, 2.605623e-01, 2.708274e-01
703, 2.638212e-01, 4.552532e-01
704, 3.153349e-01, 3.641272e-01
705, 3.140226e-01, 1.817747e-01
706, 3.175250e-01, 7.260082e-01
707, 3.141535e-01, 5.444908e-01
708, 3.663401e-01, 6.358975e-01
709, 3.668221e-01, 8.122966e-01
710, 3.675457e-01, 4.568179e-01
711, 4.218290e-01, 5.450896e-01
712, 4.198490e-01, 3.635267e-01
713, 4.199374e-01, 7.243173e-01
714, 4.749019e-01, 6.337425e-01
715, 4.714859e-01, 2.698271e-01
716, 4.738309e-01, 4.487622e-01
717, 5.258110e-01, 5.459636e-01
718, 5.253046e-01, 7.272730e-01
719, 5.253096e-01, 3.635151e-01
720, 5.240484e-01, 1.841457e-01
721, 5.755155e-01, 2.650319e-01
722, 5.758841e-01, 8.146819e-01
723, 5.776511e-01, 6.392970e-01
724, 6.257064e-01, 7.291317e-01
725, 6.834717e-01, 6.361736e-01
726, 6.794575e-01, 2.722587e-01
727, 6.821908e-01, 4.545960e-01
728, 7.333988e-01, 3.635022e-01
729, 7.329302e-01, 7.277020e-01
730, 7.330908e-01, 5.468568e-01
731, 7.893612e-01, 2.723270e-01
732, 7.810519e-01, 6.391247e-01
733, 8.354187e-01, 5.456279e-01
734, 8.368964e-01, 3.668138e-01
735, 8.397333e-01, 1.836944e-01
736, 1.500000e-01, 8.268707e-01
737, 1.500000e-01, 6.443406e-01
738, 1.500000e-01, 4.527919e-01
739, 1.500000e-01, 4.495642e-01
740, 1.500000e-01, 6.333066e-01
741, 1.500000e-01, 2.723530e-01
742, 1.500000e-01, 8.104146e-01
743, 1.500000e-01, 5.580127e-01
744, 1.500000e-01, 5.950495e-01
745, 1.500000e-01, 7.443276e-01
746, 1.500000e-01, 7.716770e-01
747, 1.500000e-01, 4.128391e-01
748, 1.500000e-01, 3.799076e-01
749, 1.500000e-01, 5.008718e-01
750, 1.500000e-01, 5.346247e-01
751, 1.500000e-01, 7.121651e-01
752, 1.500000e-01, 6.825589e-01
753, 1.500000e-01, 3.197508e-01
754, 1.500000e-01, 3.472885e-01
755, 1.500000e-01, 1.975538e-01
756, 1.500000e-01, 2.253493e-01
757, 1.500000e-01, 1.690130e-01
758, 1.567529e-01, 8.500000e-01
759, 1.694646e-01, 1.500000e-01
760, 1.937095e-01, 8.500000e-01
761, 2.096537e-01, 1.500000e-01
762, 2.249449e-01, 8.500000e-01
763, 2.433671e-01, 1.500000e-01
764, 2.627691e-01, 8.500000e-01
765, 2.796122e-01, 1.500000e-01
766, 2.964473e-01, 8.500000e-01
767, 3.153318e-01, 1.500000e-01
768, 3.329006e-01, 8.500000e-01
769, 3.532863e-01, 1.500000e-01
770, 3.688965e-01, 8.500000e-01
771, 3.852443e-01, 1.500000e-01
772, 4.065575e-01, 8.500000e-01
773, 4.201755e-01, 1.500000e-01
774, 4.351578e-01, 8.500000e-01
775, 4.529106e-01, 1.500000e-01
776, 4.750149e-01, 8.500000e-01
777, 4.877670e-01, 1.500000e-01
778, 5.075855e-01, 8.500000e-01
779, 5.247304e-01, 1.500000e-01
780, 5.422460e-01, 8.500000e-01
781, 5.625411e-01, 1.500000e-01
782, 5.787049e-01, 8.500000e-01
783, 5.969248e-01, 1.500000e-01
784, 6.123011e-01, 8.500000e-01
785, 6.284013e-01, 1.500000e-01
786, 6.457133e-01, 8.500000e-01
787, 6.641546e-01, 1.500000e-01
788, 6.789601e-01, 8.500000e-01
789, 6.998415e-01, 1.500000e-01
790, 7.176905e-01, 8.500000e-01
791, 7.354746e-01, 1.500000e-01
792, 7.545183e-01, 8.500000e-01
793, 7.714343e-01, 1.500000e-01
794, 7.873320e-01, 8.500000e-01
795, 8.046587e-01, 1.500000e-01
796, 8.229385e-01, 8.500000e-01
797, 8.500000e-01, 6.785292e-01
798, 8.500000e-01, 7.758569e-01
799, 8.500000e-01, 6.521625e-01
800, 8.500000e-01, 6.188501e-01
801, 8.500000e-01, 3.194669e-01
802, 8.500000e-01, 4.741597e-01
803, 8.500000e-01, 4.413848e-01
804, 8.500000e-01, 7.998128e-01
805, 8.500000e-01, 8.320762e-01
806, 8.500000e-01, 4.977869e-01
807, 8.436019e-01, 1.500000e-01
808, 8.500000e-01, 2.837191e-01
809, 8.500000e-01, 2.560621e-01
810, 8.500000e-01, 4.067722e-01
811, 8.500000e-01, 2.315043e-01
812, 8.500000e-01, 5.885049e-01
813, 8.500000e-01, 7.154871e-01
814, 8.500000e-01, 7.353856e-01
815, 8.500000e-01, 5.410985e-01
816, 8.500000e-01, 5.459567e-01
817, 8.500000e-01, 1.704701e-01
818, 8.500000e-01, 1.886874e-01
819, 8.500000e-01, 3.583745e-01
820, 8.500000e-01, 3.709230e-01
