1, 1.735843e-01, 2.010015e-01
2, 1.738507e-01, 2.756506e-01
3, 1.739901e-01, 4.261141e-01
4, 1.955774e-01, 8.405651e-01
5, 2.169427e-01, 5.771980e-01
6, 2.171247e-01, 2.764630e-01
7, 2.172449e-01, 8.031996e-01
8, 2.387198e-01, 8.409454e-01
9, 2.388669e-01, 3.885541e-01
10, 2.388792e-01, 5.398963e-01
11, 2.391974e-01, 4.644172e-01
12, 2.822001e-01, 5.395624e-01
13, 2.822532e-01, 1.626679e-01
14, 3.038563e-01, 8.032598e-01
15, 3.038874e-01, 2.011510e-01
16, 3.040494e-01, 3.519935e-01
17, 3.043334e-01, 5.024993e-01
18, 3.257338e-01, 3.889092e-01
19, 3.257500e-01, 1.630971e-01
20, 3.471307e-01, 5.775819e-01
21, 3.473460e-01, 7.281590e-01
22, 3.475797e-01, 5.017925e-01
23, 3.476550e-01, 2.004847e-01
24, 3.690896e-01, 5.400747e-01
25, 3.691365e-01, 6.900715e-01
26, 3.692575e-01, 1.631758e-01
27, 3.692954e-01, 3.893291e-01
28, 3.694511e-01, 8.407945e-01
29, 3.908433e-01, 8.037691e-01
30, 3.911724e-01, 5.020134e-01
31, 4.124863e-01, 6.902735e-01
32, 4.128207e-01, 4.641724e-01
33, 4.129200e-01, 1.630091e-01
34, 4.129238e-01, 7.652962e-01
35, 4.130454e-01, 5.393553e-01
36, 4.339460e-01, 3.517036e-01
37, 4.342688e-01, 4.266685e-01
38, 4.343891e-01, 5.776218e-01
39, 4.344656e-01, 5.022792e-01
40, 4.346160e-01, 6.526830e-01
41, 4.558322e-01, 4.646418e-01
42, 4.560824e-01, 5.396956e-01
43, 4.561362e-01, 3.139908e-01
44, 4.565238e-01, 8.414546e-01
45, 4.565249e-01, 2.386845e-01
46, 4.776398e-01, 2.006279e-01
47, 4.777531e-01, 6.527978e-01
48, 4.780091e-01, 5.771023e-01
49, 4.780440e-01, 5.020134e-01
50, 4.781346e-01, 3.510317e-01
51, 4.782101e-01, 8.031542e-01
52, 4.992517e-01, 2.379348e-01
53, 4.995555e-01, 3.139552e-01
54, 4.997864e-01, 7.653179e-01
55, 5.218450e-01, 4.261693e-01
56, 5.428372e-01, 7.661180e-01
57, 5.430393e-01, 1.634326e-01
58, 5.648585e-01, 6.527537e-01
59, 5.649567e-01, 5.772186e-01
60, 5.650703e-01, 2.005498e-01
61, 5.650951e-01, 5.022388e-01
62, 5.650974e-01, 8.029025e-01
63, 5.866396e-01, 5.400764e-01
64, 5.866428e-01, 3.891636e-01
65, 5.867896e-01, 7.655657e-01
66, 5.869481e-01, 8.406045e-01
67, 6.084276e-01, 8.033782e-01
68, 6.084525e-01, 2.758251e-01
69, 6.298947e-01, 4.647584e-01
70, 6.301604e-01, 7.661032e-01
71, 6.303440e-01, 5.394016e-01
72, 6.515004e-01, 5.779301e-01
73, 6.732205e-01, 2.381867e-01
74, 6.736108e-01, 6.152723e-01
75, 6.737593e-01, 3.138359e-01
76, 6.739965e-01, 5.393129e-01
77, 6.951573e-01, 2.004580e-01
78, 6.955488e-01, 2.757915e-01
79, 6.957616e-01, 5.777904e-01
80, 7.165137e-01, 6.153569e-01
81, 7.170379e-01, 2.385666e-01
82, 7.173317e-01, 5.394466e-01
83, 7.386400e-01, 6.527570e-01
84, 7.387169e-01, 5.770492e-01
85, 7.388904e-01, 8.033801e-01
86, 7.389210e-01, 3.512247e-01
87, 7.392157e-01, 2.010219e-01
88, 7.602108e-01, 6.899142e-01
89, 7.607249e-01, 5.396073e-01
90, 7.607349e-01, 3.891348e-01
91, 7.821031e-01, 2.005276e-01
92, 7.822074e-01, 7.269901e-01
93, 7.825150e-01, 3.512977e-01
94, 8.038598e-01, 8.412072e-01
95, 8.040500e-01, 3.137619e-01
96, 8.041323e-01, 6.905460e-01
97, 8.043367e-01, 5.396560e-01
98, 8.255354e-01, 7.275147e-01
99, 8.260380e-01, 5.772485e-01
100, 8.260808e-01, 2.764807e-01
101, 1.731781e-01, 5.770040e-01
102, 1.733409e-01, 8.029714e-01
103, 1.741518e-01, 3.510553e-01
104, 1.952371e-01, 5.393577e-01
105, 1.737776e-01, 5.023672e-01
106, 1.738153e-01, 7.274901e-01
107, 1.744911e-01, 6.527484e-01
108, 1.955464e-01, 6.897446e-01
109, 2.170265e-01, 6.529437e-01
110, 1.956889e-01, 7.656397e-01
111, 1.956260e-01, 6.154763e-01
112, 1.956764e-01, 4.640087e-01
113, 1.957970e-01, 3.138898e-01
114, 1.960835e-01, 1.632450e-01
115, 1.957885e-01, 2.385219e-01
116, 1.961368e-01, 3.891139e-01
117, 2.172790e-01, 7.278113e-01
118, 2.173900e-01, 5.022690e-01
119, 2.173734e-01, 3.514765e-01
120, 2.173829e-01, 2.001778e-01
121, 2.386777e-01, 1.632588e-01
122, 2.171301e-01, 4.267749e-01
123, 2.385250e-01, 7.659013e-01
124, 2.396407e-01, 6.152243e-01
125, 2.394027e-01, 2.387057e-01
126, 2.393012e-01, 3.139908e-01
127, 2.387067e-01, 6.899514e-01
128, 2.606975e-01, 8.036496e-01
129, 2.606943e-01, 6.525631e-01
130, 2.608232e-01, 5.021805e-01
131, 2.610671e-01, 2.011868e-01
132, 2.606370e-01, 3.512172e-01
133, 2.607010e-01, 5.779538e-01
134, 2.821744e-01, 6.150889e-01
135, 2.611888e-01, 2.760630e-01
136, 2.606782e-01, 4.272569e-01
137, 2.610220e-01, 7.280368e-01
138, 2.828442e-01, 8.410301e-01
139, 2.826680e-01, 3.888317e-01
140, 2.822425e-01, 3.136878e-01
141, 2.823335e-01, 2.384493e-01
142, 2.828421e-01, 6.903424e-01
143, 2.827216e-01, 7.659053e-01
144, 3.041601e-01, 4.267647e-01
145, 2.825811e-01, 4.645074e-01
146, 3.042077e-01, 5.771394e-01
147, 3.043595e-01, 7.281040e-01
148, 3.256794e-01, 2.381406e-01
149, 3.044810e-01, 2.764626e-01
150, 3.040201e-01, 6.525123e-01
151, 3.259810e-01, 6.903375e-01
152, 3.262004e-01, 7.653069e-01
153, 3.259506e-01, 6.153807e-01
154, 3.263754e-01, 4.644537e-01
155, 3.263393e-01, 3.132469e-01
156, 3.474992e-01, 2.762941e-01
157, 3.263292e-01, 5.398433e-01
158, 3.259070e-01, 8.411952e-01
159, 3.480559e-01, 3.513912e-01
160, 3.481488e-01, 6.531407e-01
161, 3.476898e-01, 4.268098e-01
162, 3.481488e-01, 8.033688e-01
163, 3.696151e-01, 7.657865e-01
164, 3.701179e-01, 6.149654e-01
165, 3.695165e-01, 2.383958e-01
166, 3.692255e-01, 3.131537e-01
167, 3.697904e-01, 4.644024e-01
168, 3.909287e-01, 4.266989e-01
169, 3.912494e-01, 2.011712e-01
170, 3.911095e-01, 5.775597e-01
171, 3.911689e-01, 6.526651e-01
172, 3.915680e-01, 2.767020e-01
173, 3.914740e-01, 3.514537e-01
174, 3.914791e-01, 7.279507e-01
175, 4.127536e-01, 6.148856e-01
176, 4.131210e-01, 3.134735e-01
177, 4.344647e-01, 2.768549e-01
178, 4.131350e-01, 2.384505e-01
179, 4.347727e-01, 2.009323e-01
180, 4.129866e-01, 3.885530e-01
181, 4.131117e-01, 8.408438e-01
182, 4.343690e-01, 8.033314e-01
183, 4.352141e-01, 7.274998e-01
184, 4.564350e-01, 3.890269e-01
185, 4.569562e-01, 7.655231e-01
186, 4.566512e-01, 1.630752e-01
187, 4.564986e-01, 6.154270e-01
188, 4.566485e-01, 6.904630e-01
189, 4.783805e-01, 2.767877e-01
190, 4.782305e-01, 4.264924e-01
191, 4.782095e-01, 7.277053e-01
192, 4.998167e-01, 6.902862e-01
193, 5.005402e-01, 6.150787e-01
194, 5.213601e-01, 5.776046e-01
195, 5.001552e-01, 8.409982e-01
196, 4.998949e-01, 4.644929e-01
197, 5.002394e-01, 1.633730e-01
198, 5.215409e-01, 2.770555e-01
199, 5.002925e-01, 3.894873e-01
200, 5.215548e-01, 3.515510e-01
201, 4.994103e-01, 5.392933e-01
202, 5.216092e-01, 7.273612e-01
203, 5.215171e-01, 8.034100e-01
204, 5.216124e-01, 2.005535e-01
205, 5.221391e-01, 5.020051e-01
206, 5.432727e-01, 3.894604e-01
207, 5.219143e-01, 6.521727e-01
208, 5.438597e-01, 5.395228e-01
209, 5.437544e-01, 2.384136e-01
210, 5.431165e-01, 4.643198e-01
211, 5.430912e-01, 6.901375e-01
212, 5.652125e-01, 7.282453e-01
213, 5.432909e-01, 3.140958e-01
214, 5.430220e-01, 6.150640e-01
215, 5.433997e-01, 8.408959e-01
216, 5.654950e-01, 2.760163e-01
217, 5.653641e-01, 4.265435e-01
218, 5.866867e-01, 1.633740e-01
219, 5.650424e-01, 3.513112e-01
220, 5.866389e-01, 6.143099e-01
221, 5.867477e-01, 3.137757e-01
222, 5.868201e-01, 2.387396e-01
223, 6.081251e-01, 2.006468e-01
224, 5.872752e-01, 4.645387e-01
225, 5.869867e-01, 6.906782e-01
226, 6.083945e-01, 6.533826e-01
227, 6.089706e-01, 5.775385e-01
228, 6.084572e-01, 3.519807e-01
229, 6.087004e-01, 5.018334e-01
230, 6.086383e-01, 4.263547e-01
231, 6.300794e-01, 3.891200e-01
232, 6.083843e-01, 7.281410e-01
233, 6.307548e-01, 6.898418e-01
234, 6.303013e-01, 3.138644e-01
235, 6.304766e-01, 8.407838e-01
236, 6.308468e-01, 6.149367e-01
237, 6.308152e-01, 1.632377e-01
238, 6.309115e-01, 2.387804e-01
239, 6.522807e-01, 2.762463e-01
240, 6.521335e-01, 4.267896e-01
241, 6.524389e-01, 5.023074e-01
242, 6.738006e-01, 4.645605e-01
243, 6.525230e-01, 6.530588e-01
244, 6.521387e-01, 7.278601e-01
245, 6.523206e-01, 3.515000e-01
246, 6.523903e-01, 2.011644e-01
247, 6.518889e-01, 8.034856e-01
248, 6.738751e-01, 3.889016e-01
249, 6.740276e-01, 8.410404e-01
250, 6.737703e-01, 1.633553e-01
251, 6.743939e-01, 6.909335e-01
252, 6.741015e-01, 7.652965e-01
253, 6.950790e-01, 8.031270e-01
254, 6.955269e-01, 7.283266e-01
255, 6.957406e-01, 6.526315e-01
256, 6.953803e-01, 5.021776e-01
257, 6.957403e-01, 3.516290e-01
258, 6.959204e-01, 4.265391e-01
259, 7.169935e-01, 4.645249e-01
260, 7.173378e-01, 7.659120e-01
261, 7.175352e-01, 6.906340e-01
262, 7.175729e-01, 8.412139e-01
263, 7.175885e-01, 1.633581e-01
264, 7.174496e-01, 3.891174e-01
265, 7.172971e-01, 3.138354e-01
266, 7.393697e-01, 2.757666e-01
267, 7.606530e-01, 3.141688e-01
268, 7.387965e-01, 4.269250e-01
269, 7.386704e-01, 5.019704e-01
270, 7.609631e-01, 4.644600e-01
271, 7.393043e-01, 7.276710e-01
272, 7.608845e-01, 6.147007e-01
273, 7.610097e-01, 7.659185e-01
274, 7.609124e-01, 1.630648e-01
275, 7.606957e-01, 2.384687e-01
276, 7.609799e-01, 8.409504e-01
277, 7.828795e-01, 4.267432e-01
278, 7.826535e-01, 2.763013e-01
279, 7.823847e-01, 5.773570e-01
280, 7.826406e-01, 6.525581e-01
281, 7.824866e-01, 5.017578e-01
282, 7.823855e-01, 8.033156e-01
283, 8.043069e-01, 7.654118e-01
284, 8.043550e-01, 2.388248e-01
285, 8.045684e-01, 1.633566e-01
286, 8.044951e-01, 3.889353e-01
287, 8.044521e-01, 4.648516e-01
288, 8.041548e-01, 6.152760e-01
289, 8.260033e-01, 6.526875e-01
290, 8.256641e-01, 5.014054e-01
291, 8.256215e-01, 3.515413e-01
292, 8.263277e-01, 2.008289e-01
293, 8.261406e-01, 4.265772e-01
294, 8.258358e-01, 8.030523e-01
295, 1.500000e-01, 3.931229e-01
296, 1.500000e-01, 3.104497e-01
297, 1.500000e-01, 3.857019e-01
298, 1.500000e-01, 4.263590e-01
299, 1.500000e-01, 3.173179e-01
300, 1.500000e-01, 3.511549e-01
301, 1.500000e-01, 2.420409e-01
302, 1.500000e-01, 2.762569e-01
303, 1.500000e-01, 1.592638e-01
304, 1.500000e-01, 1.668760e-01
305, 1.500000e-01, 2.346429e-01
306, 1.500000e-01, 2.007966e-01
307, 1.500000e-01, 6.941719e-01
308, 1.500000e-01, 5.438529e-01
309, 1.500000e-01, 5.770132e-01
310, 1.500000e-01, 5.369499e-01
311, 1.500000e-01, 5.024027e-01
312, 1.500000e-01, 6.861747e-01
313, 1.500000e-01, 6.526474e-01
314, 1.500000e-01, 7.695985e-01
315, 1.500000e-01, 8.368909e-01
316, 1.500000e-01, 8.030580e-01
317, 1.500000e-01, 7.614376e-01
318, 1.500000e-01, 7.277970e-01
319, 1.500000e-01, 8.445548e-01
320, 1.574473e-01, 8.500000e-01
321, 1.597819e-01, 1.500000e-01
322, 1.899971e-01, 8.500000e-01
323, 1.882380e-01, 1.500000e-01
324, 2.033888e-01, 1.500000e-01
325, 2.007137e-01, 8.500000e-01
326, 2.310765e-01, 1.500000e-01
327, 2.334062e-01, 8.500000e-01
328, 2.465878e-01, 1.500000e-01
329, 2.440883e-01, 8.500000e-01
330, 2.749184e-01, 1.500000e-01
331, 2.777106e-01, 8.500000e-01
332, 2.896339e-01, 1.500000e-01
333, 2.879832e-01, 8.500000e-01
334, 3.208233e-01, 8.500000e-01
335, 3.180655e-01, 1.500000e-01
336, 3.309770e-01, 8.500000e-01
337, 3.334656e-01, 1.500000e-01
338, 3.639839e-01, 8.500000e-01
339, 3.617913e-01, 1.500000e-01
340, 3.769139e-01, 1.500000e-01
341, 3.747159e-01, 8.500000e-01
342, 4.052941e-01, 1.500000e-01
343, 4.078488e-01, 8.500000e-01
344, 4.183208e-01, 8.500000e-01
345, 4.205970e-01, 1.500000e-01
346, 4.515066e-01, 8.500000e-01
347, 4.491495e-01, 1.500000e-01
348, 4.641230e-01, 1.500000e-01
349, 4.614761e-01, 8.500000e-01
350, 4.949009e-01, 8.500000e-01
351, 4.923847e-01, 1.500000e-01
352, 5.053795e-01, 8.500000e-01
353, 5.078068e-01, 1.500000e-01
354, 5.353803e-01, 1.500000e-01
355, 5.380893e-01, 8.500000e-01
356, 5.508960e-01, 1.500000e-01
357, 5.485663e-01, 8.500000e-01
358, 5.790476e-01, 1.500000e-01
359, 5.815705e-01, 8.500000e-01
360, 5.923299e-01, 8.500000e-01
361, 5.944015e-01, 1.500000e-01
362, 6.251780e-01, 8.500000e-01
363, 6.231248e-01, 1.500000e-01
364, 6.382843e-01, 1.500000e-01
365, 6.359317e-01, 8.500000e-01
366, 6.687900e-01, 8.500000e-01
367, 6.660977e-01, 1.500000e-01
368, 6.814992e-01, 1.500000e-01
369, 6.790843e-01, 8.500000e-01
370, 7.099550e-01, 1.500000e-01
371, 7.121654e-01, 8.500000e-01
372, 7.225246e-01, 8.500000e-01
373, 7.253279e-01, 1.500000e-01
374, 7.534856e-01, 1.500000e-01
375, 7.556438e-01, 8.500000e-01
376, 7.662643e-01, 8.500000e-01
377, 7.685665e-01, 1.500000e-01
378, 7.969652e-01, 1.500000e-01
379, 7.988275e-01, 8.500000e-01
380, 8.089644e-01, 8.500000e-01
381, 8.120858e-01, 1.500000e-01
382, 8.500000e-01, 5.773232e-01
383, 8.423172e-01, 8.500000e-01
384, 8.397038e-01, 1.500000e-01
385, 8.500000e-01, 3.517452e-01
386, 8.500000e-01, 2.762184e-01
387, 8.500000e-01, 7.278098e-01
388, 8.500000e-01, 2.008895e-01
389, 8.500000e-01, 4.266425e-01
390, 8.500000e-01, 5.015640e-01
391, 8.500000e-01, 6.525938e-01
392, 8.500000e-01, 8.031626e-01
393, 8.500000e-01, 7.697093e-01
394, 8.500000e-01, 6.197576e-01
395, 8.500000e-01, 3.845505e-01
396, 8.500000e-01, 1.683411e-01
397, 8.500000e-01, 6.862430e-01
398, 8.500000e-01, 1.584614e-01
399, 8.500000e-01, 2.346627e-01
400, 8.500000e-01, 2.421745e-01
401, 8.500000e-01, 3.095671e-01
402, 8.500000e-01, 3.173489e-01
403, 8.500000e-01, 3.924968e-01
404, 8.500000e-01, 6.945537e-01
405, 8.500000e-01, 6.115588e-01
406, 8.500000e-01, 8.366740e-01
407, 8.500000e-01, 7.619355e-01
408, 8.500000e-01, 8.445703e-01
409, 1.511333e-01, 1.631173e-01
410, 1.510814e-01, 2.382792e-01
411, 1.510130e-01, 3.138645e-01
412, 1.511827e-01, 6.901682e-01
413, 1.510900e-01, 3.894708e-01
414, 1.511980e-01, 7.654376e-01
415, 1.509763e-01, 5.404449e-01
416, 1.511000e-01, 8.407374e-01
417, 1.502220e-01, 6.142042e-01
418, 1.501854e-01, 4.637205e-01
419, 8.497819e-01, 5.394330e-01
420, 8.485593e-01, 1.634861e-01
421, 8.489250e-01, 2.384016e-01
422, 8.488948e-01, 3.134245e-01
423, 8.488243e-01, 3.885183e-01
424, 8.497708e-01, 4.644755e-01
425, 8.487719e-01, 6.904209e-01
426, 8.487845e-01, 6.157304e-01
427, 8.488622e-01, 7.657971e-01
428, 8.488642e-01, 8.405694e-01
