1, 1.514052e-01, 3.666772e-01
2, 1.558424e-01, 5.772433e-01
3, 1.559502e-01, 4.543792e-01
4, 1.561054e-01, 1.665931e-01
5, 1.564904e-01, 7.129046e-01
6, 1.571850e-01, 2.606186e-01
7, 1.572072e-01, 5.974845e-01
8, 1.572747e-01, 6.899382e-01
9, 1.574316e-01, 3.129608e-01
10, 1.576528e-01, 4.344637e-01
11, 1.587772e-01, 8.337426e-01
12, 1.592761e-01, 7.394871e-01
13, 1.605943e-01, 5.731108e-01
14, 1.611497e-01, 7.176704e-01
15, 1.626986e-01, 5.462854e-01
16, 1.627749e-01, 4.032381e-01
17, 1.640904e-01, 4.287329e-01
18, 1.669119e-01, 3.355438e-01
19, 1.675280e-01, 4.816645e-01
20, 1.680418e-01, 6.595455e-01
21, 1.689176e-01, 2.048037e-01
22, 1.696873e-01, 6.220805e-01
23, 1.702650e-01, 2.248631e-01
24, 1.703882e-01, 7.182889e-01
25, 1.712123e-01, 7.974429e-01
26, 1.713947e-01, 3.696684e-01
27, 1.723981e-01, 3.234602e-01
28, 1.727783e-01, 2.512712e-01
29, 1.731188e-01, 5.193711e-01
30, 1.732265e-01, 4.297970e-01
31, 1.735062e-01, 7.688099e-01
32, 1.754219e-01, 6.145718e-01
33, 1.754667e-01, 2.170038e-01
34, 1.760713e-01, 8.227448e-01
35, 1.769574e-01, 2.416697e-01
36, 1.773833e-01, 6.399835e-01
37, 1.775732e-01, 4.641823e-01
38, 1.781351e-01, 7.859290e-01
39, 1.784176e-01, 6.140989e-01
40, 1.785332e-01, 2.879249e-01
41, 1.786038e-01, 7.491237e-01
42, 1.788359e-01, 8.137016e-01
43, 1.788504e-01, 3.609851e-01
44, 1.809981e-01, 7.571830e-01
45, 1.813473e-01, 3.915529e-01
46, 1.822139e-01, 3.883886e-01
47, 1.827651e-01, 5.334422e-01
48, 1.828082e-01, 5.027508e-01
49, 1.829493e-01, 4.622882e-01
50, 1.849182e-01, 7.364473e-01
51, 1.854832e-01, 3.186638e-01
52, 1.855545e-01, 2.792100e-01
53, 1.876393e-01, 4.518596e-01
54, 1.881438e-01, 6.908809e-01
55, 1.890212e-01, 5.715290e-01
56, 1.900616e-01, 3.086743e-01
57, 1.904233e-01, 4.109871e-01
58, 1.924348e-01, 1.610468e-01
59, 1.931760e-01, 3.809345e-01
60, 1.942177e-01, 3.614301e-01
61, 1.955272e-01, 6.684579e-01
62, 1.964273e-01, 2.344309e-01
63, 1.967994e-01, 5.612953e-01
64, 1.968280e-01, 2.178817e-01
65, 1.976574e-01, 6.415966e-01
66, 1.979607e-01, 4.751896e-01
67, 1.981562e-01, 7.872732e-01
68, 1.982602e-01, 8.057997e-01
69, 1.983911e-01, 3.290373e-01
70, 1.987773e-01, 6.244596e-01
71, 1.989547e-01, 5.208760e-01
72, 1.989704e-01, 3.577006e-01
73, 1.992751e-01, 7.632170e-01
74, 1.994068e-01, 5.875143e-01
75, 2.010351e-01, 5.012217e-01
76, 2.013830e-01, 2.141908e-01
77, 2.021504e-01, 1.908899e-01
78, 2.045606e-01, 7.804892e-01
79, 2.068938e-01, 3.045939e-01
80, 2.087834e-01, 2.769391e-01
81, 2.089970e-01, 5.877053e-01
82, 2.114242e-01, 1.577119e-01
83, 2.116389e-01, 3.848903e-01
84, 2.118314e-01, 7.332188e-01
85, 2.121704e-01, 4.170691e-01
86, 2.122078e-01, 5.642744e-01
87, 2.127824e-01, 1.849874e-01
88, 2.129209e-01, 6.946717e-01
89, 2.129728e-01, 7.504066e-01
90, 2.133118e-01, 6.799048e-01
91, 2.139557e-01, 8.162751e-01
92, 2.142824e-01, 4.431973e-01
93, 2.144167e-01, 5.814758e-01
94, 2.144322e-01, 3.227835e-01
95, 2.145122e-01, 1.550900e-01
96, 2.152641e-01, 6.156179e-01
97, 2.154940e-01, 8.365520e-01
98, 2.161545e-01, 4.628468e-01
99, 2.162102e-01, 3.111949e-01
100, 2.173536e-01, 7.266935e-01
101, 2.176378e-01, 4.124446e-01
102, 2.183558e-01, 2.491855e-01
103, 2.183707e-01, 2.673610e-01
104, 2.185264e-01, 7.013803e-01
105, 2.230084e-01, 3.621698e-01
106, 2.231177e-01, 3.718894e-01
107, 2.245928e-01, 6.395280e-01
108, 2.248659e-01, 5.526533e-01
109, 2.250410e-01, 5.030323e-01
110, 2.253129e-01, 6.194443e-01
111, 2.258398e-01, 5.322195e-01
112, 2.260799e-01, 6.731904e-01
113, 2.272636e-01, 7.824416e-01
114, 2.276917e-01, 1.891273e-01
115, 2.294997e-01, 5.300891e-01
116, 2.296334e-01, 6.458112e-01
117, 2.302580e-01, 2.403891e-01
118, 2.305676e-01, 4.986084e-01
119, 2.308087e-01, 7.590440e-01
120, 2.320413e-01, 4.713000e-01
121, 2.322916e-01, 3.526895e-01
122, 2.323810e-01, 8.037103e-01
123, 2.334755e-01, 7.885145e-01
124, 2.339255e-01, 3.387176e-01
125, 2.343935e-01, 4.418867e-01
126, 2.345145e-01, 7.246763e-01
127, 2.346078e-01, 7.031080e-01
128, 2.366396e-01, 5.513070e-01
129, 2.377997e-01, 2.708394e-01
130, 2.380666e-01, 5.853883e-01
131, 2.386836e-01, 4.148398e-01
132, 2.391921e-01, 1.587480e-01
133, 2.400777e-01, 7.127273e-01
134, 2.419186e-01, 1.791331e-01
135, 2.434157e-01, 5.373860e-01
136, 2.440462e-01, 3.067945e-01
137, 2.441143e-01, 1.667619e-01
138, 2.443647e-01, 8.385053e-01
139, 2.451817e-01, 4.275336e-01
140, 2.460197e-01, 2.486967e-01
141, 2.461100e-01, 6.093328e-01
142, 2.473280e-01, 6.853761e-01
143, 2.480382e-01, 4.625288e-01
144, 2.489548e-01, 2.880068e-01
145, 2.495980e-01, 4.973322e-01
146, 2.496412e-01, 7.890578e-01
147, 2.502562e-01, 3.261457e-01
148, 2.506124e-01, 6.102989e-01
149, 2.508790e-01, 8.140039e-01
150, 2.514051e-01, 5.699224e-01
151, 2.521982e-01, 3.169895e-01
152, 2.523603e-01, 8.280690e-01
153, 2.531327e-01, 3.561150e-01
154, 2.546831e-01, 6.836274e-01
155, 2.547878e-01, 3.931472e-01
156, 2.548270e-01, 2.120676e-01
157, 2.549035e-01, 2.458117e-01
158, 2.572833e-01, 5.343507e-01
159, 2.575550e-01, 2.065381e-01
160, 2.584802e-01, 8.017851e-01
161, 2.586079e-01, 4.649270e-01
162, 2.597891e-01, 3.396520e-01
163, 2.600069e-01, 1.616860e-01
164, 2.601212e-01, 6.878094e-01
165, 2.614363e-01, 6.488462e-01
166, 2.615191e-01, 4.738576e-01
167, 2.622382e-01, 7.679277e-01
168, 2.625571e-01, 2.272854e-01
169, 2.628831e-01, 8.361178e-01
170, 2.633388e-01, 7.086258e-01
171, 2.634356e-01, 5.195181e-01
172, 2.647011e-01, 6.541165e-01
173, 2.652467e-01, 3.749250e-01
174, 2.655693e-01, 4.576688e-01
175, 2.660232e-01, 6.336606e-01
176, 2.661380e-01, 4.321302e-01
177, 2.671562e-01, 5.689741e-01
178, 2.675532e-01, 3.118617e-01
179, 2.687349e-01, 5.431738e-01
180, 2.705143e-01, 5.979465e-01
181, 2.713330e-01, 4.025198e-01
182, 2.730239e-01, 2.858709e-01
183, 2.741334e-01, 7.372705e-01
184, 2.741536e-01, 7.181172e-01
185, 2.743207e-01, 4.248070e-01
186, 2.753634e-01, 2.840663e-01
187, 2.773605e-01, 4.625656e-01
188, 2.780651e-01, 4.776047e-01
189, 2.781325e-01, 2.595630e-01
190, 2.789216e-01, 7.678350e-01
191, 2.791392e-01, 6.537911e-01
192, 2.809562e-01, 3.186148e-01
193, 2.816814e-01, 7.424543e-01
194, 2.817234e-01, 6.330193e-01
195, 2.829078e-01, 6.032081e-01
196, 2.834211e-01, 3.395076e-01
197, 2.834646e-01, 3.920968e-01
198, 2.839290e-01, 2.566432e-01
199, 2.839358e-01, 7.997834e-01
200, 2.844528e-01, 7.740861e-01
201, 2.859077e-01, 5.176838e-01
202, 2.861757e-01, 2.009519e-01
203, 2.866153e-01, 1.838483e-01
204, 2.870642e-01, 5.368854e-01
205, 2.879831e-01, 4.884325e-01
206, 2.882209e-01, 6.271133e-01
207, 2.885735e-01, 2.029523e-01
208, 2.898061e-01, 6.704065e-01
209, 2.902573e-01, 5.210622e-01
210, 2.904284e-01, 6.644838e-01
211, 2.906628e-01, 8.236422e-01
212, 2.909540e-01, 3.475338e-01
213, 2.921244e-01, 7.189667e-01
214, 2.949283e-01, 7.341410e-01
215, 2.969809e-01, 5.668946e-01
216, 2.976336e-01, 5.484063e-01
217, 2.985264e-01, 4.257982e-01
218, 2.991477e-01, 3.061119e-01
219, 3.001140e-01, 2.865072e-01
220, 3.014505e-01, 2.651955e-01
221, 3.016809e-01, 4.015665e-01
222, 3.026750e-01, 5.727599e-01
223, 3.029852e-01, 5.897929e-01
224, 3.037106e-01, 8.287283e-01
225, 3.042464e-01, 6.284263e-01
226, 3.052694e-01, 7.057850e-01
227, 3.053834e-01, 2.277930e-01
228, 3.054245e-01, 4.463794e-01
229, 3.055314e-01, 4.313036e-01
230, 3.067407e-01, 8.034319e-01
231, 3.072064e-01, 6.870119e-01
232, 3.083240e-01, 1.651824e-01
233, 3.095138e-01, 3.485972e-01
234, 3.101210e-01, 5.141631e-01
235, 3.115860e-01, 2.033663e-01
236, 3.127417e-01, 3.732426e-01
237, 3.131472e-01, 6.589043e-01
238, 3.136162e-01, 7.752260e-01
239, 3.142062e-01, 8.204294e-01
240, 3.155679e-01, 4.943603e-01
241, 3.161642e-01, 2.125553e-01
242, 3.166931e-01, 4.973291e-01
243, 3.169260e-01, 2.873119e-01
244, 3.179857e-01, 6.496003e-01
245, 3.183073e-01, 3.634325e-01
246, 3.188158e-01, 5.996862e-01
247, 3.189709e-01, 7.859093e-01
248, 3.193063e-01, 3.906636e-01
249, 3.202765e-01, 6.062169e-01
250, 3.209832e-01, 5.398000e-01
251, 3.226225e-01, 5.718251e-01
252, 3.227773e-01, 8.220742e-01
253, 3.231312e-01, 6.765758e-01
254, 3.240396e-01, 5.299289e-01
255, 3.243483e-01, 3.230723e-01
256, 3.249254e-01, 4.275598e-01
257, 3.261582e-01, 1.799966e-01
258, 3.269064e-01, 3.933204e-01
259, 3.273175e-01, 2.642100e-01
260, 3.273835e-01, 3.219936e-01
261, 3.275377e-01, 7.477970e-01
262, 3.278403e-01, 5.801955e-01
263, 3.303141e-01, 8.428629e-01
264, 3.306414e-01, 5.585875e-01
265, 3.306452e-01, 6.783664e-01
266, 3.326198e-01, 4.156079e-01
267, 3.334653e-01, 3.070102e-01
268, 3.345033e-01, 7.114600e-01
269, 3.371738e-01, 3.276037e-01
270, 3.372547e-01, 4.431920e-01
271, 3.383843e-01, 1.642005e-01
272, 3.389170e-01, 1.883604e-01
273, 3.390338e-01, 7.891545e-01
274, 3.398309e-01, 7.303164e-01
275, 3.405451e-01, 2.144092e-01
276, 3.406388e-01, 8.111779e-01
277, 3.419005e-01, 5.243488e-01
278, 3.437693e-01, 6.974444e-01
279, 3.438605e-01, 3.805592e-01
280, 3.441979e-01, 6.250135e-01
281, 3.452304e-01, 2.185882e-01
282, 3.466286e-01, 6.973385e-01
283, 3.469505e-01, 6.657530e-01
284, 3.472283e-01, 2.356017e-01
285, 3.477541e-01, 7.601393e-01
286, 3.483517e-01, 5.007895e-01
287, 3.484718e-01, 1.643833e-01
288, 3.487032e-01, 7.777840e-01
289, 3.495561e-01, 4.761981e-01
290, 3.504443e-01, 1.819682e-01
291, 3.516584e-01, 8.174678e-01
292, 3.535233e-01, 4.420537e-01
293, 3.540160e-01, 4.184968e-01
294, 3.547192e-01, 6.719871e-01
295, 3.547217e-01, 7.551387e-01
296, 3.548698e-01, 2.662314e-01
297, 3.558003e-01, 5.721361e-01
298, 3.559868e-01, 7.306476e-01
299, 3.568123e-01, 5.339068e-01
300, 3.574740e-01, 8.442332e-01
301, 3.583048e-01, 4.716365e-01
302, 3.587289e-01, 3.039482e-01
303, 3.598090e-01, 3.209085e-01
304, 3.601324e-01, 2.451515e-01
305, 3.602058e-01, 1.546905e-01
306, 3.604588e-01, 3.877305e-01
307, 3.607742e-01, 3.060375e-01
308, 3.611410e-01, 5.033127e-01
309, 3.613778e-01, 4.501718e-01
310, 3.613988e-01, 7.110061e-01
311, 3.614580e-01, 7.259526e-01
312, 3.631552e-01, 4.095528e-01
313, 3.636416e-01, 2.780621e-01
314, 3.664818e-01, 5.272683e-01
315, 3.666678e-01, 6.183356e-01
316, 3.676629e-01, 7.775934e-01
317, 3.692646e-01, 5.836034e-01
318, 3.695501e-01, 7.615587e-01
319, 3.699335e-01, 6.431136e-01
320, 3.711459e-01, 4.517095e-01
321, 3.718816e-01, 3.830000e-01
322, 3.727439e-01, 1.946479e-01
323, 3.734170e-01, 2.411906e-01
324, 3.737477e-01, 6.226218e-01
325, 3.737909e-01, 4.763904e-01
326, 3.740422e-01, 8.409550e-01
327, 3.745465e-01, 3.552272e-01
328, 3.747684e-01, 8.140750e-01
329, 3.750860e-01, 3.347222e-01
330, 3.764396e-01, 7.852178e-01
331, 3.766580e-01, 4.900384e-01
332, 3.770936e-01, 4.107558e-01
333, 3.771006e-01, 7.266897e-01
334, 3.776909e-01, 3.046493e-01
335, 3.782537e-01, 6.670495e-01
336, 3.782537e-01, 6.518941e-01
337, 3.800871e-01, 4.686389e-01
338, 3.815240e-01, 5.603571e-01
339, 3.824508e-01, 5.832585e-01
340, 3.827698e-01, 7.073355e-01
341, 3.835817e-01, 8.218017e-01
342, 3.854658e-01, 4.237857e-01
343, 3.859557e-01, 1.564918e-01
344, 3.860881e-01, 2.774055e-01
345, 3.864849e-01, 7.121550e-01
346, 3.867745e-01, 6.732508e-01
347, 3.884970e-01, 5.688228e-01
348, 3.896682e-01, 6.146810e-01
349, 3.905646e-01, 6.809986e-01
350, 3.911484e-01, 6.505609e-01
351, 3.924609e-01, 4.933490e-01
352, 3.932179e-01, 3.911633e-01
353, 3.932218e-01, 6.035653e-01
354, 3.943037e-01, 6.536591e-01
355, 3.948331e-01, 1.780760e-01
356, 3.953868e-01, 1.749429e-01
357, 3.957788e-01, 4.720647e-01
358, 3.963045e-01, 3.570552e-01
359, 3.972617e-01, 2.150654e-01
360, 3.992059e-01, 4.859610e-01
361, 3.993372e-01, 8.190741e-01
362, 4.019684e-01, 5.137718e-01
363, 4.024079e-01, 6.270381e-01
364, 4.025352e-01, 7.812921e-01
365, 4.025885e-01, 2.266009e-01
366, 4.034450e-01, 3.706201e-01
367, 4.050701e-01, 3.399726e-01
368, 4.052494e-01, 5.648448e-01
369, 4.084411e-01, 7.709954e-01
370, 4.084706e-01, 7.139392e-01
371, 4.086644e-01, 5.480527e-01
372, 4.088949e-01, 1.974372e-01
373, 4.101215e-01, 6.928376e-01
374, 4.110338e-01, 2.763017e-01
375, 4.125012e-01, 7.316097e-01
376, 4.135840e-01, 4.034395e-01
377, 4.136732e-01, 7.998942e-01
378, 4.137978e-01, 7.203698e-01
379, 4.138775e-01, 8.285467e-01
380, 4.140443e-01, 4.192420e-01
381, 4.150972e-01, 2.600674e-01
382, 4.169263e-01, 1.658429e-01
383, 4.187255e-01, 5.985098e-01
384, 4.188112e-01, 4.246329e-01
385, 4.191418e-01, 4.608874e-01
386, 4.216552e-01, 3.132166e-01
387, 4.218787e-01, 7.735971e-01
388, 4.221301e-01, 4.621676e-01
389, 4.225768e-01, 6.017125e-01
390, 4.231365e-01, 5.825613e-01
391, 4.233331e-01, 7.995349e-01
392, 4.234602e-01, 1.944453e-01
393, 4.236634e-01, 1.720269e-01
394, 4.241390e-01, 8.233759e-01
395, 4.242379e-01, 2.900782e-01
396, 4.252002e-01, 4.853964e-01
397, 4.257989e-01, 3.379939e-01
398, 4.260898e-01, 6.286870e-01
399, 4.268466e-01, 6.446399e-01
400, 4.275242e-01, 8.035211e-01
401, 4.291510e-01, 4.895398e-01
402, 4.291660e-01, 5.354303e-01
403, 4.293504e-01, 2.305302e-01
404, 4.293950e-01, 3.222408e-01
405, 4.295927e-01, 3.434349e-01
406, 4.304240e-01, 5.156340e-01
407, 4.306644e-01, 2.536720e-01
408, 4.308438e-01, 3.936291e-01
409, 4.308734e-01, 1.994637e-01
410, 4.314493e-01, 2.281257e-01
411, 4.323645e-01, 3.699756e-01
412, 4.324742e-01, 7.647493e-01
413, 4.335766e-01, 7.469500e-01
414, 4.346192e-01, 6.829793e-01
415, 4.351289e-01, 2.561611e-01
416, 4.367030e-01, 6.564299e-01
417, 4.379262e-01, 2.860411e-01
418, 4.398882e-01, 7.144880e-01
419, 4.408214e-01, 8.376816e-01
420, 4.415916e-01, 1.649901e-01
421, 4.417409e-01, 2.819534e-01
422, 4.424286e-01, 3.167406e-01
423, 4.425720e-01, 3.689266e-01
424, 4.433355e-01, 4.017881e-01
425, 4.436192e-01, 6.882366e-01
426, 4.441565e-01, 7.094843e-01
427, 4.457786e-01, 5.163888e-01
428, 4.475473e-01, 7.406545e-01
429, 4.478781e-01, 5.451143e-01
430, 4.480832e-01, 4.426480e-01
431, 4.487440e-01, 1.975463e-01
432, 4.502266e-01, 5.728121e-01
433, 4.503040e-01, 6.562372e-01
434, 4.510806e-01, 6.307263e-01
435, 4.511850e-01, 2.257355e-01
436, 4.532167e-01, 3.452146e-01
437, 4.541813e-01, 8.061868e-01
438, 4.551758e-01, 7.643102e-01
439, 4.558112e-01, 6.461792e-01
440, 4.560826e-01, 5.385328e-01
441, 4.564843e-01, 4.889386e-01
442, 4.566620e-01, 1.825153e-01
443, 4.580844e-01, 3.536605e-01
444, 4.585645e-01, 6.807485e-01
445, 4.588508e-01, 2.102737e-01
446, 4.593554e-01, 7.458181e-01
447, 4.601448e-01, 6.768472e-01
448, 4.602093e-01, 7.526103e-01
449, 4.613318e-01, 4.995791e-01
450, 4.614723e-01, 2.470600e-01
451, 4.616937e-01, 3.202890e-01
452, 4.626263e-01, 4.283703e-01
453, 4.628689e-01, 8.167076e-01
454, 4.643439e-01, 3.914404e-01
455, 4.653451e-01, 7.769924e-01
456, 4.661421e-01, 6.014825e-01
457, 4.671241e-01, 7.110570e-01
458, 4.673727e-01, 6.123453e-01
459, 4.684406e-01, 2.844257e-01
460, 4.685150e-01, 5.740279e-01
461, 4.690448e-01, 4.558470e-01
462, 4.694126e-01, 1.793318e-01
463, 4.697714e-01, 2.502888e-01
464, 4.701241e-01, 8.190110e-01
465, 4.706948e-01, 7.058462e-01
466, 4.714332e-01, 4.676536e-01
467, 4.719654e-01, 3.924410e-01
468, 4.735063e-01, 5.420778e-01
469, 4.744280e-01, 2.739753e-01
470, 4.747749e-01, 5.876766e-01
471, 4.750277e-01, 2.991838e-01
472, 4.751329e-01, 4.463274e-01
473, 4.752572e-01, 7.289425e-01
474, 4.765889e-01, 1.586904e-01
475, 4.778162e-01, 4.108140e-01
476, 4.779818e-01, 7.750132e-01
477, 4.790316e-01, 7.701900e-01
478, 4.798024e-01, 8.383676e-01
479, 4.832646e-01, 4.748792e-01
480, 4.840153e-01, 2.066079e-01
481, 4.844536e-01, 4.997834e-01
482, 4.844918e-01, 3.565012e-01
483, 4.851719e-01, 3.798169e-01
484, 4.857151e-01, 6.499063e-01
485, 4.858808e-01, 3.360653e-01
486, 4.858898e-01, 6.644818e-01
487, 4.858928e-01, 1.941228e-01
488, 4.866876e-01, 8.105242e-01
489, 4.869984e-01, 2.440560e-01
490, 4.877706e-01, 3.607813e-01
491, 4.888269e-01, 5.037205e-01
492, 4.904295e-01, 2.131897e-01
493, 4.923030e-01, 6.224497e-01
494, 4.924706e-01, 7.899569e-01
495, 4.928822e-01, 5.243281e-01
496, 4.937899e-01, 6.415312e-01
497, 4.952206e-01, 7.089021e-01
498, 4.982646e-01, 5.642573e-01
499, 4.985061e-01, 2.479506e-01
500, 4.985613e-01, 7.280150e-01
501, 5.001974e-01, 4.141225e-01
502, 5.017845e-01, 2.713636e-01
503, 5.018903e-01, 3.217374e-01
504, 5.019096e-01, 3.908564e-01
505, 5.021844e-01, 1.855710e-01
506, 5.022353e-01, 7.544059e-01
507, 5.026576e-01, 8.144000e-01
508, 5.030425e-01, 7.316287e-01
509, 5.034270e-01, 4.621681e-01
510, 5.039256e-01, 2.155157e-01
511, 5.044651e-01, 6.135820e-01
512, 5.047631e-01, 2.747642e-01
513, 5.064181e-01, 2.413124e-01
514, 5.070087e-01, 6.741470e-01
515, 5.086377e-01, 6.897436e-01
516, 5.106429e-01, 7.917379e-01
517, 5.106691e-01, 8.073557e-01
518, 5.116742e-01, 5.153782e-01
519, 5.117261e-01, 5.074519e-01
520, 5.119708e-01, 3.615328e-01
521, 5.124788e-01, 2.073950e-01
522, 5.130816e-01, 6.706397e-01
523, 5.139746e-01, 6.469637e-01
524, 5.143672e-01, 1.930972e-01
525, 5.155740e-01, 7.650327e-01
526, 5.157358e-01, 7.860638e-01
527, 5.168067e-01, 4.431636e-01
528, 5.168161e-01, 3.855719e-01
529, 5.173953e-01, 6.182803e-01
530, 5.179920e-01, 4.132726e-01
531, 5.181243e-01, 3.036815e-01
532, 5.184710e-01, 6.428425e-01
533, 5.204586e-01, 4.717472e-01
534, 5.214879e-01, 2.727736e-01
535, 5.220786e-01, 7.327227e-01
536, 5.225361e-01, 4.957077e-01
537, 5.227684e-01, 6.882853e-01
538, 5.237804e-01, 3.903786e-01
539, 5.242956e-01, 3.311524e-01
540, 5.246503e-01, 3.506079e-01
541, 5.256209e-01, 8.367537e-01
542, 5.264186e-01, 4.257223e-01
543, 5.264314e-01, 4.677369e-01
544, 5.275756e-01, 6.802470e-01
545, 5.290410e-01, 4.607403e-01
546, 5.292523e-01, 5.532873e-01
547, 5.299184e-01, 3.258127e-01
548, 5.306547e-01, 1.607940e-01
549, 5.308738e-01, 5.933679e-01
550, 5.325469e-01, 2.485675e-01
551, 5.328464e-01, 6.790039e-01
552, 5.332143e-01, 3.260789e-01
553, 5.333133e-01, 2.868789e-01
554, 5.338761e-01, 8.206909e-01
555, 5.342021e-01, 7.180730e-01
556, 5.356358e-01, 6.128617e-01
557, 5.356681e-01, 5.355539e-01
558, 5.365039e-01, 3.533475e-01
559, 5.374467e-01, 4.952334e-01
560, 5.376615e-01, 6.057286e-01
561, 5.376656e-01, 1.808364e-01
562, 5.381409e-01, 1.776541e-01
563, 5.386791e-01, 2.461308e-01
564, 5.404206e-01, 7.868179e-01
565, 5.405188e-01, 6.382482e-01
566, 5.413541e-01, 5.342829e-01
567, 5.420074e-01, 8.179995e-01
568, 5.442717e-01, 6.288544e-01
569, 5.445086e-01, 2.190537e-01
570, 5.445910e-01, 3.834378e-01
571, 5.455005e-01, 5.705578e-01
572, 5.466139e-01, 3.390428e-01
573, 5.473561e-01, 2.311882e-01
574, 5.477357e-01, 7.992370e-01
575, 5.478091e-01, 5.007682e-01
576, 5.487914e-01, 6.523789e-01
577, 5.497256e-01, 7.703880e-01
578, 5.501151e-01, 3.708174e-01
579, 5.554893e-01, 5.138355e-01
580, 5.554898e-01, 7.356555e-01
581, 5.556212e-01, 4.491058e-01
582, 5.558428e-01, 4.265519e-01
583, 5.567088e-01, 7.165393e-01
584, 5.569867e-01, 2.888392e-01
585, 5.577295e-01, 1.982866e-01
586, 5.581387e-01, 6.958955e-01
587, 5.581935e-01, 5.950255e-01
588, 5.583143e-01, 1.650754e-01
589, 5.592603e-01, 3.058376e-01
590, 5.600192e-01, 8.281525e-01
591, 5.600917e-01, 2.860825e-01
592, 5.604545e-01, 5.480840e-01
593, 5.608016e-01, 7.125508e-01
594, 5.629094e-01, 2.597553e-01
595, 5.652338e-01, 3.989087e-01
596, 5.653552e-01, 6.003517e-01
597, 5.665755e-01, 5.149156e-01
598, 5.666293e-01, 3.396818e-01
599, 5.667863e-01, 7.695869e-01
600, 5.668114e-01, 4.965985e-01
601, 5.678024e-01, 3.680211e-01
602, 5.683756e-01, 6.521721e-01
603, 5.696814e-01, 8.238687e-01
604, 5.702321e-01, 7.732492e-01
605, 5.705114e-01, 7.477983e-01
606, 5.709884e-01, 3.966152e-01
607, 5.713646e-01, 2.570789e-01
608, 5.714796e-01, 3.463160e-01
609, 5.720346e-01, 7.961027e-01
610, 5.729834e-01, 5.380097e-01
611, 5.736359e-01, 1.748158e-01
612, 5.736369e-01, 3.154510e-01
613, 5.744427e-01, 5.216627e-01
614, 5.751092e-01, 2.614871e-01
615, 5.752211e-01, 2.832467e-01
616, 5.759411e-01, 3.754717e-01
617, 5.771657e-01, 8.007587e-01
618, 5.779943e-01, 6.857247e-01
619, 5.794187e-01, 7.104301e-01
620, 5.796504e-01, 4.641202e-01
621, 5.797680e-01, 6.630110e-01
622, 5.820092e-01, 5.681572e-01
623, 5.820898e-01, 4.783582e-01
624, 5.821221e-01, 5.441959e-01
625, 5.826053e-01, 4.051056e-01
626, 5.832715e-01, 7.408760e-01
627, 5.841599e-01, 6.939987e-01
628, 5.856206e-01, 4.234385e-01
629, 5.856255e-01, 3.102723e-01
630, 5.858744e-01, 1.676357e-01
631, 5.863183e-01, 8.384578e-01
632, 5.868036e-01, 5.960707e-01
633, 5.870035e-01, 5.720930e-01
634, 5.873883e-01, 2.941951e-01
635, 5.892082e-01, 6.613101e-01
636, 5.902133e-01, 5.198553e-01
637, 5.913240e-01, 2.338807e-01
638, 5.919088e-01, 7.751065e-01
639, 5.922281e-01, 3.717476e-01
640, 5.927114e-01, 3.470658e-01
641, 5.928931e-01, 4.552012e-01
642, 5.931805e-01, 6.262162e-01
643, 5.942312e-01, 4.298773e-01
644, 5.943487e-01, 7.973886e-01
645, 5.955619e-01, 4.811044e-01
646, 5.982320e-01, 3.571372e-01
647, 5.987109e-01, 7.892768e-01
648, 5.988921e-01, 4.284407e-01
649, 5.998259e-01, 1.995157e-01
650, 6.012137e-01, 5.330536e-01
651, 6.019451e-01, 6.408670e-01
652, 6.020876e-01, 3.223524e-01
653, 6.024027e-01, 6.089039e-01
654, 6.028316e-01, 4.979296e-01
655, 6.041349e-01, 2.081866e-01
656, 6.046680e-01, 2.897977e-01
657, 6.049594e-01, 1.779555e-01
658, 6.056124e-01, 2.512348e-01
659, 6.057833e-01, 3.999644e-01
660, 6.066011e-01, 4.627250e-01
661, 6.066856e-01, 7.530190e-01
662, 6.071429e-01, 3.841255e-01
663, 6.071652e-01, 1.853195e-01
664, 6.073536e-01, 4.665117e-01
665, 6.075143e-01, 5.349103e-01
666, 6.077223e-01, 3.211784e-01
667, 6.089843e-01, 7.092393e-01
668, 6.093697e-01, 5.721139e-01
669, 6.095986e-01, 4.054881e-01
670, 6.121580e-01, 8.283655e-01
671, 6.130454e-01, 8.161468e-01
672, 6.132389e-01, 6.060194e-01
673, 6.135611e-01, 6.902384e-01
674, 6.141068e-01, 4.533086e-01
675, 6.158167e-01, 2.558798e-01
676, 6.161165e-01, 7.517631e-01
677, 6.170257e-01, 3.024073e-01
678, 6.180477e-01, 8.403416e-01
679, 6.180489e-01, 5.583150e-01
680, 6.186543e-01, 2.648466e-01
681, 6.200724e-01, 1.551454e-01
682, 6.210457e-01, 5.923876e-01
683, 6.215901e-01, 3.766370e-01
684, 6.233539e-01, 3.288566e-01
685, 6.237578e-01, 7.331872e-01
686, 6.240587e-01, 3.596827e-01
687, 6.252520e-01, 6.416919e-01
688, 6.257046e-01, 7.584842e-01
689, 6.264866e-01, 3.575586e-01
690, 6.271917e-01, 8.051027e-01
691, 6.275225e-01, 5.231610e-01
692, 6.284029e-01, 6.378655e-01
693, 6.287788e-01, 1.945168e-01
694, 6.293051e-01, 4.758584e-01
695, 6.295307e-01, 4.999036e-01
696, 6.296248e-01, 6.185160e-01
697, 6.300640e-01, 2.092284e-01
698, 6.303793e-01, 6.701015e-01
699, 6.332067e-01, 2.121269e-01
700, 6.340566e-01, 2.461120e-01
701, 6.366827e-01, 8.422259e-01
702, 6.369135e-01, 3.181598e-01
703, 6.391001e-01, 4.010012e-01
704, 6.395179e-01, 2.994870e-01
705, 6.412395e-01, 3.922991e-01
706, 6.420045e-01, 5.905902e-01
707, 6.424426e-01, 5.592711e-01
708, 6.426999e-01, 8.118293e-01
709, 6.434388e-01, 2.735513e-01
710, 6.434936e-01, 2.952481e-01
711, 6.434974e-01, 4.554482e-01
712, 6.440567e-01, 7.505607e-01
713, 6.444421e-01, 1.843646e-01
714, 6.444907e-01, 5.287417e-01
715, 6.445792e-01, 6.109650e-01
716, 6.452164e-01, 4.646766e-01
717, 6.454794e-01, 6.759519e-01
718, 6.457091e-01, 5.937568e-01
719, 6.458674e-01, 2.710522e-01
720, 6.460813e-01, 6.920395e-01
721, 6.462013e-01, 4.523492e-01
722, 6.468630e-01, 2.508780e-01
723, 6.469150e-01, 7.323152e-01
724, 6.478313e-01, 4.119430e-01
725, 6.492169e-01, 6.956963e-01
726, 6.506237e-01, 7.285224e-01
727, 6.529554e-01, 7.869191e-01
728, 6.535891e-01, 3.616158e-01
729, 6.540805e-01, 8.070606e-01
730, 6.563597e-01, 7.607834e-01
731, 6.574390e-01, 3.817027e-01
732, 6.575180e-01, 2.128184e-01
733, 6.581680e-01, 4.703155e-01
734, 6.583582e-01, 5.199018e-01
735, 6.584988e-01, 1.578858e-01
736, 6.596793e-01, 6.676963e-01
737, 6.597521e-01, 6.224760e-01
738, 6.604751e-01, 2.432423e-01
739, 6.616071e-01, 2.175859e-01
740, 6.618643e-01, 7.256946e-01
741, 6.626550e-01, 6.394371e-01
742, 6.626858e-01, 1.900272e-01
743, 6.629560e-01, 5.915070e-01
744, 6.635914e-01, 2.956883e-01
745, 6.645945e-01, 5.554453e-01
746, 6.648207e-01, 6.417384e-01
747, 6.650766e-01, 3.353352e-01
748, 6.652739e-01, 2.737790e-01
749, 6.660569e-01, 3.483948e-01
750, 6.664541e-01, 6.994989e-01
751, 6.700458e-01, 4.468721e-01
752, 6.706764e-01, 2.854377e-01
753, 6.714202e-01, 7.151881e-01
754, 6.716190e-01, 8.383386e-01
755, 6.720264e-01, 4.193378e-01
756, 6.721871e-01, 4.642866e-01
757, 6.727457e-01, 1.838747e-01
758, 6.740359e-01, 5.716653e-01
759, 6.743060e-01, 4.566409e-01
760, 6.746360e-01, 2.135207e-01
761, 6.749446e-01, 2.516720e-01
762, 6.751169e-01, 6.752532e-01
763, 6.756410e-01, 7.570022e-01
764, 6.762122e-01, 4.269689e-01
765, 6.762452e-01, 8.235632e-01
766, 6.763227e-01, 6.800661e-01
767, 6.763333e-01, 5.306981e-01
768, 6.764134e-01, 8.479355e-01
769, 6.769826e-01, 8.266311e-01
770, 6.773306e-01, 5.028290e-01
771, 6.773380e-01, 6.417603e-01
772, 6.779650e-01, 1.849913e-01
773, 6.782028e-01, 7.494584e-01
774, 6.783550e-01, 6.122579e-01
775, 6.787089e-01, 6.080213e-01
776, 6.791339e-01, 3.907662e-01
777, 6.792253e-01, 3.218256e-01
778, 6.793226e-01, 7.840742e-01
779, 6.801718e-01, 3.939468e-01
780, 6.806505e-01, 2.507073e-01
781, 6.813437e-01, 1.895309e-01
782, 6.827945e-01, 5.227331e-01
783, 6.838076e-01, 3.478243e-01
784, 6.848263e-01, 7.705475e-01
785, 6.866385e-01, 3.238291e-01
786, 6.868583e-01, 4.837910e-01
787, 6.873564e-01, 6.254442e-01
788, 6.883638e-01, 6.587945e-01
789, 6.884792e-01, 8.031302e-01
790, 6.918546e-01, 3.369268e-01
791, 6.927168e-01, 2.328604e-01
792, 6.943489e-01, 3.744465e-01
793, 6.952242e-01, 8.344744e-01
794, 6.959735e-01, 4.056945e-01
795, 6.965188e-01, 7.219843e-01
796, 6.966368e-01, 1.706589e-01
797, 6.976072e-01, 4.467518e-01
798, 6.992539e-01, 7.357639e-01
799, 7.004438e-01, 2.888530e-01
800, 7.005981e-01, 2.573805e-01
801, 7.032147e-01, 7.151800e-01
802, 7.036125e-01, 5.929369e-01
803, 7.038018e-01, 5.461738e-01
804, 7.039308e-01, 5.716342e-01
805, 7.040424e-01, 3.069627e-01
806, 7.045092e-01, 6.841764e-01
807, 7.050394e-01, 6.619968e-01
808, 7.055124e-01, 2.819431e-01
809, 7.068251e-01, 6.821996e-01
810, 7.102582e-01, 3.383452e-01
811, 7.111470e-01, 7.447700e-01
812, 7.111718e-01, 7.657732e-01
813, 7.130839e-01, 2.484405e-01
814, 7.134457e-01, 5.285667e-01
815, 7.139434e-01, 3.749237e-01
816, 7.141932e-01, 2.344307e-01
817, 7.141994e-01, 6.543049e-01
818, 7.146135e-01, 8.263131e-01
819, 7.147215e-01, 6.017523e-01
820, 7.151643e-01, 6.228428e-01
821, 7.153815e-01, 5.389175e-01
822, 7.155884e-01, 3.920273e-01
823, 7.162375e-01, 1.925129e-01
824, 7.165472e-01, 8.043888e-01
825, 7.170465e-01, 3.442830e-01
826, 7.177522e-01, 4.791352e-01
827, 7.187229e-01, 7.728448e-01
828, 7.187899e-01, 4.625956e-01
829, 7.191512e-01, 1.779292e-01
830, 7.192749e-01, 8.017978e-01
831, 7.193575e-01, 3.702426e-01
832, 7.201231e-01, 4.812389e-01
833, 7.202718e-01, 1.975965e-01
834, 7.206922e-01, 2.797746e-01
835, 7.217307e-01, 2.273611e-01
836, 7.254177e-01, 5.712658e-01
837, 7.255321e-01, 5.439928e-01
838, 7.257250e-01, 2.842239e-01
839, 7.260846e-01, 2.571447e-01
840, 7.278165e-01, 4.239945e-01
841, 7.279110e-01, 5.105970e-01
842, 7.279712e-01, 5.932955e-01
843, 7.282971e-01, 7.116557e-01
844, 7.287156e-01, 6.921115e-01
845, 7.291536e-01, 8.362132e-01
846, 7.301660e-01, 1.699118e-01
847, 7.312351e-01, 4.524512e-01
848, 7.319094e-01, 6.225103e-01
849, 7.325256e-01, 4.050042e-01
850, 7.326310e-01, 7.364288e-01
851, 7.329637e-01, 3.698067e-01
852, 7.352828e-01, 7.737925e-01
853, 7.353692e-01, 7.207706e-01
854, 7.365542e-01, 2.003885e-01
855, 7.365561e-01, 7.996409e-01
856, 7.394307e-01, 3.413184e-01
857, 7.402629e-01, 2.253962e-01
858, 7.410538e-01, 7.876001e-01
859, 7.415080e-01, 6.567956e-01
860, 7.429451e-01, 3.277370e-01
861, 7.439766e-01, 6.057204e-01
862, 7.440370e-01, 5.110139e-01
863, 7.441398e-01, 2.181798e-01
864, 7.446834e-01, 3.515905e-01
865, 7.450454e-01, 1.772447e-01
866, 7.452049e-01, 4.840828e-01
867, 7.458031e-01, 6.474462e-01
868, 7.476628e-01, 3.953743e-01
869, 7.476727e-01, 7.477409e-01
870, 7.477056e-01, 5.315424e-01
871, 7.479904e-01, 6.753267e-01
872, 7.486109e-01, 6.717976e-01
873, 7.487484e-01, 2.492200e-01
874, 7.493887e-01, 2.463136e-01
875, 7.497179e-01, 7.524003e-01
876, 7.505132e-01, 8.242225e-01
877, 7.510115e-01, 4.248315e-01
878, 7.525753e-01, 8.142608e-01
879, 7.530468e-01, 6.041886e-01
880, 7.534877e-01, 1.745067e-01
881, 7.542406e-01, 4.608550e-01
882, 7.551522e-01, 7.226436e-01
883, 7.557288e-01, 5.001997e-01
884, 7.558129e-01, 5.328263e-01
885, 7.558404e-01, 4.653078e-01
886, 7.565623e-01, 3.220535e-01
887, 7.574509e-01, 2.817113e-01
888, 7.581376e-01, 5.720346e-01
889, 7.591477e-01, 1.577074e-01
890, 7.603069e-01, 4.496775e-01
891, 7.603581e-01, 5.003075e-01
892, 7.611480e-01, 7.195394e-01
893, 7.619064e-01, 8.455578e-01
894, 7.620049e-01, 8.085168e-01
895, 7.624520e-01, 2.700815e-01
896, 7.633653e-01, 4.099332e-01
897, 7.651230e-01, 5.239362e-01
898, 7.651705e-01, 5.884745e-01
899, 7.657021e-01, 4.955256e-01
900, 7.660572e-01, 3.033052e-01
901, 7.661317e-01, 2.146340e-01
902, 7.672814e-01, 7.911036e-01
903, 7.673334e-01, 1.815829e-01
904, 7.675071e-01, 4.729167e-01
905, 7.688099e-01, 3.300466e-01
906, 7.690601e-01, 2.405943e-01
907, 7.692292e-01, 3.528680e-01
908, 7.696921e-01, 5.531081e-01
909, 7.700929e-01, 7.602771e-01
910, 7.723607e-01, 6.996605e-01
911, 7.723671e-01, 6.615594e-01
912, 7.732799e-01, 3.818310e-01
913, 7.751335e-01, 3.590221e-01
914, 7.752547e-01, 6.169103e-01
915, 7.808816e-01, 8.473254e-01
916, 7.811183e-01, 4.106929e-01
917, 7.816640e-01, 3.905143e-01
918, 7.822148e-01, 1.734282e-01
919, 7.825087e-01, 8.171178e-01
920, 7.840388e-01, 5.528294e-01
921, 7.840749e-01, 5.332948e-01
922, 7.845697e-01, 4.138788e-01
923, 7.851327e-01, 6.115259e-01
924, 7.852005e-01, 1.574161e-01
925, 7.860484e-01, 3.147951e-01
926, 7.861930e-01, 2.525257e-01
927, 7.862790e-01, 8.430965e-01
928, 7.864109e-01, 2.661229e-01
929, 7.870447e-01, 4.624221e-01
930, 7.873013e-01, 1.552743e-01
931, 7.873492e-01, 7.545797e-01
932, 7.874722e-01, 3.054445e-01
933, 7.875423e-01, 4.428324e-01
934, 7.883997e-01, 5.904424e-01
935, 7.892258e-01, 7.248814e-01
936, 7.894337e-01, 4.449452e-01
937, 7.898172e-01, 6.976669e-01
938, 7.908223e-01, 5.584444e-01
939, 7.910603e-01, 6.741804e-01
940, 7.910912e-01, 3.025441e-01
941, 7.920796e-01, 5.871234e-01
942, 7.925087e-01, 7.299243e-01
943, 7.955176e-01, 7.587396e-01
944, 7.956486e-01, 7.907896e-01
945, 7.969327e-01, 6.210416e-01
946, 7.970268e-01, 8.001017e-01
947, 7.973272e-01, 2.457197e-01
948, 7.977289e-01, 6.420125e-01
949, 7.979905e-01, 7.875387e-01
950, 7.985115e-01, 2.174951e-01
951, 7.999842e-01, 4.963300e-01
952, 8.021109e-01, 4.732364e-01
953, 8.024702e-01, 6.663591e-01
954, 8.024825e-01, 6.463920e-01
955, 8.029433e-01, 3.617697e-01
956, 8.034839e-01, 5.226195e-01
957, 8.043656e-01, 5.008784e-01
958, 8.046607e-01, 5.595355e-01
959, 8.049012e-01, 4.136866e-01
960, 8.050815e-01, 3.750552e-01
961, 8.053790e-01, 1.551326e-01
962, 8.053920e-01, 3.039105e-01
963, 8.059919e-01, 6.974570e-01
964, 8.074646e-01, 3.576439e-01
965, 8.078326e-01, 2.642109e-01
966, 8.090766e-01, 4.434421e-01
967, 8.104260e-01, 7.335455e-01
968, 8.138412e-01, 8.457896e-01
969, 8.141195e-01, 2.039947e-01
970, 8.142437e-01, 2.553116e-01
971, 8.144134e-01, 3.314222e-01
972, 8.161920e-01, 1.893862e-01
973, 8.164722e-01, 7.462117e-01
974, 8.169869e-01, 5.314299e-01
975, 8.171843e-01, 4.289007e-01
976, 8.174292e-01, 6.758991e-01
977, 8.179704e-01, 6.790749e-01
978, 8.180932e-01, 3.290395e-01
979, 8.186365e-01, 7.160683e-01
980, 8.187554e-01, 5.414614e-01
981, 8.187817e-01, 3.233643e-01
982, 8.211391e-01, 5.006665e-01
983, 8.213703e-01, 3.874516e-01
984, 8.216696e-01, 2.874241e-01
985, 8.217829e-01, 1.861752e-01
986, 8.219681e-01, 6.095822e-01
987, 8.229770e-01, 8.120710e-01
988, 8.231539e-01, 6.022798e-01
989, 8.240874e-01, 2.525392e-01
990, 8.241095e-01, 6.437566e-01
991, 8.250573e-01, 7.492041e-01
992, 8.264659e-01, 7.887320e-01
993, 8.270440e-01, 3.552362e-01
994, 8.278154e-01, 8.308551e-01
995, 8.306885e-01, 2.057928e-01
996, 8.310714e-01, 7.952785e-01
997, 8.312342e-01, 3.473564e-01
998, 8.321339e-01, 5.135838e-01
999, 8.330253e-01, 6.552096e-01
1000, 8.335866e-01, 8.351638e-01
1001, 8.340150e-01, 1.989699e-01
1002, 8.345726e-01, 6.263959e-01
1003, 8.347681e-01, 4.779805e-01
1004, 8.350605e-01, 3.714933e-01
1005, 8.358387e-01, 7.623566e-01
1006, 8.362531e-01, 4.551085e-01
1007, 8.366769e-01, 7.436203e-01
1008, 8.373785e-01, 4.285998e-01
1009, 8.394286e-01, 2.268836e-01
1010, 8.394505e-01, 7.138804e-01
1011, 8.429715e-01, 4.044338e-01
1012, 8.431988e-01, 2.886642e-01
1013, 8.454484e-01, 5.984422e-01
1014, 8.457322e-01, 5.495898e-01
1015, 8.457334e-01, 3.010809e-01
1016, 8.461642e-01, 6.952235e-01
1017, 8.462189e-01, 2.919134e-01
1018, 8.464803e-01, 2.642004e-01
1019, 8.469661e-01, 5.775357e-01
1020, 8.472446e-01, 1.597356e-01
1021, 8.472849e-01, 7.070397e-01
1022, 1.592485e-01, 2.868549e-01
1023, 1.782399e-01, 6.772968e-01
1024, 1.805629e-01, 1.784730e-01
1025, 2.299446e-01, 2.168760e-01
1026, 2.483217e-01, 7.501363e-01
1027, 2.840617e-01, 3.743171e-01
1028, 2.883506e-01, 2.282344e-01
1029, 3.197391e-01, 2.554234e-01
1030, 3.276012e-01, 4.661861e-01
1031, 3.390421e-01, 3.662775e-01
1032, 3.447205e-01, 6.475681e-01
1033, 3.555874e-01, 5.594286e-01
1034, 3.740387e-01, 2.132386e-01
1035, 3.953808e-01, 7.478049e-01
1036, 3.890851e-01, 5.348495e-01
1037, 3.929664e-01, 2.497392e-01
1038, 3.915131e-01, 3.243885e-01
1039, 4.396504e-01, 5.834065e-01
1040, 4.495919e-01, 4.293633e-01
1041, 4.858570e-01, 5.558627e-01
1042, 5.016577e-01, 8.373394e-01
1043, 5.027565e-01, 4.448162e-01
1044, 5.016445e-01, 5.878838e-01
1045, 5.024645e-01, 3.011456e-01
1046, 5.003838e-01, 1.593608e-01
1047, 5.334539e-01, 7.488508e-01
1048, 5.588976e-01, 5.691831e-01
1049, 5.679830e-01, 6.293625e-01
1050, 5.680278e-01, 1.985517e-01
1051, 5.746691e-01, 2.342621e-01
1052, 6.108390e-01, 6.852020e-01
1053, 6.279863e-01, 7.845711e-01
1054, 6.439432e-01, 1.525558e-01
1055, 6.566790e-01, 5.050342e-01
1056, 6.990384e-01, 4.250405e-01
1057, 7.181465e-01, 3.136889e-01
1058, 7.740503e-01, 6.424329e-01
1059, 8.104034e-01, 5.828406e-01
1060, 8.253034e-01, 4.627855e-01
1061, 1.500000e-01, 7.131838e-01
1062, 1.500000e-01, 5.759463e-01
1063, 1.500000e-01, 4.352604e-01
1064, 1.500000e-01, 2.886514e-01
1065, 1.500000e-01, 8.304511e-01
1066, 1.500000e-01, 6.869887e-01
1067, 1.500000e-01, 7.447522e-01
1068, 1.500000e-01, 7.966221e-01
1069, 1.500000e-01, 7.675778e-01
1070, 1.500000e-01, 6.033888e-01
1071, 1.500000e-01, 6.565942e-01
1072, 1.500000e-01, 6.232075e-01
1073, 1.500000e-01, 5.387138e-01
1074, 1.500000e-01, 4.575780e-01
1075, 1.500000e-01, 3.553228e-01
1076, 1.500000e-01, 3.681310e-01
1077, 1.500000e-01, 3.956364e-01
1078, 1.500000e-01, 5.186738e-01
1079, 1.500000e-01, 4.836036e-01
1080, 1.500000e-01, 3.139275e-01
1081, 1.500000e-01, 3.427125e-01
1082, 1.500000e-01, 1.688163e-01
1083, 1.500000e-01, 2.567404e-01
1084, 1.500000e-01, 2.077696e-01
1085, 1.500000e-01, 2.240839e-01
1086, 1.588682e-01, 8.500000e-01
1087, 1.545975e-01, 1.500000e-01
1088, 1.856521e-01, 1.500000e-01
1089, 2.145543e-01, 1.500000e-01
1090, 2.507571e-01, 8.500000e-01
1091, 2.422228e-01, 1.500000e-01
1092, 2.619735e-01, 8.500000e-01
1093, 2.648107e-01, 1.500000e-01
1094, 3.056433e-01, 8.500000e-01
1095, 3.060067e-01, 1.500000e-01
1096, 3.258203e-01, 8.500000e-01
1097, 3.275064e-01, 1.500000e-01
1098, 3.568961e-01, 8.500000e-01
1099, 3.605698e-01, 1.500000e-01
1100, 3.821126e-01, 8.500000e-01
1101, 3.896966e-01, 1.500000e-01
1102, 4.152140e-01, 8.500000e-01
1103, 4.162303e-01, 1.500000e-01
1104, 4.407112e-01, 8.500000e-01
1105, 4.448379e-01, 1.500000e-01
1106, 4.739862e-01, 8.500000e-01
1107, 4.699686e-01, 1.500000e-01
1108, 5.001486e-01, 8.500000e-01
1109, 4.999005e-01, 1.500000e-01
1110, 5.345533e-01, 8.500000e-01
1111, 5.372829e-01, 1.500000e-01
1112, 5.587320e-01, 8.500000e-01
1113, 5.568010e-01, 1.500000e-01
1114, 5.864377e-01, 8.500000e-01
1115, 5.854566e-01, 1.500000e-01
1116, 6.121916e-01, 8.500000e-01
1117, 6.155684e-01, 1.500000e-01
1118, 6.444828e-01, 1.500000e-01
1119, 6.747576e-01, 8.500000e-01
1120, 6.634604e-01, 1.500000e-01
1121, 6.987716e-01, 1.500000e-01
1122, 7.312233e-01, 8.500000e-01
1123, 7.293431e-01, 1.500000e-01
1124, 7.580460e-01, 8.500000e-01
1125, 7.552898e-01, 1.500000e-01
1126, 7.810179e-01, 8.500000e-01
1127, 7.868441e-01, 1.500000e-01
1128, 8.181104e-01, 8.500000e-01
1129, 8.090148e-01, 1.500000e-01
1130, 8.500000e-01, 7.936600e-01
1131, 8.500000e-01, 7.635285e-01
1132, 8.500000e-01, 6.538350e-01
1133, 8.500000e-01, 3.719685e-01
1134, 8.500000e-01, 4.818752e-01
1135, 8.500000e-01, 6.249776e-01
1136, 8.500000e-01, 3.478760e-01
1137, 8.500000e-01, 5.132171e-01
1138, 8.500000e-01, 1.989397e-01
1139, 8.500000e-01, 2.282204e-01
1140, 8.319644e-01, 8.500000e-01
1141, 8.500000e-01, 8.285246e-01
1142, 8.500000e-01, 6.027978e-01
1143, 8.500000e-01, 7.522396e-01
1144, 8.500000e-01, 6.924387e-01
1145, 8.500000e-01, 7.072168e-01
1146, 8.500000e-01, 4.614044e-01
1147, 8.463529e-01, 1.500000e-01
1148, 8.500000e-01, 1.612253e-01
1149, 8.500000e-01, 2.623356e-01
1150, 8.500000e-01, 4.010054e-01
1151, 8.500000e-01, 4.274753e-01
1152, 8.500000e-01, 5.464197e-01
1153, 8.500000e-01, 3.047079e-01
1154, 8.500000e-01, 2.915737e-01
1155, 1.916781e-01, 8.493303e-01
1156, 2.031972e-01, 8.498796e-01
1157, 6.453876e-01, 8.495984e-01
1158, 6.935467e-01, 8.496616e-01
1159, 8.497093e-01, 5.748250e-01
