1, 1.516220e-01, 8.309122e-01
2, 1.532111e-01, 7.718721e-01
3, 1.535541e-01, 6.280047e-01
4, 1.556064e-01, 6.657860e-01
5, 1.575313e-01, 5.217175e-01
6, 1.576397e-01, 5.533012e-01
7, 1.600551e-01, 4.143327e-01
8, 1.615157e-01, 3.475027e-01
9, 1.628437e-01, 5.096907e-01
10, 1.661616e-01, 5.093831e-01
11, 1.664572e-01, 7.283845e-01
12, 1.689393e-01, 8.315204e-01
13, 1.699444e-01, 5.526914e-01
14, 1.701375e-01, 4.137386e-01
15, 1.711124e-01, 2.921037e-01
16, 1.730658e-01, 8.435396e-01
17, 1.730905e-01, 3.477718e-01
18, 1.732152e-01, 5.500174e-01
19, 1.736965e-01, 4.761257e-01
20, 1.741527e-01, 1.956965e-01
21, 1.748200e-01, 7.716098e-01
22, 1.752312e-01, 7.876025e-01
23, 1.752556e-01, 3.927551e-01
24, 1.757900e-01, 5.351903e-01
25, 1.767688e-01, 1.609474e-01
26, 1.768109e-01, 7.463742e-01
27, 1.779059e-01, 5.320502e-01
28, 1.781809e-01, 3.911844e-01
29, 1.784067e-01, 1.776404e-01
30, 1.803100e-01, 4.449880e-01
31, 1.807106e-01, 2.807355e-01
32, 1.809866e-01, 7.505114e-01
33, 1.817493e-01, 7.643562e-01
34, 1.828222e-01, 2.548708e-01
35, 1.829194e-01, 4.865574e-01
36, 1.830169e-01, 2.090692e-01
37, 1.831089e-01, 6.254024e-01
38, 1.832925e-01, 8.174793e-01
39, 1.834222e-01, 4.922017e-01
40, 1.841440e-01, 2.207627e-01
41, 1.844436e-01, 4.410826e-01
42, 1.852212e-01, 4.266180e-01
43, 1.858362e-01, 3.696266e-01
44, 1.861522e-01, 8.009804e-01
45, 1.862928e-01, 6.731364e-01
46, 1.863512e-01, 3.938939e-01
47, 1.902223e-01, 3.685150e-01
48, 1.902427e-01, 4.235508e-01
49, 1.907442e-01, 7.056924e-01
50, 1.917774e-01, 3.346749e-01
51, 1.919671e-01, 3.187677e-01
52, 1.933632e-01, 1.765153e-01
53, 1.934798e-01, 5.309113e-01
54, 1.936492e-01, 1.581543e-01
55, 1.941163e-01, 5.757979e-01
56, 1.948036e-01, 2.534360e-01
57, 1.950378e-01, 5.487920e-01
58, 1.951234e-01, 6.843183e-01
59, 1.988119e-01, 6.375984e-01
60, 1.991317e-01, 2.242281e-01
61, 1.991412e-01, 2.155159e-01
62, 1.992956e-01, 6.593819e-01
63, 1.993537e-01, 6.837109e-01
64, 1.994807e-01, 6.096864e-01
65, 1.999727e-01, 7.682829e-01
66, 2.001770e-01, 4.851589e-01
67, 2.005558e-01, 4.056699e-01
68, 2.007186e-01, 4.443019e-01
69, 2.007647e-01, 2.769666e-01
70, 2.009227e-01, 7.075470e-01
71, 2.019168e-01, 6.630998e-01
72, 2.031483e-01, 2.619617e-01
73, 2.039075e-01, 8.179126e-01
74, 2.039862e-01, 7.724768e-01
75, 2.043230e-01, 3.486381e-01
76, 2.047631e-01, 6.126136e-01
77, 2.054382e-01, 6.891007e-01
78, 2.055503e-01, 7.998637e-01
79, 2.063047e-01, 3.572123e-01
80, 2.072896e-01, 4.043547e-01
81, 2.073852e-01, 7.404288e-01
82, 2.075624e-01, 6.286720e-01
83, 2.090548e-01, 8.025997e-01
84, 2.090747e-01, 5.153808e-01
85, 2.092801e-01, 7.236346e-01
86, 2.109070e-01, 5.577390e-01
87, 2.109161e-01, 2.591645e-01
88, 2.111789e-01, 8.284379e-01
89, 2.113225e-01, 7.436016e-01
90, 2.127316e-01, 2.917948e-01
91, 2.142545e-01, 4.519578e-01
92, 2.166651e-01, 4.648054e-01
93, 2.193261e-01, 8.024164e-01
94, 2.200365e-01, 1.922217e-01
95, 2.203960e-01, 1.961412e-01
96, 2.204685e-01, 7.270074e-01
97, 2.229669e-01, 4.989407e-01
98, 2.231995e-01, 5.285140e-01
99, 2.234624e-01, 8.261441e-01
100, 2.234774e-01, 5.465203e-01
101, 2.258648e-01, 5.331866e-01
102, 2.262998e-01, 6.331519e-01
103, 2.264147e-01, 6.857920e-01
104, 2.266918e-01, 3.648625e-01
105, 2.272404e-01, 3.524921e-01
106, 2.282478e-01, 4.101810e-01
107, 2.287903e-01, 8.214453e-01
108, 2.288016e-01, 4.940028e-01
109, 2.295507e-01, 3.912345e-01
110, 2.302941e-01, 7.724412e-01
111, 2.303682e-01, 2.904169e-01
112, 2.315779e-01, 4.798989e-01
113, 2.317890e-01, 3.874225e-01
114, 2.318176e-01, 5.977074e-01
115, 2.327112e-01, 2.096506e-01
116, 2.331037e-01, 5.873079e-01
117, 2.334207e-01, 6.625598e-01
118, 2.342938e-01, 7.905722e-01
119, 2.353236e-01, 7.758503e-01
120, 2.356232e-01, 6.444062e-01
121, 2.380805e-01, 6.932776e-01
122, 2.393523e-01, 6.041081e-01
123, 2.395676e-01, 4.330984e-01
124, 2.412718e-01, 2.775472e-01
125, 2.416074e-01, 6.122902e-01
126, 2.442375e-01, 7.043039e-01
127, 2.446023e-01, 1.683933e-01
128, 2.452490e-01, 2.771156e-01
129, 2.453554e-01, 7.701322e-01
130, 2.460319e-01, 8.220302e-01
131, 2.461363e-01, 7.517908e-01
132, 2.481051e-01, 3.335747e-01
133, 2.495048e-01, 3.829431e-01
134, 2.495670e-01, 3.691485e-01
135, 2.497286e-01, 5.507265e-01
136, 2.502125e-01, 5.355419e-01
137, 2.507510e-01, 8.000716e-01
138, 2.508914e-01, 3.092355e-01
139, 2.533175e-01, 4.502049e-01
140, 2.535130e-01, 2.110959e-01
141, 2.536469e-01, 4.743926e-01
142, 2.547092e-01, 6.258735e-01
143, 2.549823e-01, 5.783631e-01
144, 2.558513e-01, 4.713277e-01
145, 2.563207e-01, 4.966821e-01
146, 2.573832e-01, 6.836535e-01
147, 2.576155e-01, 8.350404e-01
148, 2.579735e-01, 5.620560e-01
149, 2.589918e-01, 5.750373e-01
150, 2.600158e-01, 7.069252e-01
151, 2.615725e-01, 7.797659e-01
152, 2.616324e-01, 1.842057e-01
153, 2.617251e-01, 5.021994e-01
154, 2.619336e-01, 6.891459e-01
155, 2.627254e-01, 5.225931e-01
156, 2.627314e-01, 2.016717e-01
157, 2.633523e-01, 7.941591e-01
158, 2.635725e-01, 7.356061e-01
159, 2.642671e-01, 3.553945e-01
160, 2.657962e-01, 2.943207e-01
161, 2.670739e-01, 7.139475e-01
162, 2.707860e-01, 3.559528e-01
163, 2.732956e-01, 2.937865e-01
164, 2.736172e-01, 2.010470e-01
165, 2.751158e-01, 4.047362e-01
166, 2.752706e-01, 3.976264e-01
167, 2.753129e-01, 5.239099e-01
168, 2.768767e-01, 1.843063e-01
169, 2.771506e-01, 6.296031e-01
170, 2.801009e-01, 5.562095e-01
171, 2.818877e-01, 6.286532e-01
172, 2.826170e-01, 6.756440e-01
173, 2.828524e-01, 7.346040e-01
174, 2.829898e-01, 8.311125e-01
175, 2.834433e-01, 5.802748e-01
176, 2.839014e-01, 6.849932e-01
177, 2.841102e-01, 5.034348e-01
178, 2.865125e-01, 3.919144e-01
179, 2.866509e-01, 8.085129e-01
180, 2.868486e-01, 5.829062e-01
181, 2.872210e-01, 2.124341e-01
182, 2.875475e-01, 7.395125e-01
183, 2.889628e-01, 5.410009e-01
184, 2.896334e-01, 6.901530e-01
185, 2.898093e-01, 2.295561e-01
186, 2.900756e-01, 5.004795e-01
187, 2.901281e-01, 8.209869e-01
188, 2.906786e-01, 3.812151e-01
189, 2.907331e-01, 1.524895e-01
190, 2.920706e-01, 1.735296e-01
191, 2.923214e-01, 2.805954e-01
192, 2.923541e-01, 7.551227e-01
193, 2.932870e-01, 4.772366e-01
194, 2.936209e-01, 4.460109e-01
195, 2.940885e-01, 6.070346e-01
196, 2.954570e-01, 5.397284e-01
197, 2.963593e-01, 2.707113e-01
198, 2.969626e-01, 6.385376e-01
199, 2.974060e-01, 4.261101e-01
200, 2.988329e-01, 1.542478e-01
201, 2.988634e-01, 6.591825e-01
202, 2.993231e-01, 7.187287e-01
203, 2.994749e-01, 7.576471e-01
204, 3.021379e-01, 1.727197e-01
205, 3.045410e-01, 7.369255e-01
206, 3.049959e-01, 4.821217e-01
207, 3.058657e-01, 8.228491e-01
208, 3.061407e-01, 4.233716e-01
209, 3.063799e-01, 6.088882e-01
210, 3.074880e-01, 7.132067e-01
211, 3.080264e-01, 2.704130e-01
212, 3.080818e-01, 7.392861e-01
213, 3.085342e-01, 5.019336e-01
214, 3.093573e-01, 6.125193e-01
215, 3.095943e-01, 6.237842e-01
216, 3.096783e-01, 8.257325e-01
217, 3.100319e-01, 2.798493e-01
218, 3.100436e-01, 2.323255e-01
219, 3.101595e-01, 3.988975e-01
220, 3.102150e-01, 3.802530e-01
221, 3.111289e-01, 5.195035e-01
222, 3.114284e-01, 4.402055e-01
223, 3.116227e-01, 7.933522e-01
224, 3.118719e-01, 6.774690e-01
225, 3.123471e-01, 4.312921e-01
226, 3.132177e-01, 1.800926e-01
227, 3.140311e-01, 2.031190e-01
228, 3.149790e-01, 8.398754e-01
229, 3.157031e-01, 2.265394e-01
230, 3.160640e-01, 2.054421e-01
231, 3.167341e-01, 7.873170e-01
232, 3.174174e-01, 2.547791e-01
233, 3.187589e-01, 2.873112e-01
234, 3.189488e-01, 3.107075e-01
235, 3.205569e-01, 5.035449e-01
236, 3.205860e-01, 3.371099e-01
237, 3.207283e-01, 5.682388e-01
238, 3.226572e-01, 7.877342e-01
239, 3.228043e-01, 4.497649e-01
240, 3.233700e-01, 5.209454e-01
241, 3.243155e-01, 2.872147e-01
242, 3.243675e-01, 3.649859e-01
243, 3.246543e-01, 4.611185e-01
244, 3.268417e-01, 3.372953e-01
245, 3.272755e-01, 5.669700e-01
246, 3.276755e-01, 5.814160e-01
247, 3.289661e-01, 3.645031e-01
248, 3.298149e-01, 7.328719e-01
249, 3.302677e-01, 3.105397e-01
250, 3.321628e-01, 7.186620e-01
251, 3.323561e-01, 6.903278e-01
252, 3.331224e-01, 1.762891e-01
253, 3.336418e-01, 4.305804e-01
254, 3.349448e-01, 4.361866e-01
255, 3.355967e-01, 2.570682e-01
256, 3.358311e-01, 8.386771e-01
257, 3.361119e-01, 1.790621e-01
258, 3.362088e-01, 7.122519e-01
259, 3.363098e-01, 1.974697e-01
260, 3.364577e-01, 4.014849e-01
261, 3.370628e-01, 2.313651e-01
262, 3.385443e-01, 6.809456e-01
263, 3.386430e-01, 6.860605e-01
264, 3.390193e-01, 1.584680e-01
265, 3.393332e-01, 3.711030e-01
266, 3.398212e-01, 2.714862e-01
267, 3.401355e-01, 8.062239e-01
268, 3.422900e-01, 2.641336e-01
269, 3.424959e-01, 3.217957e-01
270, 3.449938e-01, 6.034349e-01
271, 3.451536e-01, 3.824474e-01
272, 3.459132e-01, 4.199790e-01
273, 3.463759e-01, 2.250592e-01
274, 3.471132e-01, 5.466055e-01
275, 3.474944e-01, 4.840160e-01
276, 3.488756e-01, 4.775089e-01
277, 3.510554e-01, 7.518327e-01
278, 3.514233e-01, 7.571034e-01
279, 3.521818e-01, 2.113725e-01
280, 3.565985e-01, 2.646573e-01
281, 3.566656e-01, 2.111043e-01
282, 3.569757e-01, 3.799857e-01
283, 3.575111e-01, 7.121306e-01
284, 3.587626e-01, 6.069856e-01
285, 3.593596e-01, 5.460465e-01
286, 3.594350e-01, 4.335872e-01
287, 3.594621e-01, 6.338075e-01
288, 3.597098e-01, 6.872595e-01
289, 3.598831e-01, 2.729763e-01
290, 3.602372e-01, 4.265112e-01
291, 3.607323e-01, 1.749241e-01
292, 3.612206e-01, 1.586817e-01
293, 3.619064e-01, 6.510266e-01
294, 3.621146e-01, 6.395187e-01
295, 3.621318e-01, 3.677485e-01
296, 3.625082e-01, 3.218640e-01
297, 3.631309e-01, 8.256690e-01
298, 3.633256e-01, 2.276336e-01
299, 3.634401e-01, 1.711919e-01
300, 3.636999e-01, 4.743033e-01
301, 3.637675e-01, 8.468827e-01
302, 3.638421e-01, 6.127355e-01
303, 3.647955e-01, 8.037308e-01
304, 3.654189e-01, 4.492687e-01
305, 3.667310e-01, 4.837494e-01
306, 3.670683e-01, 8.232905e-01
307, 3.674936e-01, 4.769421e-01
308, 3.678248e-01, 7.395234e-01
309, 3.691805e-01, 2.467286e-01
310, 3.692092e-01, 7.993543e-01
311, 3.698482e-01, 1.953304e-01
312, 3.703698e-01, 2.343666e-01
313, 3.704844e-01, 6.654154e-01
314, 3.708356e-01, 4.200315e-01
315, 3.723840e-01, 7.281971e-01
316, 3.727420e-01, 2.880828e-01
317, 3.730592e-01, 3.107373e-01
318, 3.738431e-01, 7.736313e-01
319, 3.749700e-01, 8.255356e-01
320, 3.752690e-01, 3.564215e-01
321, 3.755961e-01, 3.424862e-01
322, 3.771903e-01, 4.025241e-01
323, 3.782078e-01, 8.452539e-01
324, 3.793847e-01, 3.083895e-01
325, 3.796120e-01, 5.612237e-01
326, 3.796960e-01, 2.913137e-01
327, 3.802851e-01, 7.717585e-01
328, 3.803853e-01, 5.027923e-01
329, 3.809328e-01, 5.247167e-01
330, 3.818119e-01, 4.175718e-01
331, 3.822912e-01, 4.703170e-01
332, 3.824163e-01, 5.612436e-01
333, 3.826972e-01, 4.635026e-01
334, 3.829120e-01, 8.004461e-01
335, 3.848408e-01, 7.296800e-01
336, 3.851375e-01, 6.137808e-01
337, 3.860078e-01, 4.029894e-01
338, 3.866600e-01, 1.915110e-01
339, 3.874996e-01, 5.046786e-01
340, 3.879701e-01, 5.246174e-01
341, 3.887335e-01, 6.332124e-01
342, 3.891514e-01, 7.435983e-01
343, 3.894222e-01, 8.081917e-01
344, 3.902903e-01, 6.680291e-01
345, 3.907412e-01, 1.536245e-01
346, 3.907492e-01, 6.890283e-01
347, 3.910513e-01, 2.402296e-01
348, 3.918468e-01, 2.349633e-01
349, 3.922241e-01, 7.567480e-01
350, 3.944564e-01, 7.170213e-01
351, 3.952977e-01, 6.641309e-01
352, 3.977853e-01, 5.334474e-01
353, 3.978282e-01, 5.420147e-01
354, 3.983991e-01, 3.202302e-01
355, 3.988494e-01, 2.315755e-01
356, 3.994200e-01, 6.982942e-01
357, 3.998209e-01, 6.015586e-01
358, 3.999142e-01, 1.744062e-01
359, 4.000139e-01, 4.801648e-01
360, 4.004062e-01, 6.430207e-01
361, 4.006834e-01, 4.927059e-01
362, 4.008861e-01, 2.137751e-01
363, 4.019974e-01, 5.817564e-01
364, 4.032995e-01, 1.553474e-01
365, 4.053430e-01, 6.986261e-01
366, 4.062742e-01, 3.837228e-01
367, 4.074684e-01, 4.413790e-01
368, 4.080095e-01, 2.395195e-01
369, 4.080763e-01, 2.510009e-01
370, 4.094613e-01, 3.197137e-01
371, 4.101947e-01, 2.736900e-01
372, 4.105113e-01, 7.139955e-01
373, 4.105571e-01, 4.418762e-01
374, 4.118055e-01, 7.568052e-01
375, 4.120022e-01, 2.594927e-01
376, 4.125495e-01, 5.328279e-01
377, 4.133356e-01, 5.439106e-01
378, 4.137831e-01, 6.436927e-01
379, 4.163861e-01, 8.091141e-01
380, 4.186387e-01, 6.636085e-01
381, 4.193687e-01, 4.651285e-01
382, 4.195256e-01, 4.549771e-01
383, 4.215968e-01, 7.256186e-01
384, 4.219857e-01, 6.794711e-01
385, 4.231901e-01, 6.675811e-01
386, 4.251059e-01, 5.220023e-01
387, 4.266390e-01, 5.114602e-01
388, 4.269274e-01, 5.594661e-01
389, 4.271277e-01, 1.906473e-01
390, 4.273296e-01, 8.274743e-01
391, 4.284097e-01, 2.882878e-01
392, 4.287585e-01, 1.985948e-01
393, 4.289431e-01, 2.950198e-01
394, 4.297264e-01, 6.288085e-01
395, 4.327374e-01, 7.976015e-01
396, 4.333282e-01, 7.779855e-01
397, 4.354325e-01, 4.087247e-01
398, 4.364287e-01, 6.693774e-01
399, 4.373796e-01, 3.489851e-01
400, 4.378256e-01, 2.372260e-01
401, 4.383159e-01, 4.668614e-01
402, 4.385174e-01, 4.634017e-01
403, 4.388146e-01, 5.059043e-01
404, 4.388350e-01, 3.407432e-01
405, 4.389412e-01, 5.590456e-01
406, 4.389635e-01, 2.999072e-01
407, 4.395952e-01, 6.752613e-01
408, 4.415881e-01, 7.338482e-01
409, 4.431916e-01, 5.278552e-01
410, 4.437988e-01, 6.286604e-01
411, 4.448734e-01, 8.087029e-01
412, 4.460586e-01, 4.090447e-01
413, 4.465305e-01, 7.594159e-01
414, 4.465985e-01, 5.521997e-01
415, 4.466598e-01, 5.322929e-01
416, 4.472789e-01, 6.320641e-01
417, 4.477587e-01, 6.534024e-01
418, 4.480323e-01, 2.153057e-01
419, 4.502989e-01, 4.848221e-01
420, 4.581006e-01, 7.086528e-01
421, 4.583261e-01, 6.872389e-01
422, 4.598634e-01, 1.629437e-01
423, 4.618295e-01, 2.115708e-01
424, 4.638753e-01, 5.518993e-01
425, 4.640846e-01, 6.074405e-01
426, 4.642094e-01, 5.793285e-01
427, 4.642541e-01, 5.411230e-01
428, 4.653626e-01, 4.270181e-01
429, 4.659900e-01, 4.375463e-01
430, 4.683367e-01, 5.739550e-01
431, 4.685243e-01, 6.563245e-01
432, 4.691264e-01, 7.062675e-01
433, 4.700402e-01, 5.609111e-01
434, 4.701737e-01, 3.824139e-01
435, 4.704371e-01, 6.141453e-01
436, 4.711158e-01, 6.324614e-01
437, 4.714396e-01, 2.757711e-01
438, 4.717276e-01, 8.083108e-01
439, 4.734698e-01, 6.342020e-01
440, 4.735933e-01, 2.621505e-01
441, 4.736046e-01, 1.977167e-01
442, 4.744541e-01, 3.817856e-01
443, 4.756988e-01, 7.272506e-01
444, 4.758346e-01, 1.799074e-01
445, 4.758628e-01, 6.823769e-01
446, 4.771968e-01, 3.481876e-01
447, 4.775071e-01, 7.632660e-01
448, 4.812260e-01, 3.888111e-01
449, 4.826130e-01, 4.136814e-01
450, 4.828412e-01, 2.523416e-01
451, 4.836860e-01, 3.615530e-01
452, 4.842545e-01, 2.011472e-01
453, 4.843053e-01, 4.529400e-01
454, 4.851477e-01, 2.908518e-01
455, 4.852414e-01, 7.944925e-01
456, 4.854111e-01, 2.938665e-01
457, 4.855917e-01, 6.186181e-01
458, 4.867835e-01, 7.706147e-01
459, 4.875553e-01, 5.647548e-01
460, 4.880423e-01, 6.288065e-01
461, 4.880732e-01, 2.251729e-01
462, 4.880851e-01, 5.694347e-01
463, 4.882426e-01, 7.947999e-01
464, 4.885101e-01, 1.802253e-01
465, 4.919623e-01, 4.125039e-01
466, 4.926263e-01, 3.935842e-01
467, 4.937242e-01, 8.319953e-01
468, 4.946903e-01, 6.900691e-01
469, 4.952651e-01, 7.694278e-01
470, 4.953732e-01, 2.442840e-01
471, 4.957907e-01, 6.813318e-01
472, 4.980873e-01, 2.323874e-01
473, 4.986581e-01, 4.535137e-01
474, 4.990808e-01, 7.673496e-01
475, 5.048399e-01, 4.492618e-01
476, 5.055578e-01, 6.958799e-01
477, 5.066274e-01, 7.035377e-01
478, 5.071617e-01, 1.683383e-01
479, 5.086947e-01, 6.370218e-01
480, 5.089714e-01, 1.548398e-01
481, 5.091231e-01, 4.286973e-01
482, 5.091869e-01, 5.894419e-01
483, 5.092951e-01, 8.140288e-01
484, 5.098132e-01, 2.539694e-01
485, 5.101123e-01, 3.821798e-01
486, 5.107556e-01, 5.424806e-01
487, 5.124098e-01, 3.668957e-01
488, 5.126352e-01, 3.175881e-01
489, 5.127823e-01, 3.370495e-01
490, 5.140114e-01, 8.137708e-01
491, 5.144222e-01, 2.738020e-01
492, 5.171207e-01, 7.660559e-01
493, 5.189896e-01, 4.960400e-01
494, 5.195659e-01, 4.790393e-01
495, 5.209429e-01, 6.373651e-01
496, 5.214434e-01, 2.332539e-01
497, 5.215730e-01, 3.170392e-01
498, 5.220035e-01, 2.726789e-01
499, 5.222019e-01, 2.556272e-01
500, 5.224482e-01, 2.252113e-01
501, 5.227241e-01, 3.814658e-01
502, 5.230201e-01, 3.337160e-01
503, 5.230735e-01, 6.748430e-01
504, 5.234128e-01, 3.709999e-01
505, 5.241975e-01, 2.513088e-01
506, 5.244151e-01, 5.901496e-01
507, 5.254535e-01, 4.715585e-01
508, 5.272542e-01, 1.730809e-01
509, 5.273291e-01, 5.278985e-01
510, 5.274086e-01, 6.602790e-01
511, 5.288886e-01, 1.575835e-01
512, 5.298324e-01, 5.054954e-01
513, 5.300843e-01, 5.405659e-01
514, 5.305540e-01, 5.331829e-01
515, 5.330133e-01, 3.070202e-01
516, 5.331408e-01, 7.815199e-01
517, 5.337172e-01, 1.779707e-01
518, 5.340247e-01, 2.881942e-01
519, 5.345577e-01, 7.336694e-01
520, 5.369843e-01, 5.777649e-01
521, 5.376489e-01, 3.978793e-01
522, 5.376674e-01, 3.393892e-01
523, 5.385296e-01, 6.263830e-01
524, 5.386834e-01, 8.382120e-01
525, 5.389914e-01, 4.115147e-01
526, 5.391115e-01, 2.039531e-01
527, 5.402151e-01, 6.159539e-01
528, 5.414493e-01, 3.089955e-01
529, 5.422187e-01, 4.703854e-01
530, 5.426277e-01, 7.324158e-01
531, 5.429011e-01, 3.581067e-01
532, 5.444409e-01, 2.911910e-01
533, 5.447095e-01, 5.063736e-01
534, 5.455074e-01, 5.245065e-01
535, 5.456741e-01, 1.767895e-01
536, 5.481550e-01, 2.417716e-01
537, 5.482231e-01, 2.303800e-01
538, 5.487402e-01, 2.054139e-01
539, 5.492641e-01, 3.204698e-01
540, 5.493782e-01, 6.570872e-01
541, 5.503361e-01, 3.941208e-01
542, 5.506925e-01, 6.465058e-01
543, 5.509658e-01, 4.146410e-01
544, 5.515167e-01, 6.709043e-01
545, 5.516050e-01, 7.841380e-01
546, 5.529248e-01, 6.621969e-01
547, 5.534553e-01, 4.963149e-01
548, 5.542364e-01, 2.108896e-01
549, 5.555155e-01, 4.842191e-01
550, 5.561650e-01, 2.204286e-01
551, 5.562517e-01, 5.990677e-01
552, 5.583984e-01, 1.593597e-01
553, 5.589574e-01, 1.629218e-01
554, 5.602277e-01, 3.688250e-01
555, 5.615065e-01, 3.779945e-01
556, 5.624496e-01, 5.422400e-01
557, 5.647560e-01, 4.257135e-01
558, 5.653907e-01, 4.296872e-01
559, 5.655311e-01, 8.143033e-01
560, 5.659750e-01, 7.957841e-01
561, 5.687276e-01, 6.609778e-01
562, 5.694640e-01, 7.577216e-01
563, 5.697167e-01, 6.472415e-01
564, 5.697494e-01, 6.915151e-01
565, 5.701341e-01, 7.052957e-01
566, 5.703127e-01, 7.656311e-01
567, 5.718328e-01, 7.965007e-01
568, 5.726983e-01, 2.784963e-01
569, 5.729329e-01, 2.064257e-01
570, 5.735528e-01, 8.140231e-01
571, 5.753073e-01, 2.666642e-01
572, 5.756495e-01, 2.219673e-01
573, 5.760044e-01, 5.409474e-01
574, 5.766169e-01, 5.849314e-01
575, 5.766220e-01, 5.984377e-01
576, 5.774395e-01, 4.850647e-01
577, 5.775446e-01, 4.921431e-01
578, 5.779755e-01, 6.911963e-01
579, 5.789065e-01, 7.916461e-01
580, 5.797729e-01, 6.693253e-01
581, 5.803920e-01, 6.884534e-01
582, 5.805771e-01, 3.201526e-01
583, 5.807619e-01, 7.058723e-01
584, 5.821206e-01, 1.688133e-01
585, 5.842807e-01, 7.805539e-01
586, 5.859656e-01, 2.273160e-01
587, 5.859868e-01, 1.924039e-01
588, 5.870934e-01, 2.971187e-01
589, 5.877329e-01, 3.474499e-01
590, 5.883829e-01, 3.082037e-01
591, 5.892034e-01, 4.065771e-01
592, 5.896098e-01, 3.995796e-01
593, 5.896426e-01, 8.279114e-01
594, 5.899321e-01, 3.346483e-01
595, 5.903000e-01, 1.783077e-01
596, 5.907724e-01, 8.423328e-01
597, 5.922235e-01, 7.139963e-01
598, 5.939191e-01, 7.210041e-01
599, 5.946174e-01, 6.289060e-01
600, 5.956976e-01, 4.595203e-01
601, 5.959752e-01, 6.167011e-01
602, 5.961300e-01, 4.691310e-01
603, 5.962705e-01, 2.500436e-01
604, 5.962836e-01, 5.726494e-01
605, 5.972318e-01, 5.676778e-01
606, 5.992100e-01, 2.495422e-01
607, 6.009557e-01, 6.730687e-01
608, 6.016756e-01, 6.798680e-01
609, 6.026484e-01, 3.081006e-01
610, 6.040583e-01, 2.980923e-01
611, 6.044454e-01, 7.835650e-01
612, 6.048902e-01, 7.911260e-01
613, 6.053654e-01, 1.806362e-01
614, 6.055223e-01, 3.344214e-01
615, 6.056485e-01, 3.509174e-01
616, 6.061957e-01, 8.439106e-01
617, 6.070138e-01, 2.266543e-01
618, 6.073374e-01, 7.127219e-01
619, 6.074183e-01, 2.053973e-01
620, 6.081466e-01, 3.930808e-01
621, 6.081635e-01, 8.399775e-01
622, 6.086033e-01, 4.100611e-01
623, 6.089003e-01, 2.023917e-01
624, 6.093931e-01, 8.245717e-01
625, 6.096663e-01, 3.295001e-01
626, 6.106997e-01, 7.217482e-01
627, 6.110558e-01, 8.007472e-01
628, 6.111531e-01, 6.895085e-01
629, 6.111813e-01, 4.833556e-01
630, 6.113236e-01, 1.776659e-01
631, 6.114755e-01, 3.159141e-01
632, 6.118468e-01, 7.176255e-01
633, 6.139193e-01, 3.849425e-01
634, 6.142513e-01, 5.013679e-01
635, 6.150855e-01, 6.035572e-01
636, 6.151361e-01, 2.648955e-01
637, 6.151462e-01, 5.908309e-01
638, 6.163873e-01, 1.553982e-01
639, 6.180663e-01, 7.704010e-01
640, 6.183712e-01, 7.359308e-01
641, 6.187787e-01, 3.671702e-01
642, 6.194585e-01, 1.777936e-01
643, 6.200216e-01, 5.299408e-01
644, 6.210237e-01, 2.232185e-01
645, 6.211284e-01, 1.548261e-01
646, 6.217593e-01, 2.849556e-01
647, 6.220522e-01, 4.250109e-01
648, 6.233406e-01, 8.230921e-01
649, 6.233970e-01, 4.998221e-01
650, 6.249041e-01, 5.499883e-01
651, 6.250712e-01, 8.037615e-01
652, 6.251462e-01, 2.859858e-01
653, 6.256142e-01, 4.870654e-01
654, 6.264765e-01, 8.262629e-01
655, 6.273774e-01, 2.036355e-01
656, 6.281869e-01, 6.046939e-01
657, 6.302772e-01, 2.918643e-01
658, 6.303522e-01, 6.879916e-01
659, 6.308684e-01, 5.885721e-01
660, 6.315549e-01, 3.079295e-01
661, 6.321410e-01, 2.659629e-01
662, 6.329790e-01, 3.285901e-01
663, 6.336108e-01, 3.678227e-01
664, 6.337087e-01, 5.570731e-01
665, 6.343221e-01, 6.837612e-01
666, 6.352781e-01, 3.771005e-01
667, 6.359068e-01, 5.119984e-01
668, 6.359916e-01, 3.118427e-01
669, 6.362395e-01, 4.256069e-01
670, 6.364377e-01, 1.925691e-01
671, 6.374953e-01, 6.739628e-01
672, 6.380233e-01, 5.801121e-01
673, 6.397243e-01, 6.182675e-01
674, 6.402687e-01, 6.282248e-01
675, 6.422100e-01, 3.436891e-01
676, 6.426650e-01, 2.398453e-01
677, 6.439088e-01, 3.567965e-01
678, 6.461418e-01, 2.566731e-01
679, 6.491201e-01, 7.849977e-01
680, 6.512956e-01, 6.163374e-01
681, 6.513453e-01, 2.570478e-01
682, 6.529435e-01, 1.909214e-01
683, 6.529467e-01, 3.548001e-01
684, 6.540534e-01, 6.704607e-01
685, 6.547440e-01, 4.181948e-01
686, 6.550445e-01, 5.105481e-01
687, 6.552412e-01, 2.408508e-01
688, 6.552564e-01, 6.833375e-01
689, 6.553833e-01, 3.986002e-01
690, 6.559625e-01, 3.448171e-01
691, 6.564743e-01, 3.101189e-01
692, 6.567699e-01, 6.349037e-01
693, 6.569327e-01, 5.771597e-01
694, 6.569868e-01, 4.427327e-01
695, 6.575789e-01, 2.638308e-01
696, 6.581604e-01, 2.864668e-01
697, 6.582307e-01, 4.714064e-01
698, 6.588655e-01, 6.653283e-01
699, 6.591275e-01, 4.670873e-01
700, 6.619092e-01, 2.820024e-01
701, 6.621858e-01, 4.403488e-01
702, 6.628694e-01, 6.400372e-01
703, 6.642709e-01, 4.258124e-01
704, 6.647363e-01, 8.347987e-01
705, 6.650629e-01, 5.869301e-01
706, 6.651796e-01, 7.205315e-01
707, 6.658704e-01, 5.410621e-01
708, 6.673763e-01, 2.060305e-01
709, 6.674373e-01, 2.316550e-01
710, 6.675191e-01, 4.510358e-01
711, 6.682870e-01, 4.972801e-01
712, 6.683044e-01, 4.846421e-01
713, 6.686518e-01, 3.190888e-01
714, 6.687805e-01, 3.275625e-01
715, 6.689581e-01, 6.000200e-01
716, 6.692888e-01, 1.605386e-01
717, 6.695979e-01, 1.708391e-01
718, 6.699500e-01, 7.003774e-01
719, 6.712897e-01, 7.132050e-01
720, 6.730201e-01, 3.886481e-01
721, 6.733165e-01, 4.837399e-01
722, 6.745889e-01, 3.754083e-01
723, 6.749098e-01, 7.406294e-01
724, 6.760228e-01, 7.603576e-01
725, 6.763796e-01, 8.026347e-01
726, 6.767481e-01, 1.731468e-01
727, 6.772701e-01, 6.402790e-01
728, 6.778455e-01, 8.150042e-01
729, 6.796315e-01, 6.606274e-01
730, 6.802846e-01, 1.557230e-01
731, 6.807275e-01, 2.810585e-01
732, 6.809764e-01, 4.993665e-01
733, 6.816028e-01, 2.637169e-01
734, 6.827359e-01, 6.042370e-01
735, 6.838365e-01, 4.528481e-01
736, 6.847424e-01, 5.915637e-01
737, 6.849401e-01, 3.770873e-01
738, 6.859228e-01, 8.012224e-01
739, 6.876888e-01, 3.909414e-01
740, 6.880345e-01, 5.393744e-01
741, 6.883185e-01, 5.533793e-01
742, 6.887539e-01, 2.871015e-01
743, 6.887595e-01, 8.132888e-01
744, 6.895403e-01, 6.262714e-01
745, 6.896601e-01, 4.614242e-01
746, 6.901880e-01, 4.439645e-01
747, 6.902852e-01, 6.145813e-01
748, 6.903690e-01, 1.888688e-01
749, 6.910447e-01, 2.951975e-01
750, 6.912922e-01, 7.516557e-01
751, 6.913128e-01, 7.608946e-01
752, 6.929234e-01, 2.500088e-01
753, 6.932452e-01, 6.745841e-01
754, 6.938173e-01, 7.110198e-01
755, 6.940005e-01, 7.920295e-01
756, 6.961757e-01, 8.344061e-01
757, 6.967594e-01, 5.804147e-01
758, 6.978561e-01, 7.684593e-01
759, 6.982674e-01, 8.198198e-01
760, 6.990301e-01, 5.604841e-01
761, 6.998549e-01, 3.610578e-01
762, 7.008769e-01, 5.106349e-01
763, 7.011120e-01, 7.394728e-01
764, 7.021474e-01, 5.169875e-01
765, 7.028529e-01, 2.951730e-01
766, 7.037096e-01, 7.182351e-01
767, 7.049987e-01, 3.943178e-01
768, 7.063235e-01, 2.799453e-01
769, 7.072015e-01, 5.626419e-01
770, 7.076862e-01, 4.601609e-01
771, 7.078063e-01, 5.757483e-01
772, 7.092853e-01, 4.083473e-01
773, 7.094121e-01, 1.921972e-01
774, 7.098949e-01, 4.513545e-01
775, 7.138493e-01, 2.366446e-01
776, 7.149331e-01, 8.304892e-01
777, 7.150496e-01, 8.249778e-01
778, 7.152909e-01, 2.708179e-01
779, 7.158020e-01, 7.394913e-01
780, 7.162949e-01, 3.851272e-01
781, 7.167283e-01, 3.623912e-01
782, 7.178455e-01, 6.806059e-01
783, 7.189786e-01, 2.281934e-01
784, 7.189988e-01, 3.675663e-01
785, 7.198919e-01, 5.880954e-01
786, 7.205428e-01, 6.709280e-01
787, 7.208950e-01, 4.922552e-01
788, 7.212880e-01, 5.325765e-01
789, 7.214697e-01, 5.969202e-01
790, 7.218989e-01, 5.513751e-01
791, 7.219089e-01, 4.836625e-01
792, 7.236615e-01, 2.062480e-01
793, 7.260637e-01, 7.580828e-01
794, 7.261304e-01, 1.604181e-01
795, 7.268272e-01, 3.698289e-01
796, 7.268665e-01, 6.485930e-01
797, 7.276584e-01, 4.191551e-01
798, 7.279035e-01, 6.984911e-01
799, 7.297508e-01, 3.862905e-01
800, 7.298744e-01, 7.147633e-01
801, 7.303859e-01, 1.602157e-01
802, 7.304400e-01, 6.597252e-01
803, 7.311691e-01, 7.003556e-01
804, 7.319159e-01, 5.994033e-01
805, 7.333156e-01, 8.220433e-01
806, 7.342143e-01, 8.150794e-01
807, 7.356667e-01, 2.067811e-01
808, 7.359616e-01, 6.412940e-01
809, 7.361940e-01, 3.114440e-01
810, 7.365383e-01, 5.876970e-01
811, 7.377234e-01, 6.588505e-01
812, 7.381067e-01, 2.628054e-01
813, 7.391171e-01, 3.431373e-01
814, 7.391316e-01, 4.987217e-01
815, 7.395525e-01, 8.480739e-01
816, 7.398823e-01, 2.212382e-01
817, 7.400673e-01, 5.273446e-01
818, 7.401259e-01, 2.792459e-01
819, 7.403306e-01, 4.803704e-01
820, 7.413578e-01, 3.052978e-01
821, 7.426392e-01, 4.002991e-01
822, 7.426872e-01, 4.186514e-01
823, 7.428991e-01, 5.549488e-01
824, 7.440167e-01, 5.805101e-01
825, 7.445817e-01, 6.205149e-01
826, 7.446214e-01, 8.344545e-01
827, 7.454730e-01, 2.864219e-01
828, 7.455981e-01, 6.620903e-01
829, 7.463218e-01, 4.437049e-01
830, 7.477986e-01, 4.407031e-01
831, 7.479269e-01, 5.518206e-01
832, 7.483641e-01, 1.696072e-01
833, 7.483935e-01, 5.117528e-01
834, 7.484437e-01, 1.515590e-01
835, 7.495815e-01, 1.948295e-01
836, 7.512674e-01, 4.679405e-01
837, 7.524973e-01, 7.829161e-01
838, 7.530506e-01, 7.865145e-01
839, 7.537164e-01, 5.528080e-01
840, 7.550290e-01, 1.823879e-01
841, 7.557666e-01, 2.371348e-01
842, 7.573013e-01, 5.117486e-01
843, 7.618851e-01, 6.888570e-01
844, 7.624574e-01, 5.781917e-01
845, 7.636906e-01, 1.831694e-01
846, 7.641115e-01, 2.900928e-01
847, 7.661874e-01, 1.993871e-01
848, 7.666880e-01, 6.631540e-01
849, 7.673132e-01, 7.116464e-01
850, 7.691926e-01, 8.381797e-01
851, 7.694415e-01, 4.681385e-01
852, 7.695142e-01, 2.354972e-01
853, 7.695956e-01, 4.151682e-01
854, 7.698975e-01, 3.447902e-01
855, 7.707851e-01, 6.821188e-01
856, 7.710117e-01, 3.044830e-01
857, 7.710184e-01, 8.456844e-01
858, 7.719712e-01, 3.930251e-01
859, 7.720122e-01, 6.202029e-01
860, 7.722343e-01, 4.663588e-01
861, 7.726092e-01, 5.336625e-01
862, 7.743471e-01, 3.420523e-01
863, 7.747188e-01, 4.191688e-01
864, 7.771407e-01, 4.905472e-01
865, 7.775395e-01, 6.537684e-01
866, 7.775503e-01, 2.301797e-01
867, 7.777676e-01, 3.087852e-01
868, 7.778426e-01, 5.892199e-01
869, 7.781203e-01, 2.134347e-01
870, 7.784645e-01, 3.857790e-01
871, 7.786543e-01, 6.415454e-01
872, 7.808592e-01, 1.594192e-01
873, 7.811094e-01, 1.733244e-01
874, 7.811580e-01, 7.465935e-01
875, 7.812460e-01, 7.568893e-01
876, 7.813701e-01, 3.632364e-01
877, 7.815917e-01, 6.066306e-01
878, 7.816754e-01, 8.255270e-01
879, 7.835857e-01, 8.087396e-01
880, 7.862749e-01, 2.798507e-01
881, 7.866581e-01, 4.876717e-01
882, 7.884272e-01, 4.766761e-01
883, 7.900815e-01, 2.572857e-01
884, 7.902698e-01, 4.224204e-01
885, 7.924618e-01, 6.058413e-01
886, 7.931138e-01, 5.878701e-01
887, 7.933718e-01, 2.902869e-01
888, 7.943803e-01, 3.493031e-01
889, 7.948620e-01, 6.835259e-01
890, 7.952395e-01, 4.350987e-01
891, 7.954882e-01, 3.824873e-01
892, 7.958415e-01, 3.568877e-01
893, 7.960548e-01, 6.761588e-01
894, 7.961809e-01, 8.461346e-01
895, 7.962280e-01, 2.492137e-01
896, 7.969236e-01, 7.124298e-01
897, 7.977874e-01, 5.322674e-01
898, 7.978891e-01, 1.730596e-01
899, 7.979435e-01, 8.081847e-01
900, 7.999723e-01, 7.160747e-01
901, 8.001882e-01, 1.538108e-01
902, 8.018949e-01, 7.377893e-01
903, 8.021524e-01, 7.621159e-01
904, 8.037760e-01, 1.852563e-01
905, 8.038366e-01, 4.133233e-01
906, 8.042781e-01, 8.015707e-01
907, 8.048130e-01, 3.360847e-01
908, 8.051625e-01, 7.410535e-01
909, 8.069894e-01, 4.682229e-01
910, 8.070461e-01, 6.133317e-01
911, 8.081100e-01, 3.922416e-01
912, 8.089089e-01, 7.715815e-01
913, 8.096188e-01, 7.153954e-01
914, 8.103959e-01, 4.411279e-01
915, 8.114328e-01, 5.767198e-01
916, 8.121724e-01, 7.416053e-01
917, 8.136028e-01, 5.142172e-01
918, 8.137375e-01, 4.387326e-01
919, 8.145190e-01, 3.924789e-01
920, 8.148694e-01, 3.333863e-01
921, 8.152913e-01, 3.038687e-01
922, 8.161004e-01, 5.551852e-01
923, 8.164062e-01, 2.497940e-01
924, 8.174358e-01, 3.353688e-01
925, 8.174601e-01, 3.600758e-01
926, 8.175817e-01, 8.014534e-01
927, 8.183931e-01, 2.933891e-01
928, 8.196402e-01, 6.135351e-01
929, 8.199479e-01, 4.170083e-01
930, 8.210606e-01, 3.211122e-01
931, 8.221762e-01, 8.440738e-01
932, 8.223872e-01, 8.304557e-01
933, 8.234980e-01, 7.506005e-01
934, 8.235376e-01, 3.845437e-01
935, 8.236098e-01, 1.786159e-01
936, 8.236148e-01, 6.829178e-01
937, 8.253835e-01, 5.776958e-01
938, 8.256739e-01, 7.706869e-01
939, 8.261079e-01, 8.087418e-01
940, 8.261934e-01, 3.683373e-01
941, 8.263853e-01, 6.696749e-01
942, 8.268653e-01, 6.865312e-01
943, 8.271876e-01, 6.966117e-01
944, 8.277572e-01, 6.028328e-01
945, 8.283656e-01, 1.570279e-01
946, 8.283815e-01, 7.689967e-01
947, 8.285641e-01, 8.228317e-01
948, 8.292852e-01, 2.856969e-01
949, 8.302245e-01, 5.854317e-01
950, 8.308732e-01, 2.694200e-01
951, 8.316881e-01, 5.313859e-01
952, 8.322573e-01, 4.885280e-01
953, 8.324518e-01, 4.978000e-01
954, 8.340539e-01, 6.619490e-01
955, 8.356620e-01, 5.868196e-01
956, 8.389785e-01, 6.385285e-01
957, 8.411663e-01, 1.990233e-01
958, 8.420344e-01, 7.523572e-01
959, 8.433461e-01, 3.890525e-01
960, 8.438869e-01, 4.178934e-01
961, 8.446729e-01, 2.870393e-01
962, 8.447597e-01, 4.398354e-01
963, 8.452562e-01, 6.612383e-01
964, 8.455375e-01, 3.274162e-01
965, 8.462126e-01, 1.848165e-01
966, 8.462729e-01, 6.024673e-01
967, 8.464644e-01, 6.388023e-01
968, 8.466736e-01, 5.052748e-01
969, 8.468777e-01, 2.092557e-01
970, 8.473828e-01, 5.275774e-01
971, 8.480810e-01, 3.657938e-01
972, 8.488694e-01, 6.967303e-01
973, 3.923573e-01, 1.764979e-01
974, 8.257181e-01, 1.856263e-01
975, 4.928687e-01, 2.242390e-01
976, 2.054410e-01, 2.336159e-01
977, 8.414278e-01, 2.332839e-01
978, 1.675684e-01, 2.433229e-01
979, 2.755222e-01, 2.383419e-01
980, 4.429412e-01, 2.597451e-01
981, 7.140627e-01, 2.602108e-01
982, 4.463477e-01, 2.755655e-01
983, 3.094319e-01, 3.254479e-01
984, 4.535796e-01, 3.290278e-01
985, 7.893019e-01, 3.050126e-01
986, 5.007759e-01, 3.526887e-01
987, 6.801128e-01, 4.234727e-01
988, 2.828559e-01, 4.599236e-01
989, 7.716063e-01, 4.461144e-01
990, 2.087186e-01, 5.029830e-01
991, 4.994046e-01, 5.183268e-01
992, 6.020913e-01, 5.170281e-01
993, 5.455351e-01, 5.569975e-01
994, 6.604277e-01, 5.587842e-01
995, 8.287135e-01, 5.568818e-01
996, 3.112535e-01, 5.819345e-01
997, 5.554201e-01, 5.791395e-01
998, 3.279160e-01, 6.176583e-01
999, 2.553973e-01, 6.405348e-01
1000, 2.547568e-01, 6.668587e-01
1001, 5.202766e-01, 6.669312e-01
1002, 6.165406e-01, 6.530229e-01
1003, 3.140352e-01, 6.862581e-01
1004, 4.738778e-01, 6.873310e-01
1005, 6.948805e-01, 6.857354e-01
1006, 2.817111e-01, 7.159365e-01
1007, 6.339094e-01, 7.165004e-01
1008, 7.155327e-01, 7.192308e-01
1009, 2.217998e-01, 7.443544e-01
1010, 4.206216e-01, 7.443978e-01
1011, 4.431545e-01, 7.414977e-01
1012, 4.720938e-01, 7.373411e-01
1013, 7.551824e-01, 7.267840e-01
1014, 8.406805e-01, 7.705588e-01
1015, 7.105258e-01, 8.194881e-01
1016, 3.389967e-01, 8.247823e-01
1017, 7.981277e-01, 8.240446e-01
1018, 2.131930e-01, 8.487219e-01
1019, 1.520918e-01, 1.500000e-01
1020, 1.666604e-01, 1.500000e-01
1021, 2.014003e-01, 1.500000e-01
1022, 2.883587e-01, 1.500000e-01
1023, 3.020124e-01, 1.500000e-01
1024, 3.345919e-01, 1.500000e-01
1025, 3.679173e-01, 1.500000e-01
1026, 3.870764e-01, 1.500000e-01
1027, 4.099628e-01, 1.500000e-01
1028, 5.064942e-01, 1.500000e-01
1029, 4.578796e-01, 1.500000e-01
1030, 5.416163e-01, 1.500000e-01
1031, 5.476723e-01, 1.500000e-01
1032, 5.798573e-01, 1.500000e-01
1033, 6.068698e-01, 1.500000e-01
1034, 5.848929e-01, 1.500000e-01
1035, 6.264369e-01, 1.500000e-01
1036, 6.614532e-01, 1.500000e-01
1037, 6.854994e-01, 1.500000e-01
1038, 7.126864e-01, 1.500000e-01
1039, 7.494691e-01, 1.500000e-01
1040, 7.629408e-01, 1.500000e-01
1041, 8.113441e-01, 1.500000e-01
1042, 8.190113e-01, 1.500000e-01
1043, 8.500000e-01, 1.557425e-01
1044, 1.500000e-01, 1.810565e-01
1045, 8.500000e-01, 1.805871e-01
1046, 1.500000e-01, 1.933794e-01
1047, 8.500000e-01, 2.116849e-01
1048, 1.500000e-01, 2.228950e-01
1049, 8.500000e-01, 2.231266e-01
1050, 8.500000e-01, 2.571407e-01
1051, 1.500000e-01, 2.549078e-01
1052, 8.500000e-01, 2.652913e-01
1053, 8.500000e-01, 2.768059e-01
1054, 1.500000e-01, 2.749536e-01
1055, 8.500000e-01, 2.976011e-01
1056, 1.500000e-01, 3.164919e-01
1057, 8.500000e-01, 3.200879e-01
1058, 1.500000e-01, 3.372549e-01
1059, 8.500000e-01, 3.326699e-01
1060, 8.500000e-01, 3.603608e-01
1061, 1.500000e-01, 3.584795e-01
1062, 8.500000e-01, 3.651061e-01
1063, 8.500000e-01, 4.045237e-01
1064, 1.500000e-01, 4.322281e-01
1065, 8.500000e-01, 4.114075e-01
1066, 8.500000e-01, 4.461308e-01
1067, 8.500000e-01, 4.771458e-01
1068, 1.500000e-01, 4.781443e-01
1069, 8.500000e-01, 5.033148e-01
1070, 1.500000e-01, 5.309001e-01
1071, 1.500000e-01, 5.370706e-01
1072, 1.500000e-01, 5.559681e-01
1073, 8.500000e-01, 5.735467e-01
1074, 1.500000e-01, 6.255342e-01
1075, 8.500000e-01, 6.047213e-01
1076, 1.500000e-01, 6.330463e-01
1077, 8.500000e-01, 6.363359e-01
1078, 1.500000e-01, 6.589736e-01
1079, 8.500000e-01, 6.655409e-01
1080, 1.500000e-01, 6.702392e-01
1081, 8.500000e-01, 6.865312e-01
1082, 8.500000e-01, 6.918519e-01
1083, 1.500000e-01, 7.325022e-01
1084, 8.500000e-01, 6.988090e-01
1085, 1.500000e-01, 7.331185e-01
1086, 8.500000e-01, 7.457226e-01
1087, 1.500000e-01, 7.681161e-01
1088, 1.500000e-01, 7.884871e-01
1089, 1.500000e-01, 7.905248e-01
1090, 8.500000e-01, 7.704488e-01
1091, 1.500000e-01, 8.286870e-01
1092, 1.500000e-01, 8.340715e-01
1093, 2.558538e-01, 8.500000e-01
1094, 2.880688e-01, 8.500000e-01
1095, 4.220146e-01, 8.500000e-01
1096, 4.962977e-01, 8.500000e-01
1097, 8.500000e-01, 8.349914e-01
1098, 1.500000e-01, 8.372300e-01
1099, 1.770330e-01, 8.500000e-01
1100, 2.116369e-01, 8.500000e-01
1101, 2.151338e-01, 8.500000e-01
1102, 3.020167e-01, 8.500000e-01
1103, 3.491400e-01, 8.500000e-01
1104, 3.604998e-01, 8.500000e-01
1105, 3.817332e-01, 8.500000e-01
1106, 5.842092e-01, 8.500000e-01
1107, 6.746778e-01, 8.500000e-01
1108, 6.066108e-01, 8.500000e-01
1109, 6.763248e-01, 8.500000e-01
1110, 7.408950e-01, 8.500000e-01
1111, 7.674565e-01, 8.500000e-01
1112, 7.835077e-01, 8.500000e-01
1113, 7.923049e-01, 8.500000e-01
1114, 8.259113e-01, 8.500000e-01
1115, 8.024328e-01, 1.501767e-01
1116, 1.500646e-01, 1.518578e-01
1117, 2.447527e-01, 1.502835e-01
1118, 8.492268e-01, 2.838375e-01
1119, 1.502466e-01, 3.921758e-01
1120, 1.505020e-01, 4.533826e-01
1121, 1.503218e-01, 4.705465e-01
1122, 8.496188e-01, 5.254308e-01
1123, 8.494604e-01, 5.533629e-01
1124, 5.385150e-01, 8.499510e-01
1125, 7.331992e-01, 8.492534e-01
