1, 1.519216e-01, 5.490850e-01
2, 1.520687e-01, 6.741312e-01
3, 1.520687e-01, 6.515153e-01
4, 1.524755e-01, 3.407351e-01
5, 1.524755e-01, 3.631642e-01
6, 1.525499e-01, 3.845435e-01
7, 1.527290e-01, 6.960202e-01
8, 1.529297e-01, 1.553074e-01
9, 1.530198e-01, 4.452610e-01
10, 1.532576e-01, 7.542463e-01
11, 1.532576e-01, 7.774510e-01
12, 1.536349e-01, 2.822534e-01
13, 1.536349e-01, 2.594637e-01
14, 1.537400e-01, 1.770174e-01
15, 1.537812e-01, 2.365682e-01
16, 1.537920e-01, 5.920987e-01
17, 1.538637e-01, 8.000168e-01
18, 1.648411e-01, 2.887229e-01
19, 1.654674e-01, 2.298189e-01
20, 1.656461e-01, 7.470913e-01
21, 1.656461e-01, 7.260788e-01
22, 1.658096e-01, 8.069132e-01
23, 1.658096e-01, 8.279062e-01
24, 1.662849e-01, 7.038461e-01
25, 1.662929e-01, 6.433002e-01
26, 1.662955e-01, 3.327567e-01
27, 1.665919e-01, 4.374258e-01
28, 1.665919e-01, 4.145694e-01
29, 1.667162e-01, 1.845086e-01
30, 1.671578e-01, 4.969270e-01
31, 1.671578e-01, 5.179682e-01
32, 1.672487e-01, 3.930327e-01
33, 1.674991e-01, 6.000119e-01
34, 1.677762e-01, 5.399321e-01
35, 1.680736e-01, 8.301710e-01
36, 1.790502e-01, 2.805198e-01
37, 1.790502e-01, 2.593174e-01
38, 1.794566e-01, 2.378983e-01
39, 1.798299e-01, 7.780571e-01
40, 1.798299e-01, 7.988192e-01
41, 1.798483e-01, 4.450788e-01
42, 1.801790e-01, 1.767364e-01
43, 1.801790e-01, 1.561178e-01
44, 1.805881e-01, 5.709128e-01
45, 1.805881e-01, 5.473285e-01
46, 1.806317e-01, 5.924303e-01
47, 1.808012e-01, 7.558441e-01
48, 1.808775e-01, 3.632385e-01
49, 1.808775e-01, 3.851614e-01
50, 1.811031e-01, 4.888729e-01
51, 1.811457e-01, 3.413299e-01
52, 1.811967e-01, 6.952374e-01
53, 1.811967e-01, 6.747915e-01
54, 1.820019e-01, 6.523728e-01
55, 1.938770e-01, 5.185866e-01
56, 1.938770e-01, 5.396622e-01
57, 1.938870e-01, 7.025584e-01
58, 1.939694e-01, 1.846920e-01
59, 1.941726e-01, 4.964157e-01
60, 1.943454e-01, 3.929341e-01
61, 1.944696e-01, 6.004133e-01
62, 1.950713e-01, 3.109898e-01
63, 1.950713e-01, 3.332963e-01
64, 1.952063e-01, 8.076897e-01
65, 1.952436e-01, 2.287872e-01
66, 1.953539e-01, 4.361337e-01
67, 1.954964e-01, 6.445847e-01
68, 1.955538e-01, 7.473299e-01
69, 1.956716e-01, 2.901085e-01
70, 2.064457e-01, 6.509084e-01
71, 2.073059e-01, 4.668001e-01
72, 2.073059e-01, 4.888306e-01
73, 2.073550e-01, 1.557192e-01
74, 2.074031e-01, 3.853927e-01
75, 2.074476e-01, 1.769109e-01
76, 2.076243e-01, 6.946277e-01
77, 2.076752e-01, 7.543306e-01
78, 2.077965e-01, 4.433169e-01
79, 2.083871e-01, 2.363782e-01
80, 2.083871e-01, 2.589112e-01
81, 2.084862e-01, 3.410408e-01
82, 2.085994e-01, 5.922561e-01
83, 2.087538e-01, 7.998687e-01
84, 2.095990e-01, 5.487386e-01
85, 2.105193e-01, 2.815369e-01
86, 2.105193e-01, 2.610433e-01
87, 2.213300e-01, 5.996056e-01
88, 2.213300e-01, 6.219575e-01
89, 2.215516e-01, 8.072569e-01
90, 2.216050e-01, 4.149208e-01
91, 2.216050e-01, 4.353451e-01
92, 2.216741e-01, 5.182911e-01
93, 2.216741e-01, 4.971289e-01
94, 2.217206e-01, 7.462188e-01
95, 2.217307e-01, 3.103896e-01
96, 2.217307e-01, 2.880093e-01
97, 2.218445e-01, 2.079517e-01
98, 2.218445e-01, 1.852224e-01
99, 2.218874e-01, 3.333042e-01
100, 2.220719e-01, 6.418835e-01
101, 2.222586e-01, 5.414302e-01
102, 2.223634e-01, 2.283062e-01
103, 2.224883e-01, 3.941052e-01
104, 2.235263e-01, 7.038081e-01
105, 2.335806e-01, 2.610433e-01
106, 2.335806e-01, 2.811683e-01
107, 2.352153e-01, 5.489101e-01
108, 2.352153e-01, 5.699564e-01
109, 2.355284e-01, 5.914088e-01
110, 2.358192e-01, 7.781648e-01
111, 2.358192e-01, 7.990201e-01
112, 2.360512e-01, 6.965774e-01
113, 2.361608e-01, 3.618873e-01
114, 2.361608e-01, 3.415444e-01
115, 2.365187e-01, 1.767509e-01
116, 2.365187e-01, 1.558118e-01
117, 2.365840e-01, 7.548030e-01
118, 2.369817e-01, 2.367489e-01
119, 2.369817e-01, 2.576423e-01
120, 2.370540e-01, 3.856928e-01
121, 2.372812e-01, 4.443951e-01
122, 2.372812e-01, 4.663095e-01
123, 2.373890e-01, 4.880528e-01
124, 2.377277e-01, 6.509254e-01
125, 2.490170e-01, 2.297979e-01
126, 2.493059e-01, 6.442384e-01
127, 2.493059e-01, 6.226995e-01
128, 2.494524e-01, 4.140375e-01
129, 2.494524e-01, 4.373686e-01
130, 2.495754e-01, 2.904021e-01
131, 2.497399e-01, 3.930195e-01
132, 2.497425e-01, 7.253005e-01
133, 2.497425e-01, 7.044815e-01
134, 2.497961e-01, 5.996456e-01
135, 2.499923e-01, 5.188757e-01
136, 2.499923e-01, 5.403793e-01
137, 2.501461e-01, 4.954206e-01
138, 2.502518e-01, 8.292277e-01
139, 2.502518e-01, 8.073521e-01
140, 2.503751e-01, 7.468380e-01
141, 2.505819e-01, 1.848697e-01
142, 2.510124e-01, 3.329704e-01
143, 2.621929e-01, 4.447237e-01
144, 2.629442e-01, 3.398587e-01
145, 2.629442e-01, 3.627805e-01
146, 2.632385e-01, 5.480264e-01
147, 2.632385e-01, 5.702696e-01
148, 2.632871e-01, 2.380396e-01
149, 2.633811e-01, 3.851410e-01
150, 2.637149e-01, 7.545424e-01
151, 2.637413e-01, 4.875688e-01
152, 2.639652e-01, 6.734887e-01
153, 2.639652e-01, 6.962706e-01
154, 2.640572e-01, 5.914125e-01
155, 2.642275e-01, 6.528564e-01
156, 2.644248e-01, 1.557180e-01
157, 2.644248e-01, 1.768781e-01
158, 2.649100e-01, 7.988898e-01
159, 2.652492e-01, 2.813535e-01
160, 2.771038e-01, 7.259331e-01
161, 2.771038e-01, 7.468097e-01
162, 2.774255e-01, 6.452340e-01
163, 2.776022e-01, 3.119839e-01
164, 2.776022e-01, 3.313966e-01
165, 2.778380e-01, 2.886211e-01
166, 2.779719e-01, 7.043567e-01
167, 2.781563e-01, 4.355079e-01
168, 2.781563e-01, 4.137501e-01
169, 2.781662e-01, 8.065427e-01
170, 2.781683e-01, 3.936814e-01
171, 2.782229e-01, 2.069057e-01
172, 2.782229e-01, 1.848439e-01
173, 2.789547e-01, 5.187218e-01
174, 2.789547e-01, 4.963553e-01
175, 2.789865e-01, 2.289725e-01
176, 2.790546e-01, 5.388956e-01
177, 2.792745e-01, 6.001975e-01
178, 2.898727e-01, 5.940791e-01
179, 2.898727e-01, 5.710887e-01
180, 2.904027e-01, 1.550482e-01
181, 2.908727e-01, 6.530004e-01
182, 2.911846e-01, 1.773610e-01
183, 2.911901e-01, 4.892887e-01
184, 2.911901e-01, 4.679657e-01
185, 2.912091e-01, 7.990129e-01
186, 2.912091e-01, 7.785952e-01
187, 2.912909e-01, 2.808546e-01
188, 2.912909e-01, 2.596044e-01
189, 2.916215e-01, 7.551944e-01
190, 2.918362e-01, 2.363938e-01
191, 2.918682e-01, 6.963343e-01
192, 2.920100e-01, 3.632173e-01
193, 2.920100e-01, 3.856871e-01
194, 2.922886e-01, 5.686719e-01
195, 2.922886e-01, 5.465357e-01
196, 2.929154e-01, 3.402370e-01
197, 2.934608e-01, 4.443433e-01
198, 2.934608e-01, 4.656950e-01
199, 3.044567e-01, 3.335741e-01
200, 3.046905e-01, 4.970858e-01
201, 3.046905e-01, 5.188218e-01
202, 3.048939e-01, 7.250650e-01
203, 3.048939e-01, 7.038542e-01
204, 3.048961e-01, 6.027522e-01
205, 3.050362e-01, 3.932104e-01
206, 3.051433e-01, 7.473849e-01
207, 3.052827e-01, 1.855000e-01
208, 3.052827e-01, 2.076692e-01
209, 3.052903e-01, 5.390297e-01
210, 3.053013e-01, 8.286924e-01
211, 3.054072e-01, 8.072096e-01
212, 3.054619e-01, 2.285243e-01
213, 3.056421e-01, 2.891397e-01
214, 3.060530e-01, 4.370737e-01
215, 3.068350e-01, 6.437814e-01
216, 3.184928e-01, 7.781828e-01
217, 3.184928e-01, 7.996606e-01
218, 3.185518e-01, 3.854101e-01
219, 3.185852e-01, 1.778259e-01
220, 3.185852e-01, 1.558301e-01
221, 3.190211e-01, 4.445549e-01
222, 3.192538e-01, 7.555285e-01
223, 3.193549e-01, 6.510070e-01
224, 3.193549e-01, 6.742219e-01
225, 3.193928e-01, 6.954899e-01
226, 3.194810e-01, 5.472162e-01
227, 3.195293e-01, 3.422693e-01
228, 3.195342e-01, 2.366459e-01
229, 3.195342e-01, 2.590591e-01
230, 3.198733e-01, 2.809298e-01
231, 3.204499e-01, 4.879906e-01
232, 3.215145e-01, 5.931652e-01
233, 3.317887e-01, 5.401109e-01
234, 3.324365e-01, 2.291942e-01
235, 3.327122e-01, 6.222985e-01
236, 3.327122e-01, 6.432925e-01
237, 3.328474e-01, 5.997078e-01
238, 3.334723e-01, 3.940273e-01
239, 3.334723e-01, 4.147546e-01
240, 3.335569e-01, 7.036669e-01
241, 3.335569e-01, 7.253142e-01
242, 3.337003e-01, 4.360805e-01
243, 3.337330e-01, 4.956622e-01
244, 3.338509e-01, 1.866389e-01
245, 3.338641e-01, 8.085346e-01
246, 3.338641e-01, 8.285865e-01
247, 3.342464e-01, 2.892275e-01
248, 3.342464e-01, 3.105627e-01
249, 3.342783e-01, 7.468511e-01
250, 3.347840e-01, 3.334626e-01
251, 3.458968e-01, 4.886369e-01
252, 3.463002e-01, 5.707054e-01
253, 3.463002e-01, 5.919414e-01
254, 3.465896e-01, 6.513074e-01
255, 3.465896e-01, 6.742598e-01
256, 3.468192e-01, 6.960105e-01
257, 3.472985e-01, 3.613349e-01
258, 3.472985e-01, 3.860420e-01
259, 3.473355e-01, 3.407087e-01
260, 3.473848e-01, 2.378276e-01
261, 3.473848e-01, 2.593980e-01
262, 3.474084e-01, 2.816290e-01
263, 3.474545e-01, 4.440208e-01
264, 3.478529e-01, 1.551405e-01
265, 3.480038e-01, 7.547782e-01
266, 3.480038e-01, 7.774221e-01
267, 3.481305e-01, 1.783951e-01
268, 3.484693e-01, 5.497407e-01
269, 3.484693e-01, 5.685355e-01
270, 3.486213e-01, 8.000151e-01
271, 3.592997e-01, 3.111005e-01
272, 3.592997e-01, 2.884939e-01
273, 3.600618e-01, 7.478142e-01
274, 3.600618e-01, 7.260356e-01
275, 3.601918e-01, 6.434515e-01
276, 3.602194e-01, 3.332707e-01
277, 3.605408e-01, 1.855597e-01
278, 3.605408e-01, 2.064340e-01
279, 3.607275e-01, 8.070041e-01
280, 3.607275e-01, 8.286985e-01
281, 3.607500e-01, 7.040528e-01
282, 3.609422e-01, 4.149826e-01
283, 3.609422e-01, 4.362343e-01
284, 3.611926e-01, 2.298529e-01
285, 3.614912e-01, 6.007113e-01
286, 3.614960e-01, 5.174771e-01
287, 3.614960e-01, 4.976462e-01
288, 3.616956e-01, 5.421051e-01
289, 3.617100e-01, 3.943654e-01
290, 3.734189e-01, 5.685355e-01
291, 3.734189e-01, 5.488731e-01
292, 3.739066e-01, 3.411725e-01
293, 3.743581e-01, 2.594217e-01
294, 3.743581e-01, 2.798005e-01
295, 3.747061e-01, 7.989342e-01
296, 3.747061e-01, 7.780397e-01
297, 3.750034e-01, 4.655657e-01
298, 3.750034e-01, 4.443519e-01
299, 3.751288e-01, 1.554181e-01
300, 3.751776e-01, 1.771097e-01
301, 3.752491e-01, 4.897032e-01
302, 3.752639e-01, 2.379797e-01
303, 3.753537e-01, 3.864855e-01
304, 3.754331e-01, 7.566918e-01
305, 3.756002e-01, 6.954796e-01
306, 3.756002e-01, 6.744894e-01
307, 3.758286e-01, 5.709460e-01
308, 3.758286e-01, 5.924343e-01
309, 3.759967e-01, 6.525795e-01
310, 3.878275e-01, 3.331358e-01
311, 3.879032e-01, 8.065530e-01
312, 3.879603e-01, 2.070858e-01
313, 3.879603e-01, 1.844892e-01
314, 3.884310e-01, 4.973164e-01
315, 3.884310e-01, 5.176766e-01
316, 3.884427e-01, 4.142148e-01
317, 3.884427e-01, 3.940450e-01
318, 3.886427e-01, 2.302528e-01
319, 3.888008e-01, 2.881384e-01
320, 3.891363e-01, 5.397993e-01
321, 3.891886e-01, 4.361627e-01
322, 3.894145e-01, 7.034547e-01
323, 3.894145e-01, 7.253474e-01
324, 3.896978e-01, 6.208638e-01
325, 3.896978e-01, 6.004411e-01
326, 3.902311e-01, 7.481453e-01
327, 3.904472e-01, 6.442337e-01
328, 4.014144e-01, 7.546042e-01
329, 4.014144e-01, 7.773127e-01
330, 4.019044e-01, 7.984700e-01
331, 4.020680e-01, 6.740930e-01
332, 4.020680e-01, 6.961497e-01
333, 4.020967e-01, 6.509618e-01
334, 4.022042e-01, 5.932211e-01
335, 4.022042e-01, 5.709460e-01
336, 4.025856e-01, 4.438969e-01
337, 4.026617e-01, 3.627450e-01
338, 4.026617e-01, 3.416997e-01
339, 4.029262e-01, 1.758493e-01
340, 4.029712e-01, 5.477863e-01
341, 4.032668e-01, 2.585159e-01
342, 4.032668e-01, 2.386989e-01
343, 4.034486e-01, 2.796821e-01
344, 4.036256e-01, 3.852761e-01
345, 4.037712e-01, 4.884567e-01
346, 4.152171e-01, 4.366047e-01
347, 4.152751e-01, 6.216132e-01
348, 4.152751e-01, 6.433507e-01
349, 4.154775e-01, 7.464821e-01
350, 4.154775e-01, 7.261640e-01
351, 4.155276e-01, 7.039200e-01
352, 4.160935e-01, 6.012395e-01
353, 4.161929e-01, 5.401533e-01
354, 4.161929e-01, 5.183820e-01
355, 4.164652e-01, 4.957881e-01
356, 4.165902e-01, 8.303716e-01
357, 4.168447e-01, 2.308570e-01
358, 4.170413e-01, 8.072086e-01
359, 4.172844e-01, 3.931647e-01
360, 4.177442e-01, 2.879351e-01
361, 4.177442e-01, 3.110469e-01
362, 4.183688e-01, 3.326318e-01
363, 4.184480e-01, 1.848102e-01
364, 4.296101e-01, 2.382296e-01
365, 4.296101e-01, 2.586977e-01
366, 4.296627e-01, 2.810545e-01
367, 4.301719e-01, 3.857216e-01
368, 4.303960e-01, 5.929826e-01
369, 4.304328e-01, 1.778913e-01
370, 4.304732e-01, 7.778027e-01
371, 4.304732e-01, 7.551428e-01
372, 4.306670e-01, 4.875858e-01
373, 4.306670e-01, 4.669969e-01
374, 4.307023e-01, 4.455444e-01
375, 4.313105e-01, 6.526119e-01
376, 4.313105e-01, 6.740643e-01
377, 4.314346e-01, 7.988993e-01
378, 4.315484e-01, 5.490181e-01
379, 4.317208e-01, 6.945716e-01
380, 4.317761e-01, 3.403719e-01
381, 4.430326e-01, 3.931439e-01
382, 4.432727e-01, 6.004111e-01
383, 4.433207e-01, 2.061650e-01
384, 4.433207e-01, 1.853262e-01
385, 4.436299e-01, 3.335335e-01
386, 4.437269e-01, 2.300824e-01
387, 4.443047e-01, 5.181098e-01
388, 4.443047e-01, 5.416591e-01
389, 4.443571e-01, 4.954868e-01
390, 4.443677e-01, 8.299204e-01
391, 4.446260e-01, 7.469748e-01
392, 4.446260e-01, 7.261139e-01
393, 4.446690e-01, 8.065341e-01
394, 4.450545e-01, 6.446798e-01
395, 4.450709e-01, 4.372553e-01
396, 4.451002e-01, 7.022901e-01
397, 4.455644e-01, 2.902280e-01
398, 4.571367e-01, 5.490672e-01
399, 4.572795e-01, 4.669616e-01
400, 4.572795e-01, 4.880236e-01
401, 4.573471e-01, 4.443424e-01
402, 4.576325e-01, 6.519442e-01
403, 4.576325e-01, 6.744744e-01
404, 4.577346e-01, 6.949962e-01
405, 4.577721e-01, 7.787637e-01
406, 4.577721e-01, 7.989695e-01
407, 4.578951e-01, 3.417689e-01
408, 4.578951e-01, 3.621054e-01
409, 4.583306e-01, 7.548898e-01
410, 4.585270e-01, 5.916047e-01
411, 4.585843e-01, 3.841621e-01
412, 4.585968e-01, 2.386705e-01
413, 4.585968e-01, 2.587503e-01
414, 4.586794e-01, 2.826566e-01
415, 4.587628e-01, 1.764113e-01
416, 4.703130e-01, 2.893727e-01
417, 4.715345e-01, 3.338948e-01
418, 4.719090e-01, 4.149310e-01
419, 4.719090e-01, 4.359357e-01
420, 4.719325e-01, 5.180573e-01
421, 4.719325e-01, 4.964864e-01
422, 4.720239e-01, 7.256399e-01
423, 4.720239e-01, 7.469812e-01
424, 4.720368e-01, 1.840745e-01
425, 4.721679e-01, 3.920072e-01
426, 4.722984e-01, 5.403142e-01
427, 4.724974e-01, 7.035188e-01
428, 4.728124e-01, 8.076524e-01
429, 4.728297e-01, 6.431671e-01
430, 4.728297e-01, 6.225759e-01
431, 4.732832e-01, 6.001235e-01
432, 4.733540e-01, 2.301475e-01
433, 4.850213e-01, 1.568103e-01
434, 4.850213e-01, 1.765784e-01
435, 4.855050e-01, 2.371652e-01
436, 4.858707e-01, 5.928566e-01
437, 4.863970e-01, 6.745765e-01
438, 4.863970e-01, 6.510029e-01
439, 4.864056e-01, 3.424800e-01
440, 4.864056e-01, 3.627946e-01
441, 4.864215e-01, 3.837751e-01
442, 4.864904e-01, 2.800333e-01
443, 4.865911e-01, 7.996978e-01
444, 4.865911e-01, 7.782053e-01
445, 4.867729e-01, 4.668940e-01
446, 4.867729e-01, 4.879153e-01
447, 4.868553e-01, 6.952299e-01
448, 4.869588e-01, 7.556068e-01
449, 4.869615e-01, 4.446256e-01
450, 4.870969e-01, 5.488575e-01
451, 4.874725e-01, 1.543591e-01
452, 4.992113e-01, 7.023631e-01
453, 4.993372e-01, 6.221224e-01
454, 4.993372e-01, 6.435294e-01
455, 4.993449e-01, 8.070607e-01
456, 4.995372e-01, 2.290610e-01
457, 4.995372e-01, 2.078883e-01
458, 4.995433e-01, 1.849621e-01
459, 4.996094e-01, 6.007880e-01
460, 4.997761e-01, 5.415378e-01
461, 5.001481e-01, 3.917028e-01
462, 5.001481e-01, 4.146721e-01
463, 5.005180e-01, 7.477757e-01
464, 5.006037e-01, 4.367499e-01
465, 5.007346e-01, 3.109592e-01
466, 5.007346e-01, 3.342078e-01
467, 5.010804e-01, 2.884562e-01
468, 5.013608e-01, 4.963405e-01
469, 5.123418e-01, 6.947827e-01
470, 5.126457e-01, 2.598184e-01
471, 5.126457e-01, 2.817795e-01
472, 5.127679e-01, 5.490380e-01
473, 5.129896e-01, 3.628105e-01
474, 5.129896e-01, 3.412827e-01
475, 5.132635e-01, 2.369886e-01
476, 5.134035e-01, 4.667054e-01
477, 5.134035e-01, 4.893853e-01
478, 5.134153e-01, 3.840404e-01
479, 5.135372e-01, 6.517305e-01
480, 5.137103e-01, 4.443165e-01
481, 5.137776e-01, 7.778377e-01
482, 5.137776e-01, 7.987286e-01
483, 5.138475e-01, 7.554741e-01
484, 5.142634e-01, 5.923281e-01
485, 5.147408e-01, 1.761885e-01
486, 5.262667e-01, 7.264731e-01
487, 5.262667e-01, 7.483015e-01
488, 5.267707e-01, 5.995486e-01
489, 5.271193e-01, 4.973068e-01
490, 5.271632e-01, 2.901605e-01
491, 5.271632e-01, 3.106133e-01
492, 5.273499e-01, 1.834678e-01
493, 5.275126e-01, 4.363483e-01
494, 5.277385e-01, 8.296681e-01
495, 5.278176e-01, 8.068340e-01
496, 5.278460e-01, 3.327060e-01
497, 5.281942e-01, 6.432654e-01
498, 5.286953e-01, 3.928653e-01
499, 5.287536e-01, 2.280423e-01
500, 5.288368e-01, 5.397613e-01
501, 5.288433e-01, 7.238965e-01
502, 5.288433e-01, 7.043091e-01
503, 5.411593e-01, 7.991317e-01
504, 5.411593e-01, 7.777677e-01
505, 5.412364e-01, 3.856222e-01
506, 5.412364e-01, 3.632361e-01
507, 5.413231e-01, 1.754010e-01
508, 5.414586e-01, 7.570755e-01
509, 5.415613e-01, 6.969670e-01
510, 5.415684e-01, 3.406281e-01
511, 5.416200e-01, 5.909760e-01
512, 5.416200e-01, 5.706864e-01
513, 5.419556e-01, 4.663986e-01
514, 5.419556e-01, 4.887381e-01
515, 5.419930e-01, 5.473565e-01
516, 5.426536e-01, 4.450893e-01
517, 5.427006e-01, 6.516435e-01
518, 5.430826e-01, 2.592006e-01
519, 5.430826e-01, 2.363180e-01
520, 5.432747e-01, 2.808592e-01
521, 5.544456e-01, 4.139450e-01
522, 5.544456e-01, 3.932512e-01
523, 5.545092e-01, 7.044419e-01
524, 5.548320e-01, 4.380586e-01
525, 5.549122e-01, 5.398982e-01
526, 5.549122e-01, 5.185560e-01
527, 5.549187e-01, 3.329209e-01
528, 5.551915e-01, 8.295889e-01
529, 5.553867e-01, 6.443167e-01
530, 5.556360e-01, 2.290678e-01
531, 5.556360e-01, 2.092858e-01
532, 5.557001e-01, 4.966761e-01
533, 5.557541e-01, 8.075574e-01
534, 5.561708e-01, 7.485785e-01
535, 5.563267e-01, 2.883942e-01
536, 5.564790e-01, 1.841506e-01
537, 5.567984e-01, 5.997387e-01
538, 5.681423e-01, 4.457372e-01
539, 5.681423e-01, 4.657006e-01
540, 5.682802e-01, 6.517579e-01
541, 5.683073e-01, 4.894001e-01
542, 5.686211e-01, 2.593927e-01
543, 5.686211e-01, 2.365619e-01
544, 5.689466e-01, 2.811139e-01
545, 5.691938e-01, 5.703133e-01
546, 5.691938e-01, 5.481371e-01
547, 5.693275e-01, 1.549464e-01
548, 5.693799e-01, 3.846322e-01
549, 5.695202e-01, 7.774685e-01
550, 5.695202e-01, 7.996159e-01
551, 5.695229e-01, 1.766258e-01
552, 5.695842e-01, 7.563198e-01
553, 5.696667e-01, 5.923151e-01
554, 5.701166e-01, 6.954381e-01
555, 5.705746e-01, 3.419526e-01
556, 5.826275e-01, 6.218626e-01
557, 5.826275e-01, 6.434717e-01
558, 5.828052e-01, 3.098884e-01
559, 5.828052e-01, 2.891146e-01
560, 5.828442e-01, 2.283474e-01
561, 5.828879e-01, 5.177684e-01
562, 5.828879e-01, 5.402314e-01
563, 5.831460e-01, 7.255575e-01
564, 5.831460e-01, 7.484872e-01
565, 5.835551e-01, 6.003330e-01
566, 5.835770e-01, 3.344463e-01
567, 5.835844e-01, 8.290263e-01
568, 5.836456e-01, 7.032485e-01
569, 5.836811e-01, 8.077911e-01
570, 5.837170e-01, 4.982999e-01
571, 5.839000e-01, 1.849257e-01
572, 5.840027e-01, 3.930776e-01
573, 5.840027e-01, 4.143313e-01
574, 5.840396e-01, 4.365596e-01
575, 5.963074e-01, 3.417956e-01
576, 5.965090e-01, 1.551418e-01
577, 5.965090e-01, 1.776465e-01
578, 5.970119e-01, 2.809130e-01
579, 5.970257e-01, 8.000872e-01
580, 5.973636e-01, 3.853610e-01
581, 5.974890e-01, 6.952566e-01
582, 5.974890e-01, 6.745359e-01
583, 5.977671e-01, 4.901853e-01
584, 5.977671e-01, 4.658656e-01
585, 5.977871e-01, 5.707862e-01
586, 5.977871e-01, 5.488328e-01
587, 5.978057e-01, 4.445069e-01
588, 5.978206e-01, 6.522464e-01
589, 5.978705e-01, 5.920686e-01
590, 5.980832e-01, 7.571142e-01
591, 5.989743e-01, 2.376633e-01
592, 6.097933e-01, 4.971310e-01
593, 6.105776e-01, 5.994046e-01
594, 6.105776e-01, 6.209349e-01
595, 6.106627e-01, 4.370844e-01
596, 6.106627e-01, 4.143681e-01
597, 6.107485e-01, 2.888433e-01
598, 6.107485e-01, 3.106604e-01
599, 6.107726e-01, 2.308492e-01
600, 6.107726e-01, 2.073874e-01
601, 6.107808e-01, 3.931101e-01
602, 6.109419e-01, 6.446683e-01
603, 6.110297e-01, 7.030737e-01
604, 6.112887e-01, 8.083213e-01
605, 6.112887e-01, 8.289295e-01
606, 6.113449e-01, 1.862114e-01
607, 6.116118e-01, 3.329603e-01
608, 6.116605e-01, 5.408236e-01
609, 6.122180e-01, 7.489507e-01
610, 6.231958e-01, 2.380242e-01
611, 6.244281e-01, 5.481944e-01
612, 6.244281e-01, 5.708696e-01
613, 6.244475e-01, 5.913974e-01
614, 6.245931e-01, 6.525525e-01
615, 6.246659e-01, 4.451685e-01
616, 6.248345e-01, 7.562373e-01
617, 6.248345e-01, 7.763470e-01
618, 6.251384e-01, 3.627659e-01
619, 6.251384e-01, 3.407693e-01
620, 6.251614e-01, 2.805226e-01
621, 6.254431e-01, 3.846419e-01
622, 6.256517e-01, 6.946323e-01
623, 6.256550e-01, 8.000275e-01
624, 6.256829e-01, 1.779339e-01
625, 6.257241e-01, 4.879302e-01
626, 6.371893e-01, 2.068151e-01
627, 6.371893e-01, 1.845766e-01
628, 6.384010e-01, 6.212992e-01
629, 6.384010e-01, 5.994528e-01
630, 6.385506e-01, 8.292533e-01
631, 6.386569e-01, 7.262462e-01
632, 6.386569e-01, 7.021403e-01
633, 6.387337e-01, 3.115240e-01
634, 6.387337e-01, 3.329207e-01
635, 6.389153e-01, 4.142501e-01
636, 6.389153e-01, 3.924228e-01
637, 6.389608e-01, 7.480787e-01
638, 6.389871e-01, 8.077242e-01
639, 6.390252e-01, 4.368788e-01
640, 6.391910e-01, 5.188066e-01
641, 6.391910e-01, 4.957080e-01
642, 6.392133e-01, 2.886349e-01
643, 6.393382e-01, 6.440365e-01
644, 6.396465e-01, 5.394087e-01
645, 6.398011e-01, 2.094269e-01
646, 6.398011e-01, 2.284338e-01
647, 6.516531e-01, 6.946375e-01
648, 6.518377e-01, 7.555157e-01
649, 6.518377e-01, 7.771676e-01
650, 6.521452e-01, 3.847819e-01
651, 6.521452e-01, 3.630706e-01
652, 6.525218e-01, 7.999105e-01
653, 6.525858e-01, 1.756881e-01
654, 6.525858e-01, 1.563415e-01
655, 6.528679e-01, 2.359805e-01
656, 6.528679e-01, 2.597211e-01
657, 6.528757e-01, 3.410850e-01
658, 6.529320e-01, 5.910639e-01
659, 6.529607e-01, 4.668852e-01
660, 6.529607e-01, 4.877553e-01
661, 6.529804e-01, 2.806870e-01
662, 6.534271e-01, 6.521735e-01
663, 6.536034e-01, 4.452949e-01
664, 6.543972e-01, 5.479244e-01
665, 6.654104e-01, 8.073511e-01
666, 6.657874e-01, 5.413487e-01
667, 6.658414e-01, 2.284877e-01
668, 6.663085e-01, 7.471582e-01
669, 6.663085e-01, 7.265500e-01
670, 6.663545e-01, 6.447073e-01
671, 6.667315e-01, 4.143599e-01
672, 6.667315e-01, 3.932061e-01
673, 6.667801e-01, 2.886536e-01
674, 6.667801e-01, 3.110443e-01
675, 6.669025e-01, 3.329873e-01
676, 6.670960e-01, 4.375055e-01
677, 6.672499e-01, 7.036416e-01
678, 6.678035e-01, 5.996493e-01
679, 6.678170e-01, 4.963355e-01
680, 6.678833e-01, 1.845195e-01
681, 6.793730e-01, 5.694233e-01
682, 6.793730e-01, 5.491917e-01
683, 6.793957e-01, 4.446062e-01
684, 6.795314e-01, 2.598337e-01
685, 6.795314e-01, 2.363943e-01
686, 6.796504e-01, 5.928100e-01
687, 6.797427e-01, 2.811702e-01
688, 6.799199e-01, 7.778517e-01
689, 6.799199e-01, 7.989747e-01
690, 6.804518e-01, 4.890384e-01
691, 6.807408e-01, 7.554936e-01
692, 6.807522e-01, 1.559471e-01
693, 6.807522e-01, 1.770902e-01
694, 6.810608e-01, 3.411610e-01
695, 6.810608e-01, 3.623401e-01
696, 6.811333e-01, 6.734889e-01
697, 6.811333e-01, 6.532428e-01
698, 6.813686e-01, 6.954908e-01
699, 6.815275e-01, 3.846608e-01
700, 6.936152e-01, 4.966354e-01
701, 6.937528e-01, 7.026351e-01
702, 6.937544e-01, 8.299268e-01
703, 6.938759e-01, 2.281156e-01
704, 6.938759e-01, 2.073850e-01
705, 6.939162e-01, 3.111667e-01
706, 6.939162e-01, 3.337448e-01
707, 6.941991e-01, 6.012031e-01
708, 6.941991e-01, 6.207874e-01
709, 6.943051e-01, 1.849088e-01
710, 6.944274e-01, 2.896416e-01
711, 6.945169e-01, 3.921574e-01
712, 6.945169e-01, 4.147245e-01
713, 6.946263e-01, 4.358199e-01
714, 6.948776e-01, 5.402472e-01
715, 6.948828e-01, 7.473318e-01
716, 6.948908e-01, 6.453029e-01
717, 6.959638e-01, 8.082303e-01
718, 6.959638e-01, 8.277174e-01
719, 7.066582e-01, 6.737241e-01
720, 7.066582e-01, 6.951848e-01
721, 7.068896e-01, 3.850115e-01
722, 7.071217e-01, 1.551166e-01
723, 7.072197e-01, 6.524234e-01
724, 7.077038e-01, 1.771737e-01
725, 7.082277e-01, 3.420069e-01
726, 7.082341e-01, 5.479580e-01
727, 7.082891e-01, 2.816391e-01
728, 7.083766e-01, 4.672982e-01
729, 7.083766e-01, 4.881100e-01
730, 7.084954e-01, 4.438266e-01
731, 7.085160e-01, 7.552056e-01
732, 7.085160e-01, 7.770310e-01
733, 7.091615e-01, 8.006112e-01
734, 7.098078e-01, 5.921921e-01
735, 7.099471e-01, 2.373974e-01
736, 7.211010e-01, 8.075039e-01
737, 7.212788e-01, 4.148338e-01
738, 7.212788e-01, 3.933219e-01
739, 7.215649e-01, 7.267382e-01
740, 7.215649e-01, 7.476692e-01
741, 7.216999e-01, 7.038684e-01
742, 7.217025e-01, 4.362020e-01
743, 7.218310e-01, 1.853294e-01
744, 7.219008e-01, 5.184945e-01
745, 7.219008e-01, 5.400681e-01
746, 7.221381e-01, 3.339763e-01
747, 7.221381e-01, 3.106556e-01
748, 7.222464e-01, 4.961205e-01
749, 7.224009e-01, 6.214789e-01
750, 7.224009e-01, 6.436555e-01
751, 7.225210e-01, 5.995315e-01
752, 7.226002e-01, 2.899010e-01
753, 7.233218e-01, 2.296729e-01
754, 7.347267e-01, 5.924851e-01
755, 7.349956e-01, 3.413990e-01
756, 7.349956e-01, 3.614685e-01
757, 7.352817e-01, 4.885920e-01
758, 7.357145e-01, 5.480429e-01
759, 7.357641e-01, 7.776766e-01
760, 7.357641e-01, 7.558699e-01
761, 7.359277e-01, 1.771913e-01
762, 7.359277e-01, 1.556986e-01
763, 7.359730e-01, 2.369796e-01
764, 7.359730e-01, 2.583870e-01
765, 7.362225e-01, 2.820368e-01
766, 7.363894e-01, 7.986778e-01
767, 7.364222e-01, 6.517534e-01
768, 7.364222e-01, 6.731627e-01
769, 7.364359e-01, 4.447077e-01
770, 7.365787e-01, 6.952788e-01
771, 7.378223e-01, 3.837673e-01
772, 7.378223e-01, 3.642952e-01
773, 7.489349e-01, 4.152575e-01
774, 7.489349e-01, 4.374919e-01
775, 7.489993e-01, 6.007248e-01
776, 7.491961e-01, 2.293426e-01
777, 7.497279e-01, 3.101933e-01
778, 7.497279e-01, 2.898336e-01
779, 7.497458e-01, 8.294444e-01
780, 7.497643e-01, 5.181489e-01
781, 7.497643e-01, 5.399319e-01
782, 7.500031e-01, 7.476462e-01
783, 7.500171e-01, 3.327270e-01
784, 7.502729e-01, 4.972502e-01
785, 7.506805e-01, 8.069281e-01
786, 7.506826e-01, 1.857094e-01
787, 7.507005e-01, 6.435070e-01
788, 7.510717e-01, 7.036457e-01
789, 7.511806e-01, 3.914824e-01
790, 7.511806e-01, 4.130118e-01
791, 7.624299e-01, 3.849854e-01
792, 7.632093e-01, 2.820507e-01
793, 7.636240e-01, 7.994557e-01
794, 7.636240e-01, 7.783018e-01
795, 7.639506e-01, 4.461606e-01
796, 7.639506e-01, 4.660252e-01
797, 7.639753e-01, 6.961963e-01
798, 7.639753e-01, 6.733191e-01
799, 7.640977e-01, 7.557865e-01
800, 7.642999e-01, 2.380658e-01
801, 7.643490e-01, 3.410009e-01
802, 7.643935e-01, 1.551458e-01
803, 7.643935e-01, 1.777940e-01
804, 7.644645e-01, 6.514564e-01
805, 7.645713e-01, 5.702867e-01
806, 7.645713e-01, 5.484800e-01
807, 7.648937e-01, 4.888059e-01
808, 7.652029e-01, 5.913703e-01
809, 7.764757e-01, 8.068751e-01
810, 7.771814e-01, 4.959027e-01
811, 7.774302e-01, 7.039639e-01
812, 7.776034e-01, 6.230600e-01
813, 7.776034e-01, 5.985292e-01
814, 7.778498e-01, 6.437258e-01
815, 7.783059e-01, 1.858257e-01
816, 7.783059e-01, 2.069602e-01
817, 7.783307e-01, 2.907804e-01
818, 7.784631e-01, 4.130118e-01
819, 7.784631e-01, 3.942453e-01
820, 7.785617e-01, 5.404033e-01
821, 7.786987e-01, 2.297499e-01
822, 7.788153e-01, 4.375791e-01
823, 7.788750e-01, 7.472519e-01
824, 7.793201e-01, 3.323580e-01
825, 7.898380e-01, 5.914660e-01
826, 7.911449e-01, 1.547924e-01
827, 7.912693e-01, 4.669683e-01
828, 7.912693e-01, 4.447689e-01
829, 7.912706e-01, 7.778281e-01
830, 7.912706e-01, 7.983339e-01
831, 7.913297e-01, 1.783070e-01
832, 7.914668e-01, 4.876522e-01
833, 7.915018e-01, 2.575458e-01
834, 7.915018e-01, 2.371443e-01
835, 7.917766e-01, 7.547032e-01
836, 7.917828e-01, 5.480359e-01
837, 7.918522e-01, 6.518128e-01
838, 7.922932e-01, 3.623761e-01
839, 7.922932e-01, 3.398475e-01
840, 7.923662e-01, 3.862156e-01
841, 7.924290e-01, 2.826413e-01
842, 7.930672e-01, 6.949366e-01
843, 8.041035e-01, 3.330293e-01
844, 8.041362e-01, 3.930133e-01
845, 8.047956e-01, 2.073529e-01
846, 8.047956e-01, 2.294665e-01
847, 8.049245e-01, 7.471096e-01
848, 8.049892e-01, 6.233065e-01
849, 8.049892e-01, 6.442256e-01
850, 8.053309e-01, 2.900897e-01
851, 8.053888e-01, 1.864234e-01
852, 8.054251e-01, 4.365966e-01
853, 8.057287e-01, 5.190206e-01
854, 8.057287e-01, 5.399849e-01
855, 8.057355e-01, 4.958930e-01
856, 8.059003e-01, 6.007389e-01
857, 8.063567e-01, 7.026087e-01
858, 8.067828e-01, 8.072892e-01
859, 8.183781e-01, 5.689730e-01
860, 8.183781e-01, 5.472822e-01
861, 8.184132e-01, 6.740448e-01
862, 8.184132e-01, 6.956534e-01
863, 8.187186e-01, 6.521492e-01
864, 8.188030e-01, 1.549772e-01
865, 8.188030e-01, 1.786849e-01
866, 8.190912e-01, 7.773222e-01
867, 8.190912e-01, 7.552857e-01
868, 8.191627e-01, 3.624491e-01
869, 8.191627e-01, 3.843411e-01
870, 8.192316e-01, 4.881040e-01
871, 8.192809e-01, 2.378264e-01
872, 8.192809e-01, 2.584730e-01
873, 8.194356e-01, 3.418743e-01
874, 8.197602e-01, 7.998026e-01
875, 8.197928e-01, 2.817467e-01
876, 8.204499e-01, 4.452643e-01
877, 8.204627e-01, 5.923381e-01
878, 8.204627e-01, 5.710576e-01
879, 8.322046e-01, 6.443604e-01
880, 8.322046e-01, 6.223957e-01
881, 8.323132e-01, 7.255479e-01
882, 8.323132e-01, 7.476494e-01
883, 8.323396e-01, 1.864997e-01
884, 8.326512e-01, 3.921313e-01
885, 8.326512e-01, 4.146525e-01
886, 8.327197e-01, 8.072843e-01
887, 8.327420e-01, 5.389898e-01
888, 8.330853e-01, 2.894206e-01
889, 8.331882e-01, 7.041831e-01
890, 8.335834e-01, 4.376822e-01
891, 8.339735e-01, 4.966181e-01
892, 8.341552e-01, 2.292357e-01
893, 8.346580e-01, 6.199423e-01
894, 8.346580e-01, 6.005331e-01
895, 8.347168e-01, 3.330524e-01
896, 8.461319e-01, 3.396424e-01
897, 8.461319e-01, 3.621762e-01
898, 8.462128e-01, 4.449733e-01
899, 8.462414e-01, 6.966474e-01
900, 8.466512e-01, 2.364528e-01
901, 8.466512e-01, 2.589847e-01
902, 8.469081e-01, 1.540404e-01
903, 8.473846e-01, 7.779909e-01
904, 8.473846e-01, 7.988181e-01
905, 8.474716e-01, 4.888223e-01
906, 8.474724e-01, 6.531783e-01
907, 8.475234e-01, 2.810854e-01
908, 8.475326e-01, 5.931005e-01
909, 8.480374e-01, 7.567309e-01
910, 8.482486e-01, 3.831231e-01
911, 1.521792e-01, 4.663863e-01
912, 1.528568e-01, 5.699773e-01
913, 1.660918e-01, 2.073023e-01
914, 1.668960e-01, 6.215341e-01
915, 1.655683e-01, 3.102624e-01
916, 1.804757e-01, 4.661729e-01
917, 1.949830e-01, 6.214443e-01
918, 1.947204e-01, 7.262731e-01
919, 1.941735e-01, 8.291382e-01
920, 1.948497e-01, 4.144167e-01
921, 1.946065e-01, 2.073148e-01
922, 2.070350e-01, 6.745759e-01
923, 2.079446e-01, 3.624289e-01
924, 2.090992e-01, 5.704564e-01
925, 2.082145e-01, 7.776255e-01
926, 2.226235e-01, 7.262033e-01
927, 2.221126e-01, 8.286665e-01
928, 2.368894e-01, 6.743270e-01
929, 2.497995e-01, 2.076881e-01
930, 2.502939e-01, 3.112651e-01
931, 2.643124e-01, 7.779976e-01
932, 2.629671e-01, 4.671915e-01
933, 2.642681e-01, 2.586233e-01
934, 2.774565e-01, 8.294024e-01
935, 2.783500e-01, 6.212847e-01
936, 2.913704e-01, 6.737241e-01
937, 3.058655e-01, 6.213294e-01
938, 3.055446e-01, 4.142463e-01
939, 3.050494e-01, 3.111554e-01
940, 3.204977e-01, 5.696886e-01
941, 3.190406e-01, 3.618234e-01
942, 3.197355e-01, 4.664092e-01
943, 3.331437e-01, 2.071412e-01
944, 3.327609e-01, 5.184492e-01
945, 3.466756e-01, 4.663445e-01
946, 3.608415e-01, 6.215135e-01
947, 3.746301e-01, 3.620215e-01
948, 3.884720e-01, 8.298027e-01
949, 3.883142e-01, 3.115337e-01
950, 4.031784e-01, 4.664041e-01
951, 4.022377e-01, 1.561554e-01
952, 4.162508e-01, 4.139270e-01
953, 4.176463e-01, 2.069666e-01
954, 4.309740e-01, 3.629072e-01
955, 4.311121e-01, 1.561648e-01
956, 4.309722e-01, 5.696024e-01
957, 4.441636e-01, 6.216853e-01
958, 4.445971e-01, 3.107045e-01
959, 4.440518e-01, 4.139122e-01
960, 4.578319e-01, 5.697216e-01
961, 4.581005e-01, 1.561480e-01
962, 4.709238e-01, 3.103482e-01
963, 4.726954e-01, 2.072297e-01
964, 4.722184e-01, 8.290250e-01
965, 4.864838e-01, 5.698037e-01
966, 4.859977e-01, 2.593256e-01
967, 5.005684e-01, 5.176309e-01
968, 4.999633e-01, 8.290494e-01
969, 4.998646e-01, 7.258198e-01
970, 5.135157e-01, 5.699384e-01
971, 5.138852e-01, 1.552147e-01
972, 5.129395e-01, 6.744371e-01
973, 5.274825e-01, 6.225620e-01
974, 5.281039e-01, 4.145364e-01
975, 5.280518e-01, 2.085840e-01
976, 5.279781e-01, 5.176973e-01
977, 5.421310e-01, 6.732698e-01
978, 5.418851e-01, 1.555084e-01
979, 5.553400e-01, 7.247270e-01
980, 5.556227e-01, 3.105923e-01
981, 5.560926e-01, 6.225682e-01
982, 5.691984e-01, 6.736180e-01
983, 5.699773e-01, 3.623069e-01
984, 5.833721e-01, 2.079152e-01
985, 5.968355e-01, 3.622378e-01
986, 5.979931e-01, 2.587368e-01
987, 5.975544e-01, 7.768758e-01
988, 6.116238e-01, 7.256520e-01
989, 6.107269e-01, 5.178730e-01
990, 6.251224e-01, 6.747336e-01
991, 6.248050e-01, 1.554636e-01
992, 6.241786e-01, 2.587384e-01
993, 6.251950e-01, 4.663561e-01
994, 6.525401e-01, 6.743759e-01
995, 6.536646e-01, 5.701561e-01
996, 6.670790e-01, 6.215119e-01
997, 6.668624e-01, 2.084060e-01
998, 6.668022e-01, 5.182473e-01
999, 6.659653e-01, 8.293717e-01
1000, 6.799237e-01, 4.667704e-01
1001, 6.943178e-01, 7.261734e-01
1002, 6.942464e-01, 5.178635e-01
1003, 7.075587e-01, 3.621375e-01
1004, 7.091181e-01, 2.592160e-01
1005, 7.090209e-01, 5.704878e-01
1006, 7.219642e-01, 8.285809e-01
1007, 7.225764e-01, 2.077013e-01
1008, 7.352206e-01, 5.707808e-01
1009, 7.358588e-01, 4.666023e-01
1010, 7.505374e-01, 7.260690e-01
1011, 7.498499e-01, 6.222094e-01
1012, 7.499393e-01, 2.077035e-01
1013, 7.633895e-01, 3.633356e-01
1014, 7.637546e-01, 2.580911e-01
1015, 7.781526e-01, 7.262572e-01
1016, 7.770890e-01, 8.291229e-01
1017, 7.778716e-01, 5.183305e-01
1018, 7.788254e-01, 3.109775e-01
1019, 7.908104e-01, 5.699458e-01
1020, 7.924597e-01, 6.734373e-01
1021, 8.061806e-01, 8.291341e-01
1022, 8.047172e-01, 3.108587e-01
1023, 8.056406e-01, 7.262637e-01
1024, 8.047806e-01, 4.140082e-01
1025, 8.198408e-01, 4.665569e-01
1026, 8.332936e-01, 8.291060e-01
1027, 8.333578e-01, 5.183980e-01
1028, 8.339011e-01, 3.110610e-01
1029, 8.332474e-01, 2.076678e-01
1030, 8.468422e-01, 4.665774e-01
1031, 8.468569e-01, 6.731240e-01
1032, 1.500000e-01, 6.740747e-01
1033, 1.500000e-01, 7.774380e-01
1034, 1.500000e-01, 4.664045e-01
1035, 1.500000e-01, 1.553340e-01
1036, 1.500000e-01, 2.593671e-01
1037, 1.500000e-01, 3.631007e-01
1038, 1.500000e-01, 5.699634e-01
1039, 1.500000e-01, 6.503205e-01
1040, 1.500000e-01, 8.022473e-01
1041, 1.500000e-01, 8.279250e-01
1042, 1.500000e-01, 6.975957e-01
1043, 1.500000e-01, 7.523649e-01
1044, 1.500000e-01, 7.264428e-01
1045, 1.500000e-01, 5.942878e-01
1046, 1.500000e-01, 6.215452e-01
1047, 1.500000e-01, 5.479757e-01
1048, 1.500000e-01, 5.185091e-01
1049, 1.500000e-01, 3.860162e-01
1050, 1.500000e-01, 2.843519e-01
1051, 1.500000e-01, 4.435176e-01
1052, 1.500000e-01, 4.145532e-01
1053, 1.500000e-01, 3.393060e-01
1054, 1.500000e-01, 3.103429e-01
1055, 1.500000e-01, 1.791765e-01
1056, 1.500000e-01, 2.343844e-01
1057, 1.500000e-01, 2.074745e-01
1058, 1.529297e-01, 1.500000e-01
1059, 1.680736e-01, 8.500000e-01
1060, 1.802920e-01, 1.500000e-01
1061, 1.932443e-01, 8.500000e-01
1062, 2.073550e-01, 1.500000e-01
1063, 2.226128e-01, 8.500000e-01
1064, 2.365432e-01, 1.500000e-01
1065, 2.510391e-01, 8.500000e-01
1066, 2.646011e-01, 1.500000e-01
1067, 2.767683e-01, 8.500000e-01
1068, 2.904027e-01, 1.500000e-01
1069, 3.053013e-01, 8.500000e-01
1070, 3.187601e-01, 1.500000e-01
1071, 3.339722e-01, 8.500000e-01
1072, 3.478529e-01, 1.500000e-01
1073, 3.612447e-01, 8.500000e-01
1074, 3.751288e-01, 1.500000e-01
1075, 3.890347e-01, 8.500000e-01
1076, 4.020549e-01, 1.500000e-01
1077, 4.165902e-01, 8.500000e-01
1078, 4.312921e-01, 1.500000e-01
1079, 4.443677e-01, 8.500000e-01
1080, 4.579217e-01, 1.500000e-01
1081, 4.716609e-01, 8.500000e-01
1082, 4.874725e-01, 1.500000e-01
1083, 5.005752e-01, 8.500000e-01
1084, 5.136734e-01, 1.500000e-01
1085, 5.277385e-01, 8.500000e-01
1086, 5.420348e-01, 1.500000e-01
1087, 5.551915e-01, 8.500000e-01
1088, 5.693275e-01, 1.500000e-01
1089, 5.835844e-01, 8.500000e-01
1090, 5.966451e-01, 1.500000e-01
1091, 6.115932e-01, 8.500000e-01
1092, 6.245870e-01, 1.500000e-01
1093, 6.385506e-01, 8.500000e-01
1094, 6.526945e-01, 1.500000e-01
1095, 6.664856e-01, 8.500000e-01
1096, 6.809671e-01, 1.500000e-01
1097, 6.937544e-01, 8.500000e-01
1098, 7.071217e-01, 1.500000e-01
1099, 7.227856e-01, 8.500000e-01
1100, 7.360675e-01, 1.500000e-01
1101, 7.497458e-01, 8.500000e-01
1102, 7.644772e-01, 1.500000e-01
1103, 7.776280e-01, 8.500000e-01
1104, 7.911449e-01, 1.500000e-01
1105, 8.056359e-01, 8.500000e-01
1106, 8.190258e-01, 1.500000e-01
1107, 8.338341e-01, 8.500000e-01
1108, 8.500000e-01, 8.294506e-01
1109, 8.500000e-01, 6.199423e-01
1110, 8.500000e-01, 3.115564e-01
1111, 8.500000e-01, 5.180234e-01
1112, 8.500000e-01, 2.082188e-01
1113, 8.500000e-01, 4.152101e-01
1114, 8.500000e-01, 7.254313e-01
1115, 8.500000e-01, 3.841346e-01
1116, 8.500000e-01, 5.945249e-01
1117, 8.500000e-01, 6.517185e-01
1118, 8.500000e-01, 7.555974e-01
1119, 8.500000e-01, 2.825152e-01
1120, 8.500000e-01, 4.427869e-01
1121, 8.500000e-01, 2.345187e-01
1122, 8.500000e-01, 2.590929e-01
1123, 8.500000e-01, 3.374092e-01
1124, 8.500000e-01, 4.902826e-01
1125, 8.500000e-01, 4.666473e-01
1126, 8.500000e-01, 6.988173e-01
1127, 8.500000e-01, 6.730565e-01
1128, 8.469081e-01, 1.500000e-01
1129, 8.500000e-01, 8.003280e-01
1130, 8.500000e-01, 7.779289e-01
1131, 1.506693e-01, 4.881772e-01
1132, 8.492747e-01, 5.476968e-01
1133, 8.490205e-01, 5.705299e-01
1134, 8.495349e-01, 1.771098e-01
1135, 8.491243e-01, 3.642929e-01
1136, 8.495349e-01, 1.562021e-01
