1, 1.536420e-01, 5.925681e-01
2, 1.537157e-01, 1.950105e-01
3, 1.538265e-01, 3.841448e-01
4, 1.542134e-01, 1.767587e-01
5, 1.543551e-01, 7.775059e-01
6, 1.545579e-01, 4.056010e-01
7, 1.550354e-01, 3.574278e-01
8, 1.552221e-01, 5.660501e-01
9, 1.566576e-01, 5.895261e-01
10, 1.566972e-01, 3.817088e-01
11, 1.573765e-01, 5.683199e-01
12, 1.574895e-01, 7.741065e-01
13, 1.576276e-01, 4.085519e-01
14, 1.576643e-01, 4.279531e-01
15, 1.577709e-01, 5.449067e-01
16, 1.579514e-01, 2.200288e-01
17, 1.582066e-01, 3.587568e-01
18, 1.582620e-01, 2.425673e-01
19, 1.583687e-01, 1.995110e-01
20, 1.626702e-01, 2.605626e-01
21, 1.653802e-01, 5.267624e-01
22, 1.654720e-01, 7.104845e-01
23, 1.655325e-01, 4.730779e-01
24, 1.660013e-01, 4.528021e-01
25, 1.661814e-01, 3.383072e-01
26, 1.663664e-01, 6.841666e-01
27, 1.665742e-01, 6.344803e-01
28, 1.667330e-01, 8.220969e-01
29, 1.667957e-01, 4.982697e-01
30, 1.669326e-01, 4.492221e-01
31, 1.675389e-01, 4.750809e-01
32, 1.675695e-01, 3.169817e-01
33, 1.676240e-01, 7.084512e-01
34, 1.677856e-01, 8.446164e-01
35, 1.683260e-01, 8.200331e-01
36, 1.683277e-01, 5.253361e-01
37, 1.684807e-01, 3.354556e-01
38, 1.690870e-01, 2.922102e-01
39, 1.692800e-01, 6.376502e-01
40, 1.693601e-01, 5.006174e-01
41, 1.696965e-01, 8.465994e-01
42, 1.698728e-01, 3.147591e-01
43, 1.701070e-01, 6.595142e-01
44, 1.705990e-01, 6.803281e-01
45, 1.709163e-01, 5.218044e-01
46, 1.752393e-01, 7.737806e-01
47, 1.764727e-01, 5.894455e-01
48, 1.765553e-01, 5.686371e-01
49, 1.768355e-01, 3.588132e-01
50, 1.772342e-01, 7.988912e-01
51, 1.772877e-01, 7.301976e-01
52, 1.774189e-01, 4.057859e-01
53, 1.775989e-01, 3.830556e-01
54, 1.776310e-01, 1.979965e-01
55, 1.782185e-01, 6.141613e-01
56, 1.791573e-01, 8.022327e-01
57, 1.791935e-01, 7.785531e-01
58, 1.796143e-01, 1.961559e-01
59, 1.798286e-01, 7.313242e-01
60, 1.803371e-01, 5.649815e-01
61, 1.805184e-01, 5.935941e-01
62, 1.807476e-01, 4.088541e-01
63, 1.825644e-01, 2.455886e-01
64, 1.852986e-01, 3.551934e-01
65, 1.882799e-01, 4.503328e-01
66, 1.884186e-01, 5.230796e-01
67, 1.886602e-01, 6.583134e-01
68, 1.900264e-01, 6.809305e-01
69, 1.901159e-01, 8.191059e-01
70, 1.917563e-01, 6.617410e-01
71, 1.918698e-01, 2.639651e-01
72, 1.923051e-01, 6.833171e-01
73, 1.923074e-01, 2.914028e-01
74, 1.924216e-01, 3.397820e-01
75, 1.931266e-01, 3.161943e-01
76, 1.932023e-01, 4.526382e-01
77, 1.943003e-01, 8.166681e-01
78, 1.943258e-01, 2.663954e-01
79, 1.952167e-01, 2.884987e-01
80, 1.959983e-01, 5.277490e-01
81, 2.003583e-01, 5.449222e-01
82, 2.006181e-01, 7.292297e-01
83, 2.009282e-01, 6.146560e-01
84, 2.012404e-01, 5.929633e-01
85, 2.019603e-01, 2.460890e-01
86, 2.021365e-01, 3.804231e-01
87, 2.022436e-01, 5.426491e-01
88, 2.027875e-01, 8.026281e-01
89, 2.029461e-01, 2.212843e-01
90, 2.030410e-01, 4.080155e-01
91, 2.037886e-01, 3.595141e-01
92, 2.038322e-01, 6.183121e-01
93, 2.039178e-01, 7.789012e-01
94, 2.040906e-01, 1.735351e-01
95, 2.044433e-01, 1.966144e-01
96, 2.046017e-01, 8.003003e-01
97, 2.050662e-01, 3.835780e-01
98, 2.051047e-01, 5.413793e-01
99, 2.051804e-01, 4.058903e-01
100, 2.052872e-01, 2.190027e-01
101, 2.054465e-01, 1.754631e-01
102, 2.056111e-01, 2.471110e-01
103, 2.056792e-01, 3.574542e-01
104, 2.065058e-01, 7.761377e-01
105, 2.102499e-01, 5.282303e-01
106, 2.112148e-01, 2.670730e-01
107, 2.127199e-01, 8.175838e-01
108, 2.143344e-01, 4.754148e-01
109, 2.145871e-01, 4.971248e-01
110, 2.149207e-01, 6.835663e-01
111, 2.159490e-01, 6.602155e-01
112, 2.163202e-01, 4.733519e-01
113, 2.166932e-01, 8.195018e-01
114, 2.170001e-01, 4.490802e-01
115, 2.170367e-01, 8.474912e-01
116, 2.175734e-01, 6.584100e-01
117, 2.189546e-01, 8.222389e-01
118, 2.220677e-01, 1.976328e-01
119, 2.244508e-01, 4.323732e-01
120, 2.251360e-01, 6.186463e-01
121, 2.252412e-01, 1.733281e-01
122, 2.254409e-01, 5.926492e-01
123, 2.267186e-01, 5.665417e-01
124, 2.267651e-01, 7.307621e-01
125, 2.267810e-01, 1.928084e-01
126, 2.268008e-01, 7.757469e-01
127, 2.274763e-01, 5.946777e-01
128, 2.275060e-01, 3.829901e-01
129, 2.283384e-01, 7.286782e-01
130, 2.283394e-01, 7.263095e-01
131, 2.284882e-01, 4.072947e-01
132, 2.285612e-01, 7.738050e-01
133, 2.285814e-01, 6.167794e-01
134, 2.292196e-01, 1.721289e-01
135, 2.304684e-01, 4.090535e-01
136, 2.318922e-01, 6.181328e-01
137, 2.364308e-01, 8.231842e-01
138, 2.364416e-01, 3.356373e-01
139, 2.370398e-01, 8.453264e-01
140, 2.378036e-01, 6.397153e-01
141, 2.389895e-01, 6.836467e-01
142, 2.390494e-01, 8.473654e-01
143, 2.391505e-01, 7.128793e-01
144, 2.392621e-01, 2.879895e-01
145, 2.394699e-01, 4.528284e-01
146, 2.395575e-01, 4.493974e-01
147, 2.396302e-01, 7.066175e-01
148, 2.397104e-01, 4.942692e-01
149, 2.403341e-01, 4.752922e-01
150, 2.406225e-01, 6.364516e-01
151, 2.406225e-01, 6.306017e-01
152, 2.407597e-01, 2.663610e-01
153, 2.407852e-01, 5.228857e-01
154, 2.415451e-01, 2.905512e-01
155, 2.425349e-01, 6.873677e-01
156, 2.426176e-01, 8.198233e-01
157, 2.439739e-01, 4.985775e-01
158, 2.464500e-01, 1.939402e-01
159, 2.483382e-01, 1.723138e-01
160, 2.495372e-01, 7.535516e-01
161, 2.506730e-01, 3.604699e-01
162, 2.513201e-01, 2.490689e-01
163, 2.517841e-01, 7.743275e-01
164, 2.519648e-01, 4.278700e-01
165, 2.520605e-01, 8.007334e-01
166, 2.522390e-01, 4.326624e-01
167, 2.522597e-01, 7.564943e-01
168, 2.524958e-01, 6.165615e-01
169, 2.525935e-01, 3.835073e-01
170, 2.529013e-01, 5.670331e-01
171, 2.537216e-01, 2.020040e-01
172, 2.540206e-01, 5.943488e-01
173, 2.542956e-01, 7.767914e-01
174, 2.547671e-01, 5.688359e-01
175, 2.556733e-01, 3.579210e-01
176, 2.587453e-01, 8.201955e-01
177, 2.607350e-01, 6.884001e-01
178, 2.608238e-01, 8.465000e-01
179, 2.612201e-01, 4.976503e-01
180, 2.614986e-01, 4.530667e-01
181, 2.615852e-01, 6.596248e-01
182, 2.616693e-01, 7.055018e-01
183, 2.617376e-01, 8.163247e-01
184, 2.624599e-01, 7.104476e-01
185, 2.630629e-01, 1.552304e-01
186, 2.632314e-01, 6.857618e-01
187, 2.638812e-01, 3.160789e-01
188, 2.639103e-01, 5.000808e-01
189, 2.640438e-01, 4.496771e-01
190, 2.650001e-01, 6.352834e-01
191, 2.655142e-01, 1.527942e-01
192, 2.673514e-01, 8.137228e-01
193, 2.703103e-01, 7.779606e-01
194, 2.715588e-01, 3.822283e-01
195, 2.719485e-01, 7.762336e-01
196, 2.722756e-01, 7.567358e-01
197, 2.731549e-01, 1.703115e-01
198, 2.747251e-01, 5.691573e-01
199, 2.747394e-01, 4.069121e-01
200, 2.747601e-01, 3.789708e-01
201, 2.747742e-01, 5.936832e-01
202, 2.752614e-01, 1.713686e-01
203, 2.753827e-01, 3.590126e-01
204, 2.756805e-01, 5.434787e-01
205, 2.757091e-01, 7.291603e-01
206, 2.760680e-01, 6.140147e-01
207, 2.763258e-01, 7.236655e-01
208, 2.763287e-01, 4.287558e-01
209, 2.765443e-01, 4.084707e-01
210, 2.766761e-01, 6.194291e-01
211, 2.767288e-01, 1.995359e-01
212, 2.773576e-01, 5.907324e-01
213, 2.775128e-01, 1.746203e-01
214, 2.775926e-01, 7.512345e-01
215, 2.781848e-01, 5.420769e-01
216, 2.782807e-01, 8.016818e-01
217, 2.792850e-01, 1.966734e-01
218, 2.833837e-01, 8.154837e-01
219, 2.838659e-01, 3.160828e-01
220, 2.839527e-01, 6.365128e-01
221, 2.845466e-01, 6.844130e-01
222, 2.849962e-01, 3.355206e-01
223, 2.860433e-01, 4.995176e-01
224, 2.864999e-01, 6.597097e-01
225, 2.866204e-01, 4.489473e-01
226, 2.868547e-01, 3.375892e-01
227, 2.868927e-01, 3.132809e-01
228, 2.878064e-01, 2.903523e-01
229, 2.882723e-01, 4.970123e-01
230, 2.885511e-01, 4.781757e-01
231, 2.887996e-01, 6.888711e-01
232, 2.891007e-01, 8.462849e-01
233, 2.896001e-01, 5.211089e-01
234, 2.903503e-01, 2.878707e-01
235, 2.904701e-01, 4.529638e-01
236, 2.905333e-01, 8.198128e-01
237, 2.910517e-01, 4.756853e-01
238, 2.959872e-01, 5.423485e-01
239, 2.965712e-01, 1.981472e-01
240, 2.969309e-01, 2.202230e-01
241, 2.970949e-01, 5.890889e-01
242, 2.974322e-01, 5.706864e-01
243, 2.984053e-01, 3.566447e-01
244, 2.988719e-01, 7.504164e-01
245, 2.990273e-01, 2.221160e-01
246, 2.992350e-01, 4.082004e-01
247, 2.994310e-01, 1.676428e-01
248, 2.996489e-01, 4.279936e-01
249, 2.998378e-01, 2.444813e-01
250, 2.998525e-01, 1.955012e-01
251, 2.998743e-01, 1.726357e-01
252, 2.998804e-01, 5.916764e-01
253, 2.999293e-01, 2.476150e-01
254, 3.000348e-01, 4.327922e-01
255, 3.002525e-01, 3.823362e-01
256, 3.004663e-01, 3.584154e-01
257, 3.016693e-01, 7.532105e-01
258, 3.017092e-01, 5.443597e-01
259, 3.023727e-01, 5.657307e-01
260, 3.071413e-01, 6.325448e-01
261, 3.083348e-01, 2.650813e-01
262, 3.088696e-01, 1.525056e-01
263, 3.094227e-01, 5.223544e-01
264, 3.098555e-01, 6.896875e-01
265, 3.106235e-01, 4.746988e-01
266, 3.109506e-01, 7.067546e-01
267, 3.113490e-01, 2.890513e-01
268, 3.114977e-01, 8.461396e-01
269, 3.116939e-01, 7.092347e-01
270, 3.125253e-01, 3.147092e-01
271, 3.127844e-01, 2.669449e-01
272, 3.128932e-01, 5.243183e-01
273, 3.139504e-01, 1.526019e-01
274, 3.140713e-01, 2.921299e-01
275, 3.143651e-01, 6.844223e-01
276, 3.147774e-01, 6.588864e-01
277, 3.149259e-01, 3.124521e-01
278, 3.207609e-01, 1.725481e-01
279, 3.210195e-01, 7.536466e-01
280, 3.216690e-01, 7.990410e-01
281, 3.221714e-01, 7.268393e-01
282, 3.223724e-01, 1.702373e-01
283, 3.225753e-01, 7.761832e-01
284, 3.226467e-01, 4.069231e-01
285, 3.231577e-01, 5.655082e-01
286, 3.231747e-01, 5.446908e-01
287, 3.242297e-01, 7.566002e-01
288, 3.243133e-01, 3.851311e-01
289, 3.243892e-01, 8.029119e-01
290, 3.250638e-01, 7.737124e-01
291, 3.254973e-01, 1.689372e-01
292, 3.261824e-01, 5.686431e-01
293, 3.265873e-01, 3.591898e-01
294, 3.269358e-01, 3.826432e-01
295, 3.328230e-01, 4.511654e-01
296, 3.330604e-01, 3.118403e-01
297, 3.331391e-01, 6.602927e-01
298, 3.336409e-01, 2.928484e-01
299, 3.339119e-01, 3.410025e-01
300, 3.339663e-01, 8.204459e-01
301, 3.347574e-01, 2.668487e-01
302, 3.353823e-01, 2.635848e-01
303, 3.354062e-01, 4.521875e-01
304, 3.357108e-01, 6.825567e-01
305, 3.358999e-01, 6.577112e-01
306, 3.361779e-01, 8.453441e-01
307, 3.363460e-01, 3.146827e-01
308, 3.363823e-01, 3.398710e-01
309, 3.368815e-01, 2.893523e-01
310, 3.370915e-01, 5.218946e-01
311, 3.374766e-01, 7.109889e-01
312, 3.380415e-01, 6.848033e-01
313, 3.381797e-01, 3.373947e-01
314, 3.382428e-01, 4.735444e-01
315, 3.392812e-01, 1.529234e-01
316, 3.428399e-01, 4.297582e-01
317, 3.440828e-01, 1.680694e-01
318, 3.444834e-01, 1.975692e-01
319, 3.445080e-01, 7.275787e-01
320, 3.445349e-01, 4.087541e-01
321, 3.451359e-01, 8.020538e-01
322, 3.452620e-01, 7.747831e-01
323, 3.454395e-01, 6.164417e-01
324, 3.454515e-01, 4.332666e-01
325, 3.454862e-01, 3.818380e-01
326, 3.455284e-01, 5.683619e-01
327, 3.461415e-01, 5.434723e-01
328, 3.464526e-01, 4.070765e-01
329, 3.472070e-01, 5.938036e-01
330, 3.474288e-01, 7.768162e-01
331, 3.474808e-01, 2.195047e-01
332, 3.478290e-01, 6.153648e-01
333, 3.478456e-01, 2.012416e-01
334, 3.484627e-01, 8.004801e-01
335, 3.485788e-01, 5.421864e-01
336, 3.485874e-01, 4.348958e-01
337, 3.502234e-01, 7.244059e-01
338, 3.531423e-01, 4.745786e-01
339, 3.533826e-01, 4.969997e-01
340, 3.553595e-01, 3.366612e-01
341, 3.559683e-01, 4.505414e-01
342, 3.561188e-01, 3.148188e-01
343, 3.561556e-01, 2.650037e-01
344, 3.566747e-01, 2.892433e-01
345, 3.567015e-01, 7.123046e-01
346, 3.568854e-01, 6.359901e-01
347, 3.575734e-01, 6.841906e-01
348, 3.590739e-01, 4.685173e-01
349, 3.591969e-01, 7.111852e-01
350, 3.594811e-01, 2.864974e-01
351, 3.596813e-01, 4.524412e-01
352, 3.597997e-01, 6.821424e-01
353, 3.613929e-01, 7.121737e-01
354, 3.623597e-01, 8.192774e-01
355, 3.648097e-01, 5.267210e-01
356, 3.688558e-01, 7.245596e-01
357, 3.690084e-01, 7.747345e-01
358, 3.691631e-01, 7.567688e-01
359, 3.695738e-01, 3.575504e-01
360, 3.697326e-01, 5.939272e-01
361, 3.701024e-01, 6.135002e-01
362, 3.703152e-01, 4.079857e-01
363, 3.704012e-01, 4.338491e-01
364, 3.704422e-01, 2.435030e-01
365, 3.707924e-01, 7.994719e-01
366, 3.708547e-01, 2.491959e-01
367, 3.710643e-01, 8.036560e-01
368, 3.711752e-01, 5.418259e-01
369, 3.719204e-01, 5.681236e-01
370, 3.720724e-01, 4.061133e-01
371, 3.722733e-01, 7.261786e-01
372, 3.722855e-01, 3.819863e-01
373, 3.726441e-01, 3.589569e-01
374, 3.727051e-01, 5.436269e-01
375, 3.727653e-01, 6.164248e-01
376, 3.728467e-01, 7.970424e-01
377, 3.728684e-01, 4.308743e-01
378, 3.731707e-01, 5.903953e-01
379, 3.738601e-01, 5.661888e-01
380, 3.740065e-01, 7.798758e-01
381, 3.746874e-01, 1.695878e-01
382, 3.753076e-01, 6.174883e-01
383, 3.756436e-01, 7.505092e-01
384, 3.774082e-01, 7.332248e-01
385, 3.805790e-01, 1.518597e-01
386, 3.809375e-01, 4.689152e-01
387, 3.817536e-01, 5.250224e-01
388, 3.821494e-01, 2.867340e-01
389, 3.823745e-01, 6.609085e-01
390, 3.824491e-01, 4.532038e-01
391, 3.826666e-01, 3.162196e-01
392, 3.826713e-01, 6.822501e-01
393, 3.832765e-01, 1.548945e-01
394, 3.836631e-01, 3.384582e-01
395, 3.837784e-01, 2.638792e-01
396, 3.842866e-01, 3.425072e-01
397, 3.844306e-01, 5.001146e-01
398, 3.846379e-01, 3.143687e-01
399, 3.847112e-01, 2.893195e-01
400, 3.850132e-01, 8.189615e-01
401, 3.854108e-01, 5.232812e-01
402, 3.858285e-01, 1.558123e-01
403, 3.866093e-01, 5.024765e-01
404, 3.871412e-01, 4.755982e-01
405, 3.920633e-01, 2.426412e-01
406, 3.925240e-01, 2.229335e-01
407, 3.926208e-01, 1.701943e-01
408, 3.929452e-01, 7.336014e-01
409, 3.929927e-01, 7.502051e-01
410, 3.944236e-01, 7.800863e-01
411, 3.945835e-01, 3.582659e-01
412, 3.947122e-01, 5.663162e-01
413, 3.951840e-01, 8.040490e-01
414, 3.954214e-01, 3.821615e-01
415, 3.957080e-01, 1.715034e-01
416, 3.961209e-01, 7.535757e-01
417, 3.970537e-01, 2.193734e-01
418, 3.971482e-01, 7.774543e-01
419, 3.974593e-01, 4.054193e-01
420, 3.974721e-01, 1.734971e-01
421, 3.980586e-01, 5.698106e-01
422, 3.986784e-01, 5.433682e-01
423, 4.033221e-01, 1.548424e-01
424, 4.037215e-01, 8.463123e-01
425, 4.051676e-01, 2.893881e-01
426, 4.056098e-01, 6.352123e-01
427, 4.060190e-01, 4.753429e-01
428, 4.060353e-01, 3.151201e-01
429, 4.063528e-01, 3.396248e-01
430, 4.065376e-01, 2.678723e-01
431, 4.066301e-01, 8.433323e-01
432, 4.068166e-01, 5.022240e-01
433, 4.071161e-01, 6.611892e-01
434, 4.073478e-01, 4.529167e-01
435, 4.076831e-01, 4.734532e-01
436, 4.082565e-01, 1.523424e-01
437, 4.084479e-01, 6.828310e-01
438, 4.085265e-01, 2.652352e-01
439, 4.095690e-01, 6.396125e-01
440, 4.098103e-01, 6.584793e-01
441, 4.143594e-01, 2.197805e-01
442, 4.150954e-01, 4.053043e-01
443, 4.155915e-01, 2.013072e-01
444, 4.162140e-01, 6.167462e-01
445, 4.164611e-01, 7.994722e-01
446, 4.169208e-01, 7.794222e-01
447, 4.170309e-01, 2.458498e-01
448, 4.177399e-01, 1.735463e-01
449, 4.180785e-01, 5.905264e-01
450, 4.181909e-01, 8.019048e-01
451, 4.183395e-01, 3.821050e-01
452, 4.188628e-01, 2.249876e-01
453, 4.193537e-01, 4.097500e-01
454, 4.194143e-01, 4.303085e-01
455, 4.194382e-01, 4.358640e-01
456, 4.197509e-01, 1.972345e-01
457, 4.200433e-01, 2.439347e-01
458, 4.202923e-01, 7.765004e-01
459, 4.203264e-01, 6.183769e-01
460, 4.203821e-01, 5.881167e-01
461, 4.204169e-01, 5.392830e-01
462, 4.211337e-01, 3.584471e-01
463, 4.234428e-01, 2.453064e-01
464, 4.289922e-01, 5.238953e-01
465, 4.306261e-01, 5.010338e-01
466, 4.309539e-01, 6.837741e-01
467, 4.309593e-01, 1.558261e-01
468, 4.313373e-01, 5.212657e-01
469, 4.314970e-01, 4.521695e-01
470, 4.315839e-01, 2.889212e-01
471, 4.325997e-01, 4.990387e-01
472, 4.327767e-01, 4.741027e-01
473, 4.334106e-01, 2.628240e-01
474, 4.335097e-01, 6.361154e-01
475, 4.391511e-01, 8.047514e-01
476, 4.413982e-01, 1.721750e-01
477, 4.414230e-01, 7.533173e-01
478, 4.418420e-01, 7.764913e-01
479, 4.421538e-01, 1.963869e-01
480, 4.421845e-01, 5.672758e-01
481, 4.422285e-01, 5.862386e-01
482, 4.423925e-01, 3.814350e-01
483, 4.425329e-01, 4.307713e-01
484, 4.425766e-01, 4.332430e-01
485, 4.434811e-01, 2.246998e-01
486, 4.436480e-01, 1.733674e-01
487, 4.437472e-01, 7.287979e-01
488, 4.437893e-01, 4.094049e-01
489, 4.442053e-01, 7.506737e-01
490, 4.452753e-01, 7.799431e-01
491, 4.453973e-01, 4.076052e-01
492, 4.455897e-01, 8.016897e-01
493, 4.460231e-01, 5.423752e-01
494, 4.465191e-01, 5.902371e-01
495, 4.467044e-01, 2.008714e-01
496, 4.468981e-01, 1.719607e-01
497, 4.474656e-01, 2.202045e-01
498, 4.497013e-01, 2.675707e-01
499, 4.508510e-01, 4.977789e-01
500, 4.510273e-01, 4.515992e-01
501, 4.512941e-01, 5.220213e-01
502, 4.520709e-01, 2.645060e-01
503, 4.527154e-01, 4.759161e-01
504, 4.527608e-01, 7.065854e-01
505, 4.529588e-01, 6.640177e-01
506, 4.531241e-01, 6.826671e-01
507, 4.531441e-01, 2.873571e-01
508, 4.531589e-01, 8.463053e-01
509, 4.533924e-01, 4.482532e-01
510, 4.534297e-01, 5.245333e-01
511, 4.536366e-01, 4.949074e-01
512, 4.545992e-01, 7.090264e-01
513, 4.547723e-01, 6.843765e-01
514, 4.550605e-01, 8.480574e-01
515, 4.553468e-01, 3.137728e-01
516, 4.553809e-01, 1.557244e-01
517, 4.557762e-01, 6.358043e-01
518, 4.558457e-01, 2.899101e-01
519, 4.563602e-01, 3.365352e-01
520, 4.564318e-01, 5.256089e-01
521, 4.569045e-01, 3.429201e-01
522, 4.570444e-01, 3.154410e-01
523, 4.574128e-01, 4.462093e-01
524, 4.575917e-01, 8.182732e-01
525, 4.577814e-01, 6.597204e-01
526, 4.581620e-01, 6.383779e-01
527, 4.588404e-01, 7.109855e-01
528, 4.592316e-01, 2.606346e-01
529, 4.624002e-01, 4.336539e-01
530, 4.639740e-01, 3.581018e-01
531, 4.640789e-01, 1.995985e-01
532, 4.646024e-01, 5.434158e-01
533, 4.647605e-01, 3.820415e-01
534, 4.659574e-01, 1.727625e-01
535, 4.660934e-01, 3.551814e-01
536, 4.661633e-01, 1.699789e-01
537, 4.662253e-01, 7.260300e-01
538, 4.665281e-01, 7.506737e-01
539, 4.666222e-01, 7.794327e-01
540, 4.667903e-01, 2.457668e-01
541, 4.669930e-01, 4.051825e-01
542, 4.670268e-01, 5.906476e-01
543, 4.672366e-01, 2.494988e-01
544, 4.674351e-01, 4.313735e-01
545, 4.674876e-01, 5.447317e-01
546, 4.680196e-01, 1.752580e-01
547, 4.686790e-01, 3.542355e-01
548, 4.687873e-01, 3.858355e-01
549, 4.690081e-01, 1.943790e-01
550, 4.690268e-01, 5.924964e-01
551, 4.692527e-01, 7.764459e-01
552, 4.751191e-01, 2.602287e-01
553, 4.765328e-01, 2.905356e-01
554, 4.765656e-01, 5.242153e-01
555, 4.773979e-01, 1.523187e-01
556, 4.779123e-01, 6.385673e-01
557, 4.781402e-01, 4.745661e-01
558, 4.782293e-01, 6.841936e-01
559, 4.789106e-01, 5.229115e-01
560, 4.790401e-01, 2.930461e-01
561, 4.792460e-01, 3.412394e-01
562, 4.793129e-01, 3.353122e-01
563, 4.794227e-01, 6.364378e-01
564, 4.795777e-01, 8.209427e-01
565, 4.796617e-01, 8.456899e-01
566, 4.796934e-01, 2.624961e-01
567, 4.802626e-01, 4.978368e-01
568, 4.805962e-01, 4.770402e-01
569, 4.822846e-01, 5.244012e-01
570, 4.852234e-01, 2.600712e-01
571, 4.863785e-01, 3.843306e-01
572, 4.871721e-01, 5.698948e-01
573, 4.874276e-01, 4.045832e-01
574, 4.886336e-01, 3.553491e-01
575, 4.896130e-01, 3.811846e-01
576, 4.901088e-01, 7.515005e-01
577, 4.901614e-01, 2.230300e-01
578, 4.907278e-01, 7.739858e-01
579, 4.908030e-01, 3.564787e-01
580, 4.913416e-01, 5.662152e-01
581, 4.920214e-01, 4.086528e-01
582, 4.923360e-01, 8.040814e-01
583, 4.925492e-01, 7.540209e-01
584, 4.926722e-01, 7.997087e-01
585, 4.929120e-01, 1.756780e-01
586, 4.930192e-01, 1.958162e-01
587, 4.933522e-01, 7.767207e-01
588, 4.938044e-01, 3.550748e-01
589, 4.950871e-01, 1.978807e-01
590, 4.966327e-01, 2.169590e-01
591, 4.999049e-01, 8.205045e-01
592, 5.014892e-01, 6.612406e-01
593, 5.015461e-01, 2.617921e-01
594, 5.022955e-01, 3.356215e-01
595, 5.025311e-01, 1.537811e-01
596, 5.026122e-01, 3.383909e-01
597, 5.026407e-01, 8.449143e-01
598, 5.028703e-01, 5.245409e-01
599, 5.031716e-01, 8.221783e-01
600, 5.036355e-01, 3.154402e-01
601, 5.037049e-01, 6.592431e-01
602, 5.047930e-01, 4.750203e-01
603, 5.052732e-01, 2.635824e-01
604, 5.053804e-01, 8.211779e-01
605, 5.054156e-01, 6.375749e-01
606, 5.063501e-01, 1.557657e-01
607, 5.070508e-01, 2.906274e-01
608, 5.076519e-01, 2.665161e-01
609, 5.078540e-01, 3.114563e-01
610, 5.112615e-01, 7.528473e-01
611, 5.112982e-01, 2.460618e-01
612, 5.115081e-01, 3.557285e-01
613, 5.116986e-01, 2.174725e-01
614, 5.119240e-01, 7.778151e-01
615, 5.124150e-01, 7.979101e-01
616, 5.124515e-01, 4.315119e-01
617, 5.128458e-01, 2.483112e-01
618, 5.129012e-01, 4.078217e-01
619, 5.131864e-01, 5.441923e-01
620, 5.134539e-01, 2.194609e-01
621, 5.136089e-01, 1.735787e-01
622, 5.136582e-01, 7.505919e-01
623, 5.137636e-01, 7.796838e-01
624, 5.139944e-01, 1.705812e-01
625, 5.146442e-01, 4.303169e-01
626, 5.153684e-01, 3.574125e-01
627, 5.155519e-01, 6.136416e-01
628, 5.158274e-01, 6.208365e-01
629, 5.167757e-01, 3.839336e-01
630, 5.167986e-01, 5.924100e-01
631, 5.172688e-01, 2.507120e-01
632, 5.174500e-01, 4.030443e-01
633, 5.183074e-01, 4.322354e-01
634, 5.191800e-01, 5.409312e-01
635, 5.221739e-01, 4.509532e-01
636, 5.237520e-01, 7.064385e-01
637, 5.239665e-01, 5.228587e-01
638, 5.246207e-01, 3.111053e-01
639, 5.248516e-01, 6.846360e-01
640, 5.248873e-01, 4.524870e-01
641, 5.248961e-01, 4.741679e-01
642, 5.260641e-01, 1.541313e-01
643, 5.263772e-01, 2.909665e-01
644, 5.264394e-01, 3.380637e-01
645, 5.265989e-01, 8.211892e-01
646, 5.266502e-01, 6.598884e-01
647, 5.267291e-01, 7.100200e-01
648, 5.268076e-01, 7.130227e-01
649, 5.271358e-01, 4.764323e-01
650, 5.285192e-01, 3.353006e-01
651, 5.289237e-01, 3.158546e-01
652, 5.292103e-01, 6.626101e-01
653, 5.292834e-01, 4.504431e-01
654, 5.295904e-01, 2.648551e-01
655, 5.298775e-01, 8.203034e-01
656, 5.299408e-01, 6.799204e-01
657, 5.299458e-01, 1.557156e-01
658, 5.348964e-01, 1.992948e-01
659, 5.349676e-01, 3.562299e-01
660, 5.351774e-01, 4.037001e-01
661, 5.361209e-01, 7.245787e-01
662, 5.361637e-01, 3.818540e-01
663, 5.364074e-01, 5.929304e-01
664, 5.364636e-01, 5.416747e-01
665, 5.365647e-01, 5.675407e-01
666, 5.370243e-01, 7.797408e-01
667, 5.370315e-01, 1.718949e-01
668, 5.372039e-01, 6.127738e-01
669, 5.374231e-01, 2.192569e-01
670, 5.384197e-01, 3.795997e-01
671, 5.385020e-01, 7.537415e-01
672, 5.385064e-01, 5.696133e-01
673, 5.386693e-01, 5.427964e-01
674, 5.391106e-01, 4.354469e-01
675, 5.391437e-01, 7.256853e-01
676, 5.394179e-01, 7.771889e-01
677, 5.396823e-01, 4.082605e-01
678, 5.400778e-01, 3.587905e-01
679, 5.406168e-01, 1.934496e-01
680, 5.410071e-01, 7.280884e-01
681, 5.411299e-01, 1.759743e-01
682, 5.415985e-01, 8.016292e-01
683, 5.422740e-01, 2.231387e-01
684, 5.438773e-01, 2.451053e-01
685, 5.442817e-01, 5.403351e-01
686, 5.483092e-01, 2.885771e-01
687, 5.491523e-01, 3.174525e-01
688, 5.493338e-01, 3.414969e-01
689, 5.493403e-01, 3.362480e-01
690, 5.493500e-01, 7.097092e-01
691, 5.493576e-01, 2.670262e-01
692, 5.496183e-01, 4.969798e-01
693, 5.503602e-01, 4.767486e-01
694, 5.507193e-01, 8.464711e-01
695, 5.508893e-01, 2.649592e-01
696, 5.514195e-01, 6.370507e-01
697, 5.514311e-01, 6.315606e-01
698, 5.515612e-01, 6.624996e-01
699, 5.519600e-01, 7.083181e-01
700, 5.521424e-01, 4.993272e-01
701, 5.522963e-01, 4.748467e-01
702, 5.525548e-01, 4.534917e-01
703, 5.536336e-01, 6.604042e-01
704, 5.538554e-01, 6.401135e-01
705, 5.543801e-01, 2.937055e-01
706, 5.548454e-01, 3.114071e-01
707, 5.558237e-01, 5.214051e-01
708, 5.591502e-01, 3.794395e-01
709, 5.605295e-01, 2.227996e-01
710, 5.609957e-01, 1.760341e-01
711, 5.610924e-01, 2.443560e-01
712, 5.612637e-01, 5.422856e-01
713, 5.615756e-01, 5.935948e-01
714, 5.617962e-01, 7.781848e-01
715, 5.619303e-01, 2.469719e-01
716, 5.620014e-01, 1.930992e-01
717, 5.628371e-01, 2.206547e-01
718, 5.631406e-01, 5.704794e-01
719, 5.639917e-01, 7.276706e-01
720, 5.640206e-01, 4.079388e-01
721, 5.640253e-01, 5.907969e-01
722, 5.641962e-01, 4.290910e-01
723, 5.655464e-01, 5.442751e-01
724, 5.658110e-01, 3.854214e-01
725, 5.660444e-01, 7.739144e-01
726, 5.664641e-01, 4.057007e-01
727, 5.669881e-01, 5.665001e-01
728, 5.678138e-01, 3.537190e-01
729, 5.711012e-01, 2.648470e-01
730, 5.718014e-01, 6.410644e-01
731, 5.719980e-01, 6.829455e-01
732, 5.726443e-01, 4.755565e-01
733, 5.734662e-01, 2.908669e-01
734, 5.735910e-01, 4.999202e-01
735, 5.737785e-01, 5.208340e-01
736, 5.744462e-01, 6.373892e-01
737, 5.747399e-01, 8.238353e-01
738, 5.749148e-01, 7.084586e-01
739, 5.751735e-01, 8.441671e-01
740, 5.752214e-01, 5.228084e-01
741, 5.752354e-01, 4.729116e-01
742, 5.753401e-01, 7.124987e-01
743, 5.753454e-01, 6.864791e-01
744, 5.754475e-01, 2.884444e-01
745, 5.754969e-01, 3.125127e-01
746, 5.758197e-01, 4.484021e-01
747, 5.759920e-01, 2.675024e-01
748, 5.761023e-01, 5.027413e-01
749, 5.770603e-01, 8.234210e-01
750, 5.772163e-01, 3.142100e-01
751, 5.776173e-01, 6.355685e-01
752, 5.778882e-01, 8.471965e-01
753, 5.781461e-01, 2.664670e-01
754, 5.834991e-01, 1.730611e-01
755, 5.837319e-01, 7.725790e-01
756, 5.840272e-01, 7.551746e-01
757, 5.848336e-01, 5.663676e-01
758, 5.851395e-01, 2.418993e-01
759, 5.852683e-01, 5.904690e-01
760, 5.854063e-01, 3.827691e-01
761, 5.857645e-01, 5.458665e-01
762, 5.859545e-01, 7.533227e-01
763, 5.860558e-01, 5.425145e-01
764, 5.861995e-01, 2.220138e-01
765, 5.865595e-01, 4.077410e-01
766, 5.868933e-01, 5.642404e-01
767, 5.875057e-01, 4.321375e-01
768, 5.878300e-01, 8.034566e-01
769, 5.878815e-01, 8.063310e-01
770, 5.879700e-01, 1.952043e-01
771, 5.880779e-01, 2.500686e-01
772, 5.881306e-01, 2.455416e-01
773, 5.887090e-01, 3.862434e-01
774, 5.892447e-01, 2.194077e-01
775, 5.895991e-01, 1.972039e-01
776, 5.899466e-01, 7.775426e-01
777, 5.907875e-01, 3.561336e-01
778, 5.912100e-01, 7.992978e-01
779, 5.958737e-01, 3.155493e-01
780, 5.960450e-01, 6.570895e-01
781, 5.969781e-01, 3.358464e-01
782, 5.972582e-01, 3.388886e-01
783, 5.972740e-01, 6.358355e-01
784, 5.978271e-01, 4.520068e-01
785, 5.980852e-01, 2.882860e-01
786, 5.985431e-01, 1.533270e-01
787, 5.987150e-01, 7.081180e-01
788, 5.987685e-01, 4.725949e-01
789, 5.987770e-01, 3.185258e-01
790, 5.988382e-01, 6.339399e-01
791, 5.993199e-01, 3.325377e-01
792, 5.996146e-01, 4.472533e-01
793, 5.996282e-01, 4.496902e-01
794, 5.997694e-01, 5.234981e-01
795, 5.999096e-01, 5.023501e-01
796, 6.002676e-01, 2.861242e-01
797, 6.005793e-01, 6.877631e-01
798, 6.006074e-01, 4.743888e-01
799, 6.015598e-01, 7.050042e-01
800, 6.029526e-01, 6.633707e-01
801, 6.034084e-01, 6.848378e-01
802, 6.073079e-01, 3.568413e-01
803, 6.073817e-01, 2.201559e-01
804, 6.074258e-01, 1.748285e-01
805, 6.081697e-01, 1.997184e-01
806, 6.085210e-01, 3.864959e-01
807, 6.090786e-01, 7.744951e-01
808, 6.093807e-01, 7.541476e-01
809, 6.098224e-01, 5.650694e-01
810, 6.098600e-01, 1.716653e-01
811, 6.099719e-01, 2.228623e-01
812, 6.104280e-01, 5.400386e-01
813, 6.104676e-01, 5.441277e-01
814, 6.108044e-01, 5.937711e-01
815, 6.110095e-01, 3.836545e-01
816, 6.113131e-01, 7.519623e-01
817, 6.118945e-01, 5.460355e-01
818, 6.119748e-01, 7.772256e-01
819, 6.125681e-01, 5.679982e-01
820, 6.135694e-01, 5.909446e-01
821, 6.137889e-01, 1.697048e-01
822, 6.148761e-01, 3.543433e-01
823, 6.196422e-01, 3.333013e-01
824, 6.197269e-01, 5.017684e-01
825, 6.198888e-01, 6.335654e-01
826, 6.200591e-01, 3.187822e-01
827, 6.205955e-01, 7.074249e-01
828, 6.209876e-01, 4.757698e-01
829, 6.220853e-01, 8.457417e-01
830, 6.220954e-01, 6.846944e-01
831, 6.226067e-01, 4.984558e-01
832, 6.231522e-01, 2.671846e-01
833, 6.233121e-01, 5.257925e-01
834, 6.239197e-01, 2.854061e-01
835, 6.241218e-01, 8.435656e-01
836, 6.241283e-01, 3.399570e-01
837, 6.246030e-01, 2.642974e-01
838, 6.249706e-01, 7.099185e-01
839, 6.262928e-01, 3.124184e-01
840, 6.271009e-01, 2.883262e-01
841, 6.325298e-01, 2.230680e-01
842, 6.328103e-01, 7.784108e-01
843, 6.338042e-01, 6.170232e-01
844, 6.342666e-01, 5.412717e-01
845, 6.343683e-01, 5.438825e-01
846, 6.345331e-01, 7.520112e-01
847, 6.347768e-01, 7.763875e-01
848, 6.351575e-01, 4.050823e-01
849, 6.364282e-01, 3.559057e-01
850, 6.364563e-01, 5.668227e-01
851, 6.365616e-01, 2.191240e-01
852, 6.366308e-01, 6.186652e-01
853, 6.369434e-01, 3.829296e-01
854, 6.374103e-01, 7.292350e-01
855, 6.378455e-01, 4.333330e-01
856, 6.381733e-01, 1.752334e-01
857, 6.386906e-01, 3.598286e-01
858, 6.387126e-01, 5.690339e-01
859, 6.435203e-01, 3.422749e-01
860, 6.445752e-01, 2.885734e-01
861, 6.447978e-01, 2.639989e-01
862, 6.452916e-01, 6.838989e-01
863, 6.462033e-01, 8.446580e-01
864, 6.463004e-01, 7.096910e-01
865, 6.470271e-01, 6.627379e-01
866, 6.475439e-01, 2.912760e-01
867, 6.477824e-01, 3.404171e-01
868, 6.482121e-01, 6.867388e-01
869, 6.484356e-01, 3.115579e-01
870, 6.492229e-01, 7.062858e-01
871, 6.495505e-01, 6.605500e-01
872, 6.503253e-01, 6.368868e-01
873, 6.562934e-01, 5.428742e-01
874, 6.564090e-01, 5.692649e-01
875, 6.567808e-01, 7.540630e-01
876, 6.569357e-01, 7.985111e-01
877, 6.570324e-01, 5.913920e-01
878, 6.573510e-01, 7.762260e-01
879, 6.573970e-01, 3.844279e-01
880, 6.585183e-01, 5.715987e-01
881, 6.585589e-01, 2.458173e-01
882, 6.590104e-01, 2.205332e-01
883, 6.590995e-01, 5.937273e-01
884, 6.592929e-01, 7.517713e-01
885, 6.599465e-01, 8.021769e-01
886, 6.607931e-01, 1.769628e-01
887, 6.609199e-01, 2.186245e-01
888, 6.610799e-01, 1.703778e-01
889, 6.613293e-01, 6.162338e-01
890, 6.668534e-01, 4.473673e-01
891, 6.674585e-01, 5.002986e-01
892, 6.675218e-01, 6.868079e-01
893, 6.678246e-01, 5.210178e-01
894, 6.680542e-01, 7.057411e-01
895, 6.682102e-01, 5.241868e-01
896, 6.684104e-01, 3.114581e-01
897, 6.688946e-01, 2.924536e-01
898, 6.691558e-01, 3.390153e-01
899, 6.691631e-01, 8.453107e-01
900, 6.698216e-01, 4.781181e-01
901, 6.698246e-01, 6.611718e-01
902, 6.703824e-01, 8.186864e-01
903, 6.704333e-01, 8.220927e-01
904, 6.704800e-01, 3.135243e-01
905, 6.714550e-01, 3.378248e-01
906, 6.715576e-01, 6.628957e-01
907, 6.721798e-01, 6.815526e-01
908, 6.722478e-01, 2.893514e-01
909, 6.730498e-01, 1.521278e-01
910, 6.732739e-01, 2.663298e-01
911, 6.733123e-01, 4.747272e-01
912, 6.753383e-01, 6.335621e-01
913, 6.775578e-01, 3.840364e-01
914, 6.788478e-01, 4.029430e-01
915, 6.793621e-01, 5.959136e-01
916, 6.794960e-01, 2.183407e-01
917, 6.796649e-01, 1.762212e-01
918, 6.796652e-01, 1.975976e-01
919, 6.801711e-01, 4.335419e-01
920, 6.802635e-01, 6.127233e-01
921, 6.804141e-01, 2.463397e-01
922, 6.814183e-01, 1.739455e-01
923, 6.817397e-01, 1.953754e-01
924, 6.818897e-01, 7.515290e-01
925, 6.820854e-01, 5.709143e-01
926, 6.825089e-01, 6.151036e-01
927, 6.828434e-01, 3.609136e-01
928, 6.828909e-01, 5.924389e-01
929, 6.829055e-01, 6.195525e-01
930, 6.829531e-01, 3.775463e-01
931, 6.834635e-01, 7.743883e-01
932, 6.838082e-01, 2.223454e-01
933, 6.838176e-01, 2.447756e-01
934, 6.838339e-01, 7.535236e-01
935, 6.838707e-01, 1.727143e-01
936, 6.838799e-01, 5.449475e-01
937, 6.843092e-01, 8.044200e-01
938, 6.844180e-01, 4.314312e-01
939, 6.844306e-01, 8.014158e-01
940, 6.847481e-01, 4.086293e-01
941, 6.862351e-01, 5.669256e-01
942, 6.918315e-01, 3.397271e-01
943, 6.927198e-01, 1.529533e-01
944, 6.927923e-01, 1.553910e-01
945, 6.930238e-01, 5.234750e-01
946, 6.938555e-01, 4.486468e-01
947, 6.944897e-01, 5.015520e-01
948, 6.946165e-01, 6.822799e-01
949, 6.948911e-01, 6.622190e-01
950, 6.949547e-01, 3.385209e-01
951, 6.956185e-01, 8.430579e-01
952, 6.961252e-01, 4.495069e-01
953, 6.967059e-01, 8.234210e-01
954, 6.971022e-01, 4.757595e-01
955, 6.976981e-01, 3.107609e-01
956, 6.977009e-01, 6.593299e-01
957, 6.978945e-01, 6.389493e-01
958, 6.981225e-01, 5.255705e-01
959, 6.984438e-01, 4.978712e-01
960, 6.985142e-01, 8.455496e-01
961, 6.990163e-01, 3.346245e-01
962, 6.991156e-01, 4.531487e-01
963, 6.996357e-01, 4.734165e-01
964, 7.002510e-01, 3.132573e-01
965, 7.008242e-01, 1.708897e-01
966, 7.046579e-01, 7.527702e-01
967, 7.054546e-01, 5.919392e-01
968, 7.054788e-01, 7.745106e-01
969, 7.055100e-01, 2.196183e-01
970, 7.059164e-01, 1.727810e-01
971, 7.061170e-01, 4.095350e-01
972, 7.061388e-01, 6.143904e-01
973, 7.061818e-01, 3.562568e-01
974, 7.062094e-01, 6.168427e-01
975, 7.070535e-01, 7.500923e-01
976, 7.074815e-01, 2.176756e-01
977, 7.076672e-01, 1.970179e-01
978, 7.083826e-01, 3.796402e-01
979, 7.091007e-01, 7.783120e-01
980, 7.096285e-01, 1.706614e-01
981, 7.108610e-01, 4.047970e-01
982, 7.120255e-01, 3.833839e-01
983, 7.145312e-01, 3.125670e-01
984, 7.147248e-01, 2.910628e-01
985, 7.150346e-01, 3.378647e-01
986, 7.160571e-01, 8.439600e-01
987, 7.163364e-01, 2.666138e-01
988, 7.167847e-01, 4.731925e-01
989, 7.172785e-01, 4.988435e-01
990, 7.173532e-01, 4.545099e-01
991, 7.174455e-01, 7.066228e-01
992, 7.180293e-01, 3.157687e-01
993, 7.182294e-01, 6.854322e-01
994, 7.182550e-01, 5.220533e-01
995, 7.185680e-01, 2.873604e-01
996, 7.186042e-01, 4.750044e-01
997, 7.187706e-01, 6.597446e-01
998, 7.196044e-01, 3.362975e-01
999, 7.196686e-01, 8.200368e-01
1000, 7.198227e-01, 7.093893e-01
1001, 7.207536e-01, 8.480827e-01
1002, 7.267522e-01, 7.510917e-01
1003, 7.268055e-01, 7.307621e-01
1004, 7.274876e-01, 6.174253e-01
1005, 7.284691e-01, 4.295792e-01
1006, 7.296676e-01, 7.771890e-01
1007, 7.298259e-01, 7.269023e-01
1008, 7.298553e-01, 3.589007e-01
1009, 7.302114e-01, 1.978082e-01
1010, 7.304370e-01, 7.548214e-01
1011, 7.305594e-01, 3.828449e-01
1012, 7.311272e-01, 4.305670e-01
1013, 7.312363e-01, 4.048238e-01
1014, 7.314383e-01, 2.470663e-01
1015, 7.314594e-01, 2.442232e-01
1016, 7.315306e-01, 1.680779e-01
1017, 7.315746e-01, 1.733122e-01
1018, 7.320005e-01, 7.992972e-01
1019, 7.321271e-01, 1.996351e-01
1020, 7.323601e-01, 5.924597e-01
1021, 7.326730e-01, 6.150397e-01
1022, 7.344441e-01, 5.901952e-01
1023, 7.406572e-01, 3.358561e-01
1024, 7.416360e-01, 4.751358e-01
1025, 7.417507e-01, 3.158215e-01
1026, 7.421735e-01, 7.093423e-01
1027, 7.432371e-01, 6.842136e-01
1028, 7.433870e-01, 2.883182e-01
1029, 7.437532e-01, 4.986678e-01
1030, 7.439351e-01, 7.070570e-01
1031, 7.439691e-01, 4.773841e-01
1032, 7.440254e-01, 6.628302e-01
1033, 7.456319e-01, 6.370068e-01
1034, 7.456755e-01, 6.811594e-01
1035, 7.457662e-01, 3.118093e-01
1036, 7.463137e-01, 2.913459e-01
1037, 7.508401e-01, 3.840234e-01
1038, 7.510436e-01, 1.723187e-01
1039, 7.513949e-01, 3.572745e-01
1040, 7.516530e-01, 4.054496e-01
1041, 7.518639e-01, 5.896062e-01
1042, 7.519951e-01, 5.681423e-01
1043, 7.522310e-01, 7.260137e-01
1044, 7.530077e-01, 2.210931e-01
1045, 7.534569e-01, 7.973348e-01
1046, 7.536749e-01, 3.811557e-01
1047, 7.541097e-01, 7.780259e-01
1048, 7.551363e-01, 7.993907e-01
1049, 7.551959e-01, 8.047377e-01
1050, 7.560774e-01, 3.595429e-01
1051, 7.571283e-01, 5.945550e-01
1052, 7.573637e-01, 1.696370e-01
1053, 7.577046e-01, 5.413671e-01
1054, 7.583012e-01, 3.587116e-01
1055, 7.636708e-01, 4.498324e-01
1056, 7.638788e-01, 4.971798e-01
1057, 7.642173e-01, 6.381607e-01
1058, 7.642689e-01, 8.434262e-01
1059, 7.650605e-01, 6.604562e-01
1060, 7.651403e-01, 8.248834e-01
1061, 7.651434e-01, 2.664269e-01
1062, 7.652663e-01, 4.784145e-01
1063, 7.654110e-01, 6.808642e-01
1064, 7.663935e-01, 6.348075e-01
1065, 7.665640e-01, 3.126185e-01
1066, 7.666626e-01, 1.526112e-01
1067, 7.667544e-01, 8.461523e-01
1068, 7.669141e-01, 4.514078e-01
1069, 7.671288e-01, 4.937712e-01
1070, 7.671564e-01, 5.246110e-01
1071, 7.672839e-01, 6.626020e-01
1072, 7.673998e-01, 7.097074e-01
1073, 7.675723e-01, 4.758517e-01
1074, 7.684209e-01, 3.143759e-01
1075, 7.703228e-01, 7.066462e-01
1076, 7.705336e-01, 4.498001e-01
1077, 7.714476e-01, 6.871929e-01
1078, 7.764998e-01, 4.074582e-01
1079, 7.766803e-01, 1.701513e-01
1080, 7.772401e-01, 3.597010e-01
1081, 7.778059e-01, 2.225665e-01
1082, 7.781058e-01, 5.928923e-01
1083, 7.784228e-01, 3.788649e-01
1084, 7.785050e-01, 2.441988e-01
1085, 7.788235e-01, 5.669477e-01
1086, 7.788702e-01, 7.540764e-01
1087, 7.798303e-01, 4.334337e-01
1088, 7.804122e-01, 4.033792e-01
1089, 7.805763e-01, 5.688842e-01
1090, 7.806183e-01, 7.267208e-01
1091, 7.808129e-01, 2.455694e-01
1092, 7.816787e-01, 5.892211e-01
1093, 7.825452e-01, 3.836279e-01
1094, 7.829186e-01, 2.172054e-01
1095, 7.867933e-01, 4.952437e-01
1096, 7.881645e-01, 4.505736e-01
1097, 7.884224e-01, 2.647235e-01
1098, 7.884954e-01, 4.756569e-01
1099, 7.890721e-01, 3.131513e-01
1100, 7.893728e-01, 5.225013e-01
1101, 7.894506e-01, 6.861871e-01
1102, 7.894827e-01, 8.239975e-01
1103, 7.898872e-01, 2.912762e-01
1104, 7.902760e-01, 4.477983e-01
1105, 7.904880e-01, 7.091602e-01
1106, 7.908223e-01, 4.996007e-01
1107, 7.908764e-01, 5.243961e-01
1108, 7.909196e-01, 8.451145e-01
1109, 7.917894e-01, 6.616528e-01
1110, 7.923871e-01, 8.200557e-01
1111, 7.924727e-01, 6.828539e-01
1112, 7.929588e-01, 1.521206e-01
1113, 7.931384e-01, 6.375375e-01
1114, 7.937413e-01, 4.461116e-01
1115, 7.942591e-01, 5.259122e-01
1116, 7.992281e-01, 7.963570e-01
1117, 8.005460e-01, 7.780743e-01
1118, 8.013030e-01, 2.183677e-01
1119, 8.014943e-01, 3.834597e-01
1120, 8.019619e-01, 5.422291e-01
1121, 8.019799e-01, 5.394687e-01
1122, 8.020187e-01, 6.162390e-01
1123, 8.031334e-01, 8.008639e-01
1124, 8.032439e-01, 1.761268e-01
1125, 8.035943e-01, 5.907218e-01
1126, 8.037115e-01, 5.442527e-01
1127, 8.044232e-01, 2.426522e-01
1128, 8.045522e-01, 6.149284e-01
1129, 8.045936e-01, 3.543670e-01
1130, 8.046127e-01, 5.683934e-01
1131, 8.046438e-01, 1.702710e-01
1132, 8.048057e-01, 1.742630e-01
1133, 8.048345e-01, 2.218731e-01
1134, 8.081105e-01, 8.031487e-01
1135, 8.117543e-01, 4.479051e-01
1136, 8.117878e-01, 7.108164e-01
1137, 8.121645e-01, 1.542457e-01
1138, 8.126666e-01, 6.399696e-01
1139, 8.128338e-01, 2.677551e-01
1140, 8.136011e-01, 3.413901e-01
1141, 8.136908e-01, 3.374974e-01
1142, 8.138764e-01, 5.228197e-01
1143, 8.140771e-01, 2.889431e-01
1144, 8.142919e-01, 8.454290e-01
1145, 8.144993e-01, 6.606867e-01
1146, 8.145163e-01, 4.754033e-01
1147, 8.153441e-01, 2.640666e-01
1148, 8.160283e-01, 5.205145e-01
1149, 8.161805e-01, 6.356794e-01
1150, 8.162764e-01, 4.501431e-01
1151, 8.168755e-01, 6.627935e-01
1152, 8.169803e-01, 4.777998e-01
1153, 8.172481e-01, 6.813754e-01
1154, 8.182903e-01, 1.570884e-01
1155, 8.213939e-01, 3.534785e-01
1156, 8.234995e-01, 4.323726e-01
1157, 8.235101e-01, 8.023871e-01
1158, 8.239503e-01, 7.272756e-01
1159, 8.243661e-01, 6.150028e-01
1160, 8.246038e-01, 2.211069e-01
1161, 8.246868e-01, 6.188496e-01
1162, 8.251289e-01, 5.919758e-01
1163, 8.252698e-01, 1.975577e-01
1164, 8.253656e-01, 3.852426e-01
1165, 8.255283e-01, 7.541402e-01
1166, 8.255431e-01, 5.695694e-01
1167, 8.258129e-01, 4.045394e-01
1168, 8.260215e-01, 6.130266e-01
1169, 8.263666e-01, 7.283880e-01
1170, 8.263941e-01, 2.435595e-01
1171, 8.268098e-01, 5.936979e-01
1172, 8.268403e-01, 8.007449e-01
1173, 8.278308e-01, 7.766019e-01
1174, 8.281561e-01, 4.302827e-01
1175, 8.289336e-01, 3.568797e-01
1176, 8.290146e-01, 7.980658e-01
1177, 8.291109e-01, 4.076379e-01
1178, 8.294970e-01, 7.268154e-01
1179, 8.296409e-01, 3.808028e-01
1180, 8.297852e-01, 7.786210e-01
1181, 8.299229e-01, 5.655372e-01
1182, 8.299733e-01, 2.450921e-01
1183, 8.301690e-01, 5.459867e-01
1184, 8.306819e-01, 3.594452e-01
1185, 8.347260e-01, 5.204541e-01
1186, 8.354761e-01, 6.358589e-01
1187, 8.362044e-01, 2.887626e-01
1188, 8.365043e-01, 6.602186e-01
1189, 8.365920e-01, 2.658911e-01
1190, 8.366077e-01, 3.363031e-01
1191, 8.366690e-01, 4.766372e-01
1192, 8.375166e-01, 4.529608e-01
1193, 8.378229e-01, 4.441934e-01
1194, 8.380804e-01, 6.829355e-01
1195, 8.383521e-01, 8.452372e-01
1196, 8.385349e-01, 8.188232e-01
1197, 8.385353e-01, 5.259051e-01
1198, 8.385561e-01, 8.219838e-01
1199, 8.388010e-01, 6.622515e-01
1200, 8.396018e-01, 4.555452e-01
1201, 8.398582e-01, 4.732461e-01
1202, 8.404205e-01, 8.433000e-01
1203, 8.410909e-01, 2.644012e-01
1204, 8.424442e-01, 1.519139e-01
1205, 8.437250e-01, 6.322314e-01
1206, 8.468627e-01, 4.321292e-01
1207, 8.469523e-01, 2.446178e-01
1208, 8.477182e-01, 7.778877e-01
1209, 2.176453e-01, 1.525744e-01
1210, 2.400603e-01, 1.545889e-01
1211, 2.876077e-01, 1.536505e-01
1212, 3.596405e-01, 1.524320e-01
1213, 4.315012e-01, 1.519005e-01
1214, 5.755164e-01, 1.544238e-01
1215, 6.475087e-01, 1.518936e-01
1216, 6.221646e-01, 1.527009e-01
1217, 7.424791e-01, 1.521768e-01
1218, 8.394340e-01, 1.560870e-01
1219, 1.682384e-01, 1.532281e-01
1220, 1.577850e-01, 1.712995e-01
1221, 1.907120e-01, 1.523885e-01
1222, 4.898616e-01, 1.717263e-01
1223, 5.509199e-01, 1.538728e-01
1224, 6.700888e-01, 1.549238e-01
1225, 7.193851e-01, 1.539878e-01
1226, 1.797212e-01, 1.733098e-01
1227, 2.510868e-01, 1.698434e-01
1228, 3.496820e-01, 1.705493e-01
1229, 3.709123e-01, 1.714233e-01
1230, 4.202822e-01, 1.709642e-01
1231, 5.877828e-01, 1.758429e-01
1232, 6.334529e-01, 1.695757e-01
1233, 7.818688e-01, 1.732176e-01
1234, 8.262414e-01, 1.720901e-01
1235, 3.222722e-01, 1.969645e-01
1236, 3.718957e-01, 1.993205e-01
1237, 3.976668e-01, 1.997150e-01
1238, 5.135481e-01, 1.989693e-01
1239, 6.365003e-01, 1.997327e-01
1240, 6.601336e-01, 1.976024e-01
1241, 7.521190e-01, 1.983189e-01
1242, 7.822537e-01, 1.983842e-01
1243, 8.023041e-01, 1.964231e-01
1244, 1.789744e-01, 2.225097e-01
1245, 2.247181e-01, 2.209102e-01
1246, 2.526436e-01, 2.203838e-01
1247, 2.764317e-01, 2.196459e-01
1248, 3.226358e-01, 2.209061e-01
1249, 3.717967e-01, 2.222866e-01
1250, 4.658887e-01, 2.217473e-01
1251, 7.327673e-01, 2.191261e-01
1252, 1.795530e-01, 2.437145e-01
1253, 2.277261e-01, 2.453593e-01
1254, 2.521046e-01, 2.432429e-01
1255, 3.229081e-01, 2.435603e-01
1256, 3.469786e-01, 2.460677e-01
1257, 4.424957e-01, 2.447424e-01
1258, 4.910608e-01, 2.464499e-01
1259, 6.337143e-01, 2.449422e-01
1260, 7.057969e-01, 2.474795e-01
1261, 7.533101e-01, 2.454511e-01
1262, 8.020426e-01, 2.469804e-01
1263, 1.549608e-01, 2.460692e-01
1264, 2.755790e-01, 2.453217e-01
1265, 3.964802e-01, 2.476423e-01
1266, 5.397981e-01, 2.500901e-01
1267, 6.113089e-01, 2.437888e-01
1268, 7.429680e-01, 2.662964e-01
1269, 1.712164e-01, 2.638099e-01
1270, 2.156222e-01, 2.625320e-01
1271, 2.387505e-01, 2.639017e-01
1272, 2.641741e-01, 2.659182e-01
1273, 2.894008e-01, 2.666076e-01
1274, 3.594338e-01, 2.659331e-01
1275, 3.835047e-01, 2.667872e-01
1276, 4.328179e-01, 2.666058e-01
1277, 5.234379e-01, 2.666247e-01
1278, 5.973781e-01, 2.654648e-01
1279, 6.709393e-01, 2.638234e-01
1280, 6.952208e-01, 2.661250e-01
1281, 7.199868e-01, 2.677319e-01
1282, 7.912122e-01, 2.664715e-01
1283, 2.129701e-01, 2.890381e-01
1284, 2.631901e-01, 2.895527e-01
1285, 6.963226e-01, 2.905590e-01
1286, 7.654362e-01, 2.903585e-01
1287, 2.148925e-01, 3.138931e-01
1288, 2.389015e-01, 3.143892e-01
1289, 4.312091e-01, 3.151025e-01
1290, 4.789710e-01, 3.147000e-01
1291, 8.156940e-01, 3.145701e-01
1292, 8.371197e-01, 3.155187e-01
1293, 1.927894e-01, 3.345622e-01
1294, 2.157317e-01, 3.376567e-01
1295, 2.390746e-01, 3.395067e-01
1296, 4.069795e-01, 3.365534e-01
1297, 7.421806e-01, 3.388939e-01
1298, 7.682130e-01, 3.362031e-01
1299, 7.892997e-01, 3.369482e-01
1300, 2.636875e-01, 3.360406e-01
1301, 3.115886e-01, 3.382571e-01
1302, 3.583683e-01, 3.396075e-01
1303, 4.308781e-01, 3.378002e-01
1304, 5.751535e-01, 3.379651e-01
1305, 8.396351e-01, 3.392342e-01
1306, 2.280566e-01, 3.585417e-01
1307, 3.239004e-01, 3.566965e-01
1308, 3.459960e-01, 3.583044e-01
1309, 4.178532e-01, 3.594819e-01
1310, 4.423850e-01, 3.585838e-01
1311, 5.591166e-01, 3.579449e-01
1312, 5.875941e-01, 3.577606e-01
1313, 6.579132e-01, 3.582428e-01
1314, 7.068793e-01, 3.597174e-01
1315, 8.001992e-01, 3.569778e-01
1316, 2.508817e-01, 4.068878e-01
1317, 6.101269e-01, 4.067209e-01
1318, 6.581100e-01, 4.036948e-01
1319, 8.044155e-01, 4.056852e-01
1320, 1.790805e-01, 4.315875e-01
1321, 2.037495e-01, 4.319354e-01
1322, 2.284119e-01, 4.298066e-01
1323, 2.747131e-01, 4.315511e-01
1324, 3.227954e-01, 4.288386e-01
1325, 5.392728e-01, 4.305387e-01
1326, 5.867190e-01, 4.264073e-01
1327, 6.113587e-01, 4.283802e-01
1328, 6.337508e-01, 4.305631e-01
1329, 7.065386e-01, 4.292214e-01
1330, 7.534649e-01, 4.310117e-01
1331, 7.789616e-01, 4.286451e-01
1332, 1.550110e-01, 4.308978e-01
1333, 3.108558e-01, 4.503934e-01
1334, 3.956303e-01, 4.307655e-01
1335, 3.839748e-01, 4.504197e-01
1336, 4.912483e-01, 4.320424e-01
1337, 5.619257e-01, 4.315824e-01
1338, 6.583448e-01, 4.344424e-01
1339, 7.197211e-01, 4.507083e-01
1340, 8.028281e-01, 4.305802e-01
1341, 2.164969e-01, 4.527483e-01
1342, 4.791018e-01, 4.492746e-01
1343, 5.041348e-01, 4.504660e-01
1344, 5.489547e-01, 4.493053e-01
1345, 5.757293e-01, 4.525778e-01
1346, 6.231576e-01, 4.502385e-01
1347, 6.459070e-01, 4.502091e-01
1348, 6.726110e-01, 4.503029e-01
1349, 7.420485e-01, 4.508434e-01
1350, 1.914882e-01, 4.765007e-01
1351, 2.617543e-01, 4.760147e-01
1352, 6.464960e-01, 4.758150e-01
1353, 1.909340e-01, 4.975594e-01
1354, 3.119043e-01, 4.981077e-01
1355, 3.383984e-01, 4.981309e-01
1356, 5.033186e-01, 4.986422e-01
1357, 5.265147e-01, 4.984156e-01
1358, 6.473689e-01, 4.990994e-01
1359, 8.159519e-01, 5.002113e-01
1360, 8.362585e-01, 4.990640e-01
1361, 2.177834e-01, 5.240072e-01
1362, 2.862385e-01, 5.256771e-01
1363, 3.563490e-01, 5.227268e-01
1364, 3.353749e-01, 5.246616e-01
1365, 6.228837e-01, 5.200846e-01
1366, 7.208848e-01, 5.260895e-01
1367, 7.418559e-01, 5.239818e-01
1368, 2.382910e-01, 5.251772e-01
1369, 2.639409e-01, 5.241025e-01
1370, 4.074886e-01, 5.221186e-01
1371, 5.273488e-01, 5.268034e-01
1372, 5.510608e-01, 5.270897e-01
1373, 6.451838e-01, 5.217340e-01
1374, 6.821630e-01, 5.423516e-01
1375, 1.550997e-01, 5.424777e-01
1376, 1.779688e-01, 5.442588e-01
1377, 2.523705e-01, 5.428350e-01
1378, 2.278337e-01, 5.422056e-01
1379, 3.953764e-01, 5.441823e-01
1380, 4.420686e-01, 5.436066e-01
1381, 4.197975e-01, 5.447389e-01
1382, 4.922620e-01, 5.428891e-01
1383, 6.598665e-01, 5.437466e-01
1384, 7.081830e-01, 5.435890e-01
1385, 7.307854e-01, 5.436197e-01
1386, 7.518657e-01, 5.434694e-01
1387, 7.794369e-01, 5.433195e-01
1388, 8.272581e-01, 5.430773e-01
1389, 2.008799e-01, 5.669924e-01
1390, 4.186530e-01, 5.676958e-01
1391, 4.688827e-01, 5.665143e-01
1392, 5.162250e-01, 5.666843e-01
1393, 7.061274e-01, 5.682169e-01
1394, 7.322887e-01, 5.669023e-01
1395, 3.240967e-01, 5.926724e-01
1396, 3.960661e-01, 5.895729e-01
1397, 4.888311e-01, 5.920098e-01
1398, 6.364946e-01, 5.907188e-01
1399, 1.555431e-01, 6.149758e-01
1400, 2.991023e-01, 6.166201e-01
1401, 3.247544e-01, 6.167321e-01
1402, 3.960344e-01, 6.165153e-01
1403, 4.457075e-01, 6.182762e-01
1404, 4.907904e-01, 6.174730e-01
1405, 5.396435e-01, 6.165278e-01
1406, 7.563825e-01, 6.167803e-01
1407, 7.785375e-01, 6.165343e-01
1408, 1.805372e-01, 6.166568e-01
1409, 2.159397e-01, 6.376691e-01
1410, 2.861058e-01, 6.331221e-01
1411, 3.353532e-01, 6.356347e-01
1412, 4.679312e-01, 6.173077e-01
1413, 5.632245e-01, 6.145120e-01
1414, 5.861831e-01, 6.168614e-01
1415, 6.097197e-01, 6.151430e-01
1416, 6.583539e-01, 6.154437e-01
1417, 6.944400e-01, 6.343923e-01
1418, 7.433421e-01, 6.328970e-01
1419, 1.907409e-01, 6.376698e-01
1420, 2.620094e-01, 6.356272e-01
1421, 3.142719e-01, 6.368669e-01
1422, 3.605754e-01, 6.372881e-01
1423, 3.841390e-01, 6.352869e-01
1424, 4.301216e-01, 6.366787e-01
1425, 5.029671e-01, 6.352839e-01
1426, 5.262376e-01, 6.369498e-01
1427, 6.239616e-01, 6.350279e-01
1428, 6.450341e-01, 6.322299e-01
1429, 6.682112e-01, 6.357693e-01
1430, 7.183593e-01, 6.354266e-01
1431, 7.912295e-01, 6.353301e-01
1432, 2.380612e-01, 6.590243e-01
1433, 3.608550e-01, 6.590363e-01
1434, 4.313984e-01, 6.605287e-01
1435, 4.779780e-01, 6.597240e-01
1436, 5.721568e-01, 6.584088e-01
1437, 6.226126e-01, 6.611507e-01
1438, 5.019039e-01, 6.852125e-01
1439, 5.505750e-01, 6.817189e-01
1440, 2.164110e-01, 7.096212e-01
1441, 2.873497e-01, 7.091572e-01
1442, 4.803935e-01, 7.078524e-01
1443, 6.949311e-01, 7.090243e-01
1444, 6.712871e-01, 7.103186e-01
1445, 8.160253e-01, 7.087909e-01
1446, 8.381237e-01, 7.092408e-01
1447, 1.920716e-01, 7.102699e-01
1448, 3.344210e-01, 7.096256e-01
1449, 3.825807e-01, 7.114153e-01
1450, 4.071687e-01, 7.101440e-01
1451, 3.952789e-01, 7.299396e-01
1452, 4.304866e-01, 7.086687e-01
1453, 5.031937e-01, 7.071019e-01
1454, 1.562295e-01, 7.293153e-01
1455, 2.047783e-01, 7.307913e-01
1456, 2.504609e-01, 7.277825e-01
1457, 2.996552e-01, 7.290507e-01
1458, 4.183785e-01, 7.304101e-01
1459, 4.668138e-01, 7.302733e-01
1460, 4.900403e-01, 7.295722e-01
1461, 5.140368e-01, 7.275576e-01
1462, 5.643767e-01, 7.310718e-01
1463, 5.861804e-01, 7.308777e-01
1464, 6.330480e-01, 7.305840e-01
1465, 6.107784e-01, 7.313196e-01
1466, 6.589146e-01, 7.279700e-01
1467, 6.841893e-01, 7.292947e-01
1468, 7.064492e-01, 7.318741e-01
1469, 7.563600e-01, 7.286484e-01
1470, 7.774612e-01, 7.274356e-01
1471, 8.020074e-01, 7.288364e-01
1472, 1.577781e-01, 7.525295e-01
1473, 1.776492e-01, 7.517571e-01
1474, 2.053712e-01, 7.525641e-01
1475, 2.271959e-01, 7.537643e-01
1476, 3.456652e-01, 7.545218e-01
1477, 4.217070e-01, 7.522312e-01
1478, 5.646970e-01, 7.532921e-01
1479, 7.561989e-01, 7.530448e-01
1480, 8.031243e-01, 7.523421e-01
1481, 3.006799e-01, 7.755662e-01
1482, 7.786228e-01, 7.762104e-01
1483, 2.732747e-01, 7.991818e-01
1484, 2.983156e-01, 8.016307e-01
1485, 3.949446e-01, 7.990892e-01
1486, 5.384921e-01, 7.998387e-01
1487, 5.158583e-01, 8.025072e-01
1488, 5.611088e-01, 8.021207e-01
1489, 7.061761e-01, 8.005288e-01
1490, 7.301575e-01, 8.025409e-01
1491, 1.547463e-01, 7.999477e-01
1492, 2.276514e-01, 8.003490e-01
1493, 4.059632e-01, 8.214155e-01
1494, 4.671569e-01, 8.010640e-01
1495, 6.105891e-01, 8.021895e-01
1496, 5.971411e-01, 8.205662e-01
1497, 6.347464e-01, 8.003023e-01
1498, 7.785348e-01, 8.016551e-01
1499, 7.679666e-01, 8.205547e-01
1500, 8.478694e-01, 8.008664e-01
1501, 3.127191e-01, 8.209475e-01
1502, 3.587106e-01, 8.210954e-01
1503, 3.852788e-01, 8.224878e-01
1504, 4.302092e-01, 8.199807e-01
1505, 4.532225e-01, 8.201394e-01
1506, 5.499270e-01, 8.207659e-01
1507, 6.227264e-01, 8.213931e-01
1508, 6.462338e-01, 8.211337e-01
1509, 6.925155e-01, 8.191356e-01
1510, 7.152488e-01, 8.225450e-01
1511, 7.427869e-01, 8.220550e-01
1512, 8.149464e-01, 8.219264e-01
1513, 3.602300e-01, 8.455367e-01
1514, 3.833803e-01, 8.451762e-01
1515, 4.320022e-01, 8.440338e-01
1516, 5.264848e-01, 8.468333e-01
1517, 7.400681e-01, 8.450986e-01
1518, 1.677497e-01, 1.500000e-01
1519, 1.909490e-01, 1.500000e-01
1520, 2.177762e-01, 1.500000e-01
1521, 2.400027e-01, 1.500000e-01
1522, 2.653437e-01, 1.500000e-01
1523, 2.877009e-01, 1.500000e-01
1524, 3.596011e-01, 1.500000e-01
1525, 3.806627e-01, 1.500000e-01
1526, 4.082398e-01, 1.500000e-01
1527, 4.313811e-01, 1.500000e-01
1528, 5.259671e-01, 1.500000e-01
1529, 5.509596e-01, 1.500000e-01
1530, 5.755362e-01, 1.500000e-01
1531, 6.221615e-01, 1.500000e-01
1532, 6.474793e-01, 1.500000e-01
1533, 6.730834e-01, 1.500000e-01
1534, 7.426045e-01, 1.500000e-01
1535, 8.426376e-01, 1.500000e-01
1536, 1.500000e-01, 1.544860e-01
1537, 4.790768e-01, 1.500000e-01
1538, 4.995791e-01, 1.500000e-01
1539, 8.500000e-01, 1.523353e-01
1540, 1.500000e-01, 1.621719e-01
1541, 8.500000e-01, 1.706636e-01
1542, 1.500000e-01, 1.758240e-01
1543, 8.500000e-01, 1.728689e-01
1544, 1.500000e-01, 1.953153e-01
1545, 8.500000e-01, 1.984658e-01
1546, 1.500000e-01, 2.196622e-01
1547, 8.500000e-01, 2.191480e-01
1548, 8.500000e-01, 2.195791e-01
1549, 1.500000e-01, 2.464205e-01
1550, 1.500000e-01, 2.548098e-01
1551, 1.500000e-01, 2.613095e-01
1552, 8.500000e-01, 2.640830e-01
1553, 1.500000e-01, 2.936343e-01
1554, 8.500000e-01, 2.899961e-01
1555, 1.500000e-01, 3.155458e-01
1556, 8.500000e-01, 3.151608e-01
1557, 1.500000e-01, 3.377603e-01
1558, 8.500000e-01, 3.380397e-01
1559, 1.500000e-01, 3.489829e-01
1560, 8.500000e-01, 3.517061e-01
1561, 1.500000e-01, 3.576144e-01
1562, 1.500000e-01, 3.837200e-01
1563, 1.500000e-01, 4.055873e-01
1564, 8.500000e-01, 4.073974e-01
1565, 1.500000e-01, 4.311424e-01
1566, 1.500000e-01, 4.408356e-01
1567, 8.500000e-01, 4.314051e-01
1568, 1.500000e-01, 4.513923e-01
1569, 8.500000e-01, 4.542813e-01
1570, 1.500000e-01, 4.733194e-01
1571, 8.500000e-01, 4.733937e-01
1572, 1.500000e-01, 4.976971e-01
1573, 8.500000e-01, 4.980785e-01
1574, 1.500000e-01, 5.263337e-01
1575, 8.500000e-01, 5.267878e-01
1576, 1.500000e-01, 5.354842e-01
1577, 8.500000e-01, 5.421661e-01
1578, 1.500000e-01, 5.425920e-01
1579, 8.500000e-01, 5.439120e-01
1580, 1.500000e-01, 5.659119e-01
1581, 8.500000e-01, 5.678359e-01
1582, 1.500000e-01, 5.922396e-01
1583, 8.500000e-01, 5.920763e-01
1584, 1.500000e-01, 6.154006e-01
1585, 1.500000e-01, 6.249103e-01
1586, 1.500000e-01, 6.355840e-01
1587, 8.500000e-01, 6.326310e-01
1588, 1.500000e-01, 6.592816e-01
1589, 8.500000e-01, 6.624989e-01
1590, 1.500000e-01, 6.840407e-01
1591, 8.500000e-01, 6.836505e-01
1592, 1.500000e-01, 7.093982e-01
1593, 8.500000e-01, 7.068743e-01
1594, 1.500000e-01, 7.147283e-01
1595, 8.500000e-01, 7.265905e-01
1596, 1.500000e-01, 7.290663e-01
1597, 8.500000e-01, 7.273485e-01
1598, 1.500000e-01, 7.527590e-01
1599, 1.500000e-01, 7.774173e-01
1600, 8.500000e-01, 7.777862e-01
1601, 1.500000e-01, 8.002403e-01
1602, 1.500000e-01, 8.093424e-01
1603, 8.500000e-01, 8.016279e-01
1604, 1.500000e-01, 8.219379e-01
1605, 8.500000e-01, 8.223865e-01
1606, 1.500000e-01, 8.446164e-01
1607, 1.696829e-01, 8.500000e-01
1608, 2.172850e-01, 8.500000e-01
1609, 2.651562e-01, 8.500000e-01
1610, 2.387639e-01, 8.500000e-01
1611, 2.769832e-01, 8.500000e-01
1612, 3.119342e-01, 8.500000e-01
1613, 3.603978e-01, 8.500000e-01
1614, 3.833086e-01, 8.500000e-01
1615, 4.037301e-01, 8.500000e-01
1616, 4.317915e-01, 8.500000e-01
1617, 4.550553e-01, 8.500000e-01
1618, 4.799181e-01, 8.500000e-01
1619, 5.027330e-01, 8.500000e-01
1620, 5.265522e-01, 8.500000e-01
1621, 5.776135e-01, 8.500000e-01
1622, 6.219437e-01, 8.500000e-01
1623, 6.460781e-01, 8.500000e-01
1624, 6.692764e-01, 8.500000e-01
1625, 6.983309e-01, 8.500000e-01
1626, 7.207603e-01, 8.500000e-01
1627, 7.400957e-01, 8.500000e-01
1628, 7.664866e-01, 8.500000e-01
1629, 7.910774e-01, 8.500000e-01
1630, 8.145863e-01, 8.500000e-01
1631, 8.500000e-01, 8.438401e-01
1632, 8.383986e-01, 8.500000e-01
1633, 3.114530e-01, 1.506528e-01
1634, 3.352596e-01, 1.501899e-01
1635, 4.554308e-01, 1.504908e-01
1636, 6.005001e-01, 1.507896e-01
1637, 6.952943e-01, 1.500246e-01
1638, 7.165951e-01, 1.506349e-01
1639, 7.685603e-01, 1.500642e-01
1640, 7.901739e-01, 1.501991e-01
1641, 8.097472e-01, 1.506873e-01
1642, 8.492533e-01, 2.467458e-01
1643, 8.496654e-01, 3.603091e-01
1644, 8.495037e-01, 3.804529e-01
1645, 8.498431e-01, 6.183832e-01
1646, 8.493767e-01, 7.539185e-01
1647, 1.909512e-01, 8.494375e-01
1648, 2.863510e-01, 8.493942e-01
1649, 3.323312e-01, 8.495898e-01
1650, 5.484060e-01, 8.494821e-01
1651, 5.983087e-01, 8.492455e-01
