1, 1.516683e-01, 5.791610e-01
2, 1.523037e-01, 3.752550e-01
3, 1.528478e-01, 4.079206e-01
4, 1.529976e-01, 6.374713e-01
5, 1.541259e-01, 7.231964e-01
6, 1.544218e-01, 1.716723e-01
7, 1.546153e-01, 7.855602e-01
8, 1.550905e-01, 3.139391e-01
9, 1.560345e-01, 2.856335e-01
10, 1.561088e-01, 2.221422e-01
11, 1.561355e-01, 6.067889e-01
12, 1.561445e-01, 6.640208e-01
13, 1.562163e-01, 4.401545e-01
14, 1.571683e-01, 3.282957e-01
15, 1.573478e-01, 2.063386e-01
16, 1.576996e-01, 4.586524e-01
17, 1.577874e-01, 6.025357e-01
18, 1.578925e-01, 5.273410e-01
19, 1.582256e-01, 6.662906e-01
20, 1.582439e-01, 7.314192e-01
21, 1.584156e-01, 6.323517e-01
22, 1.584231e-01, 2.169211e-01
23, 1.585440e-01, 4.861285e-01
24, 1.586367e-01, 6.981392e-01
25, 1.588367e-01, 8.410895e-01
26, 1.589359e-01, 8.072570e-01
27, 1.590018e-01, 6.120239e-01
28, 1.592540e-01, 3.845267e-01
29, 1.593636e-01, 2.101091e-01
30, 1.593989e-01, 4.170578e-01
31, 1.594046e-01, 8.295155e-01
32, 1.599769e-01, 5.302276e-01
33, 1.600422e-01, 4.441802e-01
34, 1.600630e-01, 3.990631e-01
35, 1.605912e-01, 4.536556e-01
36, 1.611307e-01, 5.730916e-01
37, 1.611917e-01, 5.583385e-01
38, 1.613877e-01, 1.598622e-01
39, 1.616994e-01, 2.723443e-01
40, 1.618128e-01, 2.765657e-01
41, 1.625806e-01, 6.931115e-01
42, 1.632441e-01, 6.553435e-01
43, 1.633967e-01, 7.087723e-01
44, 1.639710e-01, 8.450509e-01
45, 1.654693e-01, 4.978798e-01
46, 1.657816e-01, 7.689344e-01
47, 1.662265e-01, 2.420064e-01
48, 1.667289e-01, 3.052090e-01
49, 1.667594e-01, 4.768561e-01
50, 1.674053e-01, 3.635686e-01
51, 1.694100e-01, 2.421501e-01
52, 1.734729e-01, 8.446546e-01
53, 1.740500e-01, 3.050149e-01
54, 1.752687e-01, 7.101771e-01
55, 1.757536e-01, 7.701430e-01
56, 1.757787e-01, 6.542180e-01
57, 1.771062e-01, 8.062800e-01
58, 1.771203e-01, 4.763649e-01
59, 1.777808e-01, 3.643732e-01
60, 1.778050e-01, 3.386327e-01
61, 1.780907e-01, 7.958499e-01
62, 1.791053e-01, 3.232316e-01
63, 1.792469e-01, 5.344145e-01
64, 1.800363e-01, 6.892685e-01
65, 1.802312e-01, 3.788820e-01
66, 1.804206e-01, 3.984382e-01
67, 1.816247e-01, 5.748400e-01
68, 1.819211e-01, 7.323676e-01
69, 1.820179e-01, 3.183499e-01
70, 1.820647e-01, 4.371972e-01
71, 1.822564e-01, 5.985399e-01
72, 1.823186e-01, 6.661829e-01
73, 1.823931e-01, 2.915539e-01
74, 1.830892e-01, 4.625608e-01
75, 1.831862e-01, 8.369873e-01
76, 1.831883e-01, 2.278612e-01
77, 1.831984e-01, 6.194857e-01
78, 1.832141e-01, 5.439405e-01
79, 1.834647e-01, 4.982520e-01
80, 1.834988e-01, 4.224163e-01
81, 1.835637e-01, 8.161197e-01
82, 1.837420e-01, 3.730210e-01
83, 1.838546e-01, 5.766486e-01
84, 1.839061e-01, 1.615232e-01
85, 1.840661e-01, 2.647730e-01
86, 1.850944e-01, 5.226470e-01
87, 1.850966e-01, 7.234820e-01
88, 1.853483e-01, 4.329831e-01
89, 1.862264e-01, 3.472828e-01
90, 1.862437e-01, 4.937901e-01
91, 1.862866e-01, 5.466179e-01
92, 1.869116e-01, 2.261807e-01
93, 1.872913e-01, 2.591486e-01
94, 1.875059e-01, 6.967545e-01
95, 1.879139e-01, 2.881702e-01
96, 1.883910e-01, 5.181613e-01
97, 1.884230e-01, 1.696602e-01
98, 1.907885e-01, 6.063843e-01
99, 1.910282e-01, 7.827365e-01
100, 1.913773e-01, 5.472801e-01
101, 1.919863e-01, 7.490537e-01
102, 1.922524e-01, 6.972803e-01
103, 1.936920e-01, 6.357848e-01
104, 1.945083e-01, 6.052646e-01
105, 1.956895e-01, 3.454288e-01
106, 1.963777e-01, 5.187779e-01
107, 1.964197e-01, 2.889258e-01
108, 1.971398e-01, 5.783536e-01
109, 1.974919e-01, 1.703226e-01
110, 1.976280e-01, 2.550270e-01
111, 1.978372e-01, 3.227284e-01
112, 1.982218e-01, 4.635287e-01
113, 1.983879e-01, 2.293170e-01
114, 1.985507e-01, 8.157368e-01
115, 1.989187e-01, 2.040739e-01
116, 1.992261e-01, 3.406172e-01
117, 1.993901e-01, 7.193879e-01
118, 1.994182e-01, 7.904837e-01
119, 1.998442e-01, 8.411206e-01
120, 2.005087e-01, 2.265519e-01
121, 2.011468e-01, 4.352365e-01
122, 2.013427e-01, 2.060641e-01
123, 2.014073e-01, 6.659553e-01
124, 2.014134e-01, 3.273714e-01
125, 2.015241e-01, 7.407992e-01
126, 2.019195e-01, 8.395740e-01
127, 2.028142e-01, 7.120812e-01
128, 2.028858e-01, 8.081596e-01
129, 2.031330e-01, 3.913992e-01
130, 2.031437e-01, 3.638003e-01
131, 2.031640e-01, 4.902201e-01
132, 2.031708e-01, 6.837225e-01
133, 2.031900e-01, 5.917861e-01
134, 2.037509e-01, 7.643644e-01
135, 2.039406e-01, 5.581786e-01
136, 2.040180e-01, 7.290064e-01
137, 2.040700e-01, 2.465446e-01
138, 2.040828e-01, 6.638408e-01
139, 2.046492e-01, 4.920646e-01
140, 2.048559e-01, 8.260295e-01
141, 2.051069e-01, 4.860948e-01
142, 2.063463e-01, 2.675348e-01
143, 2.065716e-01, 5.689529e-01
144, 2.066175e-01, 6.160687e-01
145, 2.067660e-01, 4.586035e-01
146, 2.071004e-01, 5.120830e-01
147, 2.078135e-01, 5.309843e-01
148, 2.080148e-01, 1.532041e-01
149, 2.081399e-01, 6.546489e-01
150, 2.084861e-01, 6.312025e-01
151, 2.086127e-01, 1.828058e-01
152, 2.091076e-01, 3.036161e-01
153, 2.103113e-01, 1.523950e-01
154, 2.144355e-01, 4.189795e-01
155, 2.146352e-01, 4.227479e-01
156, 2.182364e-01, 2.468976e-01
157, 2.183964e-01, 6.478262e-01
158, 2.185996e-01, 7.101483e-01
159, 2.187685e-01, 8.237869e-01
160, 2.188258e-01, 5.908831e-01
161, 2.189841e-01, 7.627345e-01
162, 2.190620e-01, 3.250988e-01
163, 2.197497e-01, 5.312075e-01
164, 2.201920e-01, 5.696585e-01
165, 2.202188e-01, 3.926262e-01
166, 2.207724e-01, 4.756124e-01
167, 2.208454e-01, 7.872993e-01
168, 2.208965e-01, 2.251561e-01
169, 2.213033e-01, 4.613206e-01
170, 2.213171e-01, 3.048901e-01
171, 2.219470e-01, 5.132244e-01
172, 2.219706e-01, 3.847398e-01
173, 2.223131e-01, 7.475868e-01
174, 2.223281e-01, 3.580733e-01
175, 2.225384e-01, 2.717921e-01
176, 2.228649e-01, 6.335378e-01
177, 2.229171e-01, 5.034761e-01
178, 2.230624e-01, 1.861218e-01
179, 2.231706e-01, 6.848584e-01
180, 2.233445e-01, 6.209122e-01
181, 2.233615e-01, 7.331452e-01
182, 2.235189e-01, 4.332444e-01
183, 2.236168e-01, 4.642699e-01
184, 2.238179e-01, 2.023760e-01
185, 2.241433e-01, 6.759854e-01
186, 2.242239e-01, 3.425346e-01
187, 2.245821e-01, 1.554589e-01
188, 2.246709e-01, 5.814655e-01
189, 2.250636e-01, 2.785137e-01
190, 2.251512e-01, 7.791824e-01
191, 2.253944e-01, 2.557210e-01
192, 2.254102e-01, 7.555165e-01
193, 2.257065e-01, 4.035098e-01
194, 2.257305e-01, 5.203839e-01
195, 2.259716e-01, 3.147842e-01
196, 2.265201e-01, 2.337260e-01
197, 2.271910e-01, 8.056113e-01
198, 2.282651e-01, 1.978789e-01
199, 2.290539e-01, 4.378885e-01
200, 2.294664e-01, 6.943544e-01
201, 2.296809e-01, 3.785374e-01
202, 2.300874e-01, 3.489151e-01
203, 2.301052e-01, 6.086238e-01
204, 2.302123e-01, 2.840197e-01
205, 2.307425e-01, 1.983247e-01
206, 2.308350e-01, 7.234266e-01
207, 2.316935e-01, 1.712983e-01
208, 2.324516e-01, 8.087609e-01
209, 2.343547e-01, 4.928911e-01
210, 2.347785e-01, 6.073523e-01
211, 2.357433e-01, 7.229222e-01
212, 2.371373e-01, 8.416716e-01
213, 2.371438e-01, 8.370090e-01
214, 2.372280e-01, 6.352735e-01
215, 2.373113e-01, 4.926185e-01
216, 2.375942e-01, 2.333003e-01
217, 2.377369e-01, 5.511921e-01
218, 2.377915e-01, 8.093016e-01
219, 2.380172e-01, 2.836440e-01
220, 2.381398e-01, 7.553007e-01
221, 2.388937e-01, 4.040284e-01
222, 2.391044e-01, 4.643162e-01
223, 2.393932e-01, 5.220923e-01
224, 2.408188e-01, 6.955664e-01
225, 2.410403e-01, 3.175093e-01
226, 2.410630e-01, 2.814443e-01
227, 2.416446e-01, 8.053223e-01
228, 2.420132e-01, 5.190840e-01
229, 2.422073e-01, 3.510254e-01
230, 2.424057e-01, 5.545399e-01
231, 2.424674e-01, 1.685789e-01
232, 2.428811e-01, 8.223839e-01
233, 2.430450e-01, 4.372307e-01
234, 2.437097e-01, 8.464691e-01
235, 2.437815e-01, 7.483461e-01
236, 2.441925e-01, 2.525494e-01
237, 2.442891e-01, 6.184276e-01
238, 2.444642e-01, 6.887557e-01
239, 2.446612e-01, 4.556463e-01
240, 2.447980e-01, 7.317106e-01
241, 2.448795e-01, 6.728530e-01
242, 2.448985e-01, 7.833491e-01
243, 2.450610e-01, 3.150733e-01
244, 2.451044e-01, 4.356294e-01
245, 2.452828e-01, 5.871559e-01
246, 2.453583e-01, 7.043577e-01
247, 2.456785e-01, 7.856500e-01
248, 2.457102e-01, 3.591718e-01
249, 2.463316e-01, 4.763225e-01
250, 2.465277e-01, 5.350088e-01
251, 2.466101e-01, 5.021808e-01
252, 2.469331e-01, 2.472644e-01
253, 2.474179e-01, 2.116371e-01
254, 2.477916e-01, 4.284208e-01
255, 2.481911e-01, 2.175277e-01
256, 2.482515e-01, 5.932214e-01
257, 2.482793e-01, 6.485214e-01
258, 2.483975e-01, 2.631566e-01
259, 2.486512e-01, 1.595234e-01
260, 2.491927e-01, 3.402629e-01
261, 2.494978e-01, 7.698419e-01
262, 2.507783e-01, 5.758632e-01
263, 2.509727e-01, 1.805180e-01
264, 2.534142e-01, 3.004125e-01
265, 2.583926e-01, 5.960708e-01
266, 2.586069e-01, 7.681098e-01
267, 2.604400e-01, 6.672957e-01
268, 2.605272e-01, 6.488626e-01
269, 2.608744e-01, 2.999250e-01
270, 2.610252e-01, 7.089224e-01
271, 2.615810e-01, 3.933019e-01
272, 2.621871e-01, 3.989245e-01
273, 2.627717e-01, 5.043169e-01
274, 2.629331e-01, 5.350843e-01
275, 2.637757e-01, 8.460053e-01
276, 2.637979e-01, 2.703483e-01
277, 2.639061e-01, 6.269333e-01
278, 2.640896e-01, 5.582273e-01
279, 2.643114e-01, 6.617769e-01
280, 2.646146e-01, 4.768818e-01
281, 2.650085e-01, 3.173891e-01
282, 2.652373e-01, 6.201824e-01
283, 2.652979e-01, 4.192009e-01
284, 2.654223e-01, 7.296616e-01
285, 2.655502e-01, 2.264604e-01
286, 2.656934e-01, 2.803190e-01
287, 2.657407e-01, 8.227609e-01
288, 2.662171e-01, 1.813513e-01
289, 2.662953e-01, 5.127264e-01
290, 2.663045e-01, 4.448329e-01
291, 2.664518e-01, 7.465612e-01
292, 2.664809e-01, 4.542598e-01
293, 2.665588e-01, 5.693198e-01
294, 2.667699e-01, 6.400173e-01
295, 2.668317e-01, 7.854266e-01
296, 2.671648e-01, 3.333554e-01
297, 2.675593e-01, 2.019917e-01
298, 2.676770e-01, 6.164732e-01
299, 2.676861e-01, 2.419199e-01
300, 2.680409e-01, 7.486252e-01
301, 2.684343e-01, 5.500923e-01
302, 2.687790e-01, 8.368165e-01
303, 2.688799e-01, 3.640482e-01
304, 2.690307e-01, 3.220463e-01
305, 2.694836e-01, 4.050472e-01
306, 2.696951e-01, 1.748605e-01
307, 2.700877e-01, 1.994477e-01
308, 2.702356e-01, 6.872201e-01
309, 2.708736e-01, 4.600070e-01
310, 2.710580e-01, 2.333970e-01
311, 2.711204e-01, 7.216021e-01
312, 2.713137e-01, 7.750440e-01
313, 2.713954e-01, 2.865441e-01
314, 2.714661e-01, 4.878301e-01
315, 2.718892e-01, 8.140221e-01
316, 2.733380e-01, 5.835117e-01
317, 2.735331e-01, 6.891635e-01
318, 2.740590e-01, 5.763942e-01
319, 2.744358e-01, 6.153604e-01
320, 2.745010e-01, 2.541135e-01
321, 2.746039e-01, 5.207987e-01
322, 2.750362e-01, 3.729090e-01
323, 2.756002e-01, 8.120193e-01
324, 2.760762e-01, 1.696101e-01
325, 2.762584e-01, 4.362934e-01
326, 2.777422e-01, 8.075282e-01
327, 2.787407e-01, 3.444213e-01
328, 2.791081e-01, 6.404968e-01
329, 2.791743e-01, 7.523845e-01
330, 2.797487e-01, 7.204546e-01
331, 2.799298e-01, 6.885434e-01
332, 2.804143e-01, 4.888659e-01
333, 2.806907e-01, 5.210146e-01
334, 2.810509e-01, 2.296589e-01
335, 2.814545e-01, 5.726268e-01
336, 2.815987e-01, 5.481585e-01
337, 2.820208e-01, 6.902409e-01
338, 2.823265e-01, 7.717172e-01
339, 2.825038e-01, 4.035963e-01
340, 2.828668e-01, 4.584634e-01
341, 2.832630e-01, 4.367957e-01
342, 2.836816e-01, 3.751282e-01
343, 2.837126e-01, 2.307436e-01
344, 2.837797e-01, 6.688783e-01
345, 2.841200e-01, 2.575629e-01
346, 2.841836e-01, 4.013721e-01
347, 2.842008e-01, 8.031325e-01
348, 2.843154e-01, 3.446589e-01
349, 2.851230e-01, 6.069850e-01
350, 2.855467e-01, 4.959117e-01
351, 2.856756e-01, 1.688301e-01
352, 2.861160e-01, 5.157537e-01
353, 2.863797e-01, 7.741297e-01
354, 2.864486e-01, 3.795623e-01
355, 2.869290e-01, 8.413427e-01
356, 2.871646e-01, 5.978822e-01
357, 2.872524e-01, 5.317745e-01
358, 2.874868e-01, 3.157491e-01
359, 2.878113e-01, 8.457230e-01
360, 2.881128e-01, 2.557005e-01
361, 2.882466e-01, 7.448604e-01
362, 2.882652e-01, 5.599448e-01
363, 2.888840e-01, 7.081780e-01
364, 2.891583e-01, 7.792291e-01
365, 2.892309e-01, 6.315513e-01
366, 2.892566e-01, 3.408550e-01
367, 2.895734e-01, 6.656210e-01
368, 2.905245e-01, 1.717512e-01
369, 2.909027e-01, 7.350899e-01
370, 2.912069e-01, 3.250885e-01
371, 2.913277e-01, 6.566755e-01
372, 2.934287e-01, 8.275537e-01
373, 2.936082e-01, 1.515778e-01
374, 2.940773e-01, 3.069006e-01
375, 2.943260e-01, 2.402087e-01
376, 2.952815e-01, 4.216917e-01
377, 2.953470e-01, 4.756398e-01
378, 2.956587e-01, 3.610505e-01
379, 2.973799e-01, 8.265923e-01
380, 2.977445e-01, 1.864431e-01
381, 2.984620e-01, 4.217287e-01
382, 3.018179e-01, 5.637299e-01
383, 3.018989e-01, 7.085129e-01
384, 3.026885e-01, 4.760416e-01
385, 3.028747e-01, 6.159662e-01
386, 3.037310e-01, 2.404478e-01
387, 3.038580e-01, 6.307651e-01
388, 3.042200e-01, 5.763698e-01
389, 3.048973e-01, 3.388133e-01
390, 3.049109e-01, 3.304919e-01
391, 3.058348e-01, 7.341341e-01
392, 3.058781e-01, 3.095878e-01
393, 3.066488e-01, 7.660714e-01
394, 3.067038e-01, 5.324846e-01
395, 3.067552e-01, 5.100869e-01
396, 3.068799e-01, 4.587960e-01
397, 3.072038e-01, 1.892446e-01
398, 3.072263e-01, 8.081067e-01
399, 3.072675e-01, 2.102443e-01
400, 3.080544e-01, 6.752524e-01
401, 3.083858e-01, 1.700646e-01
402, 3.087012e-01, 3.610981e-01
403, 3.088778e-01, 4.573718e-01
404, 3.088836e-01, 6.690686e-01
405, 3.089076e-01, 6.504907e-01
406, 3.090061e-01, 5.902770e-01
407, 3.096513e-01, 4.430875e-01
408, 3.101277e-01, 2.777780e-01
409, 3.103720e-01, 7.535718e-01
410, 3.104632e-01, 5.833358e-01
411, 3.106448e-01, 3.796054e-01
412, 3.110508e-01, 3.134029e-01
413, 3.115654e-01, 6.663095e-01
414, 3.116931e-01, 7.828270e-01
415, 3.119568e-01, 6.389517e-01
416, 3.119647e-01, 8.057789e-01
417, 3.125876e-01, 3.978494e-01
418, 3.126168e-01, 5.212333e-01
419, 3.126493e-01, 4.960999e-01
420, 3.128350e-01, 2.047213e-01
421, 3.129711e-01, 2.803585e-01
422, 3.130780e-01, 4.360622e-01
423, 3.135569e-01, 3.498028e-01
424, 3.135605e-01, 6.001698e-01
425, 3.137303e-01, 3.734077e-01
426, 3.142839e-01, 2.311570e-01
427, 3.143933e-01, 4.939661e-01
428, 3.145005e-01, 4.911581e-01
429, 3.145384e-01, 7.801029e-01
430, 3.147134e-01, 8.385429e-01
431, 3.154019e-01, 6.933140e-01
432, 3.161652e-01, 1.755827e-01
433, 3.164268e-01, 7.213009e-01
434, 3.175148e-01, 4.043494e-01
435, 3.177931e-01, 5.496546e-01
436, 3.193592e-01, 4.970494e-01
437, 3.193757e-01, 7.208023e-01
438, 3.200431e-01, 6.668580e-01
439, 3.206720e-01, 5.502375e-01
440, 3.211839e-01, 2.045262e-01
441, 3.217556e-01, 2.328825e-01
442, 3.219269e-01, 6.031180e-01
443, 3.225664e-01, 4.058962e-01
444, 3.229755e-01, 8.378654e-01
445, 3.232206e-01, 2.553075e-01
446, 3.237602e-01, 4.341889e-01
447, 3.255850e-01, 4.110233e-01
448, 3.261637e-01, 5.233483e-01
449, 3.265393e-01, 5.601233e-01
450, 3.271494e-01, 2.850669e-01
451, 3.271967e-01, 3.122963e-01
452, 3.272410e-01, 2.424786e-01
453, 3.276372e-01, 2.238694e-01
454, 3.278000e-01, 1.746948e-01
455, 3.281590e-01, 7.802196e-01
456, 3.281632e-01, 3.463845e-01
457, 3.283073e-01, 8.462934e-01
458, 3.288134e-01, 8.264197e-01
459, 3.289399e-01, 2.115084e-01
460, 3.289908e-01, 6.171361e-01
461, 3.294069e-01, 7.279428e-01
462, 3.295891e-01, 4.010475e-01
463, 3.295990e-01, 4.579209e-01
464, 3.299228e-01, 6.742231e-01
465, 3.305020e-01, 7.837298e-01
466, 3.309672e-01, 2.825088e-01
467, 3.314474e-01, 7.541758e-01
468, 3.314745e-01, 5.144393e-01
469, 3.324022e-01, 1.592929e-01
470, 3.324478e-01, 1.808166e-01
471, 3.327473e-01, 3.059075e-01
472, 3.333005e-01, 4.639527e-01
473, 3.334001e-01, 3.406146e-01
474, 3.335276e-01, 3.244539e-01
475, 3.337226e-01, 5.363436e-01
476, 3.337291e-01, 7.509099e-01
477, 3.337975e-01, 4.412171e-01
478, 3.342906e-01, 7.646586e-01
479, 3.343234e-01, 6.910905e-01
480, 3.344615e-01, 4.749577e-01
481, 3.353297e-01, 6.496536e-01
482, 3.380067e-01, 3.648957e-01
483, 3.407270e-01, 2.639310e-01
484, 3.411298e-01, 5.939496e-01
485, 3.436450e-01, 8.259622e-01
486, 3.440305e-01, 5.377498e-01
487, 3.455082e-01, 2.430891e-01
488, 3.461020e-01, 7.090637e-01
489, 3.462947e-01, 4.167496e-01
490, 3.465193e-01, 2.132425e-01
491, 3.469735e-01, 5.528486e-01
492, 3.471519e-01, 7.261084e-01
493, 3.472482e-01, 4.377461e-01
494, 3.472496e-01, 6.526441e-01
495, 3.473537e-01, 2.636137e-01
496, 3.480307e-01, 1.846836e-01
497, 3.489800e-01, 4.806795e-01
498, 3.490994e-01, 2.231571e-01
499, 3.491135e-01, 6.255351e-01
500, 3.492178e-01, 3.390961e-01
501, 3.492356e-01, 2.788649e-01
502, 3.495764e-01, 1.567757e-01
503, 3.495941e-01, 5.465426e-01
504, 3.499433e-01, 8.093036e-01
505, 3.499658e-01, 5.740049e-01
506, 3.502647e-01, 5.143706e-01
507, 3.506710e-01, 7.441498e-01
508, 3.507319e-01, 7.293850e-01
509, 3.510423e-01, 6.150218e-01
510, 3.511209e-01, 7.856653e-01
511, 3.511407e-01, 3.264190e-01
512, 3.512909e-01, 4.030623e-01
513, 3.513830e-01, 3.634952e-01
514, 3.516306e-01, 3.042092e-01
515, 3.519455e-01, 2.585602e-01
516, 3.521577e-01, 4.323484e-01
517, 3.523626e-01, 2.282010e-01
518, 3.525631e-01, 4.872312e-01
519, 3.526095e-01, 3.808825e-01
520, 3.529400e-01, 7.682003e-01
521, 3.530806e-01, 5.201477e-01
522, 3.533112e-01, 5.777326e-01
523, 3.536962e-01, 6.105783e-01
524, 3.544151e-01, 6.680499e-01
525, 3.547058e-01, 6.840231e-01
526, 3.554866e-01, 4.593812e-01
527, 3.560078e-01, 2.002631e-01
528, 3.570219e-01, 7.769410e-01
529, 3.574221e-01, 8.416867e-01
530, 3.575651e-01, 6.394489e-01
531, 3.580727e-01, 4.925300e-01
532, 3.581590e-01, 3.770268e-01
533, 3.583962e-01, 2.893664e-01
534, 3.585623e-01, 8.056664e-01
535, 3.586025e-01, 4.618506e-01
536, 3.593650e-01, 3.170812e-01
537, 3.604546e-01, 4.924412e-01
538, 3.604701e-01, 7.520041e-01
539, 3.614551e-01, 1.737107e-01
540, 3.615583e-01, 6.093940e-01
541, 3.628856e-01, 6.398718e-01
542, 3.629415e-01, 4.316429e-01
543, 3.636175e-01, 8.070032e-01
544, 3.644267e-01, 5.463178e-01
545, 3.646221e-01, 6.957175e-01
546, 3.649268e-01, 6.990563e-01
547, 3.653624e-01, 1.737641e-01
548, 3.665295e-01, 2.873683e-01
549, 3.667701e-01, 7.521126e-01
550, 3.668315e-01, 8.388492e-01
551, 3.678419e-01, 5.790203e-01
552, 3.679171e-01, 5.226039e-01
553, 3.683716e-01, 6.657916e-01
554, 3.685955e-01, 2.295376e-01
555, 3.688742e-01, 3.776770e-01
556, 3.693638e-01, 7.536901e-01
557, 3.694067e-01, 7.776965e-01
558, 3.695055e-01, 2.575969e-01
559, 3.696634e-01, 7.221665e-01
560, 3.697183e-01, 4.031873e-01
561, 3.701165e-01, 4.605699e-01
562, 3.701236e-01, 8.322549e-01
563, 3.703217e-01, 2.002837e-01
564, 3.704811e-01, 3.802855e-01
565, 3.707487e-01, 8.024182e-01
566, 3.710044e-01, 3.279519e-01
567, 3.711449e-01, 4.008888e-01
568, 3.711545e-01, 6.320340e-01
569, 3.718092e-01, 2.020644e-01
570, 3.720051e-01, 3.402139e-01
571, 3.720280e-01, 4.425673e-01
572, 3.721246e-01, 7.897508e-01
573, 3.722402e-01, 2.607303e-01
574, 3.726678e-01, 1.933735e-01
575, 3.727091e-01, 6.579640e-01
576, 3.730295e-01, 6.186546e-01
577, 3.731253e-01, 7.084519e-01
578, 3.732957e-01, 8.462107e-01
579, 3.733265e-01, 3.629208e-01
580, 3.734618e-01, 5.319534e-01
581, 3.739151e-01, 2.216202e-01
582, 3.739631e-01, 4.166359e-01
583, 3.740375e-01, 7.285878e-01
584, 3.745553e-01, 2.772817e-01
585, 3.747293e-01, 4.640415e-01
586, 3.747810e-01, 2.424616e-01
587, 3.749533e-01, 6.859140e-01
588, 3.751395e-01, 5.705146e-01
589, 3.752618e-01, 6.718921e-01
590, 3.764205e-01, 1.642283e-01
591, 3.764559e-01, 5.937718e-01
592, 3.770029e-01, 7.694218e-01
593, 3.773166e-01, 5.633167e-01
594, 3.787431e-01, 5.100402e-01
595, 3.831874e-01, 4.188990e-01
596, 3.847066e-01, 7.070456e-01
597, 3.850882e-01, 5.952505e-01
598, 3.864641e-01, 8.290456e-01
599, 3.870693e-01, 1.654213e-01
600, 3.872537e-01, 2.403600e-01
601, 3.878037e-01, 8.049843e-01
602, 3.882674e-01, 6.164186e-01
603, 3.889935e-01, 7.698351e-01
604, 3.896070e-01, 4.393318e-01
605, 3.899224e-01, 3.616609e-01
606, 3.902914e-01, 2.803179e-01
607, 3.905001e-01, 6.710085e-01
608, 3.907399e-01, 7.331272e-01
609, 3.907448e-01, 6.560473e-01
610, 3.915164e-01, 6.044959e-01
611, 3.916087e-01, 5.828753e-01
612, 3.916222e-01, 2.188854e-01
613, 3.918667e-01, 2.072761e-01
614, 3.919206e-01, 1.564283e-01
615, 3.920987e-01, 3.206862e-01
616, 3.921877e-01, 1.878384e-01
617, 3.922022e-01, 3.815267e-01
618, 3.923329e-01, 3.382163e-01
619, 3.925995e-01, 4.309138e-01
620, 3.927905e-01, 6.877540e-01
621, 3.932684e-01, 3.184893e-01
622, 3.934038e-01, 1.714539e-01
623, 3.934096e-01, 3.979489e-01
624, 3.934390e-01, 5.303111e-01
625, 3.936610e-01, 7.460165e-01
626, 3.938588e-01, 5.573353e-01
627, 3.939596e-01, 4.907045e-01
628, 3.943036e-01, 8.142839e-01
629, 3.945633e-01, 8.475533e-01
630, 3.947170e-01, 6.901117e-01
631, 3.948291e-01, 6.647466e-01
632, 3.952651e-01, 5.199082e-01
633, 3.955099e-01, 4.518701e-01
634, 3.958367e-01, 2.877142e-01
635, 3.962215e-01, 6.319474e-01
636, 3.967512e-01, 2.259234e-01
637, 3.974414e-01, 4.009399e-01
638, 3.974511e-01, 8.416494e-01
639, 3.982076e-01, 3.451459e-01
640, 3.988647e-01, 1.996013e-01
641, 3.989447e-01, 3.739848e-01
642, 3.990006e-01, 7.845113e-01
643, 3.994338e-01, 6.347213e-01
644, 3.994373e-01, 5.169087e-01
645, 3.997925e-01, 2.603480e-01
646, 4.008402e-01, 5.761826e-01
647, 4.009128e-01, 7.862073e-01
648, 4.015640e-01, 7.200739e-01
649, 4.021462e-01, 2.589830e-01
650, 4.051696e-01, 4.951939e-01
651, 4.061273e-01, 3.747905e-01
652, 4.062910e-01, 7.864417e-01
653, 4.063672e-01, 2.587328e-01
654, 4.064567e-01, 4.607848e-01
655, 4.066989e-01, 4.585434e-01
656, 4.068021e-01, 2.004122e-01
657, 4.075736e-01, 6.341479e-01
658, 4.076070e-01, 4.016306e-01
659, 4.077005e-01, 3.170460e-01
660, 4.083703e-01, 3.451133e-01
661, 4.085076e-01, 1.651209e-01
662, 4.091508e-01, 7.195272e-01
663, 4.097113e-01, 2.560338e-01
664, 4.099696e-01, 5.180858e-01
665, 4.100906e-01, 5.760854e-01
666, 4.102618e-01, 6.917583e-01
667, 4.104733e-01, 2.886558e-01
668, 4.110008e-01, 6.667797e-01
669, 4.112092e-01, 1.661573e-01
670, 4.116757e-01, 3.213591e-01
671, 4.120596e-01, 3.478422e-01
672, 4.121715e-01, 4.925960e-01
673, 4.121888e-01, 3.936275e-01
674, 4.123692e-01, 6.064084e-01
675, 4.125039e-01, 7.261598e-01
676, 4.125047e-01, 3.809518e-01
677, 4.127302e-01, 6.893293e-01
678, 4.127484e-01, 7.136133e-01
679, 4.128642e-01, 7.444628e-01
680, 4.132680e-01, 2.826878e-01
681, 4.133205e-01, 5.594170e-01
682, 4.135727e-01, 2.295634e-01
683, 4.136273e-01, 4.530012e-01
684, 4.139907e-01, 5.698151e-01
685, 4.140709e-01, 6.273331e-01
686, 4.143602e-01, 8.362666e-01
687, 4.144113e-01, 3.509605e-01
688, 4.145149e-01, 8.152545e-01
689, 4.145402e-01, 6.725568e-01
690, 4.148564e-01, 6.124654e-01
691, 4.148932e-01, 4.252625e-01
692, 4.150791e-01, 4.964894e-01
693, 4.152061e-01, 5.204570e-01
694, 4.152413e-01, 7.703144e-01
695, 4.158262e-01, 4.273964e-01
696, 4.161277e-01, 2.999906e-01
697, 4.166747e-01, 4.201887e-01
698, 4.172683e-01, 4.825686e-01
699, 4.175662e-01, 8.055466e-01
700, 4.180106e-01, 2.230725e-01
701, 4.180247e-01, 6.498170e-01
702, 4.180818e-01, 2.438598e-01
703, 4.182696e-01, 8.226575e-01
704, 4.206819e-01, 5.368574e-01
705, 4.207655e-01, 8.442812e-01
706, 4.211447e-01, 5.939865e-01
707, 4.275086e-01, 3.010925e-01
708, 4.279994e-01, 8.238628e-01
709, 4.290883e-01, 1.875781e-01
710, 4.298687e-01, 4.796762e-01
711, 4.302638e-01, 1.835974e-01
712, 4.304695e-01, 1.654194e-01
713, 4.310825e-01, 3.229517e-01
714, 4.314558e-01, 3.536952e-01
715, 4.315275e-01, 5.401164e-01
716, 4.315908e-01, 7.108711e-01
717, 4.317369e-01, 1.533180e-01
718, 4.317987e-01, 6.491931e-01
719, 4.319359e-01, 5.935816e-01
720, 4.328538e-01, 4.178125e-01
721, 4.330926e-01, 6.294678e-01
722, 4.333207e-01, 4.531068e-01
723, 4.341224e-01, 6.895204e-01
724, 4.343480e-01, 8.001674e-01
725, 4.345809e-01, 5.631215e-01
726, 4.346374e-01, 5.549963e-01
727, 4.347574e-01, 3.158359e-01
728, 4.351759e-01, 1.771038e-01
729, 4.361171e-01, 5.513828e-01
730, 4.361997e-01, 3.921928e-01
731, 4.362502e-01, 7.676465e-01
732, 4.364465e-01, 7.473967e-01
733, 4.365010e-01, 7.328266e-01
734, 4.369040e-01, 2.250769e-01
735, 4.369780e-01, 4.360725e-01
736, 4.371421e-01, 6.742174e-01
737, 4.374803e-01, 6.938447e-01
738, 4.376714e-01, 2.045107e-01
739, 4.378121e-01, 6.360077e-01
740, 4.379839e-01, 2.455336e-01
741, 4.379930e-01, 7.882599e-01
742, 4.385200e-01, 8.455592e-01
743, 4.386924e-01, 3.398553e-01
744, 4.388391e-01, 2.786918e-01
745, 4.400409e-01, 2.693872e-01
746, 4.406049e-01, 6.104608e-01
747, 4.408648e-01, 3.421313e-01
748, 4.412860e-01, 7.530198e-01
749, 4.413020e-01, 4.324080e-01
750, 4.414453e-01, 4.615755e-01
751, 4.419845e-01, 2.852784e-01
752, 4.423707e-01, 7.814105e-01
753, 4.429685e-01, 6.081281e-01
754, 4.430923e-01, 7.227118e-01
755, 4.438829e-01, 6.680040e-01
756, 4.440405e-01, 5.770378e-01
757, 4.442534e-01, 4.025021e-01
758, 4.442929e-01, 2.353627e-01
759, 4.445994e-01, 5.227086e-01
760, 4.448419e-01, 8.111187e-01
761, 4.450120e-01, 8.406603e-01
762, 4.452415e-01, 2.594803e-01
763, 4.455631e-01, 4.619836e-01
764, 4.465073e-01, 1.760671e-01
765, 4.468076e-01, 7.219922e-01
766, 4.470236e-01, 4.913416e-01
767, 4.486448e-01, 4.025077e-01
768, 4.491942e-01, 3.419940e-01
769, 4.507395e-01, 6.083250e-01
770, 4.511417e-01, 4.330993e-01
771, 4.512290e-01, 6.680227e-01
772, 4.513936e-01, 2.891449e-01
773, 4.517400e-01, 5.773268e-01
774, 4.519927e-01, 8.394886e-01
775, 4.526144e-01, 2.026985e-01
776, 4.537870e-01, 6.347199e-01
777, 4.541945e-01, 5.216794e-01
778, 4.543017e-01, 3.135293e-01
779, 4.543093e-01, 7.841538e-01
780, 4.544725e-01, 5.530389e-01
781, 4.546786e-01, 5.796294e-01
782, 4.549076e-01, 8.137508e-01
783, 4.549157e-01, 2.332847e-01
784, 4.549783e-01, 1.608520e-01
785, 4.550347e-01, 3.741783e-01
786, 4.555456e-01, 4.903694e-01
787, 4.556710e-01, 5.199139e-01
788, 4.556914e-01, 1.878926e-01
789, 4.557225e-01, 6.708116e-01
790, 4.558294e-01, 6.968778e-01
791, 4.566207e-01, 6.168190e-01
792, 4.566599e-01, 3.190039e-01
793, 4.566786e-01, 4.437842e-01
794, 4.567644e-01, 7.419321e-01
795, 4.574610e-01, 2.307433e-01
796, 4.579651e-01, 8.074870e-01
797, 4.580965e-01, 6.283555e-01
798, 4.581506e-01, 3.808158e-01
799, 4.581700e-01, 7.828581e-01
800, 4.582322e-01, 3.952364e-01
801, 4.582873e-01, 2.594480e-01
802, 4.585090e-01, 3.035458e-01
803, 4.585792e-01, 6.887071e-01
804, 4.586103e-01, 3.476125e-01
805, 4.593175e-01, 4.969857e-01
806, 4.593909e-01, 8.235045e-01
807, 4.597362e-01, 6.502138e-01
808, 4.600241e-01, 4.783282e-01
809, 4.600566e-01, 2.090781e-01
810, 4.605524e-01, 5.938002e-01
811, 4.610436e-01, 7.076231e-01
812, 4.612853e-01, 5.334937e-01
813, 4.618225e-01, 2.806414e-01
814, 4.623504e-01, 4.439280e-01
815, 4.624211e-01, 4.217748e-01
816, 4.651129e-01, 2.663507e-01
817, 4.652365e-01, 3.592977e-01
818, 4.653160e-01, 2.489358e-01
819, 4.674928e-01, 7.696771e-01
820, 4.676197e-01, 3.597195e-01
821, 4.709157e-01, 5.344291e-01
822, 4.713600e-01, 5.011302e-01
823, 4.731078e-01, 7.108532e-01
824, 4.734741e-01, 7.700552e-01
825, 4.735524e-01, 4.739578e-01
826, 4.738287e-01, 4.209822e-01
827, 4.746314e-01, 4.500730e-01
828, 4.754636e-01, 3.035676e-01
829, 4.755430e-01, 1.895523e-01
830, 4.761898e-01, 6.686741e-01
831, 4.761955e-01, 5.951362e-01
832, 4.762623e-01, 5.166513e-01
833, 4.764380e-01, 8.219805e-01
834, 4.770294e-01, 6.784622e-01
835, 4.771883e-01, 2.471017e-01
836, 4.774030e-01, 3.341465e-01
837, 4.777622e-01, 3.749927e-01
838, 4.784404e-01, 4.315633e-01
839, 4.786626e-01, 2.688861e-01
840, 4.786919e-01, 3.244364e-01
841, 4.788553e-01, 5.546920e-01
842, 4.789906e-01, 6.555793e-01
843, 4.790870e-01, 6.651233e-01
844, 4.790973e-01, 1.589498e-01
845, 4.793726e-01, 7.267719e-01
846, 4.795899e-01, 4.671166e-01
847, 4.798886e-01, 2.803998e-01
848, 4.799077e-01, 7.238071e-01
849, 4.800527e-01, 5.191417e-01
850, 4.801631e-01, 5.720521e-01
851, 4.804200e-01, 5.529502e-01
852, 4.806743e-01, 6.331643e-01
853, 4.808544e-01, 6.113592e-01
854, 4.810137e-01, 2.078498e-01
855, 4.811803e-01, 2.290490e-01
856, 4.820186e-01, 4.058440e-01
857, 4.832667e-01, 7.832152e-01
858, 4.839979e-01, 4.373476e-01
859, 4.842245e-01, 3.185005e-01
860, 4.844823e-01, 7.466325e-01
861, 4.845762e-01, 6.068471e-01
862, 4.848271e-01, 2.878766e-01
863, 4.854190e-01, 4.905616e-01
864, 4.856817e-01, 3.798395e-01
865, 4.869312e-01, 6.997063e-01
866, 4.871414e-01, 3.510501e-01
867, 4.871828e-01, 7.487306e-01
868, 4.872168e-01, 5.787999e-01
869, 4.874332e-01, 8.113144e-01
870, 4.878114e-01, 3.183751e-01
871, 4.879718e-01, 3.476354e-01
872, 4.881367e-01, 6.399561e-01
873, 4.883104e-01, 2.572719e-01
874, 4.884013e-01, 6.930540e-01
875, 4.904459e-01, 6.393142e-01
876, 4.905624e-01, 4.068651e-01
877, 4.908667e-01, 6.077229e-01
878, 4.909061e-01, 5.186825e-01
879, 4.912596e-01, 8.369981e-01
880, 4.921362e-01, 6.678557e-01
881, 4.925348e-01, 2.303016e-01
882, 4.932636e-01, 4.404285e-01
883, 4.932880e-01, 4.639425e-01
884, 4.934939e-01, 2.564115e-01
885, 4.948351e-01, 2.895656e-01
886, 4.951172e-01, 2.046808e-01
887, 4.953536e-01, 7.989773e-01
888, 4.957378e-01, 5.120295e-01
889, 4.958105e-01, 5.518693e-01
890, 4.962822e-01, 6.297657e-01
891, 4.963038e-01, 4.559267e-01
892, 4.967222e-01, 7.489921e-01
893, 4.968549e-01, 4.920792e-01
894, 4.970275e-01, 8.357259e-01
895, 4.972787e-01, 7.226861e-01
896, 4.973861e-01, 5.784695e-01
897, 4.975408e-01, 2.944441e-01
898, 4.981967e-01, 5.499506e-01
899, 4.983343e-01, 1.683955e-01
900, 4.983402e-01, 6.141871e-01
901, 4.983698e-01, 3.259456e-01
902, 4.983823e-01, 2.085814e-01
903, 4.988745e-01, 4.951538e-01
904, 4.989884e-01, 3.746628e-01
905, 4.992831e-01, 3.387381e-01
906, 4.998720e-01, 2.195676e-01
907, 4.999443e-01, 2.472618e-01
908, 5.003487e-01, 1.874109e-01
909, 5.004711e-01, 5.833002e-01
910, 5.006865e-01, 7.129689e-01
911, 5.009837e-01, 3.685406e-01
912, 5.013383e-01, 3.784434e-01
913, 5.017476e-01, 8.257342e-01
914, 5.018277e-01, 4.162991e-01
915, 5.019810e-01, 3.958418e-01
916, 5.020420e-01, 6.769898e-01
917, 5.022616e-01, 2.649468e-01
918, 5.025608e-01, 4.339277e-01
919, 5.025672e-01, 6.843208e-01
920, 5.029422e-01, 4.784299e-01
921, 5.034718e-01, 5.333719e-01
922, 5.039079e-01, 7.341433e-01
923, 5.044765e-01, 2.777581e-01
924, 5.062492e-01, 7.631271e-01
925, 5.079378e-01, 6.518430e-01
926, 5.149414e-01, 7.651044e-01
927, 5.151921e-01, 2.461228e-01
928, 5.152381e-01, 4.359269e-01
929, 5.154131e-01, 5.326971e-01
930, 5.155844e-01, 4.511544e-01
931, 5.156880e-01, 8.241923e-01
932, 5.160050e-01, 6.535863e-01
933, 5.163023e-01, 3.613485e-01
934, 5.175022e-01, 1.614144e-01
935, 5.185166e-01, 4.130543e-01
936, 5.189243e-01, 3.457073e-01
937, 5.191253e-01, 3.218133e-01
938, 5.191372e-01, 2.128691e-01
939, 5.193136e-01, 4.977179e-01
940, 5.196540e-01, 5.504538e-01
941, 5.197756e-01, 5.114493e-01
942, 5.203036e-01, 7.999266e-01
943, 5.203722e-01, 3.476346e-01
944, 5.203752e-01, 6.620554e-01
945, 5.203981e-01, 6.072169e-01
946, 5.206425e-01, 7.063107e-01
947, 5.206624e-01, 2.815354e-01
948, 5.210405e-01, 3.003833e-01
949, 5.212014e-01, 2.573517e-01
950, 5.215394e-01, 5.623927e-01
951, 5.215734e-01, 7.853454e-01
952, 5.218325e-01, 6.932608e-01
953, 5.219540e-01, 1.868841e-01
954, 5.220681e-01, 4.808246e-01
955, 5.224167e-01, 5.945191e-01
956, 5.227158e-01, 8.101808e-01
957, 5.227284e-01, 4.024193e-01
958, 5.228371e-01, 7.317889e-01
959, 5.228658e-01, 5.531868e-01
960, 5.229596e-01, 2.215852e-01
961, 5.233826e-01, 7.867909e-01
962, 5.236920e-01, 6.952511e-01
963, 5.239061e-01, 7.509940e-01
964, 5.246030e-01, 8.434499e-01
965, 5.246501e-01, 6.028870e-01
966, 5.248515e-01, 5.221979e-01
967, 5.252146e-01, 7.538353e-01
968, 5.253869e-01, 3.822836e-01
969, 5.255418e-01, 2.876708e-01
970, 5.255527e-01, 4.296882e-01
971, 5.256215e-01, 6.372638e-01
972, 5.260113e-01, 1.982188e-01
973, 5.266028e-01, 4.881200e-01
974, 5.271343e-01, 3.133716e-01
975, 5.272208e-01, 8.403208e-01
976, 5.281221e-01, 2.261986e-01
977, 5.283983e-01, 2.616692e-01
978, 5.289244e-01, 4.624849e-01
979, 5.290958e-01, 7.246515e-01
980, 5.301221e-01, 6.336193e-01
981, 5.308235e-01, 1.769690e-01
982, 5.317019e-01, 3.755860e-01
983, 5.331068e-01, 8.399601e-01
984, 5.334192e-01, 5.781994e-01
985, 5.336508e-01, 5.520258e-01
986, 5.339550e-01, 3.139988e-01
987, 5.340121e-01, 1.771307e-01
988, 5.344432e-01, 7.872291e-01
989, 5.350364e-01, 3.755473e-01
990, 5.353480e-01, 4.033575e-01
991, 5.354572e-01, 3.469522e-01
992, 5.356160e-01, 6.323258e-01
993, 5.361673e-01, 7.252126e-01
994, 5.367033e-01, 5.496059e-01
995, 5.368777e-01, 4.885810e-01
996, 5.368837e-01, 5.241722e-01
997, 5.373119e-01, 8.074130e-01
998, 5.373906e-01, 6.080435e-01
999, 5.374323e-01, 6.652759e-01
1000, 5.374750e-01, 2.622125e-01
1001, 5.376747e-01, 5.770233e-01
1002, 5.378655e-01, 4.315246e-01
1003, 5.381441e-01, 6.279459e-01
1004, 5.381869e-01, 2.002770e-01
1005, 5.390685e-01, 2.851027e-01
1006, 5.394205e-01, 5.737816e-01
1007, 5.394443e-01, 3.793590e-01
1008, 5.394938e-01, 7.925458e-01
1009, 5.398610e-01, 7.954913e-01
1010, 5.404089e-01, 4.389278e-01
1011, 5.405094e-01, 4.584382e-01
1012, 5.407374e-01, 3.990615e-01
1013, 5.407968e-01, 2.665258e-01
1014, 5.412524e-01, 5.326351e-01
1015, 5.413322e-01, 6.901508e-01
1016, 5.413635e-01, 3.221004e-01
1017, 5.416839e-01, 2.180804e-01
1018, 5.419746e-01, 3.585194e-01
1019, 5.424958e-01, 3.366817e-01
1020, 5.428232e-01, 4.601311e-01
1021, 5.430950e-01, 5.155192e-01
1022, 5.435580e-01, 7.565498e-01
1023, 5.436209e-01, 2.905952e-01
1024, 5.437843e-01, 4.243700e-01
1025, 5.439233e-01, 4.968483e-01
1026, 5.442452e-01, 1.895259e-01
1027, 5.449432e-01, 6.603438e-01
1028, 5.472281e-01, 2.984501e-01
1029, 5.474930e-01, 7.611528e-01
1030, 5.479965e-01, 2.402507e-01
1031, 5.481444e-01, 1.624624e-01
1032, 5.489596e-01, 8.218441e-01
1033, 5.492553e-01, 5.953806e-01
1034, 5.492766e-01, 6.534450e-01
1035, 5.496941e-01, 7.106696e-01
1036, 5.499319e-01, 4.738873e-01
1037, 5.504403e-01, 5.891479e-01
1038, 5.538469e-01, 6.526608e-01
1039, 5.545741e-01, 8.217736e-01
1040, 5.555401e-01, 3.590491e-01
1041, 5.578158e-01, 4.187678e-01
1042, 5.578316e-01, 5.677830e-01
1043, 5.579534e-01, 3.389328e-01
1044, 5.589889e-01, 4.752798e-01
1045, 5.591768e-01, 5.550671e-01
1046, 5.592655e-01, 5.378903e-01
1047, 5.597651e-01, 2.423031e-01
1048, 5.597890e-01, 6.845860e-01
1049, 5.603658e-01, 6.823400e-01
1050, 5.606602e-01, 7.126566e-01
1051, 5.607420e-01, 4.530517e-01
1052, 5.608385e-01, 7.422885e-01
1053, 5.614671e-01, 3.173837e-01
1054, 5.616438e-01, 7.620130e-01
1055, 5.616990e-01, 1.624624e-01
1056, 5.618843e-01, 8.437169e-01
1057, 5.619637e-01, 4.974145e-01
1058, 5.621275e-01, 3.013748e-01
1059, 5.623329e-01, 4.455883e-01
1060, 5.624966e-01, 2.639974e-01
1061, 5.624999e-01, 7.932465e-01
1062, 5.627680e-01, 1.911924e-01
1063, 5.637417e-01, 3.464301e-01
1064, 5.638238e-01, 5.779838e-01
1065, 5.640394e-01, 6.274960e-01
1066, 5.645768e-01, 2.067650e-01
1067, 5.646180e-01, 5.109313e-01
1068, 5.650229e-01, 5.486834e-01
1069, 5.654935e-01, 8.058934e-01
1070, 5.658958e-01, 6.200282e-01
1071, 5.663729e-01, 6.915158e-01
1072, 5.664149e-01, 3.122883e-01
1073, 5.666653e-01, 4.912177e-01
1074, 5.668385e-01, 7.585580e-01
1075, 5.672028e-01, 1.994990e-01
1076, 5.681807e-01, 8.109935e-01
1077, 5.685355e-01, 2.901201e-01
1078, 5.692148e-01, 4.646673e-01
1079, 5.693409e-01, 7.846395e-01
1080, 5.697010e-01, 6.393160e-01
1081, 5.701372e-01, 6.698810e-01
1082, 5.704896e-01, 8.466447e-01
1083, 5.705982e-01, 2.553521e-01
1084, 5.706974e-01, 2.877204e-01
1085, 5.715476e-01, 6.134351e-01
1086, 5.716320e-01, 2.255502e-01
1087, 5.720008e-01, 4.355079e-01
1088, 5.725533e-01, 1.724353e-01
1089, 5.728626e-01, 5.177505e-01
1090, 5.747963e-01, 8.456629e-01
1091, 5.748356e-01, 6.930753e-01
1092, 5.759308e-01, 1.718562e-01
1093, 5.770965e-01, 2.853647e-01
1094, 5.773850e-01, 3.766130e-01
1095, 5.778250e-01, 2.562796e-01
1096, 5.779127e-01, 5.482289e-01
1097, 5.787470e-01, 6.412983e-01
1098, 5.788070e-01, 8.123593e-01
1099, 5.792268e-01, 2.263974e-01
1100, 5.793492e-01, 4.363042e-01
1101, 5.795080e-01, 4.094765e-01
1102, 5.795946e-01, 7.592131e-01
1103, 5.798575e-01, 5.181867e-01
1104, 5.801328e-01, 4.932687e-01
1105, 5.804968e-01, 7.228283e-01
1106, 5.806649e-01, 1.684858e-01
1107, 5.806874e-01, 2.009580e-01
1108, 5.807846e-01, 3.164634e-01
1109, 5.811670e-01, 6.664695e-01
1110, 5.813747e-01, 7.846563e-01
1111, 5.816409e-01, 3.487280e-01
1112, 5.823305e-01, 5.805380e-01
1113, 5.824542e-01, 8.075930e-01
1114, 5.825071e-01, 2.527698e-01
1115, 5.826589e-01, 7.869687e-01
1116, 5.829185e-01, 6.100356e-01
1117, 5.831173e-01, 2.714568e-01
1118, 5.835331e-01, 5.567263e-01
1119, 5.845987e-01, 5.395512e-01
1120, 5.847197e-01, 4.305496e-01
1121, 5.848810e-01, 4.611955e-01
1122, 5.850999e-01, 2.222820e-01
1123, 5.852536e-01, 7.712799e-01
1124, 5.853207e-01, 2.105931e-01
1125, 5.855521e-01, 6.523566e-01
1126, 5.859712e-01, 8.263726e-01
1127, 5.862981e-01, 3.607385e-01
1128, 5.864037e-01, 3.855985e-01
1129, 5.864299e-01, 7.132399e-01
1130, 5.865964e-01, 3.249256e-01
1131, 5.866485e-01, 1.934962e-01
1132, 5.867995e-01, 4.550776e-01
1133, 5.869347e-01, 6.136767e-01
1134, 5.872603e-01, 6.298301e-01
1135, 5.874180e-01, 3.396084e-01
1136, 5.877142e-01, 5.919682e-01
1137, 5.878476e-01, 3.953225e-01
1138, 5.880217e-01, 7.319921e-01
1139, 5.887058e-01, 7.476570e-01
1140, 5.896894e-01, 6.825412e-01
1141, 5.897873e-01, 6.752830e-01
1142, 5.901679e-01, 4.223335e-01
1143, 5.912959e-01, 4.702855e-01
1144, 5.984357e-01, 2.726718e-01
1145, 6.005296e-01, 4.207190e-01
1146, 6.011741e-01, 5.396116e-01
1147, 6.017243e-01, 2.519462e-01
1148, 6.019818e-01, 6.525079e-01
1149, 6.020099e-01, 8.298202e-01
1150, 6.023202e-01, 1.904781e-01
1151, 6.033888e-01, 7.726038e-01
1152, 6.035845e-01, 6.310405e-01
1153, 6.040880e-01, 2.160160e-01
1154, 6.043377e-01, 5.709480e-01
1155, 6.048066e-01, 4.734495e-01
1156, 6.049871e-01, 5.150245e-01
1157, 6.052011e-01, 7.061325e-01
1158, 6.052420e-01, 7.905808e-01
1159, 6.052899e-01, 6.129550e-01
1160, 6.056960e-01, 5.958725e-01
1161, 6.057097e-01, 3.836352e-01
1162, 6.058181e-01, 8.049591e-01
1163, 6.058315e-01, 2.227968e-01
1164, 6.058666e-01, 3.592071e-01
1165, 6.059743e-01, 1.734352e-01
1166, 6.060414e-01, 3.242782e-01
1167, 6.061068e-01, 2.851927e-01
1168, 6.068048e-01, 5.003564e-01
1169, 6.070707e-01, 2.894247e-01
1170, 6.072645e-01, 6.694573e-01
1171, 6.073110e-01, 8.390286e-01
1172, 6.074016e-01, 3.413702e-01
1173, 6.083287e-01, 2.646278e-01
1174, 6.084345e-01, 4.041837e-01
1175, 6.088432e-01, 4.473749e-01
1176, 6.088909e-01, 4.446150e-01
1177, 6.089263e-01, 1.987857e-01
1178, 6.089426e-01, 6.983224e-01
1179, 6.091450e-01, 7.493829e-01
1180, 6.099039e-01, 5.210466e-01
1181, 6.102575e-01, 2.259973e-01
1182, 6.103019e-01, 7.823136e-01
1183, 6.103563e-01, 8.417563e-01
1184, 6.105055e-01, 6.413475e-01
1185, 6.108724e-01, 2.603245e-01
1186, 6.109766e-01, 3.160953e-01
1187, 6.111555e-01, 4.322884e-01
1188, 6.118503e-01, 6.074750e-01
1189, 6.119468e-01, 7.530578e-01
1190, 6.120249e-01, 8.117578e-01
1191, 6.120852e-01, 3.474742e-01
1192, 6.129785e-01, 3.744245e-01
1193, 6.131491e-01, 5.816908e-01
1194, 6.134296e-01, 4.925495e-01
1195, 6.174166e-01, 2.260312e-01
1196, 6.179377e-01, 5.538664e-01
1197, 6.181538e-01, 6.921069e-01
1198, 6.183648e-01, 8.441435e-01
1199, 6.188541e-01, 5.802726e-01
1200, 6.192128e-01, 2.598290e-01
1201, 6.204653e-01, 5.226722e-01
1202, 6.207509e-01, 3.463903e-01
1203, 6.211071e-01, 4.914344e-01
1204, 6.215513e-01, 2.216710e-01
1205, 6.217294e-01, 6.405335e-01
1206, 6.217751e-01, 7.297045e-01
1207, 6.223990e-01, 2.004195e-01
1208, 6.228119e-01, 4.296041e-01
1209, 6.230600e-01, 6.090728e-01
1210, 6.234314e-01, 2.631781e-01
1211, 6.235208e-01, 7.803149e-01
1212, 6.238044e-01, 4.047373e-01
1213, 6.239480e-01, 8.116296e-01
1214, 6.246961e-01, 5.178519e-01
1215, 6.252159e-01, 1.709138e-01
1216, 6.252549e-01, 2.893638e-01
1217, 6.253524e-01, 7.560250e-01
1218, 6.254270e-01, 2.102841e-01
1219, 6.257991e-01, 5.469927e-01
1220, 6.258692e-01, 2.400063e-01
1221, 6.258907e-01, 6.665782e-01
1222, 6.264060e-01, 3.148864e-01
1223, 6.266392e-01, 2.833054e-01
1224, 6.267246e-01, 5.005733e-01
1225, 6.268542e-01, 7.325886e-01
1226, 6.270209e-01, 3.771115e-01
1227, 6.273811e-01, 5.682058e-01
1228, 6.279069e-01, 6.848099e-01
1229, 6.282344e-01, 6.176727e-01
1230, 6.284388e-01, 3.187508e-01
1231, 6.287155e-01, 4.221662e-01
1232, 6.287793e-01, 8.137675e-01
1233, 6.289255e-01, 4.001456e-01
1234, 6.289950e-01, 1.628506e-01
1235, 6.291971e-01, 6.810562e-01
1236, 6.300383e-01, 7.419465e-01
1237, 6.303183e-01, 4.815878e-01
1238, 6.305115e-01, 5.372767e-01
1239, 6.308917e-01, 7.874560e-01
1240, 6.311857e-01, 3.852997e-01
1241, 6.314661e-01, 4.537547e-01
1242, 6.317573e-01, 4.422655e-01
1243, 6.320136e-01, 6.004619e-01
1244, 6.327128e-01, 3.677211e-01
1245, 6.330719e-01, 8.231419e-01
1246, 6.340034e-01, 1.856277e-01
1247, 6.342306e-01, 3.008644e-01
1248, 6.348855e-01, 7.075192e-01
1249, 6.354810e-01, 6.524727e-01
1250, 6.391653e-01, 6.525816e-01
1251, 6.401088e-01, 1.865068e-01
1252, 6.420124e-01, 2.665380e-01
1253, 6.427902e-01, 2.692532e-01
1254, 6.435309e-01, 5.366113e-01
1255, 6.436146e-01, 7.289171e-01
1256, 6.441867e-01, 5.674739e-01
1257, 6.442941e-01, 5.975773e-01
1258, 6.444424e-01, 2.998493e-01
1259, 6.445561e-01, 5.637629e-01
1260, 6.448206e-01, 5.037205e-01
1261, 6.451095e-01, 2.401478e-01
1262, 6.451807e-01, 7.089504e-01
1263, 6.454714e-01, 8.270637e-01
1264, 6.460552e-01, 3.254279e-01
1265, 6.465003e-01, 3.635861e-01
1266, 6.467954e-01, 5.119920e-01
1267, 6.468279e-01, 2.606376e-01
1268, 6.473841e-01, 3.878474e-01
1269, 6.481801e-01, 5.722417e-01
1270, 6.485170e-01, 4.856230e-01
1271, 6.485216e-01, 1.632205e-01
1272, 6.485476e-01, 1.549565e-01
1273, 6.488910e-01, 2.260182e-01
1274, 6.490891e-01, 7.195691e-01
1275, 6.496295e-01, 6.670330e-01
1276, 6.496706e-01, 8.012698e-01
1277, 6.501406e-01, 6.948950e-01
1278, 6.506220e-01, 7.884317e-01
1279, 6.508653e-01, 3.433913e-01
1280, 6.512688e-01, 4.047952e-01
1281, 6.513167e-01, 1.656304e-01
1282, 6.515682e-01, 4.258629e-01
1283, 6.518250e-01, 4.529226e-01
1284, 6.518960e-01, 2.344639e-01
1285, 6.521278e-01, 8.417488e-01
1286, 6.524339e-01, 6.983235e-01
1287, 6.529178e-01, 5.481351e-01
1288, 6.531461e-01, 4.278594e-01
1289, 6.532866e-01, 5.189164e-01
1290, 6.533592e-01, 3.408013e-01
1291, 6.535506e-01, 4.068359e-01
1292, 6.544562e-01, 2.019929e-01
1293, 6.548948e-01, 4.553238e-01
1294, 6.550781e-01, 6.068823e-01
1295, 6.556839e-01, 3.132878e-01
1296, 6.557110e-01, 2.843459e-01
1297, 6.560662e-01, 6.378650e-01
1298, 6.576182e-01, 8.129480e-01
1299, 6.576462e-01, 6.703107e-01
1300, 6.587203e-01, 1.663625e-01
1301, 6.596965e-01, 3.755786e-01
1302, 6.613121e-01, 4.295631e-01
1303, 6.614970e-01, 2.016130e-01
1304, 6.616074e-01, 8.423397e-01
1305, 6.619697e-01, 4.041378e-01
1306, 6.621065e-01, 4.560785e-01
1307, 6.625335e-01, 3.390859e-01
1308, 6.626960e-01, 6.071737e-01
1309, 6.628805e-01, 5.190792e-01
1310, 6.632805e-01, 7.830476e-01
1311, 6.633480e-01, 7.501366e-01
1312, 6.638905e-01, 6.387972e-01
1313, 6.645394e-01, 6.969764e-01
1314, 6.653257e-01, 3.420642e-01
1315, 6.653787e-01, 3.163720e-01
1316, 6.654303e-01, 2.826805e-01
1317, 6.656371e-01, 8.153626e-01
1318, 6.656468e-01, 4.857483e-01
1319, 6.661741e-01, 7.219694e-01
1320, 6.662730e-01, 5.480346e-01
1321, 6.663652e-01, 3.759837e-01
1322, 6.667301e-01, 5.149799e-01
1323, 6.669344e-01, 6.703474e-01
1324, 6.672360e-01, 5.705040e-01
1325, 6.678165e-01, 6.156982e-01
1326, 6.681089e-01, 2.567876e-01
1327, 6.685849e-01, 1.740548e-01
1328, 6.688627e-01, 6.843680e-01
1329, 6.689532e-01, 3.792600e-01
1330, 6.690157e-01, 3.958585e-01
1331, 6.692366e-01, 6.679656e-01
1332, 6.696469e-01, 7.431696e-01
1333, 6.696660e-01, 6.324788e-01
1334, 6.701909e-01, 4.448717e-01
1335, 6.702349e-01, 7.340886e-01
1336, 6.703868e-01, 2.634218e-01
1337, 6.704422e-01, 3.252223e-01
1338, 6.705837e-01, 2.100880e-01
1339, 6.720950e-01, 2.444362e-01
1340, 6.721514e-01, 5.583439e-01
1341, 6.723153e-01, 2.874293e-01
1342, 6.723425e-01, 1.848626e-01
1343, 6.726905e-01, 7.714475e-01
1344, 6.729846e-01, 8.291462e-01
1345, 6.730330e-01, 6.547398e-01
1346, 6.732486e-01, 5.368076e-01
1347, 6.734965e-01, 7.075598e-01
1348, 6.735319e-01, 4.990670e-01
1349, 6.754922e-01, 3.638682e-01
1350, 6.756973e-01, 4.739964e-01
1351, 6.757137e-01, 4.214029e-01
1352, 6.759965e-01, 2.981587e-01
1353, 6.782865e-01, 5.958019e-01
1354, 6.804380e-01, 8.022352e-01
1355, 6.838257e-01, 4.439627e-01
1356, 6.839053e-01, 2.107069e-01
1357, 6.845852e-01, 6.298973e-01
1358, 6.848815e-01, 6.188236e-01
1359, 6.851716e-01, 7.064949e-01
1360, 6.854024e-01, 7.717354e-01
1361, 6.855501e-01, 8.311307e-01
1362, 6.863296e-01, 3.259147e-01
1363, 6.864797e-01, 2.459576e-01
1364, 6.864895e-01, 1.533829e-01
1365, 6.866391e-01, 1.611899e-01
1366, 6.867939e-01, 5.956302e-01
1367, 6.869829e-01, 6.506206e-01
1368, 6.874909e-01, 5.061236e-01
1369, 6.875279e-01, 5.580223e-01
1370, 6.875432e-01, 5.037327e-01
1371, 6.877718e-01, 4.497715e-01
1372, 6.879219e-01, 3.641321e-01
1373, 6.880879e-01, 4.221295e-01
1374, 6.881266e-01, 8.020956e-01
1375, 6.889031e-01, 2.661686e-01
1376, 6.894239e-01, 2.222380e-01
1377, 6.897402e-01, 1.861063e-01
1378, 6.899391e-01, 5.360472e-01
1379, 6.911736e-01, 4.750385e-01
1380, 6.912464e-01, 3.019115e-01
1381, 6.914904e-01, 7.455464e-01
1382, 6.915295e-01, 3.396161e-01
1383, 6.916736e-01, 8.476589e-01
1384, 6.921873e-01, 4.282252e-01
1385, 6.929196e-01, 6.048469e-01
1386, 6.930852e-01, 4.011110e-01
1387, 6.933211e-01, 6.745670e-01
1388, 6.935017e-01, 2.816660e-01
1389, 6.936710e-01, 6.367887e-01
1390, 6.937376e-01, 8.436383e-01
1391, 6.939992e-01, 6.918151e-01
1392, 6.942582e-01, 5.481688e-01
1393, 6.947665e-01, 5.776570e-01
1394, 6.949640e-01, 4.027711e-01
1395, 6.951620e-01, 1.720888e-01
1396, 6.951653e-01, 7.528116e-01
1397, 6.954219e-01, 2.546118e-01
1398, 6.956063e-01, 7.819758e-01
1399, 6.958986e-01, 7.333253e-01
1400, 6.960197e-01, 8.105867e-01
1401, 6.965735e-01, 3.458299e-01
1402, 6.969455e-01, 2.836611e-01
1403, 6.972979e-01, 5.809718e-01
1404, 6.975535e-01, 4.927048e-01
1405, 6.979201e-01, 3.149306e-01
1406, 6.980136e-01, 1.982192e-01
1407, 6.980249e-01, 5.256014e-01
1408, 6.982365e-01, 2.278039e-01
1409, 7.020085e-01, 3.457691e-01
1410, 7.022944e-01, 4.628429e-01
1411, 7.030075e-01, 1.702406e-01
1412, 7.030864e-01, 7.246035e-01
1413, 7.031361e-01, 7.221978e-01
1414, 7.038685e-01, 6.652234e-01
1415, 7.048388e-01, 5.807605e-01
1416, 7.055591e-01, 2.003592e-01
1417, 7.057005e-01, 7.821411e-01
1418, 7.066018e-01, 2.262857e-01
1419, 7.067459e-01, 3.777763e-01
1420, 7.070313e-01, 5.495294e-01
1421, 7.073244e-01, 6.087489e-01
1422, 7.075123e-01, 3.800281e-01
1423, 7.075413e-01, 2.550379e-01
1424, 7.076840e-01, 4.328748e-01
1425, 7.080316e-01, 6.947238e-01
1426, 7.082217e-01, 6.343024e-01
1427, 7.083779e-01, 7.546000e-01
1428, 7.084133e-01, 8.430161e-01
1429, 7.090141e-01, 3.162103e-01
1430, 7.096109e-01, 6.319860e-01
1431, 7.096392e-01, 2.127395e-01
1432, 7.097463e-01, 4.603534e-01
1433, 7.098396e-01, 8.449627e-01
1434, 7.106249e-01, 5.252314e-01
1435, 7.106654e-01, 2.585068e-01
1436, 7.109758e-01, 6.129738e-01
1437, 7.113688e-01, 7.887437e-01
1438, 7.116156e-01, 4.579139e-01
1439, 7.117610e-01, 7.109013e-01
1440, 7.119156e-01, 2.322015e-01
1441, 7.119351e-01, 7.332516e-01
1442, 7.124525e-01, 2.422664e-01
1443, 7.126449e-01, 5.912733e-01
1444, 7.127404e-01, 4.484045e-01
1445, 7.128761e-01, 6.743523e-01
1446, 7.134530e-01, 8.327055e-01
1447, 7.136013e-01, 7.705155e-01
1448, 7.136731e-01, 6.884220e-01
1449, 7.137777e-01, 7.481625e-01
1450, 7.141357e-01, 1.558716e-01
1451, 7.142206e-01, 5.696386e-01
1452, 7.142275e-01, 3.355081e-01
1453, 7.146906e-01, 3.676626e-01
1454, 7.150121e-01, 5.624254e-01
1455, 7.154043e-01, 6.497120e-01
1456, 7.155849e-01, 3.247780e-01
1457, 7.167552e-01, 1.914471e-01
1458, 7.169446e-01, 3.051480e-01
1459, 7.175816e-01, 4.225457e-01
1460, 7.187334e-01, 4.762065e-01
1461, 7.187810e-01, 5.332407e-01
1462, 7.255628e-01, 6.517181e-01
1463, 7.264580e-01, 7.112567e-01
1464, 7.279031e-01, 1.892628e-01
1465, 7.287096e-01, 5.060617e-01
1466, 7.288208e-01, 5.013650e-01
1467, 7.293005e-01, 3.011497e-01
1468, 7.299624e-01, 4.204678e-01
1469, 7.299655e-01, 2.480913e-01
1470, 7.306189e-01, 5.955791e-01
1471, 7.310039e-01, 8.271145e-01
1472, 7.315255e-01, 2.823585e-01
1473, 7.319611e-01, 4.782854e-01
1474, 7.320680e-01, 5.567917e-01
1475, 7.324257e-01, 5.694363e-01
1476, 7.325084e-01, 2.588736e-01
1477, 7.328175e-01, 7.734142e-01
1478, 7.329592e-01, 3.610271e-01
1479, 7.334778e-01, 6.902474e-01
1480, 7.340386e-01, 3.252483e-01
1481, 7.341947e-01, 6.659682e-01
1482, 7.346476e-01, 5.515671e-01
1483, 7.347460e-01, 8.150400e-01
1484, 7.351739e-01, 7.860711e-01
1485, 7.352458e-01, 4.023951e-01
1486, 7.355206e-01, 3.479937e-01
1487, 7.361403e-01, 2.611549e-01
1488, 7.363897e-01, 2.901479e-01
1489, 7.365021e-01, 5.229120e-01
1490, 7.365229e-01, 6.293788e-01
1491, 7.365324e-01, 3.891563e-01
1492, 7.367599e-01, 4.051501e-01
1493, 7.369087e-01, 6.074790e-01
1494, 7.369545e-01, 2.182131e-01
1495, 7.369888e-01, 7.320314e-01
1496, 7.371576e-01, 1.730337e-01
1497, 7.378187e-01, 3.453893e-01
1498, 7.379046e-01, 7.818085e-01
1499, 7.379229e-01, 6.680575e-01
1500, 7.379430e-01, 7.296240e-01
1501, 7.383232e-01, 6.330782e-01
1502, 7.390374e-01, 6.971902e-01
1503, 7.391305e-01, 5.778292e-01
1504, 7.391574e-01, 6.086893e-01
1505, 7.392172e-01, 4.930033e-01
1506, 7.398263e-01, 7.467216e-01
1507, 7.399144e-01, 4.595769e-01
1508, 7.408849e-01, 8.101645e-01
1509, 7.414332e-01, 2.028948e-01
1510, 7.415258e-01, 4.363666e-01
1511, 7.426360e-01, 8.414330e-01
1512, 7.428859e-01, 3.714416e-01
1513, 7.429433e-01, 7.500451e-01
1514, 7.439826e-01, 3.766312e-01
1515, 7.459201e-01, 6.981840e-01
1516, 7.463079e-01, 4.935188e-01
1517, 7.463364e-01, 6.355704e-01
1518, 7.469531e-01, 2.319296e-01
1519, 7.471920e-01, 6.069406e-01
1520, 7.477605e-01, 4.349989e-01
1521, 7.479238e-01, 8.409394e-01
1522, 7.480253e-01, 2.589044e-01
1523, 7.484771e-01, 5.790091e-01
1524, 7.489302e-01, 7.513976e-01
1525, 7.491576e-01, 2.930706e-01
1526, 7.507011e-01, 7.794243e-01
1527, 7.512687e-01, 6.108857e-01
1528, 7.512837e-01, 7.495712e-01
1529, 7.521131e-01, 6.670036e-01
1530, 7.521365e-01, 2.469636e-01
1531, 7.529914e-01, 2.990613e-01
1532, 7.531533e-01, 7.221554e-01
1533, 7.532753e-01, 4.085129e-01
1534, 7.537827e-01, 1.762811e-01
1535, 7.537953e-01, 5.272221e-01
1536, 7.538199e-01, 8.122589e-01
1537, 7.539051e-01, 1.987219e-01
1538, 7.541204e-01, 4.999333e-01
1539, 7.541580e-01, 8.452954e-01
1540, 7.543663e-01, 5.962573e-01
1541, 7.544413e-01, 6.705394e-01
1542, 7.547726e-01, 2.656207e-01
1543, 7.549261e-01, 2.803234e-01
1544, 7.553630e-01, 3.821490e-01
1545, 7.554018e-01, 4.638319e-01
1546, 7.554292e-01, 5.704359e-01
1547, 7.557383e-01, 5.259733e-01
1548, 7.563321e-01, 7.164406e-01
1549, 7.566315e-01, 3.423595e-01
1550, 7.569673e-01, 1.692628e-01
1551, 7.571450e-01, 6.875640e-01
1552, 7.574419e-01, 5.206073e-01
1553, 7.577323e-01, 6.564571e-01
1554, 7.579357e-01, 3.618145e-01
1555, 7.582577e-01, 4.422618e-01
1556, 7.584050e-01, 6.266598e-01
1557, 7.586699e-01, 3.292558e-01
1558, 7.586918e-01, 4.155843e-01
1559, 7.587288e-01, 8.225906e-01
1560, 7.588728e-01, 7.670926e-01
1561, 7.589981e-01, 7.902409e-01
1562, 7.591534e-01, 2.251294e-01
1563, 7.592435e-01, 4.715994e-01
1564, 7.600092e-01, 8.058040e-01
1565, 7.602342e-01, 7.349860e-01
1566, 7.604376e-01, 1.881577e-01
1567, 7.628708e-01, 4.559051e-01
1568, 7.631542e-01, 2.108955e-01
1569, 7.678420e-01, 1.888651e-01
1570, 7.685699e-01, 5.304409e-01
1571, 7.690155e-01, 5.949194e-01
1572, 7.693766e-01, 7.660665e-01
1573, 7.696974e-01, 3.004255e-01
1574, 7.706503e-01, 2.114703e-01
1575, 7.719443e-01, 4.559434e-01
1576, 7.720220e-01, 4.169985e-01
1577, 7.721190e-01, 8.287920e-01
1578, 7.722457e-01, 4.967581e-01
1579, 7.726768e-01, 7.353142e-01
1580, 7.728455e-01, 5.514501e-01
1581, 7.730806e-01, 6.497675e-01
1582, 7.733214e-01, 5.118626e-01
1583, 7.742783e-01, 7.147532e-01
1584, 7.744444e-01, 8.041968e-01
1585, 7.744973e-01, 3.703243e-01
1586, 7.746275e-01, 3.822124e-01
1587, 7.747036e-01, 6.318386e-01
1588, 7.747621e-01, 1.596031e-01
1589, 7.748269e-01, 2.888611e-01
1590, 7.748478e-01, 8.380239e-01
1591, 7.748942e-01, 5.673209e-01
1592, 7.750477e-01, 7.481025e-01
1593, 7.750623e-01, 2.466010e-01
1594, 7.751928e-01, 3.872844e-01
1595, 7.753361e-01, 7.917694e-01
1596, 7.756876e-01, 2.918138e-01
1597, 7.757981e-01, 6.903309e-01
1598, 7.762361e-01, 3.790036e-01
1599, 7.766307e-01, 7.504551e-01
1600, 7.771073e-01, 8.399495e-01
1601, 7.771110e-01, 6.927789e-01
1602, 7.773074e-01, 4.770993e-01
1603, 7.773624e-01, 5.564715e-01
1604, 7.777264e-01, 6.801011e-01
1605, 7.780219e-01, 2.275844e-01
1606, 7.780980e-01, 6.367420e-01
1607, 7.781960e-01, 6.135784e-01
1608, 7.787400e-01, 1.997763e-01
1609, 7.791991e-01, 3.177305e-01
1610, 7.794884e-01, 4.353647e-01
1611, 7.798023e-01, 3.481929e-01
1612, 7.806036e-01, 4.640094e-01
1613, 7.806236e-01, 7.216374e-01
1614, 7.811121e-01, 5.764933e-01
1615, 7.811483e-01, 4.336283e-01
1616, 7.813613e-01, 4.850273e-01
1617, 7.817285e-01, 6.092699e-01
1618, 7.825979e-01, 2.307587e-01
1619, 7.826277e-01, 3.520604e-01
1620, 7.830221e-01, 4.036473e-01
1621, 7.833957e-01, 8.139556e-01
1622, 7.837757e-01, 7.797623e-01
1623, 7.854625e-01, 3.204252e-01
1624, 7.854848e-01, 5.226193e-01
1625, 7.868394e-01, 2.299109e-01
1626, 7.869537e-01, 6.697204e-01
1627, 7.877286e-01, 1.692096e-01
1628, 7.890854e-01, 8.145445e-01
1629, 7.899704e-01, 2.925717e-01
1630, 7.900227e-01, 7.499524e-01
1631, 7.907531e-01, 5.231391e-01
1632, 7.909483e-01, 2.608498e-01
1633, 7.910150e-01, 7.227608e-01
1634, 7.916248e-01, 3.155614e-01
1635, 7.918887e-01, 6.084438e-01
1636, 7.921956e-01, 6.693423e-01
1637, 7.927604e-01, 1.691410e-01
1638, 7.932127e-01, 6.348155e-01
1639, 7.933008e-01, 8.392293e-01
1640, 7.933213e-01, 6.959119e-01
1641, 7.940230e-01, 4.356438e-01
1642, 7.941591e-01, 5.513939e-01
1643, 7.941722e-01, 2.018041e-01
1644, 7.942278e-01, 5.198770e-01
1645, 7.945076e-01, 5.793094e-01
1646, 7.945647e-01, 3.528687e-01
1647, 7.947149e-01, 4.583920e-01
1648, 7.951727e-01, 7.444536e-01
1649, 7.956341e-01, 2.049391e-01
1650, 7.958918e-01, 2.344795e-01
1651, 7.959324e-01, 6.315875e-01
1652, 7.959793e-01, 7.294072e-01
1653, 7.960663e-01, 4.879296e-01
1654, 7.961146e-01, 3.050291e-01
1655, 7.964926e-01, 2.659350e-01
1656, 7.965966e-01, 5.537146e-01
1657, 7.968834e-01, 7.788774e-01
1658, 7.970796e-01, 3.744860e-01
1659, 7.971207e-01, 4.064000e-01
1660, 7.972014e-01, 1.629052e-01
1661, 7.973712e-01, 6.148989e-01
1662, 7.974318e-01, 2.812807e-01
1663, 7.974766e-01, 8.443569e-01
1664, 7.976436e-01, 7.150210e-01
1665, 7.980242e-01, 4.858476e-01
1666, 7.984934e-01, 5.725392e-01
1667, 7.985827e-01, 8.232461e-01
1668, 7.989932e-01, 6.639761e-01
1669, 7.991307e-01, 5.348743e-01
1670, 7.993591e-01, 7.738692e-01
1671, 7.995410e-01, 2.435694e-01
1672, 7.997657e-01, 4.946000e-01
1673, 7.997815e-01, 4.317951e-01
1674, 8.015639e-01, 5.897253e-01
1675, 8.016192e-01, 1.868861e-01
1676, 8.019973e-01, 3.639758e-01
1677, 8.043047e-01, 7.922865e-01
1678, 8.046926e-01, 7.894759e-01
1679, 8.048141e-01, 4.162521e-01
1680, 8.055173e-01, 3.399666e-01
1681, 8.056633e-01, 6.852279e-01
1682, 8.059443e-01, 6.500303e-01
1683, 8.091992e-01, 5.903899e-01
1684, 8.093118e-01, 3.913290e-01
1685, 8.096769e-01, 3.853440e-01
1686, 8.102840e-01, 7.321330e-01
1687, 8.121457e-01, 7.464059e-01
1688, 8.132982e-01, 1.604447e-01
1689, 8.134090e-01, 7.895617e-01
1690, 8.138008e-01, 8.201176e-01
1691, 8.150201e-01, 6.853186e-01
1692, 8.152930e-01, 2.676114e-01
1693, 8.158894e-01, 7.646125e-01
1694, 8.162722e-01, 2.463912e-01
1695, 8.162941e-01, 5.580769e-01
1696, 8.164224e-01, 7.131009e-01
1697, 8.164826e-01, 5.328365e-01
1698, 8.165351e-01, 3.043810e-01
1699, 8.165376e-01, 5.636876e-01
1700, 8.167858e-01, 6.148076e-01
1701, 8.170028e-01, 2.123979e-01
1702, 8.171495e-01, 6.327004e-01
1703, 8.174094e-01, 1.874730e-01
1704, 8.174427e-01, 3.645020e-01
1705, 8.182857e-01, 8.149165e-01
1706, 8.182870e-01, 4.591901e-01
1707, 8.185857e-01, 4.387302e-01
1708, 8.186214e-01, 2.230962e-01
1709, 8.186539e-01, 6.760985e-01
1710, 8.190842e-01, 2.795721e-01
1711, 8.191282e-01, 4.130109e-01
1712, 8.195540e-01, 3.388074e-01
1713, 8.198725e-01, 7.552731e-01
1714, 8.201594e-01, 8.470071e-01
1715, 8.203293e-01, 6.462461e-01
1716, 8.204986e-01, 4.796144e-01
1717, 8.206781e-01, 5.506140e-01
1718, 8.206804e-01, 5.255906e-01
1719, 8.210084e-01, 6.096690e-01
1720, 8.210163e-01, 2.599105e-01
1721, 8.210196e-01, 5.003985e-01
1722, 8.220266e-01, 4.630521e-01
1723, 8.221870e-01, 6.931380e-01
1724, 8.223293e-01, 3.741551e-01
1725, 8.226554e-01, 7.200228e-01
1726, 8.227446e-01, 6.412446e-01
1727, 8.233368e-01, 5.234268e-01
1728, 8.233503e-01, 1.735766e-01
1729, 8.233659e-01, 8.446760e-01
1730, 8.234634e-01, 4.065335e-01
1731, 8.236861e-01, 3.446168e-01
1732, 8.239187e-01, 5.757481e-01
1733, 8.250105e-01, 1.992211e-01
1734, 8.267390e-01, 7.814486e-01
1735, 8.270677e-01, 2.872803e-01
1736, 8.275983e-01, 3.761131e-01
1737, 8.287919e-01, 2.333624e-01
1738, 8.288935e-01, 4.881750e-01
1739, 8.289857e-01, 4.322750e-01
1740, 8.291177e-01, 6.672903e-01
1741, 8.314995e-01, 7.203907e-01
1742, 8.322218e-01, 7.529364e-01
1743, 8.334694e-01, 4.019998e-01
1744, 8.336144e-01, 3.159783e-01
1745, 8.336517e-01, 7.820421e-01
1746, 8.339322e-01, 8.446249e-01
1747, 8.340009e-01, 2.347541e-01
1748, 8.346072e-01, 3.463366e-01
1749, 8.346475e-01, 2.585272e-01
1750, 8.347291e-01, 3.872032e-01
1751, 8.348741e-01, 8.140863e-01
1752, 8.349148e-01, 4.870038e-01
1753, 8.362124e-01, 7.292533e-01
1754, 8.363871e-01, 6.943317e-01
1755, 8.364107e-01, 6.381549e-01
1756, 8.365904e-01, 2.378849e-01
1757, 8.370218e-01, 8.467240e-01
1758, 8.371387e-01, 3.971410e-01
1759, 8.372653e-01, 5.782762e-01
1760, 8.378017e-01, 6.918804e-01
1761, 8.378256e-01, 3.078924e-01
1762, 8.382520e-01, 5.257000e-01
1763, 8.384881e-01, 5.509861e-01
1764, 8.385518e-01, 2.768832e-01
1765, 8.387117e-01, 7.424804e-01
1766, 8.389593e-01, 6.077560e-01
1767, 8.391161e-01, 4.614683e-01
1768, 8.392826e-01, 6.337475e-01
1769, 8.394943e-01, 1.984006e-01
1770, 8.395924e-01, 6.705312e-01
1771, 8.397402e-01, 8.211510e-01
1772, 8.399286e-01, 2.642680e-01
1773, 8.401378e-01, 4.808723e-01
1774, 8.406594e-01, 7.768887e-01
1775, 8.409588e-01, 2.264037e-01
1776, 8.413023e-01, 1.708406e-01
1777, 8.414326e-01, 7.075869e-01
1778, 8.414760e-01, 3.415985e-01
1779, 8.415940e-01, 8.037690e-01
1780, 8.421966e-01, 2.008162e-01
1781, 8.434972e-01, 4.938828e-01
1782, 8.437933e-01, 7.660723e-01
1783, 8.438926e-01, 1.660522e-01
1784, 8.439968e-01, 4.563380e-01
1785, 8.440003e-01, 6.184384e-01
1786, 8.443820e-01, 5.593199e-01
1787, 8.444321e-01, 5.987446e-01
1788, 8.447098e-01, 3.249446e-01
1789, 8.449574e-01, 5.696550e-01
1790, 8.455056e-01, 5.337478e-01
1791, 8.466849e-01, 1.810207e-01
1792, 8.472791e-01, 5.159618e-01
1793, 8.479380e-01, 3.625017e-01
1794, 4.915547e-01, 1.735777e-01
1795, 1.720107e-01, 1.848338e-01
1796, 1.825225e-01, 2.046036e-01
1797, 2.850619e-01, 2.059266e-01
1798, 5.386382e-01, 2.251714e-01
1799, 6.681917e-01, 2.380929e-01
1800, 7.384659e-01, 2.286550e-01
1801, 3.119192e-01, 2.609606e-01
1802, 7.790350e-01, 2.614879e-01
1803, 7.064907e-01, 2.812555e-01
1804, 2.860132e-01, 2.869356e-01
1805, 3.838237e-01, 3.053247e-01
1806, 5.984456e-01, 2.994491e-01
1807, 7.436312e-01, 3.154738e-01
1808, 8.244270e-01, 3.205479e-01
1809, 1.536215e-01, 3.397790e-01
1810, 3.636608e-01, 3.509048e-01
1811, 1.991243e-01, 3.733163e-01
1812, 2.397453e-01, 3.770913e-01
1813, 3.323426e-01, 3.751763e-01
1814, 4.354732e-01, 3.757652e-01
1815, 5.675846e-01, 3.777683e-01
1816, 6.943189e-01, 3.751796e-01
1817, 1.904969e-01, 4.075180e-01
1818, 5.615301e-01, 4.078622e-01
1819, 7.070665e-01, 3.973415e-01
1820, 8.400254e-01, 4.351187e-01
1821, 2.900904e-01, 4.502936e-01
1822, 6.217272e-01, 4.607232e-01
1823, 3.811075e-01, 4.757440e-01
1824, 7.105916e-01, 4.946216e-01
1825, 4.313247e-01, 5.093113e-01
1826, 4.022121e-01, 5.454450e-01
1827, 2.281782e-01, 5.517539e-01
1828, 6.082622e-01, 5.546689e-01
1829, 7.483869e-01, 5.473693e-01
1830, 3.259469e-01, 5.750142e-01
1831, 3.257155e-01, 6.354539e-01
1832, 1.831043e-01, 6.341459e-01
1833, 2.368079e-01, 6.656906e-01
1834, 3.300541e-01, 6.994726e-01
1835, 5.695329e-01, 7.227815e-01
1836, 5.484824e-01, 7.371652e-01
1837, 6.131148e-01, 7.287625e-01
1838, 1.855668e-01, 7.471168e-01
1839, 4.552956e-01, 7.505076e-01
1840, 1.579284e-01, 7.524036e-01
1841, 4.029223e-01, 7.528348e-01
1842, 6.499523e-01, 7.496409e-01
1843, 6.347801e-01, 7.643514e-01
1844, 4.960368e-01, 7.852271e-01
1845, 4.739440e-01, 7.952941e-01
1846, 3.259010e-01, 8.069497e-01
1847, 7.054208e-01, 8.100548e-01
1848, 1.628357e-01, 1.500000e-01
1849, 2.057343e-01, 1.500000e-01
1850, 1.816675e-01, 1.500000e-01
1851, 2.121451e-01, 1.500000e-01
1852, 2.263778e-01, 1.500000e-01
1853, 2.529678e-01, 1.500000e-01
1854, 2.927002e-01, 1.500000e-01
1855, 2.669307e-01, 1.500000e-01
1856, 3.034997e-01, 1.500000e-01
1857, 3.271459e-01, 1.500000e-01
1858, 3.075006e-01, 1.500000e-01
1859, 3.443862e-01, 1.500000e-01
1860, 3.513782e-01, 1.500000e-01
1861, 3.785897e-01, 1.500000e-01
1862, 3.726607e-01, 1.500000e-01
1863, 4.005988e-01, 1.500000e-01
1864, 4.155618e-01, 1.500000e-01
1865, 4.073380e-01, 1.500000e-01
1866, 4.341797e-01, 1.500000e-01
1867, 4.520528e-01, 1.500000e-01
1868, 4.789662e-01, 1.500000e-01
1869, 5.040333e-01, 1.500000e-01
1870, 5.163874e-01, 1.500000e-01
1871, 5.476697e-01, 1.500000e-01
1872, 5.605975e-01, 1.500000e-01
1873, 5.842181e-01, 1.500000e-01
1874, 6.109487e-01, 1.500000e-01
1875, 6.418796e-01, 1.500000e-01
1876, 6.235441e-01, 1.500000e-01
1877, 6.509413e-01, 1.500000e-01
1878, 6.779369e-01, 1.500000e-01
1879, 6.684505e-01, 1.500000e-01
1880, 6.896318e-01, 1.500000e-01
1881, 7.143455e-01, 1.500000e-01
1882, 7.402049e-01, 1.500000e-01
1883, 7.675238e-01, 1.500000e-01
1884, 7.510560e-01, 1.500000e-01
1885, 7.954889e-01, 1.500000e-01
1886, 8.165404e-01, 1.500000e-01
1887, 8.395017e-01, 1.500000e-01
1888, 8.500000e-01, 1.634092e-01
1889, 1.500000e-01, 1.718851e-01
1890, 8.500000e-01, 1.809364e-01
1891, 1.500000e-01, 2.024615e-01
1892, 8.500000e-01, 2.022093e-01
1893, 8.500000e-01, 2.254051e-01
1894, 1.500000e-01, 2.248332e-01
1895, 1.500000e-01, 2.578643e-01
1896, 8.500000e-01, 2.407603e-01
1897, 1.500000e-01, 2.598871e-01
1898, 8.500000e-01, 2.623684e-01
1899, 8.500000e-01, 2.808417e-01
1900, 1.500000e-01, 2.861623e-01
1901, 8.500000e-01, 3.051941e-01
1902, 1.500000e-01, 3.131036e-01
1903, 8.500000e-01, 3.252214e-01
1904, 8.500000e-01, 3.424327e-01
1905, 1.500000e-01, 3.409553e-01
1906, 8.500000e-01, 3.628645e-01
1907, 1.500000e-01, 3.747990e-01
1908, 8.500000e-01, 3.784078e-01
1909, 8.500000e-01, 3.986707e-01
1910, 1.500000e-01, 4.080987e-01
1911, 8.500000e-01, 4.202240e-01
1912, 8.500000e-01, 4.225597e-01
1913, 1.500000e-01, 4.385168e-01
1914, 8.500000e-01, 4.389775e-01
1915, 8.500000e-01, 4.560304e-01
1916, 1.500000e-01, 4.620737e-01
1917, 8.500000e-01, 4.814093e-01
1918, 1.500000e-01, 4.850547e-01
1919, 1.500000e-01, 5.193511e-01
1920, 8.500000e-01, 4.961346e-01
1921, 8.500000e-01, 5.146562e-01
1922, 1.500000e-01, 5.200981e-01
1923, 8.500000e-01, 5.342098e-01
1924, 8.500000e-01, 5.571715e-01
1925, 8.500000e-01, 5.697508e-01
1926, 1.500000e-01, 5.788683e-01
1927, 8.500000e-01, 5.986245e-01
1928, 1.500000e-01, 6.070759e-01
1929, 8.500000e-01, 6.195000e-01
1930, 8.500000e-01, 6.349712e-01
1931, 1.500000e-01, 6.381699e-01
1932, 8.500000e-01, 6.519835e-01
1933, 8.500000e-01, 6.549199e-01
1934, 1.500000e-01, 6.635109e-01
1935, 8.500000e-01, 6.744199e-01
1936, 8.500000e-01, 6.908041e-01
1937, 1.500000e-01, 6.969867e-01
1938, 8.500000e-01, 7.087589e-01
1939, 1.500000e-01, 7.229364e-01
1940, 8.500000e-01, 7.337328e-01
1941, 8.500000e-01, 7.416949e-01
1942, 1.500000e-01, 7.535622e-01
1943, 8.500000e-01, 7.638106e-01
1944, 8.500000e-01, 7.823671e-01
1945, 8.500000e-01, 8.022635e-01
1946, 8.500000e-01, 8.228300e-01
1947, 1.500000e-01, 8.425723e-01
1948, 1.639494e-01, 8.500000e-01
1949, 1.776991e-01, 8.500000e-01
1950, 2.140279e-01, 8.500000e-01
1951, 1.981954e-01, 8.500000e-01
1952, 2.279997e-01, 8.500000e-01
1953, 2.446541e-01, 8.500000e-01
1954, 2.651725e-01, 8.500000e-01
1955, 3.008517e-01, 8.500000e-01
1956, 2.866029e-01, 8.500000e-01
1957, 3.075710e-01, 8.500000e-01
1958, 3.273912e-01, 8.500000e-01
1959, 3.740608e-01, 8.500000e-01
1960, 3.949668e-01, 8.500000e-01
1961, 4.193311e-01, 8.500000e-01
1962, 4.379042e-01, 8.500000e-01
1963, 4.739787e-01, 8.500000e-01
1964, 4.542480e-01, 8.500000e-01
1965, 4.833605e-01, 8.500000e-01
1966, 5.474026e-01, 8.500000e-01
1967, 5.248011e-01, 8.500000e-01
1968, 5.486788e-01, 8.500000e-01
1969, 5.793117e-01, 8.500000e-01
1970, 5.692448e-01, 8.500000e-01
1971, 5.905444e-01, 8.500000e-01
1972, 6.071316e-01, 8.500000e-01
1973, 6.369399e-01, 8.500000e-01
1974, 6.195191e-01, 8.500000e-01
1975, 6.450511e-01, 8.500000e-01
1976, 6.658472e-01, 8.500000e-01
1977, 6.804388e-01, 8.500000e-01
1978, 6.913362e-01, 8.500000e-01
1979, 7.100619e-01, 8.500000e-01
1980, 7.545735e-01, 8.500000e-01
1981, 7.756668e-01, 8.500000e-01
1982, 7.968701e-01, 8.500000e-01
1983, 8.194952e-01, 8.500000e-01
1984, 8.500000e-01, 8.437007e-01
1985, 8.379892e-01, 8.500000e-01
1986, 2.488603e-01, 1.503675e-01
1987, 7.735906e-01, 1.503577e-01
1988, 1.501915e-01, 5.475309e-01
1989, 1.500698e-01, 7.871211e-01
1990, 1.507109e-01, 8.150742e-01
1991, 3.500934e-01, 8.497708e-01
1992, 5.091931e-01, 8.496272e-01
1993, 7.372523e-01, 8.495669e-01
