1, 1.532396e-01, 6.518720e-01
2, 1.609387e-01, 5.398225e-01
3, 1.609387e-01, 5.147991e-01
4, 1.668673e-01, 8.195473e-01
5, 1.668673e-01, 8.441443e-01
6, 1.677355e-01, 6.153776e-01
7, 1.677355e-01, 6.435008e-01
8, 1.680300e-01, 3.338068e-01
9, 1.680300e-01, 3.131599e-01
10, 1.695848e-01, 7.375382e-01
11, 1.695848e-01, 7.183417e-01
12, 1.696550e-01, 4.329233e-01
13, 1.696550e-01, 4.135694e-01
14, 1.697013e-01, 2.130933e-01
15, 1.697013e-01, 2.282690e-01
16, 1.791531e-01, 4.080843e-01
17, 1.791531e-01, 3.780329e-01
18, 1.826811e-01, 8.104179e-01
19, 1.826811e-01, 7.794779e-01
20, 1.829558e-01, 7.106201e-01
21, 1.835607e-01, 5.528864e-01
22, 1.850532e-01, 6.535015e-01
23, 1.851715e-01, 3.032609e-01
24, 1.851715e-01, 2.803903e-01
25, 1.855321e-01, 6.051035e-01
26, 1.858300e-01, 2.037821e-01
27, 1.858300e-01, 1.754901e-01
28, 1.863991e-01, 5.001006e-01
29, 1.866339e-01, 7.473807e-01
30, 1.866339e-01, 7.755252e-01
31, 1.877104e-01, 3.694780e-01
32, 1.877104e-01, 3.451684e-01
33, 1.881474e-01, 4.435992e-01
34, 1.888080e-01, 2.767547e-01
35, 1.888080e-01, 2.393028e-01
36, 1.891978e-01, 1.721224e-01
37, 1.962278e-01, 3.096423e-01
38, 1.962278e-01, 3.402540e-01
39, 2.030204e-01, 7.222009e-01
40, 2.030204e-01, 7.379258e-01
41, 2.034477e-01, 4.221066e-01
42, 2.034477e-01, 4.347710e-01
43, 2.048840e-01, 2.147761e-01
44, 2.048840e-01, 2.300242e-01
45, 2.051383e-01, 8.425715e-01
46, 2.051383e-01, 8.233756e-01
47, 2.051408e-01, 6.419075e-01
48, 2.051408e-01, 6.164176e-01
49, 2.077047e-01, 5.389511e-01
50, 2.077047e-01, 5.123938e-01
51, 2.140097e-01, 3.505196e-01
52, 2.140097e-01, 3.694780e-01
53, 2.175854e-01, 7.463342e-01
54, 2.175854e-01, 7.755252e-01
55, 2.184066e-01, 1.721224e-01
56, 2.197673e-01, 6.782342e-01
57, 2.197673e-01, 6.503541e-01
58, 2.198170e-01, 5.783185e-01
59, 2.198170e-01, 6.079449e-01
60, 2.198923e-01, 5.053578e-01
61, 2.198923e-01, 4.789559e-01
62, 2.206617e-01, 2.955320e-01
63, 2.227544e-01, 2.403441e-01
64, 2.230676e-01, 5.478230e-01
65, 2.230676e-01, 5.750678e-01
66, 2.234202e-01, 1.771373e-01
67, 2.234202e-01, 2.040750e-01
68, 2.234545e-01, 4.753927e-01
69, 2.234545e-01, 4.463210e-01
70, 2.251775e-01, 7.094054e-01
71, 2.251775e-01, 6.836444e-01
72, 2.265470e-01, 3.820152e-01
73, 2.265470e-01, 4.087670e-01
74, 2.269429e-01, 7.848852e-01
75, 2.269429e-01, 8.107876e-01
76, 2.353335e-01, 7.152703e-01
77, 2.353335e-01, 7.360881e-01
78, 2.366174e-01, 2.323384e-01
79, 2.366174e-01, 2.116939e-01
80, 2.395353e-01, 4.370375e-01
81, 2.395353e-01, 4.162676e-01
82, 2.412675e-01, 5.176978e-01
83, 2.412675e-01, 5.373129e-01
84, 2.414920e-01, 6.378085e-01
85, 2.414920e-01, 6.204580e-01
86, 2.434252e-01, 8.369213e-01
87, 2.434252e-01, 8.203029e-01
88, 2.483052e-01, 3.307206e-01
89, 2.483052e-01, 3.114958e-01
90, 2.566492e-01, 7.029608e-01
91, 2.576137e-01, 1.995725e-01
92, 2.576137e-01, 1.771373e-01
93, 2.579804e-01, 6.473303e-01
94, 2.580661e-01, 5.079999e-01
95, 2.580963e-01, 2.447422e-01
96, 2.580963e-01, 2.746621e-01
97, 2.589715e-01, 8.113280e-01
98, 2.589715e-01, 7.848852e-01
99, 2.589795e-01, 3.820152e-01
100, 2.589795e-01, 4.050388e-01
101, 2.590839e-01, 4.483231e-01
102, 2.603098e-01, 5.750678e-01
103, 2.603098e-01, 5.483095e-01
104, 2.605897e-01, 1.741605e-01
105, 2.615713e-01, 3.038347e-01
106, 2.615713e-01, 2.781371e-01
107, 2.635631e-01, 6.077161e-01
108, 2.635631e-01, 5.783212e-01
109, 2.661972e-01, 7.776576e-01
110, 2.661972e-01, 7.539059e-01
111, 2.674033e-01, 3.735914e-01
112, 2.674033e-01, 3.417461e-01
113, 2.718526e-01, 6.125017e-01
114, 2.718526e-01, 6.393192e-01
115, 2.764285e-01, 4.151154e-01
116, 2.764285e-01, 4.383100e-01
117, 2.769982e-01, 8.217349e-01
118, 2.769982e-01, 8.405225e-01
119, 2.771237e-01, 5.385997e-01
120, 2.771237e-01, 5.190020e-01
121, 2.783291e-01, 3.354386e-01
122, 2.783291e-01, 3.135121e-01
123, 2.796524e-01, 2.322938e-01
124, 2.796524e-01, 2.122956e-01
125, 2.831282e-01, 7.441315e-01
126, 2.831282e-01, 7.182521e-01
127, 2.911003e-01, 6.823132e-01
128, 2.911003e-01, 7.136483e-01
129, 2.923712e-01, 5.783212e-01
130, 2.923712e-01, 5.474050e-01
131, 2.927162e-01, 4.743745e-01
132, 2.927162e-01, 4.477130e-01
133, 2.936246e-01, 7.501911e-01
134, 2.937297e-01, 2.781371e-01
135, 2.937297e-01, 3.046184e-01
136, 2.943759e-01, 2.037957e-01
137, 2.953507e-01, 5.812998e-01
138, 2.953507e-01, 5.989362e-01
139, 2.953760e-01, 8.111253e-01
140, 2.969483e-01, 3.461876e-01
141, 2.969483e-01, 3.735914e-01
142, 2.970858e-01, 4.031861e-01
143, 2.973346e-01, 2.425050e-01
144, 2.973346e-01, 2.745332e-01
145, 2.991178e-01, 6.742978e-01
146, 2.991178e-01, 6.550645e-01
147, 3.000407e-01, 4.816990e-01
148, 3.000407e-01, 5.057719e-01
149, 3.101216e-01, 2.351246e-01
150, 3.101216e-01, 2.128809e-01
151, 3.103566e-01, 5.370243e-01
152, 3.103566e-01, 5.117241e-01
153, 3.112389e-01, 3.147243e-01
154, 3.112389e-01, 3.379420e-01
155, 3.134650e-01, 7.387433e-01
156, 3.134650e-01, 7.265567e-01
157, 3.147767e-01, 8.223195e-01
158, 3.147767e-01, 8.428260e-01
159, 3.164388e-01, 4.340252e-01
160, 3.164388e-01, 4.143562e-01
161, 3.235260e-01, 6.409767e-01
162, 3.235260e-01, 6.151932e-01
163, 3.280748e-01, 4.076366e-01
164, 3.297799e-01, 3.486459e-01
165, 3.307462e-01, 4.999530e-01
166, 3.307462e-01, 4.816990e-01
167, 3.323668e-01, 8.121646e-01
168, 3.323668e-01, 7.794089e-01
169, 3.329147e-01, 7.153248e-01
170, 3.330988e-01, 2.745332e-01
171, 3.330988e-01, 3.021004e-01
172, 3.331286e-01, 2.484109e-01
173, 3.332256e-01, 6.095936e-01
174, 3.332256e-01, 5.812998e-01
175, 3.338386e-01, 1.718682e-01
176, 3.338754e-01, 1.991677e-01
177, 3.349835e-01, 6.475933e-01
178, 3.350457e-01, 7.767293e-01
179, 3.350457e-01, 7.512020e-01
180, 3.359904e-01, 5.518275e-01
181, 3.359904e-01, 5.785350e-01
182, 3.361421e-01, 4.454000e-01
183, 3.361421e-01, 4.763017e-01
184, 3.485434e-01, 8.215034e-01
185, 3.485434e-01, 8.422881e-01
186, 3.506086e-01, 6.196289e-01
187, 3.506086e-01, 6.385700e-01
188, 3.507832e-01, 4.207503e-01
189, 3.507832e-01, 4.369476e-01
190, 3.516409e-01, 3.128083e-01
191, 3.516409e-01, 3.360254e-01
192, 3.518035e-01, 7.415277e-01
193, 3.518035e-01, 7.262329e-01
194, 3.554680e-01, 2.116332e-01
195, 3.554680e-01, 2.355102e-01
196, 3.572255e-01, 5.152397e-01
197, 3.572255e-01, 5.395645e-01
198, 3.653938e-01, 3.048662e-01
199, 3.653938e-01, 2.745033e-01
200, 3.667197e-01, 6.103278e-01
201, 3.670558e-01, 1.719050e-01
202, 3.672515e-01, 8.107031e-01
203, 3.682271e-01, 7.510091e-01
204, 3.684559e-01, 6.722290e-01
205, 3.684559e-01, 6.488765e-01
206, 3.685571e-01, 5.461084e-01
207, 3.704761e-01, 2.694211e-01
208, 3.704761e-01, 2.441772e-01
209, 3.712756e-01, 4.763017e-01
210, 3.712756e-01, 5.071285e-01
211, 3.712929e-01, 4.487879e-01
212, 3.721235e-01, 3.478501e-01
213, 3.721235e-01, 3.720237e-01
214, 3.731301e-01, 2.014368e-01
215, 3.731301e-01, 1.779810e-01
216, 3.745988e-01, 4.069972e-01
217, 3.745988e-01, 3.744990e-01
218, 3.768419e-01, 7.117735e-01
219, 3.768419e-01, 6.806151e-01
220, 3.812691e-01, 5.387674e-01
221, 3.812691e-01, 5.128978e-01
222, 3.863790e-01, 7.405299e-01
223, 3.863790e-01, 7.172810e-01
224, 3.873036e-01, 6.379922e-01
225, 3.873036e-01, 6.222110e-01
226, 3.895845e-01, 2.109360e-01
227, 3.895845e-01, 2.331424e-01
228, 3.913945e-01, 3.367248e-01
229, 3.913945e-01, 3.198812e-01
230, 3.916463e-01, 4.370378e-01
231, 3.916463e-01, 4.168419e-01
232, 3.927505e-01, 8.254238e-01
233, 3.927505e-01, 8.450762e-01
234, 4.039971e-01, 2.026155e-01
235, 4.039971e-01, 1.779810e-01
236, 4.044038e-01, 3.442351e-01
237, 4.060466e-01, 4.762844e-01
238, 4.060466e-01, 4.453511e-01
239, 4.060714e-01, 7.059090e-01
240, 4.064035e-01, 7.757534e-01
241, 4.064035e-01, 7.520901e-01
242, 4.066643e-01, 4.081693e-01
243, 4.067748e-01, 2.430695e-01
244, 4.067748e-01, 2.694211e-01
245, 4.075273e-01, 6.496712e-01
246, 4.084316e-01, 5.544534e-01
247, 4.084316e-01, 5.766976e-01
248, 4.085933e-01, 4.788318e-01
249, 4.085933e-01, 4.971234e-01
250, 4.121380e-01, 1.698379e-01
251, 4.122038e-01, 8.141933e-01
252, 4.122038e-01, 7.815553e-01
253, 4.127553e-01, 6.075175e-01
254, 4.127553e-01, 5.810212e-01
255, 4.131250e-01, 2.757713e-01
256, 4.131250e-01, 3.073321e-01
257, 4.203727e-01, 4.160857e-01
258, 4.203727e-01, 4.370805e-01
259, 4.217290e-01, 6.414698e-01
260, 4.217290e-01, 6.126981e-01
261, 4.218796e-01, 8.425979e-01
262, 4.218796e-01, 8.197793e-01
263, 4.233937e-01, 2.138132e-01
264, 4.233937e-01, 2.334723e-01
265, 4.268201e-01, 3.312941e-01
266, 4.268201e-01, 3.152408e-01
267, 4.287850e-01, 7.391691e-01
268, 4.287850e-01, 7.190258e-01
269, 4.314014e-01, 5.102907e-01
270, 4.314014e-01, 5.411886e-01
271, 4.425775e-01, 5.038422e-01
272, 4.427105e-01, 7.815553e-01
273, 4.427105e-01, 8.077600e-01
274, 4.433910e-01, 6.001993e-01
275, 4.433910e-01, 5.810212e-01
276, 4.438020e-01, 2.452515e-01
277, 4.441821e-01, 1.698379e-01
278, 4.443115e-01, 4.508931e-01
279, 4.452792e-01, 4.017102e-01
280, 4.458543e-01, 3.042547e-01
281, 4.459675e-01, 5.784454e-01
282, 4.459675e-01, 5.495958e-01
283, 4.459927e-01, 7.090939e-01
284, 4.459927e-01, 6.791592e-01
285, 4.467436e-01, 3.427899e-01
286, 4.468582e-01, 6.559738e-01
287, 4.470125e-01, 7.496863e-01
288, 4.470125e-01, 7.772533e-01
289, 4.479793e-01, 1.996274e-01
290, 4.479793e-01, 1.736352e-01
291, 4.604851e-01, 7.174631e-01
292, 4.604851e-01, 7.419085e-01
293, 4.620005e-01, 3.135789e-01
294, 4.620005e-01, 3.339820e-01
295, 4.622092e-01, 2.346216e-01
296, 4.622092e-01, 2.078424e-01
297, 4.640974e-01, 6.121533e-01
298, 4.640974e-01, 6.460184e-01
299, 4.655018e-01, 5.383149e-01
300, 4.655018e-01, 5.170766e-01
301, 4.666365e-01, 4.380047e-01
302, 4.666365e-01, 4.140438e-01
303, 4.679726e-01, 8.223439e-01
304, 4.679726e-01, 8.397655e-01
305, 4.772038e-01, 1.736352e-01
306, 4.772038e-01, 1.991860e-01
307, 4.776458e-01, 4.770977e-01
308, 4.776458e-01, 5.100658e-01
309, 4.795228e-01, 3.440977e-01
310, 4.795228e-01, 3.752955e-01
311, 4.797039e-01, 7.530036e-01
312, 4.797039e-01, 7.772533e-01
313, 4.803216e-01, 5.468731e-01
314, 4.803216e-01, 5.784454e-01
315, 4.805917e-01, 6.782939e-01
316, 4.805917e-01, 6.555436e-01
317, 4.806269e-01, 3.028224e-01
318, 4.806269e-01, 2.778231e-01
319, 4.814874e-01, 7.053346e-01
320, 4.822148e-01, 3.779876e-01
321, 4.822148e-01, 4.050475e-01
322, 4.829291e-01, 5.810530e-01
323, 4.829291e-01, 6.012816e-01
324, 4.832629e-01, 4.714791e-01
325, 4.832629e-01, 4.476033e-01
326, 4.836381e-01, 2.469966e-01
327, 4.836381e-01, 2.748118e-01
328, 4.848867e-01, 7.824375e-01
329, 4.848867e-01, 8.125794e-01
330, 4.971396e-01, 4.395922e-01
331, 4.971396e-01, 4.136664e-01
332, 4.980574e-01, 5.366309e-01
333, 4.980574e-01, 5.218495e-01
334, 4.981451e-01, 8.202336e-01
335, 4.981451e-01, 8.422825e-01
336, 4.996869e-01, 3.324568e-01
337, 4.996869e-01, 3.138294e-01
338, 5.010430e-01, 2.369455e-01
339, 5.010430e-01, 2.129485e-01
340, 5.015844e-01, 7.169403e-01
341, 5.015844e-01, 7.403718e-01
342, 5.030496e-01, 6.128973e-01
343, 5.030496e-01, 6.425744e-01
344, 5.149137e-01, 4.498533e-01
345, 5.149137e-01, 4.714791e-01
346, 5.155626e-01, 3.779876e-01
347, 5.155626e-01, 4.030273e-01
348, 5.162751e-01, 6.502119e-01
349, 5.170489e-01, 2.037082e-01
350, 5.170489e-01, 1.726960e-01
351, 5.177063e-01, 8.089408e-01
352, 5.177063e-01, 7.824375e-01
353, 5.177470e-01, 2.465918e-01
354, 5.177470e-01, 2.748118e-01
355, 5.177769e-01, 6.043952e-01
356, 5.183966e-01, 3.030248e-01
357, 5.184150e-01, 7.072209e-01
358, 5.185733e-01, 7.501796e-01
359, 5.191621e-01, 5.488187e-01
360, 5.203449e-01, 4.769118e-01
361, 5.203449e-01, 5.089827e-01
362, 5.216480e-01, 1.680957e-01
363, 5.217596e-01, 3.451995e-01
364, 5.217596e-01, 3.717906e-01
365, 5.358000e-01, 5.179050e-01
366, 5.358000e-01, 5.392106e-01
367, 5.361030e-01, 8.195613e-01
368, 5.361030e-01, 8.426121e-01
369, 5.361626e-01, 6.387271e-01
370, 5.361626e-01, 6.150094e-01
371, 5.377149e-01, 7.183664e-01
372, 5.377149e-01, 7.391291e-01
373, 5.385124e-01, 4.362296e-01
374, 5.385124e-01, 4.162805e-01
375, 5.392546e-01, 3.150700e-01
376, 5.392546e-01, 3.350995e-01
377, 5.411317e-01, 2.176113e-01
378, 5.411317e-01, 2.330875e-01
379, 5.524230e-01, 3.074654e-01
380, 5.524230e-01, 2.754614e-01
381, 5.529129e-01, 1.680957e-01
382, 5.534240e-01, 6.050442e-01
383, 5.541749e-01, 6.491290e-01
384, 5.546206e-01, 7.815702e-01
385, 5.546206e-01, 8.088710e-01
386, 5.548748e-01, 5.502261e-01
387, 5.554286e-01, 2.724566e-01
388, 5.554286e-01, 2.413438e-01
389, 5.555028e-01, 7.080941e-01
390, 5.558261e-01, 4.062820e-01
391, 5.558597e-01, 4.462444e-01
392, 5.558597e-01, 4.769118e-01
393, 5.567063e-01, 5.058356e-01
394, 5.569249e-01, 3.453007e-01
395, 5.581598e-01, 7.509320e-01
396, 5.581598e-01, 7.780310e-01
397, 5.598397e-01, 1.750225e-01
398, 5.598397e-01, 2.068110e-01
399, 5.708511e-01, 3.372654e-01
400, 5.708511e-01, 3.181016e-01
401, 5.723776e-01, 2.315612e-01
402, 5.723776e-01, 2.140453e-01
403, 5.732989e-01, 7.421968e-01
404, 5.732989e-01, 7.183656e-01
405, 5.736528e-01, 4.165711e-01
406, 5.736528e-01, 4.359779e-01
407, 5.746622e-01, 8.414464e-01
408, 5.746622e-01, 8.204349e-01
409, 5.777452e-01, 6.190774e-01
410, 5.777452e-01, 6.355248e-01
411, 5.787509e-01, 5.364454e-01
412, 5.787509e-01, 5.185553e-01
413, 5.891023e-01, 7.780310e-01
414, 5.891023e-01, 7.513202e-01
415, 5.900382e-01, 3.706922e-01
416, 5.900382e-01, 3.483422e-01
417, 5.905502e-01, 2.035542e-01
418, 5.905502e-01, 1.750225e-01
419, 5.927626e-01, 6.104078e-01
420, 5.927626e-01, 5.782174e-01
421, 5.934096e-01, 4.777584e-01
422, 5.934096e-01, 5.100927e-01
423, 5.934242e-01, 5.449190e-01
424, 5.935269e-01, 1.720450e-01
425, 5.936973e-01, 2.724566e-01
426, 5.936973e-01, 2.438730e-01
427, 5.941102e-01, 7.063473e-01
428, 5.948344e-01, 4.043390e-01
429, 5.948344e-01, 3.754883e-01
430, 5.956877e-01, 6.458863e-01
431, 5.959486e-01, 7.848792e-01
432, 5.959486e-01, 8.081461e-01
433, 5.965286e-01, 4.746386e-01
434, 5.965286e-01, 4.491843e-01
435, 5.965735e-01, 3.032472e-01
436, 5.965735e-01, 2.753329e-01
437, 6.058471e-01, 5.172729e-01
438, 6.058471e-01, 5.377449e-01
439, 6.076054e-01, 8.148757e-01
440, 6.076054e-01, 8.452931e-01
441, 6.081961e-01, 6.193176e-01
442, 6.081961e-01, 6.386629e-01
443, 6.097802e-01, 7.393828e-01
444, 6.097802e-01, 7.153965e-01
445, 6.100883e-01, 3.367672e-01
446, 6.100883e-01, 3.110518e-01
447, 6.112705e-01, 4.138306e-01
448, 6.112705e-01, 4.406736e-01
449, 6.114591e-01, 2.156251e-01
450, 6.114591e-01, 2.336158e-01
451, 6.239991e-01, 7.071853e-01
452, 6.255869e-01, 4.489386e-01
453, 6.255869e-01, 4.746386e-01
454, 6.258650e-01, 6.488665e-01
455, 6.259673e-01, 3.018819e-01
456, 6.259673e-01, 2.753329e-01
457, 6.271411e-01, 3.466119e-01
458, 6.271833e-01, 8.035732e-01
459, 6.271833e-01, 7.848792e-01
460, 6.285128e-01, 2.434641e-01
461, 6.285128e-01, 2.727874e-01
462, 6.293606e-01, 4.033839e-01
463, 6.303046e-01, 5.031534e-01
464, 6.303046e-01, 4.793575e-01
465, 6.307347e-01, 5.775558e-01
466, 6.307347e-01, 6.063059e-01
467, 6.308216e-01, 7.515301e-01
468, 6.308216e-01, 7.812399e-01
469, 6.315285e-01, 5.525756e-01
470, 6.341486e-01, 2.025263e-01
471, 6.464604e-01, 2.330996e-01
472, 6.464604e-01, 2.096340e-01
473, 6.469572e-01, 3.351719e-01
474, 6.469572e-01, 3.140033e-01
475, 6.483217e-01, 7.212313e-01
476, 6.483217e-01, 7.414272e-01
477, 6.483352e-01, 6.164668e-01
478, 6.483352e-01, 6.358902e-01
479, 6.506788e-01, 5.415166e-01
480, 6.506788e-01, 5.149155e-01
481, 6.509818e-01, 4.342780e-01
482, 6.509818e-01, 4.158698e-01
483, 6.533401e-01, 8.407748e-01
484, 6.533401e-01, 8.186737e-01
485, 6.624391e-01, 5.483080e-01
486, 6.636312e-01, 2.727874e-01
487, 6.636312e-01, 2.430155e-01
488, 6.638578e-01, 6.075055e-01
489, 6.643111e-01, 1.993287e-01
490, 6.653707e-01, 4.793575e-01
491, 6.653707e-01, 5.064338e-01
492, 6.663664e-01, 4.069854e-01
493, 6.663664e-01, 3.777078e-01
494, 6.664255e-01, 7.812399e-01
495, 6.664255e-01, 8.111194e-01
496, 6.669902e-01, 2.761464e-01
497, 6.669902e-01, 3.024345e-01
498, 6.672830e-01, 6.792137e-01
499, 6.672830e-01, 6.468323e-01
500, 6.694430e-01, 7.782216e-01
501, 6.694430e-01, 7.536207e-01
502, 6.697557e-01, 4.749713e-01
503, 6.697557e-01, 4.451163e-01
504, 6.699082e-01, 6.818389e-01
505, 6.699082e-01, 7.087654e-01
506, 6.711323e-01, 3.491284e-01
507, 6.711323e-01, 3.729419e-01
508, 6.778068e-01, 5.136133e-01
509, 6.778068e-01, 5.394333e-01
510, 6.811235e-01, 8.424569e-01
511, 6.811235e-01, 8.196047e-01
512, 6.847335e-01, 2.308291e-01
513, 6.847335e-01, 2.111188e-01
514, 6.856167e-01, 7.442834e-01
515, 6.856167e-01, 7.178369e-01
516, 6.859565e-01, 4.357635e-01
517, 6.859565e-01, 4.182984e-01
518, 6.868271e-01, 3.138901e-01
519, 6.868271e-01, 3.400676e-01
520, 6.868918e-01, 6.355084e-01
521, 6.868918e-01, 6.208032e-01
522, 6.988098e-01, 1.723283e-01
523, 7.005436e-01, 3.729419e-01
524, 7.005436e-01, 4.098791e-01
525, 7.007106e-01, 7.782216e-01
526, 7.007106e-01, 7.529925e-01
527, 7.024676e-01, 7.081110e-01
528, 7.024676e-01, 6.818389e-01
529, 7.029816e-01, 2.005897e-01
530, 7.029816e-01, 1.765001e-01
531, 7.033955e-01, 3.700908e-01
532, 7.033955e-01, 3.496275e-01
533, 7.034057e-01, 2.416062e-01
534, 7.040536e-01, 8.063741e-01
535, 7.040536e-01, 7.815646e-01
536, 7.045037e-01, 4.464652e-01
537, 7.045830e-01, 6.105954e-01
538, 7.048519e-01, 3.034866e-01
539, 7.051507e-01, 6.791565e-01
540, 7.051507e-01, 6.460471e-01
541, 7.061469e-01, 4.972612e-01
542, 7.066066e-01, 5.560559e-01
543, 7.158370e-01, 4.187108e-01
544, 7.158370e-01, 4.399224e-01
545, 7.214212e-01, 2.112350e-01
546, 7.214212e-01, 2.312025e-01
547, 7.219940e-01, 3.388905e-01
548, 7.219940e-01, 3.133860e-01
549, 7.222176e-01, 8.168603e-01
550, 7.222176e-01, 8.458066e-01
551, 7.236476e-01, 7.203422e-01
552, 7.236476e-01, 7.397508e-01
553, 7.241544e-01, 6.218941e-01
554, 7.241544e-01, 6.350727e-01
555, 7.308396e-01, 5.115165e-01
556, 7.308396e-01, 5.420616e-01
557, 7.390271e-01, 4.766145e-01
558, 7.390271e-01, 5.067898e-01
559, 7.390620e-01, 4.533304e-01
560, 7.397627e-01, 7.490541e-01
561, 7.399580e-01, 5.473273e-01
562, 7.399580e-01, 5.761576e-01
563, 7.407542e-01, 3.700908e-01
564, 7.407542e-01, 3.497209e-01
565, 7.414785e-01, 8.057409e-01
566, 7.415222e-01, 2.775922e-01
567, 7.415222e-01, 3.021087e-01
568, 7.419222e-01, 6.453334e-01
569, 7.423959e-01, 1.991262e-01
570, 7.430320e-01, 7.091480e-01
571, 7.435855e-01, 5.797852e-01
572, 7.435855e-01, 6.106764e-01
573, 7.464038e-01, 3.757403e-01
574, 7.464038e-01, 4.010589e-01
575, 7.469914e-01, 2.459690e-01
576, 7.469914e-01, 2.721229e-01
577, 7.556348e-01, 6.176325e-01
578, 7.556348e-01, 6.374146e-01
579, 7.602711e-01, 7.372145e-01
580, 7.602711e-01, 7.191033e-01
581, 7.603508e-01, 3.129819e-01
582, 7.603508e-01, 3.384076e-01
583, 7.606807e-01, 2.096821e-01
584, 7.606807e-01, 2.380637e-01
585, 7.610642e-01, 5.351388e-01
586, 7.610642e-01, 5.195119e-01
587, 7.640547e-01, 4.112521e-01
588, 7.640547e-01, 4.389019e-01
589, 7.650529e-01, 8.411773e-01
590, 7.650529e-01, 8.193505e-01
591, 7.733042e-01, 4.059106e-01
592, 7.733042e-01, 3.757403e-01
593, 7.750320e-01, 6.802663e-01
594, 7.750320e-01, 7.105791e-01
595, 7.750910e-01, 2.721229e-01
596, 7.750910e-01, 2.463854e-01
597, 7.757857e-01, 2.009618e-01
598, 7.774623e-01, 7.832809e-01
599, 7.774623e-01, 8.121865e-01
600, 7.779140e-01, 3.485470e-01
601, 7.779140e-01, 3.711305e-01
602, 7.781066e-01, 3.027282e-01
603, 7.781066e-01, 2.751386e-01
604, 7.786406e-01, 5.797852e-01
605, 7.786406e-01, 6.043511e-01
606, 7.792370e-01, 5.456333e-01
607, 7.793007e-01, 4.765796e-01
608, 7.793007e-01, 5.089838e-01
609, 7.793361e-01, 4.477240e-01
610, 7.807299e-01, 6.745685e-01
611, 7.807299e-01, 6.519066e-01
612, 7.810606e-01, 7.492164e-01
613, 7.810606e-01, 7.796816e-01
614, 7.916297e-01, 5.161015e-01
615, 7.916297e-01, 5.384767e-01
616, 7.935025e-01, 8.214466e-01
617, 7.935025e-01, 8.381661e-01
618, 7.943165e-01, 4.390757e-01
619, 7.943165e-01, 4.180449e-01
620, 7.946795e-01, 3.122988e-01
621, 7.946795e-01, 3.388682e-01
622, 7.962859e-01, 7.228530e-01
623, 7.962859e-01, 7.404268e-01
624, 7.996227e-01, 6.409963e-01
625, 7.996227e-01, 6.164642e-01
626, 7.999931e-01, 2.320048e-01
627, 7.999931e-01, 2.149370e-01
628, 8.045816e-01, 8.150540e-01
629, 8.045816e-01, 7.796816e-01
630, 8.106953e-01, 6.473871e-01
631, 8.106953e-01, 6.745685e-01
632, 8.130091e-01, 5.508163e-01
633, 8.133383e-01, 7.709249e-01
634, 8.133383e-01, 7.502659e-01
635, 8.139461e-01, 5.032250e-01
636, 8.139461e-01, 4.765442e-01
637, 8.140311e-01, 4.504509e-01
638, 8.143856e-01, 6.079460e-01
639, 8.148073e-01, 2.751386e-01
640, 8.148073e-01, 2.405552e-01
641, 8.151939e-01, 7.119398e-01
642, 8.151939e-01, 6.790658e-01
643, 8.155582e-01, 2.059560e-01
644, 8.164877e-01, 3.711305e-01
645, 8.164877e-01, 4.052482e-01
646, 8.166497e-01, 3.515449e-01
647, 8.175736e-01, 2.779042e-01
648, 8.175736e-01, 2.990848e-01
649, 8.309910e-01, 2.148655e-01
650, 8.309910e-01, 2.312093e-01
651, 8.313486e-01, 8.447272e-01
652, 8.313486e-01, 8.305068e-01
653, 8.319167e-01, 6.180668e-01
654, 8.319167e-01, 6.351320e-01
655, 8.332330e-01, 4.149183e-01
656, 8.332330e-01, 4.393656e-01
657, 8.338799e-01, 7.227308e-01
658, 8.338799e-01, 7.384070e-01
659, 8.343386e-01, 3.413329e-01
660, 8.343386e-01, 3.087664e-01
661, 8.363416e-01, 5.373421e-01
662, 8.363416e-01, 5.161541e-01
663, 8.447067e-01, 3.473185e-01
664, 8.447067e-01, 3.709686e-01
665, 8.448577e-01, 3.026917e-01
666, 8.468948e-01, 5.100617e-01
667, 8.468948e-01, 4.764593e-01
668, 8.469398e-01, 2.404195e-01
669, 1.840045e-01, 6.792826e-01
670, 1.845464e-01, 5.773330e-01
671, 1.872733e-01, 4.798300e-01
672, 2.217080e-01, 2.757084e-01
673, 2.585750e-01, 4.748836e-01
674, 2.573148e-01, 6.829788e-01
675, 2.945003e-01, 7.785333e-01
676, 2.955221e-01, 1.730144e-01
677, 3.339491e-01, 6.732634e-01
678, 3.289274e-01, 3.728762e-01
679, 3.677393e-01, 7.762414e-01
680, 3.676384e-01, 5.776163e-01
681, 4.067993e-01, 6.798871e-01
682, 4.055341e-01, 3.756292e-01
683, 4.434445e-01, 4.779648e-01
684, 4.448282e-01, 2.767972e-01
685, 4.460114e-01, 3.760274e-01
686, 5.173450e-01, 6.802596e-01
687, 5.184695e-01, 5.803604e-01
688, 5.541494e-01, 5.789426e-01
689, 5.563755e-01, 3.712414e-01
690, 5.548388e-01, 6.819933e-01
691, 5.948989e-01, 6.818683e-01
692, 6.249320e-01, 6.801467e-01
693, 6.282509e-01, 3.765981e-01
694, 6.335209e-01, 1.726728e-01
695, 6.631484e-01, 5.774713e-01
696, 6.647971e-01, 1.728145e-01
697, 7.055948e-01, 5.771691e-01
698, 7.041288e-01, 2.768693e-01
699, 7.053253e-01, 4.757929e-01
700, 7.406206e-01, 7.824228e-01
701, 7.424771e-01, 6.797114e-01
702, 7.428893e-01, 1.760067e-01
703, 7.763155e-01, 1.749832e-01
704, 8.136973e-01, 5.798769e-01
705, 8.166539e-01, 1.733575e-01
706, 8.458987e-01, 2.768631e-01
707, 1.500000e-01, 6.500012e-01
708, 1.500000e-01, 8.098097e-01
709, 1.500000e-01, 7.488446e-01
710, 1.500000e-01, 7.794779e-01
711, 1.567273e-01, 8.500000e-01
712, 1.500000e-01, 5.084841e-01
713, 1.500000e-01, 5.461395e-01
714, 1.500000e-01, 4.442703e-01
715, 1.500000e-01, 4.800864e-01
716, 1.500000e-01, 2.017196e-01
717, 1.500000e-01, 2.396462e-01
718, 1.500000e-01, 6.051388e-01
719, 1.500000e-01, 5.763761e-01
720, 1.500000e-01, 1.755232e-01
721, 1.770073e-01, 8.500000e-01
722, 1.922677e-01, 8.500000e-01
723, 1.891978e-01, 1.500000e-01
724, 2.180018e-01, 8.500000e-01
725, 2.207776e-01, 8.500000e-01
726, 2.184066e-01, 1.500000e-01
727, 2.605897e-01, 1.500000e-01
728, 2.934099e-01, 8.500000e-01
729, 3.023472e-01, 8.500000e-01
730, 2.964503e-01, 1.500000e-01
731, 3.271995e-01, 8.500000e-01
732, 3.338386e-01, 1.500000e-01
733, 3.351892e-01, 8.500000e-01
734, 3.618976e-01, 8.500000e-01
735, 3.842243e-01, 8.500000e-01
736, 3.670558e-01, 1.500000e-01
737, 4.012767e-01, 8.500000e-01
738, 4.121380e-01, 1.500000e-01
739, 4.090618e-01, 8.500000e-01
740, 4.347044e-01, 8.500000e-01
741, 4.502502e-01, 8.500000e-01
742, 4.441821e-01, 1.500000e-01
743, 4.779791e-01, 1.500000e-01
744, 5.115091e-01, 8.500000e-01
745, 5.233098e-01, 8.500000e-01
746, 5.216480e-01, 1.500000e-01
747, 5.488962e-01, 8.500000e-01
748, 5.598424e-01, 8.500000e-01
749, 5.529129e-01, 1.500000e-01
750, 5.894741e-01, 8.500000e-01
751, 5.994547e-01, 8.500000e-01
752, 5.935269e-01, 1.500000e-01
753, 6.157561e-01, 8.500000e-01
754, 6.329989e-01, 1.500000e-01
755, 6.373653e-01, 8.500000e-01
756, 6.652363e-01, 1.500000e-01
757, 6.941926e-01, 8.500000e-01
758, 7.149561e-01, 8.500000e-01
759, 6.988098e-01, 1.500000e-01
760, 7.294790e-01, 8.500000e-01
761, 7.497751e-01, 8.500000e-01
762, 7.433067e-01, 1.500000e-01
763, 7.766976e-01, 1.500000e-01
764, 8.140056e-01, 8.500000e-01
765, 8.500000e-01, 7.709249e-01
766, 8.222180e-01, 8.500000e-01
767, 8.500000e-01, 6.790658e-01
768, 8.175777e-01, 1.500000e-01
769, 8.500000e-01, 5.452296e-01
770, 8.500000e-01, 7.477133e-01
771, 8.500000e-01, 7.134216e-01
772, 8.500000e-01, 4.490453e-01
773, 8.500000e-01, 4.052356e-01
774, 8.500000e-01, 6.455749e-01
775, 8.500000e-01, 8.197392e-01
776, 8.404791e-01, 8.500000e-01
777, 8.500000e-01, 3.762619e-01
778, 8.500000e-01, 3.442627e-01
779, 8.500000e-01, 4.733532e-01
780, 8.500000e-01, 5.118544e-01
781, 8.500000e-01, 3.056613e-01
782, 8.500000e-01, 2.386523e-01
783, 8.500000e-01, 2.768275e-01
784, 1.511101e-01, 6.813777e-01
785, 1.501388e-01, 3.785837e-01
786, 1.506005e-01, 7.080720e-01
787, 1.505877e-01, 3.037660e-01
788, 1.504142e-01, 3.434982e-01
789, 1.501388e-01, 4.024595e-01
790, 1.505877e-01, 2.798026e-01
791, 2.633297e-01, 8.492079e-01
792, 4.852381e-01, 8.498681e-01
793, 6.686831e-01, 8.498191e-01
794, 7.766481e-01, 8.489432e-01
795, 8.497118e-01, 5.802768e-01
796, 8.497118e-01, 6.081264e-01
797, 8.496490e-01, 1.719107e-01
798, 8.496490e-01, 2.044993e-01
