1, 1.691765e-01, 8.254023e-01
2, 1.693321e-01, 1.655153e-01
3, 1.698380e-01, 3.295430e-01
4, 1.703486e-01, 6.599599e-01
5, 1.703892e-01, 4.952433e-01
6, 1.795510e-01, 5.116591e-01
7, 1.797889e-01, 3.471471e-01
8, 1.798258e-01, 8.414166e-01
9, 1.804361e-01, 1.835934e-01
10, 1.807841e-01, 6.418937e-01
11, 1.808131e-01, 3.117541e-01
12, 1.808666e-01, 6.783160e-01
13, 1.809729e-01, 8.063230e-01
14, 1.817768e-01, 4.764188e-01
15, 1.998792e-01, 4.766652e-01
16, 2.001002e-01, 3.470864e-01
17, 2.001313e-01, 6.779503e-01
18, 2.002497e-01, 3.121711e-01
19, 2.003576e-01, 5.125837e-01
20, 2.003734e-01, 8.070033e-01
21, 2.004045e-01, 8.408640e-01
22, 2.004779e-01, 6.429922e-01
23, 2.005230e-01, 1.822520e-01
24, 2.094960e-01, 8.241824e-01
25, 2.098345e-01, 6.606874e-01
26, 2.099048e-01, 1.657947e-01
27, 2.104678e-01, 4.956858e-01
28, 2.110354e-01, 3.288042e-01
29, 2.138181e-01, 3.714803e-01
30, 2.144507e-01, 2.876263e-01
31, 2.151158e-01, 7.018101e-01
32, 2.152147e-01, 2.067259e-01
33, 2.173304e-01, 5.773289e-01
34, 2.173586e-01, 4.122700e-01
35, 2.180680e-01, 2.473082e-01
36, 2.182041e-01, 7.431682e-01
37, 2.273764e-01, 3.945106e-01
38, 2.274937e-01, 5.588606e-01
39, 2.275794e-01, 4.291078e-01
40, 2.278320e-01, 2.646367e-01
41, 2.280222e-01, 7.257530e-01
42, 2.284408e-01, 7.603488e-01
43, 2.285747e-01, 5.949760e-01
44, 2.286659e-01, 2.299875e-01
45, 2.476353e-01, 5.602179e-01
46, 2.477954e-01, 2.647429e-01
47, 2.478050e-01, 4.291019e-01
48, 2.478664e-01, 2.303036e-01
49, 2.479226e-01, 5.939098e-01
50, 2.482438e-01, 7.594846e-01
51, 2.483291e-01, 3.949483e-01
52, 2.490501e-01, 7.260403e-01
53, 2.569339e-01, 5.780710e-01
54, 2.576143e-01, 4.116478e-01
55, 2.582827e-01, 2.476545e-01
56, 2.588397e-01, 7.426755e-01
57, 2.759833e-01, 8.225276e-01
58, 2.784115e-01, 3.315189e-01
59, 2.794503e-01, 6.655027e-01
60, 2.803048e-01, 3.258063e-01
61, 2.804891e-01, 1.594249e-01
62, 2.825291e-01, 5.047094e-01
63, 2.845629e-01, 4.121846e-01
64, 2.850225e-01, 2.480546e-01
65, 2.850718e-01, 5.771058e-01
66, 2.854409e-01, 7.430814e-01
67, 2.861712e-01, 1.725406e-01
68, 2.888471e-01, 8.317068e-01
69, 2.894772e-01, 8.181928e-01
70, 2.923250e-01, 1.624169e-01
71, 2.931871e-01, 3.218608e-01
72, 2.955835e-01, 8.285162e-01
73, 3.125404e-01, 2.474469e-01
74, 3.133441e-01, 7.416643e-01
75, 3.134054e-01, 4.118364e-01
76, 3.134837e-01, 5.766464e-01
77, 3.222667e-01, 4.294865e-01
78, 3.228634e-01, 5.945374e-01
79, 3.228947e-01, 5.602564e-01
80, 3.229316e-01, 2.654142e-01
81, 3.229944e-01, 3.950179e-01
82, 3.232623e-01, 7.247841e-01
83, 3.233611e-01, 2.301516e-01
84, 3.244486e-01, 7.601499e-01
85, 3.423163e-01, 2.298722e-01
86, 3.423748e-01, 5.950460e-01
87, 3.432167e-01, 4.298836e-01
88, 3.433516e-01, 3.949252e-01
89, 3.434652e-01, 7.592004e-01
90, 3.438029e-01, 7.253454e-01
91, 3.438159e-01, 2.640914e-01
92, 3.443175e-01, 5.596478e-01
93, 3.521617e-01, 2.480537e-01
94, 3.530583e-01, 4.119776e-01
95, 3.534179e-01, 7.422781e-01
96, 3.536007e-01, 5.765654e-01
97, 3.570182e-01, 4.527871e-01
98, 3.574582e-01, 5.366523e-01
99, 3.577748e-01, 7.844968e-01
100, 3.603094e-01, 4.948314e-01
101, 3.609605e-01, 1.647969e-01
102, 3.610448e-01, 3.295733e-01
103, 3.610665e-01, 8.233746e-01
104, 3.623452e-01, 6.602947e-01
105, 3.702157e-01, 1.830053e-01
106, 3.702165e-01, 5.116809e-01
107, 3.702336e-01, 8.076823e-01
108, 3.704825e-01, 3.485501e-01
109, 3.707467e-01, 6.757508e-01
110, 3.709907e-01, 6.419536e-01
111, 3.710128e-01, 3.123993e-01
112, 3.711823e-01, 4.774737e-01
113, 3.712953e-01, 8.424069e-01
114, 3.894654e-01, 3.122496e-01
115, 3.900123e-01, 3.478586e-01
116, 3.900879e-01, 4.777998e-01
117, 3.904848e-01, 8.424640e-01
118, 3.907252e-01, 1.838721e-01
119, 3.911677e-01, 6.415613e-01
120, 3.914310e-01, 5.115769e-01
121, 3.915262e-01, 6.774994e-01
122, 3.916975e-01, 8.080631e-01
123, 4.003230e-01, 4.949338e-01
124, 4.005506e-01, 3.286815e-01
125, 4.007463e-01, 8.232054e-01
126, 4.010930e-01, 1.659162e-01
127, 4.019466e-01, 6.600605e-01
128, 4.137985e-01, 5.817418e-01
129, 4.198491e-01, 7.332322e-01
130, 4.221064e-01, 5.685508e-01
131, 4.269608e-01, 4.034299e-01
132, 4.285749e-01, 8.252058e-01
133, 4.285975e-01, 6.592417e-01
134, 4.329282e-01, 7.567946e-01
135, 4.346761e-01, 4.143267e-01
136, 4.372604e-01, 4.039441e-01
137, 4.412468e-01, 7.392728e-01
138, 4.553697e-01, 6.593596e-01
139, 4.561887e-01, 3.299653e-01
140, 4.564094e-01, 1.646425e-01
141, 4.568245e-01, 8.257513e-01
142, 4.575155e-01, 4.943873e-01
143, 4.657266e-01, 3.115912e-01
144, 4.657359e-01, 6.418132e-01
145, 4.658880e-01, 4.785310e-01
146, 4.661761e-01, 3.459821e-01
147, 4.662879e-01, 6.776599e-01
148, 4.663245e-01, 1.822842e-01
149, 4.667257e-01, 5.120831e-01
150, 4.667581e-01, 8.429307e-01
151, 4.668843e-01, 8.072831e-01
152, 4.849742e-01, 6.773813e-01
153, 4.864445e-01, 5.129101e-01
154, 4.864644e-01, 6.424182e-01
155, 4.865397e-01, 8.422894e-01
156, 4.867852e-01, 1.825907e-01
157, 4.868220e-01, 3.119558e-01
158, 4.869099e-01, 8.071130e-01
159, 4.869626e-01, 4.772507e-01
160, 4.875540e-01, 3.455221e-01
161, 4.956232e-01, 6.591162e-01
162, 4.961976e-01, 1.643562e-01
163, 4.967036e-01, 8.242261e-01
164, 4.967513e-01, 3.311257e-01
165, 4.975300e-01, 4.954398e-01
166, 4.994055e-01, 7.828340e-01
167, 4.998545e-01, 3.716180e-01
168, 5.003407e-01, 5.365912e-01
169, 5.026816e-01, 2.476582e-01
170, 5.027935e-01, 4.130008e-01
171, 5.031101e-01, 5.767230e-01
172, 5.031170e-01, 7.415630e-01
173, 5.126983e-01, 5.959457e-01
174, 5.129201e-01, 7.606634e-01
175, 5.130582e-01, 2.304476e-01
176, 5.131356e-01, 5.611859e-01
177, 5.131385e-01, 2.648555e-01
178, 5.132378e-01, 3.938053e-01
179, 5.138427e-01, 4.284086e-01
180, 5.148321e-01, 7.253709e-01
181, 5.326176e-01, 2.648117e-01
182, 5.328538e-01, 5.947843e-01
183, 5.333954e-01, 5.620583e-01
184, 5.342377e-01, 3.949536e-01
185, 5.345272e-01, 2.305577e-01
186, 5.345638e-01, 7.262651e-01
187, 5.348642e-01, 4.277172e-01
188, 5.351630e-01, 7.606236e-01
189, 5.425368e-01, 5.773233e-01
190, 5.430759e-01, 2.472145e-01
191, 5.433531e-01, 4.128751e-01
192, 5.442875e-01, 7.427257e-01
193, 5.619686e-01, 1.753034e-01
194, 5.632327e-01, 6.618682e-01
195, 5.637452e-01, 4.866302e-01
196, 5.651721e-01, 8.184397e-01
197, 5.659009e-01, 3.247411e-01
198, 5.708400e-01, 8.300118e-01
199, 5.711788e-01, 4.116169e-01
200, 5.714683e-01, 2.487677e-01
201, 5.741123e-01, 8.158823e-01
202, 5.748226e-01, 4.820398e-01
203, 5.748850e-01, 6.700488e-01
204, 5.794340e-01, 6.523990e-01
205, 5.818148e-01, 5.031224e-01
206, 5.837499e-01, 8.216376e-01
207, 5.977437e-01, 5.770298e-01
208, 5.986895e-01, 2.475535e-01
209, 5.991725e-01, 7.426789e-01
210, 5.993061e-01, 4.113987e-01
211, 6.080469e-01, 5.611533e-01
212, 6.083878e-01, 5.959628e-01
213, 6.087312e-01, 3.937574e-01
214, 6.090320e-01, 2.295631e-01
215, 6.097146e-01, 4.293006e-01
216, 6.097373e-01, 7.252001e-01
217, 6.098134e-01, 7.610052e-01
218, 6.102203e-01, 2.654895e-01
219, 6.277267e-01, 7.258408e-01
220, 6.284064e-01, 4.294249e-01
221, 6.284598e-01, 5.612327e-01
222, 6.286528e-01, 7.609718e-01
223, 6.291769e-01, 2.643265e-01
224, 6.293718e-01, 5.945926e-01
225, 6.299871e-01, 3.942610e-01
226, 6.306367e-01, 2.305819e-01
227, 6.384599e-01, 7.437076e-01
228, 6.388497e-01, 5.773979e-01
229, 6.390535e-01, 4.128173e-01
230, 6.391551e-01, 2.470586e-01
231, 6.433952e-01, 3.716804e-01
232, 6.442422e-01, 6.193732e-01
233, 6.451523e-01, 6.601894e-01
234, 6.458190e-01, 8.248392e-01
235, 6.459884e-01, 3.305507e-01
236, 6.462371e-01, 4.949326e-01
237, 6.478381e-01, 1.639778e-01
238, 6.554599e-01, 8.421074e-01
239, 6.558646e-01, 6.419090e-01
240, 6.561879e-01, 3.118589e-01
241, 6.564194e-01, 4.765973e-01
242, 6.567181e-01, 3.469448e-01
243, 6.567348e-01, 1.835221e-01
244, 6.568639e-01, 8.079414e-01
245, 6.569680e-01, 5.129956e-01
246, 6.570007e-01, 6.780739e-01
247, 6.750837e-01, 6.777290e-01
248, 6.757704e-01, 3.111931e-01
249, 6.759617e-01, 1.837202e-01
250, 6.760488e-01, 5.125818e-01
251, 6.760649e-01, 8.080250e-01
252, 6.765550e-01, 4.780009e-01
253, 6.768376e-01, 6.433827e-01
254, 6.771454e-01, 3.466850e-01
255, 6.771919e-01, 8.411004e-01
256, 6.851313e-01, 6.599649e-01
257, 6.859254e-01, 8.248773e-01
258, 6.862682e-01, 4.956210e-01
259, 6.869925e-01, 1.645016e-01
260, 6.870584e-01, 3.308071e-01
261, 7.011291e-01, 5.747773e-01
262, 7.028898e-01, 4.154641e-01
263, 7.086648e-01, 4.069671e-01
264, 7.102049e-01, 5.886528e-01
265, 7.121160e-01, 7.336972e-01
266, 7.132842e-01, 1.653086e-01
267, 7.134415e-01, 4.955504e-01
268, 7.144936e-01, 8.243162e-01
269, 7.146788e-01, 6.604839e-01
270, 7.185788e-01, 2.414879e-01
271, 7.216730e-01, 7.486516e-01
272, 7.264985e-01, 4.013015e-01
273, 7.412302e-01, 6.593431e-01
274, 7.416531e-01, 8.242322e-01
275, 7.417222e-01, 1.650763e-01
276, 7.418169e-01, 3.298388e-01
277, 7.418676e-01, 4.955928e-01
278, 7.511063e-01, 6.426146e-01
279, 7.513935e-01, 5.126299e-01
280, 7.515441e-01, 3.125244e-01
281, 7.519111e-01, 1.830722e-01
282, 7.520326e-01, 8.434067e-01
283, 7.520508e-01, 4.778437e-01
284, 7.520719e-01, 6.767627e-01
285, 7.521196e-01, 3.473523e-01
286, 7.524676e-01, 8.081151e-01
287, 7.705544e-01, 6.777465e-01
288, 7.715801e-01, 6.423736e-01
289, 7.718343e-01, 4.778778e-01
290, 7.721006e-01, 3.125697e-01
291, 7.721896e-01, 8.430754e-01
292, 7.725739e-01, 3.470922e-01
293, 7.727279e-01, 1.826091e-01
294, 7.727948e-01, 8.086874e-01
295, 7.729182e-01, 5.124307e-01
296, 7.819136e-01, 8.246016e-01
297, 7.820725e-01, 6.592766e-01
298, 7.821903e-01, 4.947889e-01
299, 7.824869e-01, 1.657968e-01
300, 7.828938e-01, 3.302600e-01
301, 7.844799e-01, 6.180781e-01
302, 7.848321e-01, 4.532716e-01
303, 7.857365e-01, 2.070481e-01
304, 7.870626e-01, 7.837203e-01
305, 7.893567e-01, 2.456006e-01
306, 7.897792e-01, 4.119658e-01
307, 7.898282e-01, 5.774740e-01
308, 7.901079e-01, 7.429340e-01
309, 7.979638e-01, 2.290867e-01
310, 7.994428e-01, 4.302376e-01
311, 7.995659e-01, 7.600055e-01
312, 7.995692e-01, 5.942987e-01
313, 7.996861e-01, 7.244759e-01
314, 7.998236e-01, 3.949305e-01
315, 8.000540e-01, 5.593381e-01
316, 8.005547e-01, 2.639181e-01
317, 8.192524e-01, 3.953954e-01
318, 8.192914e-01, 4.308313e-01
319, 8.192963e-01, 2.637608e-01
320, 8.195522e-01, 5.949141e-01
321, 8.196291e-01, 5.590626e-01
322, 8.198844e-01, 2.290932e-01
323, 8.203562e-01, 7.249766e-01
324, 8.205356e-01, 7.595446e-01
325, 8.290091e-01, 2.477622e-01
326, 8.295487e-01, 4.111395e-01
327, 8.296640e-01, 5.767733e-01
328, 8.300671e-01, 7.430890e-01
329, 8.469893e-01, 1.551609e-01
330, 2.138476e-01, 5.366423e-01
331, 2.150020e-01, 7.834584e-01
332, 2.147334e-01, 4.539051e-01
333, 2.154595e-01, 6.190070e-01
334, 2.857915e-01, 1.649289e-01
335, 2.862107e-01, 8.256524e-01
336, 2.866728e-01, 3.295675e-01
337, 2.874613e-01, 4.946727e-01
338, 2.876824e-01, 6.618780e-01
339, 3.571345e-01, 6.193725e-01
340, 3.567808e-01, 2.888794e-01
341, 3.561218e-01, 2.070037e-01
342, 3.572667e-01, 3.705625e-01
343, 3.564266e-01, 7.007049e-01
344, 4.281650e-01, 4.947054e-01
345, 4.287627e-01, 1.659018e-01
346, 4.275277e-01, 3.296352e-01
347, 4.281827e-01, 7.398397e-01
348, 4.302291e-01, 5.792793e-01
349, 4.314800e-01, 2.471122e-01
350, 4.284170e-01, 4.133014e-01
351, 5.006808e-01, 7.002190e-01
352, 5.005828e-01, 4.548486e-01
353, 4.996443e-01, 2.888941e-01
354, 4.997387e-01, 2.052938e-01
355, 5.000971e-01, 6.176859e-01
356, 5.708500e-01, 5.773565e-01
357, 5.722804e-01, 7.433086e-01
358, 5.713673e-01, 8.248015e-01
359, 5.721657e-01, 6.593602e-01
360, 5.726065e-01, 3.287320e-01
361, 5.727742e-01, 1.626340e-01
362, 5.719242e-01, 4.970064e-01
363, 6.424204e-01, 5.358099e-01
364, 6.433563e-01, 4.545184e-01
365, 6.422753e-01, 7.838227e-01
366, 6.428786e-01, 7.020851e-01
367, 6.431015e-01, 2.055770e-01
368, 6.427531e-01, 2.887192e-01
369, 7.149637e-01, 4.196059e-01
370, 7.145683e-01, 4.125512e-01
371, 7.139980e-01, 3.303107e-01
372, 7.180968e-01, 5.781561e-01
373, 7.156718e-01, 7.430647e-01
374, 7.195165e-01, 2.498001e-01
375, 7.853255e-01, 7.020194e-01
376, 7.868766e-01, 3.718379e-01
377, 7.849848e-01, 5.360940e-01
378, 7.863182e-01, 2.881444e-01
379, 1.500000e-01, 6.595499e-01
380, 1.500000e-01, 4.950833e-01
381, 1.500000e-01, 1.655596e-01
382, 1.500000e-01, 3.300110e-01
383, 1.500000e-01, 8.247973e-01
384, 1.751619e-01, 8.500000e-01
385, 1.500000e-01, 4.035786e-01
386, 1.500000e-01, 5.875250e-01
387, 1.786625e-01, 1.500000e-01
388, 1.500000e-01, 2.571609e-01
389, 1.500000e-01, 2.370943e-01
390, 1.500000e-01, 4.214878e-01
391, 1.500000e-01, 7.496263e-01
392, 1.500000e-01, 5.677890e-01
393, 1.500000e-01, 7.340723e-01
394, 1.500000e-01, 5.811312e-01
395, 1.500000e-01, 7.393331e-01
396, 1.500000e-01, 4.057101e-01
397, 1.500000e-01, 7.443694e-01
398, 1.500000e-01, 7.418785e-01
399, 1.500000e-01, 2.438514e-01
400, 1.500000e-01, 2.503740e-01
401, 1.500000e-01, 2.471049e-01
402, 1.500000e-01, 4.158769e-01
403, 1.500000e-01, 4.129396e-01
404, 1.500000e-01, 5.747982e-01
405, 1.500000e-01, 5.779650e-01
406, 2.057563e-01, 8.500000e-01
407, 2.016726e-01, 1.500000e-01
408, 2.419940e-01, 8.500000e-01
409, 2.626314e-01, 1.500000e-01
410, 2.714701e-01, 8.500000e-01
411, 2.753385e-01, 1.500000e-01
412, 2.879115e-01, 8.500000e-01
413, 2.857506e-01, 1.500000e-01
414, 2.996642e-01, 8.500000e-01
415, 2.941903e-01, 1.500000e-01
416, 3.305907e-01, 8.500000e-01
417, 3.121157e-01, 1.500000e-01
418, 3.703658e-01, 1.500000e-01
419, 3.667473e-01, 8.500000e-01
420, 3.922102e-01, 1.500000e-01
421, 3.951128e-01, 8.500000e-01
422, 4.290456e-01, 8.500000e-01
423, 4.280170e-01, 1.500000e-01
424, 4.627175e-01, 8.500000e-01
425, 4.646036e-01, 1.500000e-01
426, 4.877599e-01, 1.500000e-01
427, 4.910947e-01, 8.500000e-01
428, 5.277933e-01, 8.500000e-01
429, 5.493692e-01, 1.500000e-01
430, 5.578357e-01, 8.500000e-01
431, 5.650047e-01, 1.500000e-01
432, 5.708400e-01, 8.500000e-01
433, 5.724052e-01, 1.500000e-01
434, 5.798542e-01, 1.500000e-01
435, 5.836972e-01, 8.500000e-01
436, 6.154232e-01, 8.500000e-01
437, 5.956553e-01, 1.500000e-01
438, 6.562105e-01, 1.500000e-01
439, 6.512205e-01, 8.500000e-01
440, 6.822548e-01, 8.500000e-01
441, 6.770826e-01, 1.500000e-01
442, 7.142380e-01, 8.500000e-01
443, 7.137844e-01, 1.500000e-01
444, 7.505819e-01, 1.500000e-01
445, 7.479448e-01, 8.500000e-01
446, 7.764055e-01, 8.500000e-01
447, 7.733381e-01, 1.500000e-01
448, 8.500000e-01, 1.660063e-01
449, 8.500000e-01, 5.000910e-01
450, 8.120468e-01, 8.500000e-01
451, 8.500000e-01, 6.551206e-01
452, 8.500000e-01, 1.703659e-01
453, 8.500000e-01, 3.213371e-01
454, 8.500000e-01, 8.195716e-01
455, 8.367811e-01, 1.500000e-01
456, 8.500000e-01, 5.090991e-01
457, 8.500000e-01, 3.113434e-01
458, 8.500000e-01, 6.449658e-01
459, 8.500000e-01, 5.775356e-01
460, 8.500000e-01, 8.092886e-01
461, 8.500000e-01, 3.429693e-01
462, 8.500000e-01, 1.582460e-01
463, 8.444591e-01, 1.500000e-01
464, 8.500000e-01, 4.769639e-01
465, 8.500000e-01, 4.118208e-01
466, 8.500000e-01, 1.797839e-01
467, 8.500000e-01, 2.477871e-01
468, 8.500000e-01, 6.806390e-01
469, 8.500000e-01, 7.427294e-01
470, 8.484669e-01, 6.601114e-01
471, 8.485271e-01, 3.311948e-01
472, 8.496407e-01, 8.284609e-01
473, 8.499595e-01, 4.918719e-01
