1, 1.510887e-01, 6.734367e-01
2, 1.513068e-01, 2.322933e-01
3, 1.516709e-01, 5.111976e-01
4, 1.516968e-01, 2.627972e-01
5, 1.517596e-01, 2.961014e-01
6, 1.520911e-01, 7.319433e-01
7, 1.521538e-01, 3.913985e-01
8, 1.525459e-01, 6.103767e-01
9, 1.527250e-01, 2.039165e-01
10, 1.527262e-01, 7.639102e-01
11, 1.532750e-01, 8.256856e-01
12, 1.538039e-01, 7.935426e-01
13, 1.540342e-01, 6.375274e-01
14, 1.541751e-01, 5.459252e-01
15, 1.543629e-01, 3.622711e-01
16, 1.545562e-01, 4.237491e-01
17, 1.555862e-01, 3.276316e-01
18, 1.559536e-01, 4.832884e-01
19, 1.579717e-01, 5.788406e-01
20, 1.688569e-01, 3.278816e-01
21, 1.690476e-01, 4.242478e-01
22, 1.691729e-01, 6.712451e-01
23, 1.694619e-01, 7.614492e-01
24, 1.699045e-01, 5.439076e-01
25, 1.700494e-01, 1.708266e-01
26, 1.705506e-01, 2.315005e-01
27, 1.715591e-01, 6.407419e-01
28, 1.716556e-01, 7.323127e-01
29, 1.719891e-01, 2.946719e-01
30, 1.723294e-01, 4.810171e-01
31, 1.723328e-01, 2.641664e-01
32, 1.724640e-01, 8.243983e-01
33, 1.727944e-01, 5.797291e-01
34, 1.728259e-01, 2.016102e-01
35, 1.729330e-01, 3.922023e-01
36, 1.730396e-01, 7.049498e-01
37, 1.732408e-01, 4.515670e-01
38, 1.735000e-01, 5.160279e-01
39, 1.736498e-01, 6.099203e-01
40, 1.743421e-01, 3.619984e-01
41, 1.746237e-01, 7.935876e-01
42, 1.768566e-01, 6.571854e-01
43, 1.770913e-01, 1.566521e-01
44, 1.779638e-01, 7.468085e-01
45, 1.788559e-01, 4.364482e-01
46, 1.790162e-01, 1.899398e-01
47, 1.792351e-01, 3.701491e-01
48, 1.793466e-01, 2.155671e-01
49, 1.794718e-01, 5.298906e-01
50, 1.795938e-01, 7.185948e-01
51, 1.802845e-01, 4.017483e-01
52, 1.804608e-01, 2.772407e-01
53, 1.804690e-01, 4.700375e-01
54, 1.806945e-01, 3.118386e-01
55, 1.809426e-01, 3.446052e-01
56, 1.811926e-01, 6.864048e-01
57, 1.812002e-01, 2.490691e-01
58, 1.817501e-01, 8.107716e-01
59, 1.820103e-01, 5.938940e-01
60, 1.827591e-01, 7.817932e-01
61, 1.827790e-01, 6.266731e-01
62, 1.834008e-01, 4.995843e-01
63, 1.834656e-01, 5.624470e-01
64, 1.838556e-01, 8.442236e-01
65, 1.957725e-01, 6.861728e-01
66, 1.961915e-01, 5.941884e-01
67, 1.967879e-01, 8.439845e-01
68, 1.973616e-01, 1.565262e-01
69, 1.974493e-01, 3.113957e-01
70, 1.975193e-01, 5.304490e-01
71, 1.975338e-01, 7.786605e-01
72, 1.976563e-01, 5.613675e-01
73, 1.978523e-01, 2.799644e-01
74, 1.981934e-01, 7.179701e-01
75, 1.986088e-01, 5.009683e-01
76, 1.989174e-01, 8.133264e-01
77, 1.989612e-01, 3.422872e-01
78, 1.992351e-01, 1.880207e-01
79, 1.993379e-01, 4.353771e-01
80, 1.993646e-01, 6.273613e-01
81, 1.996313e-01, 7.504360e-01
82, 1.996376e-01, 6.570293e-01
83, 1.997013e-01, 2.211225e-01
84, 1.997484e-01, 4.683805e-01
85, 2.000398e-01, 4.027406e-01
86, 2.002294e-01, 3.731067e-01
87, 2.010523e-01, 2.437877e-01
88, 2.053986e-01, 5.438709e-01
89, 2.058168e-01, 7.050372e-01
90, 2.058203e-01, 3.262370e-01
91, 2.060093e-01, 2.353958e-01
92, 2.062526e-01, 2.974291e-01
93, 2.066116e-01, 8.269161e-01
94, 2.068968e-01, 5.152659e-01
95, 2.069730e-01, 7.626828e-01
96, 2.071427e-01, 7.314537e-01
97, 2.072490e-01, 4.516328e-01
98, 2.073939e-01, 6.386225e-01
99, 2.074491e-01, 3.906792e-01
100, 2.074669e-01, 1.719059e-01
101, 2.080178e-01, 6.721408e-01
102, 2.081932e-01, 5.734590e-01
103, 2.083516e-01, 4.204220e-01
104, 2.085661e-01, 6.080527e-01
105, 2.095637e-01, 2.021083e-01
106, 2.100178e-01, 7.962334e-01
107, 2.102667e-01, 2.661012e-01
108, 2.105576e-01, 4.821053e-01
109, 2.111265e-01, 3.565803e-01
110, 2.212977e-01, 6.735990e-01
111, 2.223840e-01, 5.746040e-01
112, 2.226249e-01, 7.967326e-01
113, 2.233842e-01, 7.628353e-01
114, 2.236900e-01, 7.027523e-01
115, 2.241466e-01, 5.151573e-01
116, 2.242175e-01, 6.052553e-01
117, 2.245190e-01, 3.566459e-01
118, 2.247701e-01, 3.879940e-01
119, 2.248402e-01, 6.397617e-01
120, 2.249658e-01, 8.269344e-01
121, 2.251333e-01, 4.213903e-01
122, 2.253064e-01, 2.340632e-01
123, 2.262438e-01, 4.837289e-01
124, 2.264675e-01, 1.706441e-01
125, 2.264808e-01, 5.437931e-01
126, 2.272617e-01, 4.518389e-01
127, 2.273737e-01, 2.679958e-01
128, 2.274273e-01, 3.257639e-01
129, 2.278495e-01, 7.305594e-01
130, 2.279356e-01, 2.976352e-01
131, 2.287550e-01, 2.023020e-01
132, 2.305771e-01, 5.931881e-01
133, 2.313226e-01, 6.868398e-01
134, 2.327025e-01, 5.618209e-01
135, 2.329019e-01, 6.544163e-01
136, 2.329853e-01, 8.130749e-01
137, 2.330120e-01, 3.721882e-01
138, 2.331550e-01, 4.971069e-01
139, 2.333249e-01, 7.812996e-01
140, 2.333996e-01, 7.199366e-01
141, 2.335331e-01, 3.084024e-01
142, 2.341433e-01, 5.310281e-01
143, 2.347280e-01, 2.824177e-01
144, 2.348866e-01, 8.457866e-01
145, 2.351697e-01, 1.884360e-01
146, 2.352505e-01, 1.558306e-01
147, 2.355424e-01, 7.494208e-01
148, 2.356779e-01, 4.365818e-01
149, 2.359543e-01, 3.406901e-01
150, 2.361098e-01, 2.160599e-01
151, 2.364278e-01, 4.685706e-01
152, 2.366031e-01, 6.236253e-01
153, 2.375857e-01, 2.507660e-01
154, 2.382962e-01, 4.043883e-01
155, 2.485606e-01, 2.176482e-01
156, 2.493863e-01, 8.436273e-01
157, 2.494034e-01, 7.828889e-01
158, 2.495932e-01, 6.864976e-01
159, 2.497269e-01, 4.996128e-01
160, 2.497319e-01, 4.037866e-01
161, 2.503084e-01, 6.561127e-01
162, 2.505304e-01, 4.673370e-01
163, 2.507270e-01, 1.553784e-01
164, 2.507322e-01, 3.411388e-01
165, 2.508591e-01, 2.500376e-01
166, 2.512042e-01, 6.238125e-01
167, 2.512823e-01, 5.636484e-01
168, 2.519278e-01, 3.102212e-01
169, 2.520079e-01, 4.364154e-01
170, 2.522932e-01, 8.109671e-01
171, 2.523726e-01, 7.509004e-01
172, 2.532041e-01, 5.913726e-01
173, 2.544946e-01, 5.298127e-01
174, 2.548511e-01, 2.812165e-01
175, 2.548872e-01, 3.740350e-01
176, 2.555563e-01, 7.162577e-01
177, 2.557131e-01, 1.861394e-01
178, 2.582455e-01, 6.717433e-01
179, 2.588694e-01, 7.626756e-01
180, 2.591622e-01, 7.970115e-01
181, 2.599588e-01, 4.506252e-01
182, 2.599770e-01, 8.255959e-01
183, 2.600273e-01, 5.770150e-01
184, 2.600627e-01, 3.878777e-01
185, 2.605211e-01, 6.389135e-01
186, 2.608918e-01, 7.055993e-01
187, 2.610612e-01, 3.286237e-01
188, 2.610757e-01, 4.211721e-01
189, 2.611239e-01, 5.171811e-01
190, 2.612982e-01, 6.078333e-01
191, 2.614130e-01, 5.430310e-01
192, 2.619941e-01, 2.356746e-01
193, 2.621053e-01, 3.605027e-01
194, 2.623951e-01, 2.684469e-01
195, 2.627740e-01, 4.814531e-01
196, 2.629846e-01, 1.744611e-01
197, 2.630782e-01, 2.025809e-01
198, 2.632982e-01, 7.350239e-01
199, 2.634729e-01, 2.963844e-01
200, 2.743813e-01, 2.345082e-01
201, 2.754363e-01, 4.821954e-01
202, 2.765233e-01, 7.942103e-01
203, 2.767267e-01, 2.669515e-01
204, 2.777552e-01, 6.706556e-01
205, 2.777591e-01, 5.124217e-01
206, 2.779936e-01, 7.666841e-01
207, 2.781265e-01, 3.268617e-01
208, 2.782928e-01, 7.027962e-01
209, 2.783027e-01, 1.733141e-01
210, 2.783319e-01, 6.405429e-01
211, 2.789566e-01, 4.205472e-01
212, 2.791493e-01, 2.991176e-01
213, 2.794708e-01, 5.753749e-01
214, 2.796806e-01, 6.084995e-01
215, 2.798928e-01, 3.913991e-01
216, 2.799600e-01, 4.520160e-01
217, 2.801931e-01, 7.366832e-01
218, 2.803623e-01, 5.473256e-01
219, 2.806486e-01, 8.290341e-01
220, 2.807384e-01, 2.069315e-01
221, 2.815005e-01, 3.580033e-01
222, 2.836093e-01, 5.020073e-01
223, 2.844857e-01, 2.157881e-01
224, 2.847680e-01, 7.834775e-01
225, 2.848605e-01, 4.706517e-01
226, 2.851333e-01, 6.531942e-01
227, 2.855486e-01, 3.111767e-01
228, 2.862422e-01, 8.409531e-01
229, 2.863649e-01, 2.495660e-01
230, 2.870897e-01, 1.576642e-01
231, 2.873649e-01, 5.935509e-01
232, 2.874039e-01, 4.049672e-01
233, 2.875274e-01, 8.150712e-01
234, 2.878681e-01, 6.846904e-01
235, 2.881138e-01, 2.821224e-01
236, 2.886394e-01, 5.630592e-01
237, 2.888194e-01, 3.439615e-01
238, 2.890160e-01, 6.227069e-01
239, 2.893895e-01, 7.498089e-01
240, 2.894385e-01, 1.887022e-01
241, 2.895820e-01, 4.390131e-01
242, 2.905153e-01, 3.733185e-01
243, 2.909961e-01, 5.301323e-01
244, 2.912689e-01, 7.174683e-01
245, 3.026482e-01, 2.497751e-01
246, 3.028368e-01, 7.505630e-01
247, 3.042243e-01, 1.558088e-01
248, 3.045039e-01, 5.629246e-01
249, 3.045939e-01, 6.842498e-01
250, 3.046282e-01, 7.174725e-01
251, 3.050012e-01, 2.798185e-01
252, 3.051301e-01, 4.998253e-01
253, 3.058509e-01, 4.734306e-01
254, 3.058592e-01, 5.936407e-01
255, 3.059607e-01, 6.229629e-01
256, 3.060331e-01, 2.199435e-01
257, 3.061392e-01, 1.871389e-01
258, 3.062226e-01, 7.836562e-01
259, 3.062409e-01, 3.422528e-01
260, 3.064726e-01, 3.113474e-01
261, 3.065946e-01, 5.296830e-01
262, 3.077860e-01, 4.393342e-01
263, 3.078006e-01, 8.436278e-01
264, 3.078796e-01, 3.749816e-01
265, 3.082020e-01, 8.112426e-01
266, 3.089676e-01, 6.541521e-01
267, 3.092191e-01, 4.045030e-01
268, 3.110572e-01, 2.676945e-01
269, 3.124542e-01, 7.656784e-01
270, 3.131426e-01, 4.836121e-01
271, 3.131731e-01, 5.748028e-01
272, 3.134828e-01, 2.346830e-01
273, 3.136939e-01, 1.734985e-01
274, 3.138991e-01, 4.493824e-01
275, 3.140094e-01, 5.163279e-01
276, 3.140884e-01, 7.341099e-01
277, 3.141049e-01, 3.265076e-01
278, 3.141328e-01, 7.943918e-01
279, 3.141805e-01, 7.033649e-01
280, 3.142269e-01, 6.057591e-01
281, 3.150093e-01, 2.974300e-01
282, 3.151721e-01, 5.462322e-01
283, 3.158078e-01, 6.361193e-01
284, 3.160328e-01, 2.026923e-01
285, 3.163712e-01, 6.686403e-01
286, 3.168011e-01, 4.235985e-01
287, 3.169075e-01, 8.265702e-01
288, 3.170432e-01, 3.921487e-01
289, 3.180252e-01, 3.572673e-01
290, 3.304151e-01, 6.703690e-01
291, 3.310808e-01, 2.358483e-01
292, 3.316413e-01, 8.259499e-01
293, 3.317967e-01, 3.569178e-01
294, 3.319235e-01, 4.833070e-01
295, 3.322089e-01, 5.773113e-01
296, 3.324844e-01, 2.666781e-01
297, 3.325550e-01, 7.943809e-01
298, 3.326534e-01, 3.906613e-01
299, 3.332192e-01, 2.025541e-01
300, 3.335582e-01, 1.727418e-01
301, 3.337786e-01, 6.029031e-01
302, 3.338069e-01, 7.351437e-01
303, 3.338300e-01, 2.964956e-01
304, 3.340093e-01, 5.463530e-01
305, 3.342045e-01, 4.234468e-01
306, 3.342082e-01, 7.036908e-01
307, 3.345190e-01, 7.618379e-01
308, 3.352756e-01, 6.343194e-01
309, 3.355843e-01, 5.152455e-01
310, 3.370202e-01, 3.265574e-01
311, 3.376997e-01, 4.550838e-01
312, 3.378423e-01, 5.940957e-01
313, 3.392135e-01, 2.823951e-01
314, 3.404984e-01, 7.170982e-01
315, 3.410718e-01, 2.522822e-01
316, 3.411203e-01, 6.908262e-01
317, 3.411539e-01, 4.649768e-01
318, 3.413372e-01, 8.092655e-01
319, 3.416457e-01, 1.535606e-01
320, 3.416614e-01, 7.477345e-01
321, 3.419558e-01, 5.639744e-01
322, 3.421080e-01, 1.867045e-01
323, 3.421626e-01, 2.190976e-01
324, 3.425715e-01, 3.407048e-01
325, 3.426044e-01, 5.333652e-01
326, 3.428540e-01, 7.808698e-01
327, 3.433261e-01, 6.215002e-01
328, 3.440002e-01, 5.005305e-01
329, 3.442503e-01, 3.755493e-01
330, 3.445886e-01, 3.111891e-01
331, 3.452954e-01, 4.415026e-01
332, 3.453011e-01, 4.093023e-01
333, 3.453314e-01, 8.422469e-01
334, 3.465245e-01, 6.552708e-01
335, 3.568061e-01, 3.099753e-01
336, 3.579531e-01, 6.566555e-01
337, 3.580175e-01, 4.096329e-01
338, 3.581558e-01, 3.752107e-01
339, 3.592378e-01, 4.994642e-01
340, 3.592417e-01, 2.191716e-01
341, 3.594622e-01, 2.528416e-01
342, 3.595085e-01, 4.382295e-01
343, 3.598464e-01, 1.527018e-01
344, 3.599710e-01, 3.441073e-01
345, 3.600281e-01, 7.815870e-01
346, 3.602650e-01, 8.416986e-01
347, 3.604082e-01, 1.869996e-01
348, 3.605214e-01, 5.656655e-01
349, 3.607074e-01, 4.685420e-01
350, 3.607970e-01, 6.881221e-01
351, 3.610016e-01, 6.206842e-01
352, 3.610155e-01, 5.914029e-01
353, 3.622461e-01, 8.118801e-01
354, 3.628773e-01, 7.483042e-01
355, 3.630266e-01, 7.174309e-01
356, 3.633446e-01, 2.797932e-01
357, 3.638042e-01, 5.348634e-01
358, 3.663643e-01, 4.208280e-01
359, 3.666057e-01, 3.617439e-01
360, 3.666768e-01, 2.633077e-01
361, 3.672627e-01, 6.732773e-01
362, 3.675302e-01, 5.767739e-01
363, 3.680855e-01, 7.948825e-01
364, 3.683010e-01, 2.356536e-01
365, 3.683038e-01, 8.237821e-01
366, 3.683658e-01, 3.900053e-01
367, 3.691417e-01, 1.721827e-01
368, 3.693723e-01, 4.867835e-01
369, 3.697202e-01, 2.034183e-01
370, 3.698977e-01, 6.095332e-01
371, 3.701339e-01, 7.635711e-01
372, 3.701770e-01, 5.160840e-01
373, 3.707963e-01, 2.922682e-01
374, 3.708098e-01, 5.443866e-01
375, 3.708708e-01, 7.366267e-01
376, 3.709665e-01, 6.419478e-01
377, 3.711708e-01, 7.034710e-01
378, 3.735599e-01, 4.523337e-01
379, 3.741812e-01, 3.290090e-01
380, 3.836413e-01, 4.853851e-01
381, 3.846086e-01, 3.286451e-01
382, 3.849674e-01, 6.088812e-01
383, 3.850152e-01, 2.041416e-01
384, 3.852738e-01, 5.776920e-01
385, 3.853775e-01, 2.348382e-01
386, 3.864476e-01, 3.913839e-01
387, 3.866226e-01, 2.944977e-01
388, 3.867611e-01, 3.605666e-01
389, 3.871067e-01, 4.209716e-01
390, 3.871591e-01, 6.423183e-01
391, 3.872510e-01, 5.455225e-01
392, 3.874268e-01, 7.032588e-01
393, 3.879296e-01, 4.520541e-01
394, 3.888940e-01, 1.722964e-01
395, 3.892604e-01, 7.341355e-01
396, 3.895620e-01, 5.147305e-01
397, 3.903328e-01, 6.724596e-01
398, 3.908484e-01, 7.676673e-01
399, 3.915573e-01, 2.623570e-01
400, 3.915782e-01, 8.227708e-01
401, 3.916436e-01, 7.920849e-01
402, 3.937771e-01, 3.418895e-01
403, 3.942145e-01, 3.115143e-01
404, 3.948504e-01, 4.052614e-01
405, 3.949078e-01, 4.684919e-01
406, 3.951520e-01, 5.955218e-01
407, 3.952212e-01, 6.838435e-01
408, 3.954001e-01, 6.277143e-01
409, 3.955119e-01, 4.393664e-01
410, 3.955175e-01, 3.735408e-01
411, 3.955907e-01, 5.017071e-01
412, 3.956060e-01, 2.537802e-01
413, 3.960923e-01, 2.196002e-01
414, 3.966134e-01, 1.858311e-01
415, 3.967340e-01, 7.808692e-01
416, 3.968837e-01, 5.283518e-01
417, 3.970411e-01, 1.561259e-01
418, 3.972144e-01, 6.587184e-01
419, 3.978875e-01, 5.597168e-01
420, 3.983216e-01, 2.794205e-01
421, 3.987621e-01, 8.431549e-01
422, 3.992380e-01, 7.172190e-01
423, 4.000034e-01, 8.123087e-01
424, 4.003962e-01, 7.515893e-01
425, 4.094949e-01, 5.953726e-01
426, 4.119601e-01, 7.164756e-01
427, 4.121186e-01, 1.553293e-01
428, 4.122906e-01, 5.609223e-01
429, 4.135612e-01, 1.877574e-01
430, 4.136693e-01, 2.808839e-01
431, 4.137406e-01, 4.728328e-01
432, 4.137465e-01, 4.992070e-01
433, 4.140912e-01, 4.377680e-01
434, 4.141450e-01, 6.570726e-01
435, 4.142393e-01, 3.725918e-01
436, 4.145758e-01, 2.481163e-01
437, 4.148490e-01, 2.204670e-01
438, 4.149213e-01, 3.431637e-01
439, 4.149730e-01, 4.047400e-01
440, 4.149735e-01, 3.122994e-01
441, 4.151787e-01, 6.255478e-01
442, 4.160652e-01, 7.505248e-01
443, 4.161200e-01, 5.283590e-01
444, 4.163087e-01, 7.803771e-01
445, 4.171231e-01, 8.456017e-01
446, 4.173061e-01, 8.124912e-01
447, 4.188221e-01, 6.881683e-01
448, 4.202377e-01, 6.092912e-01
449, 4.206262e-01, 5.759872e-01
450, 4.209065e-01, 4.839326e-01
451, 4.212967e-01, 2.328639e-01
452, 4.223348e-01, 2.057680e-01
453, 4.226142e-01, 3.886930e-01
454, 4.227589e-01, 3.574359e-01
455, 4.229047e-01, 2.980797e-01
456, 4.229232e-01, 5.465690e-01
457, 4.230964e-01, 3.263666e-01
458, 4.233390e-01, 5.163954e-01
459, 4.239666e-01, 7.020817e-01
460, 4.240191e-01, 6.378211e-01
461, 4.242506e-01, 1.722687e-01
462, 4.247758e-01, 4.520943e-01
463, 4.247824e-01, 7.365771e-01
464, 4.250478e-01, 7.660209e-01
465, 4.250631e-01, 4.196601e-01
466, 4.258958e-01, 8.243294e-01
467, 4.262164e-01, 2.669376e-01
468, 4.264691e-01, 6.713109e-01
469, 4.267200e-01, 7.964016e-01
470, 4.368784e-01, 4.837590e-01
471, 4.394957e-01, 5.468144e-01
472, 4.407328e-01, 5.792115e-01
473, 4.407888e-01, 7.944619e-01
474, 4.409331e-01, 6.384031e-01
475, 4.409706e-01, 7.665715e-01
476, 4.409751e-01, 1.710396e-01
477, 4.409855e-01, 4.202888e-01
478, 4.410404e-01, 2.671778e-01
479, 4.411239e-01, 3.577922e-01
480, 4.415884e-01, 6.052450e-01
481, 4.416112e-01, 3.879129e-01
482, 4.417392e-01, 2.025790e-01
483, 4.417892e-01, 5.154711e-01
484, 4.420540e-01, 7.357695e-01
485, 4.423549e-01, 7.042805e-01
486, 4.424223e-01, 6.693682e-01
487, 4.424445e-01, 8.258598e-01
488, 4.432026e-01, 4.529511e-01
489, 4.433492e-01, 2.964357e-01
490, 4.443175e-01, 2.367154e-01
491, 4.443241e-01, 3.261101e-01
492, 4.467116e-01, 5.953267e-01
493, 4.481077e-01, 1.847381e-01
494, 4.482433e-01, 4.997523e-01
495, 4.490975e-01, 1.567157e-01
496, 4.492962e-01, 4.363448e-01
497, 4.495002e-01, 7.161085e-01
498, 4.495832e-01, 2.813149e-01
499, 4.499535e-01, 3.729747e-01
500, 4.499535e-01, 2.499072e-01
501, 4.500160e-01, 6.565162e-01
502, 4.501364e-01, 7.460158e-01
503, 4.505690e-01, 6.251158e-01
504, 4.506435e-01, 4.647380e-01
505, 4.506720e-01, 5.276395e-01
506, 4.509272e-01, 8.131413e-01
507, 4.509422e-01, 3.106037e-01
508, 4.512812e-01, 7.810830e-01
509, 4.517147e-01, 5.636722e-01
510, 4.522794e-01, 4.061796e-01
511, 4.525365e-01, 8.437070e-01
512, 4.526405e-01, 3.404943e-01
513, 4.530162e-01, 6.870723e-01
514, 4.565278e-01, 2.180884e-01
515, 4.640239e-01, 2.171700e-01
516, 4.649026e-01, 7.811760e-01
517, 4.664480e-01, 4.962354e-01
518, 4.664997e-01, 1.543039e-01
519, 4.665919e-01, 5.621237e-01
520, 4.671161e-01, 2.518534e-01
521, 4.672119e-01, 3.419066e-01
522, 4.674000e-01, 8.427172e-01
523, 4.675231e-01, 4.680124e-01
524, 4.676652e-01, 6.252971e-01
525, 4.688013e-01, 6.866206e-01
526, 4.688474e-01, 3.739092e-01
527, 4.689443e-01, 7.169471e-01
528, 4.692204e-01, 7.480117e-01
529, 4.692928e-01, 6.557439e-01
530, 4.695123e-01, 5.297856e-01
531, 4.695618e-01, 2.804366e-01
532, 4.699343e-01, 4.352569e-01
533, 4.702012e-01, 4.051570e-01
534, 4.705008e-01, 3.096827e-01
535, 4.706465e-01, 1.865629e-01
536, 4.710054e-01, 8.112427e-01
537, 4.723759e-01, 5.954617e-01
538, 4.737796e-01, 4.828622e-01
539, 4.743993e-01, 7.969390e-01
540, 4.755997e-01, 2.657114e-01
541, 4.757839e-01, 2.022168e-01
542, 4.769182e-01, 5.814116e-01
543, 4.770083e-01, 3.899472e-01
544, 4.770666e-01, 7.008308e-01
545, 4.770895e-01, 5.168410e-01
546, 4.774441e-01, 5.472739e-01
547, 4.776364e-01, 6.411713e-01
548, 4.776438e-01, 7.300121e-01
549, 4.779003e-01, 7.624843e-01
550, 4.779526e-01, 4.169347e-01
551, 4.782056e-01, 3.569202e-01
552, 4.782174e-01, 6.720064e-01
553, 4.786378e-01, 3.252400e-01
554, 4.786977e-01, 6.062247e-01
555, 4.789118e-01, 8.242121e-01
556, 4.790550e-01, 1.722954e-01
557, 4.798639e-01, 4.526861e-01
558, 4.801530e-01, 2.940306e-01
559, 4.805123e-01, 2.348021e-01
560, 4.929861e-01, 7.637369e-01
561, 4.933741e-01, 6.726154e-01
562, 4.934057e-01, 7.012959e-01
563, 4.934443e-01, 1.718994e-01
564, 4.938761e-01, 6.401513e-01
565, 4.943799e-01, 6.089327e-01
566, 4.950177e-01, 4.514872e-01
567, 4.951651e-01, 4.199339e-01
568, 4.955054e-01, 2.045151e-01
569, 4.955902e-01, 7.283018e-01
570, 4.956141e-01, 3.561939e-01
571, 4.957679e-01, 8.255007e-01
572, 4.957946e-01, 2.940172e-01
573, 4.959000e-01, 5.126469e-01
574, 4.962050e-01, 2.353879e-01
575, 4.963398e-01, 2.621786e-01
576, 4.969887e-01, 5.491552e-01
577, 4.971990e-01, 4.867953e-01
578, 4.973879e-01, 3.261115e-01
579, 4.979688e-01, 7.928841e-01
580, 4.992332e-01, 3.868609e-01
581, 4.996923e-01, 5.769207e-01
582, 5.020078e-01, 6.870345e-01
583, 5.020935e-01, 2.492634e-01
584, 5.022477e-01, 1.560912e-01
585, 5.029207e-01, 7.188916e-01
586, 5.030278e-01, 4.980816e-01
587, 5.033230e-01, 7.814915e-01
588, 5.038398e-01, 8.420514e-01
589, 5.040125e-01, 6.252737e-01
590, 5.040307e-01, 3.433471e-01
591, 5.040841e-01, 4.375323e-01
592, 5.040872e-01, 2.214374e-01
593, 5.041540e-01, 6.576108e-01
594, 5.043165e-01, 7.507641e-01
595, 5.045208e-01, 5.615672e-01
596, 5.045450e-01, 2.822568e-01
597, 5.049922e-01, 3.128953e-01
598, 5.052625e-01, 1.865387e-01
599, 5.057874e-01, 4.686170e-01
600, 5.062652e-01, 4.062959e-01
601, 5.063338e-01, 3.766852e-01
602, 5.065547e-01, 8.126075e-01
603, 5.079678e-01, 5.322981e-01
604, 5.082425e-01, 5.916991e-01
605, 5.185474e-01, 7.501179e-01
606, 5.188792e-01, 2.195352e-01
607, 5.198361e-01, 7.173469e-01
608, 5.202194e-01, 8.123680e-01
609, 5.204654e-01, 3.128647e-01
610, 5.212614e-01, 5.306763e-01
611, 5.219725e-01, 8.445805e-01
612, 5.220755e-01, 4.365021e-01
613, 5.222033e-01, 6.583760e-01
614, 5.222529e-01, 6.256869e-01
615, 5.225688e-01, 7.806970e-01
616, 5.226064e-01, 6.882165e-01
617, 5.231138e-01, 5.935790e-01
618, 5.234433e-01, 3.435799e-01
619, 5.236820e-01, 2.525707e-01
620, 5.242866e-01, 1.574256e-01
621, 5.243198e-01, 4.085451e-01
622, 5.244097e-01, 5.625034e-01
623, 5.245002e-01, 4.995817e-01
624, 5.245302e-01, 1.854272e-01
625, 5.250748e-01, 3.761394e-01
626, 5.252604e-01, 4.676246e-01
627, 5.255861e-01, 2.809392e-01
628, 5.276146e-01, 7.043110e-01
629, 5.287693e-01, 7.333573e-01
630, 5.295097e-01, 6.059573e-01
631, 5.304023e-01, 7.657568e-01
632, 5.307071e-01, 8.277226e-01
633, 5.309522e-01, 5.097410e-01
634, 5.309635e-01, 6.736591e-01
635, 5.309892e-01, 4.212169e-01
636, 5.316295e-01, 6.373737e-01
637, 5.317827e-01, 2.014702e-01
638, 5.318395e-01, 4.520089e-01
639, 5.319854e-01, 2.683567e-01
640, 5.322158e-01, 1.718733e-01
641, 5.323349e-01, 7.962164e-01
642, 5.325586e-01, 2.941785e-01
643, 5.331630e-01, 3.290059e-01
644, 5.331724e-01, 3.898521e-01
645, 5.333215e-01, 3.622037e-01
646, 5.337870e-01, 5.778306e-01
647, 5.338602e-01, 4.808198e-01
648, 5.341666e-01, 2.359401e-01
649, 5.356538e-01, 5.442115e-01
650, 5.453305e-01, 3.273925e-01
651, 5.456841e-01, 7.972998e-01
652, 5.462665e-01, 6.372900e-01
653, 5.476622e-01, 2.986897e-01
654, 5.478134e-01, 5.434127e-01
655, 5.480684e-01, 6.734144e-01
656, 5.482936e-01, 7.062380e-01
657, 5.491091e-01, 2.063639e-01
658, 5.491774e-01, 7.359697e-01
659, 5.495128e-01, 2.340411e-01
660, 5.496192e-01, 4.214620e-01
661, 5.497965e-01, 1.699757e-01
662, 5.499534e-01, 8.266191e-01
663, 5.504901e-01, 4.808841e-01
664, 5.507329e-01, 3.599178e-01
665, 5.510515e-01, 3.923966e-01
666, 5.512988e-01, 5.129785e-01
667, 5.513871e-01, 6.064120e-01
668, 5.514444e-01, 7.624419e-01
669, 5.518854e-01, 5.772877e-01
670, 5.523497e-01, 2.650770e-01
671, 5.532411e-01, 4.501256e-01
672, 5.552648e-01, 3.098150e-01
673, 5.556253e-01, 8.145244e-01
674, 5.563728e-01, 7.509412e-01
675, 5.566271e-01, 7.200459e-01
676, 5.569140e-01, 2.186252e-01
677, 5.570604e-01, 5.633865e-01
678, 5.574663e-01, 3.423903e-01
679, 5.581745e-01, 6.239225e-01
680, 5.582959e-01, 6.562601e-01
681, 5.584078e-01, 8.451680e-01
682, 5.585395e-01, 5.304876e-01
683, 5.588607e-01, 5.007188e-01
684, 5.589337e-01, 4.060842e-01
685, 5.590777e-01, 6.871868e-01
686, 5.592066e-01, 4.386988e-01
687, 5.593328e-01, 2.514936e-01
688, 5.593544e-01, 7.794070e-01
689, 5.596440e-01, 1.875447e-01
690, 5.600424e-01, 2.779920e-01
691, 5.603282e-01, 1.576457e-01
692, 5.608611e-01, 5.900995e-01
693, 5.612705e-01, 4.685828e-01
694, 5.627798e-01, 3.728953e-01
695, 5.733219e-01, 7.179088e-01
696, 5.742030e-01, 4.368779e-01
697, 5.744827e-01, 5.912735e-01
698, 5.745717e-01, 3.398132e-01
699, 5.747429e-01, 2.172561e-01
700, 5.751876e-01, 7.485626e-01
701, 5.754472e-01, 1.885995e-01
702, 5.754583e-01, 3.729827e-01
703, 5.757455e-01, 7.835740e-01
704, 5.758708e-01, 6.884319e-01
705, 5.760407e-01, 3.098150e-01
706, 5.761901e-01, 5.321040e-01
707, 5.762427e-01, 4.061555e-01
708, 5.768696e-01, 4.986812e-01
709, 5.769810e-01, 8.114099e-01
710, 5.771765e-01, 1.589473e-01
711, 5.772473e-01, 8.429129e-01
712, 5.773678e-01, 2.506678e-01
713, 5.782083e-01, 6.550498e-01
714, 5.786153e-01, 6.255067e-01
715, 5.787230e-01, 4.709252e-01
716, 5.790698e-01, 5.595197e-01
717, 5.801269e-01, 2.833278e-01
718, 5.816923e-01, 7.960469e-01
719, 5.820638e-01, 2.038443e-01
720, 5.825380e-01, 3.289666e-01
721, 5.835793e-01, 3.618834e-01
722, 5.836390e-01, 7.009468e-01
723, 5.840200e-01, 7.343264e-01
724, 5.842542e-01, 3.881538e-01
725, 5.842863e-01, 6.717256e-01
726, 5.845370e-01, 4.170221e-01
727, 5.852314e-01, 5.449677e-01
728, 5.853619e-01, 1.732579e-01
729, 5.853706e-01, 2.964859e-01
730, 5.856373e-01, 4.814253e-01
731, 5.859434e-01, 6.424052e-01
732, 5.866095e-01, 5.150623e-01
733, 5.866566e-01, 6.109616e-01
734, 5.871944e-01, 5.768895e-01
735, 5.872349e-01, 2.324700e-01
736, 5.876380e-01, 8.258657e-01
737, 5.878818e-01, 2.651685e-01
738, 5.886579e-01, 4.510707e-01
739, 5.902379e-01, 7.659930e-01
740, 5.994006e-01, 7.653029e-01
741, 6.003653e-01, 2.974837e-01
742, 6.011812e-01, 4.482899e-01
743, 6.015350e-01, 6.431572e-01
744, 6.015429e-01, 7.038889e-01
745, 6.017356e-01, 6.083601e-01
746, 6.020006e-01, 1.765213e-01
747, 6.024333e-01, 7.327538e-01
748, 6.024522e-01, 4.189495e-01
749, 6.024560e-01, 4.837876e-01
750, 6.024780e-01, 3.328207e-01
751, 6.026025e-01, 2.012525e-01
752, 6.032532e-01, 5.777814e-01
753, 6.033945e-01, 3.590387e-01
754, 6.042964e-01, 5.131310e-01
755, 6.045719e-01, 3.886644e-01
756, 6.049013e-01, 7.953699e-01
757, 6.053679e-01, 8.261150e-01
758, 6.055537e-01, 2.316890e-01
759, 6.066872e-01, 5.457619e-01
760, 6.072143e-01, 2.626950e-01
761, 6.078448e-01, 1.845109e-01
762, 6.079971e-01, 6.736371e-01
763, 6.084147e-01, 7.165018e-01
764, 6.087018e-01, 3.407386e-01
765, 6.092806e-01, 4.357536e-01
766, 6.102793e-01, 7.461164e-01
767, 6.110291e-01, 5.910719e-01
768, 6.113544e-01, 7.788842e-01
769, 6.115774e-01, 3.089201e-01
770, 6.116762e-01, 4.055574e-01
771, 6.122958e-01, 6.553352e-01
772, 6.123237e-01, 1.532916e-01
773, 6.124567e-01, 5.352930e-01
774, 6.130984e-01, 4.667285e-01
775, 6.132437e-01, 8.389751e-01
776, 6.134434e-01, 5.592701e-01
777, 6.134474e-01, 3.728614e-01
778, 6.135664e-01, 2.796982e-01
779, 6.136846e-01, 5.002274e-01
780, 6.137032e-01, 8.110136e-01
781, 6.138230e-01, 2.191856e-01
782, 6.142333e-01, 2.524523e-01
783, 6.146574e-01, 6.837138e-01
784, 6.159203e-01, 6.238904e-01
785, 6.255238e-01, 2.171869e-01
786, 6.276924e-01, 3.726896e-01
787, 6.281328e-01, 7.477154e-01
788, 6.281557e-01, 4.056535e-01
789, 6.284666e-01, 5.921564e-01
790, 6.297350e-01, 3.389161e-01
791, 6.299296e-01, 4.657812e-01
792, 6.303173e-01, 1.839957e-01
793, 6.304471e-01, 5.621654e-01
794, 6.305117e-01, 8.424298e-01
795, 6.308045e-01, 5.000752e-01
796, 6.310469e-01, 1.565486e-01
797, 6.311112e-01, 3.090034e-01
798, 6.312784e-01, 6.241489e-01
799, 6.314072e-01, 7.772690e-01
800, 6.316332e-01, 2.531020e-01
801, 6.321452e-01, 8.076664e-01
802, 6.324578e-01, 6.849941e-01
803, 6.324691e-01, 4.376351e-01
804, 6.328462e-01, 7.167307e-01
805, 6.329601e-01, 2.841590e-01
806, 6.330082e-01, 5.308060e-01
807, 6.333819e-01, 6.513018e-01
808, 6.359702e-01, 7.684206e-01
809, 6.364848e-01, 2.012379e-01
810, 6.367693e-01, 1.738525e-01
811, 6.376140e-01, 3.572561e-01
812, 6.376381e-01, 6.379816e-01
813, 6.377164e-01, 2.972941e-01
814, 6.380191e-01, 3.268340e-01
815, 6.382338e-01, 7.359775e-01
816, 6.383585e-01, 4.511203e-01
817, 6.388228e-01, 6.109400e-01
818, 6.388247e-01, 5.764654e-01
819, 6.390429e-01, 4.859790e-01
820, 6.392873e-01, 7.945483e-01
821, 6.393412e-01, 3.878622e-01
822, 6.401788e-01, 5.147696e-01
823, 6.402551e-01, 4.231245e-01
824, 6.419903e-01, 2.662721e-01
825, 6.421326e-01, 5.464095e-01
826, 6.425520e-01, 7.028808e-01
827, 6.425702e-01, 2.338008e-01
828, 6.426964e-01, 6.682368e-01
829, 6.442924e-01, 8.270357e-01
830, 6.553835e-01, 3.285161e-01
831, 6.556938e-01, 1.740470e-01
832, 6.561779e-01, 7.388662e-01
833, 6.563383e-01, 3.884874e-01
834, 6.564710e-01, 4.194435e-01
835, 6.565152e-01, 7.038051e-01
836, 6.566417e-01, 8.276714e-01
837, 6.570917e-01, 5.772705e-01
838, 6.573263e-01, 6.074759e-01
839, 6.573721e-01, 2.318243e-01
840, 6.574667e-01, 2.040977e-01
841, 6.576823e-01, 4.543795e-01
842, 6.577350e-01, 4.825063e-01
843, 6.577898e-01, 5.475259e-01
844, 6.578255e-01, 6.674164e-01
845, 6.582677e-01, 3.582846e-01
846, 6.585104e-01, 7.949773e-01
847, 6.585401e-01, 2.657996e-01
848, 6.586035e-01, 7.641350e-01
849, 6.588132e-01, 2.968781e-01
850, 6.591050e-01, 5.168605e-01
851, 6.597717e-01, 6.386822e-01
852, 6.637992e-01, 5.954014e-01
853, 6.641195e-01, 2.189393e-01
854, 6.641657e-01, 7.512642e-01
855, 6.643349e-01, 4.043943e-01
856, 6.649318e-01, 3.738653e-01
857, 6.654950e-01, 4.680507e-01
858, 6.655566e-01, 3.439129e-01
859, 6.657362e-01, 1.551066e-01
860, 6.658380e-01, 5.650954e-01
861, 6.660538e-01, 1.880827e-01
862, 6.669668e-01, 8.449243e-01
863, 6.672566e-01, 6.216603e-01
864, 6.675063e-01, 2.493163e-01
865, 6.675308e-01, 3.113061e-01
866, 6.676605e-01, 7.177976e-01
867, 6.678904e-01, 5.311474e-01
868, 6.679149e-01, 2.804156e-01
869, 6.679426e-01, 8.123478e-01
870, 6.680280e-01, 7.806543e-01
871, 6.681774e-01, 6.512184e-01
872, 6.693086e-01, 4.365327e-01
873, 6.700070e-01, 4.998079e-01
874, 6.713673e-01, 6.845049e-01
875, 6.818124e-01, 1.862488e-01
876, 6.822957e-01, 7.193701e-01
877, 6.829208e-01, 5.949313e-01
878, 6.831647e-01, 8.446704e-01
879, 6.832044e-01, 8.122818e-01
880, 6.832863e-01, 5.323182e-01
881, 6.835373e-01, 3.419932e-01
882, 6.842128e-01, 7.491709e-01
883, 6.844825e-01, 6.508612e-01
884, 6.849037e-01, 3.130034e-01
885, 6.851198e-01, 4.679686e-01
886, 6.851606e-01, 6.841016e-01
887, 6.852475e-01, 5.647960e-01
888, 6.853586e-01, 2.492765e-01
889, 6.853756e-01, 3.737648e-01
890, 6.856485e-01, 7.809648e-01
891, 6.856817e-01, 2.811641e-01
892, 6.858125e-01, 2.177365e-01
893, 6.858963e-01, 4.051949e-01
894, 6.860352e-01, 1.606676e-01
895, 6.860966e-01, 6.227701e-01
896, 6.862909e-01, 4.364955e-01
897, 6.872705e-01, 4.985733e-01
898, 6.912455e-01, 3.245635e-01
899, 6.914292e-01, 1.715208e-01
900, 6.922011e-01, 7.368688e-01
901, 6.923110e-01, 2.051699e-01
902, 6.923191e-01, 7.671254e-01
903, 6.923818e-01, 5.772842e-01
904, 6.923881e-01, 6.382850e-01
905, 6.923984e-01, 8.263709e-01
906, 6.926864e-01, 4.247709e-01
907, 6.932399e-01, 7.038765e-01
908, 6.932584e-01, 6.100333e-01
909, 6.935195e-01, 4.847502e-01
910, 6.937910e-01, 2.952927e-01
911, 6.939636e-01, 5.491579e-01
912, 6.940033e-01, 7.946813e-01
913, 6.940762e-01, 3.565671e-01
914, 6.942939e-01, 4.526387e-01
915, 6.947722e-01, 2.652987e-01
916, 6.950745e-01, 6.723047e-01
917, 6.951149e-01, 2.335043e-01
918, 6.963232e-01, 5.135386e-01
919, 6.965118e-01, 3.915443e-01
920, 7.091166e-01, 5.154511e-01
921, 7.093230e-01, 6.073709e-01
922, 7.097578e-01, 3.558248e-01
923, 7.100780e-01, 2.023035e-01
924, 7.103496e-01, 6.716765e-01
925, 7.104596e-01, 7.361501e-01
926, 7.108246e-01, 3.912494e-01
927, 7.109846e-01, 5.475271e-01
928, 7.117441e-01, 5.815525e-01
929, 7.118506e-01, 3.259126e-01
930, 7.119716e-01, 4.538821e-01
931, 7.119916e-01, 1.739095e-01
932, 7.124327e-01, 2.339590e-01
933, 7.126900e-01, 4.827258e-01
934, 7.128332e-01, 2.955646e-01
935, 7.134947e-01, 6.387769e-01
936, 7.135831e-01, 8.267179e-01
937, 7.137273e-01, 4.233225e-01
938, 7.139456e-01, 7.962827e-01
939, 7.146238e-01, 2.647353e-01
940, 7.147072e-01, 7.065948e-01
941, 7.148664e-01, 7.654076e-01
942, 7.169545e-01, 5.917770e-01
943, 7.179770e-01, 1.851469e-01
944, 7.183999e-01, 8.395072e-01
945, 7.187528e-01, 3.770588e-01
946, 7.191116e-01, 5.274862e-01
947, 7.198002e-01, 1.602859e-01
948, 7.200563e-01, 4.022763e-01
949, 7.201224e-01, 3.112796e-01
950, 7.203247e-01, 7.155350e-01
951, 7.204684e-01, 4.981909e-01
952, 7.206160e-01, 6.869802e-01
953, 7.208577e-01, 2.508212e-01
954, 7.208750e-01, 7.503762e-01
955, 7.210415e-01, 6.245151e-01
956, 7.212299e-01, 3.432183e-01
957, 7.217208e-01, 7.805446e-01
958, 7.218143e-01, 6.557381e-01
959, 7.220785e-01, 8.110424e-01
960, 7.220828e-01, 2.198254e-01
961, 7.222106e-01, 4.689486e-01
962, 7.226349e-01, 5.603991e-01
963, 7.233906e-01, 2.799280e-01
964, 7.234033e-01, 4.350143e-01
965, 7.363534e-01, 1.884305e-01
966, 7.363888e-01, 5.261970e-01
967, 7.368097e-01, 3.735713e-01
968, 7.370850e-01, 3.445710e-01
969, 7.375447e-01, 6.221023e-01
970, 7.375520e-01, 8.115382e-01
971, 7.376982e-01, 5.601484e-01
972, 7.382047e-01, 8.437068e-01
973, 7.382474e-01, 7.490889e-01
974, 7.384358e-01, 4.995793e-01
975, 7.384496e-01, 4.694929e-01
976, 7.384548e-01, 4.035592e-01
977, 7.387486e-01, 4.347405e-01
978, 7.392809e-01, 2.178110e-01
979, 7.393916e-01, 5.936543e-01
980, 7.394481e-01, 7.168793e-01
981, 7.397748e-01, 3.119208e-01
982, 7.400121e-01, 6.856143e-01
983, 7.400366e-01, 1.567624e-01
984, 7.402778e-01, 2.815162e-01
985, 7.406208e-01, 6.563476e-01
986, 7.418889e-01, 2.486244e-01
987, 7.428253e-01, 7.792777e-01
988, 7.447813e-01, 5.147390e-01
989, 7.449230e-01, 3.565452e-01
990, 7.460126e-01, 5.804538e-01
991, 7.466333e-01, 4.820292e-01
992, 7.466649e-01, 6.081173e-01
993, 7.467091e-01, 2.055019e-01
994, 7.470947e-01, 3.274209e-01
995, 7.472417e-01, 4.214940e-01
996, 7.473335e-01, 5.493393e-01
997, 7.473645e-01, 3.906995e-01
998, 7.476304e-01, 1.715230e-01
999, 7.476663e-01, 2.972052e-01
1000, 7.477951e-01, 6.676743e-01
1001, 7.478798e-01, 4.520120e-01
1002, 7.479434e-01, 7.329943e-01
1003, 7.484256e-01, 6.418276e-01
1004, 7.493961e-01, 2.378787e-01
1005, 7.494725e-01, 2.701455e-01
1006, 7.497485e-01, 7.653707e-01
1007, 7.503532e-01, 8.288284e-01
1008, 7.504523e-01, 7.017079e-01
1009, 7.514623e-01, 7.950898e-01
1010, 7.633474e-01, 7.006730e-01
1011, 7.638435e-01, 5.484846e-01
1012, 7.639134e-01, 3.266795e-01
1013, 7.639589e-01, 3.598318e-01
1014, 7.640709e-01, 6.097188e-01
1015, 7.646860e-01, 8.296822e-01
1016, 7.647684e-01, 2.024368e-01
1017, 7.648580e-01, 4.518838e-01
1018, 7.651938e-01, 4.202553e-01
1019, 7.653275e-01, 6.703336e-01
1020, 7.655777e-01, 5.152589e-01
1021, 7.656017e-01, 7.968921e-01
1022, 7.656829e-01, 2.990851e-01
1023, 7.658531e-01, 7.343117e-01
1024, 7.660107e-01, 5.786972e-01
1025, 7.665470e-01, 2.385819e-01
1026, 7.666689e-01, 6.384726e-01
1027, 7.669605e-01, 1.745845e-01
1028, 7.672739e-01, 7.632589e-01
1029, 7.673642e-01, 3.882884e-01
1030, 7.679485e-01, 4.842873e-01
1031, 7.693309e-01, 2.689207e-01
1032, 7.723051e-01, 3.109493e-01
1033, 7.723602e-01, 3.771784e-01
1034, 7.727953e-01, 6.837441e-01
1035, 7.731360e-01, 5.302549e-01
1036, 7.731782e-01, 6.248231e-01
1037, 7.735998e-01, 1.861557e-01
1038, 7.736074e-01, 8.098990e-01
1039, 7.736323e-01, 5.616400e-01
1040, 7.740453e-01, 1.538568e-01
1041, 7.742354e-01, 8.432548e-01
1042, 7.743806e-01, 4.989515e-01
1043, 7.744868e-01, 4.381915e-01
1044, 7.748179e-01, 7.140911e-01
1045, 7.749906e-01, 5.940857e-01
1046, 7.752309e-01, 4.058778e-01
1047, 7.760098e-01, 2.543265e-01
1048, 7.760448e-01, 4.705874e-01
1049, 7.761169e-01, 7.479371e-01
1050, 7.762454e-01, 3.427662e-01
1051, 7.764058e-01, 7.799699e-01
1052, 7.764099e-01, 6.541809e-01
1053, 7.765253e-01, 2.817512e-01
1054, 7.778374e-01, 2.209529e-01
1055, 7.898845e-01, 8.423276e-01
1056, 7.908965e-01, 6.841477e-01
1057, 7.910914e-01, 5.628480e-01
1058, 7.911006e-01, 7.469838e-01
1059, 7.911765e-01, 5.310215e-01
1060, 7.912122e-01, 6.242069e-01
1061, 7.912648e-01, 1.522658e-01
1062, 7.913213e-01, 7.133992e-01
1063, 7.913509e-01, 8.098220e-01
1064, 7.917369e-01, 3.414168e-01
1065, 7.920074e-01, 4.082723e-01
1066, 7.921315e-01, 2.208464e-01
1067, 7.921871e-01, 1.857423e-01
1068, 7.924672e-01, 5.934348e-01
1069, 7.932123e-01, 3.122501e-01
1070, 7.933299e-01, 5.005296e-01
1071, 7.935097e-01, 6.551088e-01
1072, 7.935869e-01, 7.808094e-01
1073, 7.936035e-01, 2.851876e-01
1074, 7.938136e-01, 4.390589e-01
1075, 7.943154e-01, 3.740155e-01
1076, 7.948506e-01, 4.668850e-01
1077, 7.966257e-01, 2.525790e-01
1078, 7.979718e-01, 7.031471e-01
1079, 7.982003e-01, 3.283845e-01
1080, 7.998695e-01, 5.785546e-01
1081, 7.999144e-01, 8.275942e-01
1082, 8.002596e-01, 4.514095e-01
1083, 8.004498e-01, 6.717515e-01
1084, 8.005311e-01, 4.239673e-01
1085, 8.007537e-01, 2.990782e-01
1086, 8.008121e-01, 6.080436e-01
1087, 8.009316e-01, 7.331482e-01
1088, 8.014455e-01, 2.328475e-01
1089, 8.014925e-01, 1.691000e-01
1090, 8.018337e-01, 5.108043e-01
1091, 8.018719e-01, 7.960267e-01
1092, 8.019098e-01, 6.416038e-01
1093, 8.025705e-01, 5.453030e-01
1094, 8.026388e-01, 7.645476e-01
1095, 8.030249e-01, 3.584810e-01
1096, 8.035568e-01, 2.008867e-01
1097, 8.039548e-01, 4.787696e-01
1098, 8.050090e-01, 3.922161e-01
1099, 8.067646e-01, 2.638246e-01
1100, 8.157703e-01, 5.446558e-01
1101, 8.172140e-01, 6.739814e-01
1102, 8.173251e-01, 3.584247e-01
1103, 8.180105e-01, 2.010572e-01
1104, 8.180592e-01, 7.974969e-01
1105, 8.181770e-01, 2.645167e-01
1106, 8.184462e-01, 6.399567e-01
1107, 8.185875e-01, 5.117633e-01
1108, 8.191339e-01, 7.321110e-01
1109, 8.191383e-01, 4.223542e-01
1110, 8.196744e-01, 8.271611e-01
1111, 8.199444e-01, 4.810695e-01
1112, 8.200539e-01, 7.019408e-01
1113, 8.202035e-01, 6.096765e-01
1114, 8.202412e-01, 3.932288e-01
1115, 8.204133e-01, 2.990721e-01
1116, 8.209813e-01, 2.309614e-01
1117, 8.209890e-01, 4.504217e-01
1118, 8.214649e-01, 3.275195e-01
1119, 8.220755e-01, 5.772752e-01
1120, 8.223094e-01, 1.674871e-01
1121, 8.228563e-01, 7.645411e-01
1122, 8.248603e-01, 6.894879e-01
1123, 8.252051e-01, 5.285138e-01
1124, 8.256604e-01, 8.111091e-01
1125, 8.266059e-01, 7.142542e-01
1126, 8.266255e-01, 4.046307e-01
1127, 8.271171e-01, 6.220203e-01
1128, 8.274579e-01, 4.996211e-01
1129, 8.278488e-01, 8.411881e-01
1130, 8.279036e-01, 2.792800e-01
1131, 8.284586e-01, 1.848237e-01
1132, 8.287846e-01, 1.569516e-01
1133, 8.287878e-01, 3.421768e-01
1134, 8.290961e-01, 5.923073e-01
1135, 8.291451e-01, 2.511246e-01
1136, 8.294762e-01, 5.625978e-01
1137, 8.295359e-01, 4.693950e-01
1138, 8.297339e-01, 3.104720e-01
1139, 8.299951e-01, 2.179283e-01
1140, 8.301430e-01, 7.788311e-01
1141, 8.306431e-01, 4.371676e-01
1142, 8.308495e-01, 6.565121e-01
1143, 8.309317e-01, 7.473978e-01
1144, 8.311191e-01, 3.756654e-01
1145, 8.421062e-01, 6.570562e-01
1146, 8.432665e-01, 4.366965e-01
1147, 8.440730e-01, 2.180612e-01
1148, 8.455821e-01, 3.743550e-01
1149, 8.456092e-01, 3.106456e-01
1150, 8.456234e-01, 4.688329e-01
1151, 8.456558e-01, 5.300841e-01
1152, 8.458073e-01, 5.597556e-01
1153, 8.459595e-01, 7.452848e-01
1154, 8.461183e-01, 1.550536e-01
1155, 8.461636e-01, 3.432270e-01
1156, 8.467203e-01, 6.234559e-01
1157, 8.472318e-01, 8.410660e-01
1158, 8.475582e-01, 2.792800e-01
1159, 8.475726e-01, 5.937506e-01
1160, 8.481048e-01, 4.997452e-01
1161, 8.481447e-01, 1.880012e-01
1162, 8.483011e-01, 7.819480e-01
1163, 8.483051e-01, 8.103826e-01
1164, 8.485882e-01, 4.079148e-01
1165, 8.488288e-01, 6.864577e-01
1166, 1.738539e-01, 1.500000e-01
1167, 2.012303e-01, 1.500000e-01
1168, 2.315676e-01, 1.500000e-01
1169, 2.548602e-01, 1.500000e-01
1170, 2.817186e-01, 1.500000e-01
1171, 3.076526e-01, 1.500000e-01
1172, 3.386300e-01, 1.500000e-01
1173, 3.618573e-01, 1.500000e-01
1174, 3.928985e-01, 1.500000e-01
1175, 4.154810e-01, 1.500000e-01
1176, 4.446999e-01, 1.500000e-01
1177, 4.689956e-01, 1.500000e-01
1178, 4.996535e-01, 1.500000e-01
1179, 5.265811e-01, 1.500000e-01
1180, 5.572486e-01, 1.500000e-01
1181, 5.836836e-01, 1.500000e-01
1182, 6.099859e-01, 1.500000e-01
1183, 6.360192e-01, 1.500000e-01
1184, 6.631560e-01, 1.500000e-01
1185, 6.912164e-01, 1.500000e-01
1186, 7.151490e-01, 1.500000e-01
1187, 7.432621e-01, 1.500000e-01
1188, 7.705848e-01, 1.500000e-01
1189, 7.925343e-01, 1.500000e-01
1190, 8.251913e-01, 1.500000e-01
1191, 8.493226e-01, 1.500000e-01
1192, 8.500000e-01, 1.604697e-01
1193, 8.500000e-01, 1.844727e-01
1194, 1.500000e-01, 1.996406e-01
1195, 8.500000e-01, 1.915291e-01
1196, 1.500000e-01, 2.085171e-01
1197, 8.500000e-01, 2.073540e-01
1198, 1.500000e-01, 2.297761e-01
1199, 8.500000e-01, 2.255639e-01
1200, 1.500000e-01, 2.359014e-01
1201, 1.500000e-01, 2.602305e-01
1202, 1.500000e-01, 2.661506e-01
1203, 8.500000e-01, 2.745292e-01
1204, 1.500000e-01, 2.928558e-01
1205, 8.500000e-01, 2.838302e-01
1206, 1.500000e-01, 3.002361e-01
1207, 8.500000e-01, 3.056026e-01
1208, 1.500000e-01, 3.201833e-01
1209, 8.500000e-01, 3.201953e-01
1210, 1.500000e-01, 3.362140e-01
1211, 8.500000e-01, 3.369176e-01
1212, 1.500000e-01, 3.507903e-01
1213, 8.500000e-01, 3.511033e-01
1214, 1.500000e-01, 3.673379e-01
1215, 8.500000e-01, 3.652764e-01
1216, 1.500000e-01, 3.868184e-01
1217, 8.500000e-01, 3.797526e-01
1218, 1.500000e-01, 3.950639e-01
1219, 8.500000e-01, 4.049963e-01
1220, 1.500000e-01, 4.163690e-01
1221, 8.500000e-01, 4.111884e-01
1222, 1.500000e-01, 4.295281e-01
1223, 8.500000e-01, 4.241769e-01
1224, 8.500000e-01, 4.452638e-01
1225, 1.500000e-01, 4.531329e-01
1226, 8.500000e-01, 4.598273e-01
1227, 1.500000e-01, 4.755601e-01
1228, 8.500000e-01, 4.755017e-01
1229, 1.500000e-01, 4.944041e-01
1230, 8.500000e-01, 4.950853e-01
1231, 1.500000e-01, 5.078800e-01
1232, 8.500000e-01, 5.026205e-01
1233, 1.500000e-01, 5.159802e-01
1234, 8.500000e-01, 5.237746e-01
1235, 1.500000e-01, 5.400107e-01
1236, 8.500000e-01, 5.414767e-01
1237, 1.500000e-01, 5.541824e-01
1238, 8.500000e-01, 5.524633e-01
1239, 1.500000e-01, 5.657732e-01
1240, 8.500000e-01, 5.653435e-01
1241, 1.500000e-01, 5.897304e-01
1242, 8.500000e-01, 5.886377e-01
1243, 1.500000e-01, 6.058718e-01
1244, 8.500000e-01, 5.969727e-01
1245, 1.500000e-01, 6.170091e-01
1246, 8.500000e-01, 6.195778e-01
1247, 1.500000e-01, 6.309900e-01
1248, 8.500000e-01, 6.324545e-01
1249, 1.500000e-01, 6.443659e-01
1250, 8.500000e-01, 6.456805e-01
1251, 1.500000e-01, 6.716758e-01
1252, 8.500000e-01, 6.676690e-01
1253, 1.500000e-01, 6.753747e-01
1254, 8.500000e-01, 6.830632e-01
1255, 1.500000e-01, 7.003660e-01
1256, 8.500000e-01, 6.887462e-01
1257, 1.500000e-01, 7.277514e-01
1258, 1.500000e-01, 7.347923e-01
1259, 8.500000e-01, 7.400507e-01
1260, 1.500000e-01, 7.598307e-01
1261, 8.500000e-01, 7.512760e-01
1262, 1.500000e-01, 7.699791e-01
1263, 8.500000e-01, 7.791345e-01
1264, 1.500000e-01, 7.874701e-01
1265, 8.500000e-01, 7.847247e-01
1266, 1.500000e-01, 8.015709e-01
1267, 8.500000e-01, 8.053139e-01
1268, 1.500000e-01, 8.213640e-01
1269, 8.500000e-01, 8.130107e-01
1270, 1.500000e-01, 8.381226e-01
1271, 8.500000e-01, 8.373882e-01
1272, 1.786219e-01, 8.500000e-01
1273, 2.013428e-01, 8.500000e-01
1274, 2.324135e-01, 8.500000e-01
1275, 2.558600e-01, 8.500000e-01
1276, 2.809808e-01, 8.500000e-01
1277, 3.113026e-01, 8.500000e-01
1278, 3.384135e-01, 8.500000e-01
1279, 3.654255e-01, 8.500000e-01
1280, 3.931655e-01, 8.500000e-01
1281, 4.200668e-01, 8.500000e-01
1282, 4.477998e-01, 8.500000e-01
1283, 4.726887e-01, 8.500000e-01
1284, 4.988610e-01, 8.500000e-01
1285, 5.252076e-01, 8.500000e-01
1286, 5.556937e-01, 8.500000e-01
1287, 5.820795e-01, 8.500000e-01
1288, 6.075680e-01, 8.500000e-01
1289, 6.337327e-01, 8.500000e-01
1290, 6.639834e-01, 8.500000e-01
1291, 6.874844e-01, 8.500000e-01
1292, 7.129864e-01, 8.500000e-01
1293, 7.403311e-01, 8.500000e-01
1294, 7.712276e-01, 8.500000e-01
1295, 7.963248e-01, 8.500000e-01
1296, 8.230093e-01, 8.500000e-01
1297, 8.500000e-01, 8.473697e-01
1298, 1.501121e-01, 1.726471e-01
1299, 8.498801e-01, 2.502022e-01
1300, 1.503685e-01, 7.029340e-01
1301, 8.499198e-01, 7.153821e-01
