1, 1.522866e-01, 4.378599e-01
2, 1.528353e-01, 3.207988e-01
3, 1.530737e-01, 7.399291e-01
4, 1.532085e-01, 3.620415e-01
5, 1.536130e-01, 5.918573e-01
6, 1.540878e-01, 5.680731e-01
7, 1.551367e-01, 3.992092e-01
8, 1.564432e-01, 2.660275e-01
9, 1.568255e-01, 5.948376e-01
10, 1.569458e-01, 7.145808e-01
11, 1.584990e-01, 6.868335e-01
12, 1.585510e-01, 5.055701e-01
13, 1.603939e-01, 2.693190e-01
14, 1.617390e-01, 6.242890e-01
15, 1.619784e-01, 2.341686e-01
16, 1.629038e-01, 8.343816e-01
17, 1.633544e-01, 5.067499e-01
18, 1.633969e-01, 2.922163e-01
19, 1.642274e-01, 1.678562e-01
20, 1.647973e-01, 4.583420e-01
21, 1.650205e-01, 3.647555e-01
22, 1.673469e-01, 6.282254e-01
23, 1.693332e-01, 6.815277e-01
24, 1.712267e-01, 5.348392e-01
25, 1.715397e-01, 6.479880e-01
26, 1.717450e-01, 7.984964e-01
27, 1.726367e-01, 4.593902e-01
28, 1.733843e-01, 7.513152e-01
29, 1.733955e-01, 2.035053e-01
30, 1.733993e-01, 3.775914e-01
31, 1.744617e-01, 4.249009e-01
32, 1.754718e-01, 3.002867e-01
33, 1.761320e-01, 2.274461e-01
34, 1.767007e-01, 4.190947e-01
35, 1.771156e-01, 1.999422e-01
36, 1.773357e-01, 5.233352e-01
37, 1.776566e-01, 6.540130e-01
38, 1.784342e-01, 1.772567e-01
39, 1.790691e-01, 5.573375e-01
40, 1.811842e-01, 3.460796e-01
41, 1.826083e-01, 5.937472e-01
42, 1.827443e-01, 7.459771e-01
43, 1.843595e-01, 5.592816e-01
44, 1.846886e-01, 8.338031e-01
45, 1.864256e-01, 4.481534e-01
46, 1.888614e-01, 7.187399e-01
47, 1.899519e-01, 8.387569e-01
48, 1.902478e-01, 8.066730e-01
49, 1.906518e-01, 6.897768e-01
50, 1.907608e-01, 2.338425e-01
51, 1.925852e-01, 5.771285e-01
52, 1.928914e-01, 2.653694e-01
53, 1.936097e-01, 5.215666e-01
54, 1.941715e-01, 2.876246e-01
55, 1.955277e-01, 1.671455e-01
56, 1.955455e-01, 2.623722e-01
57, 1.959528e-01, 3.538335e-01
58, 1.966537e-01, 3.841653e-01
59, 1.968302e-01, 4.062537e-01
60, 1.978030e-01, 6.554889e-01
61, 2.001004e-01, 3.214231e-01
62, 2.017830e-01, 6.475606e-01
63, 2.027415e-01, 7.560214e-01
64, 2.027528e-01, 5.076200e-01
65, 2.032935e-01, 7.784961e-01
66, 2.037051e-01, 7.962373e-01
67, 2.048250e-01, 1.697890e-01
68, 2.074998e-01, 5.441750e-01
69, 2.080357e-01, 5.776603e-01
70, 2.083506e-01, 2.049076e-01
71, 2.086487e-01, 6.741791e-01
72, 2.089058e-01, 2.957768e-01
73, 2.097572e-01, 4.474819e-01
74, 2.100151e-01, 4.681562e-01
75, 2.107175e-01, 4.172887e-01
76, 2.110886e-01, 3.323838e-01
77, 2.124604e-01, 3.436220e-01
78, 2.132162e-01, 6.753764e-01
79, 2.133610e-01, 2.180350e-01
80, 2.155734e-01, 1.860479e-01
81, 2.184730e-01, 5.616968e-01
82, 2.191490e-01, 8.064577e-01
83, 2.204172e-01, 2.210688e-01
84, 2.205027e-01, 7.268487e-01
85, 2.221778e-01, 6.074268e-01
86, 2.223795e-01, 3.795064e-01
87, 2.226904e-01, 2.649106e-01
88, 2.241468e-01, 3.520413e-01
89, 2.252653e-01, 6.399913e-01
90, 2.255680e-01, 7.355208e-01
91, 2.262039e-01, 7.781300e-01
92, 2.262070e-01, 4.094026e-01
93, 2.266148e-01, 5.948095e-01
94, 2.293546e-01, 4.800297e-01
95, 2.295625e-01, 7.027295e-01
96, 2.305731e-01, 3.853849e-01
97, 2.308814e-01, 5.320612e-01
98, 2.318788e-01, 2.523571e-01
99, 2.330411e-01, 8.014048e-01
100, 2.352184e-01, 1.841208e-01
101, 2.354258e-01, 7.937345e-01
102, 2.354697e-01, 3.295143e-01
103, 2.356521e-01, 6.270450e-01
104, 2.371983e-01, 1.527009e-01
105, 2.385485e-01, 7.580398e-01
106, 2.394983e-01, 5.886039e-01
107, 2.400263e-01, 5.390736e-01
108, 2.414315e-01, 3.426864e-01
109, 2.430352e-01, 4.193806e-01
110, 2.430956e-01, 3.080949e-01
111, 2.442216e-01, 7.018461e-01
112, 2.444996e-01, 4.463948e-01
113, 2.454769e-01, 8.385754e-01
114, 2.462258e-01, 4.637894e-01
115, 2.469081e-01, 2.516378e-01
116, 2.474518e-01, 2.134098e-01
117, 2.474734e-01, 4.430155e-01
118, 2.476547e-01, 1.681744e-01
119, 2.493980e-01, 2.080600e-01
120, 2.497101e-01, 3.840057e-01
121, 2.507666e-01, 3.460203e-01
122, 2.520245e-01, 8.256290e-01
123, 2.542257e-01, 7.258779e-01
124, 2.545290e-01, 6.008569e-01
125, 2.552057e-01, 6.837951e-01
126, 2.553301e-01, 6.263354e-01
127, 2.560862e-01, 2.765062e-01
128, 2.570499e-01, 7.207438e-01
129, 2.572313e-01, 5.035099e-01
130, 2.575299e-01, 6.453563e-01
131, 2.578578e-01, 2.298952e-01
132, 2.580221e-01, 7.593472e-01
133, 2.581292e-01, 2.679770e-01
134, 2.600848e-01, 3.658962e-01
135, 2.622426e-01, 5.078360e-01
136, 2.632620e-01, 4.787342e-01
137, 2.639007e-01, 7.480952e-01
138, 2.644097e-01, 4.018351e-01
139, 2.654790e-01, 1.688953e-01
140, 2.670386e-01, 5.319123e-01
141, 2.671529e-01, 1.973789e-01
142, 2.673136e-01, 3.038911e-01
143, 2.674405e-01, 7.795220e-01
144, 2.678912e-01, 5.624759e-01
145, 2.685098e-01, 7.763997e-01
146, 2.702467e-01, 2.954138e-01
147, 2.714339e-01, 5.913159e-01
148, 2.720658e-01, 4.386521e-01
149, 2.726838e-01, 5.571472e-01
150, 2.727367e-01, 5.370828e-01
151, 2.733708e-01, 4.047017e-01
152, 2.736779e-01, 8.219948e-01
153, 2.744725e-01, 6.839382e-01
154, 2.767675e-01, 6.574785e-01
155, 2.769818e-01, 3.343488e-01
156, 2.771083e-01, 7.124753e-01
157, 2.780822e-01, 6.876273e-01
158, 2.786617e-01, 4.264900e-01
159, 2.792230e-01, 8.034192e-01
160, 2.795041e-01, 3.255368e-01
161, 2.802148e-01, 2.034115e-01
162, 2.817776e-01, 3.622795e-01
163, 2.827867e-01, 7.157888e-01
164, 2.836947e-01, 2.316019e-01
165, 2.843376e-01, 2.568017e-01
166, 2.855537e-01, 4.674629e-01
167, 2.860578e-01, 7.454709e-01
168, 2.861056e-01, 3.539324e-01
169, 2.870666e-01, 5.969973e-01
170, 2.879741e-01, 6.252298e-01
171, 2.880176e-01, 5.095894e-01
172, 2.884778e-01, 4.573517e-01
173, 2.906816e-01, 6.501217e-01
174, 2.916625e-01, 3.189762e-01
175, 2.918449e-01, 7.512823e-01
176, 2.930185e-01, 6.293656e-01
177, 2.946167e-01, 2.916577e-01
178, 2.946553e-01, 7.693893e-01
179, 2.957293e-01, 5.257307e-01
180, 2.965853e-01, 5.225004e-01
181, 2.979408e-01, 4.313174e-01
182, 2.993563e-01, 1.689008e-01
183, 3.004427e-01, 4.883577e-01
184, 3.008870e-01, 1.925847e-01
185, 3.011198e-01, 2.708564e-01
186, 3.021995e-01, 2.850484e-01
187, 3.030421e-01, 4.499380e-01
188, 3.038334e-01, 7.063298e-01
189, 3.039608e-01, 1.761174e-01
190, 3.042406e-01, 7.757673e-01
191, 3.043330e-01, 6.867715e-01
192, 3.045502e-01, 8.339997e-01
193, 3.050450e-01, 7.941877e-01
194, 3.054520e-01, 4.448957e-01
195, 3.072970e-01, 6.905147e-01
196, 3.076573e-01, 5.627817e-01
197, 3.083417e-01, 6.622803e-01
198, 3.104458e-01, 4.127758e-01
199, 3.106746e-01, 5.833892e-01
200, 3.113097e-01, 5.548637e-01
201, 3.119195e-01, 8.026001e-01
202, 3.120391e-01, 5.765916e-01
203, 3.125767e-01, 2.285853e-01
204, 3.130199e-01, 3.801755e-01
205, 3.134192e-01, 4.887820e-01
206, 3.156508e-01, 8.401723e-01
207, 3.160823e-01, 2.103243e-01
208, 3.166919e-01, 2.325436e-01
209, 3.167221e-01, 3.290974e-01
210, 3.179715e-01, 2.558304e-01
211, 3.186404e-01, 5.095984e-01
212, 3.192648e-01, 6.259779e-01
213, 3.211417e-01, 5.025951e-01
214, 3.221115e-01, 4.747780e-01
215, 3.245688e-01, 7.669526e-01
216, 3.249626e-01, 7.457346e-01
217, 3.273140e-01, 1.782150e-01
218, 3.277303e-01, 6.075868e-01
219, 3.277717e-01, 7.256629e-01
220, 3.279454e-01, 7.511670e-01
221, 3.280848e-01, 6.510235e-01
222, 3.289673e-01, 4.356260e-01
223, 3.295544e-01, 3.870790e-01
224, 3.297567e-01, 3.182184e-01
225, 3.301814e-01, 6.415878e-01
226, 3.307678e-01, 5.508377e-01
227, 3.321453e-01, 2.635248e-01
228, 3.334474e-01, 6.927149e-01
229, 3.387926e-01, 7.765227e-01
230, 3.389740e-01, 5.361267e-01
231, 3.390544e-01, 8.302459e-01
232, 3.394149e-01, 2.275247e-01
233, 3.398004e-01, 1.608537e-01
234, 3.424670e-01, 6.681160e-01
235, 3.428678e-01, 7.148293e-01
236, 3.438525e-01, 7.055890e-01
237, 3.439413e-01, 8.022080e-01
238, 3.442936e-01, 3.738896e-01
239, 3.443459e-01, 2.171575e-01
240, 3.443746e-01, 6.049365e-01
241, 3.454620e-01, 4.548724e-01
242, 3.456526e-01, 3.572704e-01
243, 3.461602e-01, 4.943461e-01
244, 3.498207e-01, 3.294458e-01
245, 3.499816e-01, 5.946481e-01
246, 3.500988e-01, 1.604045e-01
247, 3.523571e-01, 8.032345e-01
248, 3.525949e-01, 7.509355e-01
249, 3.540793e-01, 3.492929e-01
250, 3.565113e-01, 6.308573e-01
251, 3.565503e-01, 7.254529e-01
252, 3.577794e-01, 8.426682e-01
253, 3.586918e-01, 2.913863e-01
254, 3.596037e-01, 6.243147e-01
255, 3.597721e-01, 5.600053e-01
256, 3.617445e-01, 7.635052e-01
257, 3.621263e-01, 5.334129e-01
258, 3.623958e-01, 4.170612e-01
259, 3.644340e-01, 5.088387e-01
260, 3.644759e-01, 6.671870e-01
261, 3.653224e-01, 5.291206e-01
262, 3.661600e-01, 4.374665e-01
263, 3.662176e-01, 1.836074e-01
264, 3.667995e-01, 2.771550e-01
265, 3.675918e-01, 1.758239e-01
266, 3.677985e-01, 7.876941e-01
267, 3.698451e-01, 2.217937e-01
268, 3.700060e-01, 6.576660e-01
269, 3.706639e-01, 4.096081e-01
270, 3.710364e-01, 3.882774e-01
271, 3.720108e-01, 3.509862e-01
272, 3.752292e-01, 6.190743e-01
273, 3.753880e-01, 6.959604e-01
274, 3.764975e-01, 5.707819e-01
275, 3.765735e-01, 6.898763e-01
276, 3.766600e-01, 2.372656e-01
277, 3.785189e-01, 7.187941e-01
278, 3.791665e-01, 4.969351e-01
279, 3.805913e-01, 2.034910e-01
280, 3.807469e-01, 4.745163e-01
281, 3.820592e-01, 1.663507e-01
282, 3.827141e-01, 3.804026e-01
283, 3.829986e-01, 7.100606e-01
284, 3.832448e-01, 4.474710e-01
285, 3.834378e-01, 2.386761e-01
286, 3.839565e-01, 3.358079e-01
287, 3.855395e-01, 3.688481e-01
288, 3.860945e-01, 8.436980e-01
289, 3.883932e-01, 7.532478e-01
290, 3.888699e-01, 4.092726e-01
291, 3.889768e-01, 2.749892e-01
292, 3.899181e-01, 6.555872e-01
293, 3.906474e-01, 7.482254e-01
294, 3.909269e-01, 6.793446e-01
295, 3.911776e-01, 7.915770e-01
296, 3.935752e-01, 6.315407e-01
297, 3.940458e-01, 2.590588e-01
298, 3.942488e-01, 6.507322e-01
299, 3.947085e-01, 3.995855e-01
300, 3.948421e-01, 5.277629e-01
301, 3.949106e-01, 3.029610e-01
302, 3.979269e-01, 7.697941e-01
303, 3.979860e-01, 2.891216e-01
304, 3.980050e-01, 5.107746e-01
305, 3.987353e-01, 4.390477e-01
306, 3.998619e-01, 5.330686e-01
307, 4.015403e-01, 4.301365e-01
308, 4.017470e-01, 3.352799e-01
309, 4.017783e-01, 5.595076e-01
310, 4.020249e-01, 8.079408e-01
311, 4.027556e-01, 2.071222e-01
312, 4.031222e-01, 2.223531e-01
313, 4.034576e-01, 7.112438e-01
314, 4.051237e-01, 1.777610e-01
315, 4.081296e-01, 4.719353e-01
316, 4.083191e-01, 7.066224e-01
317, 4.089309e-01, 7.373063e-01
318, 4.096703e-01, 8.454703e-01
319, 4.096771e-01, 3.198024e-01
320, 4.126971e-01, 4.579485e-01
321, 4.128733e-01, 6.897671e-01
322, 4.133350e-01, 3.587010e-01
323, 4.146074e-01, 2.844223e-01
324, 4.153744e-01, 8.293930e-01
325, 4.158061e-01, 5.683776e-01
326, 4.159110e-01, 3.969454e-01
327, 4.162573e-01, 6.210084e-01
328, 4.178822e-01, 3.604315e-01
329, 4.203733e-01, 1.701154e-01
330, 4.207557e-01, 2.551414e-01
331, 4.216323e-01, 6.237116e-01
332, 4.219243e-01, 2.377817e-01
333, 4.225831e-01, 6.836903e-01
334, 4.227887e-01, 4.978394e-01
335, 4.239996e-01, 4.906678e-01
336, 4.246920e-01, 3.766083e-01
337, 4.247843e-01, 2.513633e-01
338, 4.268322e-01, 6.552354e-01
339, 4.274654e-01, 5.329622e-01
340, 4.277705e-01, 7.949317e-01
341, 4.294481e-01, 7.743185e-01
342, 4.302494e-01, 7.449630e-01
343, 4.311841e-01, 1.781107e-01
344, 4.322389e-01, 1.965899e-01
345, 4.325664e-01, 5.589454e-01
346, 4.330491e-01, 7.696422e-01
347, 4.333710e-01, 3.169619e-01
348, 4.345382e-01, 5.542322e-01
349, 4.348295e-01, 4.489408e-01
350, 4.352875e-01, 5.155901e-01
351, 4.360124e-01, 3.012473e-01
352, 4.374805e-01, 7.388002e-01
353, 4.375376e-01, 3.210804e-01
354, 4.380812e-01, 2.012851e-01
355, 4.388303e-01, 4.402543e-01
356, 4.396040e-01, 3.472596e-01
357, 4.406531e-01, 2.284716e-01
358, 4.411444e-01, 4.829121e-01
359, 4.418424e-01, 2.516054e-01
360, 4.418820e-01, 5.969751e-01
361, 4.428488e-01, 6.931659e-01
362, 4.433024e-01, 7.126655e-01
363, 4.447754e-01, 5.146238e-01
364, 4.455307e-01, 4.717962e-01
365, 4.459508e-01, 8.084122e-01
366, 4.466299e-01, 8.249584e-01
367, 4.473139e-01, 4.078861e-01
368, 4.474825e-01, 6.541515e-01
369, 4.475433e-01, 2.340433e-01
370, 4.483075e-01, 5.775971e-01
371, 4.511154e-01, 3.798838e-01
372, 4.521844e-01, 3.541928e-01
373, 4.521956e-01, 8.324374e-01
374, 4.547468e-01, 4.986026e-01
375, 4.550492e-01, 3.768184e-01
376, 4.555007e-01, 1.626728e-01
377, 4.562417e-01, 2.645118e-01
378, 4.568304e-01, 6.353119e-01
379, 4.571621e-01, 2.884277e-01
380, 4.597574e-01, 1.636465e-01
381, 4.615307e-01, 7.994948e-01
382, 4.625298e-01, 7.718213e-01
383, 4.628711e-01, 2.017018e-01
384, 4.629516e-01, 5.775375e-01
385, 4.645841e-01, 5.464458e-01
386, 4.650060e-01, 2.924479e-01
387, 4.650275e-01, 7.749266e-01
388, 4.672811e-01, 3.148668e-01
389, 4.682376e-01, 4.192480e-01
390, 4.683426e-01, 7.144804e-01
391, 4.683650e-01, 5.358710e-01
392, 4.699244e-01, 7.456008e-01
393, 4.700017e-01, 6.042425e-01
394, 4.709728e-01, 1.868518e-01
395, 4.718425e-01, 4.585406e-01
396, 4.723227e-01, 5.626130e-01
397, 4.736575e-01, 3.456181e-01
398, 4.761089e-01, 3.221005e-01
399, 4.767787e-01, 3.794864e-01
400, 4.771337e-01, 6.991570e-01
401, 4.779431e-01, 2.597658e-01
402, 4.781979e-01, 8.064046e-01
403, 4.809692e-01, 6.065506e-01
404, 4.812866e-01, 7.373014e-01
405, 4.822612e-01, 2.483068e-01
406, 4.823174e-01, 6.363042e-01
407, 4.833894e-01, 3.528316e-01
408, 4.838538e-01, 3.871244e-01
409, 4.843617e-01, 5.275466e-01
410, 4.843639e-01, 4.694115e-01
411, 4.847085e-01, 4.969788e-01
412, 4.853452e-01, 4.029685e-01
413, 4.865302e-01, 1.521829e-01
414, 4.873845e-01, 6.146914e-01
415, 4.889932e-01, 5.019187e-01
416, 4.903331e-01, 7.784777e-01
417, 4.910551e-01, 1.815098e-01
418, 4.934663e-01, 7.021787e-01
419, 4.942259e-01, 3.193068e-01
420, 4.951963e-01, 6.568826e-01
421, 4.957028e-01, 4.632046e-01
422, 4.963378e-01, 1.684414e-01
423, 4.974243e-01, 4.406412e-01
424, 4.975084e-01, 5.348326e-01
425, 4.978000e-01, 7.934754e-01
426, 4.982642e-01, 7.566232e-01
427, 4.995731e-01, 5.648667e-01
428, 5.007537e-01, 7.946724e-01
429, 5.009106e-01, 4.441014e-01
430, 5.019878e-01, 2.120504e-01
431, 5.021299e-01, 8.362100e-01
432, 5.021637e-01, 5.828704e-01
433, 5.026573e-01, 2.970751e-01
434, 5.031249e-01, 5.610671e-01
435, 5.045771e-01, 2.012320e-01
436, 5.052129e-01, 6.749515e-01
437, 5.054932e-01, 4.142950e-01
438, 5.085335e-01, 3.465646e-01
439, 5.088647e-01, 2.471307e-01
440, 5.104331e-01, 3.341984e-01
441, 5.110850e-01, 8.162086e-01
442, 5.116292e-01, 7.540787e-01
443, 5.123780e-01, 5.044172e-01
444, 5.131661e-01, 6.456586e-01
445, 5.142765e-01, 3.819384e-01
446, 5.158102e-01, 6.197950e-01
447, 5.166792e-01, 2.299046e-01
448, 5.167989e-01, 5.233597e-01
449, 5.174650e-01, 2.606447e-01
450, 5.205585e-01, 4.098943e-01
451, 5.210304e-01, 2.619841e-01
452, 5.213957e-01, 7.391560e-01
453, 5.219924e-01, 5.896211e-01
454, 5.225086e-01, 4.019656e-01
455, 5.226245e-01, 1.703016e-01
456, 5.226657e-01, 4.422081e-01
457, 5.232132e-01, 1.933988e-01
458, 5.232217e-01, 3.632937e-01
459, 5.240841e-01, 4.763668e-01
460, 5.247767e-01, 5.611382e-01
461, 5.248466e-01, 2.973125e-01
462, 5.256966e-01, 5.871260e-01
463, 5.260520e-01, 1.739493e-01
464, 5.276543e-01, 2.928399e-01
465, 5.290352e-01, 7.878676e-01
466, 5.302939e-01, 4.231552e-01
467, 5.309892e-01, 6.555228e-01
468, 5.310023e-01, 3.631426e-01
469, 5.310639e-01, 8.127275e-01
470, 5.319561e-01, 3.222815e-01
471, 5.327006e-01, 5.347421e-01
472, 5.330718e-01, 5.533575e-01
473, 5.344746e-01, 7.757230e-01
474, 5.356366e-01, 8.037974e-01
475, 5.362269e-01, 7.018254e-01
476, 5.371601e-01, 3.246462e-01
477, 5.371827e-01, 2.257501e-01
478, 5.381115e-01, 4.699591e-01
479, 5.391812e-01, 4.637611e-01
480, 5.398395e-01, 2.112663e-01
481, 5.398779e-01, 2.539397e-01
482, 5.405824e-01, 2.297195e-01
483, 5.407047e-01, 8.439753e-01
484, 5.417357e-01, 4.954271e-01
485, 5.419283e-01, 8.407173e-01
486, 5.450335e-01, 5.930185e-01
487, 5.459974e-01, 4.808415e-01
488, 5.467693e-01, 7.418014e-01
489, 5.476285e-01, 3.427031e-01
490, 5.483559e-01, 1.742744e-01
491, 5.485199e-01, 6.215439e-01
492, 5.493241e-01, 7.660422e-01
493, 5.503518e-01, 6.415657e-01
494, 5.510830e-01, 4.262718e-01
495, 5.518437e-01, 6.245418e-01
496, 5.553405e-01, 7.116645e-01
497, 5.562240e-01, 2.626244e-01
498, 5.569613e-01, 2.018358e-01
499, 5.580157e-01, 3.128595e-01
500, 5.580189e-01, 2.851311e-01
501, 5.588929e-01, 4.476978e-01
502, 5.595845e-01, 5.595201e-01
503, 5.604172e-01, 6.739265e-01
504, 5.613096e-01, 2.875200e-01
505, 5.617520e-01, 7.088134e-01
506, 5.624483e-01, 1.615056e-01
507, 5.624877e-01, 4.109228e-01
508, 5.628559e-01, 7.724999e-01
509, 5.644078e-01, 6.553703e-01
510, 5.644763e-01, 8.062560e-01
511, 5.657947e-01, 4.499451e-01
512, 5.669179e-01, 8.029964e-01
513, 5.674051e-01, 5.482374e-01
514, 5.675869e-01, 4.808149e-01
515, 5.678581e-01, 8.243871e-01
516, 5.681445e-01, 5.779358e-01
517, 5.681491e-01, 6.841763e-01
518, 5.687112e-01, 2.054099e-01
519, 5.687262e-01, 3.448862e-01
520, 5.707472e-01, 6.234180e-01
521, 5.714788e-01, 3.723417e-01
522, 5.715218e-01, 5.790644e-01
523, 5.732300e-01, 2.551973e-01
524, 5.747216e-01, 3.223264e-01
525, 5.750585e-01, 4.674463e-01
526, 5.802433e-01, 7.187636e-01
527, 5.822878e-01, 5.135787e-01
528, 5.826834e-01, 1.706499e-01
529, 5.829168e-01, 5.458314e-01
530, 5.837870e-01, 6.824253e-01
531, 5.844222e-01, 7.351230e-01
532, 5.846045e-01, 7.666232e-01
533, 5.850604e-01, 3.150186e-01
534, 5.850703e-01, 6.039632e-01
535, 5.851244e-01, 8.334463e-01
536, 5.853916e-01, 5.021422e-01
537, 5.860458e-01, 2.634543e-01
538, 5.875370e-01, 7.385607e-01
539, 5.893630e-01, 5.237878e-01
540, 5.906415e-01, 5.686424e-01
541, 5.907308e-01, 3.815326e-01
542, 5.911714e-01, 4.090548e-01
543, 5.918654e-01, 4.356579e-01
544, 5.931246e-01, 7.723405e-01
545, 5.945317e-01, 5.603007e-01
546, 5.972408e-01, 8.009907e-01
547, 5.974889e-01, 2.287141e-01
548, 5.977534e-01, 6.057709e-01
549, 5.980866e-01, 6.602985e-01
550, 5.992439e-01, 7.023838e-01
551, 5.999523e-01, 8.244091e-01
552, 6.002091e-01, 4.925385e-01
553, 6.014238e-01, 4.706047e-01
554, 6.021820e-01, 3.486287e-01
555, 6.031747e-01, 4.454613e-01
556, 6.037732e-01, 3.245634e-01
557, 6.041154e-01, 5.976269e-01
558, 6.049008e-01, 3.516803e-01
559, 6.049232e-01, 4.668198e-01
560, 6.052390e-01, 2.538467e-01
561, 6.052695e-01, 3.706321e-01
562, 6.056108e-01, 7.393449e-01
563, 6.079121e-01, 2.475687e-01
564, 6.079886e-01, 2.118386e-01
565, 6.082653e-01, 6.257926e-01
566, 6.108872e-01, 8.286821e-01
567, 6.113743e-01, 1.568317e-01
568, 6.126315e-01, 6.266823e-01
569, 6.153521e-01, 6.621282e-01
570, 6.169903e-01, 7.633586e-01
571, 6.179641e-01, 5.012377e-01
572, 6.187249e-01, 7.223779e-01
573, 6.200872e-01, 7.548082e-01
574, 6.206523e-01, 5.496460e-01
575, 6.207265e-01, 2.891967e-01
576, 6.215799e-01, 7.964264e-01
577, 6.221026e-01, 4.094791e-01
578, 6.221873e-01, 6.506805e-01
579, 6.224517e-01, 5.283626e-01
580, 6.228621e-01, 2.781925e-01
581, 6.235731e-01, 2.136033e-01
582, 6.240916e-01, 3.804543e-01
583, 6.251554e-01, 4.349249e-01
584, 6.253773e-01, 3.159232e-01
585, 6.263288e-01, 4.059523e-01
586, 6.274364e-01, 3.008076e-01
587, 6.300539e-01, 6.877694e-01
588, 6.302896e-01, 7.202473e-01
589, 6.303048e-01, 7.812683e-01
590, 6.319515e-01, 1.942333e-01
591, 6.320506e-01, 4.896101e-01
592, 6.328530e-01, 4.681921e-01
593, 6.344044e-01, 6.158130e-01
594, 6.345817e-01, 5.952969e-01
595, 6.349887e-01, 3.408367e-01
596, 6.351736e-01, 5.617080e-01
597, 6.377383e-01, 3.327541e-01
598, 6.387080e-01, 4.433556e-01
599, 6.387177e-01, 5.893561e-01
600, 6.391916e-01, 4.626282e-01
601, 6.398940e-01, 7.022937e-01
602, 6.406579e-01, 1.642353e-01
603, 6.407745e-01, 7.467500e-01
604, 6.412842e-01, 2.709503e-01
605, 6.417167e-01, 3.719496e-01
606, 6.436824e-01, 4.075527e-01
607, 6.451384e-01, 3.647777e-01
608, 6.479732e-01, 7.493743e-01
609, 6.481035e-01, 2.529850e-01
610, 6.486688e-01, 6.270389e-01
611, 6.496264e-01, 6.480352e-01
612, 6.504806e-01, 7.776138e-01
613, 6.521621e-01, 6.704613e-01
614, 6.530751e-01, 6.424486e-01
615, 6.533810e-01, 2.901409e-01
616, 6.544642e-01, 7.698284e-01
617, 6.549226e-01, 3.929268e-01
618, 6.554997e-01, 5.514094e-01
619, 6.560669e-01, 5.021394e-01
620, 6.565251e-01, 5.244464e-01
621, 6.573094e-01, 3.295536e-01
622, 6.577960e-01, 1.733214e-01
623, 6.587339e-01, 2.221200e-01
624, 6.590904e-01, 1.952929e-01
625, 6.595432e-01, 2.916177e-01
626, 6.598240e-01, 5.267172e-01
627, 6.618345e-01, 8.100965e-01
628, 6.634319e-01, 8.048729e-01
629, 6.650666e-01, 4.679885e-01
630, 6.658523e-01, 7.388089e-01
631, 6.660915e-01, 5.875155e-01
632, 6.684814e-01, 3.614890e-01
633, 6.686401e-01, 3.156003e-01
634, 6.709469e-01, 6.826504e-01
635, 6.710741e-01, 2.288013e-01
636, 6.711234e-01, 5.835349e-01
637, 6.712157e-01, 5.637962e-01
638, 6.712323e-01, 4.880516e-01
639, 6.718648e-01, 5.258089e-01
640, 6.718869e-01, 3.915466e-01
641, 6.720825e-01, 6.123201e-01
642, 6.725468e-01, 4.580260e-01
643, 6.729893e-01, 3.486186e-01
644, 6.736961e-01, 2.532728e-01
645, 6.749316e-01, 2.799349e-01
646, 6.753187e-01, 8.285817e-01
647, 6.760406e-01, 2.557360e-01
648, 6.779119e-01, 1.612953e-01
649, 6.780054e-01, 3.777456e-01
650, 6.787093e-01, 4.919886e-01
651, 6.818243e-01, 7.679366e-01
652, 6.833040e-01, 7.478491e-01
653, 6.839813e-01, 7.935212e-01
654, 6.841658e-01, 7.652284e-01
655, 6.842142e-01, 6.747654e-01
656, 6.872431e-01, 5.112979e-01
657, 6.884998e-01, 5.535576e-01
658, 6.892403e-01, 5.473103e-01
659, 6.902470e-01, 2.197384e-01
660, 6.908605e-01, 1.682937e-01
661, 6.910510e-01, 4.538684e-01
662, 6.912549e-01, 5.878352e-01
663, 6.915262e-01, 3.183475e-01
664, 6.916599e-01, 6.186278e-01
665, 6.936299e-01, 2.865837e-01
666, 6.958965e-01, 3.377089e-01
667, 6.961348e-01, 3.222919e-01
668, 6.974416e-01, 4.379965e-01
669, 6.984582e-01, 7.105619e-01
670, 7.011691e-01, 6.091849e-01
671, 7.012306e-01, 6.819172e-01
672, 7.013795e-01, 5.692420e-01
673, 7.025036e-01, 7.328417e-01
674, 7.029049e-01, 5.129634e-01
675, 7.030377e-01, 7.154756e-01
676, 7.030604e-01, 4.759932e-01
677, 7.032537e-01, 8.018865e-01
678, 7.038486e-01, 4.726671e-01
679, 7.045243e-01, 2.812392e-01
680, 7.066655e-01, 2.589727e-01
681, 7.074101e-01, 3.742749e-01
682, 7.074185e-01, 4.018809e-01
683, 7.088004e-01, 6.470427e-01
684, 7.090935e-01, 3.498404e-01
685, 7.098009e-01, 1.525265e-01
686, 7.108739e-01, 7.948779e-01
687, 7.124745e-01, 7.726269e-01
688, 7.130680e-01, 2.280160e-01
689, 7.131322e-01, 4.994113e-01
690, 7.146171e-01, 5.332274e-01
691, 7.168333e-01, 1.973379e-01
692, 7.181466e-01, 7.431289e-01
693, 7.193711e-01, 7.677588e-01
694, 7.206690e-01, 5.362563e-01
695, 7.207910e-01, 3.129190e-01
696, 7.223855e-01, 2.949690e-01
697, 7.226633e-01, 6.726207e-01
698, 7.231315e-01, 4.346072e-01
699, 7.232041e-01, 8.311868e-01
700, 7.235118e-01, 3.154941e-01
701, 7.242973e-01, 6.282295e-01
702, 7.244816e-01, 5.656662e-01
703, 7.245798e-01, 1.581512e-01
704, 7.246817e-01, 2.196353e-01
705, 7.253313e-01, 7.098787e-01
706, 7.253672e-01, 4.320516e-01
707, 7.258322e-01, 4.130494e-01
708, 7.259307e-01, 2.134401e-01
709, 7.281157e-01, 5.603061e-01
710, 7.288918e-01, 4.631550e-01
711, 7.289154e-01, 3.445700e-01
712, 7.300926e-01, 1.758622e-01
713, 7.301682e-01, 2.627491e-01
714, 7.308431e-01, 7.961232e-01
715, 7.310982e-01, 5.912327e-01
716, 7.322932e-01, 6.866975e-01
717, 7.340242e-01, 3.715860e-01
718, 7.342168e-01, 8.246750e-01
719, 7.346047e-01, 6.273591e-01
720, 7.359653e-01, 3.481031e-01
721, 7.383104e-01, 4.963575e-01
722, 7.384415e-01, 5.952944e-01
723, 7.419207e-01, 4.039282e-01
724, 7.419402e-01, 2.808684e-01
725, 7.421140e-01, 4.703316e-01
726, 7.424855e-01, 6.197635e-01
727, 7.425980e-01, 5.248167e-01
728, 7.428002e-01, 7.330064e-01
729, 7.434647e-01, 4.902789e-01
730, 7.435192e-01, 7.731156e-01
731, 7.445185e-01, 3.823784e-01
732, 7.451228e-01, 2.396395e-01
733, 7.452585e-01, 6.575372e-01
734, 7.452906e-01, 7.241766e-01
735, 7.468040e-01, 7.855062e-01
736, 7.477496e-01, 3.170915e-01
737, 7.491449e-01, 2.818280e-01
738, 7.494313e-01, 1.784526e-01
739, 7.516190e-01, 6.590636e-01
740, 7.537644e-01, 5.605675e-01
741, 7.540652e-01, 4.141601e-01
742, 7.544414e-01, 4.329313e-01
743, 7.546888e-01, 2.022244e-01
744, 7.551808e-01, 8.242113e-01
745, 7.556350e-01, 7.565931e-01
746, 7.560678e-01, 5.300347e-01
747, 7.564154e-01, 3.406662e-01
748, 7.567379e-01, 6.921249e-01
749, 7.569097e-01, 1.959976e-01
750, 7.579004e-01, 4.596787e-01
751, 7.579685e-01, 2.979899e-01
752, 7.581977e-01, 5.842328e-01
753, 7.582132e-01, 7.920935e-01
754, 7.588794e-01, 5.554628e-01
755, 7.596182e-01, 2.410016e-01
756, 7.609581e-01, 1.624651e-01
757, 7.610943e-01, 4.399223e-01
758, 7.622382e-01, 6.808087e-01
759, 7.625047e-01, 7.136619e-01
760, 7.639393e-01, 8.070555e-01
761, 7.639501e-01, 7.101428e-01
762, 7.639867e-01, 7.560610e-01
763, 7.646014e-01, 3.430353e-01
764, 7.658685e-01, 3.761500e-01
765, 7.686558e-01, 6.212116e-01
766, 7.691802e-01, 5.898609e-01
767, 7.708145e-01, 2.234357e-01
768, 7.721934e-01, 5.208719e-01
769, 7.724034e-01, 6.487240e-01
770, 7.731492e-01, 3.586550e-01
771, 7.739985e-01, 4.959617e-01
772, 7.749056e-01, 4.680111e-01
773, 7.752016e-01, 6.145209e-01
774, 7.767429e-01, 4.989321e-01
775, 7.772024e-01, 7.399902e-01
776, 7.777408e-01, 3.003737e-01
777, 7.787273e-01, 7.755111e-01
778, 7.812781e-01, 1.861344e-01
779, 7.815427e-01, 4.381707e-01
780, 7.832999e-01, 8.125832e-01
781, 7.833283e-01, 4.040225e-01
782, 7.852301e-01, 3.904385e-01
783, 7.868149e-01, 5.813787e-01
784, 7.870813e-01, 6.587019e-01
785, 7.876984e-01, 7.767810e-01
786, 7.877539e-01, 2.833287e-01
787, 7.879907e-01, 7.018942e-01
788, 7.883364e-01, 5.358917e-01
789, 7.885095e-01, 6.723875e-01
790, 7.888152e-01, 2.201659e-01
791, 7.898566e-01, 4.146906e-01
792, 7.914162e-01, 8.340175e-01
793, 7.933771e-01, 3.653192e-01
794, 7.939382e-01, 2.140956e-01
795, 7.947588e-01, 8.342824e-01
796, 7.953381e-01, 2.022701e-01
797, 7.963616e-01, 4.564234e-01
798, 7.964390e-01, 6.123069e-01
799, 7.971348e-01, 2.508380e-01
800, 7.977159e-01, 4.951412e-01
801, 7.978899e-01, 7.976197e-01
802, 8.004765e-01, 3.773170e-01
803, 8.005817e-01, 4.576417e-01
804, 8.006630e-01, 7.098100e-01
805, 8.007382e-01, 6.170269e-01
806, 8.012367e-01, 5.933581e-01
807, 8.021595e-01, 3.433586e-01
808, 8.041525e-01, 7.416828e-01
809, 8.042133e-01, 6.429736e-01
810, 8.047880e-01, 7.544181e-01
811, 8.059695e-01, 2.853140e-01
812, 8.072367e-01, 3.138871e-01
813, 8.079898e-01, 4.713715e-01
814, 8.093233e-01, 1.651420e-01
815, 8.104793e-01, 3.795717e-01
816, 8.106138e-01, 4.142959e-01
817, 8.121451e-01, 1.913608e-01
818, 8.122301e-01, 2.554370e-01
819, 8.132254e-01, 2.802150e-01
820, 8.141234e-01, 1.600953e-01
821, 8.142830e-01, 5.536100e-01
822, 8.186458e-01, 8.098966e-01
823, 8.189653e-01, 5.234694e-01
824, 8.192250e-01, 4.046489e-01
825, 8.195941e-01, 4.434880e-01
826, 8.197125e-01, 6.769974e-01
827, 8.201401e-01, 5.150979e-01
828, 8.207132e-01, 7.033141e-01
829, 8.224216e-01, 6.802370e-01
830, 8.229828e-01, 2.493703e-01
831, 8.239105e-01, 4.437660e-01
832, 8.242840e-01, 6.474128e-01
833, 8.244365e-01, 5.356407e-01
834, 8.253480e-01, 4.751106e-01
835, 8.257345e-01, 3.213194e-01
836, 8.272500e-01, 3.401435e-01
837, 8.274829e-01, 3.691619e-01
838, 8.283316e-01, 1.991436e-01
839, 8.284450e-01, 2.215819e-01
840, 8.290540e-01, 7.688836e-01
841, 8.299771e-01, 3.434693e-01
842, 8.315686e-01, 7.343591e-01
843, 8.320250e-01, 2.186674e-01
844, 8.321212e-01, 5.370693e-01
845, 8.337111e-01, 7.105483e-01
846, 8.339459e-01, 5.048694e-01
847, 8.342911e-01, 6.186724e-01
848, 8.345161e-01, 4.662298e-01
849, 8.346563e-01, 1.582407e-01
850, 8.352758e-01, 7.672907e-01
851, 8.368007e-01, 7.288220e-01
852, 8.395803e-01, 3.742465e-01
853, 8.405632e-01, 8.353042e-01
854, 8.409982e-01, 4.094509e-01
855, 8.411407e-01, 5.993868e-01
856, 8.414461e-01, 2.872915e-01
857, 8.414860e-01, 3.073013e-01
858, 8.426936e-01, 5.062467e-01
859, 8.435135e-01, 4.292276e-01
860, 8.439129e-01, 6.852680e-01
861, 8.463756e-01, 2.579865e-01
862, 8.464627e-01, 1.861082e-01
863, 8.478666e-01, 4.039158e-01
864, 1.718722e-01, 7.731034e-01
865, 1.910102e-01, 4.831803e-01
866, 1.782810e-01, 3.214856e-01
867, 1.909387e-01, 6.187989e-01
868, 2.146716e-01, 8.386202e-01
869, 2.379349e-01, 6.648166e-01
870, 2.340308e-01, 5.048595e-01
871, 2.299661e-01, 2.854234e-01
872, 2.418331e-01, 5.682426e-01
873, 2.886255e-01, 8.384690e-01
874, 2.940105e-01, 3.897318e-01
875, 3.144660e-01, 3.522957e-01
876, 3.294410e-01, 2.932251e-01
877, 3.328332e-01, 4.152391e-01
878, 3.383676e-01, 2.000493e-01
879, 3.470985e-01, 5.670599e-01
880, 3.468610e-01, 4.700485e-01
881, 3.556023e-01, 2.517636e-01
882, 3.727789e-01, 3.119815e-01
883, 3.766475e-01, 8.283748e-01
884, 3.805681e-01, 5.917349e-01
885, 4.132110e-01, 5.903774e-01
886, 4.289739e-01, 4.195144e-01
887, 4.523656e-01, 6.130418e-01
888, 4.694907e-01, 4.416813e-01
889, 4.637167e-01, 6.777252e-01
890, 4.758768e-01, 8.324969e-01
891, 4.723706e-01, 2.257950e-01
892, 4.882881e-01, 2.794164e-01
893, 5.048443e-01, 7.177105e-01
894, 5.344299e-01, 6.752399e-01
895, 5.485569e-01, 3.846504e-01
896, 5.561456e-01, 5.227618e-01
897, 5.724149e-01, 2.287841e-01
898, 5.866693e-01, 6.424643e-01
899, 5.943397e-01, 1.867786e-01
900, 5.833589e-01, 2.869045e-01
901, 6.189656e-01, 1.742687e-01
902, 6.349568e-01, 8.240657e-01
903, 6.372419e-01, 2.333101e-01
904, 6.590105e-01, 4.283505e-01
905, 6.661271e-01, 7.046510e-01
906, 6.888239e-01, 6.440833e-01
907, 6.832553e-01, 4.160419e-01
908, 6.943462e-01, 1.927589e-01
909, 7.044124e-01, 8.249323e-01
910, 7.716170e-01, 8.462288e-01
911, 7.733486e-01, 2.639774e-01
912, 7.822718e-01, 1.665357e-01
913, 7.873728e-01, 5.553252e-01
914, 7.894722e-01, 3.235868e-01
915, 8.196978e-01, 8.058855e-01
916, 8.282379e-01, 5.808063e-01
917, 8.418841e-01, 6.375171e-01
918, 1.500000e-01, 5.924964e-01
919, 1.500000e-01, 2.654451e-01
920, 1.500000e-01, 4.368738e-01
921, 1.500000e-01, 3.635095e-01
922, 1.500000e-01, 4.000883e-01
923, 1.500000e-01, 6.843095e-01
924, 1.500000e-01, 7.414149e-01
925, 1.500000e-01, 7.784575e-01
926, 1.500000e-01, 6.258114e-01
927, 1.500000e-01, 6.539403e-01
928, 1.500000e-01, 5.087931e-01
929, 1.500000e-01, 5.650593e-01
930, 1.500000e-01, 5.388289e-01
931, 1.500000e-01, 3.173835e-01
932, 1.500000e-01, 3.016821e-01
933, 1.500000e-01, 1.758172e-01
934, 1.500000e-01, 2.296220e-01
935, 1.500000e-01, 2.025700e-01
936, 1.500000e-01, 3.267922e-01
937, 1.500000e-01, 3.574701e-01
938, 1.500000e-01, 4.803768e-01
939, 1.500000e-01, 4.731625e-01
940, 1.500000e-01, 8.206162e-01
941, 1.500000e-01, 8.100856e-01
942, 1.553161e-01, 8.500000e-01
943, 1.641236e-01, 1.500000e-01
944, 1.877566e-01, 8.500000e-01
945, 1.876388e-01, 1.500000e-01
946, 2.245535e-01, 1.500000e-01
947, 2.255721e-01, 1.500000e-01
948, 2.160803e-01, 8.500000e-01
949, 2.389931e-01, 1.500000e-01
950, 2.505620e-01, 8.500000e-01
951, 2.717659e-01, 8.500000e-01
952, 2.702915e-01, 1.500000e-01
953, 2.912784e-01, 8.500000e-01
954, 3.019557e-01, 1.500000e-01
955, 3.169288e-01, 8.500000e-01
956, 3.313862e-01, 1.500000e-01
957, 3.541665e-01, 1.500000e-01
958, 3.582932e-01, 8.500000e-01
959, 3.840006e-01, 8.500000e-01
960, 3.865887e-01, 1.500000e-01
961, 4.121345e-01, 8.500000e-01
962, 4.180112e-01, 1.500000e-01
963, 4.487484e-01, 8.500000e-01
964, 4.476512e-01, 1.500000e-01
965, 4.750381e-01, 8.500000e-01
966, 4.870890e-01, 1.500000e-01
967, 5.094276e-01, 8.500000e-01
968, 5.248237e-01, 8.500000e-01
969, 5.246587e-01, 1.500000e-01
970, 5.436982e-01, 8.500000e-01
971, 5.616064e-01, 1.500000e-01
972, 5.843366e-01, 8.500000e-01
973, 6.142862e-01, 1.500000e-01
974, 6.144774e-01, 8.500000e-01
975, 6.477919e-01, 8.500000e-01
976, 6.405402e-01, 1.500000e-01
977, 6.670919e-01, 8.500000e-01
978, 6.778053e-01, 1.500000e-01
979, 7.003912e-01, 8.500000e-01
980, 7.089021e-01, 1.500000e-01
981, 7.353110e-01, 1.500000e-01
982, 7.267815e-01, 8.500000e-01
983, 7.526807e-01, 1.500000e-01
984, 7.666336e-01, 8.500000e-01
985, 7.730114e-01, 8.500000e-01
986, 7.842767e-01, 1.500000e-01
987, 8.098517e-01, 8.500000e-01
988, 8.115491e-01, 1.500000e-01
989, 8.500000e-01, 8.004707e-01
990, 8.500000e-01, 4.659121e-01
991, 8.500000e-01, 2.213236e-01
992, 8.500000e-01, 3.426869e-01
993, 8.500000e-01, 5.638809e-01
994, 8.500000e-01, 5.992482e-01
995, 8.359371e-01, 8.500000e-01
996, 8.500000e-01, 8.292290e-01
997, 8.500000e-01, 7.760921e-01
998, 8.500000e-01, 7.297793e-01
999, 8.410107e-01, 1.500000e-01
1000, 8.500000e-01, 1.874689e-01
1001, 8.500000e-01, 3.122660e-01
1002, 8.500000e-01, 4.316678e-01
1003, 8.500000e-01, 5.188483e-01
1004, 8.500000e-01, 5.012078e-01
1005, 8.500000e-01, 5.566820e-01
1006, 8.500000e-01, 5.197282e-01
1007, 8.500000e-01, 2.543552e-01
1008, 8.500000e-01, 3.710339e-01
1009, 8.500000e-01, 4.037802e-01
1010, 8.500000e-01, 6.479775e-01
1011, 8.500000e-01, 6.334125e-01
1012, 8.500000e-01, 6.742422e-01
1013, 1.507729e-01, 7.186080e-01
1014, 5.929380e-01, 1.505417e-01
1015, 6.432881e-01, 8.498716e-01
1016, 8.490778e-01, 2.809421e-01
1017, 8.494991e-01, 6.939549e-01
