1, 1.520695e-01, 3.705945e-01
2, 1.529956e-01, 3.820028e-01
3, 1.544666e-01, 4.112315e-01
4, 1.551942e-01, 3.848492e-01
5, 1.553884e-01, 7.714233e-01
6, 1.556943e-01, 2.191587e-01
7, 1.557079e-01, 1.652322e-01
8, 1.562002e-01, 6.232255e-01
9, 1.565099e-01, 8.396110e-01
10, 1.566474e-01, 7.767202e-01
11, 1.571188e-01, 1.710320e-01
12, 1.582144e-01, 4.193252e-01
13, 1.604263e-01, 2.184428e-01
14, 1.610897e-01, 6.233941e-01
15, 1.620276e-01, 4.218732e-01
16, 1.621474e-01, 8.121978e-01
17, 1.628954e-01, 5.835924e-01
18, 1.642708e-01, 6.203476e-01
19, 1.642715e-01, 7.843228e-01
20, 1.678565e-01, 2.117513e-01
21, 1.686636e-01, 6.555877e-01
22, 1.703125e-01, 1.854842e-01
23, 1.711010e-01, 3.426122e-01
24, 1.769288e-01, 7.417838e-01
25, 1.772799e-01, 4.887062e-01
26, 1.793947e-01, 6.936582e-01
27, 1.796379e-01, 7.386078e-01
28, 1.805429e-01, 4.619216e-01
29, 1.808486e-01, 3.400956e-01
30, 1.809723e-01, 6.602733e-01
31, 1.825430e-01, 5.060020e-01
32, 1.841946e-01, 7.093029e-01
33, 1.844724e-01, 5.022751e-01
34, 1.859356e-01, 3.359311e-01
35, 1.862512e-01, 6.581435e-01
36, 1.863728e-01, 7.051068e-01
37, 1.868882e-01, 5.367364e-01
38, 1.895665e-01, 2.672669e-01
39, 1.936198e-01, 1.802521e-01
40, 1.953220e-01, 3.828593e-01
41, 1.964586e-01, 3.604363e-01
42, 1.974012e-01, 6.157391e-01
43, 1.978820e-01, 4.234175e-01
44, 1.983484e-01, 4.278667e-01
45, 1.989268e-01, 2.169720e-01
46, 1.989662e-01, 1.821441e-01
47, 1.992801e-01, 2.210680e-01
48, 2.007535e-01, 8.073846e-01
49, 2.014649e-01, 1.849384e-01
50, 2.015890e-01, 2.135483e-01
51, 2.036359e-01, 8.315080e-01
52, 2.052419e-01, 4.136947e-01
53, 2.053705e-01, 3.961878e-01
54, 2.056489e-01, 8.137636e-01
55, 2.070928e-01, 7.060843e-01
56, 2.081270e-01, 3.425543e-01
57, 2.087052e-01, 3.032352e-01
58, 2.119399e-01, 4.987875e-01
59, 2.122278e-01, 4.667232e-01
60, 2.122989e-01, 3.415064e-01
61, 2.136964e-01, 7.401816e-01
62, 2.152681e-01, 2.672813e-01
63, 2.175331e-01, 6.971849e-01
64, 2.188490e-01, 5.044309e-01
65, 2.190846e-01, 2.952900e-01
66, 2.208277e-01, 7.476881e-01
67, 2.214013e-01, 2.623428e-01
68, 2.214593e-01, 2.476999e-01
69, 2.255988e-01, 5.413213e-01
70, 2.262879e-01, 7.490255e-01
71, 2.265210e-01, 5.028210e-01
72, 2.269294e-01, 2.948822e-01
73, 2.275995e-01, 6.953000e-01
74, 2.344674e-01, 3.467816e-01
75, 2.356636e-01, 7.841688e-01
76, 2.361315e-01, 2.110398e-01
77, 2.369335e-01, 1.841674e-01
78, 2.389384e-01, 4.182118e-01
79, 2.395645e-01, 3.908988e-01
80, 2.398312e-01, 5.776589e-01
81, 2.405462e-01, 7.772514e-01
82, 2.417454e-01, 2.167827e-01
83, 2.424085e-01, 5.676576e-01
84, 2.424391e-01, 7.673246e-01
85, 2.427738e-01, 2.235742e-01
86, 2.434741e-01, 4.245068e-01
87, 2.440186e-01, 4.281873e-01
88, 2.443615e-01, 3.845153e-01
89, 2.452932e-01, 5.874910e-01
90, 2.455339e-01, 2.751277e-01
91, 2.458479e-01, 8.299539e-01
92, 2.477530e-01, 3.661327e-01
93, 2.548673e-01, 2.748650e-01
94, 2.559224e-01, 3.313141e-01
95, 2.569388e-01, 7.070198e-01
96, 2.571563e-01, 5.251531e-01
97, 2.585164e-01, 3.173517e-01
98, 2.615456e-01, 3.144667e-01
99, 2.622789e-01, 7.281561e-01
100, 2.634021e-01, 6.724763e-01
101, 2.646460e-01, 2.853247e-01
102, 2.647817e-01, 7.213501e-01
103, 2.686838e-01, 8.461187e-01
104, 2.700734e-01, 4.469768e-01
105, 2.700898e-01, 7.541595e-01
106, 2.710826e-01, 5.963561e-01
107, 2.715579e-01, 7.983507e-01
108, 2.723497e-01, 2.427498e-01
109, 2.733462e-01, 3.533159e-01
110, 2.733792e-01, 5.572030e-01
111, 2.758657e-01, 1.578127e-01
112, 2.776667e-01, 5.956948e-01
113, 2.785427e-01, 2.072433e-01
114, 2.791408e-01, 5.594032e-01
115, 2.791771e-01, 8.433585e-01
116, 2.796062e-01, 4.008771e-01
117, 2.798343e-01, 7.976652e-01
118, 2.844699e-01, 6.004348e-01
119, 2.848563e-01, 1.599216e-01
120, 2.849458e-01, 5.571855e-01
121, 2.851152e-01, 7.651261e-01
122, 2.864460e-01, 7.188943e-01
123, 2.865827e-01, 3.647340e-01
124, 2.871511e-01, 6.359608e-01
125, 2.873505e-01, 3.949871e-01
126, 2.892537e-01, 3.204750e-01
127, 2.907507e-01, 8.063492e-01
128, 2.910610e-01, 8.308159e-01
129, 2.956094e-01, 4.615241e-01
130, 2.976401e-01, 6.750795e-01
131, 2.984377e-01, 3.161226e-01
132, 2.986597e-01, 4.867675e-01
133, 2.986743e-01, 7.144334e-01
134, 2.996298e-01, 5.292410e-01
135, 3.003780e-01, 2.712863e-01
136, 3.009828e-01, 6.767965e-01
137, 3.016510e-01, 4.914941e-01
138, 3.047114e-01, 6.750952e-01
139, 3.058704e-01, 7.186843e-01
140, 3.072746e-01, 3.204082e-01
141, 3.093537e-01, 4.406153e-01
142, 3.136119e-01, 5.950992e-01
143, 3.148733e-01, 8.059056e-01
144, 3.155366e-01, 2.426150e-01
145, 3.162355e-01, 8.310365e-01
146, 3.163556e-01, 3.648637e-01
147, 3.164224e-01, 5.615784e-01
148, 3.167830e-01, 3.967211e-01
149, 3.170056e-01, 7.614666e-01
150, 3.170407e-01, 5.983257e-01
151, 3.186785e-01, 1.611489e-01
152, 3.194573e-01, 7.585794e-01
153, 3.198350e-01, 1.967116e-01
154, 3.213559e-01, 1.929969e-01
155, 3.214847e-01, 4.348040e-01
156, 3.215095e-01, 1.584150e-01
157, 3.227756e-01, 7.979554e-01
158, 3.230140e-01, 4.025149e-01
159, 3.247131e-01, 2.394128e-01
160, 3.254839e-01, 8.415025e-01
161, 3.255987e-01, 3.565075e-01
162, 3.269393e-01, 4.021609e-01
163, 3.271797e-01, 2.089847e-01
164, 3.273166e-01, 6.427256e-01
165, 3.279457e-01, 1.560409e-01
166, 3.283762e-01, 2.405027e-01
167, 3.291352e-01, 7.984969e-01
168, 3.309617e-01, 7.545775e-01
169, 3.316751e-01, 8.427525e-01
170, 3.339876e-01, 5.562019e-01
171, 3.358314e-01, 6.007253e-01
172, 3.362135e-01, 4.410418e-01
173, 3.368868e-01, 5.129312e-01
174, 3.376117e-01, 7.172233e-01
175, 3.409929e-01, 4.857397e-01
176, 3.439428e-01, 2.701094e-01
177, 3.452814e-01, 7.250938e-01
178, 3.476733e-01, 4.683775e-01
179, 3.520215e-01, 7.610624e-01
180, 3.523352e-01, 2.268202e-01
181, 3.547253e-01, 2.175485e-01
182, 3.554696e-01, 8.287315e-01
183, 3.568053e-01, 1.641301e-01
184, 3.573073e-01, 4.322093e-01
185, 3.579024e-01, 6.201968e-01
186, 3.584173e-01, 2.137064e-01
187, 3.585379e-01, 6.241215e-01
188, 3.597513e-01, 5.705285e-01
189, 3.601672e-01, 3.714821e-01
190, 3.614421e-01, 4.135954e-01
191, 3.618571e-01, 3.790969e-01
192, 3.675464e-01, 3.864535e-01
193, 3.678934e-01, 7.433831e-01
194, 3.705504e-01, 2.578806e-01
195, 3.738767e-01, 6.935703e-01
196, 3.739085e-01, 6.479601e-01
197, 3.747905e-01, 6.589366e-01
198, 3.769459e-01, 4.540732e-01
199, 3.794432e-01, 7.426022e-01
200, 3.798359e-01, 6.635412e-01
201, 3.798550e-01, 5.427084e-01
202, 3.800031e-01, 6.927588e-01
203, 3.812113e-01, 3.375038e-01
204, 3.831856e-01, 4.929170e-01
205, 3.862709e-01, 2.975098e-01
206, 3.908357e-01, 7.013079e-01
207, 3.946453e-01, 6.213079e-01
208, 3.949303e-01, 6.251888e-01
209, 3.984555e-01, 3.901887e-01
210, 3.987507e-01, 5.775098e-01
211, 3.992224e-01, 7.815746e-01
212, 3.994727e-01, 8.212219e-01
213, 4.004288e-01, 2.138212e-01
214, 4.007208e-01, 6.100288e-01
215, 4.010284e-01, 4.169137e-01
216, 4.010311e-01, 2.283551e-01
217, 4.036679e-01, 8.201276e-01
218, 4.039097e-01, 1.901407e-01
219, 4.041147e-01, 3.697590e-01
220, 4.045408e-01, 3.824751e-01
221, 4.060089e-01, 5.012549e-01
222, 4.060171e-01, 4.190017e-01
223, 4.071170e-01, 8.158125e-01
224, 4.111512e-01, 2.984453e-01
225, 4.149010e-01, 5.409983e-01
226, 4.157350e-01, 2.592966e-01
227, 4.158298e-01, 7.013133e-01
228, 4.162193e-01, 4.941876e-01
229, 4.172577e-01, 4.603317e-01
230, 4.197987e-01, 4.578741e-01
231, 4.210002e-01, 5.461189e-01
232, 4.212984e-01, 3.052059e-01
233, 4.217545e-01, 7.484338e-01
234, 4.219014e-01, 3.380788e-01
235, 4.219864e-01, 6.576018e-01
236, 4.250708e-01, 4.568109e-01
237, 4.258107e-01, 3.425194e-01
238, 4.263554e-01, 7.007625e-01
239, 4.264051e-01, 3.046017e-01
240, 4.322853e-01, 5.474896e-01
241, 4.325287e-01, 4.957326e-01
242, 4.337487e-01, 5.913911e-01
243, 4.348795e-01, 8.174107e-01
244, 4.352202e-01, 6.109958e-01
245, 4.364132e-01, 1.891109e-01
246, 4.405548e-01, 6.179970e-01
247, 4.409566e-01, 5.847753e-01
248, 4.410687e-01, 2.249346e-01
249, 4.411635e-01, 6.337736e-01
250, 4.414048e-01, 8.254430e-01
251, 4.419114e-01, 1.834008e-01
252, 4.428845e-01, 3.815387e-01
253, 4.446705e-01, 5.695914e-01
254, 4.447844e-01, 4.269106e-01
255, 4.457423e-01, 1.719185e-01
256, 4.468344e-01, 8.264896e-01
257, 4.522102e-01, 5.323583e-01
258, 4.528585e-01, 2.735520e-01
259, 4.534867e-01, 3.281445e-01
260, 4.537281e-01, 6.768185e-01
261, 4.540674e-01, 4.744501e-01
262, 4.547739e-01, 2.799718e-01
263, 4.557728e-01, 3.204204e-01
264, 4.568542e-01, 5.169188e-01
265, 4.589806e-01, 2.844221e-01
266, 4.590371e-01, 3.173280e-01
267, 4.599610e-01, 5.132351e-01
268, 4.627027e-01, 7.155289e-01
269, 4.654498e-01, 2.451687e-01
270, 4.660859e-01, 7.595494e-01
271, 4.663571e-01, 1.991472e-01
272, 4.670902e-01, 1.616424e-01
273, 4.685535e-01, 6.461997e-01
274, 4.712443e-01, 6.050583e-01
275, 4.738407e-01, 5.575331e-01
276, 4.758922e-01, 3.556972e-01
277, 4.763523e-01, 3.592814e-01
278, 4.770282e-01, 8.430437e-01
279, 4.790408e-01, 3.622343e-01
280, 4.796042e-01, 1.644540e-01
281, 4.802108e-01, 6.058475e-01
282, 4.803403e-01, 3.987727e-01
283, 4.806122e-01, 1.985566e-01
284, 4.807158e-01, 4.394235e-01
285, 4.818642e-01, 7.991611e-01
286, 4.832817e-01, 2.009372e-01
287, 4.835756e-01, 2.399122e-01
288, 4.840239e-01, 7.644313e-01
289, 4.849474e-01, 6.018563e-01
290, 4.851274e-01, 8.362540e-01
291, 4.867935e-01, 7.670396e-01
292, 4.888008e-01, 5.505143e-01
293, 4.953648e-01, 7.109923e-01
294, 4.954170e-01, 4.809874e-01
295, 4.977505e-01, 2.858189e-01
296, 4.990789e-01, 6.900226e-01
297, 4.992906e-01, 4.827480e-01
298, 4.997050e-01, 7.273041e-01
299, 5.020304e-01, 6.865574e-01
300, 5.042555e-01, 2.891359e-01
301, 5.077342e-01, 6.847280e-01
302, 5.117244e-01, 2.851231e-01
303, 5.135402e-01, 4.400392e-01
304, 5.138464e-01, 5.520586e-01
305, 5.141976e-01, 8.358496e-01
306, 5.158393e-01, 7.964036e-01
307, 5.166573e-01, 4.384352e-01
308, 5.174214e-01, 3.999019e-01
309, 5.174548e-01, 6.326835e-01
310, 5.179203e-01, 7.920036e-01
311, 5.189205e-01, 8.410894e-01
312, 5.191519e-01, 8.077067e-01
313, 5.193999e-01, 7.662927e-01
314, 5.197960e-01, 3.603482e-01
315, 5.198374e-01, 6.043291e-01
316, 5.203704e-01, 1.582888e-01
317, 5.205691e-01, 2.413208e-01
318, 5.222260e-01, 2.504663e-01
319, 5.228821e-01, 2.376627e-01
320, 5.234450e-01, 5.596924e-01
321, 5.242647e-01, 3.549780e-01
322, 5.250835e-01, 1.566571e-01
323, 5.275552e-01, 5.589610e-01
324, 5.290306e-01, 4.430573e-01
325, 5.291078e-01, 8.448569e-01
326, 5.292853e-01, 6.426922e-01
327, 5.302865e-01, 6.506678e-01
328, 5.319063e-01, 3.534397e-01
329, 5.333393e-01, 6.854741e-01
330, 5.360190e-01, 2.843269e-01
331, 5.372749e-01, 7.054826e-01
332, 5.386629e-01, 5.141480e-01
333, 5.392424e-01, 3.153597e-01
334, 5.396380e-01, 2.807177e-01
335, 5.442771e-01, 3.354936e-01
336, 5.447801e-01, 4.801530e-01
337, 5.457670e-01, 5.196932e-01
338, 5.464626e-01, 4.706211e-01
339, 5.492805e-01, 5.278850e-01
340, 5.499398e-01, 7.185081e-01
341, 5.506622e-01, 7.315281e-01
342, 5.506783e-01, 6.290619e-01
343, 5.517256e-01, 4.267611e-01
344, 5.526807e-01, 6.202824e-01
345, 5.533971e-01, 4.168344e-01
346, 5.564127e-01, 3.732693e-01
347, 5.564378e-01, 2.144716e-01
348, 5.572799e-01, 2.264860e-01
349, 5.574825e-01, 7.703153e-01
350, 5.577373e-01, 3.808927e-01
351, 5.588328e-01, 5.737365e-01
352, 5.590694e-01, 2.204699e-01
353, 5.592222e-01, 4.114495e-01
354, 5.593885e-01, 7.780995e-01
355, 5.595045e-01, 1.680435e-01
356, 5.595462e-01, 8.264828e-01
357, 5.604657e-01, 6.131441e-01
358, 5.605824e-01, 5.804912e-01
359, 5.610064e-01, 1.873874e-01
360, 5.638370e-01, 3.880820e-01
361, 5.642981e-01, 5.849406e-01
362, 5.649019e-01, 7.853062e-01
363, 5.652455e-01, 1.802578e-01
364, 5.660925e-01, 4.569630e-01
365, 5.667993e-01, 2.990605e-01
366, 5.670483e-01, 8.189005e-01
367, 5.708549e-01, 4.962057e-01
368, 5.712976e-01, 7.495237e-01
369, 5.746183e-01, 5.431147e-01
370, 5.754187e-01, 3.505945e-01
371, 5.755575e-01, 3.464180e-01
372, 5.767735e-01, 6.871666e-01
373, 5.774419e-01, 7.480750e-01
374, 5.790171e-01, 5.439356e-01
375, 5.808322e-01, 6.668513e-01
376, 5.825544e-01, 7.420700e-01
377, 5.827517e-01, 4.963359e-01
378, 5.839795e-01, 2.642038e-01
379, 5.842143e-01, 2.990909e-01
380, 5.844550e-01, 4.611427e-01
381, 5.870096e-01, 3.350350e-01
382, 5.871931e-01, 3.017285e-01
383, 5.885564e-01, 4.656159e-01
384, 5.887398e-01, 5.898639e-01
385, 5.890698e-01, 2.205984e-01
386, 5.930515e-01, 6.146772e-01
387, 5.934219e-01, 8.179555e-01
388, 5.935336e-01, 1.820214e-01
389, 5.967117e-01, 3.887096e-01
390, 5.972749e-01, 8.160866e-01
391, 5.977184e-01, 7.909937e-01
392, 5.986925e-01, 4.092597e-01
393, 6.003396e-01, 2.131709e-01
394, 6.017912e-01, 5.748933e-01
395, 6.025999e-01, 1.792613e-01
396, 6.028943e-01, 7.673082e-01
397, 6.040102e-01, 4.162281e-01
398, 6.042557e-01, 4.252106e-01
399, 6.056434e-01, 7.804587e-01
400, 6.062632e-01, 5.737723e-01
401, 6.108227e-01, 2.166683e-01
402, 6.116131e-01, 7.022508e-01
403, 6.119951e-01, 7.380842e-01
404, 6.123416e-01, 4.978681e-01
405, 6.123880e-01, 6.217891e-01
406, 6.128209e-01, 4.661889e-01
407, 6.144632e-01, 6.660347e-01
408, 6.153275e-01, 3.038462e-01
409, 6.161300e-01, 7.429749e-01
410, 6.165606e-01, 6.984436e-01
411, 6.169529e-01, 3.071343e-01
412, 6.173020e-01, 5.022142e-01
413, 6.177626e-01, 2.995729e-01
414, 6.179288e-01, 2.629263e-01
415, 6.183793e-01, 3.348158e-01
416, 6.190820e-01, 5.060843e-01
417, 6.191501e-01, 5.335483e-01
418, 6.238228e-01, 3.409445e-01
419, 6.249295e-01, 4.544511e-01
420, 6.251335e-01, 3.476176e-01
421, 6.252109e-01, 5.391589e-01
422, 6.266163e-01, 6.554244e-01
423, 6.268519e-01, 2.560225e-01
424, 6.269855e-01, 5.489444e-01
425, 6.274757e-01, 6.505867e-01
426, 6.303156e-01, 6.982454e-01
427, 6.323008e-01, 2.551193e-01
428, 6.336483e-01, 4.517783e-01
429, 6.357918e-01, 6.189267e-01
430, 6.361512e-01, 2.117588e-01
431, 6.363629e-01, 8.205496e-01
432, 6.364079e-01, 1.846115e-01
433, 6.368847e-01, 7.457878e-01
434, 6.380704e-01, 4.202001e-01
435, 6.381141e-01, 1.773604e-01
436, 6.385203e-01, 3.840112e-01
437, 6.390132e-01, 6.339028e-01
438, 6.394395e-01, 1.929982e-01
439, 6.398525e-01, 6.122035e-01
440, 6.401253e-01, 7.854823e-01
441, 6.407699e-01, 5.794652e-01
442, 6.411143e-01, 8.257921e-01
443, 6.421485e-01, 5.827997e-01
444, 6.432010e-01, 4.256869e-01
445, 6.436258e-01, 5.688618e-01
446, 6.442486e-01, 4.300701e-01
447, 6.451553e-01, 2.231457e-01
448, 6.454074e-01, 7.817994e-01
449, 6.459307e-01, 3.767048e-01
450, 6.462374e-01, 2.283480e-01
451, 6.479341e-01, 3.670258e-01
452, 6.483956e-01, 5.249899e-01
453, 6.499482e-01, 8.266660e-01
454, 6.500094e-01, 2.691731e-01
455, 6.501230e-01, 7.696018e-01
456, 6.520990e-01, 6.729185e-01
457, 6.523974e-01, 4.640017e-01
458, 6.527186e-01, 7.335286e-01
459, 6.544211e-01, 4.710714e-01
460, 6.568600e-01, 5.252060e-01
461, 6.569665e-01, 6.732237e-01
462, 6.578208e-01, 3.074131e-01
463, 6.580985e-01, 3.301297e-01
464, 6.631945e-01, 3.175154e-01
465, 6.647136e-01, 6.443016e-01
466, 6.659147e-01, 6.831336e-01
467, 6.665335e-01, 5.568941e-01
468, 6.676883e-01, 4.411758e-01
469, 6.679520e-01, 7.601512e-01
470, 6.679948e-01, 3.561428e-01
471, 6.693184e-01, 5.146068e-01
472, 6.714861e-01, 4.878777e-01
473, 6.746637e-01, 3.575491e-01
474, 6.756907e-01, 7.979228e-01
475, 6.757087e-01, 8.431593e-01
476, 6.773125e-01, 4.041065e-01
477, 6.783634e-01, 2.424731e-01
478, 6.793036e-01, 7.617898e-01
479, 6.797134e-01, 3.970693e-01
480, 6.799309e-01, 6.071136e-01
481, 6.812281e-01, 5.620343e-01
482, 6.824949e-01, 3.645914e-01
483, 6.830395e-01, 6.338681e-01
484, 6.832061e-01, 3.937421e-01
485, 6.844541e-01, 2.373376e-01
486, 6.848238e-01, 5.949952e-01
487, 6.849271e-01, 7.971839e-01
488, 6.857134e-01, 5.594693e-01
489, 6.900385e-01, 1.606763e-01
490, 6.914880e-01, 3.194107e-01
491, 6.921168e-01, 6.375506e-01
492, 6.922421e-01, 1.991877e-01
493, 6.966713e-01, 4.883977e-01
494, 6.972039e-01, 5.134686e-01
495, 6.977516e-01, 7.326252e-01
496, 6.992700e-01, 6.865199e-01
497, 6.994905e-01, 3.158671e-01
498, 7.007857e-01, 4.835523e-01
499, 7.030651e-01, 4.621891e-01
500, 7.039916e-01, 2.779981e-01
501, 7.052107e-01, 3.190379e-01
502, 7.052751e-01, 8.408946e-01
503, 7.055524e-01, 5.968946e-01
504, 7.059656e-01, 6.797834e-01
505, 7.068275e-01, 5.182828e-01
506, 7.088448e-01, 2.009530e-01
507, 7.096341e-01, 8.387166e-01
508, 7.099599e-01, 5.571210e-01
509, 7.108187e-01, 2.378904e-01
510, 7.113511e-01, 6.335861e-01
511, 7.143701e-01, 6.035826e-01
512, 7.155568e-01, 1.524813e-01
513, 7.157869e-01, 4.403483e-01
514, 7.161131e-01, 7.558491e-01
515, 7.161537e-01, 5.600648e-01
516, 7.181551e-01, 3.626710e-01
517, 7.183957e-01, 2.439288e-01
518, 7.187325e-01, 4.441557e-01
519, 7.194259e-01, 8.001711e-01
520, 7.213202e-01, 4.097256e-01
521, 7.219092e-01, 3.586307e-01
522, 7.222332e-01, 7.585800e-01
523, 7.280115e-01, 3.565494e-01
524, 7.288237e-01, 7.567933e-01
525, 7.289203e-01, 8.424430e-01
526, 7.297989e-01, 2.457103e-01
527, 7.298590e-01, 5.569327e-01
528, 7.319883e-01, 4.468904e-01
529, 7.335423e-01, 6.803601e-01
530, 7.336239e-01, 6.023735e-01
531, 7.336651e-01, 7.154538e-01
532, 7.343225e-01, 3.219598e-01
533, 7.357442e-01, 4.887494e-01
534, 7.370934e-01, 7.188425e-01
535, 7.381346e-01, 5.170081e-01
536, 7.393415e-01, 2.752104e-01
537, 7.397068e-01, 7.341894e-01
538, 7.412654e-01, 3.286505e-01
539, 7.413381e-01, 5.195953e-01
540, 7.417411e-01, 6.723230e-01
541, 7.418553e-01, 2.727736e-01
542, 7.429966e-01, 5.236098e-01
543, 7.448262e-01, 4.775452e-01
544, 7.456568e-01, 2.727768e-01
545, 7.465917e-01, 4.671033e-01
546, 7.477351e-01, 4.369784e-01
547, 7.478971e-01, 6.720614e-01
548, 7.524619e-01, 3.705785e-01
549, 7.541897e-01, 3.290474e-01
550, 7.556166e-01, 1.729166e-01
551, 7.566187e-01, 6.263392e-01
552, 7.575555e-01, 6.184202e-01
553, 7.597239e-01, 1.840545e-01
554, 7.607566e-01, 8.180011e-01
555, 7.609764e-01, 6.138710e-01
556, 7.612816e-01, 4.371385e-01
557, 7.613002e-01, 3.709172e-01
558, 7.625139e-01, 5.856210e-01
559, 7.625360e-01, 1.862331e-01
560, 7.671710e-01, 2.164446e-01
561, 7.686454e-01, 4.978361e-01
562, 7.697713e-01, 7.495857e-01
563, 7.708176e-01, 4.518377e-01
564, 7.732359e-01, 3.800270e-01
565, 7.779590e-01, 4.170316e-01
566, 7.787725e-01, 4.541519e-01
567, 7.807566e-01, 5.417794e-01
568, 7.833426e-01, 2.595765e-01
569, 7.838120e-01, 6.965423e-01
570, 7.840314e-01, 2.960424e-01
571, 7.847427e-01, 3.399806e-01
572, 7.853196e-01, 5.408947e-01
573, 7.854809e-01, 6.629040e-01
574, 7.862799e-01, 4.969999e-01
575, 7.871369e-01, 4.624282e-01
576, 7.910137e-01, 5.009630e-01
577, 7.917800e-01, 1.790815e-01
578, 7.925242e-01, 3.807703e-01
579, 7.930117e-01, 2.202324e-01
580, 7.931366e-01, 2.295211e-01
581, 7.972710e-01, 1.811563e-01
582, 7.976088e-01, 6.080699e-01
583, 7.980149e-01, 5.873317e-01
584, 7.982816e-01, 5.739746e-01
585, 7.994280e-01, 4.142960e-01
586, 8.014043e-01, 2.132349e-01
587, 8.021762e-01, 3.851228e-01
588, 8.026348e-01, 1.869861e-01
589, 8.035359e-01, 4.116744e-01
590, 8.055286e-01, 6.224943e-01
591, 8.092588e-01, 3.798273e-01
592, 8.096262e-01, 2.581228e-01
593, 8.096631e-01, 4.148541e-01
594, 8.119588e-01, 7.379812e-01
595, 8.125423e-01, 7.010936e-01
596, 8.129441e-01, 5.012059e-01
597, 8.140720e-01, 2.998744e-01
598, 8.146146e-01, 6.652632e-01
599, 8.148400e-01, 4.970660e-01
600, 8.151608e-01, 4.650438e-01
601, 8.152684e-01, 3.435990e-01
602, 8.153114e-01, 7.036544e-01
603, 8.154545e-01, 7.406339e-01
604, 8.154735e-01, 5.365652e-01
605, 8.156117e-01, 5.059983e-01
606, 8.178383e-01, 2.969481e-01
607, 8.182377e-01, 2.613698e-01
608, 8.228002e-01, 5.425336e-01
609, 8.259992e-01, 4.566856e-01
610, 8.281477e-01, 2.574783e-01
611, 8.284799e-01, 5.443101e-01
612, 8.296234e-01, 2.965145e-01
613, 8.307501e-01, 7.053084e-01
614, 8.313550e-01, 7.417200e-01
615, 8.323057e-01, 3.476131e-01
616, 8.333273e-01, 5.872166e-01
617, 8.335397e-01, 7.830898e-01
618, 8.348892e-01, 4.199568e-01
619, 8.354456e-01, 8.115861e-01
620, 8.375288e-01, 7.796257e-01
621, 8.381791e-01, 1.849386e-01
622, 8.418809e-01, 6.164193e-01
623, 8.419703e-01, 4.263735e-01
624, 8.431242e-01, 7.645360e-01
625, 8.447561e-01, 1.791157e-01
626, 8.449829e-01, 6.298715e-01
627, 8.463058e-01, 3.705549e-01
628, 8.471254e-01, 1.720703e-01
629, 1.765705e-01, 2.545635e-01
630, 1.553237e-01, 5.774747e-01
631, 1.792863e-01, 5.422774e-01
632, 1.851871e-01, 3.042050e-01
633, 1.757130e-01, 4.559871e-01
634, 1.979812e-01, 5.803341e-01
635, 2.040410e-01, 6.234017e-01
636, 2.003282e-01, 7.826149e-01
637, 2.194624e-01, 5.384479e-01
638, 2.191564e-01, 6.588000e-01
639, 2.239445e-01, 4.539036e-01
640, 2.407548e-01, 6.208494e-01
641, 2.406927e-01, 8.133968e-01
642, 2.442277e-01, 1.760303e-01
643, 2.550620e-01, 4.764599e-01
644, 2.608313e-01, 5.162033e-01
645, 2.518246e-01, 6.810679e-01
646, 2.823008e-01, 1.988067e-01
647, 2.833865e-01, 2.393590e-01
648, 2.820762e-01, 4.436753e-01
649, 2.781398e-01, 6.462005e-01
650, 2.995489e-01, 2.810642e-01
651, 3.003503e-01, 5.114420e-01
652, 3.180339e-01, 6.399310e-01
653, 3.400650e-01, 2.792391e-01
654, 3.415110e-01, 3.220762e-01
655, 3.492455e-01, 5.248694e-01
656, 3.420303e-01, 6.768714e-01
657, 3.615012e-01, 1.848600e-01
658, 3.651127e-01, 5.830606e-01
659, 3.594972e-01, 7.894730e-01
660, 3.596444e-01, 8.159561e-01
661, 3.822438e-01, 2.616406e-01
662, 3.811908e-01, 3.029715e-01
663, 3.759107e-01, 3.455450e-01
664, 3.792464e-01, 4.608359e-01
665, 3.883458e-01, 5.014856e-01
666, 3.802979e-01, 5.371418e-01
667, 3.988798e-01, 1.818106e-01
668, 3.987407e-01, 5.861419e-01
669, 4.043984e-01, 7.842849e-01
670, 4.193712e-01, 2.553586e-01
671, 4.206151e-01, 7.425675e-01
672, 4.420515e-01, 4.189408e-01
673, 4.401045e-01, 2.160804e-01
674, 4.425658e-01, 7.777244e-01
675, 4.559715e-01, 4.867939e-01
676, 4.560540e-01, 6.858000e-01
677, 4.595008e-01, 7.199064e-01
678, 5.005799e-01, 3.199919e-01
679, 4.770748e-01, 4.017236e-01
680, 4.757454e-01, 4.448372e-01
681, 4.843768e-01, 6.392847e-01
682, 4.835706e-01, 7.949693e-01
683, 5.033755e-01, 5.181083e-01
684, 5.174720e-01, 6.002254e-01
685, 5.263315e-01, 7.594446e-01
686, 5.223162e-01, 2.042129e-01
687, 5.217131e-01, 4.044684e-01
688, 5.428788e-01, 6.739671e-01
689, 5.728874e-01, 6.581329e-01
690, 5.762793e-01, 2.565112e-01
691, 5.801829e-01, 7.001670e-01
692, 6.013511e-01, 3.821289e-01
693, 6.551272e-01, 2.869112e-01
694, 6.595399e-01, 7.132690e-01
695, 6.825048e-01, 2.074059e-01
696, 6.803988e-01, 4.368310e-01
697, 6.817822e-01, 8.417558e-01
698, 6.990040e-01, 2.821687e-01
699, 6.985223e-01, 7.161439e-01
700, 7.204038e-01, 1.950825e-01
701, 7.141455e-01, 8.000975e-01
702, 7.175923e-01, 3.915775e-01
703, 7.209762e-01, 1.556889e-01
704, 7.575388e-01, 2.258917e-01
705, 7.295572e-01, 6.490207e-01
706, 7.588628e-01, 7.782033e-01
707, 7.795577e-01, 2.563305e-01
708, 7.587821e-01, 5.810828e-01
709, 7.807457e-01, 6.593762e-01
710, 7.576584e-01, 8.217600e-01
711, 7.859200e-01, 3.016635e-01
712, 7.769475e-01, 3.456331e-01
713, 7.847174e-01, 7.019651e-01
714, 7.922469e-01, 7.385447e-01
715, 8.032449e-01, 7.791601e-01
716, 7.982862e-01, 8.170150e-01
717, 8.266959e-01, 6.576408e-01
718, 8.397595e-01, 2.228912e-01
719, 8.436598e-01, 5.741507e-01
720, 8.435973e-01, 3.779712e-01
721, 1.500000e-01, 1.746153e-01
722, 1.500000e-01, 2.166049e-01
723, 1.500000e-01, 3.831830e-01
724, 1.500000e-01, 4.098432e-01
725, 1.500000e-01, 5.817309e-01
726, 1.500000e-01, 6.183878e-01
727, 1.500000e-01, 7.807962e-01
728, 1.500000e-01, 8.059374e-01
729, 1.500000e-01, 1.621179e-01
730, 1.500000e-01, 2.237329e-01
731, 1.500000e-01, 3.688550e-01
732, 1.500000e-01, 4.249548e-01
733, 1.500000e-01, 5.727041e-01
734, 1.500000e-01, 6.272424e-01
735, 1.500000e-01, 7.679625e-01
736, 1.500000e-01, 8.420858e-01
737, 1.500000e-01, 2.662407e-01
738, 1.500000e-01, 2.805359e-01
739, 1.500000e-01, 3.309582e-01
740, 1.500000e-01, 3.158232e-01
741, 1.500000e-01, 4.721621e-01
742, 1.500000e-01, 4.768459e-01
743, 1.500000e-01, 5.272286e-01
744, 1.500000e-01, 5.219685e-01
745, 1.500000e-01, 6.670575e-01
746, 1.500000e-01, 6.825493e-01
747, 1.683562e-01, 1.500000e-01
748, 1.647441e-01, 8.500000e-01
749, 1.796802e-01, 1.500000e-01
750, 1.804015e-01, 8.500000e-01
751, 2.176947e-01, 1.500000e-01
752, 2.155098e-01, 8.500000e-01
753, 2.295361e-01, 1.500000e-01
754, 2.347008e-01, 8.500000e-01
755, 2.711908e-01, 1.500000e-01
756, 2.670444e-01, 8.500000e-01
757, 2.885559e-01, 1.500000e-01
758, 2.840933e-01, 8.500000e-01
759, 3.173900e-01, 1.500000e-01
760, 3.179337e-01, 8.500000e-01
761, 3.319763e-01, 1.500000e-01
762, 3.372713e-01, 8.500000e-01
763, 3.642097e-01, 1.500000e-01
764, 3.704385e-01, 8.500000e-01
765, 3.875099e-01, 1.500000e-01
766, 3.726258e-01, 8.500000e-01
767, 4.137104e-01, 1.500000e-01
768, 4.165014e-01, 8.500000e-01
769, 4.276289e-01, 1.500000e-01
770, 4.252286e-01, 8.500000e-01
771, 4.642850e-01, 1.500000e-01
772, 4.869126e-01, 1.500000e-01
773, 4.765333e-01, 8.500000e-01
774, 5.163692e-01, 1.500000e-01
775, 5.129284e-01, 8.500000e-01
776, 5.309406e-01, 1.500000e-01
777, 5.320843e-01, 8.500000e-01
778, 5.645200e-01, 1.500000e-01
779, 5.690388e-01, 8.500000e-01
780, 5.857572e-01, 1.500000e-01
781, 5.813530e-01, 8.500000e-01
782, 6.205566e-01, 1.500000e-01
783, 6.113676e-01, 8.500000e-01
784, 6.266101e-01, 1.500000e-01
785, 6.316413e-01, 8.500000e-01
786, 6.721255e-01, 8.500000e-01
787, 6.843996e-01, 8.500000e-01
788, 7.144281e-01, 1.500000e-01
789, 7.029595e-01, 8.500000e-01
790, 7.251439e-01, 1.500000e-01
791, 7.323802e-01, 8.500000e-01
792, 7.653253e-01, 1.500000e-01
793, 7.736057e-01, 8.500000e-01
794, 7.831019e-01, 1.500000e-01
795, 7.789169e-01, 8.500000e-01
796, 8.096434e-01, 1.500000e-01
797, 8.141697e-01, 8.500000e-01
798, 8.500000e-01, 2.782584e-01
799, 8.500000e-01, 3.057853e-01
800, 8.500000e-01, 4.822142e-01
801, 8.500000e-01, 5.178738e-01
802, 8.500000e-01, 6.907768e-01
803, 8.500000e-01, 7.212615e-01
804, 8.368981e-01, 1.500000e-01
805, 8.500000e-01, 3.367013e-01
806, 8.500000e-01, 4.690613e-01
807, 8.500000e-01, 5.325731e-01
808, 8.500000e-01, 6.690320e-01
809, 8.500000e-01, 7.253620e-01
810, 8.500000e-01, 8.240459e-01
811, 8.500000e-01, 1.697730e-01
812, 8.500000e-01, 1.822402e-01
813, 8.500000e-01, 3.686715e-01
814, 8.500000e-01, 3.848126e-01
815, 8.500000e-01, 4.317172e-01
816, 8.500000e-01, 4.183934e-01
817, 8.500000e-01, 5.698687e-01
818, 8.500000e-01, 5.790231e-01
819, 8.500000e-01, 6.330260e-01
820, 8.500000e-01, 6.133428e-01
821, 8.500000e-01, 7.612328e-01
822, 8.500000e-01, 7.863550e-01
823, 1.509411e-01, 7.272335e-01
824, 6.735404e-01, 1.501946e-01
825, 6.800903e-01, 1.510319e-01
826, 8.498479e-01, 2.244876e-01
827, 8.499967e-01, 2.706793e-01
