1, 1.521689e-01, 2.015500e-01
2, 1.521718e-01, 8.217050e-01
3, 1.521718e-01, 4.961250e-01
4, 1.521718e-01, 6.976750e-01
5, 1.521718e-01, 1.705450e-01
6, 1.521718e-01, 3.720950e-01
7, 1.521718e-01, 5.271350e-01
8, 1.566449e-01, 5.813950e-01
9, 1.566449e-01, 2.558150e-01
10, 1.566449e-01, 4.573650e-01
11, 1.566449e-01, 7.829450e-01
12, 1.566449e-01, 4.263550e-01
13, 1.566449e-01, 7.519350e-01
14, 1.611134e-01, 3.255800e-01
15, 1.611134e-01, 5.581400e-01
16, 1.611134e-01, 2.790700e-01
17, 1.611134e-01, 6.511600e-01
18, 1.611167e-01, 7.906943e-01
19, 1.611179e-01, 3.720950e-01
20, 1.611181e-01, 7.441882e-01
21, 1.611181e-01, 4.186082e-01
22, 1.611181e-01, 4.651118e-01
23, 1.611200e-01, 6.046500e-01
24, 1.611200e-01, 2.325600e-01
25, 1.611237e-01, 6.976750e-01
26, 1.655923e-01, 2.403100e-01
27, 1.655923e-01, 4.418600e-01
28, 1.655923e-01, 5.969000e-01
29, 1.655951e-01, 2.713150e-01
30, 1.655951e-01, 5.658950e-01
31, 1.655951e-01, 7.674450e-01
32, 1.700682e-01, 5.271350e-01
33, 1.700682e-01, 6.511650e-01
34, 1.700682e-01, 8.217050e-01
35, 1.700682e-01, 1.705450e-01
36, 1.700682e-01, 3.255850e-01
37, 1.700682e-01, 4.961250e-01
38, 1.700711e-01, 2.015500e-01
39, 1.745379e-01, 7.674450e-01
40, 1.745434e-01, 7.209300e-01
41, 1.745434e-01, 6.744200e-01
42, 1.745434e-01, 3.953500e-01
43, 1.745434e-01, 3.488400e-01
44, 1.745442e-01, 4.883714e-01
45, 1.745442e-01, 1.627914e-01
46, 1.745450e-01, 8.139528e-01
47, 1.745450e-01, 6.279100e-01
48, 1.745450e-01, 2.093172e-01
49, 1.745450e-01, 3.023228e-01
50, 1.745450e-01, 5.348850e-01
51, 1.745466e-01, 4.418600e-01
52, 1.790189e-01, 6.356600e-01
53, 1.790189e-01, 8.372100e-01
54, 1.790218e-01, 6.666650e-01
55, 1.790218e-01, 5.116250e-01
56, 1.790218e-01, 3.410850e-01
57, 1.790218e-01, 3.100750e-01
58, 1.790218e-01, 1.860450e-01
59, 1.834982e-01, 2.713150e-01
60, 1.834982e-01, 3.953450e-01
61, 1.834982e-01, 5.658950e-01
62, 1.835011e-01, 5.969000e-01
63, 1.835011e-01, 7.209300e-01
64, 1.835011e-01, 2.403100e-01
65, 1.879679e-01, 5.116250e-01
66, 1.879734e-01, 3.720900e-01
67, 1.879734e-01, 7.907000e-01
68, 1.879737e-01, 1.860450e-01
69, 1.879742e-01, 2.790686e-01
70, 1.879742e-01, 5.581414e-01
71, 1.879750e-01, 6.046672e-01
72, 1.879750e-01, 7.441850e-01
73, 1.879750e-01, 6.976750e-01
74, 1.879750e-01, 4.186072e-01
75, 1.879750e-01, 2.325428e-01
76, 1.879763e-01, 4.651150e-01
77, 1.879766e-01, 8.372100e-01
78, 1.924518e-01, 3.798450e-01
79, 1.924518e-01, 4.108550e-01
80, 1.924518e-01, 2.558150e-01
81, 1.924518e-01, 5.813950e-01
82, 1.924518e-01, 7.054250e-01
83, 1.924518e-01, 7.364350e-01
84, 1.969249e-01, 3.410850e-01
85, 1.969249e-01, 3.100750e-01
86, 1.969249e-01, 4.651150e-01
87, 1.969249e-01, 6.666650e-01
88, 1.969249e-01, 7.906950e-01
89, 1.969277e-01, 6.356600e-01
90, 2.013934e-01, 1.627900e-01
91, 2.013934e-01, 2.093000e-01
92, 2.013934e-01, 4.418600e-01
93, 2.013934e-01, 7.674400e-01
94, 2.013963e-01, 5.348850e-01
95, 2.013963e-01, 8.139550e-01
96, 2.013967e-01, 6.744143e-01
97, 2.013967e-01, 3.488343e-01
98, 2.013981e-01, 3.023282e-01
99, 2.014000e-01, 4.883786e-01
100, 2.014000e-01, 6.279014e-01
101, 2.014037e-01, 5.813950e-01
102, 2.014037e-01, 2.558150e-01
103, 2.058723e-01, 4.806200e-01
104, 2.058751e-01, 8.062050e-01
105, 2.058751e-01, 6.511650e-01
106, 2.058751e-01, 7.751950e-01
107, 2.058751e-01, 1.550350e-01
108, 2.058751e-01, 3.255850e-01
109, 2.058751e-01, 4.496150e-01
110, 2.103482e-01, 7.054250e-01
111, 2.103482e-01, 4.108550e-01
112, 2.103482e-01, 2.093050e-01
113, 2.103482e-01, 3.798450e-01
114, 2.103482e-01, 5.348850e-01
115, 2.103482e-01, 7.364350e-01
116, 2.148179e-01, 3.255850e-01
117, 2.148179e-01, 6.511650e-01
118, 2.148234e-01, 5.581400e-01
119, 2.148234e-01, 8.372100e-01
120, 2.148234e-01, 2.790700e-01
121, 2.148234e-01, 2.325600e-01
122, 2.148234e-01, 6.046500e-01
123, 2.148242e-01, 3.720914e-01
124, 2.148250e-01, 6.976728e-01
125, 2.148250e-01, 5.116300e-01
126, 2.148250e-01, 4.186050e-01
127, 2.148250e-01, 1.860428e-01
128, 2.148250e-01, 7.441850e-01
129, 2.192989e-01, 7.209300e-01
130, 2.192989e-01, 5.193800e-01
131, 2.193018e-01, 8.449650e-01
132, 2.193018e-01, 3.953450e-01
133, 2.193018e-01, 5.503850e-01
134, 2.193018e-01, 1.937950e-01
135, 2.193018e-01, 2.248050e-01
136, 2.237782e-01, 8.062050e-01
137, 2.237782e-01, 1.550350e-01
138, 2.237782e-01, 4.496150e-01
139, 2.237782e-01, 6.046550e-01
140, 2.237782e-01, 7.751950e-01
141, 2.237811e-01, 4.806200e-01
142, 2.237811e-01, 2.790700e-01
143, 2.282479e-01, 3.953450e-01
144, 2.282534e-01, 3.488400e-01
145, 2.282534e-01, 6.279100e-01
146, 2.282534e-01, 6.744200e-01
147, 2.282542e-01, 7.674414e-01
148, 2.282542e-01, 1.627886e-01
149, 2.282542e-01, 4.418614e-01
150, 2.282550e-01, 5.813950e-01
151, 2.282550e-01, 4.883700e-01
152, 2.282550e-01, 3.023272e-01
153, 2.282550e-01, 2.558128e-01
154, 2.282550e-01, 8.139550e-01
155, 2.282566e-01, 7.209300e-01
156, 2.327318e-01, 7.906950e-01
157, 2.327318e-01, 5.891450e-01
158, 2.327318e-01, 6.201550e-01
159, 2.327318e-01, 2.635650e-01
160, 2.327318e-01, 4.651150e-01
161, 2.327318e-01, 2.945750e-01
162, 2.372049e-01, 6.744150e-01
163, 2.372049e-01, 3.488350e-01
164, 2.372049e-01, 2.248050e-01
165, 2.372049e-01, 1.937950e-01
166, 2.372049e-01, 5.503850e-01
167, 2.372049e-01, 8.449650e-01
168, 2.372077e-01, 5.193800e-01
169, 2.416734e-01, 6.511600e-01
170, 2.416734e-01, 3.255800e-01
171, 2.416763e-01, 6.976750e-01
172, 2.416763e-01, 4.186050e-01
173, 2.416763e-01, 7.441850e-01
174, 2.416767e-01, 2.325543e-01
175, 2.416767e-01, 8.372157e-01
176, 2.416767e-01, 5.581343e-01
177, 2.416779e-01, 7.906950e-01
178, 2.416781e-01, 1.860482e-01
179, 2.416800e-01, 5.116214e-01
180, 2.416800e-01, 3.720986e-01
181, 2.416837e-01, 4.651150e-01
182, 2.461523e-01, 3.643400e-01
183, 2.461551e-01, 3.333350e-01
184, 2.461551e-01, 2.093050e-01
185, 2.461551e-01, 6.899250e-01
186, 2.461551e-01, 5.348850e-01
187, 2.461551e-01, 6.589150e-01
188, 2.506349e-01, 2.635650e-01
189, 2.506349e-01, 4.186050e-01
190, 2.506349e-01, 2.945750e-01
191, 2.506349e-01, 5.891450e-01
192, 2.506349e-01, 7.441850e-01
193, 2.506349e-01, 6.201550e-01
194, 2.551034e-01, 1.627900e-01
195, 2.551034e-01, 7.209300e-01
196, 2.551034e-01, 4.418600e-01
197, 2.551034e-01, 4.883700e-01
198, 2.551063e-01, 8.139550e-01
199, 2.551067e-01, 6.279043e-01
200, 2.551079e-01, 2.093050e-01
201, 2.551081e-01, 5.813982e-01
202, 2.551081e-01, 2.558182e-01
203, 2.551081e-01, 3.023218e-01
204, 2.551100e-01, 3.953414e-01
205, 2.551100e-01, 7.674400e-01
206, 2.551137e-01, 5.348850e-01
207, 2.595823e-01, 7.596900e-01
208, 2.595823e-01, 2.790700e-01
209, 2.595823e-01, 4.031000e-01
210, 2.595851e-01, 7.286850e-01
211, 2.595851e-01, 6.046550e-01
212, 2.595851e-01, 4.341050e-01
213, 2.640582e-01, 6.899250e-01
214, 2.640582e-01, 4.883750e-01
215, 2.640582e-01, 6.589150e-01
216, 2.640582e-01, 8.139550e-01
217, 2.640582e-01, 3.333350e-01
218, 2.640611e-01, 3.643400e-01
219, 2.640611e-01, 1.627900e-01
220, 2.685279e-01, 6.046550e-01
221, 2.685334e-01, 5.116300e-01
222, 2.685334e-01, 2.325600e-01
223, 2.685334e-01, 5.581400e-01
224, 2.685334e-01, 8.372100e-01
225, 2.685342e-01, 6.511614e-01
226, 2.685342e-01, 3.255814e-01
227, 2.685350e-01, 7.907000e-01
228, 2.685350e-01, 4.651128e-01
229, 2.685350e-01, 6.976772e-01
230, 2.685350e-01, 1.860472e-01
231, 2.685350e-01, 3.720900e-01
232, 2.685366e-01, 2.790700e-01
233, 2.730089e-01, 7.984500e-01
234, 2.730118e-01, 6.744150e-01
235, 2.730118e-01, 5.038750e-01
236, 2.730118e-01, 3.488350e-01
237, 2.730118e-01, 1.782950e-01
238, 2.730118e-01, 4.728650e-01
239, 2.730118e-01, 8.294550e-01
240, 2.774882e-01, 4.341050e-01
241, 2.774882e-01, 2.325550e-01
242, 2.774882e-01, 7.286850e-01
243, 2.774911e-01, 5.581400e-01
244, 2.774911e-01, 4.031000e-01
245, 2.774911e-01, 7.596900e-01
246, 2.819579e-01, 3.488350e-01
247, 2.819579e-01, 6.744150e-01
248, 2.819634e-01, 6.279100e-01
249, 2.819634e-01, 2.093000e-01
250, 2.819642e-01, 7.209314e-01
251, 2.819642e-01, 4.418586e-01
252, 2.819650e-01, 7.674572e-01
253, 2.819650e-01, 5.348828e-01
254, 2.819650e-01, 5.813950e-01
255, 2.819650e-01, 3.953328e-01
256, 2.819650e-01, 2.558150e-01
257, 2.819663e-01, 3.023250e-01
258, 2.864418e-01, 2.480650e-01
259, 2.864418e-01, 2.170550e-01
260, 2.864418e-01, 4.186050e-01
261, 2.864418e-01, 5.426350e-01
262, 2.864418e-01, 7.441850e-01
263, 2.864418e-01, 5.736450e-01
264, 2.909149e-01, 4.728650e-01
265, 2.909149e-01, 8.294550e-01
266, 2.909149e-01, 1.782950e-01
267, 2.909149e-01, 3.023250e-01
268, 2.909149e-01, 5.038750e-01
269, 2.909149e-01, 6.279050e-01
270, 2.909177e-01, 7.984500e-01
271, 2.953834e-01, 3.720900e-01
272, 2.953834e-01, 2.790700e-01
273, 2.953834e-01, 6.046500e-01
274, 2.953863e-01, 6.976750e-01
275, 2.953867e-01, 8.372043e-01
276, 2.953867e-01, 5.116243e-01
277, 2.953881e-01, 1.860418e-01
278, 2.953881e-01, 4.651182e-01
279, 2.953900e-01, 6.511600e-01
280, 2.953900e-01, 3.255886e-01
281, 2.953900e-01, 7.907000e-01
282, 2.953937e-01, 4.186050e-01
283, 2.953937e-01, 7.441850e-01
284, 2.998623e-01, 6.434100e-01
285, 2.998623e-01, 1.627900e-01
286, 2.998623e-01, 3.178300e-01
287, 2.998651e-01, 4.883750e-01
288, 2.998651e-01, 2.868250e-01
289, 2.998651e-01, 6.124050e-01
290, 2.998651e-01, 8.139550e-01
291, 3.043382e-01, 5.736450e-01
292, 3.043382e-01, 5.426350e-01
293, 3.043382e-01, 2.170550e-01
294, 3.043382e-01, 2.480650e-01
295, 3.043382e-01, 3.720950e-01
296, 3.043382e-01, 6.976750e-01
297, 3.088079e-01, 4.883750e-01
298, 3.088134e-01, 7.674400e-01
299, 3.088134e-01, 4.418600e-01
300, 3.088134e-01, 3.953500e-01
301, 3.088134e-01, 7.209300e-01
302, 3.088137e-01, 8.139550e-01
303, 3.088142e-01, 2.093014e-01
304, 3.088150e-01, 5.348850e-01
305, 3.088150e-01, 6.744028e-01
306, 3.088150e-01, 3.488400e-01
307, 3.088150e-01, 2.558150e-01
308, 3.088150e-01, 5.813950e-01
309, 3.088166e-01, 1.627900e-01
310, 3.132889e-01, 5.581400e-01
311, 3.132889e-01, 6.821700e-01
312, 3.132889e-01, 3.565900e-01
313, 3.132918e-01, 7.131750e-01
314, 3.132918e-01, 2.325550e-01
315, 3.132918e-01, 3.875950e-01
316, 3.177682e-01, 2.868250e-01
317, 3.177682e-01, 7.674450e-01
318, 3.177682e-01, 6.124050e-01
319, 3.177711e-01, 4.418600e-01
320, 3.177711e-01, 3.178300e-01
321, 3.177711e-01, 6.434100e-01
322, 3.222379e-01, 2.325550e-01
323, 3.222434e-01, 7.907000e-01
324, 3.222434e-01, 8.372100e-01
325, 3.222434e-01, 5.116300e-01
326, 3.222442e-01, 2.790714e-01
327, 3.222442e-01, 6.046514e-01
328, 3.222450e-01, 7.441828e-01
329, 3.222450e-01, 4.186028e-01
330, 3.222450e-01, 6.511600e-01
331, 3.222450e-01, 3.255800e-01
332, 3.222450e-01, 4.651150e-01
333, 3.222463e-01, 1.860450e-01
334, 3.222466e-01, 5.581400e-01
335, 3.267218e-01, 7.519350e-01
336, 3.267218e-01, 6.279050e-01
337, 3.267218e-01, 4.573650e-01
338, 3.267218e-01, 3.023250e-01
339, 3.267218e-01, 4.263550e-01
340, 3.267218e-01, 7.829450e-01
341, 3.311949e-01, 5.116250e-01
342, 3.311949e-01, 7.131750e-01
343, 3.311949e-01, 3.875950e-01
344, 3.311949e-01, 1.860450e-01
345, 3.311977e-01, 8.372100e-01
346, 3.311977e-01, 3.565900e-01
347, 3.311977e-01, 6.821700e-01
348, 3.356634e-01, 1.627900e-01
349, 3.356634e-01, 4.883700e-01
350, 3.356663e-01, 8.139550e-01
351, 3.356663e-01, 5.813950e-01
352, 3.356663e-01, 2.558150e-01
353, 3.356663e-01, 5.348850e-01
354, 3.356667e-01, 7.209243e-01
355, 3.356667e-01, 3.953443e-01
356, 3.356679e-01, 6.279050e-01
357, 3.356700e-01, 6.744114e-01
358, 3.356700e-01, 2.093000e-01
359, 3.356700e-01, 3.488400e-01
360, 3.356737e-01, 3.023250e-01
361, 3.401423e-01, 2.015500e-01
362, 3.401451e-01, 6.976750e-01
363, 3.401451e-01, 1.705450e-01
364, 3.401451e-01, 3.720950e-01
365, 3.401451e-01, 5.271350e-01
366, 3.401451e-01, 8.217050e-01
367, 3.401451e-01, 4.961250e-01
368, 3.446182e-01, 5.813950e-01
369, 3.446182e-01, 2.558150e-01
370, 3.446182e-01, 7.829450e-01
371, 3.446182e-01, 4.263550e-01
372, 3.446182e-01, 4.573650e-01
373, 3.446182e-01, 7.519350e-01
374, 3.490879e-01, 3.720950e-01
375, 3.490934e-01, 2.790700e-01
376, 3.490934e-01, 5.581400e-01
377, 3.490934e-01, 3.255800e-01
378, 3.490934e-01, 6.511600e-01
379, 3.490937e-01, 6.976750e-01
380, 3.490942e-01, 7.906986e-01
381, 3.490950e-01, 6.046672e-01
382, 3.490950e-01, 4.186028e-01
383, 3.490950e-01, 4.651172e-01
384, 3.490950e-01, 7.441828e-01
385, 3.490950e-01, 2.325428e-01
386, 3.535689e-01, 4.418600e-01
387, 3.535689e-01, 2.403100e-01
388, 3.535689e-01, 5.969000e-01
389, 3.535718e-01, 7.674450e-01
390, 3.535718e-01, 5.658950e-01
391, 3.535718e-01, 2.713150e-01
392, 3.580482e-01, 8.217050e-01
393, 3.580482e-01, 4.961250e-01
394, 3.580482e-01, 3.255850e-01
395, 3.580482e-01, 1.705450e-01
396, 3.580482e-01, 5.271350e-01
397, 3.580482e-01, 6.511650e-01
398, 3.580511e-01, 2.015500e-01
399, 3.625179e-01, 7.674450e-01
400, 3.625234e-01, 7.209300e-01
401, 3.625234e-01, 6.744200e-01
402, 3.625234e-01, 3.953500e-01
403, 3.625234e-01, 3.488400e-01
404, 3.625242e-01, 4.883714e-01
405, 3.625242e-01, 1.627914e-01
406, 3.625250e-01, 8.139550e-01
407, 3.625250e-01, 5.348872e-01
408, 3.625250e-01, 2.093172e-01
409, 3.625250e-01, 6.279100e-01
410, 3.625250e-01, 3.023228e-01
411, 3.625266e-01, 4.418600e-01
412, 3.669989e-01, 6.356600e-01
413, 3.669989e-01, 8.372100e-01
414, 3.670018e-01, 6.666650e-01
415, 3.670018e-01, 5.116250e-01
416, 3.670018e-01, 3.410850e-01
417, 3.670018e-01, 1.860450e-01
418, 3.670018e-01, 3.100750e-01
419, 3.714749e-01, 3.953450e-01
420, 3.714749e-01, 2.713150e-01
421, 3.714749e-01, 5.658950e-01
422, 3.714777e-01, 5.969000e-01
423, 3.714777e-01, 7.209300e-01
424, 3.714777e-01, 2.403100e-01
425, 3.759434e-01, 7.907000e-01
426, 3.759434e-01, 3.720900e-01
427, 3.759463e-01, 4.186050e-01
428, 3.759463e-01, 4.651150e-01
429, 3.759463e-01, 7.441850e-01
430, 3.759463e-01, 6.976750e-01
431, 3.759467e-01, 2.790643e-01
432, 3.759467e-01, 5.581457e-01
433, 3.759479e-01, 5.116250e-01
434, 3.759500e-01, 6.046500e-01
435, 3.759500e-01, 2.325600e-01
436, 3.759537e-01, 1.860450e-01
437, 3.759566e-01, 8.372100e-01
438, 3.804251e-01, 2.558150e-01
439, 3.804251e-01, 7.054250e-01
440, 3.804251e-01, 3.798450e-01
441, 3.804251e-01, 4.108550e-01
442, 3.804251e-01, 7.364350e-01
443, 3.804251e-01, 5.813950e-01
444, 3.848982e-01, 7.906950e-01
445, 3.848982e-01, 3.100750e-01
446, 3.848982e-01, 3.410850e-01
447, 3.848982e-01, 4.651150e-01
448, 3.848982e-01, 6.666650e-01
449, 3.849011e-01, 6.356600e-01
450, 3.893734e-01, 2.093000e-01
451, 3.893734e-01, 1.627900e-01
452, 3.893734e-01, 4.418600e-01
453, 3.893734e-01, 7.674400e-01
454, 3.893737e-01, 5.813950e-01
455, 3.893737e-01, 2.558150e-01
456, 3.893742e-01, 3.488386e-01
457, 3.893742e-01, 6.744186e-01
458, 3.893750e-01, 4.883872e-01
459, 3.893750e-01, 6.278928e-01
460, 3.893750e-01, 3.023228e-01
461, 3.893750e-01, 8.139550e-01
462, 3.893763e-01, 5.348850e-01
463, 3.938489e-01, 4.806200e-01
464, 3.938518e-01, 6.511650e-01
465, 3.938518e-01, 1.550350e-01
466, 3.938518e-01, 4.496150e-01
467, 3.938518e-01, 3.255850e-01
468, 3.938518e-01, 7.751950e-01
469, 3.938518e-01, 8.062050e-01
470, 3.983282e-01, 7.364350e-01
471, 3.983282e-01, 3.798450e-01
472, 3.983282e-01, 5.348850e-01
473, 3.983282e-01, 2.093050e-01
474, 3.983282e-01, 4.108550e-01
475, 3.983282e-01, 7.054250e-01
476, 4.027979e-01, 6.511650e-01
477, 4.027979e-01, 3.255850e-01
478, 4.028034e-01, 2.325600e-01
479, 4.028034e-01, 2.790700e-01
480, 4.028034e-01, 6.046500e-01
481, 4.028034e-01, 5.581400e-01
482, 4.028034e-01, 8.372100e-01
483, 4.028042e-01, 3.720914e-01
484, 4.028050e-01, 7.441850e-01
485, 4.028050e-01, 5.116128e-01
486, 4.028050e-01, 6.976750e-01
487, 4.028050e-01, 1.860428e-01
488, 4.028050e-01, 4.186050e-01
489, 4.072789e-01, 5.193800e-01
490, 4.072789e-01, 7.209300e-01
491, 4.072818e-01, 5.503850e-01
492, 4.072818e-01, 2.248050e-01
493, 4.072818e-01, 1.937950e-01
494, 4.072818e-01, 3.953450e-01
495, 4.072818e-01, 8.449650e-01
496, 4.117549e-01, 7.751950e-01
497, 4.117549e-01, 8.062050e-01
498, 4.117549e-01, 1.550350e-01
499, 4.117549e-01, 4.496150e-01
500, 4.117549e-01, 6.046550e-01
501, 4.117577e-01, 2.790700e-01
502, 4.117577e-01, 4.806200e-01
503, 4.162234e-01, 3.488400e-01
504, 4.162234e-01, 6.279100e-01
505, 4.162234e-01, 6.744200e-01
506, 4.162263e-01, 2.558150e-01
507, 4.162263e-01, 3.023250e-01
508, 4.162263e-01, 5.813950e-01
509, 4.162267e-01, 1.627843e-01
510, 4.162267e-01, 4.418657e-01
511, 4.162267e-01, 7.674457e-01
512, 4.162279e-01, 3.953450e-01
513, 4.162281e-01, 8.139518e-01
514, 4.162300e-01, 4.883700e-01
515, 4.162366e-01, 7.209300e-01
516, 4.207051e-01, 6.201550e-01
517, 4.207051e-01, 2.945750e-01
518, 4.207051e-01, 5.891450e-01
519, 4.207051e-01, 4.651150e-01
520, 4.207051e-01, 2.635650e-01
521, 4.207051e-01, 7.906950e-01
522, 4.251782e-01, 8.449650e-01
523, 4.251782e-01, 1.937950e-01
524, 4.251782e-01, 2.248050e-01
525, 4.251782e-01, 3.488350e-01
526, 4.251782e-01, 5.503850e-01
527, 4.251782e-01, 6.744150e-01
528, 4.251811e-01, 5.193800e-01
529, 4.296479e-01, 7.906950e-01
530, 4.296534e-01, 3.255800e-01
531, 4.296534e-01, 6.511600e-01
532, 4.296537e-01, 4.651150e-01
533, 4.296542e-01, 2.325586e-01
534, 4.296542e-01, 5.581386e-01
535, 4.296542e-01, 8.372114e-01
536, 4.296550e-01, 3.720900e-01
537, 4.296550e-01, 5.116128e-01
538, 4.296550e-01, 1.860450e-01
539, 4.296550e-01, 6.976750e-01
540, 4.296563e-01, 7.441850e-01
541, 4.296563e-01, 4.186050e-01
542, 4.341289e-01, 3.643400e-01
543, 4.341318e-01, 5.348850e-01
544, 4.341318e-01, 6.589150e-01
545, 4.341318e-01, 6.899250e-01
546, 4.341318e-01, 2.093050e-01
547, 4.341318e-01, 3.333350e-01
548, 4.386082e-01, 2.635650e-01
549, 4.386082e-01, 5.891450e-01
550, 4.386082e-01, 2.945750e-01
551, 4.386082e-01, 7.441850e-01
552, 4.386082e-01, 4.186050e-01
553, 4.386082e-01, 6.201550e-01
554, 4.430779e-01, 2.093050e-01
555, 4.430834e-01, 7.209300e-01
556, 4.430834e-01, 1.627900e-01
557, 4.430834e-01, 4.883700e-01
558, 4.430834e-01, 4.418600e-01
559, 4.430837e-01, 5.348850e-01
560, 4.430842e-01, 6.279086e-01
561, 4.430850e-01, 5.813928e-01
562, 4.430850e-01, 2.558150e-01
563, 4.430850e-01, 3.023250e-01
564, 4.430850e-01, 7.674572e-01
565, 4.430850e-01, 3.953500e-01
566, 4.430863e-01, 8.139550e-01
567, 4.475589e-01, 7.596900e-01
568, 4.475589e-01, 4.031000e-01
569, 4.475589e-01, 2.790700e-01
570, 4.475618e-01, 4.341050e-01
571, 4.475618e-01, 6.046550e-01
572, 4.475618e-01, 7.286850e-01
573, 4.520349e-01, 8.139550e-01
574, 4.520349e-01, 3.333350e-01
575, 4.520349e-01, 4.883750e-01
576, 4.520349e-01, 6.589150e-01
577, 4.520349e-01, 6.899250e-01
578, 4.520377e-01, 1.627900e-01
579, 4.520377e-01, 3.643400e-01
580, 4.565034e-01, 5.581400e-01
581, 4.565034e-01, 5.116300e-01
582, 4.565034e-01, 8.372100e-01
583, 4.565034e-01, 2.325600e-01
584, 4.565063e-01, 1.860450e-01
585, 4.565063e-01, 4.651150e-01
586, 4.565067e-01, 3.255857e-01
587, 4.565067e-01, 6.511657e-01
588, 4.565079e-01, 6.046550e-01
589, 4.565081e-01, 6.976718e-01
590, 4.565100e-01, 7.907000e-01
591, 4.565100e-01, 3.720900e-01
592, 4.565166e-01, 2.790700e-01
593, 4.609823e-01, 7.984500e-01
594, 4.609851e-01, 5.038750e-01
595, 4.609851e-01, 6.744150e-01
596, 4.609851e-01, 8.294550e-01
597, 4.609851e-01, 3.488350e-01
598, 4.609851e-01, 1.782950e-01
599, 4.609851e-01, 4.728650e-01
600, 4.654582e-01, 7.286850e-01
601, 4.654582e-01, 2.325550e-01
602, 4.654582e-01, 4.341050e-01
603, 4.654611e-01, 7.596900e-01
604, 4.654611e-01, 5.581400e-01
605, 4.654611e-01, 4.031000e-01
606, 4.699279e-01, 6.744150e-01
607, 4.699279e-01, 3.488350e-01
608, 4.699334e-01, 6.279100e-01
609, 4.699334e-01, 2.093000e-01
610, 4.699342e-01, 4.418586e-01
611, 4.699342e-01, 7.209314e-01
612, 4.699350e-01, 5.348828e-01
613, 4.699350e-01, 7.674400e-01
614, 4.699350e-01, 3.953500e-01
615, 4.699350e-01, 5.813950e-01
616, 4.699350e-01, 2.558172e-01
617, 4.699363e-01, 3.023250e-01
618, 4.744118e-01, 7.441850e-01
619, 4.744118e-01, 5.426350e-01
620, 4.744118e-01, 4.186050e-01
621, 4.744118e-01, 2.170550e-01
622, 4.744118e-01, 5.736450e-01
623, 4.744118e-01, 2.480650e-01
624, 4.788882e-01, 6.279050e-01
625, 4.788882e-01, 4.728650e-01
626, 4.788882e-01, 1.782950e-01
627, 4.788882e-01, 8.294550e-01
628, 4.788882e-01, 3.023250e-01
629, 4.788882e-01, 5.038750e-01
630, 4.788911e-01, 7.984500e-01
631, 4.833634e-01, 6.046500e-01
632, 4.833634e-01, 3.720900e-01
633, 4.833634e-01, 2.790700e-01
634, 4.833637e-01, 7.441850e-01
635, 4.833637e-01, 4.186050e-01
636, 4.833642e-01, 5.116286e-01
637, 4.833642e-01, 8.372086e-01
638, 4.833650e-01, 7.906828e-01
639, 4.833650e-01, 3.255972e-01
640, 4.833650e-01, 1.860472e-01
641, 4.833650e-01, 4.651150e-01
642, 4.833650e-01, 6.511772e-01
643, 4.833663e-01, 6.976750e-01
644, 4.878389e-01, 1.627900e-01
645, 4.878389e-01, 3.178300e-01
646, 4.878389e-01, 6.434100e-01
647, 4.878418e-01, 2.868250e-01
648, 4.878418e-01, 4.883750e-01
649, 4.878418e-01, 6.124050e-01
650, 4.878418e-01, 8.139550e-01
651, 4.923149e-01, 5.426350e-01
652, 4.923149e-01, 2.480650e-01
653, 4.923149e-01, 3.720950e-01
654, 4.923149e-01, 2.170550e-01
655, 4.923149e-01, 5.736450e-01
656, 4.923149e-01, 6.976750e-01
657, 4.967834e-01, 7.674400e-01
658, 4.967834e-01, 3.953500e-01
659, 4.967834e-01, 4.418600e-01
660, 4.967834e-01, 7.209300e-01
661, 4.967867e-01, 2.093057e-01
662, 4.967879e-01, 4.883750e-01
663, 4.967881e-01, 2.558118e-01
664, 4.967881e-01, 5.813918e-01
665, 4.967881e-01, 5.348882e-01
666, 4.967900e-01, 6.744200e-01
667, 4.967900e-01, 3.488314e-01
668, 4.967937e-01, 8.139550e-01
669, 4.967966e-01, 1.627900e-01
670, 5.012623e-01, 5.581400e-01
671, 5.012623e-01, 3.565900e-01
672, 5.012623e-01, 6.821700e-01
673, 5.012651e-01, 7.131750e-01
674, 5.012651e-01, 2.325550e-01
675, 5.012651e-01, 3.875950e-01
676, 5.057382e-01, 6.124050e-01
677, 5.057382e-01, 2.868250e-01
678, 5.057382e-01, 7.674450e-01
679, 5.057411e-01, 6.434100e-01
680, 5.057411e-01, 4.418600e-01
681, 5.057411e-01, 3.178300e-01
682, 5.102079e-01, 2.325550e-01
683, 5.102134e-01, 5.116300e-01
684, 5.102134e-01, 7.907000e-01
685, 5.102134e-01, 8.372100e-01
686, 5.102142e-01, 2.790714e-01
687, 5.102142e-01, 6.046514e-01
688, 5.102150e-01, 6.511772e-01
689, 5.102150e-01, 7.441850e-01
690, 5.102150e-01, 4.186028e-01
691, 5.102150e-01, 4.651172e-01
692, 5.102150e-01, 3.255972e-01
693, 5.102163e-01, 1.860450e-01
694, 5.102166e-01, 5.581400e-01
695, 5.146918e-01, 7.519350e-01
696, 5.146918e-01, 3.023250e-01
697, 5.146918e-01, 4.573650e-01
698, 5.146918e-01, 7.829450e-01
699, 5.146918e-01, 4.263550e-01
700, 5.146918e-01, 6.279050e-01
701, 5.191682e-01, 7.131750e-01
702, 5.191682e-01, 3.875950e-01
703, 5.191682e-01, 1.860450e-01
704, 5.191682e-01, 5.116250e-01
705, 5.191711e-01, 6.821700e-01
706, 5.191711e-01, 8.372100e-01
707, 5.191711e-01, 3.565900e-01
708, 5.236379e-01, 6.279050e-01
709, 5.236434e-01, 4.883700e-01
710, 5.236434e-01, 1.627900e-01
711, 5.236437e-01, 3.023250e-01
712, 5.236442e-01, 7.209286e-01
713, 5.236442e-01, 3.953486e-01
714, 5.236450e-01, 6.744028e-01
715, 5.236450e-01, 5.348850e-01
716, 5.236450e-01, 3.488228e-01
717, 5.236450e-01, 2.093172e-01
718, 5.236450e-01, 8.139528e-01
719, 5.236463e-01, 5.813950e-01
720, 5.236463e-01, 2.558150e-01
721, 5.281189e-01, 2.015500e-01
722, 5.281218e-01, 4.961250e-01
723, 5.281218e-01, 1.705450e-01
724, 5.281218e-01, 8.217050e-01
725, 5.281218e-01, 3.720950e-01
726, 5.281218e-01, 5.271350e-01
727, 5.281218e-01, 6.976750e-01
728, 5.325949e-01, 5.813950e-01
729, 5.325949e-01, 4.573650e-01
730, 5.325949e-01, 4.263550e-01
731, 5.325949e-01, 2.558150e-01
732, 5.325949e-01, 7.829450e-01
733, 5.325949e-01, 7.519350e-01
734, 5.370634e-01, 5.581400e-01
735, 5.370634e-01, 2.790700e-01
736, 5.370634e-01, 3.255800e-01
737, 5.370634e-01, 6.511600e-01
738, 5.370667e-01, 7.906943e-01
739, 5.370679e-01, 3.720950e-01
740, 5.370681e-01, 4.651118e-01
741, 5.370681e-01, 7.441882e-01
742, 5.370681e-01, 4.186082e-01
743, 5.370700e-01, 6.046500e-01
744, 5.370700e-01, 2.325600e-01
745, 5.370737e-01, 6.976750e-01
746, 5.415423e-01, 2.403100e-01
747, 5.415423e-01, 4.418600e-01
748, 5.415423e-01, 5.969000e-01
749, 5.415451e-01, 7.674450e-01
750, 5.415451e-01, 5.658950e-01
751, 5.415451e-01, 2.713150e-01
752, 5.460182e-01, 5.271350e-01
753, 5.460182e-01, 3.255850e-01
754, 5.460182e-01, 1.705450e-01
755, 5.460182e-01, 6.511650e-01
756, 5.460182e-01, 8.217050e-01
757, 5.460182e-01, 4.961250e-01
758, 5.460211e-01, 2.015500e-01
759, 5.504879e-01, 7.674450e-01
760, 5.504934e-01, 3.488400e-01
761, 5.504934e-01, 3.953500e-01
762, 5.504934e-01, 7.209300e-01
763, 5.504934e-01, 6.744200e-01
764, 5.504942e-01, 4.883714e-01
765, 5.504942e-01, 1.627914e-01
766, 5.504950e-01, 5.348872e-01
767, 5.504950e-01, 3.023250e-01
768, 5.504950e-01, 8.139550e-01
769, 5.504950e-01, 2.093000e-01
770, 5.504950e-01, 6.279100e-01
771, 5.504966e-01, 4.418600e-01
772, 5.549689e-01, 8.372100e-01
773, 5.549689e-01, 6.356600e-01
774, 5.549718e-01, 5.116250e-01
775, 5.549718e-01, 6.666650e-01
776, 5.549718e-01, 3.410850e-01
777, 5.549718e-01, 3.100750e-01
778, 5.549718e-01, 1.860450e-01
779, 5.594482e-01, 3.953450e-01
780, 5.594482e-01, 2.713150e-01
781, 5.594482e-01, 5.658950e-01
782, 5.594511e-01, 5.969000e-01
783, 5.594511e-01, 7.209300e-01
784, 5.594511e-01, 2.403100e-01
785, 5.639179e-01, 5.116250e-01
786, 5.639234e-01, 3.720900e-01
787, 5.639234e-01, 7.907000e-01
788, 5.639237e-01, 1.860450e-01
789, 5.639242e-01, 2.790686e-01
790, 5.639242e-01, 5.581414e-01
791, 5.639250e-01, 7.441872e-01
792, 5.639250e-01, 6.976728e-01
793, 5.639250e-01, 6.046672e-01
794, 5.639250e-01, 4.186050e-01
795, 5.639250e-01, 2.325600e-01
796, 5.639263e-01, 4.651150e-01
797, 5.639266e-01, 8.372100e-01
798, 5.684018e-01, 7.054250e-01
799, 5.684018e-01, 7.364350e-01
800, 5.684018e-01, 2.558150e-01
801, 5.684018e-01, 3.798450e-01
802, 5.684018e-01, 4.108550e-01
803, 5.684018e-01, 5.813950e-01
804, 5.728749e-01, 3.410850e-01
805, 5.728749e-01, 4.651150e-01
806, 5.728749e-01, 3.100750e-01
807, 5.728749e-01, 7.906950e-01
808, 5.728749e-01, 6.666650e-01
809, 5.728777e-01, 6.356600e-01
810, 5.773434e-01, 4.418600e-01
811, 5.773434e-01, 1.627900e-01
812, 5.773434e-01, 7.674400e-01
813, 5.773434e-01, 2.093000e-01
814, 5.773463e-01, 5.348850e-01
815, 5.773463e-01, 8.139550e-01
816, 5.773467e-01, 6.744143e-01
817, 5.773467e-01, 3.488343e-01
818, 5.773481e-01, 3.023282e-01
819, 5.773500e-01, 4.883700e-01
820, 5.773500e-01, 6.279100e-01
821, 5.773537e-01, 5.813950e-01
822, 5.773537e-01, 2.558150e-01
823, 5.818223e-01, 4.806200e-01
824, 5.818251e-01, 8.062050e-01
825, 5.818251e-01, 6.511650e-01
826, 5.818251e-01, 4.496150e-01
827, 5.818251e-01, 1.550350e-01
828, 5.818251e-01, 3.255850e-01
829, 5.818251e-01, 7.751950e-01
830, 5.862982e-01, 4.108550e-01
831, 5.862982e-01, 3.798450e-01
832, 5.862982e-01, 5.348850e-01
833, 5.862982e-01, 7.054250e-01
834, 5.862982e-01, 2.093050e-01
835, 5.862982e-01, 7.364350e-01
836, 5.907679e-01, 3.255850e-01
837, 5.907679e-01, 6.511650e-01
838, 5.907734e-01, 2.790700e-01
839, 5.907734e-01, 2.325600e-01
840, 5.907734e-01, 5.581400e-01
841, 5.907734e-01, 6.046500e-01
842, 5.907734e-01, 8.372100e-01
843, 5.907742e-01, 3.720914e-01
844, 5.907750e-01, 5.116128e-01
845, 5.907750e-01, 7.441850e-01
846, 5.907750e-01, 6.976750e-01
847, 5.907750e-01, 1.860428e-01
848, 5.907750e-01, 4.186050e-01
849, 5.952489e-01, 7.209300e-01
850, 5.952489e-01, 5.193800e-01
851, 5.952518e-01, 1.937950e-01
852, 5.952518e-01, 8.449650e-01
853, 5.952518e-01, 2.248050e-01
854, 5.952518e-01, 5.503850e-01
855, 5.952518e-01, 3.953450e-01
856, 5.997282e-01, 7.751950e-01
857, 5.997282e-01, 8.062050e-01
858, 5.997282e-01, 1.550350e-01
859, 5.997282e-01, 4.496150e-01
860, 5.997282e-01, 6.046550e-01
861, 5.997311e-01, 2.790700e-01
862, 5.997311e-01, 4.806200e-01
863, 6.041979e-01, 3.953450e-01
864, 6.042034e-01, 3.488400e-01
865, 6.042034e-01, 6.279100e-01
866, 6.042034e-01, 6.744200e-01
867, 6.042042e-01, 4.418614e-01
868, 6.042042e-01, 7.674414e-01
869, 6.042042e-01, 1.627886e-01
870, 6.042050e-01, 4.883872e-01
871, 6.042050e-01, 3.023250e-01
872, 6.042050e-01, 5.813950e-01
873, 6.042050e-01, 8.139550e-01
874, 6.042050e-01, 2.558150e-01
875, 6.042066e-01, 7.209300e-01
876, 6.086818e-01, 6.201550e-01
877, 6.086818e-01, 5.891450e-01
878, 6.086818e-01, 2.945750e-01
879, 6.086818e-01, 2.635650e-01
880, 6.086818e-01, 4.651150e-01
881, 6.086818e-01, 7.906950e-01
882, 6.131549e-01, 6.744150e-01
883, 6.131549e-01, 8.449650e-01
884, 6.131549e-01, 2.248050e-01
885, 6.131549e-01, 3.488350e-01
886, 6.131549e-01, 1.937950e-01
887, 6.131549e-01, 5.503850e-01
888, 6.131577e-01, 5.193800e-01
889, 6.176234e-01, 3.255800e-01
890, 6.176234e-01, 6.511600e-01
891, 6.176263e-01, 4.186050e-01
892, 6.176263e-01, 7.441850e-01
893, 6.176263e-01, 6.976750e-01
894, 6.176267e-01, 8.372157e-01
895, 6.176267e-01, 5.581343e-01
896, 6.176267e-01, 2.325543e-01
897, 6.176279e-01, 7.906950e-01
898, 6.176281e-01, 1.860482e-01
899, 6.176300e-01, 5.116300e-01
900, 6.176300e-01, 3.720986e-01
901, 6.176337e-01, 4.651150e-01
902, 6.221023e-01, 3.643400e-01
903, 6.221051e-01, 6.899250e-01
904, 6.221051e-01, 3.333350e-01
905, 6.221051e-01, 2.093050e-01
906, 6.221051e-01, 5.348850e-01
907, 6.221051e-01, 6.589150e-01
908, 6.265782e-01, 2.945750e-01
909, 6.265782e-01, 2.635650e-01
910, 6.265782e-01, 5.891450e-01
911, 6.265782e-01, 4.186050e-01
912, 6.265782e-01, 7.441850e-01
913, 6.265782e-01, 6.201550e-01
914, 6.310479e-01, 2.093050e-01
915, 6.310534e-01, 7.209300e-01
916, 6.310534e-01, 4.883700e-01
917, 6.310534e-01, 1.627900e-01
918, 6.310534e-01, 4.418600e-01
919, 6.310537e-01, 5.348850e-01
920, 6.310542e-01, 6.279086e-01
921, 6.310550e-01, 2.558128e-01
922, 6.310550e-01, 5.813950e-01
923, 6.310550e-01, 3.953328e-01
924, 6.310550e-01, 3.023272e-01
925, 6.310550e-01, 7.674400e-01
926, 6.310563e-01, 8.139550e-01
927, 6.355289e-01, 7.596900e-01
928, 6.355289e-01, 2.790700e-01
929, 6.355289e-01, 4.031000e-01
930, 6.355318e-01, 6.046550e-01
931, 6.355318e-01, 4.341050e-01
932, 6.355318e-01, 7.286850e-01
933, 6.400082e-01, 6.589150e-01
934, 6.400082e-01, 8.139550e-01
935, 6.400082e-01, 4.883750e-01
936, 6.400082e-01, 3.333350e-01
937, 6.400082e-01, 6.899250e-01
938, 6.400111e-01, 3.643400e-01
939, 6.400111e-01, 1.627900e-01
940, 6.444779e-01, 6.046550e-01
941, 6.444834e-01, 2.325600e-01
942, 6.444834e-01, 5.116300e-01
943, 6.444834e-01, 5.581400e-01
944, 6.444834e-01, 8.372100e-01
945, 6.444842e-01, 3.255814e-01
946, 6.444842e-01, 6.511614e-01
947, 6.444850e-01, 6.976772e-01
948, 6.444850e-01, 7.906828e-01
949, 6.444850e-01, 4.651128e-01
950, 6.444850e-01, 3.720900e-01
951, 6.444850e-01, 1.860450e-01
952, 6.444866e-01, 2.790700e-01
953, 6.489589e-01, 7.984500e-01
954, 6.489618e-01, 5.038750e-01
955, 6.489618e-01, 1.782950e-01
956, 6.489618e-01, 8.294550e-01
957, 6.489618e-01, 3.488350e-01
958, 6.489618e-01, 4.728650e-01
959, 6.489618e-01, 6.744150e-01
960, 6.534349e-01, 2.325550e-01
961, 6.534349e-01, 7.286850e-01
962, 6.534349e-01, 4.341050e-01
963, 6.534377e-01, 5.581400e-01
964, 6.534377e-01, 4.031000e-01
965, 6.534377e-01, 7.596900e-01
966, 6.579034e-01, 6.279100e-01
967, 6.579034e-01, 2.093000e-01
968, 6.579063e-01, 3.023250e-01
969, 6.579063e-01, 2.558150e-01
970, 6.579063e-01, 5.348850e-01
971, 6.579063e-01, 5.813950e-01
972, 6.579067e-01, 7.209357e-01
973, 6.579067e-01, 4.418543e-01
974, 6.579079e-01, 6.744150e-01
975, 6.579079e-01, 3.488350e-01
976, 6.579100e-01, 7.674486e-01
977, 6.579100e-01, 3.953414e-01
978, 6.623851e-01, 5.426350e-01
979, 6.623851e-01, 4.186050e-01
980, 6.623851e-01, 2.170550e-01
981, 6.623851e-01, 2.480650e-01
982, 6.623851e-01, 5.736450e-01
983, 6.623851e-01, 7.441850e-01
984, 6.668582e-01, 6.279050e-01
985, 6.668582e-01, 8.294550e-01
986, 6.668582e-01, 1.782950e-01
987, 6.668582e-01, 3.023250e-01
988, 6.668582e-01, 4.728650e-01
989, 6.668582e-01, 5.038750e-01
990, 6.668611e-01, 7.984500e-01
991, 6.713334e-01, 2.790700e-01
992, 6.713334e-01, 3.720900e-01
993, 6.713334e-01, 6.046500e-01
994, 6.713337e-01, 7.441850e-01
995, 6.713337e-01, 4.186050e-01
996, 6.713342e-01, 5.116286e-01
997, 6.713342e-01, 8.372086e-01
998, 6.713350e-01, 7.907000e-01
999, 6.713350e-01, 3.255972e-01
1000, 6.713350e-01, 6.511772e-01
1001, 6.713350e-01, 1.860472e-01
1002, 6.713350e-01, 4.651128e-01
1003, 6.713363e-01, 6.976750e-01
1004, 6.758089e-01, 1.627900e-01
1005, 6.758089e-01, 3.178300e-01
1006, 6.758089e-01, 6.434100e-01
1007, 6.758118e-01, 4.883750e-01
1008, 6.758118e-01, 6.124050e-01
1009, 6.758118e-01, 2.868250e-01
1010, 6.758118e-01, 8.139550e-01
1011, 6.802882e-01, 5.736450e-01
1012, 6.802882e-01, 2.480650e-01
1013, 6.802882e-01, 3.720950e-01
1014, 6.802882e-01, 2.170550e-01
1015, 6.802882e-01, 6.976750e-01
1016, 6.802882e-01, 5.426350e-01
1017, 6.847579e-01, 4.883750e-01
1018, 6.847634e-01, 3.953500e-01
1019, 6.847634e-01, 4.418600e-01
1020, 6.847634e-01, 7.674400e-01
1021, 6.847634e-01, 7.209300e-01
1022, 6.847637e-01, 8.139550e-01
1023, 6.847642e-01, 2.093014e-01
1024, 6.847650e-01, 5.348828e-01
1025, 6.847650e-01, 3.488400e-01
1026, 6.847650e-01, 2.558172e-01
1027, 6.847650e-01, 6.744200e-01
1028, 6.847650e-01, 5.813950e-01
1029, 6.847666e-01, 1.627900e-01
1030, 6.892389e-01, 5.581400e-01
1031, 6.892389e-01, 3.565900e-01
1032, 6.892389e-01, 6.821700e-01
1033, 6.892418e-01, 3.875950e-01
1034, 6.892418e-01, 2.325550e-01
1035, 6.892418e-01, 7.131750e-01
1036, 6.937149e-01, 7.674450e-01
1037, 6.937149e-01, 6.124050e-01
1038, 6.937149e-01, 2.868250e-01
1039, 6.937177e-01, 4.418600e-01
1040, 6.937177e-01, 3.178300e-01
1041, 6.937177e-01, 6.434100e-01
1042, 6.981834e-01, 7.907000e-01
1043, 6.981834e-01, 5.116300e-01
1044, 6.981834e-01, 8.372100e-01
1045, 6.981863e-01, 1.860450e-01
1046, 6.981863e-01, 4.186050e-01
1047, 6.981863e-01, 4.651150e-01
1048, 6.981863e-01, 7.441850e-01
1049, 6.981867e-01, 2.790757e-01
1050, 6.981867e-01, 6.046557e-01
1051, 6.981879e-01, 2.325550e-01
1052, 6.981900e-01, 6.511686e-01
1053, 6.981900e-01, 3.255800e-01
1054, 6.981966e-01, 5.581400e-01
1055, 7.026651e-01, 7.829450e-01
1056, 7.026651e-01, 3.023250e-01
1057, 7.026651e-01, 4.573650e-01
1058, 7.026651e-01, 4.263550e-01
1059, 7.026651e-01, 6.279050e-01
1060, 7.026651e-01, 7.519350e-01
1061, 7.071382e-01, 1.860450e-01
1062, 7.071382e-01, 7.131750e-01
1063, 7.071382e-01, 3.875950e-01
1064, 7.071382e-01, 5.116250e-01
1065, 7.071411e-01, 6.821700e-01
1066, 7.071411e-01, 8.372100e-01
1067, 7.071411e-01, 3.565900e-01
1068, 7.116079e-01, 6.279050e-01
1069, 7.116134e-01, 4.883700e-01
1070, 7.116134e-01, 1.627900e-01
1071, 7.116137e-01, 3.023250e-01
1072, 7.116142e-01, 3.953486e-01
1073, 7.116142e-01, 7.209286e-01
1074, 7.116150e-01, 8.139528e-01
1075, 7.116150e-01, 6.744028e-01
1076, 7.116150e-01, 5.348850e-01
1077, 7.116150e-01, 2.093000e-01
1078, 7.116150e-01, 3.488228e-01
1079, 7.116163e-01, 5.813950e-01
1080, 7.116163e-01, 2.558150e-01
1081, 7.160889e-01, 2.015500e-01
1082, 7.160918e-01, 4.961250e-01
1083, 7.160918e-01, 6.976750e-01
1084, 7.160918e-01, 1.705450e-01
1085, 7.160918e-01, 5.271350e-01
1086, 7.160918e-01, 8.217050e-01
1087, 7.160918e-01, 3.720950e-01
1088, 7.205682e-01, 4.263550e-01
1089, 7.205682e-01, 5.813950e-01
1090, 7.205682e-01, 7.829450e-01
1091, 7.205682e-01, 4.573650e-01
1092, 7.205682e-01, 2.558150e-01
1093, 7.205682e-01, 7.519350e-01
1094, 7.250379e-01, 3.720950e-01
1095, 7.250434e-01, 2.790700e-01
1096, 7.250434e-01, 3.255800e-01
1097, 7.250434e-01, 5.581400e-01
1098, 7.250434e-01, 6.511600e-01
1099, 7.250437e-01, 6.976750e-01
1100, 7.250442e-01, 7.906986e-01
1101, 7.250450e-01, 4.186028e-01
1102, 7.250450e-01, 4.651172e-01
1103, 7.250450e-01, 7.441828e-01
1104, 7.250450e-01, 2.325600e-01
1105, 7.250450e-01, 6.046500e-01
1106, 7.295189e-01, 5.969000e-01
1107, 7.295189e-01, 2.403100e-01
1108, 7.295189e-01, 4.418600e-01
1109, 7.295218e-01, 2.713150e-01
1110, 7.295218e-01, 7.674450e-01
1111, 7.295218e-01, 5.658950e-01
1112, 7.339949e-01, 8.217050e-01
1113, 7.339949e-01, 5.271350e-01
1114, 7.339949e-01, 6.511650e-01
1115, 7.339949e-01, 3.255850e-01
1116, 7.339949e-01, 1.705450e-01
1117, 7.339949e-01, 4.961250e-01
1118, 7.339977e-01, 2.015500e-01
1119, 7.384634e-01, 3.488400e-01
1120, 7.384634e-01, 7.209300e-01
1121, 7.384634e-01, 3.953500e-01
1122, 7.384634e-01, 6.744200e-01
1123, 7.384663e-01, 3.023250e-01
1124, 7.384667e-01, 1.627957e-01
1125, 7.384667e-01, 4.883757e-01
1126, 7.384679e-01, 7.674450e-01
1127, 7.384681e-01, 5.348818e-01
1128, 7.384681e-01, 8.139582e-01
1129, 7.384700e-01, 6.279014e-01
1130, 7.384700e-01, 2.093000e-01
1131, 7.384766e-01, 4.418600e-01
1132, 7.429423e-01, 6.356600e-01
1133, 7.429423e-01, 8.372100e-01
1134, 7.429451e-01, 3.410850e-01
1135, 7.429451e-01, 3.100750e-01
1136, 7.429451e-01, 1.860450e-01
1137, 7.429451e-01, 5.116250e-01
1138, 7.429451e-01, 6.666650e-01
1139, 7.474182e-01, 2.713150e-01
1140, 7.474182e-01, 5.658950e-01
1141, 7.474182e-01, 3.953450e-01
1142, 7.474211e-01, 2.403100e-01
1143, 7.474211e-01, 5.969000e-01
1144, 7.474211e-01, 7.209300e-01
1145, 7.518879e-01, 5.116250e-01
1146, 7.518934e-01, 3.720900e-01
1147, 7.518934e-01, 7.907000e-01
1148, 7.518937e-01, 1.860450e-01
1149, 7.518942e-01, 5.581414e-01
1150, 7.518942e-01, 2.790686e-01
1151, 7.518950e-01, 6.976750e-01
1152, 7.518950e-01, 6.046672e-01
1153, 7.518950e-01, 7.441850e-01
1154, 7.518950e-01, 4.186072e-01
1155, 7.518950e-01, 2.325428e-01
1156, 7.518963e-01, 4.651150e-01
1157, 7.518966e-01, 8.372100e-01
1158, 7.563718e-01, 7.364350e-01
1159, 7.563718e-01, 4.108550e-01
1160, 7.563718e-01, 2.558150e-01
1161, 7.563718e-01, 3.798450e-01
1162, 7.563718e-01, 5.813950e-01
1163, 7.563718e-01, 7.054250e-01
1164, 7.608482e-01, 4.651150e-01
1165, 7.608482e-01, 6.666650e-01
1166, 7.608482e-01, 7.906950e-01
1167, 7.608482e-01, 3.100750e-01
1168, 7.608482e-01, 3.410850e-01
1169, 7.608511e-01, 6.356600e-01
1170, 7.653234e-01, 2.093000e-01
1171, 7.653234e-01, 7.674400e-01
1172, 7.653234e-01, 1.627900e-01
1173, 7.653234e-01, 4.418600e-01
1174, 7.653237e-01, 5.813950e-01
1175, 7.653237e-01, 2.558150e-01
1176, 7.653242e-01, 3.488386e-01
1177, 7.653242e-01, 6.744186e-01
1178, 7.653250e-01, 8.139572e-01
1179, 7.653250e-01, 6.279100e-01
1180, 7.653250e-01, 4.883872e-01
1181, 7.653250e-01, 3.023250e-01
1182, 7.653263e-01, 5.348850e-01
1183, 7.697989e-01, 4.806200e-01
1184, 7.698018e-01, 8.062050e-01
1185, 7.698018e-01, 6.511650e-01
1186, 7.698018e-01, 1.550350e-01
1187, 7.698018e-01, 3.255850e-01
1188, 7.698018e-01, 7.751950e-01
1189, 7.698018e-01, 4.496150e-01
1190, 7.742749e-01, 7.054250e-01
1191, 7.742749e-01, 3.798450e-01
1192, 7.742749e-01, 4.108550e-01
1193, 7.742749e-01, 5.348850e-01
1194, 7.742749e-01, 2.093050e-01
1195, 7.742749e-01, 7.364350e-01
1196, 7.787434e-01, 5.581400e-01
1197, 7.787434e-01, 2.325600e-01
1198, 7.787434e-01, 8.372100e-01
1199, 7.787434e-01, 2.790700e-01
1200, 7.787434e-01, 6.046500e-01
1201, 7.787463e-01, 1.860450e-01
1202, 7.787467e-01, 3.720957e-01
1203, 7.787479e-01, 6.511650e-01
1204, 7.787479e-01, 3.255850e-01
1205, 7.787481e-01, 7.441818e-01
1206, 7.787481e-01, 4.186018e-01
1207, 7.787481e-01, 6.976782e-01
1208, 7.787500e-01, 5.116214e-01
1209, 7.832223e-01, 5.193800e-01
1210, 7.832223e-01, 7.209300e-01
1211, 7.832251e-01, 3.953450e-01
1212, 7.832251e-01, 2.248050e-01
1213, 7.832251e-01, 8.449650e-01
1214, 7.832251e-01, 1.937950e-01
1215, 7.832251e-01, 5.503850e-01
1216, 7.877049e-01, 7.751950e-01
1217, 7.877049e-01, 4.496150e-01
1218, 7.877049e-01, 1.550350e-01
1219, 7.877049e-01, 6.046550e-01
1220, 7.877049e-01, 8.062050e-01
1221, 7.877077e-01, 4.806200e-01
1222, 7.877077e-01, 2.790700e-01
1223, 7.921734e-01, 3.488400e-01
1224, 7.921734e-01, 6.744200e-01
1225, 7.921734e-01, 6.279100e-01
1226, 7.921763e-01, 5.813950e-01
1227, 7.921763e-01, 3.023250e-01
1228, 7.921763e-01, 2.558150e-01
1229, 7.921767e-01, 1.627843e-01
1230, 7.921767e-01, 4.418657e-01
1231, 7.921767e-01, 7.674457e-01
1232, 7.921779e-01, 3.953450e-01
1233, 7.921781e-01, 8.139518e-01
1234, 7.921800e-01, 4.883700e-01
1235, 7.921866e-01, 7.209300e-01
1236, 7.966551e-01, 7.906950e-01
1237, 7.966551e-01, 2.635650e-01
1238, 7.966551e-01, 5.891450e-01
1239, 7.966551e-01, 6.201550e-01
1240, 7.966551e-01, 2.945750e-01
1241, 7.966551e-01, 4.651150e-01
1242, 8.011282e-01, 8.449650e-01
1243, 8.011282e-01, 3.488350e-01
1244, 8.011282e-01, 5.503850e-01
1245, 8.011282e-01, 6.744150e-01
1246, 8.011282e-01, 1.937950e-01
1247, 8.011282e-01, 2.248050e-01
1248, 8.011311e-01, 5.193800e-01
1249, 8.055979e-01, 7.906950e-01
1250, 8.056034e-01, 3.255800e-01
1251, 8.056034e-01, 6.511600e-01
1252, 8.056037e-01, 4.651150e-01
1253, 8.056042e-01, 5.581386e-01
1254, 8.056042e-01, 2.325586e-01
1255, 8.056042e-01, 8.372114e-01
1256, 8.056050e-01, 6.976750e-01
1257, 8.056050e-01, 5.116128e-01
1258, 8.056050e-01, 1.860428e-01
1259, 8.056050e-01, 3.721072e-01
1260, 8.056063e-01, 4.186050e-01
1261, 8.056063e-01, 7.441850e-01
1262, 8.100789e-01, 3.643400e-01
1263, 8.100818e-01, 6.589150e-01
1264, 8.100818e-01, 2.093050e-01
1265, 8.100818e-01, 3.333350e-01
1266, 8.100818e-01, 5.348850e-01
1267, 8.100818e-01, 6.899250e-01
1268, 8.145582e-01, 7.441850e-01
1269, 8.145582e-01, 4.186050e-01
1270, 8.145582e-01, 5.891450e-01
1271, 8.145582e-01, 2.635650e-01
1272, 8.145582e-01, 2.945750e-01
1273, 8.145582e-01, 6.201550e-01
1274, 8.190279e-01, 2.093050e-01
1275, 8.190334e-01, 1.627900e-01
1276, 8.190334e-01, 7.209300e-01
1277, 8.190334e-01, 4.418600e-01
1278, 8.190334e-01, 4.883700e-01
1279, 8.190337e-01, 5.348850e-01
1280, 8.190342e-01, 6.279086e-01
1281, 8.190350e-01, 5.813928e-01
1282, 8.190350e-01, 3.953328e-01
1283, 8.190350e-01, 7.674572e-01
1284, 8.190350e-01, 2.558150e-01
1285, 8.190350e-01, 3.023250e-01
1286, 8.190363e-01, 8.139550e-01
1287, 8.235089e-01, 2.790700e-01
1288, 8.235089e-01, 4.031000e-01
1289, 8.235089e-01, 7.596900e-01
1290, 8.235118e-01, 6.046550e-01
1291, 8.235118e-01, 7.286850e-01
1292, 8.235118e-01, 4.341050e-01
1293, 8.279849e-01, 8.139550e-01
1294, 8.279849e-01, 6.899250e-01
1295, 8.279849e-01, 3.333350e-01
1296, 8.279849e-01, 6.589150e-01
1297, 8.279849e-01, 4.883750e-01
1298, 8.279877e-01, 3.643400e-01
1299, 8.279877e-01, 1.627900e-01
1300, 8.324534e-01, 8.372100e-01
1301, 8.324534e-01, 2.325600e-01
1302, 8.324534e-01, 5.116300e-01
1303, 8.324534e-01, 5.581400e-01
1304, 8.324563e-01, 1.860450e-01
1305, 8.324563e-01, 4.651150e-01
1306, 8.324567e-01, 6.511657e-01
1307, 8.324567e-01, 3.255857e-01
1308, 8.324579e-01, 6.046550e-01
1309, 8.324581e-01, 6.976718e-01
1310, 8.324600e-01, 7.907000e-01
1311, 8.324600e-01, 3.720900e-01
1312, 8.324666e-01, 2.790700e-01
1313, 8.369323e-01, 7.984500e-01
1314, 8.369351e-01, 1.782950e-01
1315, 8.369351e-01, 3.488350e-01
1316, 8.369351e-01, 4.728650e-01
1317, 8.369351e-01, 8.294550e-01
1318, 8.369351e-01, 5.038750e-01
1319, 8.369351e-01, 6.744150e-01
1320, 8.414082e-01, 4.341050e-01
1321, 8.414082e-01, 7.286850e-01
1322, 8.414082e-01, 2.325550e-01
1323, 8.414111e-01, 5.581400e-01
1324, 8.414111e-01, 4.031000e-01
1325, 8.414111e-01, 7.596900e-01
1326, 8.458779e-01, 6.744150e-01
1327, 8.458779e-01, 3.488350e-01
1328, 8.458834e-01, 2.093000e-01
1329, 8.458834e-01, 6.279100e-01
1330, 8.458842e-01, 4.418586e-01
1331, 8.458842e-01, 7.209314e-01
1332, 8.458850e-01, 3.953328e-01
1333, 8.458850e-01, 5.348828e-01
1334, 8.458850e-01, 7.674572e-01
1335, 8.458850e-01, 2.558172e-01
1336, 8.458850e-01, 5.813950e-01
1337, 8.458863e-01, 3.023250e-01
1338, 1.500000e-01, 2.325579e-01
1339, 1.500000e-01, 2.558150e-01
1340, 1.500000e-01, 2.790706e-01
1341, 1.500000e-01, 3.255871e-01
1342, 1.500000e-01, 4.263550e-01
1343, 1.500000e-01, 4.573650e-01
1344, 1.500000e-01, 5.581400e-01
1345, 1.500000e-01, 5.813950e-01
1346, 1.500000e-01, 6.046506e-01
1347, 1.500000e-01, 6.511600e-01
1348, 1.500000e-01, 7.519350e-01
1349, 1.500000e-01, 7.829450e-01
1350, 1.500000e-01, 1.667842e-01
1351, 1.500000e-01, 1.743047e-01
1352, 1.500000e-01, 1.977929e-01
1353, 1.500000e-01, 2.053071e-01
1354, 1.500000e-01, 2.132936e-01
1355, 1.500000e-01, 2.983284e-01
1356, 1.500000e-01, 3.063216e-01
1357, 1.500000e-01, 3.023248e-01
1358, 1.500000e-01, 3.448444e-01
1359, 1.500000e-01, 3.683329e-01
1360, 1.500000e-01, 3.488400e-01
1361, 1.500000e-01, 3.758547e-01
1362, 1.500000e-01, 3.993439e-01
1363, 1.500000e-01, 3.953487e-01
1364, 1.500000e-01, 4.923642e-01
1365, 1.500000e-01, 4.843738e-01
1366, 1.500000e-01, 4.998847e-01
1367, 1.500000e-01, 5.233729e-01
1368, 1.500000e-01, 5.308947e-01
1369, 1.500000e-01, 5.388797e-01
1370, 1.500000e-01, 6.239021e-01
1371, 1.500000e-01, 6.319098e-01
1372, 1.500000e-01, 6.279054e-01
1373, 1.500000e-01, 6.704102e-01
1374, 1.500000e-01, 6.939129e-01
1375, 1.500000e-01, 6.744043e-01
1376, 1.500000e-01, 7.014347e-01
1377, 1.500000e-01, 7.249239e-01
1378, 1.500000e-01, 7.209287e-01
1379, 1.500000e-01, 8.179442e-01
1380, 1.500000e-01, 8.099584e-01
1381, 1.500000e-01, 8.254671e-01
1382, 1.671607e-01, 1.500000e-01
1383, 1.819321e-01, 1.500000e-01
1384, 1.716355e-01, 8.500000e-01
1385, 1.953573e-01, 8.500000e-01
1386, 2.029677e-01, 1.500000e-01
1387, 2.163933e-01, 8.500000e-01
1388, 2.266867e-01, 1.500000e-01
1389, 2.477227e-01, 1.500000e-01
1390, 2.401123e-01, 8.500000e-01
1391, 2.611527e-01, 8.500000e-01
1392, 2.714445e-01, 1.500000e-01
1393, 2.759206e-01, 8.500000e-01
1394, 2.880034e-01, 8.500000e-01
1395, 3.027743e-01, 8.500000e-01
1396, 2.924816e-01, 1.500000e-01
1397, 3.162021e-01, 1.500000e-01
1398, 3.148572e-01, 8.500000e-01
1399, 3.282834e-01, 1.500000e-01
1400, 3.430513e-01, 1.500000e-01
1401, 3.385784e-01, 8.500000e-01
1402, 3.551372e-01, 1.500000e-01
1403, 3.699066e-01, 1.500000e-01
1404, 3.596155e-01, 8.500000e-01
1405, 3.833373e-01, 8.500000e-01
1406, 3.909433e-01, 1.500000e-01
1407, 4.043733e-01, 8.500000e-01
1408, 4.146623e-01, 1.500000e-01
1409, 4.356972e-01, 1.500000e-01
1410, 4.280867e-01, 8.500000e-01
1411, 4.491227e-01, 8.500000e-01
1412, 4.594184e-01, 1.500000e-01
1413, 4.638913e-01, 8.500000e-01
1414, 4.759772e-01, 8.500000e-01
1415, 4.804555e-01, 1.500000e-01
1416, 4.907466e-01, 8.500000e-01
1417, 5.041766e-01, 1.500000e-01
1418, 5.028307e-01, 8.500000e-01
1419, 5.162579e-01, 1.500000e-01
1420, 5.310258e-01, 1.500000e-01
1421, 5.265545e-01, 8.500000e-01
1422, 5.431107e-01, 1.500000e-01
1423, 5.578821e-01, 1.500000e-01
1424, 5.475855e-01, 8.500000e-01
1425, 5.713073e-01, 8.500000e-01
1426, 5.789177e-01, 1.500000e-01
1427, 5.923433e-01, 8.500000e-01
1428, 6.026367e-01, 1.500000e-01
1429, 6.236727e-01, 1.500000e-01
1430, 6.160623e-01, 8.500000e-01
1431, 6.370972e-01, 8.500000e-01
1432, 6.473945e-01, 1.500000e-01
1433, 6.518658e-01, 8.500000e-01
1434, 6.639486e-01, 8.500000e-01
1435, 6.787214e-01, 8.500000e-01
1436, 6.684255e-01, 1.500000e-01
1437, 6.921473e-01, 1.500000e-01
1438, 6.908034e-01, 8.500000e-01
1439, 7.042286e-01, 1.500000e-01
1440, 7.190013e-01, 1.500000e-01
1441, 7.145245e-01, 8.500000e-01
1442, 7.310827e-01, 1.500000e-01
1443, 7.458543e-01, 1.500000e-01
1444, 7.355616e-01, 8.500000e-01
1445, 7.592828e-01, 8.500000e-01
1446, 7.668933e-01, 1.500000e-01
1447, 7.803177e-01, 8.500000e-01
1448, 7.906123e-01, 1.500000e-01
1449, 8.116472e-01, 1.500000e-01
1450, 8.040367e-01, 8.500000e-01
1451, 8.250727e-01, 8.500000e-01
1452, 8.353684e-01, 1.500000e-01
1453, 8.500000e-01, 1.782950e-01
1454, 8.500000e-01, 2.790700e-01
1455, 8.500000e-01, 3.023250e-01
1456, 8.500000e-01, 3.255820e-01
1457, 8.500000e-01, 3.720900e-01
1458, 8.500000e-01, 4.728650e-01
1459, 8.500000e-01, 5.038750e-01
1460, 8.500000e-01, 6.046517e-01
1461, 8.500000e-01, 6.279077e-01
1462, 8.500000e-01, 6.511620e-01
1463, 8.500000e-01, 6.976739e-01
1464, 8.500000e-01, 7.984500e-01
1465, 8.398413e-01, 8.500000e-01
1466, 8.500000e-01, 8.294550e-01
1467, 8.500000e-01, 2.164285e-01
1468, 8.500000e-01, 2.021733e-01
1469, 8.500000e-01, 2.176814e-01
1470, 8.500000e-01, 2.474382e-01
1471, 8.500000e-01, 2.486915e-01
1472, 8.500000e-01, 2.629428e-01
1473, 8.500000e-01, 3.417011e-01
1474, 8.500000e-01, 3.559697e-01
1475, 8.500000e-01, 3.488345e-01
1476, 8.500000e-01, 3.882103e-01
1477, 8.500000e-01, 4.179782e-01
1478, 8.500000e-01, 3.953354e-01
1479, 8.500000e-01, 4.192314e-01
1480, 8.500000e-01, 4.489847e-01
1481, 8.500000e-01, 4.418588e-01
1482, 8.500000e-01, 5.420085e-01
1483, 8.500000e-01, 5.277572e-01
1484, 8.500000e-01, 5.432618e-01
1485, 8.500000e-01, 5.730182e-01
1486, 8.500000e-01, 5.742714e-01
1487, 8.500000e-01, 5.885213e-01
1488, 8.500000e-01, 6.672811e-01
1489, 8.500000e-01, 6.815497e-01
1490, 8.500000e-01, 6.744158e-01
1491, 8.500000e-01, 7.138053e-01
1492, 8.500000e-01, 7.435586e-01
1493, 8.500000e-01, 7.209312e-01
1494, 8.500000e-01, 7.448118e-01
1495, 8.500000e-01, 7.745736e-01
1496, 8.500000e-01, 7.674546e-01
