1, 1.518669e-01, 6.068052e-01
2, 1.518797e-01, 5.653484e-01
3, 1.530265e-01, 7.460446e-01
4, 1.533305e-01, 3.061745e-01
5, 1.538367e-01, 7.986855e-01
6, 1.550925e-01, 4.342089e-01
7, 1.557875e-01, 4.511732e-01
8, 1.557890e-01, 8.017875e-01
9, 1.568568e-01, 1.548453e-01
10, 1.569308e-01, 2.744449e-01
11, 1.570153e-01, 2.649012e-01
12, 1.570384e-01, 1.749368e-01
13, 1.576833e-01, 7.745863e-01
14, 1.581148e-01, 6.931796e-01
15, 1.583823e-01, 3.377495e-01
16, 1.598282e-01, 7.201633e-01
17, 1.608332e-01, 1.703709e-01
18, 1.610525e-01, 6.130303e-01
19, 1.610918e-01, 6.415015e-01
20, 1.620377e-01, 7.226893e-01
21, 1.623912e-01, 5.372357e-01
22, 1.633892e-01, 5.749386e-01
23, 1.648951e-01, 2.173861e-01
24, 1.653105e-01, 6.601845e-01
25, 1.654001e-01, 7.633517e-01
26, 1.658378e-01, 7.678601e-01
27, 1.660944e-01, 6.889638e-01
28, 1.665602e-01, 5.752641e-01
29, 1.665628e-01, 6.452950e-01
30, 1.678906e-01, 6.561308e-01
31, 1.702735e-01, 3.076640e-01
32, 1.704845e-01, 4.827206e-01
33, 1.711338e-01, 6.893363e-01
34, 1.754306e-01, 3.661483e-01
35, 1.763312e-01, 5.040762e-01
36, 1.769228e-01, 3.313393e-01
37, 1.776072e-01, 2.255954e-01
38, 1.777693e-01, 8.342194e-01
39, 1.785566e-01, 7.249103e-01
40, 1.786085e-01, 5.348575e-01
41, 1.787201e-01, 6.153642e-01
42, 1.788151e-01, 4.344912e-01
43, 1.788475e-01, 7.740547e-01
44, 1.790909e-01, 4.668602e-01
45, 1.797653e-01, 1.709933e-01
46, 1.799743e-01, 4.707962e-01
47, 1.809624e-01, 3.763294e-01
48, 1.825114e-01, 8.317672e-01
49, 1.829681e-01, 3.346477e-01
50, 1.849051e-01, 5.091189e-01
51, 1.851952e-01, 6.307638e-01
52, 1.853317e-01, 7.378359e-01
53, 1.857250e-01, 8.061230e-01
54, 1.860444e-01, 4.482112e-01
55, 1.862193e-01, 4.126170e-01
56, 1.868133e-01, 2.575033e-01
57, 1.871144e-01, 8.090675e-01
58, 1.873494e-01, 3.344233e-01
59, 1.879558e-01, 4.201659e-01
60, 1.883900e-01, 7.907811e-01
61, 1.894659e-01, 3.779696e-01
62, 1.905744e-01, 7.078768e-01
63, 1.906303e-01, 5.203401e-01
64, 1.908659e-01, 5.936663e-01
65, 1.946590e-01, 1.887484e-01
66, 1.947194e-01, 7.413797e-01
67, 1.947312e-01, 2.260605e-01
68, 1.952937e-01, 6.688747e-01
69, 1.971209e-01, 6.343006e-01
70, 2.002116e-01, 3.947277e-01
71, 2.021662e-01, 2.645614e-01
72, 2.024208e-01, 6.305008e-01
73, 2.024594e-01, 7.603896e-01
74, 2.044202e-01, 3.435024e-01
75, 2.048886e-01, 7.044914e-01
76, 2.053561e-01, 3.642328e-01
77, 2.053625e-01, 2.644549e-01
78, 2.057830e-01, 3.963400e-01
79, 2.058744e-01, 4.241290e-01
80, 2.076052e-01, 2.048355e-01
81, 2.076221e-01, 5.754775e-01
82, 2.084390e-01, 1.798029e-01
83, 2.099665e-01, 5.243827e-01
84, 2.103835e-01, 5.436279e-01
85, 2.104169e-01, 7.320747e-01
86, 2.115389e-01, 1.678538e-01
87, 2.120518e-01, 7.093259e-01
88, 2.124753e-01, 2.607631e-01
89, 2.125610e-01, 2.063655e-01
90, 2.137166e-01, 6.082866e-01
91, 2.147972e-01, 4.428335e-01
92, 2.149990e-01, 7.824629e-01
93, 2.152110e-01, 5.212945e-01
94, 2.155498e-01, 7.655241e-01
95, 2.159196e-01, 2.415483e-01
96, 2.165933e-01, 8.122999e-01
97, 2.168953e-01, 5.748135e-01
98, 2.169407e-01, 3.388407e-01
99, 2.174677e-01, 4.089708e-01
100, 2.187671e-01, 7.776416e-01
101, 2.202225e-01, 4.862062e-01
102, 2.208362e-01, 3.139829e-01
103, 2.234855e-01, 4.909693e-01
104, 2.250158e-01, 6.060453e-01
105, 2.253352e-01, 2.321789e-01
106, 2.256819e-01, 2.672149e-01
107, 2.265952e-01, 3.728147e-01
108, 2.282399e-01, 7.096729e-01
109, 2.284694e-01, 5.905395e-01
110, 2.286979e-01, 5.575205e-01
111, 2.288027e-01, 4.112960e-01
112, 2.296936e-01, 7.428533e-01
113, 2.298395e-01, 7.806706e-01
114, 2.298706e-01, 3.725227e-01
115, 2.303557e-01, 7.469503e-01
116, 2.305185e-01, 6.381583e-01
117, 2.324877e-01, 3.437959e-01
118, 2.334490e-01, 5.312380e-01
119, 2.335126e-01, 4.390023e-01
120, 2.337533e-01, 8.140963e-01
121, 2.339626e-01, 6.146793e-01
122, 2.353428e-01, 1.947619e-01
123, 2.359469e-01, 1.899423e-01
124, 2.362439e-01, 2.825009e-01
125, 2.362467e-01, 3.596656e-01
126, 2.366989e-01, 7.268340e-01
127, 2.383100e-01, 3.117115e-01
128, 2.389896e-01, 8.374443e-01
129, 2.404339e-01, 2.273049e-01
130, 2.407884e-01, 4.604699e-01
131, 2.414049e-01, 1.604181e-01
132, 2.418991e-01, 5.292820e-01
133, 2.432623e-01, 2.872292e-01
134, 2.451616e-01, 2.948165e-01
135, 2.463940e-01, 2.197731e-01
136, 2.470830e-01, 1.770264e-01
137, 2.471062e-01, 8.024455e-01
138, 2.494684e-01, 3.307216e-01
139, 2.506636e-01, 3.947575e-01
140, 2.510597e-01, 4.641558e-01
141, 2.513086e-01, 4.957580e-01
142, 2.515636e-01, 2.527410e-01
143, 2.534748e-01, 7.591883e-01
144, 2.545680e-01, 6.712241e-01
145, 2.545727e-01, 6.765026e-01
146, 2.547131e-01, 8.431841e-01
147, 2.547980e-01, 3.320973e-01
148, 2.550813e-01, 8.022411e-01
149, 2.554307e-01, 4.329111e-01
150, 2.558764e-01, 5.097533e-01
151, 2.568249e-01, 5.685736e-01
152, 2.581699e-01, 2.554735e-01
153, 2.581956e-01, 6.113910e-01
154, 2.582565e-01, 8.054198e-01
155, 2.584859e-01, 1.799675e-01
156, 2.588678e-01, 4.884367e-01
157, 2.596212e-01, 7.245778e-01
158, 2.599744e-01, 5.740429e-01
159, 2.599989e-01, 3.953015e-01
160, 2.609419e-01, 7.089178e-01
161, 2.618659e-01, 5.424375e-01
162, 2.625221e-01, 7.278354e-01
163, 2.631237e-01, 6.347984e-01
164, 2.631957e-01, 5.762367e-01
165, 2.632710e-01, 3.904667e-01
166, 2.634120e-01, 6.176289e-01
167, 2.638991e-01, 4.379468e-01
168, 2.642350e-01, 7.594014e-01
169, 2.653324e-01, 5.821556e-01
170, 2.658031e-01, 4.540674e-01
171, 2.658773e-01, 2.168974e-01
172, 2.660032e-01, 2.705304e-01
173, 2.667680e-01, 8.244583e-01
174, 2.671732e-01, 2.455774e-01
175, 2.689743e-01, 4.872397e-01
176, 2.715240e-01, 5.331687e-01
177, 2.715244e-01, 1.933306e-01
178, 2.730487e-01, 5.206410e-01
179, 2.732107e-01, 7.653118e-01
180, 2.734144e-01, 3.045717e-01
181, 2.745225e-01, 2.234719e-01
182, 2.746426e-01, 7.682951e-01
183, 2.771767e-01, 2.738024e-01
184, 2.772103e-01, 3.109213e-01
185, 2.783413e-01, 3.549577e-01
186, 2.799303e-01, 6.542526e-01
187, 2.812043e-01, 1.572800e-01
188, 2.826330e-01, 2.719554e-01
189, 2.829537e-01, 4.641041e-01
190, 2.843364e-01, 6.543966e-01
191, 2.848095e-01, 8.272195e-01
192, 2.848192e-01, 4.741736e-01
193, 2.849787e-01, 4.307124e-01
194, 2.853638e-01, 5.398800e-01
195, 2.859130e-01, 1.563385e-01
196, 2.860247e-01, 5.127086e-01
197, 2.870430e-01, 8.058557e-01
198, 2.878923e-01, 2.548944e-01
199, 2.884531e-01, 2.254026e-01
200, 2.884684e-01, 2.654955e-01
201, 2.889405e-01, 8.103611e-01
202, 2.914858e-01, 3.383501e-01
203, 2.915296e-01, 4.521656e-01
204, 2.935825e-01, 2.345038e-01
205, 2.941478e-01, 1.892631e-01
206, 2.942215e-01, 7.020403e-01
207, 2.942433e-01, 7.789929e-01
208, 2.942602e-01, 7.259936e-01
209, 2.942933e-01, 3.167418e-01
210, 2.961159e-01, 6.610295e-01
211, 2.961754e-01, 1.672921e-01
212, 2.963040e-01, 5.237973e-01
213, 2.972956e-01, 8.417569e-01
214, 2.986119e-01, 7.332223e-01
215, 2.986810e-01, 1.942430e-01
216, 2.990694e-01, 3.672109e-01
217, 2.993153e-01, 6.034421e-01
218, 3.002670e-01, 7.790356e-01
219, 3.016234e-01, 3.800664e-01
220, 3.032410e-01, 2.082943e-01
221, 3.042242e-01, 6.005429e-01
222, 3.077162e-01, 6.589302e-01
223, 3.080078e-01, 7.001241e-01
224, 3.101904e-01, 2.650750e-01
225, 3.102414e-01, 3.910029e-01
226, 3.103741e-01, 5.730970e-01
227, 3.106632e-01, 4.255331e-01
228, 3.111400e-01, 7.373594e-01
229, 3.112808e-01, 5.827093e-01
230, 3.118793e-01, 4.873706e-01
231, 3.122836e-01, 3.565938e-01
232, 3.137426e-01, 4.534360e-01
233, 3.137935e-01, 7.645749e-01
234, 3.143572e-01, 3.473368e-01
235, 3.146207e-01, 7.926220e-01
236, 3.156199e-01, 2.593995e-01
237, 3.158921e-01, 4.868811e-01
238, 3.165223e-01, 8.396548e-01
239, 3.172381e-01, 3.452533e-01
240, 3.174756e-01, 5.394174e-01
241, 3.178493e-01, 6.346710e-01
242, 3.198219e-01, 6.659506e-01
243, 3.210794e-01, 4.436667e-01
244, 3.215677e-01, 7.343094e-01
245, 3.221031e-01, 1.599791e-01
246, 3.227904e-01, 3.094681e-01
247, 3.230065e-01, 2.436557e-01
248, 3.235559e-01, 6.795947e-01
249, 3.239379e-01, 4.903149e-01
250, 3.246113e-01, 1.860595e-01
251, 3.255589e-01, 6.106038e-01
252, 3.256617e-01, 3.916591e-01
253, 3.256838e-01, 2.157370e-01
254, 3.265715e-01, 6.305404e-01
255, 3.309476e-01, 7.097397e-01
256, 3.309956e-01, 3.651653e-01
257, 3.313015e-01, 7.651425e-01
258, 3.332730e-01, 3.152681e-01
259, 3.336515e-01, 4.422250e-01
260, 3.341630e-01, 3.818052e-01
261, 3.347019e-01, 7.076132e-01
262, 3.347591e-01, 4.119800e-01
263, 3.353812e-01, 6.333814e-01
264, 3.358995e-01, 7.435673e-01
265, 3.359706e-01, 1.606789e-01
266, 3.364576e-01, 3.533726e-01
267, 3.390064e-01, 4.147902e-01
268, 3.396533e-01, 3.226239e-01
269, 3.397108e-01, 1.945562e-01
270, 3.397874e-01, 5.556003e-01
271, 3.399128e-01, 5.601245e-01
272, 3.411170e-01, 2.011780e-01
273, 3.413131e-01, 7.810079e-01
274, 3.417479e-01, 6.950964e-01
275, 3.418410e-01, 7.766909e-01
276, 3.423596e-01, 5.213495e-01
277, 3.424793e-01, 6.580665e-01
278, 3.425579e-01, 5.059504e-01
279, 3.426416e-01, 2.527480e-01
280, 3.428580e-01, 6.017535e-01
281, 3.444517e-01, 8.064411e-01
282, 3.446940e-01, 3.495987e-01
283, 3.466593e-01, 4.711538e-01
284, 3.469055e-01, 8.338817e-01
285, 3.472163e-01, 4.533523e-01
286, 3.472702e-01, 6.926027e-01
287, 3.476945e-01, 1.710338e-01
288, 3.490888e-01, 6.264185e-01
289, 3.493347e-01, 6.606152e-01
290, 3.506797e-01, 8.352187e-01
291, 3.509172e-01, 7.986959e-01
292, 3.516661e-01, 7.417516e-01
293, 3.524831e-01, 5.869598e-01
294, 3.527829e-01, 6.655010e-01
295, 3.538653e-01, 5.387539e-01
296, 3.540178e-01, 7.261364e-01
297, 3.558653e-01, 5.843679e-01
298, 3.569559e-01, 8.448807e-01
299, 3.584154e-01, 3.797530e-01
300, 3.600266e-01, 5.847863e-01
301, 3.600848e-01, 3.060214e-01
302, 3.602506e-01, 2.848283e-01
303, 3.604882e-01, 3.553572e-01
304, 3.609446e-01, 7.217847e-01
305, 3.616857e-01, 8.000243e-01
306, 3.629330e-01, 6.289026e-01
307, 3.646429e-01, 8.016920e-01
308, 3.659035e-01, 4.097981e-01
309, 3.667823e-01, 5.012569e-01
310, 3.673561e-01, 6.351190e-01
311, 3.673672e-01, 1.671402e-01
312, 3.676084e-01, 3.505225e-01
313, 3.677897e-01, 6.126001e-01
314, 3.680039e-01, 2.246465e-01
315, 3.680140e-01, 5.380444e-01
316, 3.682553e-01, 5.817952e-01
317, 3.683776e-01, 8.223502e-01
318, 3.685223e-01, 4.384649e-01
319, 3.695240e-01, 1.623499e-01
320, 3.697150e-01, 4.800233e-01
321, 3.697361e-01, 2.786093e-01
322, 3.703681e-01, 5.398472e-01
323, 3.705950e-01, 3.263588e-01
324, 3.712889e-01, 7.114596e-01
325, 3.713575e-01, 3.952115e-01
326, 3.714681e-01, 2.107430e-01
327, 3.718879e-01, 1.758539e-01
328, 3.724409e-01, 7.002197e-01
329, 3.725155e-01, 4.228799e-01
330, 3.726103e-01, 2.172750e-01
331, 3.741336e-01, 3.216691e-01
332, 3.743904e-01, 5.687003e-01
333, 3.744356e-01, 3.942833e-01
334, 3.750785e-01, 2.051620e-01
335, 3.755113e-01, 6.684593e-01
336, 3.755319e-01, 7.507682e-01
337, 3.759350e-01, 5.088732e-01
338, 3.767600e-01, 4.764136e-01
339, 3.796949e-01, 5.083712e-01
340, 3.806293e-01, 4.577444e-01
341, 3.824006e-01, 3.188565e-01
342, 3.824393e-01, 2.810035e-01
343, 3.846741e-01, 6.413672e-01
344, 3.863866e-01, 4.267731e-01
345, 3.871049e-01, 6.493833e-01
346, 3.871239e-01, 5.031346e-01
347, 3.881948e-01, 2.794973e-01
348, 3.882503e-01, 4.643641e-01
349, 3.884500e-01, 5.410329e-01
350, 3.885792e-01, 7.968981e-01
351, 3.887022e-01, 7.329765e-01
352, 3.905432e-01, 3.204097e-01
353, 3.905493e-01, 8.337831e-01
354, 3.912354e-01, 2.300123e-01
355, 3.912551e-01, 2.486035e-01
356, 3.918012e-01, 7.769507e-01
357, 3.924073e-01, 3.569911e-01
358, 3.934548e-01, 5.565981e-01
359, 3.935229e-01, 4.634104e-01
360, 3.940016e-01, 6.123197e-01
361, 3.942184e-01, 2.344790e-01
362, 3.962483e-01, 6.284704e-01
363, 3.963270e-01, 3.812278e-01
364, 3.974942e-01, 2.628005e-01
365, 3.978656e-01, 1.768315e-01
366, 3.979534e-01, 7.093809e-01
367, 3.999523e-01, 4.464049e-01
368, 4.002134e-01, 3.824116e-01
369, 4.002286e-01, 3.493994e-01
370, 4.014400e-01, 5.301773e-01
371, 4.017564e-01, 1.533084e-01
372, 4.018149e-01, 8.113887e-01
373, 4.028940e-01, 5.595106e-01
374, 4.048544e-01, 4.165593e-01
375, 4.071070e-01, 4.728889e-01
376, 4.086979e-01, 4.163027e-01
377, 4.089197e-01, 1.555998e-01
378, 4.115116e-01, 5.756842e-01
379, 4.123001e-01, 7.711301e-01
380, 4.134674e-01, 5.275477e-01
381, 4.141078e-01, 6.649476e-01
382, 4.145645e-01, 3.123250e-01
383, 4.164498e-01, 5.443747e-01
384, 4.165795e-01, 2.587087e-01
385, 4.167969e-01, 3.988923e-01
386, 4.168225e-01, 7.619135e-01
387, 4.173397e-01, 3.042951e-01
388, 4.175426e-01, 8.088124e-01
389, 4.175728e-01, 7.150388e-01
390, 4.177074e-01, 2.979480e-01
391, 4.182501e-01, 2.098141e-01
392, 4.184366e-01, 7.271735e-01
393, 4.191226e-01, 6.033498e-01
394, 4.208090e-01, 1.833971e-01
395, 4.210025e-01, 5.170746e-01
396, 4.210330e-01, 2.377906e-01
397, 4.218734e-01, 2.122726e-01
398, 4.222777e-01, 3.443953e-01
399, 4.230081e-01, 1.656160e-01
400, 4.231287e-01, 2.921676e-01
401, 4.236369e-01, 7.050961e-01
402, 4.251376e-01, 7.920522e-01
403, 4.252367e-01, 8.429926e-01
404, 4.255073e-01, 2.695254e-01
405, 4.261711e-01, 3.378089e-01
406, 4.263044e-01, 6.346916e-01
407, 4.267804e-01, 5.738702e-01
408, 4.278473e-01, 3.652799e-01
409, 4.285054e-01, 3.972893e-01
410, 4.293131e-01, 8.211688e-01
411, 4.308198e-01, 2.292947e-01
412, 4.315147e-01, 8.366278e-01
413, 4.320873e-01, 7.522427e-01
414, 4.349964e-01, 5.891668e-01
415, 4.351986e-01, 5.601094e-01
416, 4.355105e-01, 7.440393e-01
417, 4.370638e-01, 3.729157e-01
418, 4.386724e-01, 8.165612e-01
419, 4.393898e-01, 4.049484e-01
420, 4.393951e-01, 2.304089e-01
421, 4.395790e-01, 1.634649e-01
422, 4.403397e-01, 5.584119e-01
423, 4.405353e-01, 4.206942e-01
424, 4.412833e-01, 1.869217e-01
425, 4.426275e-01, 5.267765e-01
426, 4.432129e-01, 1.921360e-01
427, 4.433776e-01, 3.723680e-01
428, 4.446642e-01, 6.198175e-01
429, 4.448684e-01, 7.026855e-01
430, 4.450047e-01, 1.714859e-01
431, 4.469465e-01, 3.355090e-01
432, 4.469501e-01, 7.859882e-01
433, 4.479312e-01, 5.930713e-01
434, 4.491354e-01, 7.815366e-01
435, 4.500277e-01, 5.435312e-01
436, 4.502678e-01, 4.694978e-01
437, 4.517197e-01, 7.976711e-01
438, 4.517380e-01, 2.630511e-01
439, 4.519250e-01, 3.606771e-01
440, 4.520864e-01, 6.447269e-01
441, 4.526768e-01, 4.323410e-01
442, 4.530514e-01, 7.237694e-01
443, 4.531023e-01, 6.840761e-01
444, 4.532151e-01, 2.588989e-01
445, 4.535079e-01, 8.416828e-01
446, 4.540261e-01, 3.309092e-01
447, 4.548903e-01, 6.878013e-01
448, 4.554098e-01, 2.887914e-01
449, 4.555814e-01, 3.195979e-01
450, 4.565510e-01, 4.709618e-01
451, 4.576233e-01, 2.824009e-01
452, 4.632375e-01, 3.056812e-01
453, 4.642032e-01, 4.312249e-01
454, 4.649538e-01, 5.033279e-01
455, 4.657291e-01, 3.947307e-01
456, 4.659535e-01, 5.102930e-01
457, 4.671448e-01, 3.912001e-01
458, 4.680217e-01, 3.378051e-01
459, 4.686885e-01, 5.836308e-01
460, 4.686914e-01, 2.537171e-01
461, 4.703997e-01, 3.602275e-01
462, 4.706860e-01, 4.527086e-01
463, 4.707860e-01, 7.714122e-01
464, 4.710476e-01, 4.869012e-01
465, 4.723983e-01, 8.139680e-01
466, 4.726406e-01, 5.438221e-01
467, 4.727916e-01, 4.229721e-01
468, 4.729647e-01, 3.870574e-01
469, 4.734339e-01, 1.700528e-01
470, 4.734828e-01, 6.924744e-01
471, 4.735299e-01, 1.533010e-01
472, 4.736115e-01, 6.380842e-01
473, 4.738056e-01, 6.177899e-01
474, 4.741303e-01, 3.642200e-01
475, 4.747109e-01, 5.413265e-01
476, 4.750463e-01, 2.452212e-01
477, 4.761789e-01, 1.736731e-01
478, 4.773444e-01, 3.058627e-01
479, 4.778382e-01, 5.748936e-01
480, 4.784238e-01, 6.116157e-01
481, 4.805069e-01, 7.527763e-01
482, 4.809198e-01, 6.609117e-01
483, 4.846790e-01, 4.832975e-01
484, 4.862008e-01, 8.013710e-01
485, 4.870568e-01, 4.791648e-01
486, 4.875765e-01, 4.572174e-01
487, 4.878246e-01, 2.130546e-01
488, 4.881543e-01, 8.378175e-01
489, 4.888730e-01, 6.539374e-01
490, 4.903410e-01, 4.249519e-01
491, 4.923085e-01, 1.754033e-01
492, 4.926515e-01, 3.316860e-01
493, 4.928001e-01, 3.219911e-01
494, 4.928278e-01, 6.538041e-01
495, 4.937305e-01, 7.178379e-01
496, 4.940827e-01, 4.262579e-01
497, 4.943877e-01, 3.880964e-01
498, 4.954934e-01, 8.007321e-01
499, 4.961631e-01, 4.502285e-01
500, 4.964730e-01, 3.568258e-01
501, 4.974046e-01, 6.932409e-01
502, 4.977862e-01, 2.720899e-01
503, 4.980164e-01, 5.375555e-01
504, 4.984635e-01, 6.197691e-01
505, 4.990212e-01, 5.158249e-01
506, 5.004071e-01, 3.407183e-01
507, 5.005011e-01, 7.072616e-01
508, 5.010126e-01, 2.484321e-01
509, 5.025155e-01, 5.256819e-01
510, 5.035663e-01, 2.278780e-01
511, 5.036883e-01, 4.986722e-01
512, 5.042961e-01, 7.856927e-01
513, 5.055124e-01, 2.421064e-01
514, 5.059404e-01, 6.274363e-01
515, 5.066417e-01, 7.474346e-01
516, 5.074906e-01, 1.623001e-01
517, 5.080857e-01, 5.887249e-01
518, 5.099043e-01, 8.154357e-01
519, 5.102429e-01, 7.362280e-01
520, 5.106291e-01, 4.195274e-01
521, 5.111245e-01, 5.931392e-01
522, 5.111688e-01, 7.514358e-01
523, 5.126150e-01, 3.064539e-01
524, 5.141492e-01, 3.934220e-01
525, 5.146720e-01, 6.770975e-01
526, 5.153390e-01, 5.761387e-01
527, 5.185837e-01, 7.785042e-01
528, 5.198178e-01, 4.267644e-01
529, 5.211662e-01, 8.185388e-01
530, 5.219200e-01, 6.246060e-01
531, 5.226936e-01, 1.816503e-01
532, 5.228082e-01, 4.591354e-01
533, 5.230116e-01, 1.600842e-01
534, 5.231680e-01, 7.135154e-01
535, 5.234119e-01, 4.930239e-01
536, 5.237482e-01, 2.770119e-01
537, 5.241850e-01, 5.225080e-01
538, 5.245747e-01, 7.231905e-01
539, 5.246335e-01, 4.675545e-01
540, 5.250237e-01, 6.039230e-01
541, 5.254175e-01, 1.638938e-01
542, 5.260197e-01, 8.414006e-01
543, 5.271675e-01, 5.473223e-01
544, 5.279365e-01, 5.186216e-01
545, 5.282892e-01, 7.025483e-01
546, 5.288611e-01, 3.648228e-01
547, 5.303210e-01, 2.114206e-01
548, 5.304879e-01, 6.329011e-01
549, 5.312890e-01, 7.814887e-01
550, 5.325708e-01, 7.849605e-01
551, 5.326872e-01, 8.094788e-01
552, 5.329250e-01, 4.808503e-01
553, 5.330462e-01, 6.434703e-01
554, 5.342752e-01, 2.968652e-01
555, 5.344390e-01, 7.529546e-01
556, 5.349479e-01, 2.488947e-01
557, 5.358534e-01, 2.101824e-01
558, 5.360052e-01, 7.758301e-01
559, 5.362948e-01, 5.738296e-01
560, 5.364965e-01, 2.588864e-01
561, 5.368546e-01, 4.813518e-01
562, 5.377543e-01, 2.035251e-01
563, 5.412490e-01, 3.961174e-01
564, 5.441286e-01, 5.958612e-01
565, 5.442324e-01, 2.386543e-01
566, 5.442884e-01, 6.260082e-01
567, 5.451408e-01, 8.116848e-01
568, 5.453140e-01, 7.338710e-01
569, 5.453274e-01, 2.239403e-01
570, 5.459423e-01, 1.683902e-01
571, 5.460088e-01, 4.261700e-01
572, 5.461292e-01, 7.413839e-01
573, 5.475807e-01, 5.207186e-01
574, 5.478810e-01, 5.969941e-01
575, 5.485871e-01, 4.411565e-01
576, 5.487418e-01, 7.299603e-01
577, 5.490061e-01, 2.672925e-01
578, 5.495119e-01, 4.382332e-01
579, 5.495260e-01, 6.992411e-01
580, 5.501717e-01, 1.950166e-01
581, 5.509593e-01, 4.160210e-01
582, 5.524170e-01, 4.679346e-01
583, 5.529100e-01, 8.358572e-01
584, 5.537645e-01, 5.414320e-01
585, 5.543804e-01, 6.955168e-01
586, 5.550803e-01, 6.052111e-01
587, 5.555637e-01, 1.784458e-01
588, 5.556961e-01, 3.423054e-01
589, 5.558014e-01, 3.796383e-01
590, 5.563620e-01, 6.812217e-01
591, 5.565922e-01, 4.589477e-01
592, 5.571131e-01, 2.863762e-01
593, 5.582623e-01, 6.502929e-01
594, 5.601317e-01, 8.395449e-01
595, 5.604159e-01, 5.013050e-01
596, 5.609594e-01, 3.239957e-01
597, 5.625968e-01, 3.335830e-01
598, 5.641606e-01, 8.452160e-01
599, 5.642359e-01, 6.734648e-01
600, 5.644004e-01, 2.881598e-01
601, 5.663412e-01, 6.372539e-01
602, 5.672114e-01, 2.492671e-01
603, 5.700814e-01, 4.097124e-01
604, 5.719260e-01, 7.669796e-01
605, 5.720127e-01, 1.759119e-01
606, 5.723290e-01, 3.038382e-01
607, 5.727855e-01, 7.934252e-01
608, 5.732611e-01, 7.121767e-01
609, 5.735965e-01, 7.633415e-01
610, 5.736585e-01, 2.493091e-01
611, 5.736619e-01, 6.119147e-01
612, 5.744505e-01, 7.193172e-01
613, 5.750427e-01, 6.747695e-01
614, 5.755034e-01, 8.097932e-01
615, 5.764224e-01, 7.615379e-01
616, 5.766054e-01, 2.529157e-01
617, 5.766586e-01, 2.047446e-01
618, 5.772048e-01, 3.975758e-01
619, 5.776131e-01, 5.830996e-01
620, 5.783725e-01, 5.157091e-01
621, 5.785527e-01, 5.350578e-01
622, 5.789621e-01, 2.749450e-01
623, 5.791227e-01, 4.423185e-01
624, 5.791275e-01, 4.818114e-01
625, 5.792976e-01, 1.805928e-01
626, 5.793259e-01, 4.757692e-01
627, 5.793431e-01, 6.267041e-01
628, 5.794375e-01, 6.184283e-01
629, 5.797661e-01, 4.547091e-01
630, 5.806673e-01, 3.603110e-01
631, 5.826077e-01, 5.655688e-01
632, 5.830733e-01, 2.207175e-01
633, 5.832726e-01, 3.390140e-01
634, 5.835476e-01, 7.283944e-01
635, 5.835920e-01, 5.395640e-01
636, 5.838050e-01, 4.345301e-01
637, 5.850464e-01, 4.624848e-01
638, 5.851497e-01, 3.483147e-01
639, 5.861381e-01, 3.957719e-01
640, 5.870253e-01, 7.499128e-01
641, 5.870423e-01, 8.429371e-01
642, 5.899444e-01, 6.919265e-01
643, 5.907410e-01, 5.113928e-01
644, 5.926508e-01, 5.376878e-01
645, 5.941422e-01, 4.627345e-01
646, 5.943381e-01, 3.127608e-01
647, 5.943613e-01, 6.096908e-01
648, 5.944177e-01, 3.317477e-01
649, 5.961599e-01, 7.503058e-01
650, 5.971827e-01, 2.794783e-01
651, 5.972265e-01, 8.275139e-01
652, 5.977904e-01, 4.300291e-01
653, 5.984765e-01, 3.784360e-01
654, 5.996850e-01, 1.730790e-01
655, 5.997228e-01, 4.945989e-01
656, 6.000110e-01, 6.931085e-01
657, 6.011910e-01, 5.967380e-01
658, 6.027643e-01, 6.466349e-01
659, 6.032852e-01, 2.525155e-01
660, 6.033708e-01, 4.111142e-01
661, 6.037185e-01, 3.599921e-01
662, 6.040587e-01, 1.637779e-01
663, 6.047361e-01, 2.795076e-01
664, 6.048750e-01, 6.527093e-01
665, 6.049936e-01, 5.251311e-01
666, 6.054300e-01, 7.165505e-01
667, 6.057052e-01, 3.750279e-01
668, 6.074679e-01, 5.693250e-01
669, 6.085527e-01, 7.064407e-01
670, 6.092602e-01, 8.132704e-01
671, 6.100619e-01, 2.318998e-01
672, 6.105251e-01, 7.937493e-01
673, 6.107399e-01, 2.709419e-01
674, 6.118538e-01, 3.000654e-01
675, 6.120662e-01, 4.422025e-01
676, 6.122093e-01, 1.984232e-01
677, 6.127358e-01, 3.390321e-01
678, 6.138571e-01, 1.940521e-01
679, 6.153572e-01, 3.780875e-01
680, 6.153734e-01, 5.504196e-01
681, 6.155031e-01, 7.873305e-01
682, 6.162457e-01, 4.080098e-01
683, 6.186108e-01, 7.326284e-01
684, 6.199252e-01, 6.219121e-01
685, 6.202980e-01, 4.868160e-01
686, 6.209110e-01, 7.695271e-01
687, 6.212424e-01, 7.836378e-01
688, 6.216659e-01, 4.427935e-01
689, 6.222585e-01, 5.454631e-01
690, 6.228796e-01, 1.578344e-01
691, 6.231676e-01, 6.656930e-01
692, 6.247514e-01, 3.359881e-01
693, 6.252169e-01, 3.977619e-01
694, 6.262258e-01, 4.874421e-01
695, 6.263392e-01, 6.192991e-01
696, 6.277791e-01, 7.862270e-01
697, 6.278127e-01, 1.542615e-01
698, 6.278580e-01, 1.904764e-01
699, 6.281392e-01, 3.395367e-01
700, 6.283788e-01, 3.979512e-01
701, 6.301251e-01, 6.060997e-01
702, 6.306026e-01, 4.963159e-01
703, 6.311446e-01, 4.336098e-01
704, 6.312193e-01, 2.680013e-01
705, 6.315725e-01, 2.360725e-01
706, 6.315953e-01, 7.329562e-01
707, 6.324678e-01, 8.202636e-01
708, 6.329947e-01, 6.265886e-01
709, 6.331574e-01, 7.043138e-01
710, 6.334063e-01, 4.755360e-01
711, 6.336660e-01, 3.084882e-01
712, 6.340503e-01, 4.329436e-01
713, 6.341600e-01, 3.668167e-01
714, 6.344943e-01, 6.632560e-01
715, 6.353574e-01, 7.019018e-01
716, 6.366614e-01, 3.071630e-01
717, 6.368523e-01, 2.614904e-01
718, 6.386356e-01, 8.143889e-01
719, 6.401735e-01, 7.494549e-01
720, 6.415185e-01, 5.728852e-01
721, 6.420921e-01, 7.423291e-01
722, 6.421809e-01, 2.993985e-01
723, 6.424829e-01, 2.054419e-01
724, 6.448686e-01, 1.936809e-01
725, 6.460881e-01, 5.624458e-01
726, 6.481153e-01, 1.914063e-01
727, 6.487009e-01, 1.654832e-01
728, 6.518501e-01, 6.003359e-01
729, 6.520557e-01, 1.782295e-01
730, 6.521565e-01, 2.616975e-01
731, 6.521853e-01, 3.459068e-01
732, 6.526887e-01, 5.339478e-01
733, 6.527593e-01, 8.138363e-01
734, 6.533711e-01, 5.956585e-01
735, 6.536749e-01, 7.807137e-01
736, 6.542677e-01, 7.389356e-01
737, 6.548934e-01, 3.709402e-01
738, 6.550611e-01, 5.573155e-01
739, 6.559472e-01, 7.759156e-01
740, 6.581054e-01, 5.470585e-01
741, 6.585122e-01, 6.248965e-01
742, 6.592449e-01, 7.077560e-01
743, 6.599199e-01, 2.309959e-01
744, 6.602056e-01, 4.637150e-01
745, 6.608701e-01, 7.927304e-01
746, 6.611136e-01, 6.482944e-01
747, 6.619460e-01, 6.173720e-01
748, 6.621067e-01, 4.529659e-01
749, 6.621074e-01, 7.197051e-01
750, 6.624526e-01, 5.061226e-01
751, 6.629253e-01, 2.318079e-01
752, 6.630547e-01, 4.569783e-01
753, 6.632512e-01, 6.433948e-01
754, 6.638817e-01, 5.091048e-01
755, 6.643771e-01, 7.020593e-01
756, 6.653322e-01, 8.231778e-01
757, 6.653524e-01, 3.319772e-01
758, 6.656466e-01, 2.899767e-01
759, 6.657214e-01, 3.987851e-01
760, 6.680478e-01, 4.315616e-01
761, 6.680810e-01, 2.462189e-01
762, 6.683304e-01, 6.809168e-01
763, 6.697437e-01, 3.315274e-01
764, 6.712023e-01, 2.907761e-01
765, 6.723412e-01, 8.239148e-01
766, 6.733009e-01, 4.860402e-01
767, 6.741244e-01, 8.270069e-01
768, 6.745916e-01, 5.692807e-01
769, 6.761817e-01, 3.017919e-01
770, 6.766422e-01, 3.350085e-01
771, 6.788774e-01, 2.122045e-01
772, 6.796609e-01, 6.749705e-01
773, 6.804878e-01, 3.657142e-01
774, 6.806434e-01, 1.538528e-01
775, 6.807308e-01, 8.465030e-01
776, 6.809782e-01, 6.697611e-01
777, 6.814299e-01, 5.184110e-01
778, 6.823628e-01, 6.174738e-01
779, 6.836707e-01, 4.551376e-01
780, 6.840302e-01, 7.599495e-01
781, 6.847437e-01, 6.354733e-01
782, 6.849096e-01, 5.813943e-01
783, 6.850844e-01, 1.744383e-01
784, 6.854065e-01, 2.536204e-01
785, 6.855949e-01, 2.035602e-01
786, 6.858932e-01, 4.265830e-01
787, 6.859527e-01, 3.581069e-01
788, 6.860104e-01, 5.356423e-01
789, 6.864933e-01, 3.976488e-01
790, 6.865887e-01, 6.125739e-01
791, 6.866119e-01, 3.077408e-01
792, 6.869598e-01, 7.012963e-01
793, 6.881395e-01, 2.757832e-01
794, 6.886801e-01, 3.929958e-01
795, 6.887470e-01, 7.638119e-01
796, 6.890161e-01, 5.803393e-01
797, 6.892387e-01, 4.030773e-01
798, 6.919546e-01, 7.631883e-01
799, 6.922421e-01, 7.212319e-01
800, 6.926836e-01, 6.901778e-01
801, 6.939942e-01, 4.329361e-01
802, 6.946285e-01, 7.233593e-01
803, 6.954624e-01, 2.465482e-01
804, 6.961385e-01, 4.867392e-01
805, 6.967805e-01, 6.899688e-01
806, 6.987033e-01, 3.253779e-01
807, 7.019045e-01, 4.988487e-01
808, 7.021238e-01, 3.572433e-01
809, 7.032896e-01, 8.264430e-01
810, 7.037707e-01, 8.435540e-01
811, 7.038640e-01, 4.646631e-01
812, 7.042606e-01, 5.407970e-01
813, 7.047298e-01, 4.691436e-01
814, 7.079691e-01, 2.412251e-01
815, 7.082672e-01, 4.349692e-01
816, 7.084001e-01, 7.218148e-01
817, 7.087716e-01, 8.070938e-01
818, 7.101218e-01, 2.336654e-01
819, 7.103386e-01, 7.132619e-01
820, 7.103566e-01, 5.528435e-01
821, 7.105873e-01, 4.516825e-01
822, 7.111591e-01, 2.809972e-01
823, 7.134034e-01, 6.110443e-01
824, 7.137130e-01, 7.476651e-01
825, 7.137579e-01, 1.752442e-01
826, 7.151779e-01, 1.944698e-01
827, 7.153468e-01, 5.932919e-01
828, 7.163366e-01, 1.619380e-01
829, 7.165196e-01, 3.015965e-01
830, 7.170316e-01, 5.062345e-01
831, 7.172688e-01, 1.808806e-01
832, 7.174085e-01, 8.065413e-01
833, 7.174337e-01, 7.286663e-01
834, 7.174725e-01, 6.764680e-01
835, 7.180409e-01, 5.205717e-01
836, 7.181199e-01, 6.033277e-01
837, 7.182154e-01, 5.558351e-01
838, 7.183673e-01, 6.376293e-01
839, 7.188674e-01, 2.987042e-01
840, 7.195822e-01, 2.257974e-01
841, 7.214703e-01, 4.183720e-01
842, 7.221598e-01, 5.031101e-01
843, 7.232998e-01, 3.766604e-01
844, 7.234675e-01, 3.708647e-01
845, 7.242042e-01, 2.616077e-01
846, 7.258599e-01, 7.781137e-01
847, 7.260226e-01, 2.113286e-01
848, 7.261492e-01, 5.758327e-01
849, 7.263932e-01, 7.702862e-01
850, 7.282089e-01, 8.102081e-01
851, 7.291696e-01, 3.648065e-01
852, 7.302423e-01, 3.894896e-01
853, 7.315515e-01, 3.363681e-01
854, 7.316927e-01, 6.807123e-01
855, 7.320924e-01, 2.612316e-01
856, 7.321536e-01, 3.984537e-01
857, 7.327824e-01, 6.928265e-01
858, 7.328106e-01, 4.276617e-01
859, 7.335235e-01, 4.776341e-01
860, 7.342470e-01, 4.559787e-01
861, 7.342937e-01, 8.165635e-01
862, 7.357146e-01, 7.633061e-01
863, 7.357378e-01, 6.403270e-01
864, 7.358616e-01, 1.535819e-01
865, 7.361980e-01, 7.960349e-01
866, 7.364293e-01, 5.482576e-01
867, 7.376283e-01, 7.277216e-01
868, 7.380635e-01, 8.420830e-01
869, 7.381723e-01, 2.101161e-01
870, 7.384589e-01, 5.304843e-01
871, 7.394888e-01, 4.862725e-01
872, 7.397908e-01, 2.568890e-01
873, 7.399715e-01, 6.748330e-01
874, 7.414851e-01, 7.619577e-01
875, 7.424044e-01, 4.469971e-01
876, 7.426109e-01, 1.782005e-01
877, 7.430049e-01, 6.366640e-01
878, 7.442946e-01, 6.078451e-01
879, 7.458501e-01, 7.127196e-01
880, 7.458958e-01, 7.443866e-01
881, 7.479705e-01, 5.763920e-01
882, 7.482154e-01, 1.677810e-01
883, 7.486184e-01, 2.930508e-01
884, 7.498228e-01, 6.741843e-01
885, 7.518589e-01, 5.562254e-01
886, 7.524979e-01, 5.215509e-01
887, 7.525087e-01, 1.665546e-01
888, 7.530094e-01, 7.113351e-01
889, 7.532125e-01, 1.987684e-01
890, 7.539560e-01, 7.802322e-01
891, 7.540573e-01, 4.474761e-01
892, 7.544425e-01, 7.738306e-01
893, 7.545401e-01, 6.005767e-01
894, 7.549675e-01, 5.621475e-01
895, 7.552113e-01, 3.611650e-01
896, 7.560557e-01, 5.203448e-01
897, 7.568356e-01, 5.947951e-01
898, 7.606207e-01, 4.163879e-01
899, 7.608981e-01, 4.070449e-01
900, 7.610114e-01, 6.421726e-01
901, 7.617828e-01, 5.026808e-01
902, 7.635255e-01, 3.794633e-01
903, 7.636934e-01, 5.320247e-01
904, 7.641682e-01, 4.657170e-01
905, 7.648107e-01, 3.483171e-01
906, 7.654577e-01, 3.392630e-01
907, 7.659823e-01, 6.553962e-01
908, 7.666720e-01, 6.491310e-01
909, 7.668177e-01, 2.006091e-01
910, 7.674685e-01, 5.007372e-01
911, 7.679777e-01, 8.431325e-01
912, 7.685013e-01, 6.900488e-01
913, 7.687815e-01, 6.959231e-01
914, 7.692859e-01, 4.352635e-01
915, 7.695671e-01, 2.854003e-01
916, 7.700858e-01, 2.548693e-01
917, 7.709141e-01, 7.265868e-01
918, 7.714387e-01, 7.379149e-01
919, 7.723060e-01, 3.281346e-01
920, 7.723609e-01, 1.815466e-01
921, 7.742433e-01, 6.186951e-01
922, 7.751702e-01, 8.245572e-01
923, 7.754224e-01, 3.267985e-01
924, 7.791834e-01, 4.687154e-01
925, 7.800940e-01, 2.148488e-01
926, 7.807135e-01, 3.928250e-01
927, 7.822063e-01, 4.801151e-01
928, 7.823028e-01, 3.608070e-01
929, 7.826816e-01, 3.133827e-01
930, 7.831546e-01, 6.749845e-01
931, 7.832161e-01, 5.664166e-01
932, 7.837312e-01, 2.155922e-01
933, 7.840290e-01, 7.662142e-01
934, 7.840891e-01, 6.439168e-01
935, 7.841708e-01, 2.533789e-01
936, 7.857781e-01, 3.941582e-01
937, 7.860248e-01, 4.394080e-01
938, 7.864388e-01, 5.831490e-01
939, 7.865936e-01, 7.117258e-01
940, 7.866680e-01, 5.402212e-01
941, 7.880052e-01, 2.119418e-01
942, 7.880446e-01, 4.514697e-01
943, 7.887594e-01, 5.115805e-01
944, 7.907151e-01, 1.621759e-01
945, 7.909321e-01, 1.671450e-01
946, 7.911026e-01, 3.373372e-01
947, 7.918792e-01, 8.213565e-01
948, 7.919880e-01, 2.273292e-01
949, 7.929056e-01, 2.629691e-01
950, 7.932797e-01, 7.542978e-01
951, 7.942601e-01, 4.844543e-01
952, 7.962978e-01, 2.724772e-01
953, 7.964527e-01, 5.317953e-01
954, 7.966290e-01, 7.135021e-01
955, 7.986215e-01, 7.241167e-01
956, 7.996553e-01, 3.522883e-01
957, 7.997108e-01, 7.557273e-01
958, 7.999107e-01, 6.527987e-01
959, 8.001861e-01, 3.927527e-01
960, 8.007649e-01, 7.097776e-01
961, 8.022701e-01, 6.725001e-01
962, 8.027686e-01, 6.201739e-01
963, 8.029542e-01, 4.962527e-01
964, 8.033233e-01, 1.819215e-01
965, 8.066033e-01, 2.772814e-01
966, 8.077036e-01, 3.286673e-01
967, 8.079718e-01, 3.563326e-01
968, 8.098955e-01, 2.850857e-01
969, 8.108158e-01, 7.944818e-01
970, 8.112397e-01, 8.319464e-01
971, 8.114768e-01, 5.317082e-01
972, 8.116680e-01, 6.792891e-01
973, 8.117805e-01, 6.389658e-01
974, 8.128062e-01, 3.731106e-01
975, 8.158135e-01, 6.792502e-01
976, 8.165307e-01, 4.644268e-01
977, 8.167641e-01, 5.268390e-01
978, 8.170719e-01, 4.693637e-01
979, 8.180001e-01, 4.230802e-01
980, 8.189570e-01, 4.992258e-01
981, 8.191748e-01, 4.128036e-01
982, 8.194111e-01, 2.038416e-01
983, 8.206068e-01, 4.195281e-01
984, 8.206299e-01, 2.645457e-01
985, 8.207502e-01, 3.421955e-01
986, 8.207548e-01, 5.633751e-01
987, 8.211419e-01, 7.722886e-01
988, 8.211812e-01, 8.130051e-01
989, 8.214098e-01, 5.574382e-01
990, 8.214391e-01, 1.866981e-01
991, 8.221093e-01, 2.312276e-01
992, 8.228799e-01, 4.562523e-01
993, 8.238923e-01, 3.733483e-01
994, 8.250124e-01, 7.719736e-01
995, 8.251515e-01, 5.990144e-01
996, 8.257745e-01, 6.047147e-01
997, 8.260428e-01, 2.169783e-01
998, 8.264092e-01, 7.366501e-01
999, 8.264697e-01, 1.834223e-01
1000, 8.281016e-01, 7.293588e-01
1001, 8.294470e-01, 7.114875e-01
1002, 8.312692e-01, 4.899654e-01
1003, 8.350850e-01, 6.725373e-01
1004, 8.358967e-01, 3.374827e-01
1005, 8.361284e-01, 5.775867e-01
1006, 8.368402e-01, 6.120622e-01
1007, 8.370964e-01, 4.903924e-01
1008, 8.374105e-01, 7.162447e-01
1009, 8.381667e-01, 3.178025e-01
1010, 8.384421e-01, 8.100707e-01
1011, 8.397327e-01, 3.646875e-01
1012, 8.401436e-01, 6.312715e-01
1013, 8.406742e-01, 7.559127e-01
1014, 8.416165e-01, 6.595874e-01
1015, 8.422130e-01, 2.870927e-01
1016, 8.422951e-01, 6.342535e-01
1017, 8.427868e-01, 3.441829e-01
1018, 8.430566e-01, 4.966108e-01
1019, 8.433563e-01, 7.150072e-01
1020, 8.434589e-01, 8.060712e-01
1021, 8.435181e-01, 2.453132e-01
1022, 8.435923e-01, 4.296526e-01
1023, 8.439389e-01, 1.780517e-01
1024, 8.442894e-01, 6.572442e-01
1025, 8.443994e-01, 5.267319e-01
1026, 8.449854e-01, 6.876074e-01
1027, 8.452438e-01, 3.907526e-01
1028, 8.461470e-01, 5.766834e-01
1029, 8.462973e-01, 7.120372e-01
1030, 8.478747e-01, 8.456228e-01
1031, 8.478751e-01, 5.301338e-01
1032, 1.592472e-01, 2.162007e-01
1033, 1.583536e-01, 3.975075e-01
1034, 1.921585e-01, 5.571424e-01
1035, 2.099552e-01, 4.818009e-01
1036, 1.768470e-01, 2.948908e-01
1037, 2.076245e-01, 6.657353e-01
1038, 2.074853e-01, 3.030406e-01
1039, 2.439650e-01, 6.931046e-01
1040, 2.337119e-01, 6.511758e-01
1041, 2.701595e-01, 3.576820e-01
1042, 2.870277e-01, 6.958085e-01
1043, 3.089772e-01, 8.478464e-01
1044, 2.977566e-01, 5.601891e-01
1045, 2.950954e-01, 6.149071e-01
1046, 2.923789e-01, 4.167259e-01
1047, 3.178792e-01, 8.128572e-01
1048, 3.163093e-01, 5.310592e-01
1049, 3.198319e-01, 3.046562e-01
1050, 3.284641e-01, 2.394733e-01
1051, 3.392261e-01, 2.845002e-01
1052, 3.693846e-01, 7.583101e-01
1053, 3.631801e-01, 2.533445e-01
1054, 3.911768e-01, 7.382508e-01
1055, 3.854692e-01, 6.909854e-01
1056, 4.072066e-01, 1.946505e-01
1057, 3.990339e-01, 5.953608e-01
1058, 4.167533e-01, 4.335107e-01
1059, 4.138911e-01, 6.749600e-01
1060, 4.371949e-01, 4.529220e-01
1061, 4.202461e-01, 4.988113e-01
1062, 4.326779e-01, 6.307752e-01
1063, 4.698009e-01, 8.237152e-01
1064, 4.564570e-01, 6.638390e-01
1065, 4.752083e-01, 7.240035e-01
1066, 4.677574e-01, 2.112110e-01
1067, 4.774164e-01, 7.576996e-01
1068, 4.762258e-01, 5.845992e-01
1069, 5.080388e-01, 5.522594e-01
1070, 5.032007e-01, 1.927302e-01
1071, 4.933852e-01, 2.772937e-01
1072, 5.090421e-01, 3.841054e-01
1073, 5.238389e-01, 3.400097e-01
1074, 5.299314e-01, 3.066455e-01
1075, 5.467957e-01, 5.535267e-01
1076, 5.158540e-01, 6.705914e-01
1077, 5.687644e-01, 7.991087e-01
1078, 5.547328e-01, 3.681033e-01
1079, 5.744019e-01, 5.725882e-01
1080, 5.803028e-01, 2.148641e-01
1081, 6.170993e-01, 5.850646e-01
1082, 6.212747e-01, 2.282643e-01
1083, 6.237986e-01, 5.262548e-01
1084, 6.319729e-01, 6.661630e-01
1085, 6.292603e-01, 8.473108e-01
1086, 6.506843e-01, 3.697588e-01
1087, 6.520235e-01, 4.127983e-01
1088, 6.895494e-01, 7.989077e-01
1089, 6.812645e-01, 2.089538e-01
1090, 7.056516e-01, 3.268719e-01
1091, 7.023274e-01, 6.516051e-01
1092, 7.414845e-01, 3.041928e-01
1093, 7.656601e-01, 8.052183e-01
1094, 7.660506e-01, 2.830051e-01
1095, 7.529174e-01, 2.411879e-01
1096, 7.901226e-01, 7.949391e-01
1097, 7.922411e-01, 6.173117e-01
1098, 8.070841e-01, 3.074308e-01
1099, 7.891599e-01, 5.774226e-01
1100, 8.141963e-01, 2.362374e-01
1101, 8.463661e-01, 4.485923e-01
1102, 8.418469e-01, 2.645560e-01
1103, 8.464606e-01, 1.555145e-01
1104, 1.500000e-01, 7.740291e-01
1105, 1.500000e-01, 7.457386e-01
1106, 1.500000e-01, 7.211016e-01
1107, 1.500000e-01, 7.988118e-01
1108, 1.500000e-01, 3.974712e-01
1109, 1.500000e-01, 2.215589e-01
1110, 1.500000e-01, 2.123067e-01
1111, 1.500000e-01, 1.755338e-01
1112, 1.500000e-01, 5.646923e-01
1113, 1.500000e-01, 5.677229e-01
1114, 1.500000e-01, 6.073058e-01
1115, 1.500000e-01, 6.394884e-01
1116, 1.500000e-01, 6.904551e-01
1117, 1.500000e-01, 6.662128e-01
1118, 1.500000e-01, 8.468661e-01
1119, 1.500000e-01, 4.648748e-01
1120, 1.500000e-01, 3.005784e-01
1121, 1.500000e-01, 2.815191e-01
1122, 1.500000e-01, 3.100800e-01
1123, 1.500000e-01, 3.308382e-01
1124, 1.500000e-01, 1.506748e-01
1125, 1.500000e-01, 8.206132e-01
1126, 1.500000e-01, 8.236264e-01
1127, 1.500000e-01, 3.507743e-01
1128, 1.615116e-01, 1.500000e-01
1129, 1.500000e-01, 3.717450e-01
1130, 1.500000e-01, 3.590606e-01
1131, 2.075256e-01, 8.500000e-01
1132, 1.957288e-01, 1.500000e-01
1133, 2.037767e-01, 1.500000e-01
1134, 2.103383e-01, 8.500000e-01
1135, 2.167375e-01, 8.500000e-01
1136, 2.529681e-01, 8.500000e-01
1137, 2.422361e-01, 1.500000e-01
1138, 2.663829e-01, 1.500000e-01
1139, 3.062099e-01, 8.500000e-01
1140, 2.869138e-01, 1.500000e-01
1141, 3.090381e-01, 8.500000e-01
1142, 3.208527e-01, 1.500000e-01
1143, 3.119857e-01, 8.500000e-01
1144, 3.398630e-01, 1.500000e-01
1145, 3.539204e-01, 8.500000e-01
1146, 3.678970e-01, 8.500000e-01
1147, 3.630426e-01, 1.500000e-01
1148, 3.887441e-01, 1.500000e-01
1149, 3.844825e-01, 8.500000e-01
1150, 3.935852e-01, 1.500000e-01
1151, 4.116024e-01, 1.500000e-01
1152, 4.239306e-01, 8.500000e-01
1153, 4.442024e-01, 1.500000e-01
1154, 4.563808e-01, 8.500000e-01
1155, 4.706327e-01, 1.500000e-01
1156, 4.801973e-01, 1.500000e-01
1157, 4.887776e-01, 8.500000e-01
1158, 4.947636e-01, 1.500000e-01
1159, 5.245564e-01, 1.500000e-01
1160, 5.249664e-01, 8.500000e-01
1161, 5.604459e-01, 1.500000e-01
1162, 5.627736e-01, 8.500000e-01
1163, 5.692189e-01, 1.500000e-01
1164, 5.890827e-01, 8.500000e-01
1165, 6.247980e-01, 8.500000e-01
1166, 5.944322e-01, 1.500000e-01
1167, 6.278839e-01, 1.500000e-01
1168, 6.319068e-01, 8.500000e-01
1169, 6.431780e-01, 8.500000e-01
1170, 6.657388e-01, 1.500000e-01
1171, 6.770228e-01, 8.500000e-01
1172, 6.731480e-01, 1.500000e-01
1173, 6.867797e-01, 1.500000e-01
1174, 7.090534e-01, 1.500000e-01
1175, 7.365658e-01, 1.500000e-01
1176, 7.671741e-01, 1.500000e-01
1177, 7.793263e-01, 8.500000e-01
1178, 7.921092e-01, 8.500000e-01
1179, 7.740802e-01, 1.500000e-01
1180, 8.035772e-01, 1.500000e-01
1181, 8.307540e-01, 8.500000e-01
1182, 8.134442e-01, 1.500000e-01
1183, 8.227815e-01, 1.500000e-01
1184, 8.500000e-01, 7.532128e-01
1185, 8.500000e-01, 3.900682e-01
1186, 8.500000e-01, 2.108744e-01
1187, 8.500000e-01, 3.747323e-01
1188, 8.500000e-01, 6.059980e-01
1189, 8.500000e-01, 7.317208e-01
1190, 8.500000e-01, 3.442803e-01
1191, 8.500000e-01, 6.316360e-01
1192, 8.500000e-01, 2.981963e-01
1193, 8.500000e-01, 4.247017e-01
1194, 8.500000e-01, 4.488106e-01
1195, 8.462989e-01, 1.500000e-01
1196, 8.500000e-01, 7.117919e-01
1197, 8.500000e-01, 2.421979e-01
1198, 8.500000e-01, 2.654521e-01
1199, 8.500000e-01, 1.826707e-01
1200, 8.500000e-01, 1.555479e-01
1201, 8.500000e-01, 5.294237e-01
1202, 8.500000e-01, 8.105264e-01
1203, 8.500000e-01, 5.710292e-01
1204, 8.500000e-01, 5.813985e-01
1205, 8.500000e-01, 6.572499e-01
1206, 8.500000e-01, 6.872183e-01
1207, 8.451396e-01, 8.500000e-01
1208, 8.500000e-01, 8.441400e-01
1209, 8.500000e-01, 2.984248e-01
1210, 8.500000e-01, 4.967863e-01
1211, 1.502355e-01, 4.384164e-01
1212, 1.505068e-01, 2.573808e-01
1213, 1.500382e-01, 5.202500e-01
1214, 1.500908e-01, 4.825768e-01
1215, 1.676899e-01, 8.499962e-01
1216, 1.894445e-01, 1.503025e-01
1217, 2.675250e-01, 8.493409e-01
1218, 3.992126e-01, 1.501876e-01
1219, 6.921315e-01, 8.495051e-01
1220, 7.234144e-01, 8.497115e-01
1221, 7.505473e-01, 8.494479e-01
1222, 7.947221e-01, 8.497383e-01
1223, 8.499505e-01, 5.426625e-01
1224, 8.491329e-01, 7.919071e-01
1225, 8.496220e-01, 3.077550e-01
1226, 8.497654e-01, 4.739926e-01
