1, 1.517286e-01, 3.158392e-01
2, 1.520144e-01, 3.521802e-01
3, 1.529476e-01, 5.581122e-01
4, 1.535172e-01, 2.758003e-01
5, 1.535972e-01, 5.665836e-01
6, 1.547339e-01, 1.536445e-01
7, 1.551129e-01, 4.436017e-01
8, 1.568305e-01, 4.783636e-01
9, 1.573090e-01, 4.034605e-01
10, 1.579512e-01, 8.221350e-01
11, 1.584958e-01, 5.705329e-01
12, 1.589127e-01, 3.100919e-01
13, 1.589223e-01, 6.574003e-01
14, 1.592533e-01, 3.494797e-01
15, 1.597486e-01, 2.827738e-01
16, 1.600858e-01, 5.947864e-01
17, 1.605620e-01, 7.266675e-01
18, 1.620647e-01, 7.787426e-01
19, 1.622894e-01, 3.816087e-01
20, 1.625787e-01, 5.913518e-01
21, 1.629034e-01, 6.632754e-01
22, 1.634375e-01, 1.662499e-01
23, 1.638901e-01, 3.334642e-01
24, 1.644941e-01, 5.296082e-01
25, 1.648676e-01, 6.244972e-01
26, 1.654061e-01, 2.302637e-01
27, 1.660250e-01, 4.129236e-01
28, 1.661985e-01, 2.592255e-01
29, 1.663259e-01, 7.177353e-01
30, 1.670083e-01, 4.652369e-01
31, 1.670371e-01, 5.385803e-01
32, 1.671475e-01, 2.109787e-01
33, 1.691459e-01, 7.890518e-01
34, 1.711319e-01, 8.391841e-01
35, 1.719513e-01, 5.108127e-01
36, 1.738803e-01, 7.596786e-01
37, 1.747961e-01, 6.293352e-01
38, 1.752088e-01, 2.550942e-01
39, 1.755561e-01, 2.384312e-01
40, 1.765077e-01, 3.327999e-01
41, 1.775612e-01, 6.314123e-01
42, 1.783385e-01, 2.498382e-01
43, 1.785025e-01, 7.929995e-01
44, 1.792301e-01, 2.867022e-01
45, 1.793368e-01, 3.633418e-01
46, 1.801061e-01, 4.139565e-01
47, 1.804983e-01, 3.756069e-01
48, 1.807900e-01, 5.932943e-01
49, 1.820244e-01, 5.456675e-01
50, 1.820267e-01, 8.402408e-01
51, 1.823568e-01, 1.646977e-01
52, 1.828461e-01, 4.669657e-01
53, 1.838331e-01, 7.177143e-01
54, 1.839681e-01, 3.782609e-01
55, 1.841051e-01, 2.718902e-01
56, 1.842580e-01, 3.550043e-01
57, 1.844252e-01, 8.058774e-01
58, 1.846244e-01, 2.145859e-01
59, 1.847979e-01, 6.657110e-01
60, 1.855151e-01, 4.716994e-01
61, 1.884111e-01, 4.389386e-01
62, 1.884379e-01, 4.027417e-01
63, 1.888466e-01, 2.224056e-01
64, 1.889979e-01, 6.505641e-01
65, 1.892528e-01, 5.625646e-01
66, 1.901125e-01, 7.755473e-01
67, 1.904892e-01, 6.060215e-01
68, 1.924268e-01, 7.288599e-01
69, 1.933053e-01, 6.901318e-01
70, 1.937171e-01, 3.173815e-01
71, 1.950734e-01, 5.653382e-01
72, 1.956277e-01, 5.296385e-01
73, 1.957273e-01, 1.937973e-01
74, 1.958183e-01, 5.687194e-01
75, 1.969009e-01, 6.058865e-01
76, 1.972094e-01, 8.128997e-01
77, 1.975487e-01, 3.200046e-01
78, 1.977600e-01, 8.205234e-01
79, 1.977795e-01, 4.390967e-01
80, 1.978951e-01, 1.807841e-01
81, 1.982210e-01, 7.303140e-01
82, 1.989030e-01, 7.744591e-01
83, 2.011423e-01, 4.748371e-01
84, 2.017208e-01, 5.292390e-01
85, 2.023774e-01, 2.230648e-01
86, 2.023936e-01, 5.589132e-01
87, 2.039732e-01, 6.884051e-01
88, 2.041633e-01, 4.061270e-01
89, 2.042117e-01, 6.481696e-01
90, 2.046356e-01, 3.432608e-01
91, 2.048341e-01, 4.355425e-01
92, 2.054779e-01, 3.402905e-01
93, 2.067470e-01, 2.718389e-01
94, 2.076281e-01, 5.384637e-01
95, 2.082865e-01, 7.910888e-01
96, 2.086855e-01, 1.543617e-01
97, 2.096795e-01, 4.157289e-01
98, 2.101796e-01, 2.491547e-01
99, 2.102269e-01, 7.152689e-01
100, 2.104173e-01, 2.108121e-01
101, 2.106964e-01, 7.494742e-01
102, 2.109400e-01, 6.659673e-01
103, 2.115027e-01, 1.602891e-01
104, 2.118515e-01, 2.872054e-01
105, 2.125735e-01, 2.507534e-01
106, 2.128144e-01, 6.323993e-01
107, 2.140496e-01, 5.885053e-01
108, 2.141104e-01, 4.655980e-01
109, 2.153170e-01, 2.504842e-01
110, 2.165218e-01, 3.737672e-01
111, 2.173459e-01, 3.692224e-01
112, 2.204225e-01, 3.790251e-01
113, 2.205198e-01, 2.902172e-01
114, 2.207345e-01, 5.893700e-01
115, 2.209941e-01, 3.900684e-01
116, 2.218642e-01, 7.888664e-01
117, 2.223453e-01, 4.657980e-01
118, 2.227326e-01, 2.455625e-01
119, 2.235722e-01, 2.093500e-01
120, 2.238454e-01, 4.947675e-01
121, 2.238469e-01, 1.615985e-01
122, 2.249536e-01, 7.476132e-01
123, 2.266218e-01, 6.211881e-01
124, 2.267483e-01, 5.397023e-01
125, 2.268652e-01, 4.165861e-01
126, 2.270611e-01, 6.608928e-01
127, 2.284040e-01, 4.807507e-01
128, 2.284110e-01, 3.089194e-01
129, 2.288579e-01, 7.199147e-01
130, 2.288700e-01, 7.785150e-01
131, 2.300930e-01, 4.013947e-01
132, 2.303399e-01, 6.043007e-01
133, 2.304369e-01, 6.906689e-01
134, 2.310092e-01, 8.088267e-01
135, 2.311420e-01, 3.373213e-01
136, 2.319049e-01, 7.234900e-01
137, 2.319822e-01, 6.525524e-01
138, 2.339776e-01, 5.587615e-01
139, 2.342558e-01, 1.890615e-01
140, 2.345765e-01, 2.232755e-01
141, 2.347706e-01, 5.245590e-01
142, 2.359999e-01, 4.385704e-01
143, 2.361573e-01, 4.464842e-01
144, 2.365757e-01, 4.353230e-01
145, 2.369765e-01, 3.136583e-01
146, 2.396972e-01, 3.500784e-01
147, 2.398166e-01, 3.131244e-01
148, 2.406032e-01, 2.752389e-01
149, 2.433587e-01, 3.509767e-01
150, 2.436856e-01, 6.507682e-01
151, 2.442670e-01, 7.812724e-01
152, 2.450523e-01, 5.219616e-01
153, 2.457502e-01, 4.788332e-01
154, 2.459822e-01, 2.243869e-01
155, 2.462053e-01, 6.018800e-01
156, 2.473002e-01, 6.920223e-01
157, 2.475590e-01, 7.202415e-01
158, 2.486775e-01, 4.008321e-01
159, 2.489295e-01, 7.916682e-01
160, 2.493233e-01, 2.861990e-01
161, 2.500771e-01, 8.481839e-01
162, 2.508386e-01, 3.164333e-01
163, 2.519011e-01, 6.694861e-01
164, 2.533297e-01, 4.151860e-01
165, 2.533455e-01, 1.654542e-01
166, 2.537006e-01, 1.939733e-01
167, 2.544192e-01, 7.241338e-01
168, 2.546373e-01, 8.419988e-01
169, 2.546700e-01, 5.898752e-01
170, 2.549806e-01, 2.103697e-01
171, 2.558502e-01, 5.047625e-01
172, 2.561882e-01, 4.663129e-01
173, 2.572972e-01, 7.529100e-01
174, 2.573091e-01, 2.487111e-01
175, 2.574586e-01, 5.388047e-01
176, 2.580738e-01, 2.402580e-01
177, 2.583778e-01, 7.466376e-01
178, 2.588961e-01, 3.717635e-01
179, 2.590688e-01, 3.759374e-01
180, 2.593270e-01, 7.560847e-01
181, 2.593334e-01, 2.543184e-01
182, 2.594093e-01, 3.337939e-01
183, 2.597367e-01, 5.027897e-01
184, 2.618716e-01, 5.007586e-01
185, 2.630191e-01, 2.563121e-01
186, 2.630443e-01, 2.881472e-01
187, 2.630940e-01, 6.282040e-01
188, 2.646176e-01, 8.414005e-01
189, 2.653362e-01, 5.388229e-01
190, 2.658074e-01, 6.263584e-01
191, 2.670483e-01, 4.677914e-01
192, 2.678079e-01, 1.679541e-01
193, 2.682603e-01, 5.909820e-01
194, 2.684245e-01, 7.595021e-01
195, 2.687945e-01, 7.905039e-01
196, 2.696295e-01, 7.174258e-01
197, 2.697526e-01, 3.357930e-01
198, 2.700221e-01, 4.171109e-01
199, 2.703491e-01, 6.630645e-01
200, 2.704643e-01, 4.751249e-01
201, 2.706004e-01, 6.514279e-01
202, 2.712854e-01, 3.066171e-01
203, 2.716427e-01, 6.942694e-01
204, 2.729682e-01, 2.165250e-01
205, 2.740942e-01, 2.760810e-01
206, 2.742334e-01, 6.020156e-01
207, 2.746911e-01, 5.247049e-01
208, 2.756819e-01, 3.535378e-01
209, 2.767027e-01, 1.522389e-01
210, 2.773486e-01, 2.256191e-01
211, 2.780361e-01, 4.060130e-01
212, 2.780953e-01, 7.776438e-01
213, 2.783561e-01, 4.409827e-01
214, 2.799334e-01, 8.114141e-01
215, 2.800788e-01, 1.878092e-01
216, 2.826191e-01, 7.263414e-01
217, 2.826354e-01, 1.859728e-01
218, 2.828535e-01, 5.581094e-01
219, 2.831358e-01, 5.647593e-01
220, 2.843870e-01, 3.275341e-01
221, 2.852882e-01, 8.134643e-01
222, 2.853431e-01, 3.100774e-01
223, 2.853957e-01, 8.217488e-01
224, 2.864927e-01, 1.835886e-01
225, 2.876284e-01, 3.082122e-01
226, 2.877890e-01, 5.676409e-01
227, 2.878555e-01, 1.522765e-01
228, 2.903403e-01, 8.091102e-01
229, 2.903526e-01, 6.018248e-01
230, 2.908015e-01, 3.524403e-01
231, 2.909946e-01, 7.826144e-01
232, 2.910039e-01, 5.267289e-01
233, 2.912758e-01, 2.282855e-01
234, 2.917766e-01, 7.279622e-01
235, 2.918013e-01, 6.920258e-01
236, 2.919218e-01, 4.047622e-01
237, 2.929853e-01, 4.777882e-01
238, 2.934613e-01, 6.490682e-01
239, 2.936497e-01, 7.250604e-01
240, 2.945725e-01, 1.654965e-01
241, 2.949575e-01, 5.345136e-01
242, 2.957946e-01, 3.423541e-01
243, 2.958055e-01, 7.908931e-01
244, 2.961115e-01, 5.889106e-01
245, 2.971831e-01, 3.766410e-01
246, 2.979334e-01, 4.102340e-01
247, 2.985926e-01, 5.042637e-01
248, 2.996654e-01, 2.464566e-01
249, 3.001247e-01, 8.418848e-01
250, 3.001696e-01, 2.129576e-01
251, 3.008524e-01, 6.256633e-01
252, 3.034718e-01, 6.647357e-01
253, 3.044945e-01, 2.597827e-01
254, 3.046862e-01, 2.503041e-01
255, 3.052270e-01, 7.565342e-01
256, 3.057894e-01, 6.224698e-01
257, 3.060584e-01, 4.126893e-01
258, 3.075174e-01, 2.492209e-01
259, 3.081161e-01, 5.033083e-01
260, 3.082236e-01, 8.413951e-01
261, 3.083637e-01, 6.642462e-01
262, 3.094629e-01, 3.401439e-01
263, 3.113427e-01, 5.927506e-01
264, 3.114058e-01, 5.368625e-01
265, 3.130893e-01, 5.000568e-01
266, 3.133756e-01, 7.870589e-01
267, 3.134349e-01, 3.771179e-01
268, 3.134483e-01, 5.657223e-01
269, 3.144450e-01, 7.164946e-01
270, 3.147676e-01, 2.905673e-01
271, 3.161420e-01, 1.598086e-01
272, 3.167623e-01, 2.087949e-01
273, 3.168247e-01, 3.950854e-01
274, 3.170313e-01, 6.490115e-01
275, 3.171298e-01, 6.002256e-01
276, 3.180019e-01, 6.984699e-01
277, 3.183458e-01, 4.825098e-01
278, 3.184911e-01, 1.552033e-01
279, 3.185307e-01, 3.102743e-01
280, 3.186417e-01, 5.251268e-01
281, 3.200981e-01, 7.735660e-01
282, 3.206021e-01, 3.514639e-01
283, 3.207019e-01, 4.318744e-01
284, 3.226118e-01, 3.131062e-01
285, 3.229273e-01, 3.191096e-01
286, 3.232479e-01, 5.603733e-01
287, 3.242393e-01, 5.543274e-01
288, 3.242515e-01, 2.766855e-01
289, 3.243980e-01, 4.337220e-01
290, 3.249752e-01, 4.444725e-01
291, 3.250523e-01, 2.249216e-01
292, 3.252891e-01, 7.277302e-01
293, 3.255591e-01, 1.942111e-01
294, 3.277127e-01, 8.260930e-01
295, 3.285146e-01, 8.167518e-01
296, 3.289009e-01, 8.054208e-01
297, 3.291382e-01, 6.924165e-01
298, 3.292462e-01, 6.771831e-01
299, 3.293194e-01, 4.306019e-01
300, 3.305692e-01, 5.955887e-01
301, 3.305983e-01, 5.671112e-01
302, 3.317196e-01, 6.480792e-01
303, 3.322204e-01, 7.297112e-01
304, 3.322626e-01, 2.763032e-01
305, 3.332575e-01, 4.787652e-01
306, 3.356654e-01, 5.896117e-01
307, 3.358824e-01, 2.283482e-01
308, 3.363290e-01, 5.243233e-01
309, 3.367030e-01, 3.494132e-01
310, 3.376804e-01, 3.049987e-01
311, 3.378609e-01, 8.399244e-01
312, 3.380765e-01, 7.717966e-01
313, 3.381130e-01, 4.016391e-01
314, 3.386447e-01, 6.676315e-01
315, 3.395848e-01, 4.619911e-01
316, 3.398420e-01, 4.173093e-01
317, 3.399703e-01, 7.455633e-01
318, 3.403943e-01, 7.171895e-01
319, 3.404390e-01, 5.412569e-01
320, 3.405364e-01, 1.667561e-01
321, 3.419647e-01, 7.879414e-01
322, 3.427004e-01, 6.295929e-01
323, 3.428024e-01, 3.401159e-01
324, 3.431417e-01, 2.931672e-01
325, 3.439622e-01, 7.638998e-01
326, 3.447704e-01, 2.139565e-01
327, 3.450469e-01, 2.500577e-01
328, 3.454411e-01, 2.553283e-01
329, 3.466720e-01, 7.504518e-01
330, 3.485871e-01, 6.281286e-01
331, 3.485892e-01, 5.029522e-01
332, 3.498544e-01, 7.492736e-01
333, 3.511072e-01, 6.266792e-01
334, 3.515872e-01, 2.131592e-01
335, 3.521430e-01, 6.636708e-01
336, 3.527744e-01, 3.379944e-01
337, 3.528888e-01, 5.906157e-01
338, 3.537516e-01, 8.451209e-01
339, 3.554395e-01, 7.167877e-01
340, 3.557720e-01, 4.153561e-01
341, 3.563208e-01, 1.640374e-01
342, 3.568399e-01, 7.939590e-01
343, 3.570659e-01, 4.629180e-01
344, 3.574291e-01, 5.082751e-01
345, 3.575090e-01, 3.746054e-01
346, 3.579979e-01, 6.111790e-01
347, 3.582653e-01, 6.527931e-01
348, 3.595960e-01, 5.444281e-01
349, 3.598020e-01, 2.871340e-01
350, 3.615105e-01, 2.822319e-01
351, 3.625619e-01, 3.482065e-01
352, 3.632944e-01, 3.212236e-01
353, 3.638845e-01, 4.010711e-01
354, 3.640831e-01, 6.947496e-01
355, 3.644849e-01, 4.763038e-01
356, 3.647665e-01, 5.321553e-01
357, 3.648354e-01, 7.304830e-01
358, 3.649244e-01, 2.283875e-01
359, 3.654574e-01, 8.120519e-01
360, 3.661912e-01, 7.774277e-01
361, 3.680428e-01, 4.444786e-01
362, 3.684520e-01, 5.607463e-01
363, 3.689960e-01, 1.821719e-01
364, 3.690350e-01, 1.921041e-01
365, 3.691027e-01, 5.672779e-01
366, 3.701211e-01, 6.910756e-01
367, 3.705651e-01, 5.699197e-01
368, 3.719895e-01, 3.178249e-01
369, 3.725050e-01, 3.038871e-01
370, 3.726952e-01, 4.302984e-01
371, 3.739118e-01, 4.404320e-01
372, 3.752610e-01, 3.128646e-01
373, 3.758696e-01, 7.745028e-01
374, 3.759189e-01, 6.541291e-01
375, 3.764002e-01, 4.014583e-01
376, 3.764127e-01, 2.725455e-01
377, 3.764209e-01, 2.272357e-01
378, 3.770486e-01, 6.039757e-01
379, 3.776282e-01, 7.292802e-01
380, 3.790147e-01, 4.785735e-01
381, 3.794114e-01, 3.466825e-01
382, 3.800477e-01, 7.640195e-01
383, 3.803365e-01, 5.297809e-01
384, 3.817827e-01, 4.436461e-01
385, 3.819500e-01, 5.851487e-01
386, 3.821073e-01, 6.652335e-01
387, 3.821962e-01, 4.138737e-01
388, 3.834128e-01, 8.396834e-01
389, 3.834331e-01, 3.394395e-01
390, 3.835372e-01, 2.090815e-01
391, 3.837038e-01, 2.562287e-01
392, 3.838529e-01, 7.135573e-01
393, 3.844917e-01, 7.914009e-01
394, 3.846062e-01, 1.630159e-01
395, 3.848975e-01, 5.447355e-01
396, 3.854633e-01, 4.657297e-01
397, 3.860552e-01, 2.854335e-01
398, 3.863834e-01, 2.546653e-01
399, 3.867956e-01, 7.376605e-01
400, 3.886242e-01, 2.489855e-01
401, 3.888058e-01, 3.823087e-01
402, 3.889691e-01, 3.768446e-01
403, 3.916088e-01, 3.735405e-01
404, 3.920938e-01, 7.566432e-01
405, 3.922638e-01, 5.031702e-01
406, 3.948816e-01, 5.131896e-01
407, 3.951712e-01, 1.612853e-01
408, 3.952281e-01, 7.909349e-01
409, 3.954741e-01, 4.946980e-01
410, 3.962153e-01, 5.883315e-01
411, 3.972669e-01, 2.079807e-01
412, 3.983083e-01, 4.149349e-01
413, 3.993104e-01, 7.112693e-01
414, 3.996249e-01, 2.882328e-01
415, 3.998053e-01, 8.420715e-01
416, 3.998595e-01, 6.669091e-01
417, 4.001408e-01, 4.665408e-01
418, 4.004344e-01, 1.524329e-01
419, 4.018799e-01, 3.082830e-01
420, 4.019254e-01, 5.460334e-01
421, 4.020964e-01, 3.390975e-01
422, 4.027287e-01, 8.474760e-01
423, 4.042748e-01, 4.015518e-01
424, 4.044451e-01, 6.009134e-01
425, 4.048759e-01, 3.541180e-01
426, 4.051245e-01, 4.820894e-01
427, 4.051247e-01, 7.219993e-01
428, 4.052955e-01, 7.819674e-01
429, 4.059512e-01, 2.760706e-01
430, 4.061516e-01, 6.508895e-01
431, 4.065223e-01, 5.596437e-01
432, 4.068432e-01, 2.269875e-01
433, 4.085464e-01, 1.831502e-01
434, 4.086120e-01, 4.413195e-01
435, 4.094231e-01, 4.329235e-01
436, 4.097202e-01, 8.174312e-01
437, 4.098962e-01, 6.884604e-01
438, 4.099227e-01, 6.853317e-01
439, 4.102136e-01, 5.271538e-01
440, 4.119821e-01, 5.630072e-01
441, 4.125627e-01, 5.747087e-01
442, 4.128517e-01, 2.755129e-01
443, 4.133827e-01, 4.788930e-01
444, 4.143789e-01, 8.167974e-01
445, 4.147648e-01, 5.614800e-01
446, 4.149208e-01, 3.233463e-01
447, 4.156648e-01, 7.831401e-01
448, 4.160757e-01, 5.273744e-01
449, 4.171109e-01, 4.445038e-01
450, 4.191828e-01, 2.273407e-01
451, 4.211722e-01, 6.509012e-01
452, 4.218141e-01, 3.981168e-01
453, 4.226087e-01, 6.947678e-01
454, 4.226260e-01, 7.912995e-01
455, 4.228317e-01, 8.206638e-01
456, 4.230539e-01, 6.007219e-01
457, 4.239831e-01, 5.359721e-01
458, 4.241649e-01, 2.135717e-01
459, 4.245421e-01, 7.282107e-01
460, 4.257447e-01, 6.667231e-01
461, 4.260970e-01, 4.586687e-01
462, 4.262578e-01, 3.801106e-01
463, 4.266524e-01, 2.902914e-01
464, 4.267567e-01, 3.571300e-01
465, 4.272547e-01, 8.443306e-01
466, 4.275381e-01, 5.900151e-01
467, 4.291471e-01, 7.508267e-01
468, 4.297450e-01, 4.105549e-01
469, 4.297604e-01, 1.611942e-01
470, 4.299988e-01, 7.195338e-01
471, 4.306404e-01, 6.228380e-01
472, 4.318352e-01, 3.422052e-01
473, 4.320841e-01, 2.492193e-01
474, 4.321512e-01, 2.582998e-01
475, 4.324342e-01, 2.459076e-01
476, 4.330866e-01, 3.748854e-01
477, 4.331405e-01, 6.378165e-01
478, 4.345091e-01, 7.524449e-01
479, 4.347147e-01, 5.050006e-01
480, 4.370884e-01, 1.623992e-01
481, 4.378034e-01, 6.700157e-01
482, 4.379687e-01, 3.753527e-01
483, 4.380996e-01, 7.184127e-01
484, 4.392596e-01, 4.643468e-01
485, 4.398554e-01, 4.883221e-01
486, 4.403063e-01, 7.910611e-01
487, 4.403759e-01, 5.853997e-01
488, 4.404599e-01, 7.498693e-01
489, 4.406919e-01, 4.138664e-01
490, 4.409591e-01, 5.415690e-01
491, 4.409805e-01, 2.867257e-01
492, 4.411281e-01, 4.939929e-01
493, 4.419488e-01, 1.855647e-01
494, 4.424320e-01, 2.132940e-01
495, 4.426149e-01, 3.413636e-01
496, 4.428532e-01, 8.459203e-01
497, 4.431932e-01, 4.750338e-01
498, 4.437056e-01, 4.315521e-01
499, 4.457823e-01, 2.746585e-01
500, 4.470661e-01, 7.776551e-01
501, 4.476300e-01, 6.861122e-01
502, 4.480286e-01, 6.521954e-01
503, 4.489716e-01, 2.266243e-01
504, 4.503082e-01, 1.519884e-01
505, 4.512184e-01, 8.183081e-01
506, 4.517573e-01, 3.499051e-01
507, 4.518068e-01, 5.250569e-01
508, 4.518433e-01, 5.678514e-01
509, 4.519021e-01, 1.924256e-01
510, 4.527335e-01, 6.033924e-01
511, 4.531332e-01, 8.139349e-01
512, 4.535488e-01, 7.301262e-01
513, 4.540320e-01, 4.048614e-01
514, 4.549772e-01, 3.099896e-01
515, 4.556961e-01, 6.881479e-01
516, 4.563436e-01, 2.731344e-01
517, 4.569310e-01, 4.465929e-01
518, 4.574923e-01, 7.036243e-01
519, 4.576700e-01, 5.699885e-01
520, 4.579114e-01, 6.905544e-01
521, 4.579821e-01, 8.111900e-01
522, 4.587022e-01, 4.409346e-01
523, 4.591034e-01, 3.119105e-01
524, 4.595781e-01, 6.034897e-01
525, 4.597491e-01, 1.920952e-01
526, 4.604256e-01, 7.278754e-01
527, 4.626421e-01, 4.389923e-01
528, 4.627280e-01, 5.246840e-01
529, 4.628061e-01, 4.051894e-01
530, 4.636493e-01, 7.778326e-01
531, 4.642667e-01, 1.880916e-01
532, 4.649343e-01, 7.172248e-01
533, 4.651486e-01, 1.555200e-01
534, 4.652732e-01, 4.081783e-01
535, 4.653653e-01, 6.547575e-01
536, 4.659746e-01, 3.497833e-01
537, 4.668197e-01, 2.863883e-01
538, 4.675113e-01, 4.719794e-01
539, 4.679260e-01, 2.294591e-01
540, 4.698612e-01, 8.367866e-01
541, 4.699022e-01, 1.614400e-01
542, 4.699232e-01, 4.732841e-01
543, 4.708990e-01, 5.390019e-01
544, 4.711027e-01, 7.910674e-01
545, 4.712372e-01, 3.417050e-01
546, 4.724028e-01, 2.134821e-01
547, 4.728781e-01, 7.496011e-01
548, 4.741137e-01, 5.866923e-01
549, 4.747461e-01, 6.313506e-01
550, 4.757267e-01, 2.496994e-01
551, 4.762340e-01, 3.770717e-01
552, 4.763340e-01, 2.523977e-01
553, 4.764403e-01, 2.443624e-01
554, 4.800440e-01, 3.764589e-01
555, 4.816373e-01, 7.181867e-01
556, 4.826345e-01, 4.126609e-01
557, 4.831220e-01, 5.876893e-01
558, 4.831680e-01, 3.745647e-01
559, 4.833434e-01, 3.433438e-01
560, 4.836198e-01, 5.430424e-01
561, 4.837026e-01, 2.839315e-01
562, 4.845842e-01, 4.614758e-01
563, 4.853042e-01, 1.632202e-01
564, 4.853898e-01, 7.223399e-01
565, 4.854057e-01, 8.356963e-01
566, 4.863163e-01, 7.913192e-01
567, 4.869480e-01, 2.628832e-01
568, 4.875587e-01, 6.668981e-01
569, 4.878418e-01, 5.981053e-01
570, 4.892422e-01, 2.086378e-01
571, 4.896113e-01, 2.691709e-01
572, 4.903981e-01, 5.565897e-01
573, 4.906642e-01, 3.093023e-01
574, 4.906910e-01, 6.886986e-01
575, 4.917215e-01, 7.758466e-01
576, 4.924400e-01, 3.562200e-01
577, 4.927330e-01, 1.532283e-01
578, 4.928125e-01, 5.282741e-01
579, 4.956889e-01, 4.037436e-01
580, 4.984841e-01, 2.314625e-01
581, 4.984912e-01, 1.876108e-01
582, 4.992956e-01, 8.160268e-01
583, 4.993672e-01, 6.494174e-01
584, 4.995555e-01, 2.259532e-01
585, 4.998159e-01, 8.086182e-01
586, 5.010820e-01, 3.229180e-01
587, 5.022428e-01, 2.741608e-01
588, 5.023874e-01, 5.653418e-01
589, 5.037245e-01, 4.054079e-01
590, 5.038913e-01, 8.178874e-01
591, 5.044674e-01, 6.838816e-01
592, 5.049522e-01, 5.672469e-01
593, 5.050482e-01, 1.912958e-01
594, 5.058361e-01, 3.527704e-01
595, 5.067535e-01, 7.211613e-01
596, 5.068939e-01, 6.047913e-01
597, 5.072534e-01, 5.276326e-01
598, 5.088369e-01, 4.161234e-01
599, 5.092624e-01, 2.832067e-01
600, 5.095458e-01, 7.150080e-01
601, 5.099872e-01, 3.374977e-01
602, 5.110312e-01, 6.208582e-01
603, 5.112154e-01, 6.473936e-01
604, 5.112656e-01, 4.662036e-01
605, 5.113647e-01, 7.745732e-01
606, 5.133168e-01, 5.370017e-01
607, 5.136873e-01, 5.930410e-01
608, 5.139913e-01, 8.367689e-01
609, 5.141999e-01, 6.701740e-01
610, 5.148380e-01, 7.476319e-01
611, 5.162733e-01, 7.900316e-01
612, 5.171432e-01, 5.074604e-01
613, 5.173875e-01, 6.410634e-01
614, 5.184482e-01, 2.462866e-01
615, 5.188344e-01, 2.119922e-01
616, 5.189556e-01, 1.643513e-01
617, 5.200967e-01, 6.274312e-01
618, 5.208555e-01, 5.048294e-01
619, 5.221814e-01, 3.767040e-01
620, 5.224305e-01, 3.851218e-01
621, 5.227385e-01, 5.014222e-01
622, 5.228702e-01, 7.912456e-01
623, 5.247436e-01, 4.198619e-01
624, 5.264035e-01, 2.544719e-01
625, 5.267858e-01, 2.480642e-01
626, 5.282106e-01, 2.140217e-01
627, 5.290285e-01, 2.831349e-01
628, 5.290574e-01, 8.405132e-01
629, 5.291464e-01, 7.097849e-01
630, 5.293694e-01, 7.564745e-01
631, 5.298997e-01, 1.659689e-01
632, 5.300624e-01, 3.375256e-01
633, 5.301657e-01, 5.368038e-01
634, 5.302251e-01, 4.645448e-01
635, 5.310811e-01, 5.960348e-01
636, 5.313490e-01, 3.966305e-01
637, 5.319705e-01, 5.315352e-01
638, 5.324501e-01, 5.987336e-01
639, 5.325700e-01, 6.693952e-01
640, 5.334839e-01, 2.760450e-01
641, 5.352881e-01, 6.956960e-01
642, 5.357330e-01, 4.729838e-01
643, 5.358275e-01, 8.145687e-01
644, 5.358588e-01, 3.464131e-01
645, 5.360414e-01, 5.642540e-01
646, 5.361647e-01, 2.286792e-01
647, 5.362516e-01, 6.574642e-01
648, 5.385960e-01, 7.819050e-01
649, 5.389848e-01, 7.273240e-01
650, 5.392390e-01, 8.158321e-01
651, 5.397525e-01, 1.538969e-01
652, 5.397531e-01, 5.774121e-01
653, 5.416735e-01, 3.110145e-01
654, 5.421444e-01, 4.332532e-01
655, 5.434566e-01, 8.151192e-01
656, 5.442239e-01, 4.742730e-01
657, 5.462655e-01, 1.890546e-01
658, 5.472262e-01, 6.918815e-01
659, 5.472765e-01, 7.275604e-01
660, 5.483491e-01, 4.006476e-01
661, 5.490850e-01, 6.033424e-01
662, 5.499443e-01, 8.176841e-01
663, 5.502655e-01, 7.865137e-01
664, 5.503645e-01, 1.527389e-01
665, 5.504712e-01, 2.766434e-01
666, 5.519003e-01, 4.176624e-01
667, 5.520455e-01, 1.849765e-01
668, 5.523633e-01, 6.534550e-01
669, 5.525746e-01, 2.265168e-01
670, 5.533145e-01, 6.264445e-01
671, 5.535878e-01, 3.186071e-01
672, 5.538440e-01, 7.851031e-01
673, 5.542670e-01, 5.228087e-01
674, 5.546365e-01, 3.469304e-01
675, 5.562864e-01, 5.092267e-01
676, 5.572331e-01, 8.389598e-01
677, 5.572686e-01, 5.914246e-01
678, 5.576105e-01, 7.130179e-01
679, 5.577935e-01, 2.905797e-01
680, 5.579953e-01, 1.623609e-01
681, 5.586458e-01, 3.413582e-01
682, 5.590235e-01, 6.599377e-01
683, 5.596555e-01, 5.348604e-01
684, 5.618154e-01, 3.730127e-01
685, 5.620375e-01, 7.447877e-01
686, 5.629639e-01, 2.132586e-01
687, 5.648225e-01, 5.023687e-01
688, 5.651357e-01, 6.612758e-01
689, 5.653510e-01, 4.648414e-01
690, 5.660647e-01, 3.837945e-01
691, 5.670112e-01, 3.768505e-01
692, 5.678741e-01, 2.497674e-01
693, 5.693063e-01, 2.916368e-01
694, 5.695845e-01, 4.646405e-01
695, 5.698405e-01, 2.125135e-01
696, 5.700876e-01, 5.891022e-01
697, 5.702015e-01, 5.011151e-01
698, 5.704358e-01, 6.254622e-01
699, 5.704606e-01, 7.587068e-01
700, 5.705175e-01, 7.904252e-01
701, 5.707763e-01, 8.397812e-01
702, 5.714850e-01, 3.749902e-01
703, 5.722247e-01, 1.620508e-01
704, 5.723455e-01, 5.376507e-01
705, 5.738872e-01, 4.147646e-01
706, 5.751143e-01, 4.816282e-01
707, 5.758588e-01, 7.160839e-01
708, 5.763831e-01, 5.044090e-01
709, 5.766693e-01, 8.098310e-01
710, 5.770296e-01, 6.838540e-01
711, 5.771180e-01, 4.049039e-01
712, 5.776142e-01, 6.305072e-01
713, 5.778776e-01, 6.044388e-01
714, 5.789106e-01, 3.393456e-01
715, 5.789782e-01, 6.497774e-01
716, 5.791443e-01, 7.791617e-01
717, 5.795148e-01, 2.244543e-01
718, 5.796534e-01, 2.444651e-01
719, 5.804816e-01, 8.119887e-01
720, 5.812792e-01, 3.134654e-01
721, 5.814607e-01, 7.273566e-01
722, 5.826067e-01, 5.268204e-01
723, 5.826137e-01, 2.762612e-01
724, 5.843011e-01, 6.867741e-01
725, 5.844677e-01, 4.462036e-01
726, 5.845932e-01, 4.340368e-01
727, 5.852228e-01, 3.152692e-01
728, 5.860673e-01, 3.530720e-01
729, 5.862221e-01, 6.904443e-01
730, 5.868363e-01, 1.860133e-01
731, 5.872274e-01, 1.778765e-01
732, 5.873180e-01, 3.183744e-01
733, 5.897256e-01, 4.491044e-01
734, 5.907349e-01, 7.298419e-01
735, 5.913317e-01, 8.127679e-01
736, 5.917086e-01, 4.041152e-01
737, 5.917118e-01, 5.659518e-01
738, 5.925465e-01, 3.198704e-01
739, 5.927124e-01, 2.761995e-01
740, 5.931047e-01, 6.559184e-01
741, 5.933836e-01, 5.288340e-01
742, 5.934467e-01, 7.783678e-01
743, 5.935552e-01, 3.530332e-01
744, 5.946419e-01, 6.948816e-01
745, 5.954451e-01, 8.153670e-01
746, 5.963065e-01, 6.691677e-01
747, 5.963877e-01, 6.056728e-01
748, 5.967816e-01, 2.233718e-01
749, 5.970674e-01, 4.775376e-01
750, 5.971384e-01, 1.535617e-01
751, 5.976577e-01, 7.908773e-01
752, 5.994727e-01, 8.370989e-01
753, 5.998350e-01, 5.473193e-01
754, 5.998527e-01, 1.578286e-01
755, 5.999161e-01, 2.863865e-01
756, 6.004808e-01, 2.471518e-01
757, 6.012052e-01, 4.657467e-01
758, 6.012128e-01, 7.179703e-01
759, 6.012538e-01, 3.836381e-01
760, 6.016115e-01, 4.147299e-01
761, 6.023158e-01, 5.934215e-01
762, 6.027473e-01, 2.116038e-01
763, 6.037878e-01, 5.021723e-01
764, 6.037931e-01, 7.508061e-01
765, 6.055027e-01, 2.506844e-01
766, 6.059190e-01, 3.394072e-01
767, 6.087756e-01, 3.664211e-01
768, 6.095896e-01, 2.503349e-01
769, 6.107882e-01, 7.552432e-01
770, 6.108012e-01, 7.590684e-01
771, 6.108357e-01, 6.367455e-01
772, 6.108609e-01, 3.809616e-01
773, 6.110528e-01, 5.064412e-01
774, 6.115302e-01, 5.101814e-01
775, 6.115838e-01, 5.418317e-01
776, 6.121986e-01, 1.574462e-01
777, 6.132061e-01, 4.670302e-01
778, 6.137619e-01, 2.140807e-01
779, 6.140558e-01, 7.148505e-01
780, 6.145508e-01, 6.260117e-01
781, 6.147508e-01, 7.885328e-01
782, 6.149471e-01, 7.522772e-01
783, 6.157439e-01, 2.897927e-01
784, 6.168643e-01, 8.422923e-01
785, 6.170442e-01, 3.400975e-01
786, 6.171787e-01, 4.146962e-01
787, 6.174472e-01, 2.534590e-01
788, 6.179576e-01, 2.223857e-01
789, 6.186738e-01, 5.197976e-01
790, 6.187332e-01, 6.689810e-01
791, 6.190019e-01, 4.097364e-01
792, 6.210170e-01, 5.968694e-01
793, 6.210888e-01, 7.752715e-01
794, 6.213829e-01, 8.123838e-01
795, 6.214299e-01, 6.969795e-01
796, 6.214621e-01, 3.496773e-01
797, 6.224230e-01, 6.567368e-01
798, 6.224438e-01, 2.796333e-01
799, 6.231955e-01, 4.974081e-01
800, 6.247235e-01, 6.047358e-01
801, 6.254466e-01, 4.327928e-01
802, 6.259875e-01, 7.328564e-01
803, 6.261074e-01, 4.800274e-01
804, 6.272755e-01, 3.235475e-01
805, 6.288426e-01, 8.147206e-01
806, 6.291337e-01, 8.200450e-01
807, 6.292379e-01, 5.696443e-01
808, 6.294428e-01, 4.350510e-01
809, 6.330334e-01, 1.976396e-01
810, 6.333597e-01, 1.905313e-01
811, 6.336511e-01, 5.557229e-01
812, 6.348236e-01, 5.626030e-01
813, 6.355859e-01, 4.431924e-01
814, 6.357087e-01, 4.488676e-01
815, 6.363079e-01, 6.901409e-01
816, 6.363296e-01, 6.545296e-01
817, 6.365819e-01, 2.245188e-01
818, 6.369533e-01, 7.824976e-01
819, 6.371641e-01, 3.565497e-01
820, 6.371882e-01, 8.088910e-01
821, 6.386825e-01, 6.032561e-01
822, 6.390858e-01, 7.868052e-01
823, 6.397518e-01, 3.981120e-01
824, 6.397588e-01, 5.279165e-01
825, 6.398608e-01, 4.715386e-01
826, 6.404822e-01, 3.761342e-01
827, 6.408708e-01, 7.268699e-01
828, 6.410614e-01, 5.307598e-01
829, 6.412852e-01, 2.094610e-01
830, 6.414472e-01, 2.786916e-01
831, 6.414976e-01, 1.637753e-01
832, 6.428289e-01, 3.356446e-01
833, 6.431542e-01, 4.634412e-01
834, 6.438405e-01, 2.503826e-01
835, 6.448997e-01, 2.838401e-01
836, 6.452354e-01, 2.425148e-01
837, 6.456682e-01, 6.646422e-01
838, 6.458377e-01, 2.526663e-01
839, 6.458846e-01, 7.164225e-01
840, 6.460226e-01, 3.709168e-01
841, 6.470399e-01, 8.419319e-01
842, 6.471944e-01, 5.928667e-01
843, 6.512766e-01, 4.083221e-01
844, 6.532032e-01, 3.702495e-01
845, 6.536940e-01, 4.977133e-01
846, 6.544436e-01, 4.084763e-01
847, 6.551920e-01, 7.599351e-01
848, 6.552626e-01, 7.564131e-01
849, 6.552737e-01, 1.657117e-01
850, 6.557186e-01, 2.562156e-01
851, 6.563831e-01, 8.405707e-01
852, 6.574091e-01, 7.160930e-01
853, 6.587823e-01, 3.320866e-01
854, 6.589399e-01, 2.864839e-01
855, 6.600243e-01, 2.119195e-01
856, 6.605562e-01, 7.859204e-01
857, 6.614882e-01, 6.656440e-01
858, 6.621852e-01, 1.841991e-01
859, 6.628247e-01, 5.925278e-01
860, 6.630430e-01, 6.806215e-01
861, 6.630991e-01, 5.365135e-01
862, 6.631770e-01, 3.523874e-01
863, 6.631781e-01, 4.656694e-01
864, 6.632743e-01, 6.611114e-01
865, 6.649302e-01, 3.974426e-01
866, 6.652610e-01, 7.784775e-01
867, 6.656409e-01, 2.757484e-01
868, 6.659776e-01, 3.170381e-01
869, 6.665092e-01, 8.127089e-01
870, 6.666201e-01, 5.611395e-01
871, 6.670594e-01, 2.226849e-01
872, 6.676234e-01, 1.867816e-01
873, 6.679318e-01, 5.549422e-01
874, 6.680530e-01, 5.992539e-01
875, 6.688156e-01, 3.152376e-01
876, 6.696664e-01, 5.657990e-01
877, 6.697384e-01, 5.259322e-01
878, 6.699861e-01, 8.201849e-01
879, 6.704492e-01, 8.151644e-01
880, 6.709530e-01, 7.294625e-01
881, 6.709942e-01, 4.768129e-01
882, 6.715549e-01, 3.115914e-01
883, 6.723640e-01, 4.360992e-01
884, 6.725348e-01, 4.284217e-01
885, 6.744637e-01, 3.104514e-01
886, 6.752141e-01, 8.131371e-01
887, 6.755305e-01, 4.405613e-01
888, 6.756576e-01, 2.249171e-01
889, 6.774428e-01, 6.945941e-01
890, 6.777059e-01, 3.999665e-01
891, 6.777675e-01, 6.904161e-01
892, 6.778997e-01, 4.780554e-01
893, 6.795463e-01, 5.689694e-01
894, 6.795670e-01, 5.228375e-01
895, 6.803301e-01, 6.890489e-01
896, 6.803669e-01, 4.427135e-01
897, 6.805524e-01, 7.803125e-01
898, 6.809227e-01, 1.848967e-01
899, 6.829615e-01, 6.005588e-01
900, 6.837714e-01, 4.110136e-01
901, 6.839161e-01, 6.573660e-01
902, 6.849005e-01, 8.460051e-01
903, 6.851823e-01, 1.671367e-01
904, 6.852010e-01, 7.281302e-01
905, 6.854506e-01, 2.753044e-01
906, 6.859577e-01, 6.325460e-01
907, 6.861398e-01, 7.909201e-01
908, 6.865983e-01, 4.643169e-01
909, 6.871063e-01, 3.497599e-01
910, 6.873715e-01, 5.036941e-01
911, 6.876517e-01, 1.899349e-01
912, 6.886281e-01, 2.460352e-01
913, 6.889896e-01, 2.090437e-01
914, 6.890426e-01, 3.448016e-01
915, 6.893998e-01, 2.856462e-01
916, 6.908186e-01, 7.182582e-01
917, 6.917222e-01, 3.779829e-01
918, 6.921402e-01, 6.645592e-01
919, 6.934903e-01, 2.540234e-01
920, 6.938312e-01, 5.870413e-01
921, 6.938944e-01, 4.945430e-01
922, 6.943648e-01, 4.980011e-01
923, 6.947995e-01, 7.547063e-01
924, 6.961904e-01, 3.764067e-01
925, 6.974622e-01, 6.229798e-01
926, 6.976366e-01, 6.262754e-01
927, 6.981446e-01, 5.003818e-01
928, 6.982435e-01, 3.735549e-01
929, 6.984697e-01, 7.549197e-01
930, 7.003616e-01, 8.413536e-01
931, 7.010186e-01, 3.726273e-01
932, 7.012280e-01, 8.200304e-01
933, 7.022925e-01, 7.904154e-01
934, 7.026330e-01, 6.638888e-01
935, 7.027613e-01, 4.607996e-01
936, 7.031460e-01, 4.087290e-01
937, 7.031573e-01, 7.578598e-01
938, 7.038416e-01, 7.157449e-01
939, 7.042281e-01, 2.896465e-01
940, 7.045587e-01, 1.601174e-01
941, 7.050014e-01, 4.449925e-01
942, 7.051963e-01, 4.031245e-01
943, 7.056029e-01, 5.860359e-01
944, 7.058464e-01, 3.353735e-01
945, 7.059497e-01, 5.279532e-01
946, 7.061868e-01, 2.575294e-01
947, 7.070099e-01, 2.170528e-01
948, 7.079969e-01, 4.734781e-01
949, 7.080178e-01, 7.698559e-01
950, 7.083118e-01, 1.517246e-01
951, 7.092824e-01, 5.566328e-01
952, 7.095238e-01, 2.256435e-01
953, 7.104057e-01, 6.523128e-01
954, 7.115219e-01, 3.170084e-01
955, 7.122848e-01, 6.007757e-01
956, 7.127701e-01, 3.009478e-01
957, 7.140715e-01, 6.876532e-01
958, 7.154721e-01, 2.713495e-01
959, 7.172267e-01, 3.548377e-01
960, 7.177673e-01, 7.282369e-01
961, 7.179897e-01, 6.898681e-01
962, 7.180260e-01, 1.870894e-01
963, 7.180587e-01, 5.686268e-01
964, 7.186826e-01, 5.626712e-01
965, 7.190438e-01, 4.743127e-01
966, 7.195761e-01, 3.196259e-01
967, 7.203222e-01, 2.727891e-01
968, 7.210241e-01, 6.898556e-01
969, 7.213478e-01, 1.923597e-01
970, 7.215243e-01, 2.295203e-01
971, 7.223649e-01, 7.282385e-01
972, 7.252373e-01, 5.244189e-01
973, 7.260484e-01, 2.458554e-01
974, 7.261994e-01, 6.932095e-01
975, 7.269265e-01, 8.483425e-01
976, 7.278566e-01, 6.527534e-01
977, 7.283014e-01, 3.540406e-01
978, 7.291035e-01, 7.944297e-01
979, 7.295048e-01, 7.165845e-01
980, 7.296267e-01, 3.961284e-01
981, 7.297194e-01, 7.799940e-01
982, 7.297759e-01, 2.874381e-01
983, 7.303040e-01, 6.048583e-01
984, 7.304091e-01, 4.615223e-01
985, 7.309055e-01, 8.426007e-01
986, 7.335388e-01, 1.638761e-01
987, 7.335562e-01, 4.161900e-01
988, 7.336851e-01, 6.633697e-01
989, 7.346752e-01, 2.179145e-01
990, 7.346989e-01, 5.420348e-01
991, 7.347971e-01, 3.864300e-01
992, 7.348299e-01, 5.027888e-01
993, 7.349213e-01, 5.899296e-01
994, 7.384881e-01, 6.304873e-01
995, 7.388535e-01, 6.242333e-01
996, 7.401272e-01, 3.832852e-01
997, 7.405967e-01, 6.215675e-01
998, 7.415246e-01, 2.535705e-01
999, 7.416370e-01, 3.728598e-01
1000, 7.421586e-01, 3.804252e-01
1001, 7.429477e-01, 5.408209e-01
1002, 7.436283e-01, 8.388221e-01
1003, 7.436922e-01, 4.668239e-01
1004, 7.437853e-01, 2.193268e-01
1005, 7.441285e-01, 7.549734e-01
1006, 7.445404e-01, 7.608850e-01
1007, 7.447870e-01, 2.886499e-01
1008, 7.460716e-01, 5.872618e-01
1009, 7.465608e-01, 6.197078e-01
1010, 7.471825e-01, 2.572178e-01
1011, 7.473039e-01, 7.207599e-01
1012, 7.483267e-01, 2.834236e-01
1013, 7.483494e-01, 1.655516e-01
1014, 7.484118e-01, 2.235172e-01
1015, 7.488266e-01, 4.795008e-01
1016, 7.491745e-01, 5.090423e-01
1017, 7.498013e-01, 7.292843e-01
1018, 7.503039e-01, 6.653860e-01
1019, 7.510793e-01, 3.080033e-01
1020, 7.512179e-01, 7.683538e-01
1021, 7.521219e-01, 7.953069e-01
1022, 7.531098e-01, 5.308767e-01
1023, 7.556122e-01, 4.124070e-01
1024, 7.562617e-01, 3.118005e-01
1025, 7.564782e-01, 6.056250e-01
1026, 7.566909e-01, 1.915111e-01
1027, 7.567967e-01, 5.696627e-01
1028, 7.569365e-01, 6.943857e-01
1029, 7.575265e-01, 4.087925e-01
1030, 7.579725e-01, 8.199471e-01
1031, 7.579991e-01, 1.568015e-01
1032, 7.593333e-01, 6.552260e-01
1033, 7.593404e-01, 1.901217e-01
1034, 7.594338e-01, 6.931907e-01
1035, 7.596024e-01, 3.504432e-01
1036, 7.600823e-01, 4.427350e-01
1037, 7.623381e-01, 4.768006e-01
1038, 7.633169e-01, 4.388113e-01
1039, 7.649867e-01, 2.251958e-01
1040, 7.652060e-01, 6.022375e-01
1041, 7.659860e-01, 1.541870e-01
1042, 7.661367e-01, 3.495755e-01
1043, 7.665686e-01, 8.074953e-01
1044, 7.668122e-01, 4.043981e-01
1045, 7.679846e-01, 1.911708e-01
1046, 7.683557e-01, 2.825175e-01
1047, 7.691358e-01, 6.525009e-01
1048, 7.694304e-01, 4.366253e-01
1049, 7.706019e-01, 4.643742e-01
1050, 7.709111e-01, 5.852323e-01
1051, 7.709670e-01, 3.228738e-01
1052, 7.710354e-01, 6.875052e-01
1053, 7.713836e-01, 2.101637e-01
1054, 7.714727e-01, 7.278714e-01
1055, 7.718012e-01, 2.519739e-01
1056, 7.725015e-01, 3.819835e-01
1057, 7.727462e-01, 8.410953e-01
1058, 7.733560e-01, 7.121915e-01
1059, 7.742110e-01, 1.873321e-01
1060, 7.746682e-01, 3.343527e-01
1061, 7.749617e-01, 1.633543e-01
1062, 7.753870e-01, 7.767075e-01
1063, 7.765380e-01, 7.926224e-01
1064, 7.772265e-01, 6.328588e-01
1065, 7.776335e-01, 5.042738e-01
1066, 7.780531e-01, 2.886375e-01
1067, 7.791471e-01, 5.083896e-01
1068, 7.797335e-01, 2.472292e-01
1069, 7.797573e-01, 6.664295e-01
1070, 7.806764e-01, 4.985348e-01
1071, 7.833710e-01, 7.476310e-01
1072, 7.840175e-01, 6.125239e-01
1073, 7.840545e-01, 7.410995e-01
1074, 7.853523e-01, 7.651005e-01
1075, 7.853878e-01, 7.510210e-01
1076, 7.855303e-01, 7.129186e-01
1077, 7.872883e-01, 2.520201e-01
1078, 7.874020e-01, 5.417866e-01
1079, 7.874486e-01, 2.880220e-01
1080, 7.888529e-01, 5.881515e-01
1081, 7.890069e-01, 3.372581e-01
1082, 7.894831e-01, 8.430988e-01
1083, 7.897069e-01, 2.823679e-01
1084, 7.898224e-01, 4.679655e-01
1085, 7.916054e-01, 2.166636e-01
1086, 7.920678e-01, 6.016688e-01
1087, 7.924096e-01, 2.216539e-01
1088, 7.924629e-01, 3.830138e-01
1089, 7.934125e-01, 4.902869e-01
1090, 7.938736e-01, 7.922680e-01
1091, 7.939125e-01, 3.592396e-01
1092, 7.939260e-01, 7.290365e-01
1093, 7.939605e-01, 6.939014e-01
1094, 7.945277e-01, 1.578445e-01
1095, 7.949327e-01, 6.655503e-01
1096, 7.952879e-01, 1.551286e-01
1097, 7.955553e-01, 4.018803e-01
1098, 7.959823e-01, 4.456265e-01
1099, 7.962719e-01, 3.031321e-01
1100, 7.974431e-01, 4.776657e-01
1101, 8.003766e-01, 5.254367e-01
1102, 8.013698e-01, 6.505752e-01
1103, 8.014474e-01, 7.783067e-01
1104, 8.027985e-01, 1.901433e-01
1105, 8.029092e-01, 5.644204e-01
1106, 8.037266e-01, 5.673174e-01
1107, 8.037924e-01, 1.948043e-01
1108, 8.054121e-01, 4.331991e-01
1109, 8.057752e-01, 6.804511e-01
1110, 8.061079e-01, 8.185277e-01
1111, 8.063371e-01, 8.220868e-01
1112, 8.072590e-01, 5.629227e-01
1113, 8.076903e-01, 7.253734e-01
1114, 8.081691e-01, 8.155241e-01
1115, 8.081691e-01, 8.107633e-01
1116, 8.081849e-01, 3.278987e-01
1117, 8.083270e-01, 6.009038e-01
1118, 8.088278e-01, 7.778874e-01
1119, 8.093161e-01, 5.231464e-01
1120, 8.100066e-01, 3.103625e-01
1121, 8.112179e-01, 2.755829e-01
1122, 8.113614e-01, 4.730879e-01
1123, 8.127773e-01, 6.482640e-01
1124, 8.130706e-01, 3.559252e-01
1125, 8.136526e-01, 7.121984e-01
1126, 8.138147e-01, 8.352696e-01
1127, 8.145399e-01, 5.871166e-01
1128, 8.147801e-01, 4.072531e-01
1129, 8.156112e-01, 4.624435e-01
1130, 8.160638e-01, 2.271139e-01
1131, 8.165473e-01, 3.379798e-01
1132, 8.174358e-01, 4.145871e-01
1133, 8.175655e-01, 5.091908e-01
1134, 8.184140e-01, 5.395900e-01
1135, 8.192974e-01, 7.915666e-01
1136, 8.193321e-01, 2.129601e-01
1137, 8.216954e-01, 2.493352e-01
1138, 8.227651e-01, 2.897396e-01
1139, 8.229589e-01, 1.660086e-01
1140, 8.233940e-01, 6.232421e-01
1141, 8.241785e-01, 6.659324e-01
1142, 8.242169e-01, 6.631891e-01
1143, 8.246720e-01, 7.543092e-01
1144, 8.253189e-01, 6.270858e-01
1145, 8.262178e-01, 7.444689e-01
1146, 8.276333e-01, 7.528465e-01
1147, 8.277350e-01, 4.858724e-01
1148, 8.279390e-01, 3.736935e-01
1149, 8.285075e-01, 5.398238e-01
1150, 8.293892e-01, 6.296273e-01
1151, 8.302612e-01, 7.541963e-01
1152, 8.307822e-01, 5.041048e-01
1153, 8.310834e-01, 3.380035e-01
1154, 8.328516e-01, 4.566706e-01
1155, 8.337477e-01, 4.197810e-01
1156, 8.342776e-01, 5.055550e-01
1157, 8.344969e-01, 1.653565e-01
1158, 8.345758e-01, 2.104254e-01
1159, 8.346672e-01, 8.363631e-01
1160, 8.349491e-01, 7.896463e-01
1161, 8.351928e-01, 5.908659e-01
1162, 8.352519e-01, 2.845705e-01
1163, 8.367906e-01, 7.111224e-01
1164, 8.374614e-01, 2.792854e-01
1165, 8.382802e-01, 6.023487e-01
1166, 8.383603e-01, 6.490784e-01
1167, 8.390325e-01, 7.210471e-01
1168, 8.390457e-01, 4.741023e-01
1169, 8.392480e-01, 5.275155e-01
1170, 8.396171e-01, 7.757383e-01
1171, 8.403153e-01, 3.530264e-01
1172, 8.403304e-01, 1.543962e-01
1173, 8.415509e-01, 2.218564e-01
1174, 8.420191e-01, 4.035646e-01
1175, 8.433814e-01, 6.991381e-01
1176, 8.436398e-01, 6.901172e-01
1177, 8.446219e-01, 3.136510e-01
1178, 8.455726e-01, 6.865767e-01
1179, 8.456290e-01, 5.643297e-01
1180, 8.462384e-01, 5.726327e-01
1181, 8.462858e-01, 8.154039e-01
1182, 8.464880e-01, 8.195127e-01
1183, 8.475397e-01, 5.609760e-01
1184, 1.559201e-01, 1.935742e-01
1185, 1.551970e-01, 6.926291e-01
1186, 1.996892e-01, 6.860683e-01
1187, 1.717226e-01, 5.021942e-01
1188, 1.724847e-01, 7.520344e-01
1189, 1.936374e-01, 1.839022e-01
1190, 1.892833e-01, 3.058752e-01
1191, 2.185184e-01, 8.380005e-01
1192, 2.159824e-01, 6.294849e-01
1193, 2.428451e-01, 8.138726e-01
1194, 2.125865e-01, 5.030859e-01
1195, 2.393324e-01, 1.858867e-01
1196, 2.401843e-01, 6.874075e-01
1197, 2.156606e-01, 7.536463e-01
1198, 2.406970e-01, 5.650808e-01
1199, 2.606940e-01, 3.797824e-01
1200, 2.602128e-01, 6.338170e-01
1201, 2.803640e-01, 4.445636e-01
1202, 2.916491e-01, 2.803263e-01
1203, 2.852466e-01, 6.843937e-01
1204, 3.020099e-01, 4.665858e-01
1205, 2.976001e-01, 7.459808e-01
1206, 3.095068e-01, 6.227268e-01
1207, 3.294921e-01, 1.871268e-01
1208, 3.476015e-01, 3.801916e-01
1209, 3.701174e-01, 8.168572e-01
1210, 3.684013e-01, 1.860565e-01
1211, 3.917619e-01, 6.314274e-01
1212, 3.937537e-01, 6.262649e-01
1213, 4.141608e-01, 3.165584e-01
1214, 4.124572e-01, 1.943002e-01
1215, 4.477979e-01, 5.597511e-01
1216, 4.344736e-01, 6.245841e-01
1217, 4.629049e-01, 3.155818e-01
1218, 4.947027e-01, 6.871627e-01
1219, 4.778778e-01, 6.266317e-01
1220, 4.800045e-01, 7.529668e-01
1221, 4.764183e-01, 4.968996e-01
1222, 4.787510e-01, 5.042235e-01
1223, 5.015045e-01, 4.798370e-01
1224, 4.995599e-01, 3.127121e-01
1225, 4.927085e-01, 4.407714e-01
1226, 5.354882e-01, 3.105973e-01
1227, 5.244102e-01, 3.732445e-01
1228, 5.409535e-01, 1.894692e-01
1229, 5.208463e-01, 7.516125e-01
1230, 5.601525e-01, 7.540246e-01
1231, 5.436707e-01, 6.891558e-01
1232, 5.636786e-01, 2.573546e-01
1233, 5.423149e-01, 5.569003e-01
1234, 5.366745e-01, 4.370567e-01
1235, 5.838487e-01, 5.666285e-01
1236, 6.095139e-01, 6.276462e-01
1237, 5.896170e-01, 1.923289e-01
1238, 6.310438e-01, 6.924846e-01
1239, 6.268142e-01, 3.113604e-01
1240, 6.279719e-01, 1.821003e-01
1241, 6.584974e-01, 7.521505e-01
1242, 6.522082e-01, 5.035474e-01
1243, 6.549092e-01, 6.313805e-01
1244, 6.975192e-01, 5.380987e-01
1245, 7.205865e-01, 4.352289e-01
1246, 7.381377e-01, 3.402899e-01
1247, 7.201223e-01, 8.077338e-01
1248, 7.375306e-01, 5.002942e-01
1249, 7.410348e-01, 7.501766e-01
1250, 7.737481e-01, 5.392885e-01
1251, 7.847789e-01, 4.166598e-01
1252, 7.664303e-01, 8.166429e-01
1253, 7.615695e-01, 5.661585e-01
1254, 7.822888e-01, 3.743439e-01
1255, 7.842365e-01, 6.289374e-01
1256, 8.059409e-01, 4.399260e-01
1257, 8.048155e-01, 6.900265e-01
1258, 8.082499e-01, 1.815453e-01
1259, 8.276772e-01, 3.799290e-01
1260, 8.438625e-01, 4.386947e-01
1261, 8.475316e-01, 3.154079e-01
1262, 8.293184e-01, 2.508571e-01
1263, 1.500000e-01, 7.779957e-01
1264, 1.500000e-01, 5.552473e-01
1265, 1.500000e-01, 6.841008e-01
1266, 1.500000e-01, 6.951463e-01
1267, 1.500000e-01, 7.558641e-01
1268, 1.500000e-01, 7.270273e-01
1269, 1.500000e-01, 4.046720e-01
1270, 1.500000e-01, 3.549389e-01
1271, 1.500000e-01, 3.774930e-01
1272, 1.500000e-01, 3.146950e-01
1273, 1.500000e-01, 4.770039e-01
1274, 1.500000e-01, 1.988442e-01
1275, 1.500000e-01, 2.759421e-01
1276, 1.500000e-01, 1.529188e-01
1277, 1.500000e-01, 3.500548e-01
1278, 1.500000e-01, 3.180810e-01
1279, 1.500000e-01, 2.302314e-01
1280, 1.500000e-01, 2.478805e-01
1281, 1.500000e-01, 5.676100e-01
1282, 1.500000e-01, 5.969009e-01
1283, 1.500000e-01, 6.533545e-01
1284, 1.500000e-01, 6.277691e-01
1285, 1.500000e-01, 5.293022e-01
1286, 1.500000e-01, 5.056464e-01
1287, 1.629514e-01, 8.500000e-01
1288, 1.500000e-01, 4.302126e-01
1289, 1.573874e-01, 1.500000e-01
1290, 1.500000e-01, 8.034659e-01
1291, 1.873978e-01, 8.500000e-01
1292, 2.099785e-01, 8.500000e-01
1293, 2.099624e-01, 1.500000e-01
1294, 2.501955e-01, 8.500000e-01
1295, 2.749333e-01, 8.500000e-01
1296, 2.747594e-01, 1.500000e-01
1297, 2.951116e-01, 8.500000e-01
1298, 2.886661e-01, 1.500000e-01
1299, 3.150501e-01, 8.500000e-01
1300, 3.150721e-01, 1.500000e-01
1301, 3.305085e-01, 1.500000e-01
1302, 3.322785e-01, 8.500000e-01
1303, 3.308966e-01, 1.500000e-01
1304, 3.559075e-01, 8.500000e-01
1305, 3.569876e-01, 1.500000e-01
1306, 3.763868e-01, 8.500000e-01
1307, 3.755004e-01, 1.500000e-01
1308, 4.016344e-01, 8.500000e-01
1309, 3.994956e-01, 1.500000e-01
1310, 4.108718e-01, 8.500000e-01
1311, 4.208955e-01, 8.500000e-01
1312, 4.451995e-01, 8.500000e-01
1313, 4.499076e-01, 1.500000e-01
1314, 4.649364e-01, 8.500000e-01
1315, 4.687259e-01, 1.500000e-01
1316, 4.911048e-01, 8.500000e-01
1317, 4.908115e-01, 1.500000e-01
1318, 5.096870e-01, 1.500000e-01
1319, 5.068611e-01, 8.500000e-01
1320, 5.101882e-01, 1.500000e-01
1321, 5.344172e-01, 8.500000e-01
1322, 5.374656e-01, 1.500000e-01
1323, 5.497333e-01, 8.500000e-01
1324, 5.515708e-01, 1.500000e-01
1325, 5.852651e-01, 8.500000e-01
1326, 5.780847e-01, 1.500000e-01
1327, 5.861849e-01, 1.500000e-01
1328, 5.979234e-01, 1.500000e-01
1329, 5.906602e-01, 8.500000e-01
1330, 6.194921e-01, 8.500000e-01
1331, 6.182142e-01, 1.500000e-01
1332, 6.419634e-01, 8.500000e-01
1333, 6.364513e-01, 1.500000e-01
1334, 6.656536e-01, 1.500000e-01
1335, 6.726064e-01, 1.500000e-01
1336, 6.622176e-01, 8.500000e-01
1337, 6.827684e-01, 8.500000e-01
1338, 7.114891e-01, 8.500000e-01
1339, 7.072853e-01, 1.500000e-01
1340, 7.245520e-01, 1.500000e-01
1341, 7.211143e-01, 8.500000e-01
1342, 7.279570e-01, 8.500000e-01
1343, 7.265595e-01, 1.500000e-01
1344, 7.521500e-01, 1.500000e-01
1345, 7.671581e-01, 1.500000e-01
1346, 7.947859e-01, 8.500000e-01
1347, 7.934767e-01, 1.500000e-01
1348, 8.123759e-01, 1.500000e-01
1349, 8.121232e-01, 8.500000e-01
1350, 8.183805e-01, 1.500000e-01
1351, 8.500000e-01, 7.263875e-01
1352, 8.500000e-01, 1.812796e-01
1353, 8.500000e-01, 4.047493e-01
1354, 8.500000e-01, 4.747484e-01
1355, 8.500000e-01, 5.036413e-01
1356, 8.500000e-01, 6.041249e-01
1357, 8.500000e-01, 6.533828e-01
1358, 8.500000e-01, 6.284772e-01
1359, 8.500000e-01, 7.489944e-01
1360, 8.500000e-01, 7.759183e-01
1361, 8.371728e-01, 8.500000e-01
1362, 8.500000e-01, 2.788360e-01
1363, 8.381277e-01, 1.500000e-01
1364, 8.500000e-01, 1.527845e-01
1365, 8.500000e-01, 5.337258e-01
1366, 8.500000e-01, 2.215835e-01
1367, 8.500000e-01, 2.492374e-01
1368, 8.500000e-01, 3.776694e-01
1369, 8.500000e-01, 3.515968e-01
1370, 8.500000e-01, 8.249414e-01
1371, 8.500000e-01, 7.036579e-01
1372, 8.500000e-01, 5.761014e-01
1373, 8.500000e-01, 5.590467e-01
1374, 8.500000e-01, 4.295729e-01
1375, 8.500000e-01, 8.091672e-01
1376, 8.500000e-01, 3.139875e-01
1377, 8.500000e-01, 3.191495e-01
1378, 8.500000e-01, 4.434883e-01
1379, 1.503703e-01, 6.555265e-01
1380, 1.507093e-01, 1.948563e-01
1381, 1.501808e-01, 4.411481e-01
1382, 1.501421e-01, 8.194407e-01
1383, 1.865988e-01, 1.507739e-01
1384, 2.329106e-01, 8.492677e-01
1385, 2.333791e-01, 1.501786e-01
1386, 2.484022e-01, 1.503534e-01
1387, 4.194835e-01, 1.504045e-01
1388, 5.784959e-01, 8.497720e-01
1389, 6.757131e-01, 1.504045e-01
1390, 7.600937e-01, 8.499877e-01
1391, 7.685000e-01, 8.494679e-01
1392, 8.499237e-01, 6.838013e-01
1393, 8.492750e-01, 8.114006e-01
1394, 8.499313e-01, 1.916386e-01
1395, 8.491412e-01, 4.404034e-01
