1, 1.516738e-01, 2.063941e-01
2, 1.524007e-01, 7.002413e-01
3, 1.524929e-01, 3.717026e-01
4, 1.529367e-01, 2.676500e-01
5, 1.553528e-01, 1.878426e-01
6, 1.554068e-01, 3.152916e-01
7, 1.555064e-01, 2.723204e-01
8, 1.568240e-01, 5.401437e-01
9, 1.574511e-01, 2.388295e-01
10, 1.576255e-01, 3.998029e-01
11, 1.578563e-01, 4.206142e-01
12, 1.584702e-01, 6.693224e-01
13, 1.587296e-01, 4.730179e-01
14, 1.587682e-01, 7.877297e-01
15, 1.590146e-01, 8.255708e-01
16, 1.590761e-01, 7.688796e-01
17, 1.590959e-01, 8.135032e-01
18, 1.599621e-01, 2.434300e-01
19, 1.604322e-01, 3.084830e-01
20, 1.606752e-01, 5.901026e-01
21, 1.607267e-01, 5.585915e-01
22, 1.611638e-01, 3.432736e-01
23, 1.624268e-01, 5.507350e-01
24, 1.625243e-01, 5.929116e-01
25, 1.628101e-01, 2.081194e-01
26, 1.630126e-01, 6.146924e-01
27, 1.630357e-01, 1.608452e-01
28, 1.637815e-01, 5.210767e-01
29, 1.642328e-01, 4.410084e-01
30, 1.646491e-01, 6.712007e-01
31, 1.647667e-01, 3.327140e-01
32, 1.649250e-01, 3.688467e-01
33, 1.660798e-01, 4.083799e-01
34, 1.667185e-01, 1.900093e-01
35, 1.670850e-01, 5.197320e-01
36, 1.679405e-01, 6.957463e-01
37, 1.682748e-01, 2.755924e-01
38, 1.695585e-01, 8.108616e-01
39, 1.697134e-01, 5.720415e-01
40, 1.699692e-01, 2.202735e-01
41, 1.702118e-01, 3.064484e-01
42, 1.703322e-01, 7.169973e-01
43, 1.711525e-01, 3.545523e-01
44, 1.715617e-01, 6.850940e-01
45, 1.726464e-01, 8.283018e-01
46, 1.727551e-01, 6.465891e-01
47, 1.729037e-01, 1.645534e-01
48, 1.729738e-01, 4.914173e-01
49, 1.733154e-01, 4.694223e-01
50, 1.735169e-01, 7.639754e-01
51, 1.735201e-01, 7.411504e-01
52, 1.738312e-01, 7.939962e-01
53, 1.739475e-01, 6.191423e-01
54, 1.742633e-01, 7.040283e-01
55, 1.752218e-01, 8.176122e-01
56, 1.752309e-01, 8.013435e-01
57, 1.758882e-01, 7.610380e-01
58, 1.762124e-01, 8.348945e-01
59, 1.774885e-01, 4.561494e-01
60, 1.775079e-01, 5.024704e-01
61, 1.776030e-01, 1.844678e-01
62, 1.788428e-01, 7.322893e-01
63, 1.791304e-01, 6.280172e-01
64, 1.792301e-01, 1.793963e-01
65, 1.796486e-01, 3.557167e-01
66, 1.799534e-01, 3.126756e-01
67, 1.800137e-01, 4.033343e-01
68, 1.800900e-01, 6.573884e-01
69, 1.802730e-01, 3.942495e-01
70, 1.804521e-01, 4.808583e-01
71, 1.810862e-01, 7.840610e-01
72, 1.816924e-01, 3.814872e-01
73, 1.820888e-01, 3.234104e-01
74, 1.836315e-01, 5.701271e-01
75, 1.838271e-01, 3.875097e-01
76, 1.844777e-01, 5.986390e-01
77, 1.854550e-01, 2.655551e-01
78, 1.858299e-01, 8.102658e-01
79, 1.860570e-01, 4.380727e-01
80, 1.863019e-01, 5.533794e-01
81, 1.864505e-01, 2.457481e-01
82, 1.867835e-01, 3.633259e-01
83, 1.873061e-01, 5.238133e-01
84, 1.876928e-01, 6.067521e-01
85, 1.890863e-01, 3.009748e-01
86, 1.891098e-01, 2.500132e-01
87, 1.904607e-01, 6.991586e-01
88, 1.907599e-01, 6.085918e-01
89, 1.908033e-01, 6.863595e-01
90, 1.910041e-01, 4.485089e-01
91, 1.911714e-01, 2.238516e-01
92, 1.921437e-01, 3.287613e-01
93, 1.923721e-01, 6.669056e-01
94, 1.929417e-01, 6.270741e-01
95, 1.930496e-01, 5.038438e-01
96, 1.938694e-01, 3.498727e-01
97, 1.939636e-01, 5.796309e-01
98, 1.941026e-01, 2.764586e-01
99, 1.941547e-01, 4.194649e-01
100, 1.945573e-01, 4.841491e-01
101, 1.947102e-01, 6.815526e-01
102, 1.959967e-01, 3.583487e-01
103, 1.961731e-01, 7.288272e-01
104, 1.962522e-01, 1.968170e-01
105, 1.964539e-01, 3.432237e-01
106, 1.964999e-01, 5.084399e-01
107, 1.978438e-01, 6.303825e-01
108, 1.979460e-01, 2.187383e-01
109, 1.986697e-01, 1.724494e-01
110, 1.987014e-01, 8.378058e-01
111, 1.989291e-01, 1.537643e-01
112, 1.995255e-01, 6.497718e-01
113, 1.998099e-01, 7.649177e-01
114, 2.016721e-01, 8.483132e-01
115, 2.021648e-01, 8.317819e-01
116, 2.023506e-01, 7.119630e-01
117, 2.030314e-01, 7.828906e-01
118, 2.033182e-01, 4.523529e-01
119, 2.046971e-01, 6.539977e-01
120, 2.050200e-01, 4.188209e-01
121, 2.054787e-01, 2.544884e-01
122, 2.054932e-01, 4.774016e-01
123, 2.064918e-01, 7.571672e-01
124, 2.070626e-01, 7.388304e-01
125, 2.071884e-01, 4.498215e-01
126, 2.072817e-01, 5.791859e-01
127, 2.081067e-01, 3.209838e-01
128, 2.091486e-01, 3.671637e-01
129, 2.092620e-01, 3.850235e-01
130, 2.101643e-01, 3.077350e-01
131, 2.109980e-01, 1.836745e-01
132, 2.118625e-01, 2.741521e-01
133, 2.121378e-01, 5.101702e-01
134, 2.123741e-01, 6.052941e-01
135, 2.129351e-01, 2.212490e-01
136, 2.129376e-01, 5.863179e-01
137, 2.129978e-01, 6.266473e-01
138, 2.138716e-01, 6.548762e-01
139, 2.141038e-01, 5.611137e-01
140, 2.144451e-01, 7.088229e-01
141, 2.144491e-01, 6.073918e-01
142, 2.145098e-01, 3.900279e-01
143, 2.146909e-01, 3.040852e-01
144, 2.147619e-01, 4.355112e-01
145, 2.162655e-01, 6.807155e-01
146, 2.166152e-01, 4.069935e-01
147, 2.167480e-01, 2.817981e-01
148, 2.167491e-01, 3.347368e-01
149, 2.170695e-01, 1.837457e-01
150, 2.175983e-01, 8.055234e-01
151, 2.176498e-01, 4.828574e-01
152, 2.179876e-01, 7.872301e-01
153, 2.189977e-01, 6.616847e-01
154, 2.207789e-01, 7.366367e-01
155, 2.208891e-01, 2.412604e-01
156, 2.218187e-01, 1.796100e-01
157, 2.224123e-01, 5.002747e-01
158, 2.227835e-01, 6.864627e-01
159, 2.228540e-01, 6.361222e-01
160, 2.232585e-01, 3.376037e-01
161, 2.234151e-01, 2.142374e-01
162, 2.248172e-01, 1.572439e-01
163, 2.262270e-01, 1.991278e-01
164, 2.263165e-01, 7.578851e-01
165, 2.268274e-01, 2.429500e-01
166, 2.273320e-01, 7.229418e-01
167, 2.273956e-01, 3.523800e-01
168, 2.279977e-01, 7.827144e-01
169, 2.283841e-01, 4.348766e-01
170, 2.285035e-01, 8.281715e-01
171, 2.297725e-01, 5.539298e-01
172, 2.303168e-01, 6.645977e-01
173, 2.303404e-01, 4.497180e-01
174, 2.304733e-01, 7.487614e-01
175, 2.307916e-01, 4.133148e-01
176, 2.309599e-01, 6.840799e-01
177, 2.313755e-01, 3.069001e-01
178, 2.316677e-01, 8.171642e-01
179, 2.323490e-01, 8.214365e-01
180, 2.324594e-01, 7.697000e-01
181, 2.329401e-01, 2.651283e-01
182, 2.338502e-01, 2.810797e-01
183, 2.340046e-01, 4.279901e-01
184, 2.351909e-01, 2.392236e-01
185, 2.358229e-01, 5.888286e-01
186, 2.360940e-01, 2.598887e-01
187, 2.385485e-01, 6.036559e-01
188, 2.390590e-01, 5.576955e-01
189, 2.391168e-01, 3.258793e-01
190, 2.397632e-01, 6.341332e-01
191, 2.398680e-01, 3.869397e-01
192, 2.400184e-01, 5.029100e-01
193, 2.402477e-01, 2.229121e-01
194, 2.411886e-01, 4.718205e-01
195, 2.414760e-01, 6.000626e-01
196, 2.415196e-01, 6.314587e-01
197, 2.416523e-01, 4.040407e-01
198, 2.420126e-01, 5.230083e-01
199, 2.423908e-01, 3.848893e-01
200, 2.430510e-01, 3.597183e-01
201, 2.431167e-01, 5.657361e-01
202, 2.433094e-01, 4.620509e-01
203, 2.441440e-01, 6.873013e-01
204, 2.448017e-01, 1.524307e-01
205, 2.448458e-01, 2.980093e-01
206, 2.448919e-01, 4.796305e-01
207, 2.449798e-01, 2.908641e-01
208, 2.451879e-01, 6.565844e-01
209, 2.452161e-01, 1.837403e-01
210, 2.454703e-01, 3.588665e-01
211, 2.458805e-01, 2.211192e-01
212, 2.461508e-01, 3.258466e-01
213, 2.465621e-01, 7.225114e-01
214, 2.466226e-01, 1.921648e-01
215, 2.466718e-01, 7.998574e-01
216, 2.467087e-01, 7.972842e-01
217, 2.470196e-01, 6.515629e-01
218, 2.476510e-01, 7.464952e-01
219, 2.480373e-01, 7.643744e-01
220, 2.483391e-01, 1.541036e-01
221, 2.488746e-01, 3.021143e-01
222, 2.499925e-01, 3.285966e-01
223, 2.502193e-01, 6.007487e-01
224, 2.514316e-01, 3.868121e-01
225, 2.518783e-01, 2.537033e-01
226, 2.521986e-01, 1.731541e-01
227, 2.524031e-01, 8.231910e-01
228, 2.527735e-01, 5.290163e-01
229, 2.532817e-01, 7.406825e-01
230, 2.533332e-01, 6.979290e-01
231, 2.545370e-01, 3.451178e-01
232, 2.546673e-01, 7.109225e-01
233, 2.551533e-01, 5.424238e-01
234, 2.551752e-01, 4.311790e-01
235, 2.554827e-01, 4.045454e-01
236, 2.558804e-01, 2.011860e-01
237, 2.570972e-01, 6.759192e-01
238, 2.571278e-01, 4.387847e-01
239, 2.571425e-01, 8.104331e-01
240, 2.577789e-01, 2.539412e-01
241, 2.579501e-01, 6.705659e-01
242, 2.584875e-01, 8.450385e-01
243, 2.589128e-01, 2.277964e-01
244, 2.593340e-01, 7.715175e-01
245, 2.597000e-01, 2.552987e-01
246, 2.607593e-01, 8.344708e-01
247, 2.607918e-01, 7.866331e-01
248, 2.620611e-01, 4.097233e-01
249, 2.621540e-01, 6.525084e-01
250, 2.632941e-01, 3.658070e-01
251, 2.633368e-01, 4.880024e-01
252, 2.635585e-01, 4.183526e-01
253, 2.636958e-01, 2.790816e-01
254, 2.638539e-01, 2.023828e-01
255, 2.644320e-01, 6.869820e-01
256, 2.648268e-01, 4.996959e-01
257, 2.649047e-01, 5.254138e-01
258, 2.652426e-01, 3.771850e-01
259, 2.653150e-01, 6.221002e-01
260, 2.657023e-01, 4.607274e-01
261, 2.658556e-01, 6.637277e-01
262, 2.660538e-01, 7.882538e-01
263, 2.664516e-01, 7.419504e-01
264, 2.667829e-01, 5.889143e-01
265, 2.674389e-01, 2.212092e-01
266, 2.675615e-01, 5.438542e-01
267, 2.678053e-01, 3.010312e-01
268, 2.688401e-01, 6.230470e-01
269, 2.699396e-01, 2.832480e-01
270, 2.700774e-01, 5.044160e-01
271, 2.701499e-01, 4.494273e-01
272, 2.706331e-01, 3.477716e-01
273, 2.708414e-01, 7.664340e-01
274, 2.711378e-01, 1.731627e-01
275, 2.716472e-01, 6.419215e-01
276, 2.721899e-01, 5.326809e-01
277, 2.722764e-01, 8.067608e-01
278, 2.729038e-01, 3.533042e-01
279, 2.732158e-01, 6.217289e-01
280, 2.743736e-01, 7.574425e-01
281, 2.748603e-01, 4.754433e-01
282, 2.755661e-01, 5.590733e-01
283, 2.767550e-01, 1.540801e-01
284, 2.770156e-01, 7.794511e-01
285, 2.773787e-01, 7.316284e-01
286, 2.774537e-01, 1.660615e-01
287, 2.781655e-01, 3.838444e-01
288, 2.782771e-01, 7.188333e-01
289, 2.785681e-01, 5.041168e-01
290, 2.789858e-01, 3.128583e-01
291, 2.799153e-01, 6.151954e-01
292, 2.806421e-01, 5.983567e-01
293, 2.810507e-01, 3.926928e-01
294, 2.812634e-01, 7.160489e-01
295, 2.820780e-01, 8.118776e-01
296, 2.826039e-01, 4.445441e-01
297, 2.828729e-01, 6.069477e-01
298, 2.846073e-01, 6.878729e-01
299, 2.851771e-01, 2.816799e-01
300, 2.851903e-01, 2.245705e-01
301, 2.855708e-01, 6.661696e-01
302, 2.857175e-01, 8.288166e-01
303, 2.858409e-01, 5.292053e-01
304, 2.867872e-01, 6.444002e-01
305, 2.868091e-01, 5.831888e-01
306, 2.869162e-01, 3.582816e-01
307, 2.870435e-01, 2.507152e-01
308, 2.872599e-01, 6.976853e-01
309, 2.879951e-01, 8.311069e-01
310, 2.884802e-01, 6.423415e-01
311, 2.896880e-01, 4.293000e-01
312, 2.898304e-01, 5.155607e-01
313, 2.906284e-01, 2.525809e-01
314, 2.909332e-01, 3.717926e-01
315, 2.915094e-01, 6.741291e-01
316, 2.915605e-01, 7.828919e-01
317, 2.922259e-01, 4.284425e-01
318, 2.936236e-01, 8.325675e-01
319, 2.937608e-01, 2.677634e-01
320, 2.943914e-01, 4.517893e-01
321, 2.948797e-01, 1.799094e-01
322, 2.952742e-01, 7.995964e-01
323, 2.954196e-01, 3.981018e-01
324, 2.957564e-01, 2.920894e-01
325, 2.962992e-01, 7.538174e-01
326, 2.967998e-01, 3.544102e-01
327, 2.968758e-01, 7.430553e-01
328, 2.975054e-01, 3.316403e-01
329, 2.975119e-01, 3.015834e-01
330, 2.976661e-01, 4.199264e-01
331, 2.978525e-01, 5.566329e-01
332, 2.979032e-01, 7.501818e-01
333, 2.979682e-01, 2.490818e-01
334, 2.983793e-01, 3.964937e-01
335, 2.987112e-01, 6.172446e-01
336, 2.994185e-01, 4.707137e-01
337, 3.000887e-01, 4.826741e-01
338, 3.007754e-01, 6.127163e-01
339, 3.019817e-01, 5.453992e-01
340, 3.020237e-01, 7.127174e-01
341, 3.022056e-01, 3.417645e-01
342, 3.026663e-01, 6.371411e-01
343, 3.030866e-01, 7.101827e-01
344, 3.032210e-01, 3.734977e-01
345, 3.032750e-01, 7.719916e-01
346, 3.033238e-01, 5.769139e-01
347, 3.043983e-01, 4.446811e-01
348, 3.045430e-01, 5.727650e-01
349, 3.046171e-01, 7.367237e-01
350, 3.053481e-01, 3.640651e-01
351, 3.058597e-01, 1.808363e-01
352, 3.060005e-01, 2.356062e-01
353, 3.064875e-01, 2.749318e-01
354, 3.080416e-01, 7.235752e-01
355, 3.081455e-01, 3.827261e-01
356, 3.084626e-01, 1.837037e-01
357, 3.094708e-01, 1.923709e-01
358, 3.095268e-01, 8.021913e-01
359, 3.097938e-01, 4.614317e-01
360, 3.101151e-01, 3.105259e-01
361, 3.104144e-01, 3.836673e-01
362, 3.116154e-01, 7.741220e-01
363, 3.116795e-01, 5.091799e-01
364, 3.118779e-01, 3.998604e-01
365, 3.118879e-01, 7.071393e-01
366, 3.127043e-01, 2.503064e-01
367, 3.130179e-01, 3.105273e-01
368, 3.131843e-01, 8.227769e-01
369, 3.139975e-01, 6.722871e-01
370, 3.144613e-01, 7.450182e-01
371, 3.145501e-01, 6.040840e-01
372, 3.146145e-01, 1.595528e-01
373, 3.157166e-01, 5.956490e-01
374, 3.157391e-01, 8.139052e-01
375, 3.161395e-01, 6.423284e-01
376, 3.166131e-01, 5.378818e-01
377, 3.167844e-01, 2.385976e-01
378, 3.169533e-01, 5.158633e-01
379, 3.170444e-01, 7.921273e-01
380, 3.188410e-01, 6.632887e-01
381, 3.196031e-01, 7.209343e-01
382, 3.204013e-01, 7.457902e-01
383, 3.212482e-01, 4.131209e-01
384, 3.217117e-01, 3.472847e-01
385, 3.224843e-01, 3.523267e-01
386, 3.226186e-01, 6.374821e-01
387, 3.229944e-01, 4.900991e-01
388, 3.232727e-01, 7.663208e-01
389, 3.237611e-01, 2.708893e-01
390, 3.240794e-01, 4.611647e-01
391, 3.243960e-01, 6.897061e-01
392, 3.253735e-01, 4.389447e-01
393, 3.256233e-01, 7.523796e-01
394, 3.259047e-01, 7.238444e-01
395, 3.262544e-01, 4.888690e-01
396, 3.263081e-01, 2.718011e-01
397, 3.270070e-01, 2.328902e-01
398, 3.277502e-01, 6.166615e-01
399, 3.285118e-01, 3.243129e-01
400, 3.293039e-01, 4.296867e-01
401, 3.301112e-01, 4.505467e-01
402, 3.301842e-01, 3.355188e-01
403, 3.302799e-01, 6.911784e-01
404, 3.305412e-01, 2.187872e-01
405, 3.308585e-01, 5.871335e-01
406, 3.311247e-01, 3.785127e-01
407, 3.318756e-01, 8.387055e-01
408, 3.327926e-01, 2.961294e-01
409, 3.329146e-01, 5.690820e-01
410, 3.333674e-01, 3.614093e-01
411, 3.337677e-01, 2.936872e-01
412, 3.346373e-01, 5.438346e-01
413, 3.346968e-01, 4.727876e-01
414, 3.350116e-01, 7.957490e-01
415, 3.354100e-01, 1.773014e-01
416, 3.360807e-01, 1.631012e-01
417, 3.371392e-01, 8.056822e-01
418, 3.372246e-01, 7.705264e-01
419, 3.384410e-01, 5.492766e-01
420, 3.384837e-01, 1.717696e-01
421, 3.393601e-01, 1.931950e-01
422, 3.397174e-01, 2.639671e-01
423, 3.399619e-01, 1.536510e-01
424, 3.400038e-01, 4.718700e-01
425, 3.402627e-01, 3.346549e-01
426, 3.405253e-01, 7.178847e-01
427, 3.414397e-01, 7.560049e-01
428, 3.415266e-01, 4.029898e-01
429, 3.419110e-01, 8.359698e-01
430, 3.423643e-01, 8.096677e-01
431, 3.423712e-01, 3.189351e-01
432, 3.427298e-01, 2.414707e-01
433, 3.427800e-01, 7.099642e-01
434, 3.428632e-01, 4.963957e-01
435, 3.434153e-01, 7.810202e-01
436, 3.434650e-01, 5.918866e-01
437, 3.448226e-01, 3.888080e-01
438, 3.450557e-01, 6.144814e-01
439, 3.455380e-01, 3.911293e-01
440, 3.461693e-01, 2.489974e-01
441, 3.462387e-01, 8.290246e-01
442, 3.477685e-01, 3.587234e-01
443, 3.483556e-01, 7.531624e-01
444, 3.484874e-01, 6.096502e-01
445, 3.486242e-01, 4.567278e-01
446, 3.492524e-01, 2.234199e-01
447, 3.500088e-01, 4.896368e-01
448, 3.507491e-01, 6.624989e-01
449, 3.507517e-01, 3.450610e-01
450, 3.515364e-01, 4.271034e-01
451, 3.516899e-01, 6.400311e-01
452, 3.517394e-01, 5.807965e-01
453, 3.518031e-01, 4.549391e-01
454, 3.525837e-01, 4.212724e-01
455, 3.535095e-01, 6.681067e-01
456, 3.536920e-01, 6.418817e-01
457, 3.546700e-01, 1.952263e-01
458, 3.547779e-01, 4.319317e-01
459, 3.549474e-01, 5.499408e-01
460, 3.553480e-01, 2.208792e-01
461, 3.555386e-01, 7.803414e-01
462, 3.557473e-01, 1.767343e-01
463, 3.559632e-01, 7.326587e-01
464, 3.561959e-01, 3.681591e-01
465, 3.563894e-01, 2.911860e-01
466, 3.582666e-01, 2.721967e-01
467, 3.590615e-01, 5.792676e-01
468, 3.595566e-01, 2.012333e-01
469, 3.596008e-01, 2.863116e-01
470, 3.597665e-01, 6.401948e-01
471, 3.621198e-01, 3.128783e-01
472, 3.629521e-01, 5.192615e-01
473, 3.635228e-01, 7.317045e-01
474, 3.641470e-01, 5.661437e-01
475, 3.642628e-01, 4.911268e-01
476, 3.643250e-01, 5.447624e-01
477, 3.648215e-01, 7.058747e-01
478, 3.652735e-01, 2.671573e-01
479, 3.660018e-01, 7.624875e-01
480, 3.662996e-01, 3.395610e-01
481, 3.663571e-01, 8.041501e-01
482, 3.666571e-01, 3.949167e-01
483, 3.670954e-01, 6.752408e-01
484, 3.671972e-01, 1.535206e-01
485, 3.676248e-01, 7.953407e-01
486, 3.677749e-01, 8.270607e-01
487, 3.679534e-01, 1.692668e-01
488, 3.683760e-01, 2.518822e-01
489, 3.696063e-01, 7.258474e-01
490, 3.696124e-01, 5.633665e-01
491, 3.697447e-01, 6.052843e-01
492, 3.697461e-01, 2.272153e-01
493, 3.701425e-01, 6.990906e-01
494, 3.702313e-01, 2.504081e-01
495, 3.705929e-01, 5.031815e-01
496, 3.711799e-01, 3.177900e-01
497, 3.715577e-01, 5.321924e-01
498, 3.718287e-01, 3.201363e-01
499, 3.718529e-01, 4.096895e-01
500, 3.720790e-01, 4.611647e-01
501, 3.721916e-01, 8.450327e-01
502, 3.722805e-01, 5.906789e-01
503, 3.729580e-01, 6.088938e-01
504, 3.740871e-01, 6.279240e-01
505, 3.746747e-01, 3.691837e-01
506, 3.751019e-01, 8.172549e-01
507, 3.755419e-01, 7.596081e-01
508, 3.756326e-01, 2.805502e-01
509, 3.757098e-01, 3.883890e-01
510, 3.757548e-01, 4.105113e-01
511, 3.758640e-01, 4.334846e-01
512, 3.768592e-01, 4.752990e-01
513, 3.771945e-01, 2.031885e-01
514, 3.781249e-01, 3.803739e-01
515, 3.792043e-01, 6.438090e-01
516, 3.797822e-01, 7.533424e-01
517, 3.805764e-01, 2.074052e-01
518, 3.807246e-01, 2.189167e-01
519, 3.816178e-01, 6.707288e-01
520, 3.817886e-01, 3.512337e-01
521, 3.818816e-01, 4.236266e-01
522, 3.818900e-01, 1.732709e-01
523, 3.820053e-01, 7.281903e-01
524, 3.820588e-01, 3.586401e-01
525, 3.828100e-01, 3.998776e-01
526, 3.830922e-01, 4.769323e-01
527, 3.836153e-01, 4.499938e-01
528, 3.836881e-01, 7.509365e-01
529, 3.841595e-01, 8.180505e-01
530, 3.843150e-01, 5.310810e-01
531, 3.849515e-01, 7.849636e-01
532, 3.856964e-01, 2.829332e-01
533, 3.857372e-01, 5.025059e-01
534, 3.861769e-01, 6.342626e-01
535, 3.866372e-01, 6.571914e-01
536, 3.868510e-01, 5.833791e-01
537, 3.875742e-01, 1.915905e-01
538, 3.877298e-01, 4.504346e-01
539, 3.884741e-01, 1.536974e-01
540, 3.903103e-01, 3.038801e-01
541, 3.903879e-01, 2.540484e-01
542, 3.905195e-01, 1.649928e-01
543, 3.910994e-01, 3.362180e-01
544, 3.914557e-01, 4.905343e-01
545, 3.916329e-01, 7.004354e-01
546, 3.922785e-01, 2.914032e-01
547, 3.929538e-01, 5.112466e-01
548, 3.937258e-01, 8.412988e-01
549, 3.938531e-01, 1.952653e-01
550, 3.944042e-01, 2.636863e-01
551, 3.960451e-01, 6.115363e-01
552, 3.962938e-01, 7.183953e-01
553, 3.969881e-01, 3.856618e-01
554, 3.971173e-01, 6.812942e-01
555, 3.971349e-01, 7.503857e-01
556, 3.973098e-01, 4.678062e-01
557, 3.974787e-01, 1.952674e-01
558, 3.978722e-01, 6.152380e-01
559, 3.985735e-01, 8.084157e-01
560, 3.990980e-01, 5.992677e-01
561, 3.994155e-01, 3.961000e-01
562, 3.994168e-01, 5.401221e-01
563, 3.995012e-01, 6.889667e-01
564, 4.006192e-01, 6.510575e-01
565, 4.013692e-01, 3.320819e-01
566, 4.020841e-01, 2.284501e-01
567, 4.028232e-01, 5.508182e-01
568, 4.028789e-01, 7.928914e-01
569, 4.030336e-01, 4.268731e-01
570, 4.030830e-01, 2.371644e-01
571, 4.037590e-01, 8.412623e-01
572, 4.038055e-01, 3.195774e-01
573, 4.038752e-01, 7.215562e-01
574, 4.041049e-01, 4.888499e-01
575, 4.054578e-01, 7.914553e-01
576, 4.066447e-01, 4.011547e-01
577, 4.071184e-01, 3.697623e-01
578, 4.072083e-01, 4.320341e-01
579, 4.073598e-01, 4.717442e-01
580, 4.081705e-01, 5.730992e-01
581, 4.083332e-01, 7.353311e-01
582, 4.091867e-01, 1.821989e-01
583, 4.095079e-01, 4.770599e-01
584, 4.099198e-01, 6.533641e-01
585, 4.102192e-01, 5.095871e-01
586, 4.116386e-01, 5.564088e-01
587, 4.121557e-01, 7.623028e-01
588, 4.126623e-01, 6.587851e-01
589, 4.131098e-01, 3.681751e-01
590, 4.138044e-01, 2.846010e-01
591, 4.138683e-01, 6.926807e-01
592, 4.139438e-01, 7.729616e-01
593, 4.144382e-01, 2.165573e-01
594, 4.145303e-01, 2.716315e-01
595, 4.154980e-01, 2.100460e-01
596, 4.163605e-01, 2.766016e-01
597, 4.166139e-01, 5.141034e-01
598, 4.167823e-01, 4.001155e-01
599, 4.170520e-01, 5.240046e-01
600, 4.182704e-01, 3.414283e-01
601, 4.184897e-01, 6.207790e-01
602, 4.187852e-01, 1.537564e-01
603, 4.194407e-01, 1.628706e-01
604, 4.201276e-01, 2.062998e-01
605, 4.202653e-01, 4.347158e-01
606, 4.205974e-01, 1.854032e-01
607, 4.206608e-01, 3.142143e-01
608, 4.208243e-01, 7.111631e-01
609, 4.210568e-01, 6.368265e-01
610, 4.215199e-01, 3.497838e-01
611, 4.216952e-01, 2.432461e-01
612, 4.219281e-01, 6.635058e-01
613, 4.221191e-01, 7.581976e-01
614, 4.230286e-01, 8.313436e-01
615, 4.232316e-01, 4.574885e-01
616, 4.232810e-01, 5.902465e-01
617, 4.238095e-01, 3.928114e-01
618, 4.243157e-01, 2.590513e-01
619, 4.249217e-01, 3.806410e-01
620, 4.256205e-01, 3.028968e-01
621, 4.256680e-01, 8.489750e-01
622, 4.268186e-01, 4.439156e-01
623, 4.275290e-01, 6.814870e-01
624, 4.276880e-01, 4.196944e-01
625, 4.278281e-01, 7.702226e-01
626, 4.289829e-01, 7.413207e-01
627, 4.290888e-01, 6.103972e-01
628, 4.293204e-01, 7.969739e-01
629, 4.293303e-01, 3.262405e-01
630, 4.303183e-01, 7.143853e-01
631, 4.307847e-01, 2.348486e-01
632, 4.308598e-01, 5.843751e-01
633, 4.316606e-01, 7.398439e-01
634, 4.317848e-01, 4.755266e-01
635, 4.324337e-01, 1.743629e-01
636, 4.325501e-01, 8.128260e-01
637, 4.355945e-01, 2.639901e-01
638, 4.358401e-01, 5.512499e-01
639, 4.358814e-01, 7.910699e-01
640, 4.360773e-01, 7.746534e-01
641, 4.361261e-01, 4.777242e-01
642, 4.361385e-01, 2.668314e-01
643, 4.369645e-01, 5.422450e-01
644, 4.374403e-01, 2.349148e-01
645, 4.377930e-01, 5.471370e-01
646, 4.388750e-01, 3.947691e-01
647, 4.388815e-01, 6.580698e-01
648, 4.390993e-01, 3.794143e-01
649, 4.394340e-01, 5.647592e-01
650, 4.411042e-01, 6.411574e-01
651, 4.418500e-01, 7.093427e-01
652, 4.422792e-01, 6.847358e-01
653, 4.428201e-01, 1.733146e-01
654, 4.434912e-01, 4.456012e-01
655, 4.438608e-01, 2.088804e-01
656, 4.443080e-01, 6.152576e-01
657, 4.445686e-01, 2.281619e-01
658, 4.447536e-01, 6.831209e-01
659, 4.449296e-01, 2.485856e-01
660, 4.456538e-01, 6.375672e-01
661, 4.457550e-01, 7.713760e-01
662, 4.459385e-01, 3.251281e-01
663, 4.462719e-01, 3.042827e-01
664, 4.465174e-01, 6.647436e-01
665, 4.468870e-01, 3.526270e-01
666, 4.469218e-01, 8.201337e-01
667, 4.471445e-01, 1.564035e-01
668, 4.474954e-01, 8.281724e-01
669, 4.478304e-01, 6.208782e-01
670, 4.486202e-01, 3.280400e-01
671, 4.491911e-01, 5.252778e-01
672, 4.497312e-01, 3.690214e-01
673, 4.503619e-01, 5.846379e-01
674, 4.504088e-01, 4.101452e-01
675, 4.504196e-01, 3.568940e-01
676, 4.515491e-01, 4.666589e-01
677, 4.515951e-01, 2.020727e-01
678, 4.520437e-01, 7.931878e-01
679, 4.525420e-01, 7.133132e-01
680, 4.525553e-01, 1.815648e-01
681, 4.526966e-01, 7.430753e-01
682, 4.527931e-01, 5.738960e-01
683, 4.544259e-01, 8.373471e-01
684, 4.544759e-01, 7.408930e-01
685, 4.545678e-01, 7.511289e-01
686, 4.547729e-01, 2.959306e-01
687, 4.559476e-01, 2.795124e-01
688, 4.563230e-01, 8.088662e-01
689, 4.563732e-01, 4.354941e-01
690, 4.578471e-01, 8.382253e-01
691, 4.587461e-01, 7.824802e-01
692, 4.592774e-01, 2.496091e-01
693, 4.598491e-01, 5.455837e-01
694, 4.602013e-01, 5.957811e-01
695, 4.608227e-01, 1.804543e-01
696, 4.620004e-01, 7.078479e-01
697, 4.628889e-01, 4.041138e-01
698, 4.633762e-01, 4.983837e-01
699, 4.634509e-01, 4.698725e-01
700, 4.641489e-01, 6.460513e-01
701, 4.644860e-01, 6.863151e-01
702, 4.654878e-01, 6.603756e-01
703, 4.660437e-01, 2.065367e-01
704, 4.660811e-01, 5.291490e-01
705, 4.669568e-01, 5.700666e-01
706, 4.678972e-01, 4.902357e-01
707, 4.681130e-01, 2.708405e-01
708, 4.685168e-01, 3.545025e-01
709, 4.690357e-01, 6.634562e-01
710, 4.692843e-01, 2.677428e-01
711, 4.704806e-01, 3.806032e-01
712, 4.706173e-01, 5.590238e-01
713, 4.708380e-01, 6.191362e-01
714, 4.711148e-01, 3.908818e-01
715, 4.711279e-01, 7.638530e-01
716, 4.712033e-01, 2.178813e-01
717, 4.713201e-01, 7.786018e-01
718, 4.718589e-01, 4.396582e-01
719, 4.722615e-01, 1.542074e-01
720, 4.723445e-01, 5.804028e-01
721, 4.731574e-01, 8.130438e-01
722, 4.732080e-01, 3.022632e-01
723, 4.740378e-01, 6.374709e-01
724, 4.741422e-01, 4.645674e-01
725, 4.750091e-01, 1.932703e-01
726, 4.750611e-01, 6.121075e-01
727, 4.754309e-01, 5.234915e-01
728, 4.755836e-01, 3.284324e-01
729, 4.768263e-01, 1.612543e-01
730, 4.770187e-01, 5.176528e-01
731, 4.771848e-01, 8.251747e-01
732, 4.775352e-01, 3.244221e-01
733, 4.776472e-01, 4.557795e-01
734, 4.779217e-01, 3.339357e-01
735, 4.784381e-01, 7.366915e-01
736, 4.805848e-01, 7.136355e-01
737, 4.808856e-01, 3.687829e-01
738, 4.818425e-01, 6.630838e-01
739, 4.826324e-01, 7.838569e-01
740, 4.839754e-01, 4.327837e-01
741, 4.843396e-01, 2.944460e-01
742, 4.844728e-01, 2.898310e-01
743, 4.849873e-01, 6.095452e-01
744, 4.853067e-01, 7.237088e-01
745, 4.855479e-01, 4.120084e-01
746, 4.856468e-01, 1.643068e-01
747, 4.856571e-01, 6.878784e-01
748, 4.864408e-01, 4.825931e-01
749, 4.865863e-01, 2.596196e-01
750, 4.867088e-01, 4.003708e-01
751, 4.870588e-01, 6.430229e-01
752, 4.883332e-01, 1.914721e-01
753, 4.894423e-01, 6.529881e-01
754, 4.899258e-01, 7.536762e-01
755, 4.901701e-01, 6.813641e-01
756, 4.902253e-01, 4.203341e-01
757, 4.904821e-01, 7.008701e-01
758, 4.906633e-01, 4.498390e-01
759, 4.909788e-01, 2.182557e-01
760, 4.912707e-01, 5.400364e-01
761, 4.914718e-01, 3.681316e-01
762, 4.919725e-01, 2.978740e-01
763, 4.921905e-01, 1.846054e-01
764, 4.928027e-01, 4.845440e-01
765, 4.944328e-01, 7.611332e-01
766, 4.944986e-01, 5.861089e-01
767, 4.959343e-01, 5.892891e-01
768, 4.959579e-01, 8.388151e-01
769, 4.964291e-01, 2.624835e-01
770, 4.970038e-01, 3.401174e-01
771, 4.971108e-01, 2.126055e-01
772, 4.983959e-01, 3.614462e-01
773, 4.988221e-01, 6.372628e-01
774, 4.994930e-01, 5.725384e-01
775, 4.995438e-01, 3.169682e-01
776, 4.997671e-01, 7.038937e-01
777, 5.000612e-01, 3.443455e-01
778, 5.004606e-01, 5.064338e-01
779, 5.008053e-01, 8.123329e-01
780, 5.009645e-01, 7.231051e-01
781, 5.019114e-01, 3.882203e-01
782, 5.031128e-01, 2.808430e-01
783, 5.032615e-01, 1.555647e-01
784, 5.036957e-01, 2.881654e-01
785, 5.037324e-01, 6.501569e-01
786, 5.041200e-01, 6.249668e-01
787, 5.045432e-01, 2.764094e-01
788, 5.051034e-01, 6.817606e-01
789, 5.058595e-01, 7.277563e-01
790, 5.061209e-01, 5.088150e-01
791, 5.061751e-01, 4.200041e-01
792, 5.065703e-01, 7.380783e-01
793, 5.066236e-01, 2.448060e-01
794, 5.077758e-01, 6.237779e-01
795, 5.091813e-01, 4.719365e-01
796, 5.094281e-01, 7.909739e-01
797, 5.095591e-01, 6.947190e-01
798, 5.100517e-01, 6.531412e-01
799, 5.100846e-01, 1.813011e-01
800, 5.102072e-01, 4.566538e-01
801, 5.102379e-01, 5.276433e-01
802, 5.107578e-01, 8.136171e-01
803, 5.109348e-01, 2.432201e-01
804, 5.110697e-01, 5.550798e-01
805, 5.120225e-01, 5.672855e-01
806, 5.121206e-01, 8.184073e-01
807, 5.125426e-01, 2.142977e-01
808, 5.132299e-01, 7.666469e-01
809, 5.137173e-01, 1.695005e-01
810, 5.139290e-01, 4.114683e-01
811, 5.140375e-01, 3.907524e-01
812, 5.141211e-01, 4.535519e-01
813, 5.150457e-01, 6.736050e-01
814, 5.152311e-01, 3.659998e-01
815, 5.152587e-01, 3.130504e-01
816, 5.154141e-01, 5.954172e-01
817, 5.155234e-01, 2.185414e-01
818, 5.161862e-01, 6.684960e-01
819, 5.165931e-01, 6.085645e-01
820, 5.167118e-01, 5.326774e-01
821, 5.167288e-01, 3.064171e-01
822, 5.167793e-01, 7.789769e-01
823, 5.170323e-01, 8.007873e-01
824, 5.178190e-01, 4.338121e-01
825, 5.181241e-01, 5.023879e-01
826, 5.187627e-01, 3.877427e-01
827, 5.189026e-01, 3.152764e-01
828, 5.193128e-01, 5.455056e-01
829, 5.198920e-01, 6.492955e-01
830, 5.199744e-01, 5.930344e-01
831, 5.200692e-01, 7.601978e-01
832, 5.201830e-01, 6.265092e-01
833, 5.206814e-01, 4.802952e-01
834, 5.207317e-01, 7.471793e-01
835, 5.219197e-01, 8.470212e-01
836, 5.224712e-01, 3.435235e-01
837, 5.226836e-01, 1.937475e-01
838, 5.233832e-01, 6.133957e-01
839, 5.234106e-01, 5.766203e-01
840, 5.234913e-01, 5.867142e-01
841, 5.242424e-01, 2.483174e-01
842, 5.254557e-01, 6.324443e-01
843, 5.254636e-01, 3.561386e-01
844, 5.278172e-01, 3.355452e-01
845, 5.283432e-01, 4.156819e-01
846, 5.284066e-01, 4.299814e-01
847, 5.287324e-01, 6.596811e-01
848, 5.289503e-01, 8.406552e-01
849, 5.289852e-01, 7.973153e-01
850, 5.291541e-01, 7.444228e-01
851, 5.292441e-01, 6.929557e-01
852, 5.295619e-01, 4.553684e-01
853, 5.299048e-01, 7.242577e-01
854, 5.304187e-01, 1.914680e-01
855, 5.305485e-01, 8.328123e-01
856, 5.320302e-01, 7.827367e-01
857, 5.320855e-01, 3.892310e-01
858, 5.321780e-01, 2.649694e-01
859, 5.324730e-01, 7.276731e-01
860, 5.329003e-01, 7.612607e-01
861, 5.335832e-01, 5.460804e-01
862, 5.344070e-01, 6.071812e-01
863, 5.358546e-01, 5.311571e-01
864, 5.358559e-01, 1.654522e-01
865, 5.364715e-01, 5.079023e-01
866, 5.370322e-01, 7.791910e-01
867, 5.375015e-01, 7.522207e-01
868, 5.389593e-01, 4.736731e-01
869, 5.390645e-01, 5.792512e-01
870, 5.393044e-01, 5.735761e-01
871, 5.406831e-01, 5.267174e-01
872, 5.411554e-01, 4.030442e-01
873, 5.411848e-01, 6.613129e-01
874, 5.413747e-01, 4.392100e-01
875, 5.416755e-01, 6.316725e-01
876, 5.429353e-01, 3.336484e-01
877, 5.430053e-01, 5.567788e-01
878, 5.439358e-01, 6.084652e-01
879, 5.446659e-01, 8.221372e-01
880, 5.448898e-01, 1.660448e-01
881, 5.449747e-01, 4.759164e-01
882, 5.450535e-01, 2.850478e-01
883, 5.453190e-01, 6.345687e-01
884, 5.454312e-01, 3.629293e-01
885, 5.461812e-01, 6.731174e-01
886, 5.463811e-01, 3.725954e-01
887, 5.463955e-01, 6.112380e-01
888, 5.465623e-01, 3.135849e-01
889, 5.468413e-01, 4.386185e-01
890, 5.468848e-01, 1.985058e-01
891, 5.469510e-01, 8.110009e-01
892, 5.484553e-01, 6.527208e-01
893, 5.487528e-01, 2.027846e-01
894, 5.496793e-01, 5.900260e-01
895, 5.497674e-01, 5.260950e-01
896, 5.501830e-01, 5.006732e-01
897, 5.504515e-01, 7.316913e-01
898, 5.506164e-01, 2.509620e-01
899, 5.516295e-01, 4.050887e-01
900, 5.524736e-01, 7.476647e-01
901, 5.532981e-01, 4.888924e-01
902, 5.539467e-01, 7.835130e-01
903, 5.542372e-01, 3.453037e-01
904, 5.545644e-01, 3.508745e-01
905, 5.546835e-01, 6.128650e-01
906, 5.554323e-01, 1.835976e-01
907, 5.570533e-01, 2.872454e-01
908, 5.571606e-01, 6.996335e-01
909, 5.576883e-01, 5.132139e-01
910, 5.580741e-01, 4.449126e-01
911, 5.593818e-01, 4.146451e-01
912, 5.595523e-01, 4.250619e-01
913, 5.595813e-01, 5.531489e-01
914, 5.605372e-01, 5.854833e-01
915, 5.611525e-01, 8.350962e-01
916, 5.616276e-01, 5.798227e-01
917, 5.618434e-01, 6.286652e-01
918, 5.620283e-01, 7.524599e-01
919, 5.621864e-01, 1.529998e-01
920, 5.635002e-01, 4.623119e-01
921, 5.635525e-01, 2.089179e-01
922, 5.639121e-01, 6.762306e-01
923, 5.642969e-01, 6.548070e-01
924, 5.645350e-01, 7.716018e-01
925, 5.646724e-01, 3.056476e-01
926, 5.647452e-01, 5.428923e-01
927, 5.650821e-01, 7.191366e-01
928, 5.654621e-01, 6.800502e-01
929, 5.655090e-01, 7.107371e-01
930, 5.657047e-01, 3.855712e-01
931, 5.657152e-01, 2.235032e-01
932, 5.658588e-01, 4.850854e-01
933, 5.683432e-01, 5.715040e-01
934, 5.686051e-01, 4.333352e-01
935, 5.690194e-01, 6.005896e-01
936, 5.690339e-01, 6.641758e-01
937, 5.697844e-01, 2.541692e-01
938, 5.712538e-01, 4.659049e-01
939, 5.726905e-01, 6.339080e-01
940, 5.730059e-01, 2.732537e-01
941, 5.733029e-01, 3.085994e-01
942, 5.734290e-01, 8.318812e-01
943, 5.734561e-01, 1.825463e-01
944, 5.734772e-01, 1.591127e-01
945, 5.736297e-01, 2.587908e-01
946, 5.744923e-01, 2.299600e-01
947, 5.752304e-01, 1.807383e-01
948, 5.757863e-01, 5.393689e-01
949, 5.758143e-01, 3.340913e-01
950, 5.758225e-01, 2.004323e-01
951, 5.759512e-01, 8.120220e-01
952, 5.761938e-01, 4.332380e-01
953, 5.775838e-01, 6.029842e-01
954, 5.779122e-01, 4.109465e-01
955, 5.784168e-01, 8.002082e-01
956, 5.788310e-01, 8.176146e-01
957, 5.791889e-01, 3.211384e-01
958, 5.794663e-01, 3.958540e-01
959, 5.801189e-01, 7.452264e-01
960, 5.805704e-01, 7.335417e-01
961, 5.808859e-01, 3.593264e-01
962, 5.809002e-01, 4.929921e-01
963, 5.814480e-01, 3.675380e-01
964, 5.816906e-01, 7.424544e-01
965, 5.825121e-01, 5.000497e-01
966, 5.826317e-01, 4.178129e-01
967, 5.837000e-01, 6.309220e-01
968, 5.843598e-01, 5.438060e-01
969, 5.852512e-01, 6.640712e-01
970, 5.855889e-01, 3.523290e-01
971, 5.857087e-01, 4.416139e-01
972, 5.860308e-01, 5.694115e-01
973, 5.866724e-01, 4.706799e-01
974, 5.867664e-01, 7.941191e-01
975, 5.871972e-01, 2.948115e-01
976, 5.872610e-01, 4.540116e-01
977, 5.874196e-01, 8.439009e-01
978, 5.876744e-01, 2.877556e-01
979, 5.880277e-01, 5.139741e-01
980, 5.882562e-01, 5.647213e-01
981, 5.883464e-01, 7.732752e-01
982, 5.896727e-01, 6.884432e-01
983, 5.904018e-01, 2.255781e-01
984, 5.905170e-01, 7.013049e-01
985, 5.906859e-01, 5.959182e-01
986, 5.907657e-01, 5.059278e-01
987, 5.909159e-01, 6.215374e-01
988, 5.912115e-01, 1.535535e-01
989, 5.916494e-01, 1.822785e-01
990, 5.923311e-01, 6.970358e-01
991, 5.934238e-01, 2.538622e-01
992, 5.937970e-01, 4.797708e-01
993, 5.942630e-01, 6.746628e-01
994, 5.945658e-01, 5.810527e-01
995, 5.954080e-01, 7.179424e-01
996, 5.965618e-01, 6.531221e-01
997, 5.983180e-01, 3.833698e-01
998, 5.984642e-01, 2.380106e-01
999, 5.985676e-01, 8.012985e-01
1000, 5.995403e-01, 6.090314e-01
1001, 5.996967e-01, 1.751031e-01
1002, 5.997287e-01, 4.224018e-01
1003, 5.999151e-01, 5.197330e-01
1004, 6.006632e-01, 4.355183e-01
1005, 6.011468e-01, 5.033186e-01
1006, 6.014122e-01, 6.686661e-01
1007, 6.021525e-01, 3.486162e-01
1008, 6.032094e-01, 4.816088e-01
1009, 6.034947e-01, 5.386626e-01
1010, 6.045644e-01, 3.838695e-01
1011, 6.047442e-01, 5.295319e-01
1012, 6.052746e-01, 5.142850e-01
1013, 6.054063e-01, 2.789892e-01
1014, 6.057597e-01, 5.571111e-01
1015, 6.059798e-01, 8.343421e-01
1016, 6.060238e-01, 3.037907e-01
1017, 6.068321e-01, 2.121161e-01
1018, 6.071601e-01, 5.428867e-01
1019, 6.072244e-01, 7.233994e-01
1020, 6.077363e-01, 7.716397e-01
1021, 6.078042e-01, 4.515037e-01
1022, 6.078686e-01, 4.885454e-01
1023, 6.078794e-01, 2.642787e-01
1024, 6.080051e-01, 3.222315e-01
1025, 6.084577e-01, 1.740851e-01
1026, 6.087506e-01, 4.430520e-01
1027, 6.088935e-01, 5.812948e-01
1028, 6.092754e-01, 7.413966e-01
1029, 6.113288e-01, 7.329575e-01
1030, 6.124247e-01, 3.545196e-01
1031, 6.133775e-01, 7.958364e-01
1032, 6.134601e-01, 7.485940e-01
1033, 6.142449e-01, 4.608309e-01
1034, 6.143137e-01, 5.197514e-01
1035, 6.148566e-01, 1.551073e-01
1036, 6.152170e-01, 5.679322e-01
1037, 6.152350e-01, 3.693079e-01
1038, 6.159057e-01, 7.793858e-01
1039, 6.161168e-01, 6.022327e-01
1040, 6.162275e-01, 2.909095e-01
1041, 6.163379e-01, 2.114158e-01
1042, 6.164901e-01, 4.092299e-01
1043, 6.167469e-01, 3.983328e-01
1044, 6.170904e-01, 2.409898e-01
1045, 6.170993e-01, 8.022547e-01
1046, 6.171844e-01, 5.947534e-01
1047, 6.178898e-01, 6.394408e-01
1048, 6.180406e-01, 7.150886e-01
1049, 6.189095e-01, 6.997496e-01
1050, 6.205240e-01, 5.189972e-01
1051, 6.214795e-01, 1.520562e-01
1052, 6.215019e-01, 2.566740e-01
1053, 6.224124e-01, 6.395094e-01
1054, 6.227714e-01, 2.528560e-01
1055, 6.236874e-01, 3.248891e-01
1056, 6.247515e-01, 6.423830e-01
1057, 6.249966e-01, 4.920912e-01
1058, 6.255203e-01, 5.415233e-01
1059, 6.264195e-01, 7.250251e-01
1060, 6.264212e-01, 7.781284e-01
1061, 6.267186e-01, 2.209133e-01
1062, 6.268067e-01, 4.360860e-01
1063, 6.269057e-01, 2.258244e-01
1064, 6.270778e-01, 6.723552e-01
1065, 6.271294e-01, 4.612525e-01
1066, 6.288806e-01, 3.424010e-01
1067, 6.292445e-01, 1.853177e-01
1068, 6.294725e-01, 5.251969e-01
1069, 6.309134e-01, 5.322365e-01
1070, 6.313974e-01, 4.996717e-01
1071, 6.318865e-01, 4.254566e-01
1072, 6.320611e-01, 1.846128e-01
1073, 6.322207e-01, 2.906093e-01
1074, 6.323707e-01, 8.343448e-01
1075, 6.331299e-01, 5.922193e-01
1076, 6.332046e-01, 5.643304e-01
1077, 6.343612e-01, 4.530232e-01
1078, 6.346178e-01, 6.135628e-01
1079, 6.354384e-01, 1.566943e-01
1080, 6.360175e-01, 2.740217e-01
1081, 6.361951e-01, 3.756282e-01
1082, 6.364676e-01, 4.795427e-01
1083, 6.365254e-01, 7.488941e-01
1084, 6.369838e-01, 3.146228e-01
1085, 6.374275e-01, 4.247353e-01
1086, 6.379075e-01, 7.004298e-01
1087, 6.381204e-01, 8.077761e-01
1088, 6.386746e-01, 2.991760e-01
1089, 6.389560e-01, 7.854325e-01
1090, 6.391651e-01, 3.848450e-01
1091, 6.393925e-01, 7.274916e-01
1092, 6.394427e-01, 3.465374e-01
1093, 6.397621e-01, 7.681535e-01
1094, 6.398369e-01, 1.892133e-01
1095, 6.399183e-01, 2.451025e-01
1096, 6.404204e-01, 5.819556e-01
1097, 6.409133e-01, 2.417652e-01
1098, 6.411583e-01, 1.536779e-01
1099, 6.412677e-01, 5.107521e-01
1100, 6.419017e-01, 8.274240e-01
1101, 6.421032e-01, 8.021865e-01
1102, 6.421677e-01, 4.812615e-01
1103, 6.423599e-01, 7.411881e-01
1104, 6.439674e-01, 6.869118e-01
1105, 6.440178e-01, 6.144105e-01
1106, 6.440787e-01, 2.100518e-01
1107, 6.450790e-01, 5.429589e-01
1108, 6.466211e-01, 3.574856e-01
1109, 6.471352e-01, 4.527381e-01
1110, 6.474252e-01, 7.122387e-01
1111, 6.479283e-01, 7.151104e-01
1112, 6.483473e-01, 7.735883e-01
1113, 6.495937e-01, 4.793802e-01
1114, 6.505403e-01, 6.521577e-01
1115, 6.512482e-01, 2.637854e-01
1116, 6.521558e-01, 3.911183e-01
1117, 6.526059e-01, 8.317571e-01
1118, 6.531054e-01, 4.114090e-01
1119, 6.537473e-01, 4.318672e-01
1120, 6.543868e-01, 3.333713e-01
1121, 6.546708e-01, 4.616525e-01
1122, 6.549860e-01, 3.265094e-01
1123, 6.550090e-01, 4.350616e-01
1124, 6.552109e-01, 2.166734e-01
1125, 6.556029e-01, 7.735321e-01
1126, 6.559852e-01, 2.317809e-01
1127, 6.564603e-01, 5.809054e-01
1128, 6.572763e-01, 5.124935e-01
1129, 6.574408e-01, 6.298319e-01
1130, 6.577277e-01, 6.867288e-01
1131, 6.581198e-01, 5.663999e-01
1132, 6.582304e-01, 1.588225e-01
1133, 6.588896e-01, 3.574156e-01
1134, 6.589043e-01, 5.837887e-01
1135, 6.596880e-01, 7.761729e-01
1136, 6.597050e-01, 4.178412e-01
1137, 6.597565e-01, 6.574046e-01
1138, 6.602412e-01, 5.353937e-01
1139, 6.603348e-01, 5.996823e-01
1140, 6.609395e-01, 3.874146e-01
1141, 6.626385e-01, 5.199781e-01
1142, 6.638434e-01, 3.484526e-01
1143, 6.647270e-01, 7.488889e-01
1144, 6.651231e-01, 2.659318e-01
1145, 6.651555e-01, 7.963510e-01
1146, 6.654513e-01, 2.975701e-01
1147, 6.654813e-01, 7.540935e-01
1148, 6.660008e-01, 4.911325e-01
1149, 6.667428e-01, 6.563296e-01
1150, 6.671703e-01, 3.725721e-01
1151, 6.676515e-01, 1.794557e-01
1152, 6.689146e-01, 8.260064e-01
1153, 6.694553e-01, 3.176224e-01
1154, 6.699082e-01, 4.580096e-01
1155, 6.705528e-01, 7.207731e-01
1156, 6.705754e-01, 8.000388e-01
1157, 6.715867e-01, 2.904638e-01
1158, 6.726872e-01, 6.301205e-01
1159, 6.728578e-01, 2.101477e-01
1160, 6.732885e-01, 2.398272e-01
1161, 6.733885e-01, 6.012756e-01
1162, 6.737524e-01, 7.394118e-01
1163, 6.738472e-01, 7.652029e-01
1164, 6.750064e-01, 3.947133e-01
1165, 6.755836e-01, 2.571444e-01
1166, 6.760871e-01, 4.432188e-01
1167, 6.766477e-01, 6.889442e-01
1168, 6.768720e-01, 4.155389e-01
1169, 6.768753e-01, 5.488743e-01
1170, 6.769508e-01, 5.555641e-01
1171, 6.769587e-01, 2.524708e-01
1172, 6.771626e-01, 1.995741e-01
1173, 6.774523e-01, 6.384352e-01
1174, 6.775537e-01, 3.204210e-01
1175, 6.786205e-01, 5.885532e-01
1176, 6.791333e-01, 4.884837e-01
1177, 6.798736e-01, 7.137846e-01
1178, 6.803559e-01, 4.182883e-01
1179, 6.811811e-01, 4.864928e-01
1180, 6.813354e-01, 2.910009e-01
1181, 6.819870e-01, 5.196711e-01
1182, 6.821263e-01, 4.407578e-01
1183, 6.824465e-01, 6.161003e-01
1184, 6.826142e-01, 8.330791e-01
1185, 6.834599e-01, 6.828558e-01
1186, 6.835465e-01, 3.417637e-01
1187, 6.836858e-01, 8.372217e-01
1188, 6.839927e-01, 6.686833e-01
1189, 6.842548e-01, 4.702315e-01
1190, 6.843367e-01, 5.854732e-01
1191, 6.849560e-01, 3.388387e-01
1192, 6.849980e-01, 4.338254e-01
1193, 6.854208e-01, 7.974378e-01
1194, 6.857541e-01, 2.239780e-01
1195, 6.866896e-01, 5.659860e-01
1196, 6.876684e-01, 3.736017e-01
1197, 6.878042e-01, 5.093027e-01
1198, 6.884089e-01, 1.705783e-01
1199, 6.891143e-01, 5.335115e-01
1200, 6.898594e-01, 3.840404e-01
1201, 6.906160e-01, 1.665946e-01
1202, 6.907047e-01, 6.165923e-01
1203, 6.916517e-01, 7.678041e-01
1204, 6.922070e-01, 7.396648e-01
1205, 6.926861e-01, 2.672204e-01
1206, 6.930263e-01, 3.068014e-01
1207, 6.930814e-01, 6.390363e-01
1208, 6.947066e-01, 2.815105e-01
1209, 6.950133e-01, 7.211343e-01
1210, 6.950828e-01, 6.137178e-01
1211, 6.954612e-01, 3.629702e-01
1212, 6.964003e-01, 8.055093e-01
1213, 6.966688e-01, 7.743293e-01
1214, 6.971686e-01, 8.210442e-01
1215, 6.973431e-01, 7.453684e-01
1216, 6.985089e-01, 6.595102e-01
1217, 6.987923e-01, 5.926435e-01
1218, 6.988851e-01, 6.433959e-01
1219, 6.998428e-01, 2.485088e-01
1220, 7.000219e-01, 2.625714e-01
1221, 7.023092e-01, 5.657990e-01
1222, 7.024121e-01, 3.905952e-01
1223, 7.031851e-01, 2.438150e-01
1224, 7.032212e-01, 2.838648e-01
1225, 7.034033e-01, 3.064292e-01
1226, 7.042166e-01, 6.850340e-01
1227, 7.048878e-01, 5.061493e-01
1228, 7.050852e-01, 3.612525e-01
1229, 7.051077e-01, 4.257776e-01
1230, 7.054987e-01, 5.324687e-01
1231, 7.056002e-01, 4.142431e-01
1232, 7.059260e-01, 4.928302e-01
1233, 7.063678e-01, 5.904918e-01
1234, 7.066187e-01, 3.367986e-01
1235, 7.081940e-01, 4.970624e-01
1236, 7.089773e-01, 2.303710e-01
1237, 7.091033e-01, 5.732334e-01
1238, 7.092691e-01, 4.732187e-01
1239, 7.093755e-01, 2.788463e-01
1240, 7.094120e-01, 8.007398e-01
1241, 7.102498e-01, 2.708088e-01
1242, 7.107516e-01, 8.245438e-01
1243, 7.107967e-01, 6.680275e-01
1244, 7.108582e-01, 6.780630e-01
1245, 7.109373e-01, 5.206501e-01
1246, 7.111192e-01, 7.879836e-01
1247, 7.113145e-01, 3.124091e-01
1248, 7.117376e-01, 3.321511e-01
1249, 7.121360e-01, 3.651151e-01
1250, 7.121467e-01, 8.477603e-01
1251, 7.125077e-01, 6.387063e-01
1252, 7.143870e-01, 4.525659e-01
1253, 7.144117e-01, 1.978808e-01
1254, 7.146885e-01, 7.452696e-01
1255, 7.152363e-01, 7.694856e-01
1256, 7.155140e-01, 3.835181e-01
1257, 7.168233e-01, 1.615677e-01
1258, 7.170905e-01, 7.476859e-01
1259, 7.177834e-01, 4.675497e-01
1260, 7.179482e-01, 5.966889e-01
1261, 7.185443e-01, 8.398543e-01
1262, 7.191825e-01, 6.421713e-01
1263, 7.198712e-01, 2.270374e-01
1264, 7.204385e-01, 8.100048e-01
1265, 7.205461e-01, 5.673485e-01
1266, 7.208985e-01, 2.481391e-01
1267, 7.209332e-01, 1.524639e-01
1268, 7.221542e-01, 6.608480e-01
1269, 7.232128e-01, 7.134707e-01
1270, 7.233119e-01, 2.656908e-01
1271, 7.239114e-01, 3.870024e-01
1272, 7.242536e-01, 6.866767e-01
1273, 7.247908e-01, 7.787178e-01
1274, 7.251236e-01, 2.796786e-01
1275, 7.255091e-01, 1.811050e-01
1276, 7.258942e-01, 2.563287e-01
1277, 7.259108e-01, 3.360288e-01
1278, 7.262193e-01, 5.195897e-01
1279, 7.262963e-01, 3.613835e-01
1280, 7.264285e-01, 2.382168e-01
1281, 7.265309e-01, 2.136372e-01
1282, 7.273309e-01, 4.098980e-01
1283, 7.275936e-01, 8.402047e-01
1284, 7.277905e-01, 5.475182e-01
1285, 7.279158e-01, 2.745751e-01
1286, 7.286525e-01, 5.921264e-01
1287, 7.292805e-01, 4.066621e-01
1288, 7.312287e-01, 5.767192e-01
1289, 7.312440e-01, 6.226867e-01
1290, 7.312626e-01, 4.989309e-01
1291, 7.314843e-01, 4.702784e-01
1292, 7.323665e-01, 7.802004e-01
1293, 7.326053e-01, 8.091942e-01
1294, 7.332430e-01, 6.328078e-01
1295, 7.332689e-01, 5.020408e-01
1296, 7.335664e-01, 4.241927e-01
1297, 7.341213e-01, 3.062546e-01
1298, 7.344866e-01, 3.505390e-01
1299, 7.348540e-01, 2.960886e-01
1300, 7.355152e-01, 5.341986e-01
1301, 7.356302e-01, 3.683168e-01
1302, 7.368052e-01, 3.753049e-01
1303, 7.373871e-01, 3.291018e-01
1304, 7.382256e-01, 7.484915e-01
1305, 7.387884e-01, 3.507730e-01
1306, 7.387906e-01, 7.907387e-01
1307, 7.395985e-01, 4.851798e-01
1308, 7.403172e-01, 7.237848e-01
1309, 7.403880e-01, 6.687217e-01
1310, 7.404960e-01, 6.757914e-01
1311, 7.408664e-01, 2.414544e-01
1312, 7.418344e-01, 3.146033e-01
1313, 7.421507e-01, 3.614107e-01
1314, 7.422457e-01, 4.850170e-01
1315, 7.431447e-01, 2.493105e-01
1316, 7.432170e-01, 8.243348e-01
1317, 7.437879e-01, 4.579123e-01
1318, 7.441247e-01, 1.849008e-01
1319, 7.448250e-01, 7.651506e-01
1320, 7.453573e-01, 5.990528e-01
1321, 7.455190e-01, 3.426954e-01
1322, 7.461080e-01, 7.397910e-01
1323, 7.465831e-01, 6.133688e-01
1324, 7.472661e-01, 5.716601e-01
1325, 7.475180e-01, 2.770565e-01
1326, 7.478017e-01, 2.122144e-01
1327, 7.488510e-01, 4.577234e-01
1328, 7.489148e-01, 5.591866e-01
1329, 7.494730e-01, 3.769883e-01
1330, 7.495169e-01, 6.373407e-01
1331, 7.502776e-01, 5.944361e-01
1332, 7.508168e-01, 5.660554e-01
1333, 7.509248e-01, 2.550989e-01
1334, 7.512251e-01, 3.672604e-01
1335, 7.513365e-01, 2.188177e-01
1336, 7.517140e-01, 2.005498e-01
1337, 7.519902e-01, 6.584358e-01
1338, 7.523552e-01, 4.061966e-01
1339, 7.524877e-01, 8.256047e-01
1340, 7.531672e-01, 7.082126e-01
1341, 7.537224e-01, 4.257566e-01
1342, 7.537821e-01, 4.674625e-01
1343, 7.545979e-01, 6.876670e-01
1344, 7.562015e-01, 4.472846e-01
1345, 7.564852e-01, 6.311362e-01
1346, 7.566419e-01, 6.218615e-01
1347, 7.572329e-01, 3.165644e-01
1348, 7.574863e-01, 1.664874e-01
1349, 7.595318e-01, 5.323793e-01
1350, 7.605876e-01, 7.432046e-01
1351, 7.610542e-01, 7.104161e-01
1352, 7.611443e-01, 8.350490e-01
1353, 7.612853e-01, 5.191910e-01
1354, 7.614552e-01, 5.353540e-01
1355, 7.618966e-01, 7.647250e-01
1356, 7.619041e-01, 3.893386e-01
1357, 7.629296e-01, 3.926142e-01
1358, 7.632222e-01, 3.396720e-01
1359, 7.633928e-01, 7.889742e-01
1360, 7.640289e-01, 2.531679e-01
1361, 7.666213e-01, 7.918503e-01
1362, 7.670248e-01, 3.625841e-01
1363, 7.670835e-01, 3.419135e-01
1364, 7.671608e-01, 6.857423e-01
1365, 7.674676e-01, 7.376667e-01
1366, 7.681098e-01, 6.596108e-01
1367, 7.682903e-01, 4.728671e-01
1368, 7.687102e-01, 5.957445e-01
1369, 7.689045e-01, 3.094956e-01
1370, 7.691480e-01, 1.662541e-01
1371, 7.695009e-01, 8.089890e-01
1372, 7.699983e-01, 7.310316e-01
1373, 7.701078e-01, 2.830375e-01
1374, 7.702477e-01, 3.665855e-01
1375, 7.703453e-01, 2.261936e-01
1376, 7.714826e-01, 4.943198e-01
1377, 7.722114e-01, 5.682289e-01
1378, 7.729641e-01, 2.896003e-01
1379, 7.733907e-01, 6.705756e-01
1380, 7.736120e-01, 2.323699e-01
1381, 7.741996e-01, 1.711551e-01
1382, 7.747127e-01, 6.106448e-01
1383, 7.750732e-01, 4.883680e-01
1384, 7.752098e-01, 6.985315e-01
1385, 7.753044e-01, 6.458813e-01
1386, 7.766724e-01, 4.271824e-01
1387, 7.768228e-01, 1.958882e-01
1388, 7.768633e-01, 5.083323e-01
1389, 7.773090e-01, 5.877071e-01
1390, 7.774960e-01, 6.110136e-01
1391, 7.790079e-01, 5.764888e-01
1392, 7.796266e-01, 2.662879e-01
1393, 7.800723e-01, 4.864920e-01
1394, 7.808105e-01, 8.313775e-01
1395, 7.811844e-01, 4.680229e-01
1396, 7.814267e-01, 4.461759e-01
1397, 7.821174e-01, 4.415914e-01
1398, 7.824857e-01, 3.363492e-01
1399, 7.827128e-01, 1.991672e-01
1400, 7.832142e-01, 7.643990e-01
1401, 7.840106e-01, 6.428993e-01
1402, 7.842059e-01, 3.158339e-01
1403, 7.852610e-01, 4.179471e-01
1404, 7.857839e-01, 2.647657e-01
1405, 7.864219e-01, 3.992938e-01
1406, 7.865886e-01, 7.853871e-01
1407, 7.871499e-01, 3.287893e-01
1408, 7.871598e-01, 8.489572e-01
1409, 7.874150e-01, 6.222577e-01
1410, 7.877780e-01, 6.008659e-01
1411, 7.881494e-01, 7.308833e-01
1412, 7.882699e-01, 4.578209e-01
1413, 7.883590e-01, 5.108090e-01
1414, 7.889240e-01, 7.736837e-01
1415, 7.903478e-01, 5.131391e-01
1416, 7.907430e-01, 5.332686e-01
1417, 7.912892e-01, 6.733499e-01
1418, 7.914220e-01, 4.936451e-01
1419, 7.914485e-01, 2.948558e-01
1420, 7.916707e-01, 7.003007e-01
1421, 7.925661e-01, 3.701707e-01
1422, 7.928557e-01, 1.726051e-01
1423, 7.931654e-01, 1.973853e-01
1424, 7.933370e-01, 7.414724e-01
1425, 7.935905e-01, 5.709867e-01
1426, 7.938128e-01, 4.290885e-01
1427, 7.938624e-01, 3.042900e-01
1428, 7.943824e-01, 2.420482e-01
1429, 7.946873e-01, 1.952593e-01
1430, 7.948402e-01, 7.075074e-01
1431, 7.955336e-01, 3.925880e-01
1432, 7.960496e-01, 5.614403e-01
1433, 7.961573e-01, 4.584575e-01
1434, 7.979449e-01, 6.892172e-01
1435, 7.979935e-01, 3.786030e-01
1436, 7.980513e-01, 6.015757e-01
1437, 7.985116e-01, 3.517824e-01
1438, 7.999014e-01, 7.411798e-01
1439, 8.004422e-01, 6.179063e-01
1440, 8.019446e-01, 6.510414e-01
1441, 8.022819e-01, 2.394605e-01
1442, 8.024033e-01, 5.745433e-01
1443, 8.025373e-01, 6.539684e-01
1444, 8.026901e-01, 1.614886e-01
1445, 8.030129e-01, 2.763707e-01
1446, 8.039155e-01, 7.789802e-01
1447, 8.054185e-01, 3.488936e-01
1448, 8.063642e-01, 5.626523e-01
1449, 8.064297e-01, 5.157078e-01
1450, 8.076302e-01, 5.941559e-01
1451, 8.087350e-01, 4.892806e-01
1452, 8.089112e-01, 2.137410e-01
1453, 8.092850e-01, 5.850509e-01
1454, 8.103777e-01, 2.297025e-01
1455, 8.104345e-01, 5.294377e-01
1456, 8.112696e-01, 4.752215e-01
1457, 8.118035e-01, 4.327158e-01
1458, 8.136979e-01, 8.262303e-01
1459, 8.141708e-01, 7.187328e-01
1460, 8.144806e-01, 3.101065e-01
1461, 8.145607e-01, 6.377059e-01
1462, 8.146543e-01, 6.263787e-01
1463, 8.153164e-01, 4.464766e-01
1464, 8.156614e-01, 7.712800e-01
1465, 8.157491e-01, 8.248947e-01
1466, 8.169246e-01, 1.912463e-01
1467, 8.171074e-01, 6.850769e-01
1468, 8.177977e-01, 2.574682e-01
1469, 8.179589e-01, 3.681796e-01
1470, 8.184255e-01, 5.570304e-01
1471, 8.188641e-01, 3.638440e-01
1472, 8.193412e-01, 7.532064e-01
1473, 8.199683e-01, 8.015682e-01
1474, 8.200091e-01, 5.345925e-01
1475, 8.209845e-01, 8.042688e-01
1476, 8.217599e-01, 7.176204e-01
1477, 8.226813e-01, 6.001325e-01
1478, 8.227050e-01, 3.030617e-01
1479, 8.227871e-01, 2.567555e-01
1480, 8.228344e-01, 2.905373e-01
1481, 8.231662e-01, 4.504373e-01
1482, 8.232225e-01, 4.066388e-01
1483, 8.236639e-01, 2.039581e-01
1484, 8.247209e-01, 4.687068e-01
1485, 8.249063e-01, 7.511670e-01
1486, 8.256704e-01, 4.150078e-01
1487, 8.257646e-01, 1.723412e-01
1488, 8.270707e-01, 5.646557e-01
1489, 8.276906e-01, 6.945446e-01
1490, 8.290101e-01, 1.712818e-01
1491, 8.290589e-01, 5.302411e-01
1492, 8.297573e-01, 6.125621e-01
1493, 8.303733e-01, 7.841399e-01
1494, 8.304484e-01, 7.237779e-01
1495, 8.320108e-01, 2.328083e-01
1496, 8.324827e-01, 6.475143e-01
1497, 8.327687e-01, 3.560838e-01
1498, 8.330661e-01, 5.144760e-01
1499, 8.339173e-01, 4.189893e-01
1500, 8.343098e-01, 6.580762e-01
1501, 8.350114e-01, 8.295809e-01
1502, 8.359337e-01, 2.401860e-01
1503, 8.363847e-01, 2.822381e-01
1504, 8.365860e-01, 4.466924e-01
1505, 8.368800e-01, 4.905075e-01
1506, 8.371123e-01, 3.812270e-01
1507, 8.374056e-01, 3.393801e-01
1508, 8.378752e-01, 2.650266e-01
1509, 8.379860e-01, 4.765080e-01
1510, 8.381727e-01, 3.859378e-01
1511, 8.381910e-01, 1.736324e-01
1512, 8.388613e-01, 8.427536e-01
1513, 8.396887e-01, 2.089216e-01
1514, 8.397907e-01, 7.817025e-01
1515, 8.409587e-01, 2.620937e-01
1516, 8.415457e-01, 7.220911e-01
1517, 8.418403e-01, 8.150762e-01
1518, 8.421097e-01, 4.314217e-01
1519, 8.426318e-01, 3.710080e-01
1520, 8.429695e-01, 6.895616e-01
1521, 8.434891e-01, 3.096372e-01
1522, 8.435976e-01, 5.641384e-01
1523, 8.454912e-01, 6.900904e-01
1524, 8.459498e-01, 4.711759e-01
1525, 8.464421e-01, 5.849525e-01
1526, 8.469045e-01, 6.234573e-01
1527, 8.472603e-01, 2.051085e-01
1528, 8.473052e-01, 4.563556e-01
1529, 8.473410e-01, 5.368068e-01
1530, 8.476873e-01, 7.599021e-01
1531, 8.479070e-01, 6.375960e-01
1532, 7.204263e-01, 4.422622e-01
1533, 2.766652e-01, 3.266263e-01
1534, 7.871855e-01, 8.180840e-01
1535, 2.952735e-01, 4.794618e-01
1536, 1.972844e-01, 5.453008e-01
1537, 3.434846e-01, 5.172739e-01
1538, 7.814210e-01, 5.440279e-01
1539, 4.433027e-01, 5.023019e-01
1540, 8.115824e-01, 3.326729e-01
1541, 4.890044e-01, 7.936436e-01
1542, 1.989737e-01, 8.106250e-01
1543, 7.200393e-01, 7.123394e-01
1544, 7.193521e-01, 5.511460e-01
1545, 8.196894e-01, 5.001723e-01
1546, 4.920974e-01, 5.524214e-01
1547, 7.158965e-01, 6.173082e-01
1548, 2.764004e-01, 1.956707e-01
1549, 2.698203e-01, 5.741533e-01
1550, 8.009843e-01, 7.935896e-01
1551, 5.338007e-01, 6.951081e-01
1552, 6.987133e-01, 1.987781e-01
1553, 5.403575e-01, 2.279011e-01
1554, 4.659687e-01, 2.326153e-01
1555, 2.227100e-01, 5.336609e-01
1556, 4.188717e-01, 8.284138e-01
1557, 4.877221e-01, 2.383114e-01
1558, 1.523724e-01, 4.875016e-01
1559, 3.899021e-01, 5.732248e-01
1560, 8.255457e-01, 6.688877e-01
1561, 6.946816e-01, 4.609507e-01
1562, 3.258651e-01, 2.093164e-01
1563, 2.954156e-01, 2.148942e-01
1564, 6.393895e-01, 5.560539e-01
1565, 6.011736e-01, 8.190011e-01
1566, 1.820327e-01, 2.904118e-01
1567, 8.262446e-01, 5.829110e-01
1568, 5.898872e-01, 2.042937e-01
1569, 5.577914e-01, 8.011353e-01
1570, 4.053588e-01, 1.664010e-01
1571, 7.522803e-01, 5.013188e-01
1572, 5.771835e-01, 5.156901e-01
1573, 4.929774e-01, 8.305321e-01
1574, 6.929225e-01, 2.230272e-01
1575, 5.354430e-01, 3.055268e-01
1576, 1.500000e-01, 6.230262e-01
1577, 3.018819e-01, 8.500000e-01
1578, 5.216769e-01, 8.500000e-01
1579, 4.898192e-01, 8.500000e-01
1580, 4.654901e-01, 8.500000e-01
1581, 5.858038e-01, 8.500000e-01
1582, 8.500000e-01, 1.936001e-01
1583, 8.500000e-01, 1.995252e-01
1584, 8.500000e-01, 8.105527e-01
1585, 1.500000e-01, 6.749597e-01
1586, 3.103762e-01, 1.500000e-01
1587, 1.500000e-01, 5.044785e-01
1588, 1.500000e-01, 2.833811e-01
1589, 2.813914e-01, 1.500000e-01
1590, 8.007173e-01, 1.500000e-01
1591, 2.327258e-01, 8.500000e-01
1592, 4.727874e-01, 1.500000e-01
1593, 5.617308e-01, 1.500000e-01
1594, 8.500000e-01, 2.084378e-01
1595, 8.500000e-01, 6.292539e-01
1596, 1.500000e-01, 2.077475e-01
1597, 6.826672e-01, 1.500000e-01
1598, 6.211037e-01, 1.500000e-01
1599, 8.500000e-01, 6.309219e-01
1600, 4.429475e-01, 1.500000e-01
1601, 4.245986e-01, 1.500000e-01
1602, 1.500000e-01, 1.815488e-01
1603, 1.500000e-01, 1.671577e-01
1604, 8.098503e-01, 8.500000e-01
1605, 1.500000e-01, 7.974936e-01
1606, 1.500000e-01, 8.053220e-01
1607, 6.546233e-01, 8.500000e-01
1608, 1.500000e-01, 3.863899e-01
1609, 7.622234e-01, 8.500000e-01
1610, 8.500000e-01, 7.901532e-01
1611, 1.500000e-01, 5.872136e-01
1612, 8.500000e-01, 2.613857e-01
1613, 8.500000e-01, 2.392189e-01
1614, 1.500000e-01, 6.471217e-01
1615, 7.322743e-01, 1.500000e-01
1616, 7.199458e-01, 1.500000e-01
1617, 7.468545e-01, 1.500000e-01
1618, 8.500000e-01, 4.555498e-01
1619, 8.500000e-01, 4.724324e-01
1620, 2.684471e-01, 1.500000e-01
1621, 2.575007e-01, 1.500000e-01
1622, 4.405390e-01, 8.500000e-01
1623, 5.452471e-01, 8.500000e-01
1624, 8.500000e-01, 7.082080e-01
1625, 8.500000e-01, 6.879996e-01
1626, 1.500000e-01, 7.632815e-01
1627, 1.500000e-01, 7.419018e-01
1628, 1.500000e-01, 2.668915e-01
1629, 1.500000e-01, 2.356282e-01
1630, 2.006289e-01, 8.500000e-01
1631, 2.041818e-01, 8.500000e-01
1632, 7.900287e-01, 8.500000e-01
1633, 7.857291e-01, 8.500000e-01
1634, 1.654461e-01, 8.500000e-01
1635, 1.500000e-01, 8.334335e-01
1636, 8.500000e-01, 5.931380e-01
1637, 2.032929e-01, 1.500000e-01
1638, 1.805854e-01, 1.500000e-01
1639, 1.500000e-01, 5.122344e-01
1640, 3.817896e-01, 1.500000e-01
1641, 8.500000e-01, 3.697130e-01
1642, 8.500000e-01, 3.910727e-01
1643, 3.658345e-01, 8.500000e-01
1644, 8.500000e-01, 2.990919e-01
1645, 8.500000e-01, 2.928923e-01
1646, 8.500000e-01, 7.552093e-01
1647, 8.500000e-01, 7.605782e-01
1648, 1.500000e-01, 6.977720e-01
1649, 1.500000e-01, 5.629228e-01
1650, 1.500000e-01, 5.400935e-01
1651, 5.054816e-01, 1.500000e-01
1652, 5.240026e-01, 1.500000e-01
1653, 1.500000e-01, 4.458799e-01
1654, 3.277634e-01, 8.500000e-01
1655, 3.496568e-01, 8.500000e-01
1656, 1.500000e-01, 3.461068e-01
1657, 2.483497e-01, 8.500000e-01
1658, 8.500000e-01, 5.759199e-01
1659, 2.752525e-01, 8.500000e-01
1660, 2.634395e-01, 8.500000e-01
1661, 6.143464e-01, 8.500000e-01
1662, 6.301830e-01, 8.500000e-01
1663, 1.500000e-01, 7.143103e-01
1664, 1.500000e-01, 7.090682e-01
1665, 8.500000e-01, 8.471947e-01
1666, 8.338267e-01, 8.500000e-01
1667, 3.607958e-01, 1.500000e-01
1668, 3.717806e-01, 1.500000e-01
1669, 8.500000e-01, 5.437397e-01
1670, 8.500000e-01, 5.347898e-01
1671, 2.436204e-01, 1.500000e-01
1672, 8.500000e-01, 5.055722e-01
1673, 8.500000e-01, 5.031700e-01
1674, 4.111612e-01, 8.500000e-01
1675, 8.500000e-01, 7.272952e-01
1676, 8.500000e-01, 7.121427e-01
1677, 7.308402e-01, 8.500000e-01
1678, 7.130413e-01, 8.500000e-01
1679, 1.500000e-01, 4.652087e-01
1680, 1.500000e-01, 4.866612e-01
1681, 8.500000e-01, 1.594371e-01
1682, 8.344140e-01, 1.500000e-01
1683, 1.500000e-01, 4.068692e-01
1684, 1.500000e-01, 4.188919e-01
1685, 6.430207e-01, 1.500000e-01
1686, 6.654852e-01, 1.500000e-01
1687, 3.966000e-01, 1.500000e-01
1688, 3.389648e-01, 1.500000e-01
1689, 3.476957e-01, 1.500000e-01
1690, 8.500000e-01, 6.571507e-01
1691, 8.500000e-01, 6.431832e-01
1692, 1.500000e-01, 3.809311e-01
1693, 1.500000e-01, 3.697641e-01
1694, 6.800939e-01, 8.500000e-01
1695, 1.673622e-01, 1.500000e-01
1696, 1.796753e-01, 1.500000e-01
1697, 8.500000e-01, 5.552818e-01
1698, 8.500000e-01, 5.727910e-01
1699, 5.541977e-01, 8.500000e-01
1700, 8.500000e-01, 6.101602e-01
1701, 8.500000e-01, 6.005999e-01
1702, 1.500000e-01, 2.988660e-01
1703, 1.500000e-01, 3.152187e-01
1704, 7.773000e-01, 1.500000e-01
1705, 4.269584e-01, 8.500000e-01
1706, 4.234985e-01, 8.500000e-01
1707, 8.500000e-01, 4.171757e-01
1708, 8.500000e-01, 4.281281e-01
1709, 8.498784e-01, 3.327851e-01
1710, 5.300148e-01, 1.504456e-01
1711, 5.935815e-01, 1.501605e-01
1712, 1.503109e-01, 6.489698e-01
1713, 3.853847e-01, 8.496648e-01
1714, 2.186116e-01, 1.500229e-01
1715, 4.078367e-01, 1.501782e-01
1716, 6.961996e-01, 8.497770e-01
1717, 5.568681e-01, 8.495119e-01
1718, 7.748590e-01, 1.504769e-01
