1, 1.511778e-01, 6.465206e-01
2, 1.517684e-01, 4.864523e-01
3, 1.519542e-01, 2.051480e-01
4, 1.522102e-01, 2.495163e-01
5, 1.531036e-01, 7.095506e-01
6, 1.533144e-01, 5.543374e-01
7, 1.545254e-01, 3.343996e-01
8, 1.546534e-01, 3.739415e-01
9, 1.548442e-01, 5.271322e-01
10, 1.556762e-01, 7.501299e-01
11, 1.558037e-01, 5.827801e-01
12, 1.558404e-01, 8.109702e-01
13, 1.563874e-01, 4.335831e-01
14, 1.570798e-01, 2.384557e-01
15, 1.576955e-01, 4.594558e-01
16, 1.579422e-01, 6.235525e-01
17, 1.581154e-01, 3.679264e-01
18, 1.600260e-01, 6.855775e-01
19, 1.602316e-01, 1.742499e-01
20, 1.607226e-01, 7.761537e-01
21, 1.616702e-01, 3.015451e-01
22, 1.620432e-01, 3.929038e-01
23, 1.644028e-01, 8.118041e-01
24, 1.652682e-01, 8.420308e-01
25, 1.676730e-01, 7.761282e-01
26, 1.677621e-01, 5.842190e-01
27, 1.683672e-01, 7.490580e-01
28, 1.699234e-01, 8.420949e-01
29, 1.719311e-01, 7.110468e-01
30, 1.725498e-01, 6.841758e-01
31, 1.736360e-01, 6.232192e-01
32, 1.736456e-01, 3.934191e-01
33, 1.741242e-01, 1.738531e-01
34, 1.745059e-01, 8.328969e-01
35, 1.747197e-01, 5.520827e-01
36, 1.749823e-01, 4.612303e-01
37, 1.752164e-01, 3.010125e-01
38, 1.752484e-01, 4.313557e-01
39, 1.754697e-01, 3.681392e-01
40, 1.754990e-01, 5.291309e-01
41, 1.755527e-01, 4.840668e-01
42, 1.759954e-01, 7.613467e-01
43, 1.768921e-01, 3.357028e-01
44, 1.773792e-01, 6.485889e-01
45, 1.774490e-01, 2.403594e-01
46, 1.779934e-01, 7.909371e-01
47, 1.780963e-01, 2.040375e-01
48, 1.792543e-01, 2.456171e-01
49, 1.795907e-01, 7.000695e-01
50, 1.803470e-01, 5.625312e-01
51, 1.809481e-01, 2.893839e-01
52, 1.814848e-01, 4.740721e-01
53, 1.816609e-01, 7.259980e-01
54, 1.816932e-01, 6.370107e-01
55, 1.818067e-01, 5.386746e-01
56, 1.826086e-01, 3.763889e-01
57, 1.832436e-01, 1.588153e-01
58, 1.837151e-01, 6.080765e-01
59, 1.843519e-01, 3.485151e-01
60, 1.846541e-01, 1.902644e-01
61, 1.848725e-01, 4.469343e-01
62, 1.848764e-01, 6.632357e-01
63, 1.865089e-01, 4.140033e-01
64, 1.881383e-01, 2.242752e-01
65, 1.885170e-01, 3.169574e-01
66, 1.899363e-01, 5.064531e-01
67, 1.930974e-01, 3.167723e-01
68, 1.962253e-01, 3.497812e-01
69, 1.966448e-01, 6.644831e-01
70, 1.979192e-01, 6.998736e-01
71, 2.000217e-01, 3.759033e-01
72, 2.002668e-01, 4.755698e-01
73, 2.007861e-01, 1.577001e-01
74, 2.009386e-01, 4.146324e-01
75, 2.009731e-01, 7.278839e-01
76, 2.011147e-01, 2.243411e-01
77, 2.013989e-01, 5.060068e-01
78, 2.019783e-01, 4.453406e-01
79, 2.027351e-01, 1.886361e-01
80, 2.027538e-01, 7.590596e-01
81, 2.031202e-01, 5.649021e-01
82, 2.033969e-01, 3.709115e-01
83, 2.040377e-01, 6.344413e-01
84, 2.045464e-01, 2.500202e-01
85, 2.048267e-01, 3.365877e-01
86, 2.050954e-01, 5.365265e-01
87, 2.054110e-01, 6.080534e-01
88, 2.056420e-01, 2.875270e-01
89, 2.064840e-01, 8.306802e-01
90, 2.065739e-01, 7.163416e-01
91, 2.069453e-01, 4.935794e-01
92, 2.071573e-01, 7.910124e-01
93, 2.077171e-01, 6.821623e-01
94, 2.095105e-01, 4.299881e-01
95, 2.098971e-01, 7.441004e-01
96, 2.099092e-01, 6.446712e-01
97, 2.101052e-01, 2.950329e-01
98, 2.107401e-01, 4.602769e-01
99, 2.111433e-01, 2.397419e-01
100, 2.118851e-01, 5.481845e-01
101, 2.119940e-01, 3.949724e-01
102, 2.120811e-01, 1.763141e-01
103, 2.123399e-01, 6.176345e-01
104, 2.130034e-01, 8.417244e-01
105, 2.135863e-01, 7.802985e-01
106, 2.136395e-01, 5.261062e-01
107, 2.147254e-01, 2.075210e-01
108, 2.152071e-01, 2.681564e-01
109, 2.170244e-01, 5.889631e-01
110, 2.178878e-01, 8.075669e-01
111, 2.233828e-01, 6.179010e-01
112, 2.237537e-01, 7.804711e-01
113, 2.246823e-01, 2.404713e-01
114, 2.247369e-01, 4.302062e-01
115, 2.257272e-01, 2.069919e-01
116, 2.258224e-01, 8.075620e-01
117, 2.262156e-01, 2.675531e-01
118, 2.264023e-01, 6.822979e-01
119, 2.268473e-01, 5.887227e-01
120, 2.270570e-01, 7.138728e-01
121, 2.271426e-01, 5.269289e-01
122, 2.275389e-01, 3.936015e-01
123, 2.290121e-01, 5.468777e-01
124, 2.292292e-01, 8.426957e-01
125, 2.293546e-01, 4.603625e-01
126, 2.293580e-01, 3.724821e-01
127, 2.298764e-01, 2.946308e-01
128, 2.315847e-01, 2.544210e-01
129, 2.317014e-01, 1.780890e-01
130, 2.320046e-01, 6.444747e-01
131, 2.331415e-01, 6.033535e-01
132, 2.334381e-01, 5.378884e-01
133, 2.341139e-01, 7.958619e-01
134, 2.341429e-01, 7.466730e-01
135, 2.345689e-01, 3.831697e-01
136, 2.353084e-01, 2.204152e-01
137, 2.353129e-01, 4.465434e-01
138, 2.356304e-01, 2.836692e-01
139, 2.357879e-01, 6.980148e-01
140, 2.365254e-01, 4.083261e-01
141, 2.367504e-01, 6.378169e-01
142, 2.369106e-01, 4.942531e-01
143, 2.369127e-01, 1.860871e-01
144, 2.369939e-01, 8.310552e-01
145, 2.374846e-01, 3.356005e-01
146, 2.384437e-01, 7.550291e-01
147, 2.384688e-01, 5.734865e-01
148, 2.390370e-01, 1.630264e-01
149, 2.410274e-01, 7.367596e-01
150, 2.413155e-01, 6.633457e-01
151, 2.413834e-01, 5.074101e-01
152, 2.438756e-01, 3.456382e-01
153, 2.446310e-01, 4.799114e-01
154, 2.475063e-01, 3.169044e-01
155, 2.524598e-01, 3.168300e-01
156, 2.527461e-01, 1.623736e-01
157, 2.534299e-01, 6.380296e-01
158, 2.536288e-01, 5.072058e-01
159, 2.539126e-01, 3.456667e-01
160, 2.549584e-01, 4.803679e-01
161, 2.551356e-01, 7.356605e-01
162, 2.553366e-01, 8.312109e-01
163, 2.558111e-01, 7.581198e-01
164, 2.559858e-01, 1.890846e-01
165, 2.566052e-01, 6.639462e-01
166, 2.570342e-01, 6.955891e-01
167, 2.570730e-01, 2.188322e-01
168, 2.580730e-01, 5.371867e-01
169, 2.593648e-01, 3.842314e-01
170, 2.594383e-01, 2.844343e-01
171, 2.604895e-01, 4.062205e-01
172, 2.605807e-01, 6.055838e-01
173, 2.606477e-01, 8.399926e-01
174, 2.608396e-01, 7.945512e-01
175, 2.610757e-01, 3.323131e-01
176, 2.616206e-01, 4.912752e-01
177, 2.617600e-01, 5.745322e-01
178, 2.625140e-01, 6.535962e-01
179, 2.626655e-01, 4.453216e-01
180, 2.627740e-01, 1.805323e-01
181, 2.628635e-01, 7.479310e-01
182, 2.628680e-01, 2.066143e-01
183, 2.631574e-01, 2.522573e-01
184, 2.644612e-01, 5.247902e-01
185, 2.656539e-01, 3.957020e-01
186, 2.658060e-01, 6.803045e-01
187, 2.658920e-01, 2.986994e-01
188, 2.666103e-01, 8.051599e-01
189, 2.671629e-01, 6.167392e-01
190, 2.672971e-01, 7.828245e-01
191, 2.675865e-01, 7.147430e-01
192, 2.685888e-01, 3.672215e-01
193, 2.689342e-01, 2.389968e-01
194, 2.701825e-01, 5.867173e-01
195, 2.702135e-01, 2.682425e-01
196, 2.710995e-01, 5.554665e-01
197, 2.712082e-01, 4.598262e-01
198, 2.723403e-01, 4.276670e-01
199, 2.802270e-01, 2.989342e-01
200, 2.805590e-01, 4.275950e-01
201, 2.807409e-01, 4.598236e-01
202, 2.810772e-01, 5.555768e-01
203, 2.811438e-01, 8.064658e-01
204, 2.813414e-01, 4.914703e-01
205, 2.822335e-01, 5.243067e-01
206, 2.824225e-01, 6.804145e-01
207, 2.829878e-01, 5.879095e-01
208, 2.834051e-01, 3.659698e-01
209, 2.836455e-01, 6.550137e-01
210, 2.837469e-01, 2.077515e-01
211, 2.839276e-01, 3.962029e-01
212, 2.840129e-01, 3.338245e-01
213, 2.849744e-01, 6.159183e-01
214, 2.850199e-01, 1.807752e-01
215, 2.855933e-01, 7.493766e-01
216, 2.859487e-01, 2.378007e-01
217, 2.861553e-01, 2.691067e-01
218, 2.874997e-01, 7.796393e-01
219, 2.888312e-01, 6.663115e-01
220, 2.893051e-01, 8.430904e-01
221, 2.897798e-01, 4.742892e-01
222, 2.902065e-01, 7.119810e-01
223, 2.903235e-01, 5.409724e-01
224, 2.911628e-01, 4.460917e-01
225, 2.911672e-01, 5.746921e-01
226, 2.916135e-01, 4.087355e-01
227, 2.917705e-01, 5.082697e-01
228, 2.918245e-01, 6.062293e-01
229, 2.918484e-01, 3.522989e-01
230, 2.919817e-01, 1.916123e-01
231, 2.920651e-01, 3.823752e-01
232, 2.922202e-01, 2.809856e-01
233, 2.927134e-01, 7.857128e-01
234, 2.933537e-01, 3.197305e-01
235, 2.934968e-01, 2.251055e-01
236, 2.940733e-01, 7.642446e-01
237, 2.951071e-01, 6.379512e-01
238, 2.958188e-01, 2.555024e-01
239, 2.959684e-01, 1.645473e-01
240, 2.960061e-01, 7.023214e-01
241, 2.963845e-01, 8.319538e-01
242, 2.979914e-01, 7.280869e-01
243, 3.011457e-01, 6.063151e-01
244, 3.075454e-01, 7.646436e-01
245, 3.084462e-01, 2.557055e-01
246, 3.090156e-01, 7.276031e-01
247, 3.092499e-01, 6.383181e-01
248, 3.102022e-01, 2.815335e-01
249, 3.102450e-01, 2.245571e-01
250, 3.105173e-01, 3.198658e-01
251, 3.117956e-01, 7.848866e-01
252, 3.119768e-01, 7.023568e-01
253, 3.126787e-01, 6.666292e-01
254, 3.126937e-01, 4.090806e-01
255, 3.126958e-01, 3.839482e-01
256, 3.129929e-01, 3.508087e-01
257, 3.130390e-01, 4.459441e-01
258, 3.131888e-01, 5.414720e-01
259, 3.131938e-01, 4.731484e-01
260, 3.138085e-01, 1.629772e-01
261, 3.143909e-01, 7.805162e-01
262, 3.153140e-01, 6.257243e-01
263, 3.153149e-01, 5.074256e-01
264, 3.159202e-01, 5.747551e-01
265, 3.163017e-01, 2.676808e-01
266, 3.170887e-01, 7.093787e-01
267, 3.171283e-01, 1.942702e-01
268, 3.174984e-01, 2.387001e-01
269, 3.180461e-01, 7.444557e-01
270, 3.181425e-01, 5.785591e-01
271, 3.184435e-01, 6.497481e-01
272, 3.188441e-01, 3.955905e-01
273, 3.201285e-01, 4.592357e-01
274, 3.205135e-01, 2.991113e-01
275, 3.205340e-01, 3.374368e-01
276, 3.208883e-01, 3.643123e-01
277, 3.220234e-01, 6.826495e-01
278, 3.233078e-01, 2.048337e-01
279, 3.234056e-01, 4.919842e-01
280, 3.235350e-01, 8.088237e-01
281, 3.240794e-01, 4.302629e-01
282, 3.247101e-01, 5.592391e-01
283, 3.254190e-01, 5.213671e-01
284, 3.262562e-01, 1.794834e-01
285, 3.317709e-01, 2.049197e-01
286, 3.335942e-01, 5.220137e-01
287, 3.352982e-01, 6.474385e-01
288, 3.368460e-01, 4.316467e-01
289, 3.370981e-01, 1.793958e-01
290, 3.378735e-01, 7.091608e-01
291, 3.380164e-01, 7.796837e-01
292, 3.387060e-01, 3.399588e-01
293, 3.387358e-01, 3.615785e-01
294, 3.391777e-01, 6.827783e-01
295, 3.403445e-01, 2.383069e-01
296, 3.404916e-01, 8.107769e-01
297, 3.410288e-01, 5.579073e-01
298, 3.417007e-01, 6.280761e-01
299, 3.419997e-01, 4.580762e-01
300, 3.421399e-01, 1.874644e-01
301, 3.423082e-01, 7.432924e-01
302, 3.424345e-01, 3.964455e-01
303, 3.426270e-01, 4.916982e-01
304, 3.432223e-01, 6.304194e-01
305, 3.439686e-01, 2.979685e-01
306, 3.439874e-01, 2.655641e-01
307, 3.443517e-01, 5.792503e-01
308, 3.451919e-01, 6.964886e-01
309, 3.453248e-01, 2.247466e-01
310, 3.453399e-01, 3.484801e-01
311, 3.469546e-01, 5.491479e-01
312, 3.470909e-01, 4.472396e-01
313, 3.472709e-01, 6.694254e-01
314, 3.483851e-01, 5.739478e-01
315, 3.485818e-01, 8.347804e-01
316, 3.486774e-01, 5.044166e-01
317, 3.495299e-01, 1.583562e-01
318, 3.499690e-01, 2.561433e-01
319, 3.501261e-01, 7.945290e-01
320, 3.505531e-01, 4.147911e-01
321, 3.505689e-01, 7.287242e-01
322, 3.520132e-01, 8.300907e-01
323, 3.521572e-01, 7.585058e-01
324, 3.523460e-01, 3.846394e-01
325, 3.534708e-01, 4.755258e-01
326, 3.544133e-01, 2.842344e-01
327, 3.547932e-01, 3.156624e-01
328, 3.549566e-01, 6.007305e-01
329, 3.575471e-01, 4.754237e-01
330, 3.607193e-01, 6.007983e-01
331, 3.607565e-01, 4.473752e-01
332, 3.618440e-01, 5.743132e-01
333, 3.623973e-01, 5.482653e-01
334, 3.630461e-01, 8.306744e-01
335, 3.640420e-01, 2.575439e-01
336, 3.644370e-01, 1.580259e-01
337, 3.656665e-01, 3.165539e-01
338, 3.658176e-01, 6.282984e-01
339, 3.663067e-01, 2.840761e-01
340, 3.670719e-01, 4.579669e-01
341, 3.676064e-01, 5.835836e-01
342, 3.676274e-01, 7.296597e-01
343, 3.677437e-01, 7.925236e-01
344, 3.677864e-01, 4.159704e-01
345, 3.681580e-01, 5.051979e-01
346, 3.685003e-01, 6.676806e-01
347, 3.687746e-01, 1.879081e-01
348, 3.691656e-01, 3.842911e-01
349, 3.694207e-01, 3.474921e-01
350, 3.696805e-01, 5.586971e-01
351, 3.699759e-01, 2.215459e-01
352, 3.703286e-01, 8.408252e-01
353, 3.705308e-01, 4.208279e-01
354, 3.705752e-01, 6.986550e-01
355, 3.708574e-01, 6.205743e-01
356, 3.720693e-01, 2.723103e-01
357, 3.723282e-01, 7.600276e-01
358, 3.723377e-01, 4.970260e-01
359, 3.750343e-01, 1.781322e-01
360, 3.752692e-01, 5.176164e-01
361, 3.756621e-01, 2.994185e-01
362, 3.759239e-01, 8.105518e-01
363, 3.767411e-01, 3.972008e-01
364, 3.783239e-01, 7.128945e-01
365, 3.785737e-01, 7.489957e-01
366, 3.788968e-01, 2.373682e-01
367, 3.791898e-01, 2.062726e-01
368, 3.796101e-01, 6.516494e-01
369, 3.796696e-01, 7.759341e-01
370, 3.798015e-01, 3.680632e-01
371, 3.799063e-01, 6.851984e-01
372, 3.853235e-01, 7.763546e-01
373, 3.868392e-01, 3.969700e-01
374, 3.902715e-01, 8.402241e-01
375, 3.926278e-01, 3.691028e-01
376, 3.927728e-01, 5.594922e-01
377, 3.931140e-01, 2.063071e-01
378, 3.933624e-01, 6.854698e-01
379, 3.935294e-01, 4.954899e-01
380, 3.939687e-01, 6.203426e-01
381, 3.945242e-01, 5.840343e-01
382, 3.947676e-01, 1.782938e-01
383, 3.948078e-01, 7.486592e-01
384, 3.948236e-01, 2.367203e-01
385, 3.948405e-01, 7.123889e-01
386, 3.948410e-01, 3.648075e-01
387, 3.950009e-01, 4.194033e-01
388, 3.952311e-01, 5.179762e-01
389, 3.955134e-01, 2.707520e-01
390, 3.959642e-01, 6.511266e-01
391, 3.964011e-01, 4.609102e-01
392, 3.967506e-01, 3.751175e-01
393, 3.978925e-01, 4.141435e-01
394, 3.992329e-01, 5.726202e-01
395, 3.992456e-01, 8.099224e-01
396, 3.995946e-01, 7.551142e-01
397, 4.006767e-01, 8.056670e-01
398, 4.008501e-01, 5.070311e-01
399, 4.013924e-01, 7.006439e-01
400, 4.014347e-01, 2.232614e-01
401, 4.019519e-01, 1.909373e-01
402, 4.027407e-01, 8.165345e-01
403, 4.028187e-01, 2.845331e-01
404, 4.033447e-01, 6.024487e-01
405, 4.036142e-01, 6.351108e-01
406, 4.039635e-01, 4.787645e-01
407, 4.044402e-01, 7.303972e-01
408, 4.050021e-01, 1.607526e-01
409, 4.055175e-01, 5.396686e-01
410, 4.059997e-01, 2.532053e-01
411, 4.060646e-01, 6.656281e-01
412, 4.079746e-01, 4.435413e-01
413, 4.134692e-01, 7.309729e-01
414, 4.138957e-01, 7.000039e-01
415, 4.156113e-01, 7.538733e-01
416, 4.167420e-01, 2.528391e-01
417, 4.185672e-01, 1.896538e-01
418, 4.202874e-01, 6.345630e-01
419, 4.204136e-01, 1.609304e-01
420, 4.205388e-01, 3.767570e-01
421, 4.205396e-01, 7.460416e-01
422, 4.221036e-01, 5.406623e-01
423, 4.223206e-01, 4.136153e-01
424, 4.227036e-01, 7.139063e-01
425, 4.231468e-01, 6.662777e-01
426, 4.233097e-01, 4.413119e-01
427, 4.237339e-01, 4.820491e-01
428, 4.241417e-01, 8.203464e-01
429, 4.256530e-01, 2.253545e-01
430, 4.256570e-01, 5.031628e-01
431, 4.262085e-01, 8.038824e-01
432, 4.262186e-01, 6.056462e-01
433, 4.264867e-01, 2.851050e-01
434, 4.274738e-01, 6.731995e-01
435, 4.279964e-01, 2.305495e-01
436, 4.286804e-01, 1.746085e-01
437, 4.287415e-01, 3.597515e-01
438, 4.298670e-01, 4.946955e-01
439, 4.303379e-01, 6.171289e-01
440, 4.303623e-01, 3.621032e-01
441, 4.306973e-01, 5.708728e-01
442, 4.308403e-01, 4.289020e-01
443, 4.308955e-01, 8.128397e-01
444, 4.310282e-01, 8.418300e-01
445, 4.311176e-01, 3.960622e-01
446, 4.319313e-01, 6.531705e-01
447, 4.320998e-01, 2.748867e-01
448, 4.328646e-01, 3.076074e-01
449, 4.329179e-01, 2.122036e-01
450, 4.352599e-01, 5.176040e-01
451, 4.358173e-01, 3.015354e-01
452, 4.369988e-01, 7.821596e-01
453, 4.371017e-01, 4.599926e-01
454, 4.377308e-01, 5.599259e-01
455, 4.402083e-01, 5.893733e-01
456, 4.433283e-01, 5.599459e-01
457, 4.434859e-01, 3.268798e-01
458, 4.450886e-01, 6.739240e-01
459, 4.469651e-01, 2.106510e-01
460, 4.470072e-01, 2.755980e-01
461, 4.477244e-01, 3.270399e-01
462, 4.479676e-01, 3.014181e-01
463, 4.479822e-01, 5.185771e-01
464, 4.484477e-01, 3.624623e-01
465, 4.486148e-01, 8.137884e-01
466, 4.493744e-01, 5.893251e-01
467, 4.500902e-01, 6.525049e-01
468, 4.501442e-01, 7.814895e-01
469, 4.509170e-01, 4.583045e-01
470, 4.511102e-01, 3.942948e-01
471, 4.517968e-01, 4.300867e-01
472, 4.527438e-01, 2.308551e-01
473, 4.528713e-01, 1.748566e-01
474, 4.529636e-01, 6.569042e-01
475, 4.536208e-01, 6.177560e-01
476, 4.541581e-01, 4.959259e-01
477, 4.543564e-01, 8.433770e-01
478, 4.550468e-01, 2.899584e-01
479, 4.551540e-01, 3.161467e-01
480, 4.556380e-01, 7.124363e-01
481, 4.558469e-01, 5.776565e-01
482, 4.568712e-01, 2.223870e-01
483, 4.576846e-01, 5.376066e-01
484, 4.578160e-01, 7.975216e-01
485, 4.581418e-01, 5.021742e-01
486, 4.583529e-01, 3.480245e-01
487, 4.584499e-01, 3.812075e-01
488, 4.585019e-01, 6.065594e-01
489, 4.592919e-01, 1.836631e-01
490, 4.595616e-01, 7.464970e-01
491, 4.596574e-01, 1.593569e-01
492, 4.601609e-01, 6.353223e-01
493, 4.602852e-01, 8.304714e-01
494, 4.607511e-01, 4.146898e-01
495, 4.608646e-01, 4.450593e-01
496, 4.625445e-01, 4.787679e-01
497, 4.625885e-01, 6.998377e-01
498, 4.652956e-01, 2.484854e-01
499, 4.658917e-01, 7.582126e-01
500, 4.672196e-01, 7.331452e-01
501, 4.718588e-01, 8.299494e-01
502, 4.719509e-01, 5.763755e-01
503, 4.732819e-01, 6.368939e-01
504, 4.735408e-01, 3.474630e-01
505, 4.750082e-01, 4.458560e-01
506, 4.751809e-01, 7.329077e-01
507, 4.760495e-01, 3.163535e-01
508, 4.764756e-01, 6.570200e-01
509, 4.778125e-01, 4.766071e-01
510, 4.781235e-01, 2.215130e-01
511, 4.785318e-01, 2.916773e-01
512, 4.788737e-01, 1.859296e-01
513, 4.791602e-01, 3.802812e-01
514, 4.797239e-01, 1.597934e-01
515, 4.797787e-01, 5.382865e-01
516, 4.798516e-01, 7.579166e-01
517, 4.802073e-01, 5.036518e-01
518, 4.803779e-01, 6.515837e-01
519, 4.807151e-01, 2.470315e-01
520, 4.809370e-01, 8.438983e-01
521, 4.816452e-01, 6.997237e-01
522, 4.820765e-01, 4.152539e-01
523, 4.822832e-01, 3.300874e-01
524, 4.828974e-01, 6.051829e-01
525, 4.836979e-01, 7.986959e-01
526, 4.844738e-01, 3.021140e-01
527, 4.853941e-01, 7.488174e-01
528, 4.855155e-01, 4.598624e-01
529, 4.855709e-01, 3.691837e-01
530, 4.859739e-01, 2.389955e-01
531, 4.861667e-01, 2.066858e-01
532, 4.862541e-01, 1.757763e-01
533, 4.870236e-01, 4.955061e-01
534, 4.871226e-01, 8.056049e-01
535, 4.874219e-01, 4.256203e-01
536, 4.875789e-01, 5.528598e-01
537, 4.876692e-01, 5.954440e-01
538, 4.877759e-01, 7.102130e-01
539, 4.882220e-01, 6.146877e-01
540, 4.893072e-01, 5.242248e-01
541, 4.899791e-01, 6.843958e-01
542, 4.902189e-01, 3.968073e-01
543, 4.925151e-01, 4.597413e-01
544, 4.934252e-01, 2.686102e-01
545, 4.952852e-01, 7.111659e-01
546, 4.956358e-01, 2.389485e-01
547, 4.980608e-01, 6.827509e-01
548, 4.993006e-01, 6.160560e-01
549, 4.999811e-01, 4.954638e-01
550, 5.004883e-01, 2.688366e-01
551, 5.015350e-01, 1.747670e-01
552, 5.022423e-01, 4.275125e-01
553, 5.024219e-01, 5.251910e-01
554, 5.045000e-01, 3.015309e-01
555, 5.047758e-01, 8.439293e-01
556, 5.050157e-01, 5.921783e-01
557, 5.055031e-01, 7.484248e-01
558, 5.055953e-01, 3.279449e-01
559, 5.057972e-01, 5.534324e-01
560, 5.058193e-01, 2.082724e-01
561, 5.059481e-01, 6.968995e-01
562, 5.060006e-01, 4.843381e-01
563, 5.067591e-01, 6.530824e-01
564, 5.069404e-01, 3.944233e-01
565, 5.070293e-01, 2.570791e-01
566, 5.071378e-01, 8.068974e-01
567, 5.078638e-01, 7.529449e-01
568, 5.084379e-01, 4.399392e-01
569, 5.086742e-01, 5.976439e-01
570, 5.087643e-01, 3.719435e-01
571, 5.101703e-01, 6.594210e-01
572, 5.105512e-01, 5.082707e-01
573, 5.106680e-01, 1.579945e-01
574, 5.107872e-01, 7.404129e-01
575, 5.108690e-01, 2.191738e-01
576, 5.113126e-01, 2.891853e-01
577, 5.113705e-01, 5.390805e-01
578, 5.117609e-01, 7.965090e-01
579, 5.125883e-01, 3.147617e-01
580, 5.132770e-01, 6.400735e-01
581, 5.136454e-01, 1.944418e-01
582, 5.145718e-01, 3.822636e-01
583, 5.145797e-01, 4.109334e-01
584, 5.161265e-01, 5.691032e-01
585, 5.169290e-01, 8.214276e-01
586, 5.214191e-01, 3.532294e-01
587, 5.230802e-01, 8.216212e-01
588, 5.245382e-01, 3.819559e-01
589, 5.260785e-01, 6.595294e-01
590, 5.274290e-01, 6.971302e-01
591, 5.282822e-01, 5.684017e-01
592, 5.287149e-01, 2.898452e-01
593, 5.305401e-01, 5.378123e-01
594, 5.314445e-01, 5.079866e-01
595, 5.317251e-01, 1.570973e-01
596, 5.318464e-01, 4.115847e-01
597, 5.326087e-01, 3.154792e-01
598, 5.326555e-01, 2.524401e-01
599, 5.326626e-01, 7.949419e-01
600, 5.327325e-01, 2.228766e-01
601, 5.328193e-01, 6.408720e-01
602, 5.329452e-01, 1.946851e-01
603, 5.332486e-01, 4.414658e-01
604, 5.334720e-01, 3.530958e-01
605, 5.343822e-01, 7.540255e-01
606, 5.350201e-01, 7.406156e-01
607, 5.353234e-01, 6.442660e-01
608, 5.354854e-01, 5.972959e-01
609, 5.355568e-01, 4.849348e-01
610, 5.358537e-01, 8.024030e-01
611, 5.370812e-01, 6.828840e-01
612, 5.374664e-01, 5.538468e-01
613, 5.375549e-01, 4.025677e-01
614, 5.377921e-01, 3.035371e-01
615, 5.386815e-01, 4.909540e-01
616, 5.388245e-01, 7.460581e-01
617, 5.389946e-01, 3.620137e-01
618, 5.395644e-01, 5.215112e-01
619, 5.397724e-01, 4.299619e-01
620, 5.407985e-01, 2.357615e-01
621, 5.413249e-01, 2.065770e-01
622, 5.416948e-01, 2.693811e-01
623, 5.420702e-01, 5.861837e-01
624, 5.438790e-01, 1.749947e-01
625, 5.439074e-01, 3.331353e-01
626, 5.442422e-01, 7.235868e-01
627, 5.451231e-01, 4.596380e-01
628, 5.455054e-01, 7.757383e-01
629, 5.483098e-01, 6.155018e-01
630, 5.518927e-01, 3.335409e-01
631, 5.525198e-01, 2.346519e-01
632, 5.545307e-01, 4.013016e-01
633, 5.549189e-01, 4.594621e-01
634, 5.552017e-01, 6.156186e-01
635, 5.564788e-01, 3.628404e-01
636, 5.565680e-01, 7.472356e-01
637, 5.575894e-01, 7.742625e-01
638, 5.582327e-01, 5.863013e-01
639, 5.587685e-01, 4.901136e-01
640, 5.588376e-01, 1.752490e-01
641, 5.593092e-01, 5.553354e-01
642, 5.597775e-01, 2.070986e-01
643, 5.599811e-01, 3.010615e-01
644, 5.602089e-01, 5.222377e-01
645, 5.602227e-01, 8.033606e-01
646, 5.603486e-01, 4.306745e-01
647, 5.611991e-01, 2.717091e-01
648, 5.633916e-01, 3.527980e-01
649, 5.637798e-01, 6.399056e-01
650, 5.639095e-01, 7.622888e-01
651, 5.639434e-01, 2.160493e-01
652, 5.640951e-01, 5.997666e-01
653, 5.646703e-01, 4.789018e-01
654, 5.649624e-01, 7.218232e-01
655, 5.650071e-01, 4.385194e-01
656, 5.651531e-01, 3.777233e-01
657, 5.656135e-01, 6.373244e-01
658, 5.671397e-01, 1.599162e-01
659, 5.672740e-01, 3.141105e-01
660, 5.672760e-01, 4.185084e-01
661, 5.674369e-01, 7.257663e-01
662, 5.674969e-01, 7.893490e-01
663, 5.675251e-01, 5.748000e-01
664, 5.681974e-01, 1.919061e-01
665, 5.685987e-01, 5.081156e-01
666, 5.687455e-01, 2.582606e-01
667, 5.687937e-01, 2.860410e-01
668, 5.699926e-01, 6.895723e-01
669, 5.702673e-01, 5.359738e-01
670, 5.752203e-01, 8.271787e-01
671, 5.752305e-01, 6.986452e-01
672, 5.796010e-01, 1.584262e-01
673, 5.803050e-01, 2.868942e-01
674, 5.819785e-01, 6.661048e-01
675, 5.827416e-01, 5.356517e-01
676, 5.836165e-01, 6.990174e-01
677, 5.844020e-01, 8.263425e-01
678, 5.844458e-01, 7.901245e-01
679, 5.853672e-01, 5.978238e-01
680, 5.858337e-01, 5.085274e-01
681, 5.860746e-01, 6.658490e-01
682, 5.863522e-01, 3.512556e-01
683, 5.865350e-01, 4.333286e-01
684, 5.875095e-01, 5.770133e-01
685, 5.875770e-01, 7.649025e-01
686, 5.878082e-01, 1.911344e-01
687, 5.879177e-01, 3.143187e-01
688, 5.902283e-01, 2.579561e-01
689, 5.907637e-01, 6.383094e-01
690, 5.913077e-01, 7.221233e-01
691, 5.914761e-01, 5.833780e-01
692, 5.920233e-01, 3.068005e-01
693, 5.922291e-01, 3.776602e-01
694, 5.927908e-01, 2.179822e-01
695, 5.928326e-01, 5.224346e-01
696, 5.930316e-01, 6.827478e-01
697, 5.934240e-01, 7.743868e-01
698, 5.936273e-01, 2.636590e-01
699, 5.937542e-01, 7.178000e-01
700, 5.944068e-01, 4.816936e-01
701, 5.945574e-01, 8.122359e-01
702, 5.947819e-01, 1.797495e-01
703, 5.959331e-01, 6.486417e-01
704, 5.965399e-01, 3.691312e-01
705, 5.970382e-01, 8.448090e-01
706, 5.971005e-01, 5.597162e-01
707, 5.978395e-01, 3.335354e-01
708, 5.982365e-01, 2.080371e-01
709, 5.984284e-01, 4.897427e-01
710, 5.992682e-01, 6.245226e-01
711, 6.008844e-01, 3.955730e-01
712, 6.013657e-01, 2.350070e-01
713, 6.033388e-01, 7.428457e-01
714, 6.061140e-01, 4.642319e-01
715, 6.062602e-01, 2.352894e-01
716, 6.081091e-01, 7.733287e-01
717, 6.102830e-01, 4.905564e-01
718, 6.116199e-01, 8.149881e-01
719, 6.122214e-01, 7.438037e-01
720, 6.122667e-01, 7.160585e-01
721, 6.123119e-01, 4.216388e-01
722, 6.124603e-01, 5.831443e-01
723, 6.133716e-01, 3.340989e-01
724, 6.138998e-01, 3.057053e-01
725, 6.139605e-01, 6.496908e-01
726, 6.141440e-01, 5.591453e-01
727, 6.143032e-01, 2.658456e-01
728, 6.143870e-01, 6.835128e-01
729, 6.150243e-01, 2.062494e-01
730, 6.156894e-01, 5.218913e-01
731, 6.165193e-01, 6.236531e-01
732, 6.172784e-01, 8.415519e-01
733, 6.173713e-01, 4.645519e-01
734, 6.175178e-01, 1.795584e-01
735, 6.183585e-01, 3.970265e-01
736, 6.186903e-01, 2.586762e-01
737, 6.188959e-01, 3.662863e-01
738, 6.193560e-01, 7.544973e-01
739, 6.199193e-01, 2.147251e-01
740, 6.207734e-01, 5.707738e-01
741, 6.213186e-01, 5.107087e-01
742, 6.213484e-01, 8.323944e-01
743, 6.216468e-01, 7.295142e-01
744, 6.224193e-01, 7.965907e-01
745, 6.224263e-01, 3.191507e-01
746, 6.227328e-01, 4.734454e-01
747, 6.230344e-01, 6.323787e-01
748, 6.230366e-01, 6.988202e-01
749, 6.233879e-01, 3.531083e-01
750, 6.234964e-01, 6.640198e-01
751, 6.235680e-01, 4.077392e-01
752, 6.249277e-01, 1.898600e-01
753, 6.253872e-01, 6.046239e-01
754, 6.256465e-01, 4.524634e-01
755, 6.262755e-01, 5.366360e-01
756, 6.268058e-01, 2.864096e-01
757, 6.287599e-01, 3.803240e-01
758, 6.295489e-01, 1.605890e-01
759, 6.346197e-01, 3.811219e-01
760, 6.348001e-01, 5.364514e-01
761, 6.353711e-01, 3.526706e-01
762, 6.357812e-01, 6.325583e-01
763, 6.376448e-01, 7.302151e-01
764, 6.379426e-01, 6.988296e-01
765, 6.385720e-01, 6.653505e-01
766, 6.387752e-01, 1.889187e-01
767, 6.398732e-01, 4.748746e-01
768, 6.401366e-01, 1.608518e-01
769, 6.409406e-01, 2.152908e-01
770, 6.410892e-01, 8.311309e-01
771, 6.412726e-01, 6.026751e-01
772, 6.418221e-01, 2.598962e-01
773, 6.424198e-01, 4.064584e-01
774, 6.429774e-01, 3.158838e-01
775, 6.430234e-01, 5.085980e-01
776, 6.432261e-01, 2.874213e-01
777, 6.432792e-01, 4.534799e-01
778, 6.435395e-01, 5.717603e-01
779, 6.439124e-01, 3.683790e-01
780, 6.453332e-01, 4.015594e-01
781, 6.459184e-01, 7.970168e-01
782, 6.465500e-01, 7.154499e-01
783, 6.470841e-01, 6.822889e-01
784, 6.471014e-01, 5.203099e-01
785, 6.476272e-01, 6.520764e-01
786, 6.477062e-01, 1.761922e-01
787, 6.477709e-01, 2.045466e-01
788, 6.477965e-01, 6.161212e-01
789, 6.478199e-01, 4.620790e-01
790, 6.487260e-01, 5.598633e-01
791, 6.487591e-01, 8.435181e-01
792, 6.498498e-01, 4.949131e-01
793, 6.499052e-01, 3.260981e-01
794, 6.500205e-01, 2.776525e-01
795, 6.502540e-01, 3.017998e-01
796, 6.517094e-01, 5.837486e-01
797, 6.533191e-01, 8.086631e-01
798, 6.540011e-01, 4.262773e-01
799, 6.566408e-01, 7.747825e-01
800, 6.575149e-01, 2.386933e-01
801, 6.582386e-01, 2.768354e-01
802, 6.649334e-01, 2.386475e-01
803, 6.666228e-01, 3.014754e-01
804, 6.667418e-01, 8.429341e-01
805, 6.679695e-01, 1.754834e-01
806, 6.692400e-01, 5.839949e-01
807, 6.693303e-01, 5.243508e-01
808, 6.701018e-01, 5.573845e-01
809, 6.704129e-01, 4.008675e-01
810, 6.707392e-01, 2.948965e-01
811, 6.709525e-01, 2.080192e-01
812, 6.710812e-01, 8.084858e-01
813, 6.713534e-01, 6.526363e-01
814, 6.715237e-01, 2.489954e-01
815, 6.717546e-01, 4.924740e-01
816, 6.717815e-01, 6.807066e-01
817, 6.718046e-01, 7.753413e-01
818, 6.720987e-01, 6.164515e-01
819, 6.723221e-01, 7.494357e-01
820, 6.733455e-01, 7.166254e-01
821, 6.738494e-01, 4.650604e-01
822, 6.751756e-01, 3.674418e-01
823, 6.753562e-01, 4.250943e-01
824, 6.755839e-01, 2.182751e-01
825, 6.767431e-01, 5.734514e-01
826, 6.781348e-01, 1.604289e-01
827, 6.788885e-01, 4.742161e-01
828, 6.791117e-01, 6.665409e-01
829, 6.791124e-01, 5.400820e-01
830, 6.791950e-01, 8.221575e-01
831, 6.792303e-01, 7.590150e-01
832, 6.794068e-01, 1.938790e-01
833, 6.794329e-01, 5.014205e-01
834, 6.795201e-01, 6.006118e-01
835, 6.799180e-01, 4.172941e-01
836, 6.805876e-01, 7.945602e-01
837, 6.823905e-01, 6.997707e-01
838, 6.824209e-01, 6.347676e-01
839, 6.825891e-01, 3.824747e-01
840, 6.826062e-01, 7.310971e-01
841, 6.884659e-01, 4.453696e-01
842, 6.912811e-01, 5.010957e-01
843, 6.920121e-01, 4.451242e-01
844, 6.938202e-01, 6.660251e-01
845, 6.949976e-01, 7.962109e-01
846, 6.952424e-01, 3.829751e-01
847, 6.953292e-01, 7.312334e-01
848, 6.959307e-01, 4.744071e-01
849, 6.961607e-01, 8.220036e-01
850, 6.965324e-01, 7.577679e-01
851, 6.966175e-01, 5.736854e-01
852, 6.968321e-01, 5.994100e-01
853, 6.969609e-01, 4.190024e-01
854, 6.974087e-01, 1.936149e-01
855, 6.974315e-01, 3.246363e-01
856, 6.978208e-01, 2.194718e-01
857, 6.982192e-01, 2.923885e-01
858, 6.989037e-01, 2.495823e-01
859, 6.990839e-01, 1.611552e-01
860, 6.991492e-01, 5.404113e-01
861, 6.995320e-01, 6.361700e-01
862, 6.995841e-01, 7.000736e-01
863, 6.999814e-01, 3.232143e-01
864, 7.011986e-01, 4.885161e-01
865, 7.017399e-01, 3.717462e-01
866, 7.020583e-01, 4.295879e-01
867, 7.027094e-01, 8.101544e-01
868, 7.030511e-01, 4.614314e-01
869, 7.032292e-01, 7.448715e-01
870, 7.047885e-01, 5.846348e-01
871, 7.048439e-01, 6.447993e-01
872, 7.050007e-01, 2.044200e-01
873, 7.055378e-01, 5.532013e-01
874, 7.062088e-01, 8.423493e-01
875, 7.063777e-01, 1.728134e-01
876, 7.067258e-01, 5.291802e-01
877, 7.070078e-01, 3.049332e-01
878, 7.070188e-01, 2.370104e-01
879, 7.070602e-01, 3.995494e-01
880, 7.072914e-01, 7.132634e-01
881, 7.074469e-01, 6.872684e-01
882, 7.079910e-01, 7.752119e-01
883, 7.106042e-01, 2.716709e-01
884, 7.116119e-01, 6.197581e-01
885, 7.138409e-01, 2.043112e-01
886, 7.168901e-01, 1.994546e-01
887, 7.178083e-01, 5.554086e-01
888, 7.186172e-01, 6.445643e-01
889, 7.190685e-01, 7.125620e-01
890, 7.192565e-01, 4.324020e-01
891, 7.201244e-01, 6.196942e-01
892, 7.223460e-01, 6.880538e-01
893, 7.224714e-01, 2.711829e-01
894, 7.233825e-01, 3.984920e-01
895, 7.241324e-01, 5.848035e-01
896, 7.246050e-01, 4.920672e-01
897, 7.246486e-01, 7.758125e-01
898, 7.248323e-01, 3.243777e-01
899, 7.254644e-01, 2.386691e-01
900, 7.257294e-01, 6.298677e-01
901, 7.257334e-01, 7.438777e-01
902, 7.259158e-01, 5.822646e-01
903, 7.263057e-01, 8.425172e-01
904, 7.263811e-01, 3.045153e-01
905, 7.265788e-01, 8.094282e-01
906, 7.276015e-01, 4.573987e-01
907, 7.276824e-01, 6.983797e-01
908, 7.283126e-01, 3.702695e-01
909, 7.296675e-01, 4.512764e-01
910, 7.300289e-01, 5.249075e-01
911, 7.313627e-01, 7.320381e-01
912, 7.314344e-01, 3.153377e-01
913, 7.315458e-01, 4.096367e-01
914, 7.318586e-01, 6.005534e-01
915, 7.321079e-01, 2.283043e-01
916, 7.325470e-01, 6.686240e-01
917, 7.329756e-01, 3.771741e-01
918, 7.336083e-01, 2.532414e-01
919, 7.342435e-01, 2.894580e-01
920, 7.342712e-01, 7.924702e-01
921, 7.352162e-01, 5.141105e-01
922, 7.353072e-01, 7.591698e-01
923, 7.355597e-01, 5.329413e-01
924, 7.359287e-01, 8.234406e-01
925, 7.382210e-01, 4.705731e-01
926, 7.402232e-01, 3.487567e-01
927, 7.462358e-01, 7.594474e-01
928, 7.466340e-01, 2.877998e-01
929, 7.472760e-01, 5.132415e-01
930, 7.482234e-01, 4.708795e-01
931, 7.483933e-01, 5.340334e-01
932, 7.485634e-01, 3.174086e-01
933, 7.489427e-01, 3.487117e-01
934, 7.491498e-01, 4.100273e-01
935, 7.491510e-01, 7.010764e-01
936, 7.497226e-01, 2.270356e-01
937, 7.509158e-01, 4.513519e-01
938, 7.521039e-01, 8.235335e-01
939, 7.522877e-01, 7.296957e-01
940, 7.534153e-01, 5.820669e-01
941, 7.535042e-01, 5.250617e-01
942, 7.535538e-01, 7.912609e-01
943, 7.545396e-01, 6.305229e-01
944, 7.547278e-01, 3.736351e-01
945, 7.547420e-01, 2.553581e-01
946, 7.548698e-01, 5.992268e-01
947, 7.552694e-01, 4.612097e-01
948, 7.555150e-01, 3.350312e-01
949, 7.570456e-01, 3.056036e-01
950, 7.573972e-01, 7.439744e-01
951, 7.582326e-01, 3.663339e-01
952, 7.584085e-01, 5.916157e-01
953, 7.586425e-01, 7.828673e-01
954, 7.587572e-01, 6.676818e-01
955, 7.592361e-01, 2.634546e-01
956, 7.593174e-01, 2.447614e-01
957, 7.594366e-01, 7.188771e-01
958, 7.613388e-01, 4.908985e-01
959, 7.621172e-01, 4.323715e-01
960, 7.622732e-01, 8.421109e-01
961, 7.623763e-01, 8.093357e-01
962, 7.623808e-01, 3.885904e-01
963, 7.631022e-01, 6.759040e-01
964, 7.640528e-01, 6.120083e-01
965, 7.653926e-01, 2.036515e-01
966, 7.659231e-01, 5.549986e-01
967, 7.676343e-01, 6.538370e-01
968, 7.687892e-01, 2.015830e-01
969, 7.694257e-01, 7.828948e-01
970, 7.752742e-01, 6.115159e-01
971, 7.754320e-01, 2.016589e-01
972, 7.760682e-01, 3.653085e-01
973, 7.767115e-01, 8.421383e-01
974, 7.768526e-01, 5.915561e-01
975, 7.779359e-01, 7.192401e-01
976, 7.792494e-01, 2.421864e-01
977, 7.797579e-01, 4.619771e-01
978, 7.804115e-01, 3.053118e-01
979, 7.804638e-01, 4.913548e-01
980, 7.807665e-01, 3.882821e-01
981, 7.809620e-01, 8.091458e-01
982, 7.811613e-01, 7.440568e-01
983, 7.811672e-01, 6.541044e-01
984, 7.813352e-01, 6.027768e-01
985, 7.825666e-01, 5.542380e-01
986, 7.833531e-01, 3.344915e-01
987, 7.836624e-01, 4.335307e-01
988, 7.837759e-01, 1.859064e-01
989, 7.837834e-01, 8.045345e-01
990, 7.839509e-01, 6.758896e-01
991, 7.840476e-01, 2.663635e-01
992, 7.842913e-01, 5.260410e-01
993, 7.848448e-01, 3.820258e-01
994, 7.861214e-01, 7.308251e-01
995, 7.876482e-01, 7.540834e-01
996, 7.881886e-01, 2.216785e-01
997, 7.882966e-01, 8.225137e-01
998, 7.883376e-01, 1.589968e-01
999, 7.886416e-01, 4.781197e-01
1000, 7.887301e-01, 3.443640e-01
1001, 7.891086e-01, 2.577915e-01
1002, 7.895211e-01, 6.654037e-01
1003, 7.898227e-01, 3.199376e-01
1004, 7.898237e-01, 6.391517e-01
1005, 7.898651e-01, 4.452220e-01
1006, 7.902413e-01, 5.691748e-01
1007, 7.906297e-01, 5.070453e-01
1008, 7.920871e-01, 5.400846e-01
1009, 7.928740e-01, 2.810022e-01
1010, 7.934834e-01, 6.960605e-01
1011, 7.969410e-01, 4.131340e-01
1012, 7.995890e-01, 6.645791e-01
1013, 7.998763e-01, 4.128646e-01
1014, 8.001828e-01, 4.783222e-01
1015, 8.006286e-01, 1.601989e-01
1016, 8.010812e-01, 3.207274e-01
1017, 8.017956e-01, 5.399412e-01
1018, 8.027485e-01, 6.396490e-01
1019, 8.035512e-01, 7.305766e-01
1020, 8.052897e-01, 3.432580e-01
1021, 8.055936e-01, 2.567243e-01
1022, 8.070885e-01, 5.697132e-01
1023, 8.071577e-01, 8.229773e-01
1024, 8.071669e-01, 6.027429e-01
1025, 8.071874e-01, 2.814878e-01
1026, 8.076853e-01, 6.516722e-01
1027, 8.078147e-01, 4.464698e-01
1028, 8.079686e-01, 5.062348e-01
1029, 8.079981e-01, 7.566271e-01
1030, 8.092070e-01, 3.340813e-01
1031, 8.097647e-01, 6.969944e-01
1032, 8.103782e-01, 3.842780e-01
1033, 8.104841e-01, 8.021042e-01
1034, 8.107492e-01, 2.227511e-01
1035, 8.123358e-01, 4.559297e-01
1036, 8.123967e-01, 2.724825e-01
1037, 8.126799e-01, 7.485248e-01
1038, 8.127819e-01, 5.564580e-01
1039, 8.129230e-01, 4.982215e-01
1040, 8.135217e-01, 3.890059e-01
1041, 8.146994e-01, 8.087341e-01
1042, 8.148154e-01, 5.219592e-01
1043, 8.150714e-01, 8.391178e-01
1044, 8.150847e-01, 6.883281e-01
1045, 8.167183e-01, 6.183024e-01
1046, 8.170002e-01, 4.341578e-01
1047, 8.170820e-01, 2.970922e-01
1048, 8.172227e-01, 5.827556e-01
1049, 8.175515e-01, 7.102373e-01
1050, 8.193291e-01, 7.810666e-01
1051, 8.198429e-01, 2.369119e-01
1052, 8.204553e-01, 3.663907e-01
1053, 8.223361e-01, 6.883505e-01
1054, 8.238468e-01, 2.061843e-01
1055, 8.282690e-01, 8.089515e-01
1056, 8.300492e-01, 1.811702e-01
1057, 8.300833e-01, 7.109659e-01
1058, 8.308440e-01, 5.824544e-01
1059, 8.317313e-01, 7.076126e-01
1060, 8.318299e-01, 5.571105e-01
1061, 8.339865e-01, 4.561434e-01
1062, 8.342263e-01, 5.210505e-01
1063, 8.343167e-01, 6.187420e-01
1064, 8.349023e-01, 4.332404e-01
1065, 8.351503e-01, 7.445306e-01
1066, 8.356911e-01, 2.090881e-01
1067, 8.358765e-01, 3.288829e-01
1068, 8.361072e-01, 8.420046e-01
1069, 8.362489e-01, 4.984336e-01
1070, 8.364537e-01, 2.343549e-01
1071, 8.372780e-01, 3.693810e-01
1072, 8.375968e-01, 3.004138e-01
1073, 8.376664e-01, 7.821950e-01
1074, 8.382616e-01, 5.714398e-01
1075, 8.382824e-01, 2.713180e-01
1076, 8.389744e-01, 6.506843e-01
1077, 8.390220e-01, 3.889582e-01
1078, 8.411813e-01, 4.410418e-01
1079, 8.415672e-01, 5.056369e-01
1080, 8.420299e-01, 7.900948e-01
1081, 8.421217e-01, 1.976912e-01
1082, 8.422010e-01, 1.611843e-01
1083, 8.422438e-01, 5.350494e-01
1084, 8.422470e-01, 2.236636e-01
1085, 8.435119e-01, 7.300541e-01
1086, 8.436175e-01, 3.813749e-01
1087, 8.437627e-01, 3.105142e-01
1088, 8.440748e-01, 6.024506e-01
1089, 8.441357e-01, 8.289295e-01
1090, 8.445233e-01, 6.596594e-01
1091, 8.462338e-01, 2.501326e-01
1092, 8.463047e-01, 6.378048e-01
1093, 8.465556e-01, 4.758354e-01
1094, 8.474465e-01, 4.070307e-01
1095, 8.478615e-01, 3.529037e-01
1096, 8.479811e-01, 2.855555e-01
1097, 8.480707e-01, 7.662306e-01
1098, 7.785167e-01, 1.750517e-01
1099, 8.144908e-01, 1.833938e-01
1100, 1.634671e-01, 2.668433e-01
1101, 3.931102e-01, 3.013588e-01
1102, 3.739405e-01, 3.386216e-01
1103, 6.766912e-01, 3.254837e-01
1104, 6.854766e-01, 3.484698e-01
1105, 5.904327e-01, 4.216093e-01
1106, 6.466262e-01, 7.514185e-01
1107, 4.951121e-01, 7.773270e-01
1108, 3.094261e-01, 8.330110e-01
1109, 1.583862e-01, 1.500000e-01
1110, 1.774545e-01, 1.500000e-01
1111, 2.054030e-01, 1.500000e-01
1112, 2.318649e-01, 1.500000e-01
1113, 2.584657e-01, 1.500000e-01
1114, 2.884464e-01, 1.500000e-01
1115, 3.205127e-01, 1.500000e-01
1116, 3.450726e-01, 1.500000e-01
1117, 3.691002e-01, 1.500000e-01
1118, 3.987965e-01, 1.500000e-01
1119, 4.269142e-01, 1.500000e-01
1120, 4.542444e-01, 1.500000e-01
1121, 4.866095e-01, 1.500000e-01
1122, 5.057228e-01, 1.500000e-01
1123, 5.358885e-01, 1.500000e-01
1124, 5.611290e-01, 1.500000e-01
1125, 5.826131e-01, 1.500000e-01
1126, 6.251219e-01, 1.500000e-01
1127, 6.457615e-01, 1.500000e-01
1128, 6.729204e-01, 1.500000e-01
1129, 7.056127e-01, 1.500000e-01
1130, 7.841105e-01, 1.500000e-01
1131, 8.075414e-01, 1.500000e-01
1132, 8.354057e-01, 1.500000e-01
1133, 7.223373e-01, 1.500000e-01
1134, 7.588345e-01, 1.500000e-01
1135, 8.500000e-01, 1.611355e-01
1136, 1.500000e-01, 1.883162e-01
1137, 1.500000e-01, 2.016988e-01
1138, 8.500000e-01, 1.972091e-01
1139, 1.500000e-01, 2.091526e-01
1140, 1.500000e-01, 2.268696e-01
1141, 8.500000e-01, 2.236306e-01
1142, 1.500000e-01, 2.494668e-01
1143, 8.500000e-01, 2.502861e-01
1144, 8.500000e-01, 2.856790e-01
1145, 8.500000e-01, 3.095305e-01
1146, 1.500000e-01, 3.422019e-01
1147, 1.500000e-01, 3.489981e-01
1148, 8.500000e-01, 3.531591e-01
1149, 1.500000e-01, 3.740061e-01
1150, 8.500000e-01, 3.814794e-01
1151, 1.500000e-01, 4.130927e-01
1152, 1.500000e-01, 4.214631e-01
1153, 8.500000e-01, 4.070234e-01
1154, 1.500000e-01, 4.469102e-01
1155, 1.500000e-01, 4.472993e-01
1156, 8.500000e-01, 4.419810e-01
1157, 1.500000e-01, 4.754796e-01
1158, 1.500000e-01, 4.832800e-01
1159, 8.500000e-01, 4.753920e-01
1160, 1.500000e-01, 4.912846e-01
1161, 1.500000e-01, 5.204931e-01
1162, 8.500000e-01, 5.052924e-01
1163, 1.500000e-01, 5.378450e-01
1164, 1.500000e-01, 5.483207e-01
1165, 8.500000e-01, 5.345669e-01
1166, 1.500000e-01, 5.615601e-01
1167, 1.500000e-01, 5.721465e-01
1168, 8.500000e-01, 5.734541e-01
1169, 1.500000e-01, 5.921568e-01
1170, 1.500000e-01, 6.105787e-01
1171, 8.500000e-01, 6.021071e-01
1172, 1.500000e-01, 6.354033e-01
1173, 1.500000e-01, 6.440798e-01
1174, 8.500000e-01, 6.381648e-01
1175, 1.500000e-01, 6.485074e-01
1176, 1.500000e-01, 6.704663e-01
1177, 8.500000e-01, 6.594180e-01
1178, 8.500000e-01, 7.067693e-01
1179, 1.500000e-01, 7.152216e-01
1180, 1.500000e-01, 7.399376e-01
1181, 8.500000e-01, 7.301229e-01
1182, 8.500000e-01, 7.661812e-01
1183, 8.500000e-01, 7.909987e-01
1184, 8.500000e-01, 8.281817e-01
1185, 1.581833e-01, 8.500000e-01
1186, 1.746644e-01, 8.500000e-01
1187, 2.069415e-01, 8.500000e-01
1188, 2.330762e-01, 8.500000e-01
1189, 2.544682e-01, 8.500000e-01
1190, 2.937778e-01, 8.500000e-01
1191, 3.002186e-01, 8.500000e-01
1192, 3.549877e-01, 8.500000e-01
1193, 3.665772e-01, 8.500000e-01
1194, 3.970554e-01, 8.500000e-01
1195, 4.265640e-01, 8.500000e-01
1196, 4.566203e-01, 8.500000e-01
1197, 4.775333e-01, 8.500000e-01
1198, 5.082361e-01, 8.500000e-01
1199, 5.940470e-01, 8.500000e-01
1200, 6.222562e-01, 8.500000e-01
1201, 6.449943e-01, 8.500000e-01
1202, 6.713911e-01, 8.500000e-01
1203, 7.021455e-01, 8.500000e-01
1204, 7.304529e-01, 8.500000e-01
1205, 7.570350e-01, 8.500000e-01
1206, 7.816036e-01, 8.500000e-01
1207, 8.089514e-01, 8.500000e-01
1208, 8.393064e-01, 8.500000e-01
1209, 1.507928e-01, 1.629096e-01
1210, 1.508601e-01, 2.843001e-01
1211, 1.500279e-01, 3.250843e-01
1212, 1.502472e-01, 7.058731e-01
1213, 1.502679e-01, 7.593282e-01
1214, 1.500152e-01, 7.978742e-01
1215, 1.502611e-01, 8.181876e-01
1216, 5.388370e-01, 8.492013e-01
1217, 5.629643e-01, 8.494813e-01
