1, 1.519654e-01, 3.440130e-01
2, 1.521743e-01, 5.865354e-01
3, 1.523071e-01, 2.215278e-01
4, 1.531433e-01, 1.993181e-01
5, 1.534348e-01, 2.418596e-01
6, 1.535029e-01, 6.821550e-01
7, 1.619746e-01, 7.598356e-01
8, 1.619960e-01, 6.045923e-01
9, 1.630325e-01, 1.749062e-01
10, 1.635242e-01, 5.597920e-01
11, 1.644902e-01, 2.234559e-01
12, 1.654346e-01, 3.889199e-01
13, 1.664615e-01, 2.656210e-01
14, 1.669980e-01, 6.799461e-01
15, 1.671965e-01, 5.855167e-01
16, 1.672270e-01, 6.325672e-01
17, 1.673887e-01, 5.119413e-01
18, 1.676441e-01, 4.192162e-01
19, 1.677062e-01, 1.729950e-01
20, 1.678965e-01, 2.775327e-01
21, 1.680998e-01, 5.395450e-01
22, 1.683832e-01, 6.501377e-01
23, 1.684226e-01, 3.418807e-01
24, 1.684840e-01, 6.685483e-01
25, 1.685367e-01, 4.163240e-01
26, 1.685580e-01, 3.206944e-01
27, 1.686508e-01, 2.923013e-01
28, 1.687753e-01, 4.750135e-01
29, 1.688399e-01, 6.351409e-01
30, 1.689478e-01, 5.139224e-01
31, 1.695125e-01, 7.996582e-01
32, 1.695597e-01, 3.182912e-01
33, 1.697856e-01, 1.707373e-01
34, 1.698243e-01, 7.808951e-01
35, 1.699575e-01, 3.934227e-01
36, 1.700455e-01, 3.108710e-01
37, 1.701860e-01, 4.379883e-01
38, 1.703057e-01, 5.887292e-01
39, 1.705401e-01, 2.455400e-01
40, 1.705401e-01, 4.120639e-01
41, 1.705892e-01, 8.030152e-01
42, 1.707531e-01, 8.304961e-01
43, 1.708062e-01, 2.207092e-01
44, 1.708294e-01, 7.529777e-01
45, 1.709058e-01, 7.055974e-01
46, 1.709879e-01, 2.159398e-01
47, 1.711393e-01, 6.853162e-01
48, 1.712382e-01, 5.357031e-01
49, 1.713087e-01, 3.625366e-01
50, 1.714218e-01, 7.134269e-01
51, 1.717612e-01, 4.395192e-01
52, 1.717628e-01, 3.452136e-01
53, 1.718331e-01, 5.136466e-01
54, 1.719980e-01, 7.077135e-01
55, 1.721801e-01, 3.160233e-01
56, 1.723388e-01, 2.131321e-01
57, 1.724649e-01, 7.842868e-01
58, 1.724822e-01, 1.963694e-01
59, 1.728605e-01, 2.431165e-01
60, 1.731432e-01, 4.641488e-01
61, 1.734223e-01, 2.247452e-01
62, 1.736099e-01, 4.106197e-01
63, 1.737036e-01, 8.090872e-01
64, 1.738251e-01, 1.691673e-01
65, 1.740556e-01, 2.691602e-01
66, 1.741505e-01, 6.043902e-01
67, 1.754823e-01, 3.177665e-01
68, 1.771710e-01, 5.109000e-01
69, 1.788441e-01, 7.517359e-01
70, 1.794405e-01, 4.617500e-01
71, 1.864277e-01, 4.862588e-01
72, 1.884736e-01, 5.913076e-01
73, 1.892648e-01, 7.846454e-01
74, 1.900359e-01, 4.880559e-01
75, 1.900447e-01, 4.385823e-01
76, 1.901469e-01, 3.930110e-01
77, 1.906633e-01, 2.532500e-01
78, 1.906724e-01, 1.961552e-01
79, 1.908682e-01, 2.666635e-01
80, 1.919512e-01, 7.079056e-01
81, 1.922191e-01, 1.905552e-01
82, 1.923630e-01, 7.675443e-01
83, 1.924249e-01, 1.546886e-01
84, 1.925605e-01, 2.183287e-01
85, 1.926309e-01, 3.431371e-01
86, 1.931318e-01, 7.564918e-01
87, 1.931716e-01, 3.609587e-01
88, 1.937765e-01, 1.724274e-01
89, 1.939026e-01, 4.881176e-01
90, 1.939095e-01, 5.645024e-01
91, 1.947278e-01, 3.385945e-01
92, 1.947679e-01, 4.114232e-01
93, 1.948624e-01, 6.535860e-01
94, 1.949379e-01, 5.395246e-01
95, 1.950998e-01, 4.626069e-01
96, 1.951764e-01, 2.217428e-01
97, 1.953049e-01, 7.552555e-01
98, 1.953298e-01, 2.372171e-01
99, 1.954140e-01, 6.313135e-01
100, 1.955236e-01, 6.106022e-01
101, 1.955415e-01, 4.400333e-01
102, 1.955823e-01, 3.938717e-01
103, 1.958618e-01, 3.190108e-01
104, 1.960106e-01, 8.066706e-01
105, 1.960336e-01, 2.425199e-01
106, 1.960972e-01, 1.702130e-01
107, 1.964882e-01, 7.746062e-01
108, 1.964980e-01, 7.269156e-01
109, 1.967003e-01, 2.710440e-01
110, 1.968511e-01, 4.644613e-01
111, 1.969045e-01, 4.424398e-01
112, 1.969126e-01, 7.037584e-01
113, 1.974057e-01, 4.144012e-01
114, 1.975137e-01, 6.846930e-01
115, 1.976280e-01, 3.174385e-01
116, 1.977788e-01, 5.601069e-01
117, 1.979806e-01, 5.915932e-01
118, 1.980953e-01, 4.340558e-01
119, 1.982458e-01, 8.044077e-01
120, 1.984846e-01, 3.876043e-01
121, 1.991755e-01, 6.867578e-01
122, 1.998824e-01, 3.686513e-01
123, 1.999649e-01, 6.900694e-01
124, 2.013074e-01, 6.596449e-01
125, 2.013977e-01, 3.427868e-01
126, 2.023946e-01, 2.954599e-01
127, 2.026879e-01, 5.389161e-01
128, 2.037354e-01, 6.739276e-01
129, 2.095993e-01, 7.582460e-01
130, 2.147831e-01, 7.109682e-01
131, 2.153932e-01, 2.205807e-01
132, 2.158539e-01, 4.665630e-01
133, 2.159447e-01, 8.283374e-01
134, 2.160588e-01, 1.715226e-01
135, 2.161738e-01, 6.644361e-01
136, 2.164017e-01, 7.793357e-01
137, 2.164354e-01, 4.164879e-01
138, 2.165653e-01, 5.369997e-01
139, 2.170735e-01, 3.865756e-01
140, 2.171451e-01, 5.828334e-01
141, 2.175010e-01, 3.190864e-01
142, 2.178055e-01, 2.143269e-01
143, 2.178633e-01, 3.733241e-01
144, 2.178983e-01, 4.892053e-01
145, 2.179040e-01, 8.006474e-01
146, 2.180863e-01, 4.590826e-01
147, 2.180962e-01, 6.312457e-01
148, 2.181891e-01, 1.705446e-01
149, 2.183911e-01, 1.653344e-01
150, 2.184244e-01, 7.292501e-01
151, 2.184333e-01, 6.801603e-01
152, 2.185316e-01, 3.650558e-01
153, 2.186491e-01, 4.157408e-01
154, 2.186797e-01, 2.665299e-01
155, 2.186923e-01, 2.736095e-01
156, 2.186940e-01, 4.117463e-01
157, 2.187349e-01, 3.620200e-01
158, 2.187949e-01, 3.886196e-01
159, 2.188342e-01, 5.640802e-01
160, 2.188584e-01, 2.926097e-01
161, 2.190496e-01, 4.390681e-01
162, 2.192270e-01, 2.187653e-01
163, 2.192463e-01, 6.530547e-01
164, 2.199930e-01, 3.685785e-01
165, 2.201503e-01, 6.064518e-01
166, 2.201765e-01, 2.684440e-01
167, 2.201944e-01, 5.393710e-01
168, 2.203957e-01, 6.553020e-01
169, 2.206362e-01, 3.414470e-01
170, 2.207001e-01, 5.041770e-01
171, 2.208149e-01, 7.068202e-01
172, 2.208792e-01, 7.483510e-01
173, 2.209387e-01, 8.333535e-01
174, 2.209587e-01, 2.901225e-01
175, 2.210638e-01, 5.605162e-01
176, 2.210723e-01, 5.635603e-01
177, 2.210974e-01, 3.581012e-01
178, 2.211520e-01, 7.320888e-01
179, 2.211540e-01, 7.845909e-01
180, 2.217468e-01, 5.895436e-01
181, 2.218272e-01, 6.359189e-01
182, 2.218347e-01, 3.142057e-01
183, 2.219201e-01, 6.019728e-01
184, 2.219607e-01, 7.572152e-01
185, 2.226800e-01, 3.235792e-01
186, 2.227351e-01, 5.558360e-01
187, 2.235752e-01, 2.671503e-01
188, 2.236114e-01, 8.057507e-01
189, 2.243685e-01, 4.176482e-01
190, 2.246833e-01, 6.111824e-01
191, 2.260231e-01, 1.748051e-01
192, 2.276381e-01, 3.716952e-01
193, 2.290969e-01, 2.148404e-01
194, 2.336759e-01, 2.407771e-01
195, 2.357015e-01, 4.435862e-01
196, 2.363497e-01, 7.302226e-01
197, 2.387378e-01, 5.625771e-01
198, 2.389859e-01, 6.803271e-01
199, 2.391964e-01, 1.922719e-01
200, 2.393514e-01, 6.373792e-01
201, 2.399875e-01, 2.667265e-01
202, 2.410345e-01, 7.370614e-01
203, 2.410495e-01, 8.360668e-01
204, 2.411673e-01, 7.048399e-01
205, 2.413219e-01, 4.858380e-01
206, 2.414592e-01, 2.165644e-01
207, 2.415348e-01, 2.975275e-01
208, 2.416472e-01, 5.836943e-01
209, 2.424193e-01, 8.259282e-01
210, 2.424679e-01, 6.575063e-01
211, 2.425274e-01, 8.065172e-01
212, 2.425481e-01, 8.308503e-01
213, 2.427231e-01, 7.327811e-01
214, 2.427557e-01, 5.105243e-01
215, 2.428207e-01, 6.111293e-01
216, 2.428739e-01, 7.705267e-01
217, 2.429782e-01, 6.335275e-01
218, 2.431915e-01, 4.871713e-01
219, 2.434096e-01, 2.706018e-01
220, 2.434119e-01, 6.879747e-01
221, 2.435060e-01, 7.072034e-01
222, 2.436519e-01, 1.722263e-01
223, 2.437791e-01, 2.475387e-01
224, 2.438437e-01, 3.939310e-01
225, 2.441176e-01, 4.409034e-01
226, 2.442844e-01, 6.824837e-01
227, 2.444266e-01, 2.907004e-01
228, 2.446105e-01, 5.569312e-01
229, 2.446255e-01, 5.838414e-01
230, 2.446571e-01, 8.045125e-01
231, 2.448204e-01, 2.455177e-01
232, 2.450818e-01, 6.598102e-01
233, 2.450845e-01, 6.849048e-01
234, 2.451801e-01, 4.144910e-01
235, 2.456450e-01, 1.699192e-01
236, 2.457108e-01, 6.323218e-01
237, 2.457502e-01, 7.769657e-01
238, 2.460449e-01, 3.155557e-01
239, 2.462628e-01, 4.908964e-01
240, 2.465641e-01, 7.322195e-01
241, 2.466214e-01, 3.374028e-01
242, 2.466959e-01, 2.204554e-01
243, 2.475164e-01, 5.902684e-01
244, 2.477057e-01, 5.828025e-01
245, 2.478533e-01, 4.165589e-01
246, 2.479264e-01, 1.934710e-01
247, 2.499811e-01, 4.399062e-01
248, 2.506044e-01, 3.853163e-01
249, 2.516742e-01, 4.289740e-01
250, 2.519936e-01, 8.348800e-01
251, 2.526754e-01, 6.346300e-01
252, 2.602775e-01, 4.664685e-01
253, 2.605989e-01, 7.521982e-01
254, 2.620120e-01, 7.019305e-01
255, 2.624261e-01, 3.082763e-01
256, 2.625959e-01, 2.167495e-01
257, 2.640952e-01, 6.495486e-01
258, 2.642859e-01, 5.400140e-01
259, 2.643136e-01, 6.610804e-01
260, 2.646048e-01, 4.638689e-01
261, 2.646360e-01, 4.174243e-01
262, 2.647577e-01, 2.730087e-01
263, 2.649420e-01, 7.630570e-01
264, 2.650836e-01, 3.699095e-01
265, 2.651238e-01, 7.340421e-01
266, 2.651630e-01, 3.184382e-01
267, 2.652033e-01, 2.929970e-01
268, 2.652547e-01, 2.244239e-01
269, 2.652821e-01, 2.427767e-01
270, 2.654176e-01, 4.397399e-01
271, 2.660202e-01, 7.814668e-01
272, 2.660749e-01, 5.144893e-01
273, 2.664370e-01, 3.601467e-01
274, 2.668873e-01, 5.587763e-01
275, 2.671404e-01, 6.601808e-01
276, 2.673379e-01, 1.744732e-01
277, 2.673656e-01, 5.074409e-01
278, 2.673769e-01, 7.544526e-01
279, 2.674354e-01, 4.162235e-01
280, 2.676560e-01, 5.864223e-01
281, 2.676762e-01, 2.909389e-01
282, 2.684146e-01, 4.137287e-01
283, 2.684576e-01, 8.049725e-01
284, 2.685468e-01, 3.897698e-01
285, 2.685881e-01, 4.186302e-01
286, 2.689228e-01, 7.783911e-01
287, 2.689575e-01, 4.908973e-01
288, 2.689576e-01, 7.043128e-01
289, 2.692246e-01, 8.319104e-01
290, 2.694516e-01, 6.837783e-01
291, 2.695105e-01, 2.470526e-01
292, 2.698171e-01, 2.640508e-01
293, 2.700192e-01, 2.683303e-01
294, 2.702168e-01, 7.071122e-01
295, 2.703508e-01, 4.117309e-01
296, 2.704377e-01, 1.951759e-01
297, 2.704504e-01, 2.144721e-01
298, 2.707153e-01, 7.290987e-01
299, 2.709814e-01, 5.342090e-01
300, 2.711313e-01, 4.632992e-01
301, 2.714235e-01, 2.197546e-01
302, 2.714714e-01, 8.483264e-01
303, 2.719868e-01, 8.047808e-01
304, 2.722246e-01, 5.590299e-01
305, 2.728448e-01, 3.175480e-01
306, 2.732840e-01, 4.873675e-01
307, 2.739021e-01, 4.102188e-01
308, 2.739917e-01, 4.696476e-01
309, 2.750533e-01, 7.580710e-01
310, 2.757343e-01, 6.070200e-01
311, 2.761672e-01, 4.605958e-01
312, 2.775066e-01, 6.640316e-01
313, 2.787849e-01, 1.637536e-01
314, 2.819462e-01, 1.927927e-01
315, 2.835325e-01, 6.296264e-01
316, 2.862022e-01, 3.897284e-01
317, 2.863003e-01, 5.779110e-01
318, 2.863206e-01, 8.325470e-01
319, 2.871762e-01, 7.334794e-01
320, 2.878623e-01, 2.477736e-01
321, 2.882235e-01, 3.909009e-01
322, 2.890370e-01, 4.400479e-01
323, 2.895337e-01, 7.578119e-01
324, 2.898687e-01, 4.136889e-01
325, 2.899274e-01, 7.745422e-01
326, 2.899751e-01, 5.145013e-01
327, 2.904113e-01, 8.241750e-01
328, 2.904678e-01, 4.911227e-01
329, 2.909127e-01, 2.465620e-01
330, 2.914163e-01, 1.956933e-01
331, 2.915582e-01, 4.605459e-01
332, 2.919204e-01, 3.907715e-01
333, 2.920484e-01, 7.072980e-01
334, 2.920961e-01, 7.311968e-01
335, 2.922475e-01, 2.197400e-01
336, 2.923047e-01, 6.604062e-01
337, 2.923992e-01, 6.331387e-01
338, 2.925511e-01, 1.666600e-01
339, 2.926898e-01, 5.885968e-01
340, 2.928761e-01, 6.852852e-01
341, 2.930254e-01, 2.706341e-01
342, 2.930274e-01, 4.170834e-01
343, 2.931177e-01, 3.176766e-01
344, 2.933125e-01, 3.376767e-01
345, 2.935901e-01, 3.663859e-01
346, 2.936303e-01, 5.910820e-01
347, 2.936927e-01, 3.436503e-01
348, 2.939127e-01, 6.382176e-01
349, 2.939427e-01, 2.953444e-01
350, 2.939757e-01, 2.848800e-01
351, 2.939823e-01, 6.776720e-01
352, 2.941029e-01, 6.884513e-01
353, 2.941316e-01, 2.431072e-01
354, 2.943016e-01, 7.357326e-01
355, 2.944874e-01, 7.047117e-01
356, 2.945429e-01, 7.527294e-01
357, 2.948249e-01, 5.321453e-01
358, 2.949691e-01, 2.682413e-01
359, 2.950061e-01, 2.218828e-01
360, 2.950751e-01, 3.937308e-01
361, 2.951054e-01, 6.563344e-01
362, 2.951452e-01, 1.955714e-01
363, 2.951467e-01, 8.342548e-01
364, 2.953197e-01, 7.857875e-01
365, 2.954193e-01, 2.993080e-01
366, 2.959839e-01, 5.070566e-01
367, 2.962176e-01, 3.826568e-01
368, 2.962831e-01, 4.467705e-01
369, 2.966802e-01, 2.440574e-01
370, 2.970767e-01, 4.653305e-01
371, 2.970910e-01, 3.452402e-01
372, 2.971087e-01, 1.714559e-01
373, 2.974281e-01, 5.871331e-01
374, 2.976369e-01, 1.968568e-01
375, 2.980565e-01, 7.300122e-01
376, 2.982568e-01, 3.950657e-01
377, 2.984082e-01, 1.873543e-01
378, 2.997331e-01, 4.854179e-01
379, 3.041635e-01, 5.069682e-01
380, 3.078803e-01, 7.529605e-01
381, 3.099141e-01, 3.136478e-01
382, 3.101514e-01, 2.665034e-01
383, 3.104993e-01, 4.713760e-01
384, 3.113067e-01, 4.098542e-01
385, 3.121192e-01, 6.113627e-01
386, 3.121858e-01, 4.653658e-01
387, 3.122396e-01, 2.149843e-01
388, 3.123289e-01, 7.045632e-01
389, 3.131369e-01, 5.858764e-01
390, 3.140331e-01, 2.917249e-01
391, 3.141722e-01, 6.874975e-01
392, 3.144474e-01, 5.369905e-01
393, 3.149221e-01, 4.112107e-01
394, 3.151584e-01, 4.404258e-01
395, 3.153065e-01, 2.411152e-01
396, 3.155248e-01, 6.067433e-01
397, 3.156993e-01, 2.265914e-01
398, 3.158194e-01, 2.182581e-01
399, 3.158570e-01, 1.738366e-01
400, 3.159507e-01, 1.966357e-01
401, 3.160551e-01, 5.578178e-01
402, 3.160711e-01, 5.129188e-01
403, 3.161325e-01, 2.745207e-01
404, 3.162258e-01, 3.713956e-01
405, 3.162558e-01, 4.891297e-01
406, 3.163177e-01, 5.825499e-01
407, 3.163224e-01, 5.731518e-01
408, 3.163483e-01, 2.941192e-01
409, 3.163700e-01, 3.451151e-01
410, 3.164645e-01, 7.088335e-01
411, 3.164805e-01, 3.890541e-01
412, 3.164964e-01, 3.646280e-01
413, 3.166488e-01, 6.340644e-01
414, 3.168316e-01, 4.133601e-01
415, 3.168927e-01, 3.210100e-01
416, 3.169400e-01, 8.035307e-01
417, 3.169716e-01, 6.093458e-01
418, 3.170793e-01, 1.712264e-01
419, 3.171813e-01, 4.390908e-01
420, 3.172091e-01, 5.557145e-01
421, 3.175536e-01, 7.300479e-01
422, 3.179166e-01, 5.681159e-01
423, 3.180516e-01, 5.337277e-01
424, 3.182484e-01, 5.128777e-01
425, 3.182755e-01, 2.701934e-01
426, 3.183996e-01, 8.062641e-01
427, 3.187175e-01, 6.110996e-01
428, 3.189180e-01, 3.918377e-01
429, 3.192246e-01, 6.828894e-01
430, 3.196076e-01, 4.205286e-01
431, 3.198430e-01, 7.320150e-01
432, 3.203627e-01, 3.410638e-01
433, 3.204660e-01, 6.507629e-01
434, 3.206404e-01, 7.087266e-01
435, 3.207120e-01, 4.626201e-01
436, 3.209981e-01, 2.451335e-01
437, 3.211809e-01, 3.188986e-01
438, 3.215733e-01, 5.092536e-01
439, 3.218572e-01, 6.122617e-01
440, 3.229682e-01, 2.584416e-01
441, 3.259443e-01, 4.095186e-01
442, 3.267452e-01, 7.054546e-01
443, 3.274831e-01, 4.587101e-01
444, 3.279801e-01, 1.979162e-01
445, 3.334987e-01, 2.951281e-01
446, 3.341340e-01, 8.267528e-01
447, 3.341785e-01, 5.893692e-01
448, 3.355731e-01, 5.374433e-01
449, 3.372148e-01, 1.862534e-01
450, 3.374041e-01, 2.418375e-01
451, 3.375382e-01, 5.765230e-01
452, 3.379056e-01, 6.348731e-01
453, 3.379544e-01, 3.903260e-01
454, 3.385618e-01, 4.396042e-01
455, 3.394781e-01, 4.611111e-01
456, 3.399397e-01, 2.426765e-01
457, 3.400383e-01, 6.115104e-01
458, 3.401544e-01, 6.790915e-01
459, 3.403339e-01, 5.130335e-01
460, 3.404980e-01, 7.247556e-01
461, 3.407009e-01, 2.912554e-01
462, 3.407098e-01, 3.375555e-01
463, 3.407477e-01, 7.575159e-01
464, 3.407817e-01, 5.609580e-01
465, 3.408204e-01, 8.057702e-01
466, 3.409638e-01, 7.779512e-01
467, 3.409724e-01, 6.348476e-01
468, 3.410398e-01, 8.351985e-01
469, 3.410599e-01, 7.803867e-01
470, 3.413505e-01, 2.458139e-01
471, 3.414494e-01, 3.189885e-01
472, 3.416379e-01, 6.576567e-01
473, 3.418438e-01, 7.759338e-01
474, 3.418676e-01, 3.472430e-01
475, 3.419437e-01, 3.661682e-01
476, 3.420176e-01, 2.202851e-01
477, 3.421559e-01, 7.302305e-01
478, 3.421603e-01, 2.366391e-01
479, 3.423171e-01, 4.125922e-01
480, 3.423206e-01, 3.900330e-01
481, 3.423666e-01, 6.092493e-01
482, 3.426291e-01, 7.089482e-01
483, 3.428195e-01, 2.672262e-01
484, 3.429426e-01, 6.332331e-01
485, 3.430144e-01, 4.379996e-01
486, 3.431248e-01, 3.325606e-01
487, 3.431704e-01, 7.331676e-01
488, 3.432323e-01, 5.921324e-01
489, 3.432509e-01, 5.111634e-01
490, 3.433981e-01, 8.030265e-01
491, 3.434403e-01, 4.652106e-01
492, 3.437560e-01, 2.482391e-01
493, 3.439047e-01, 7.812414e-01
494, 3.439411e-01, 2.851310e-01
495, 3.442119e-01, 7.550208e-01
496, 3.444847e-01, 3.152551e-01
497, 3.446250e-01, 3.844913e-01
498, 3.447166e-01, 2.947415e-01
499, 3.450189e-01, 1.988703e-01
500, 3.451245e-01, 4.871356e-01
501, 3.455583e-01, 4.393720e-01
502, 3.456910e-01, 4.168910e-01
503, 3.457933e-01, 3.934354e-01
504, 3.463157e-01, 2.490068e-01
505, 3.465536e-01, 5.373106e-01
506, 3.474692e-01, 7.351768e-01
507, 3.487424e-01, 8.276436e-01
508, 3.489593e-01, 2.002825e-01
509, 3.583806e-01, 7.580076e-01
510, 3.586981e-01, 7.032796e-01
511, 3.593570e-01, 2.212241e-01
512, 3.595905e-01, 3.664946e-01
513, 3.599069e-01, 6.129453e-01
514, 3.605007e-01, 6.580508e-01
515, 3.615264e-01, 7.334904e-01
516, 3.619737e-01, 5.600220e-01
517, 3.623655e-01, 2.949238e-01
518, 3.623974e-01, 2.472200e-01
519, 3.626044e-01, 4.867551e-01
520, 3.626396e-01, 2.633525e-01
521, 3.629773e-01, 7.048518e-01
522, 3.638843e-01, 5.357010e-01
523, 3.639037e-01, 6.343198e-01
524, 3.642260e-01, 7.769255e-01
525, 3.643346e-01, 6.596784e-01
526, 3.644347e-01, 3.691198e-01
527, 3.646282e-01, 8.038928e-01
528, 3.648116e-01, 4.167447e-01
529, 3.649504e-01, 6.113230e-01
530, 3.649573e-01, 5.613939e-01
531, 3.649810e-01, 5.644260e-01
532, 3.652949e-01, 8.295173e-01
533, 3.654731e-01, 3.163435e-01
534, 3.654846e-01, 1.999312e-01
535, 3.656617e-01, 1.685484e-01
536, 3.658212e-01, 7.140030e-01
537, 3.658678e-01, 3.920201e-01
538, 3.659084e-01, 6.856542e-01
539, 3.659397e-01, 7.611115e-01
540, 3.660525e-01, 7.294139e-01
541, 3.663600e-01, 4.911254e-01
542, 3.663920e-01, 5.131005e-01
543, 3.664411e-01, 5.825808e-01
544, 3.664625e-01, 4.404288e-01
545, 3.665752e-01, 3.186234e-01
546, 3.668363e-01, 7.986982e-01
547, 3.670175e-01, 6.572053e-01
548, 3.670663e-01, 5.385973e-01
549, 3.670962e-01, 8.315062e-01
550, 3.674385e-01, 3.208965e-01
551, 3.675930e-01, 4.216625e-01
552, 3.676637e-01, 2.132835e-01
553, 3.677286e-01, 1.753771e-01
554, 3.677938e-01, 2.745248e-01
555, 3.678420e-01, 5.178576e-01
556, 3.678520e-01, 1.971826e-01
557, 3.678546e-01, 7.810254e-01
558, 3.679241e-01, 2.890385e-01
559, 3.680745e-01, 4.624629e-01
560, 3.681583e-01, 8.069478e-01
561, 3.689184e-01, 2.405198e-01
562, 3.693703e-01, 3.629598e-01
563, 3.696706e-01, 8.103112e-01
564, 3.724584e-01, 6.554320e-01
565, 3.742467e-01, 2.647987e-01
566, 3.749202e-01, 7.527287e-01
567, 3.808531e-01, 2.896444e-01
568, 3.842854e-01, 5.355486e-01
569, 3.845449e-01, 8.326157e-01
570, 3.846542e-01, 2.404049e-01
571, 3.847967e-01, 6.861353e-01
572, 3.862847e-01, 1.969592e-01
573, 3.862962e-01, 3.970009e-01
574, 3.865505e-01, 8.026377e-01
575, 3.867366e-01, 5.102677e-01
576, 3.867840e-01, 3.447559e-01
577, 3.867930e-01, 4.444023e-01
578, 3.870015e-01, 7.817257e-01
579, 3.871323e-01, 4.601886e-01
580, 3.872470e-01, 6.600516e-01
581, 3.873761e-01, 1.913278e-01
582, 3.876810e-01, 7.077242e-01
583, 3.878140e-01, 1.741012e-01
584, 3.879955e-01, 4.350195e-01
585, 3.881413e-01, 2.219458e-01
586, 3.885545e-01, 3.918754e-01
587, 3.885900e-01, 8.232592e-01
588, 3.886610e-01, 3.358455e-01
589, 3.886883e-01, 2.648418e-01
590, 3.887487e-01, 6.584704e-01
591, 3.887848e-01, 5.122329e-01
592, 3.891629e-01, 4.385620e-01
593, 3.893716e-01, 2.938264e-01
594, 3.896791e-01, 7.821612e-01
595, 3.896890e-01, 5.588534e-01
596, 3.897215e-01, 2.463828e-01
597, 3.901513e-01, 7.558338e-01
598, 3.902062e-01, 6.113975e-01
599, 3.904196e-01, 8.070590e-01
600, 3.907180e-01, 7.379537e-01
601, 3.910467e-01, 7.300303e-01
602, 3.911649e-01, 6.775769e-01
603, 3.912076e-01, 3.399967e-01
604, 3.914307e-01, 8.294098e-01
605, 3.914828e-01, 4.872603e-01
606, 3.919532e-01, 2.182290e-01
607, 3.921486e-01, 2.680370e-01
608, 3.926490e-01, 3.023240e-01
609, 3.926864e-01, 1.698132e-01
610, 3.928363e-01, 5.616845e-01
611, 3.929750e-01, 7.778278e-01
612, 3.937082e-01, 5.309881e-01
613, 3.938218e-01, 5.825568e-01
614, 3.941350e-01, 2.897127e-01
615, 3.950075e-01, 6.323016e-01
616, 3.955934e-01, 1.940123e-01
617, 3.960647e-01, 4.664887e-01
618, 3.974464e-01, 3.946409e-01
619, 3.977802e-01, 4.834003e-01
620, 4.075108e-01, 4.094491e-01
621, 4.081762e-01, 3.192555e-01
622, 4.085338e-01, 4.659359e-01
623, 4.087575e-01, 2.238880e-01
624, 4.092221e-01, 6.102964e-01
625, 4.096177e-01, 6.536754e-01
626, 4.111596e-01, 3.611506e-01
627, 4.114445e-01, 3.431035e-01
628, 4.115932e-01, 5.124119e-01
629, 4.118887e-01, 3.642375e-01
630, 4.119635e-01, 4.373198e-01
631, 4.121335e-01, 7.806301e-01
632, 4.125199e-01, 2.609434e-01
633, 4.125421e-01, 1.718143e-01
634, 4.127532e-01, 8.078969e-01
635, 4.129773e-01, 2.937450e-01
636, 4.131552e-01, 7.271383e-01
637, 4.131927e-01, 6.330842e-01
638, 4.133159e-01, 1.684714e-01
639, 4.133886e-01, 4.390789e-01
640, 4.136594e-01, 5.842377e-01
641, 4.138222e-01, 4.835390e-01
642, 4.139008e-01, 5.627136e-01
643, 4.139377e-01, 7.072897e-01
644, 4.140821e-01, 7.783496e-01
645, 4.141265e-01, 3.404003e-01
646, 4.143974e-01, 2.219264e-01
647, 4.144588e-01, 4.124415e-01
648, 4.146832e-01, 3.194081e-01
649, 4.147271e-01, 6.135319e-01
650, 4.147994e-01, 7.603094e-01
651, 4.149727e-01, 1.919462e-01
652, 4.150233e-01, 2.711726e-01
653, 4.152213e-01, 1.733993e-01
654, 4.152318e-01, 2.911432e-01
655, 4.152504e-01, 3.886939e-01
656, 4.152721e-01, 4.177626e-01
657, 4.155741e-01, 2.240931e-01
658, 4.155769e-01, 7.993922e-01
659, 4.156711e-01, 7.577447e-01
660, 4.156979e-01, 1.627768e-01
661, 4.158459e-01, 7.304384e-01
662, 4.160293e-01, 8.291080e-01
663, 4.160353e-01, 6.359736e-01
664, 4.162039e-01, 3.660549e-01
665, 4.167756e-01, 4.224246e-01
666, 4.168223e-01, 4.559049e-01
667, 4.169872e-01, 3.683443e-01
668, 4.171372e-01, 5.114930e-01
669, 4.172734e-01, 3.905788e-01
670, 4.172777e-01, 2.762886e-01
671, 4.176286e-01, 6.650916e-01
672, 4.177486e-01, 7.070409e-01
673, 4.178311e-01, 5.639474e-01
674, 4.198108e-01, 1.956463e-01
675, 4.206577e-01, 2.058260e-01
676, 4.209314e-01, 5.015379e-01
677, 4.213458e-01, 3.637557e-01
678, 4.215072e-01, 4.906469e-01
679, 4.219505e-01, 6.055535e-01
680, 4.231344e-01, 7.093355e-01
681, 4.290952e-01, 3.378267e-01
682, 4.306764e-01, 1.955482e-01
683, 4.328145e-01, 4.885124e-01
684, 4.333423e-01, 2.478766e-01
685, 4.346503e-01, 3.000926e-01
686, 4.347666e-01, 1.940116e-01
687, 4.350451e-01, 3.855647e-01
688, 4.356282e-01, 7.784199e-01
689, 4.358658e-01, 3.907190e-01
690, 4.360420e-01, 8.268753e-01
691, 4.360719e-01, 4.867908e-01
692, 4.361768e-01, 5.340862e-01
693, 4.364003e-01, 5.152773e-01
694, 4.364613e-01, 5.836040e-01
695, 4.365226e-01, 1.520424e-01
696, 4.366342e-01, 4.628822e-01
697, 4.368157e-01, 2.187811e-01
698, 4.372324e-01, 2.947687e-01
699, 4.376050e-01, 5.600040e-01
700, 4.376993e-01, 4.150117e-01
701, 4.378004e-01, 3.135102e-01
702, 4.379701e-01, 6.122919e-01
703, 4.379863e-01, 8.051057e-01
704, 4.383827e-01, 6.576562e-01
705, 4.383973e-01, 7.537369e-01
706, 4.385166e-01, 4.867246e-01
707, 4.387051e-01, 6.328039e-01
708, 4.387526e-01, 3.456587e-01
709, 4.388854e-01, 8.350817e-01
710, 4.393563e-01, 6.817102e-01
711, 4.398099e-01, 3.641216e-01
712, 4.398123e-01, 7.518905e-01
713, 4.398538e-01, 2.410770e-01
714, 4.400413e-01, 3.426669e-01
715, 4.403496e-01, 1.944644e-01
716, 4.403609e-01, 6.867312e-01
717, 4.404470e-01, 4.590853e-01
718, 4.405759e-01, 2.665137e-01
719, 4.409612e-01, 4.820398e-01
720, 4.410674e-01, 6.358927e-01
721, 4.411391e-01, 2.232158e-01
722, 4.413363e-01, 5.380405e-01
723, 4.418197e-01, 6.899647e-01
724, 4.418501e-01, 2.901672e-01
725, 4.419674e-01, 7.766264e-01
726, 4.419843e-01, 6.809677e-01
727, 4.423597e-01, 4.101772e-01
728, 4.426835e-01, 3.434531e-01
729, 4.428184e-01, 5.103152e-01
730, 4.429258e-01, 5.928592e-01
731, 4.430476e-01, 6.078949e-01
732, 4.431582e-01, 7.255703e-01
733, 4.433875e-01, 1.874663e-01
734, 4.435272e-01, 6.367217e-01
735, 4.436510e-01, 4.399748e-01
736, 4.437715e-01, 3.186733e-01
737, 4.442496e-01, 5.003847e-01
738, 4.445969e-01, 5.364208e-01
739, 4.446536e-01, 3.323006e-01
740, 4.457776e-01, 1.970831e-01
741, 4.491965e-01, 5.812951e-01
742, 4.559217e-01, 5.099952e-01
743, 4.560708e-01, 6.609119e-01
744, 4.568599e-01, 7.520621e-01
745, 4.580359e-01, 4.654620e-01
746, 4.583833e-01, 1.679601e-01
747, 4.590015e-01, 3.181895e-01
748, 4.592200e-01, 3.649117e-01
749, 4.592915e-01, 5.607629e-01
750, 4.595020e-01, 7.145382e-01
751, 4.596688e-01, 7.986402e-01
752, 4.601724e-01, 7.309942e-01
753, 4.602980e-01, 6.374658e-01
754, 4.603942e-01, 8.297246e-01
755, 4.605925e-01, 8.008821e-01
756, 4.613039e-01, 6.520396e-01
757, 4.614667e-01, 3.136027e-01
758, 4.616525e-01, 5.333598e-01
759, 4.616609e-01, 2.475038e-01
760, 4.617094e-01, 2.253417e-01
761, 4.620128e-01, 3.931356e-01
762, 4.620237e-01, 4.570884e-01
763, 4.620266e-01, 5.144776e-01
764, 4.622254e-01, 5.624137e-01
765, 4.624188e-01, 7.601770e-01
766, 4.627580e-01, 5.122658e-01
767, 4.629552e-01, 2.160969e-01
768, 4.631959e-01, 2.888876e-01
769, 4.634294e-01, 7.776241e-01
770, 4.634710e-01, 5.826230e-01
771, 4.636920e-01, 1.954816e-01
772, 4.640752e-01, 4.395318e-01
773, 4.641620e-01, 6.842077e-01
774, 4.641835e-01, 3.696920e-01
775, 4.644821e-01, 2.441707e-01
776, 4.645065e-01, 6.176091e-01
777, 4.645345e-01, 8.258045e-01
778, 4.645602e-01, 7.342623e-01
779, 4.645746e-01, 5.676271e-01
780, 4.647799e-01, 5.843840e-01
781, 4.649660e-01, 6.066638e-01
782, 4.651902e-01, 3.897877e-01
783, 4.655349e-01, 2.912509e-01
784, 4.656080e-01, 7.491382e-01
785, 4.656277e-01, 6.323035e-01
786, 4.656528e-01, 5.593188e-01
787, 4.660612e-01, 8.086894e-01
788, 4.660869e-01, 1.687630e-01
789, 4.665757e-01, 2.204903e-01
790, 4.666607e-01, 5.364224e-01
791, 4.667245e-01, 4.676097e-01
792, 4.670730e-01, 4.372131e-01
793, 4.676601e-01, 7.090335e-01
794, 4.679567e-01, 3.186945e-01
795, 4.684995e-01, 6.639808e-01
796, 4.697363e-01, 5.580519e-01
797, 4.727449e-01, 6.657721e-01
798, 4.785018e-01, 5.343367e-01
799, 4.790256e-01, 7.304408e-01
800, 4.807927e-01, 5.948605e-01
801, 4.815516e-01, 4.364947e-01
802, 4.828779e-01, 3.924461e-01
803, 4.829792e-01, 5.887599e-01
804, 4.841591e-01, 6.646454e-01
805, 4.845538e-01, 5.427147e-01
806, 4.845855e-01, 1.730682e-01
807, 4.849375e-01, 6.812666e-01
808, 4.851297e-01, 2.502344e-01
809, 4.851346e-01, 2.425933e-01
810, 4.858937e-01, 5.371668e-01
811, 4.860686e-01, 5.778995e-01
812, 4.861435e-01, 5.617944e-01
813, 4.861714e-01, 8.026764e-01
814, 4.862069e-01, 7.332200e-01
815, 4.866225e-01, 7.866450e-01
816, 4.867422e-01, 2.680438e-01
817, 4.867707e-01, 6.343181e-01
818, 4.867943e-01, 7.789222e-01
819, 4.868032e-01, 4.360795e-01
820, 4.868340e-01, 2.444392e-01
821, 4.871813e-01, 6.095639e-01
822, 4.872888e-01, 4.626157e-01
823, 4.873421e-01, 3.451363e-01
824, 4.873745e-01, 7.097061e-01
825, 4.874208e-01, 7.553894e-01
826, 4.874665e-01, 3.650344e-01
827, 4.875040e-01, 3.906715e-01
828, 4.877812e-01, 5.127299e-01
829, 4.879860e-01, 3.861755e-01
830, 4.885004e-01, 3.424416e-01
831, 4.885564e-01, 7.810330e-01
832, 4.886738e-01, 1.692109e-01
833, 4.886753e-01, 5.831475e-01
834, 4.886819e-01, 2.659370e-01
835, 4.887357e-01, 5.588809e-01
836, 4.888040e-01, 2.946204e-01
837, 4.890955e-01, 8.329269e-01
838, 4.892735e-01, 7.576300e-01
839, 4.895467e-01, 4.820981e-01
840, 4.896868e-01, 5.352240e-01
841, 4.898767e-01, 4.373310e-01
842, 4.899098e-01, 6.392506e-01
843, 4.899363e-01, 2.877629e-01
844, 4.900423e-01, 3.679405e-01
845, 4.900798e-01, 7.297814e-01
846, 4.901391e-01, 7.412712e-01
847, 4.904079e-01, 3.911484e-01
848, 4.904861e-01, 3.372549e-01
849, 4.904979e-01, 4.895696e-01
850, 4.909322e-01, 5.832767e-01
851, 4.910251e-01, 4.660954e-01
852, 4.912724e-01, 1.943000e-01
853, 4.915909e-01, 4.926834e-01
854, 4.917810e-01, 6.571353e-01
855, 4.920987e-01, 4.446156e-01
856, 4.921668e-01, 7.831614e-01
857, 4.929814e-01, 7.291816e-01
858, 4.942836e-01, 2.443168e-01
859, 4.951541e-01, 6.305562e-01
860, 4.958049e-01, 6.805585e-01
861, 4.986334e-01, 2.423860e-01
862, 4.988949e-01, 5.873226e-01
863, 5.049289e-01, 7.586346e-01
864, 5.066770e-01, 4.156360e-01
865, 5.068803e-01, 8.063369e-01
866, 5.075740e-01, 5.156814e-01
867, 5.078725e-01, 6.512165e-01
868, 5.083157e-01, 2.178344e-01
869, 5.083621e-01, 6.147094e-01
870, 5.091607e-01, 1.750512e-01
871, 5.092825e-01, 2.737751e-01
872, 5.093778e-01, 6.101768e-01
873, 5.094172e-01, 7.305165e-01
874, 5.094975e-01, 5.051938e-01
875, 5.103080e-01, 8.048629e-01
876, 5.104714e-01, 4.895550e-01
877, 5.104763e-01, 7.160917e-01
878, 5.106918e-01, 5.679390e-01
879, 5.107742e-01, 1.697371e-01
880, 5.112257e-01, 6.346972e-01
881, 5.113171e-01, 7.327390e-01
882, 5.113429e-01, 5.859821e-01
883, 5.114278e-01, 6.080625e-01
884, 5.115404e-01, 1.966503e-01
885, 5.115728e-01, 4.621907e-01
886, 5.115855e-01, 4.388641e-01
887, 5.117390e-01, 3.429783e-01
888, 5.118527e-01, 5.328904e-01
889, 5.120227e-01, 2.938785e-01
890, 5.121217e-01, 2.191109e-01
891, 5.122651e-01, 5.141598e-01
892, 5.124375e-01, 3.889748e-01
893, 5.125280e-01, 4.162742e-01
894, 5.126324e-01, 7.065117e-01
895, 5.127018e-01, 4.870336e-01
896, 5.127913e-01, 5.585582e-01
897, 5.129690e-01, 4.588717e-01
898, 5.129975e-01, 8.088248e-01
899, 5.133771e-01, 6.830437e-01
900, 5.135312e-01, 5.176437e-01
901, 5.136838e-01, 7.086714e-01
902, 5.137035e-01, 4.186939e-01
903, 5.138174e-01, 2.213642e-01
904, 5.138558e-01, 6.321305e-01
905, 5.139914e-01, 3.409786e-01
906, 5.140141e-01, 1.686850e-01
907, 5.140512e-01, 5.360158e-01
908, 5.140878e-01, 6.078380e-01
909, 5.145249e-01, 4.143499e-01
910, 5.147058e-01, 2.672347e-01
911, 5.150180e-01, 3.692972e-01
912, 5.150418e-01, 1.665960e-01
913, 5.154624e-01, 3.861416e-01
914, 5.154680e-01, 3.139487e-01
915, 5.154757e-01, 5.126268e-01
916, 5.155019e-01, 6.814080e-01
917, 5.155346e-01, 7.581189e-01
918, 5.159575e-01, 2.642169e-01
919, 5.162518e-01, 7.997810e-01
920, 5.172423e-01, 6.683677e-01
921, 5.173046e-01, 4.652720e-01
922, 5.189058e-01, 2.230010e-01
923, 5.193770e-01, 6.101504e-01
924, 5.207569e-01, 1.726086e-01
925, 5.285330e-01, 5.882288e-01
926, 5.290718e-01, 4.428684e-01
927, 5.301105e-01, 2.498035e-01
928, 5.304839e-01, 2.914868e-01
929, 5.306348e-01, 3.404608e-01
930, 5.306473e-01, 4.828431e-01
931, 5.309761e-01, 7.787146e-01
932, 5.322356e-01, 6.319142e-01
933, 5.331724e-01, 3.974117e-01
934, 5.332355e-01, 3.192251e-01
935, 5.338654e-01, 3.831583e-01
936, 5.341255e-01, 6.527114e-01
937, 5.341324e-01, 6.094024e-01
938, 5.342103e-01, 7.091964e-01
939, 5.347971e-01, 2.485598e-01
940, 5.351280e-01, 4.305435e-01
941, 5.351395e-01, 1.748936e-01
942, 5.353218e-01, 2.356019e-01
943, 5.353245e-01, 6.837185e-01
944, 5.354474e-01, 4.846247e-01
945, 5.359316e-01, 2.664149e-01
946, 5.359553e-01, 6.335513e-01
947, 5.360592e-01, 7.072674e-01
948, 5.362594e-01, 8.021864e-01
949, 5.364682e-01, 4.949278e-01
950, 5.365044e-01, 3.403338e-01
951, 5.366884e-01, 3.157184e-01
952, 5.367115e-01, 7.563403e-01
953, 5.367353e-01, 5.612478e-01
954, 5.367372e-01, 6.381264e-01
955, 5.370203e-01, 6.068681e-01
956, 5.371551e-01, 6.884200e-01
957, 5.373479e-01, 4.864073e-01
958, 5.374288e-01, 2.222170e-01
959, 5.376121e-01, 4.618303e-01
960, 5.377887e-01, 2.683909e-01
961, 5.378239e-01, 2.455650e-01
962, 5.378415e-01, 4.366795e-01
963, 5.380136e-01, 2.417596e-01
964, 5.380386e-01, 8.209641e-01
965, 5.380480e-01, 8.307866e-01
966, 5.381476e-01, 5.308406e-01
967, 5.381548e-01, 7.838972e-01
968, 5.382104e-01, 3.352061e-01
969, 5.384516e-01, 7.791652e-01
970, 5.384521e-01, 5.797712e-01
971, 5.386180e-01, 8.065346e-01
972, 5.387192e-01, 3.903966e-01
973, 5.387384e-01, 4.899324e-01
974, 5.389861e-01, 5.885125e-01
975, 5.392357e-01, 1.709248e-01
976, 5.393522e-01, 2.885038e-01
977, 5.405320e-01, 4.648515e-01
978, 5.405914e-01, 5.396190e-01
979, 5.411266e-01, 6.621824e-01
980, 5.416535e-01, 7.351135e-01
981, 5.419469e-01, 8.323688e-01
982, 5.423957e-01, 4.348552e-01
983, 5.426859e-01, 6.310990e-01
984, 5.439075e-01, 4.923137e-01
985, 5.510007e-01, 8.104667e-01
986, 5.520172e-01, 7.036442e-01
987, 5.522253e-01, 6.627147e-01
988, 5.551096e-01, 7.560136e-01
989, 5.573264e-01, 5.116884e-01
990, 5.574010e-01, 3.683779e-01
991, 5.575808e-01, 2.743873e-01
992, 5.580631e-01, 2.943642e-01
993, 5.580776e-01, 2.229689e-01
994, 5.583717e-01, 4.160748e-01
995, 5.584865e-01, 5.348933e-01
996, 5.585273e-01, 4.679727e-01
997, 5.590067e-01, 8.310909e-01
998, 5.591344e-01, 6.539781e-01
999, 5.593248e-01, 4.581600e-01
1000, 5.596033e-01, 1.745215e-01
1001, 5.596679e-01, 2.179829e-01
1002, 5.596819e-01, 8.015904e-01
1003, 5.597613e-01, 2.213403e-01
1004, 5.598365e-01, 4.647509e-01
1005, 5.599215e-01, 6.314124e-01
1006, 5.601329e-01, 4.105588e-01
1007, 5.601637e-01, 3.630351e-01
1008, 5.603067e-01, 7.090581e-01
1009, 5.603494e-01, 3.865089e-01
1010, 5.604938e-01, 2.626658e-01
1011, 5.606771e-01, 5.140111e-01
1012, 5.608074e-01, 3.408821e-01
1013, 5.608083e-01, 4.890899e-01
1014, 5.608704e-01, 3.750068e-01
1015, 5.611484e-01, 6.849573e-01
1016, 5.611620e-01, 2.144192e-01
1017, 5.612815e-01, 4.621857e-01
1018, 5.613489e-01, 5.369431e-01
1019, 5.615534e-01, 8.068350e-01
1020, 5.616341e-01, 8.472211e-01
1021, 5.617265e-01, 7.330559e-01
1022, 5.619512e-01, 5.798579e-01
1023, 5.627796e-01, 5.650141e-01
1024, 5.628179e-01, 8.267787e-01
1025, 5.629197e-01, 4.191554e-01
1026, 5.629433e-01, 1.706104e-01
1027, 5.630620e-01, 6.830836e-01
1028, 5.631322e-01, 8.107606e-01
1029, 5.632416e-01, 6.341795e-01
1030, 5.636280e-01, 1.685377e-01
1031, 5.637352e-01, 3.909652e-01
1032, 5.641343e-01, 1.959126e-01
1033, 5.650647e-01, 2.229261e-01
1034, 5.650647e-01, 2.660584e-01
1035, 5.656408e-01, 8.042933e-01
1036, 5.660223e-01, 7.056155e-01
1037, 5.663702e-01, 1.722064e-01
1038, 5.666064e-01, 5.850572e-01
1039, 5.667251e-01, 5.978613e-01
1040, 5.676212e-01, 7.545888e-01
1041, 5.680192e-01, 3.180058e-01
1042, 5.680294e-01, 3.598371e-01
1043, 5.716734e-01, 3.165358e-01
1044, 5.758106e-01, 5.876193e-01
1045, 5.790163e-01, 6.860453e-01
1046, 5.795611e-01, 3.934036e-01
1047, 5.796598e-01, 5.375906e-01
1048, 5.801259e-01, 8.328865e-01
1049, 5.817422e-01, 6.297224e-01
1050, 5.826474e-01, 4.359550e-01
1051, 5.827941e-01, 3.425798e-01
1052, 5.829313e-01, 4.828224e-01
1053, 5.831312e-01, 3.167025e-01
1054, 5.831356e-01, 7.561338e-01
1055, 5.831434e-01, 8.273080e-01
1056, 5.832367e-01, 5.800829e-01
1057, 5.833744e-01, 2.404242e-01
1058, 5.834745e-01, 2.194833e-01
1059, 5.837468e-01, 7.830150e-01
1060, 5.837670e-01, 4.630876e-01
1061, 5.838351e-01, 7.310250e-01
1062, 5.838689e-01, 4.159534e-01
1063, 5.841505e-01, 7.092582e-01
1064, 5.841925e-01, 8.317142e-01
1065, 5.843964e-01, 6.100476e-01
1066, 5.848276e-01, 8.028691e-01
1067, 5.850249e-01, 2.679719e-01
1068, 5.851116e-01, 3.462814e-01
1069, 5.853319e-01, 4.614814e-01
1070, 5.855558e-01, 3.626461e-01
1071, 5.855951e-01, 7.798838e-01
1072, 5.855955e-01, 5.109007e-01
1073, 5.855992e-01, 1.707092e-01
1074, 5.859056e-01, 2.164050e-01
1075, 5.862098e-01, 6.578495e-01
1076, 5.862699e-01, 2.510095e-01
1077, 5.864945e-01, 7.072420e-01
1078, 5.866610e-01, 5.593037e-01
1079, 5.868727e-01, 2.070672e-01
1080, 5.869550e-01, 5.397002e-01
1081, 5.873722e-01, 7.333050e-01
1082, 5.875744e-01, 5.901461e-01
1083, 5.877461e-01, 5.132873e-01
1084, 5.877626e-01, 7.778592e-01
1085, 5.878818e-01, 3.391352e-01
1086, 5.881430e-01, 5.844480e-01
1087, 5.883574e-01, 3.660051e-01
1088, 5.885115e-01, 3.832287e-01
1089, 5.886727e-01, 5.615549e-01
1090, 5.886936e-01, 1.522073e-01
1091, 5.890517e-01, 6.769265e-01
1092, 5.892784e-01, 3.335584e-01
1093, 5.893694e-01, 6.881377e-01
1094, 5.899721e-01, 4.861908e-01
1095, 5.903139e-01, 1.934092e-01
1096, 5.917628e-01, 7.763210e-01
1097, 5.936613e-01, 8.266191e-01
1098, 5.947678e-01, 5.324267e-01
1099, 6.008138e-01, 6.539607e-01
1100, 6.010031e-01, 8.040141e-01
1101, 6.017845e-01, 1.665476e-01
1102, 6.028635e-01, 4.602732e-01
1103, 6.030722e-01, 6.116426e-01
1104, 6.039462e-01, 3.180820e-01
1105, 6.051835e-01, 7.036143e-01
1106, 6.057882e-01, 3.627932e-01
1107, 6.064868e-01, 2.217914e-01
1108, 6.067036e-01, 5.338666e-01
1109, 6.067679e-01, 4.879170e-01
1110, 6.071128e-01, 3.166869e-01
1111, 6.071621e-01, 1.519588e-01
1112, 6.072898e-01, 4.133792e-01
1113, 6.075255e-01, 3.420762e-01
1114, 6.076217e-01, 2.724550e-01
1115, 6.076680e-01, 4.444583e-01
1116, 6.078104e-01, 3.714626e-01
1117, 6.078492e-01, 4.696130e-01
1118, 6.079827e-01, 1.822106e-01
1119, 6.082044e-01, 2.491056e-01
1120, 6.084172e-01, 6.094751e-01
1121, 6.084694e-01, 6.838031e-01
1122, 6.085670e-01, 5.567969e-01
1123, 6.090140e-01, 7.144914e-01
1124, 6.091970e-01, 3.863461e-01
1125, 6.092184e-01, 8.078295e-01
1126, 6.092683e-01, 5.667808e-01
1127, 6.093153e-01, 6.623134e-01
1128, 6.093490e-01, 5.855535e-01
1129, 6.094205e-01, 4.663524e-01
1130, 6.095804e-01, 1.930938e-01
1131, 6.095908e-01, 3.406622e-01
1132, 6.098138e-01, 5.602656e-01
1133, 6.098977e-01, 3.671034e-01
1134, 6.099181e-01, 3.166678e-01
1135, 6.099425e-01, 2.205499e-01
1136, 6.099714e-01, 4.915315e-01
1137, 6.100900e-01, 7.050115e-01
1138, 6.101118e-01, 7.796551e-01
1139, 6.101429e-01, 6.057460e-01
1140, 6.102134e-01, 4.144217e-01
1141, 6.102173e-01, 2.958311e-01
1142, 6.104510e-01, 4.197568e-01
1143, 6.105821e-01, 8.256926e-01
1144, 6.106325e-01, 5.631355e-01
1145, 6.108495e-01, 1.697929e-01
1146, 6.109333e-01, 6.356042e-01
1147, 6.109896e-01, 1.734115e-01
1148, 6.110546e-01, 6.120269e-01
1149, 6.111287e-01, 6.810188e-01
1150, 6.114293e-01, 8.078227e-01
1151, 6.114606e-01, 4.172558e-01
1152, 6.116389e-01, 3.127382e-01
1153, 6.118434e-01, 1.952629e-01
1154, 6.120080e-01, 7.082791e-01
1155, 6.121489e-01, 2.195805e-01
1156, 6.122056e-01, 5.407828e-01
1157, 6.123608e-01, 1.662017e-01
1158, 6.124081e-01, 5.597211e-01
1159, 6.127301e-01, 3.896243e-01
1160, 6.129701e-01, 2.926693e-01
1161, 6.130827e-01, 4.093270e-01
1162, 6.133264e-01, 4.619454e-01
1163, 6.135219e-01, 3.178755e-01
1164, 6.135898e-01, 4.183204e-01
1165, 6.136469e-01, 2.438210e-01
1166, 6.137464e-01, 5.105071e-01
1167, 6.138524e-01, 7.762844e-01
1168, 6.138620e-01, 2.144332e-01
1169, 6.140244e-01, 2.706456e-01
1170, 6.142108e-01, 4.386983e-01
1171, 6.152154e-01, 2.208211e-01
1172, 6.155407e-01, 7.957631e-01
1173, 6.162070e-01, 6.138347e-01
1174, 6.164871e-01, 8.088862e-01
1175, 6.247363e-01, 7.371822e-01
1176, 6.269727e-01, 5.396395e-01
1177, 6.282617e-01, 2.858803e-01
1178, 6.293771e-01, 2.897832e-01
1179, 6.294812e-01, 6.342159e-01
1180, 6.300873e-01, 1.950770e-01
1181, 6.302701e-01, 6.607932e-01
1182, 6.306706e-01, 4.643421e-01
1183, 6.311595e-01, 4.964667e-01
1184, 6.312763e-01, 7.051990e-01
1185, 6.318130e-01, 5.165131e-01
1186, 6.318649e-01, 2.451450e-01
1187, 6.321290e-01, 7.731036e-01
1188, 6.321932e-01, 8.065794e-01
1189, 6.322938e-01, 8.302210e-01
1190, 6.323755e-01, 6.584145e-01
1191, 6.325411e-01, 5.305523e-01
1192, 6.326136e-01, 1.961371e-01
1193, 6.327378e-01, 3.658369e-01
1194, 6.329319e-01, 6.749172e-01
1195, 6.329547e-01, 2.699344e-01
1196, 6.330320e-01, 6.082882e-01
1197, 6.331236e-01, 6.863880e-01
1198, 6.337560e-01, 4.672801e-01
1199, 6.338565e-01, 6.346022e-01
1200, 6.339333e-01, 3.954769e-01
1201, 6.340407e-01, 4.890478e-01
1202, 6.340607e-01, 7.285361e-01
1203, 6.340669e-01, 4.377173e-01
1204, 6.341488e-01, 7.319102e-01
1205, 6.341801e-01, 6.889122e-01
1206, 6.341957e-01, 2.177011e-01
1207, 6.342313e-01, 2.450962e-01
1208, 6.342317e-01, 3.641133e-01
1209, 6.342985e-01, 8.257131e-01
1210, 6.343975e-01, 3.175392e-01
1211, 6.345710e-01, 4.154473e-01
1212, 6.347053e-01, 6.097289e-01
1213, 6.349112e-01, 5.825088e-01
1214, 6.350592e-01, 4.351873e-01
1215, 6.350621e-01, 7.097991e-01
1216, 6.353602e-01, 3.375667e-01
1217, 6.354799e-01, 5.858984e-01
1218, 6.355255e-01, 4.849724e-01
1219, 6.355380e-01, 5.124317e-01
1220, 6.357369e-01, 2.675194e-01
1221, 6.359026e-01, 8.022533e-01
1222, 6.360611e-01, 7.247131e-01
1223, 6.360683e-01, 5.386648e-01
1224, 6.361100e-01, 7.335055e-01
1225, 6.366065e-01, 3.451418e-01
1226, 6.366231e-01, 6.276190e-01
1227, 6.369113e-01, 2.985816e-01
1228, 6.373386e-01, 3.147595e-01
1229, 6.374794e-01, 2.199479e-01
1230, 6.379162e-01, 2.420983e-01
1231, 6.388870e-01, 6.361386e-01
1232, 6.395328e-01, 7.344165e-01
1233, 6.397043e-01, 2.913867e-01
1234, 6.404920e-01, 4.407643e-01
1235, 6.409788e-01, 8.239775e-01
1236, 6.411013e-01, 7.822170e-01
1237, 6.514172e-01, 8.013951e-01
1238, 6.515185e-01, 7.602026e-01
1239, 6.519984e-01, 3.657015e-01
1240, 6.520638e-01, 2.171017e-01
1241, 6.533963e-01, 5.138972e-01
1242, 6.542241e-01, 7.592569e-01
1243, 6.544888e-01, 2.704125e-01
1244, 6.545349e-01, 1.647460e-01
1245, 6.545827e-01, 5.872621e-01
1246, 6.548580e-01, 5.673889e-01
1247, 6.551556e-01, 4.075803e-01
1248, 6.552235e-01, 6.830764e-01
1249, 6.555217e-01, 7.105439e-01
1250, 6.556091e-01, 7.027150e-01
1251, 6.556139e-01, 1.673670e-01
1252, 6.559037e-01, 6.331931e-01
1253, 6.559931e-01, 8.130559e-01
1254, 6.560116e-01, 8.265439e-01
1255, 6.560818e-01, 4.152222e-01
1256, 6.562741e-01, 6.663381e-01
1257, 6.565644e-01, 6.094290e-01
1258, 6.567907e-01, 5.850780e-01
1259, 6.568589e-01, 7.796966e-01
1260, 6.570734e-01, 4.420477e-01
1261, 6.571426e-01, 4.618345e-01
1262, 6.571475e-01, 2.432788e-01
1263, 6.572473e-01, 5.599767e-01
1264, 6.574444e-01, 7.303284e-01
1265, 6.574738e-01, 2.223684e-01
1266, 6.577213e-01, 7.096986e-01
1267, 6.577860e-01, 7.067834e-01
1268, 6.580213e-01, 4.859481e-01
1269, 6.581159e-01, 4.668017e-01
1270, 6.584790e-01, 6.297504e-01
1271, 6.585371e-01, 4.142142e-01
1272, 6.585407e-01, 5.113121e-01
1273, 6.586167e-01, 6.562925e-01
1274, 6.587293e-01, 2.663175e-01
1275, 6.589481e-01, 3.168718e-01
1276, 6.590569e-01, 2.257751e-01
1277, 6.594527e-01, 1.947390e-01
1278, 6.596309e-01, 4.162526e-01
1279, 6.597826e-01, 4.876354e-01
1280, 6.599781e-01, 7.815222e-01
1281, 6.600070e-01, 3.417667e-01
1282, 6.601293e-01, 5.592142e-01
1283, 6.603816e-01, 3.135521e-01
1284, 6.603976e-01, 8.317140e-01
1285, 6.605152e-01, 4.387935e-01
1286, 6.605453e-01, 2.645883e-01
1287, 6.610126e-01, 3.181283e-01
1288, 6.619774e-01, 5.359804e-01
1289, 6.620243e-01, 8.452777e-01
1290, 6.620711e-01, 5.178231e-01
1291, 6.621211e-01, 7.507185e-01
1292, 6.626763e-01, 2.177183e-01
1293, 6.628362e-01, 4.125263e-01
1294, 6.628779e-01, 5.101768e-01
1295, 6.633251e-01, 2.637074e-01
1296, 6.634241e-01, 6.096623e-01
1297, 6.635484e-01, 5.606359e-01
1298, 6.640305e-01, 8.072461e-01
1299, 6.657442e-01, 7.497573e-01
1300, 6.661555e-01, 3.690401e-01
1301, 6.747827e-01, 6.807949e-01
1302, 6.763243e-01, 4.395043e-01
1303, 6.764778e-01, 5.880932e-01
1304, 6.770431e-01, 5.394310e-01
1305, 6.770771e-01, 3.430231e-01
1306, 6.771607e-01, 3.932815e-01
1307, 6.778175e-01, 2.510456e-01
1308, 6.785226e-01, 7.290021e-01
1309, 6.791146e-01, 4.632074e-01
1310, 6.792318e-01, 8.321253e-01
1311, 6.793278e-01, 4.380328e-01
1312, 6.797986e-01, 6.560384e-01
1313, 6.800119e-01, 7.819882e-01
1314, 6.800828e-01, 2.955329e-01
1315, 6.801488e-01, 3.418174e-01
1316, 6.802171e-01, 8.300987e-01
1317, 6.807220e-01, 1.688159e-01
1318, 6.807611e-01, 6.843482e-01
1319, 6.809304e-01, 4.645738e-01
1320, 6.809719e-01, 2.423089e-01
1321, 6.810031e-01, 3.176691e-01
1322, 6.810939e-01, 2.932298e-01
1323, 6.812843e-01, 4.916916e-01
1324, 6.817061e-01, 6.406574e-01
1325, 6.820795e-01, 5.138032e-01
1326, 6.821914e-01, 6.095050e-01
1327, 6.822148e-01, 6.320384e-01
1328, 6.822485e-01, 3.661434e-01
1329, 6.824319e-01, 1.924330e-01
1330, 6.824996e-01, 4.379992e-01
1331, 6.825671e-01, 7.072104e-01
1332, 6.828260e-01, 7.549173e-01
1333, 6.830872e-01, 8.265236e-01
1334, 6.830916e-01, 7.309662e-01
1335, 6.832652e-01, 2.427269e-01
1336, 6.832874e-01, 8.088214e-01
1337, 6.836572e-01, 4.406198e-01
1338, 6.836753e-01, 3.198063e-01
1339, 6.836989e-01, 1.893483e-01
1340, 6.837377e-01, 6.370329e-01
1341, 6.837941e-01, 4.845176e-01
1342, 6.843236e-01, 6.833758e-01
1343, 6.843574e-01, 1.733940e-01
1344, 6.844129e-01, 5.898861e-01
1345, 6.848256e-01, 7.293515e-01
1346, 6.848401e-01, 6.267508e-01
1347, 6.850574e-01, 6.063105e-01
1348, 6.851031e-01, 6.600448e-01
1349, 6.851936e-01, 3.687624e-01
1350, 6.864619e-01, 2.442418e-01
1351, 6.864732e-01, 5.845208e-01
1352, 6.868740e-01, 8.048047e-01
1353, 6.869773e-01, 6.777111e-01
1354, 6.872392e-01, 7.795086e-01
1355, 6.874231e-01, 4.832205e-01
1356, 6.875450e-01, 6.845556e-01
1357, 6.879937e-01, 4.364719e-01
1358, 6.886583e-01, 7.276925e-01
1359, 6.910132e-01, 7.817936e-01
1360, 6.924556e-01, 2.965862e-01
1361, 6.996711e-01, 4.129867e-01
1362, 7.007941e-01, 1.671337e-01
1363, 7.017123e-01, 7.127289e-01
1364, 7.020211e-01, 6.647138e-01
1365, 7.022445e-01, 8.008734e-01
1366, 7.026599e-01, 2.257284e-01
1367, 7.031378e-01, 6.063105e-01
1368, 7.035649e-01, 3.111898e-01
1369, 7.035988e-01, 4.143647e-01
1370, 7.036775e-01, 5.145441e-01
1371, 7.037976e-01, 6.172589e-01
1372, 7.039203e-01, 5.371053e-01
1373, 7.040161e-01, 6.594980e-01
1374, 7.044196e-01, 2.917568e-01
1375, 7.050117e-01, 2.199670e-01
1376, 7.050286e-01, 3.170080e-01
1377, 7.051031e-01, 2.646645e-01
1378, 7.055521e-01, 3.661330e-01
1379, 7.057634e-01, 7.820351e-01
1380, 7.058074e-01, 7.111020e-01
1381, 7.059260e-01, 3.388461e-01
1382, 7.059841e-01, 6.574842e-01
1383, 7.060276e-01, 2.689966e-01
1384, 7.060877e-01, 2.422500e-01
1385, 7.062429e-01, 5.121777e-01
1386, 7.062661e-01, 5.390869e-01
1387, 7.062904e-01, 8.273428e-01
1388, 7.064417e-01, 6.995032e-01
1389, 7.066772e-01, 4.145430e-01
1390, 7.067254e-01, 6.075800e-01
1391, 7.067413e-01, 8.087203e-01
1392, 7.068281e-01, 6.339138e-01
1393, 7.068418e-01, 1.760552e-01
1394, 7.068747e-01, 4.597679e-01
1395, 7.074908e-01, 2.879419e-01
1396, 7.076684e-01, 8.062386e-01
1397, 7.077801e-01, 6.105521e-01
1398, 7.080207e-01, 5.859861e-01
1399, 7.080465e-01, 3.879331e-01
1400, 7.081843e-01, 7.027674e-01
1401, 7.081880e-01, 7.070261e-01
1402, 7.082708e-01, 4.129810e-01
1403, 7.085839e-01, 4.861857e-01
1404, 7.086702e-01, 1.726266e-01
1405, 7.088540e-01, 6.355791e-01
1406, 7.088564e-01, 4.693641e-01
1407, 7.090246e-01, 6.563834e-01
1408, 7.090365e-01, 5.109325e-01
1409, 7.095329e-01, 5.641590e-01
1410, 7.095733e-01, 3.898563e-01
1411, 7.096952e-01, 4.214491e-01
1412, 7.105676e-01, 2.461057e-01
1413, 7.110011e-01, 3.648188e-01
1414, 7.112417e-01, 6.123262e-01
1415, 7.119436e-01, 3.445627e-01
1416, 7.120710e-01, 5.098091e-01
1417, 7.122177e-01, 4.111848e-01
1418, 7.128806e-01, 2.202963e-01
1419, 7.131842e-01, 6.585051e-01
1420, 7.138410e-01, 3.637591e-01
1421, 7.149869e-01, 8.081858e-01
1422, 7.150326e-01, 2.647304e-01
1423, 7.222735e-01, 1.969354e-01
1424, 7.223632e-01, 3.119666e-01
1425, 7.241937e-01, 6.813670e-01
1426, 7.248438e-01, 7.300162e-01
1427, 7.255462e-01, 3.944756e-01
1428, 7.260980e-01, 6.314631e-01
1429, 7.269345e-01, 3.462337e-01
1430, 7.273648e-01, 1.941163e-01
1431, 7.277767e-01, 5.434605e-01
1432, 7.280809e-01, 7.528410e-01
1433, 7.282672e-01, 4.645385e-01
1434, 7.288302e-01, 3.931569e-01
1435, 7.288485e-01, 5.925568e-01
1436, 7.289803e-01, 5.817557e-01
1437, 7.290066e-01, 4.877487e-01
1438, 7.290325e-01, 4.342527e-01
1439, 7.295073e-01, 6.570963e-01
1440, 7.295782e-01, 7.373397e-01
1441, 7.296996e-01, 7.851391e-01
1442, 7.297229e-01, 6.366535e-01
1443, 7.297692e-01, 2.869260e-01
1444, 7.299740e-01, 5.288233e-01
1445, 7.301364e-01, 5.601608e-01
1446, 7.304141e-01, 3.449576e-01
1447, 7.304587e-01, 5.137447e-01
1448, 7.305113e-01, 1.939825e-01
1449, 7.306602e-01, 2.891554e-01
1450, 7.307620e-01, 4.677353e-01
1451, 7.307777e-01, 1.682059e-01
1452, 7.309411e-01, 6.335362e-01
1453, 7.309857e-01, 4.174690e-01
1454, 7.314367e-01, 4.389765e-01
1455, 7.316574e-01, 6.097842e-01
1456, 7.317384e-01, 8.250197e-01
1457, 7.317856e-01, 5.839680e-01
1458, 7.320063e-01, 2.226466e-01
1459, 7.322080e-01, 7.325343e-01
1460, 7.324283e-01, 7.065429e-01
1461, 7.325999e-01, 1.903582e-01
1462, 7.326934e-01, 7.818401e-01
1463, 7.329211e-01, 3.890754e-01
1464, 7.331460e-01, 5.632026e-01
1465, 7.335020e-01, 3.224541e-01
1466, 7.337446e-01, 6.605900e-01
1467, 7.338270e-01, 7.781234e-01
1468, 7.339945e-01, 4.888068e-01
1469, 7.340167e-01, 7.310597e-01
1470, 7.341099e-01, 3.848098e-01
1471, 7.341761e-01, 2.462302e-01
1472, 7.344156e-01, 7.582615e-01
1473, 7.345045e-01, 6.741186e-01
1474, 7.345143e-01, 4.144174e-01
1475, 7.347008e-01, 1.719963e-01
1476, 7.356144e-01, 2.897548e-01
1477, 7.357523e-01, 1.994490e-01
1478, 7.358063e-01, 7.741861e-01
1479, 7.359713e-01, 4.417654e-01
1480, 7.361252e-01, 6.352213e-01
1481, 7.367058e-01, 2.186912e-01
1482, 7.368790e-01, 3.910474e-01
1483, 7.381911e-01, 2.910671e-01
1484, 7.382125e-01, 5.868556e-01
1485, 7.417355e-01, 2.022490e-01
1486, 7.464776e-01, 6.614532e-01
1487, 7.487472e-01, 6.095537e-01
1488, 7.490755e-01, 2.006330e-01
1489, 7.494214e-01, 7.178667e-01
1490, 7.507343e-01, 7.613227e-01
1491, 7.508836e-01, 2.177169e-01
1492, 7.521576e-01, 2.729074e-01
1493, 7.523899e-01, 7.780105e-01
1494, 7.524541e-01, 7.097972e-01
1495, 7.527989e-01, 5.067057e-01
1496, 7.529266e-01, 7.570464e-01
1497, 7.529967e-01, 7.994214e-01
1498, 7.532457e-01, 7.310336e-01
1499, 7.534349e-01, 6.352593e-01
1500, 7.535329e-01, 6.885428e-01
1501, 7.535908e-01, 1.719596e-01
1502, 7.536098e-01, 6.075822e-01
1503, 7.537594e-01, 4.892517e-01
1504, 7.538098e-01, 4.613987e-01
1505, 7.539974e-01, 3.391433e-01
1506, 7.540354e-01, 5.096671e-01
1507, 7.541629e-01, 6.537776e-01
1508, 7.542120e-01, 3.641238e-01
1509, 7.542148e-01, 7.040933e-01
1510, 7.543802e-01, 5.378563e-01
1511, 7.544802e-01, 4.686430e-01
1512, 7.546059e-01, 2.609804e-01
1513, 7.550127e-01, 8.302574e-01
1514, 7.553134e-01, 5.840343e-01
1515, 7.553705e-01, 3.909046e-01
1516, 7.554152e-01, 2.930415e-01
1517, 7.555439e-01, 7.064550e-01
1518, 7.558125e-01, 6.580689e-01
1519, 7.566993e-01, 5.359039e-01
1520, 7.567036e-01, 1.749932e-01
1521, 7.568860e-01, 6.094624e-01
1522, 7.569218e-01, 7.552246e-01
1523, 7.569548e-01, 2.709596e-01
1524, 7.572364e-01, 2.197623e-01
1525, 7.574485e-01, 4.092477e-01
1526, 7.574572e-01, 3.655248e-01
1527, 7.579370e-01, 6.123857e-01
1528, 7.579385e-01, 1.776812e-01
1529, 7.579529e-01, 7.064261e-01
1530, 7.579860e-01, 2.683167e-01
1531, 7.580796e-01, 4.156258e-01
1532, 7.581301e-01, 2.895890e-01
1533, 7.581819e-01, 7.521431e-01
1534, 7.583639e-01, 2.449328e-01
1535, 7.584483e-01, 6.839909e-01
1536, 7.584536e-01, 7.352792e-01
1537, 7.585289e-01, 8.459094e-01
1538, 7.585598e-01, 4.574919e-01
1539, 7.586103e-01, 5.624456e-01
1540, 7.587577e-01, 2.745467e-01
1541, 7.590204e-01, 2.242509e-01
1542, 7.591543e-01, 3.676405e-01
1543, 7.592091e-01, 7.857006e-01
1544, 7.592658e-01, 8.052942e-01
1545, 7.593109e-01, 6.581895e-01
1546, 7.596239e-01, 1.877877e-01
1547, 7.598458e-01, 8.077307e-01
1548, 7.601553e-01, 1.592221e-01
1549, 7.601567e-01, 3.710696e-01
1550, 7.602467e-01, 5.149019e-01
1551, 7.603624e-01, 6.086175e-01
1552, 7.603653e-01, 7.567102e-01
1553, 7.607376e-01, 3.128132e-01
1554, 7.616011e-01, 2.176260e-01
1555, 7.616960e-01, 2.665954e-01
1556, 7.619069e-01, 5.197248e-01
1557, 7.627200e-01, 6.601700e-01
1558, 7.631735e-01, 7.039554e-01
1559, 7.727662e-01, 6.379298e-01
1560, 7.727779e-01, 4.433003e-01
1561, 7.750422e-01, 7.854479e-01
1562, 7.759052e-01, 5.591448e-01
1563, 7.762682e-01, 2.462068e-01
1564, 7.762776e-01, 4.160352e-01
1565, 7.764978e-01, 5.809880e-01
1566, 7.769761e-01, 4.277712e-01
1567, 7.771309e-01, 6.261305e-01
1568, 7.777697e-01, 8.290349e-01
1569, 7.780262e-01, 3.702887e-01
1570, 7.780280e-01, 3.893792e-01
1571, 7.782581e-01, 4.893352e-01
1572, 7.783592e-01, 1.735353e-01
1573, 7.785419e-01, 4.799218e-01
1574, 7.788484e-01, 3.350878e-01
1575, 7.789386e-01, 6.602611e-01
1576, 7.790857e-01, 2.891775e-01
1577, 7.792126e-01, 5.098803e-01
1578, 7.792392e-01, 6.120909e-01
1579, 7.792561e-01, 4.658266e-01
1580, 7.792948e-01, 5.622323e-01
1581, 7.795575e-01, 7.359434e-01
1582, 7.796422e-01, 7.070966e-01
1583, 7.799500e-01, 8.343411e-01
1584, 7.800248e-01, 5.820063e-01
1585, 7.802972e-01, 8.056025e-01
1586, 7.804311e-01, 5.358514e-01
1587, 7.804600e-01, 6.342358e-01
1588, 7.805090e-01, 2.183558e-01
1589, 7.806321e-01, 1.933730e-01
1590, 7.806908e-01, 7.335446e-01
1591, 7.807264e-01, 3.159897e-01
1592, 7.807723e-01, 1.702210e-01
1593, 7.808265e-01, 4.116819e-01
1594, 7.808593e-01, 4.882841e-01
1595, 7.810249e-01, 3.675272e-01
1596, 7.812724e-01, 4.856909e-01
1597, 7.812794e-01, 2.915134e-01
1598, 7.814506e-01, 7.779100e-01
1599, 7.815184e-01, 4.350220e-01
1600, 7.816172e-01, 3.906732e-01
1601, 7.816466e-01, 5.114716e-01
1602, 7.817816e-01, 8.035274e-01
1603, 7.820566e-01, 2.477924e-01
1604, 7.822810e-01, 6.571760e-01
1605, 7.824629e-01, 5.841864e-01
1606, 7.824939e-01, 6.357805e-01
1607, 7.826104e-01, 1.983158e-01
1608, 7.826742e-01, 2.206385e-01
1609, 7.832665e-01, 7.041538e-01
1610, 7.837909e-01, 3.963638e-01
1611, 7.839811e-01, 2.427968e-01
1612, 7.840151e-01, 1.919341e-01
1613, 7.845576e-01, 5.898791e-01
1614, 7.846889e-01, 8.221567e-01
1615, 7.856802e-01, 4.420242e-01
1616, 7.869458e-01, 6.375935e-01
1617, 7.874938e-01, 5.332673e-01
1618, 7.902344e-01, 7.271403e-01
1619, 7.964896e-01, 7.029750e-01
1620, 7.977914e-01, 7.561802e-01
1621, 7.982101e-01, 5.092766e-01
1622, 7.982524e-01, 6.111462e-01
1623, 7.984874e-01, 5.562797e-01
1624, 7.989978e-01, 1.682969e-01
1625, 7.992875e-01, 6.570198e-01
1626, 8.002634e-01, 4.668833e-01
1627, 8.009568e-01, 6.097782e-01
1628, 8.009717e-01, 2.618154e-01
1629, 8.009750e-01, 2.747497e-01
1630, 8.010756e-01, 7.544540e-01
1631, 8.012103e-01, 4.132814e-01
1632, 8.020858e-01, 7.788319e-01
1633, 8.021767e-01, 7.054719e-01
1634, 8.023150e-01, 8.480378e-01
1635, 8.023180e-01, 3.890466e-01
1636, 8.024070e-01, 2.464990e-01
1637, 8.027878e-01, 7.124929e-01
1638, 8.027945e-01, 5.348470e-01
1639, 8.029643e-01, 6.641157e-01
1640, 8.032126e-01, 2.904886e-01
1641, 8.032305e-01, 3.442338e-01
1642, 8.033134e-01, 4.879207e-01
1643, 8.034209e-01, 5.847774e-01
1644, 8.038491e-01, 6.357632e-01
1645, 8.039267e-01, 8.057735e-01
1646, 8.040221e-01, 3.621969e-01
1647, 8.042388e-01, 2.138593e-01
1648, 8.042459e-01, 5.657014e-01
1649, 8.043286e-01, 6.597682e-01
1650, 8.044359e-01, 4.393213e-01
1651, 8.045086e-01, 7.084892e-01
1652, 8.046374e-01, 5.583058e-01
1653, 8.046552e-01, 4.651972e-01
1654, 8.048300e-01, 5.367330e-01
1655, 8.048581e-01, 4.191449e-01
1656, 8.048712e-01, 2.442372e-01
1657, 8.049717e-01, 8.035555e-01
1658, 8.052280e-01, 6.840841e-01
1659, 8.052825e-01, 7.502967e-01
1660, 8.053723e-01, 1.728751e-01
1661, 8.053966e-01, 1.704781e-01
1662, 8.055633e-01, 1.951062e-01
1663, 8.056209e-01, 4.585177e-01
1664, 8.058972e-01, 8.094770e-01
1665, 8.059713e-01, 4.853502e-01
1666, 8.059753e-01, 4.620137e-01
1667, 8.060678e-01, 6.579345e-01
1668, 8.062383e-01, 2.220329e-01
1669, 8.062645e-01, 4.691766e-01
1670, 8.063512e-01, 2.197069e-01
1671, 8.063645e-01, 5.615169e-01
1672, 8.064393e-01, 3.931258e-01
1673, 8.065501e-01, 4.116413e-01
1674, 8.074768e-01, 1.771001e-01
1675, 8.077198e-01, 1.650003e-01
1676, 8.077595e-01, 4.088540e-01
1677, 8.077849e-01, 6.541268e-01
1678, 8.080699e-01, 6.811693e-01
1679, 8.082325e-01, 1.925809e-01
1680, 8.086948e-01, 5.108274e-01
1681, 8.088949e-01, 6.112302e-01
1682, 8.089751e-01, 3.394813e-01
1683, 8.093275e-01, 5.631253e-01
1684, 8.115757e-01, 7.591614e-01
1685, 8.121075e-01, 2.655412e-01
1686, 8.132398e-01, 7.050881e-01
1687, 8.134686e-01, 5.130725e-01
1688, 8.216965e-01, 2.411084e-01
1689, 8.239731e-01, 2.202863e-01
1690, 8.245955e-01, 6.095573e-01
1691, 8.250286e-01, 2.424695e-01
1692, 8.250560e-01, 2.888948e-01
1693, 8.255112e-01, 3.447261e-01
1694, 8.260173e-01, 6.320666e-01
1695, 8.263084e-01, 7.780462e-01
1696, 8.265960e-01, 4.926278e-01
1697, 8.266202e-01, 6.753053e-01
1698, 8.266795e-01, 2.504855e-01
1699, 8.269578e-01, 6.890641e-01
1700, 8.270127e-01, 5.923286e-01
1701, 8.271459e-01, 1.688674e-01
1702, 8.272657e-01, 6.389288e-01
1703, 8.273528e-01, 6.818430e-01
1704, 8.273806e-01, 7.106421e-01
1705, 8.274291e-01, 2.988657e-01
1706, 8.274931e-01, 3.665977e-01
1707, 8.275003e-01, 7.834365e-01
1708, 8.275459e-01, 6.793023e-01
1709, 8.275827e-01, 4.893347e-01
1710, 8.277812e-01, 4.151487e-01
1711, 8.278588e-01, 8.201518e-01
1712, 8.282119e-01, 6.329367e-01
1713, 8.282455e-01, 2.453771e-01
1714, 8.282964e-01, 7.319454e-01
1715, 8.283792e-01, 6.354514e-01
1716, 8.284808e-01, 1.707963e-01
1717, 8.285254e-01, 6.843397e-01
1718, 8.289709e-01, 4.632859e-01
1719, 8.290448e-01, 4.364428e-01
1720, 8.290788e-01, 6.142510e-01
1721, 8.290891e-01, 5.887210e-01
1722, 8.292024e-01, 7.577439e-01
1723, 8.292987e-01, 6.646085e-01
1724, 8.295899e-01, 4.177669e-01
1725, 8.297500e-01, 5.624322e-01
1726, 8.298384e-01, 5.342260e-01
1727, 8.299032e-01, 3.172986e-01
1728, 8.299342e-01, 4.854997e-01
1729, 8.299386e-01, 1.534334e-01
1730, 8.302799e-01, 8.262831e-01
1731, 8.303108e-01, 2.158165e-01
1732, 8.304022e-01, 3.947216e-01
1733, 8.304821e-01, 4.338450e-01
1734, 8.304941e-01, 7.077270e-01
1735, 8.305833e-01, 3.894514e-01
1736, 8.310764e-01, 7.345969e-01
1737, 8.311215e-01, 5.894978e-01
1738, 8.311606e-01, 6.298935e-01
1739, 8.318585e-01, 1.981488e-01
1740, 8.319253e-01, 7.548895e-01
1741, 8.324472e-01, 2.451822e-01
1742, 8.324806e-01, 4.845007e-01
1743, 8.325987e-01, 2.905145e-01
1744, 8.330200e-01, 7.401649e-01
1745, 8.339134e-01, 6.592197e-01
1746, 8.366222e-01, 7.776184e-01
1747, 8.374089e-01, 2.424369e-01
1748, 8.454606e-01, 7.084258e-01
1749, 8.458436e-01, 2.170394e-01
1750, 8.483613e-01, 6.977836e-01
1751, 1.681931e-01, 4.595645e-01
1752, 1.680604e-01, 7.023823e-01
1753, 1.703460e-01, 4.879372e-01
1754, 1.691845e-01, 3.655915e-01
1755, 1.699435e-01, 7.327449e-01
1756, 1.717390e-01, 6.102857e-01
1757, 1.703347e-01, 7.572422e-01
1758, 1.730643e-01, 5.599257e-01
1759, 1.713811e-01, 2.676240e-01
1760, 1.708467e-01, 8.071755e-01
1761, 1.896669e-01, 6.834445e-01
1762, 1.722711e-01, 6.576976e-01
1763, 1.951190e-01, 6.403140e-01
1764, 1.943750e-01, 1.954485e-01
1765, 1.955467e-01, 2.922230e-01
1766, 1.965562e-01, 3.415146e-01
1767, 1.956504e-01, 5.121031e-01
1768, 1.983610e-01, 4.869113e-01
1769, 1.959599e-01, 5.369482e-01
1770, 1.959420e-01, 5.785015e-01
1771, 1.946503e-01, 3.901255e-01
1772, 1.983735e-01, 7.838731e-01
1773, 1.986608e-01, 1.953660e-01
1774, 1.964446e-01, 5.870503e-01
1775, 2.169864e-01, 5.115668e-01
1776, 1.961333e-01, 7.334736e-01
1777, 1.970939e-01, 8.289181e-01
1778, 2.201670e-01, 1.959631e-01
1779, 2.186634e-01, 2.441703e-01
1780, 2.200721e-01, 6.102163e-01
1781, 2.203448e-01, 8.046204e-01
1782, 2.200693e-01, 6.598919e-01
1783, 2.185995e-01, 7.107793e-01
1784, 2.175481e-01, 7.547645e-01
1785, 2.210255e-01, 4.646305e-01
1786, 2.204402e-01, 3.175017e-01
1787, 2.408352e-01, 5.331951e-01
1788, 2.415711e-01, 3.445356e-01
1789, 2.436302e-01, 3.694942e-01
1790, 2.468625e-01, 4.391198e-01
1791, 2.433945e-01, 4.648561e-01
1792, 2.442394e-01, 1.937296e-01
1793, 2.429731e-01, 7.564237e-01
1794, 2.445563e-01, 7.834720e-01
1795, 2.427687e-01, 3.902163e-01
1796, 2.482023e-01, 2.408252e-01
1797, 2.428676e-01, 2.929932e-01
1798, 2.450356e-01, 3.407644e-01
1799, 2.457526e-01, 4.876913e-01
1800, 2.463415e-01, 5.381198e-01
1801, 2.663499e-01, 6.321717e-01
1802, 2.653577e-01, 8.087847e-01
1803, 2.683681e-01, 2.713728e-01
1804, 2.691027e-01, 3.429452e-01
1805, 2.682497e-01, 2.187878e-01
1806, 2.694827e-01, 3.660377e-01
1807, 2.675463e-01, 6.098894e-01
1808, 2.700956e-01, 7.110744e-01
1809, 2.681119e-01, 5.640998e-01
1810, 2.686845e-01, 3.206870e-01
1811, 2.908616e-01, 3.420766e-01
1812, 2.687146e-01, 5.140589e-01
1813, 2.702665e-01, 5.110493e-01
1814, 2.661335e-01, 1.697043e-01
1815, 2.899226e-01, 2.926726e-01
1816, 2.919730e-01, 8.044847e-01
1817, 2.898136e-01, 5.869588e-01
1818, 2.926430e-01, 6.081039e-01
1819, 2.924452e-01, 7.801836e-01
1820, 2.935333e-01, 4.879956e-01
1821, 2.919988e-01, 5.591910e-01
1822, 2.944530e-01, 6.354410e-01
1823, 2.926889e-01, 6.809401e-01
1824, 2.931039e-01, 4.369085e-01
1825, 2.934686e-01, 8.306049e-01
1826, 2.925281e-01, 5.365588e-01
1827, 3.142459e-01, 8.032754e-01
1828, 3.156512e-01, 7.577114e-01
1829, 3.173386e-01, 7.822363e-01
1830, 3.147592e-01, 4.626626e-01
1831, 3.175117e-01, 8.283589e-01
1832, 3.173445e-01, 3.165007e-01
1833, 3.207695e-01, 7.558333e-01
1834, 3.186483e-01, 2.224393e-01
1835, 3.189713e-01, 3.673098e-01
1836, 3.178035e-01, 1.681307e-01
1837, 3.169856e-01, 6.599509e-01
1838, 3.409928e-01, 1.943391e-01
1839, 3.401690e-01, 1.695139e-01
1840, 3.384048e-01, 4.848664e-01
1841, 3.403591e-01, 5.359936e-01
1842, 3.390808e-01, 7.830082e-01
1843, 3.444246e-01, 8.293268e-01
1844, 3.423784e-01, 5.862026e-01
1845, 3.443737e-01, 6.879653e-01
1846, 3.406687e-01, 3.429731e-01
1847, 3.421625e-01, 4.890353e-01
1848, 3.632398e-01, 5.118088e-01
1849, 3.405656e-01, 6.835674e-01
1850, 3.640186e-01, 7.569546e-01
1851, 3.653403e-01, 3.403950e-01
1852, 3.650735e-01, 2.679270e-01
1853, 3.653446e-01, 4.631834e-01
1854, 3.683340e-01, 7.105700e-01
1855, 3.670712e-01, 4.111782e-01
1856, 3.702890e-01, 5.622915e-01
1857, 3.661673e-01, 2.181577e-01
1858, 3.707689e-01, 2.236102e-01
1859, 3.665212e-01, 1.717360e-01
1860, 3.667315e-01, 6.082853e-01
1861, 3.881290e-01, 3.825965e-01
1862, 3.902574e-01, 3.652910e-01
1863, 3.913498e-01, 2.434247e-01
1864, 3.917074e-01, 3.151695e-01
1865, 3.903610e-01, 4.125205e-01
1866, 3.907832e-01, 6.344643e-01
1867, 3.933006e-01, 8.314188e-01
1868, 3.903815e-01, 3.443567e-01
1869, 3.875879e-01, 7.321271e-01
1870, 3.911869e-01, 5.376098e-01
1871, 3.937095e-01, 4.387897e-01
1872, 3.895589e-01, 4.900312e-01
1873, 3.895145e-01, 5.847029e-01
1874, 4.117901e-01, 6.089880e-01
1875, 3.914997e-01, 6.838666e-01
1876, 3.924315e-01, 7.813247e-01
1877, 3.908981e-01, 1.971821e-01
1878, 4.099520e-01, 7.111860e-01
1879, 4.150611e-01, 6.853799e-01
1880, 4.139787e-01, 5.149492e-01
1881, 4.148031e-01, 2.438757e-01
1882, 4.123985e-01, 5.360095e-01
1883, 4.137260e-01, 7.538358e-01
1884, 4.152199e-01, 8.040413e-01
1885, 4.156360e-01, 2.673949e-01
1886, 4.141713e-01, 3.165961e-01
1887, 4.145172e-01, 4.632982e-01
1888, 4.163186e-01, 3.134050e-01
1889, 4.128392e-01, 5.595798e-01
1890, 4.139250e-01, 6.562523e-01
1891, 4.383837e-01, 6.294024e-01
1892, 4.408074e-01, 7.075351e-01
1893, 4.392380e-01, 1.698866e-01
1894, 4.402484e-01, 2.450645e-01
1895, 4.398819e-01, 2.925596e-01
1896, 4.396637e-01, 4.389159e-01
1897, 4.379893e-01, 5.374403e-01
1898, 4.387471e-01, 5.858343e-01
1899, 4.398418e-01, 7.803621e-01
1900, 4.411447e-01, 8.307848e-01
1901, 4.406643e-01, 3.921357e-01
1902, 4.392632e-01, 7.339974e-01
1903, 4.635436e-01, 3.167801e-01
1904, 4.663240e-01, 4.880564e-01
1905, 4.640644e-01, 3.425686e-01
1906, 4.663723e-01, 5.112445e-01
1907, 4.638967e-01, 2.203235e-01
1908, 4.632842e-01, 3.643390e-01
1909, 4.621836e-01, 1.710953e-01
1910, 4.628827e-01, 6.568794e-01
1911, 4.633553e-01, 4.137591e-01
1912, 4.864517e-01, 4.863355e-01
1913, 4.637935e-01, 2.693543e-01
1914, 4.856097e-01, 2.934642e-01
1915, 4.617320e-01, 6.106610e-01
1916, 4.827220e-01, 6.342533e-01
1917, 4.643823e-01, 7.563832e-01
1918, 4.647923e-01, 4.632362e-01
1919, 4.671493e-01, 8.053360e-01
1920, 4.630968e-01, 7.058831e-01
1921, 4.852630e-01, 1.924788e-01
1922, 4.878634e-01, 2.189671e-01
1923, 4.881650e-01, 4.158192e-01
1924, 4.884544e-01, 3.170731e-01
1925, 4.913472e-01, 5.325545e-01
1926, 4.884979e-01, 6.851421e-01
1927, 4.877492e-01, 8.298549e-01
1928, 4.883087e-01, 1.972598e-01
1929, 5.103391e-01, 2.701296e-01
1930, 4.884853e-01, 3.401387e-01
1931, 5.094944e-01, 6.574566e-01
1932, 5.084520e-01, 3.179909e-01
1933, 5.151303e-01, 7.797295e-01
1934, 5.128783e-01, 8.296111e-01
1935, 5.115726e-01, 2.423111e-01
1936, 5.092518e-01, 7.026021e-01
1937, 5.092370e-01, 4.641120e-01
1938, 5.124156e-01, 7.553012e-01
1939, 5.146644e-01, 3.185070e-01
1940, 5.135459e-01, 5.554281e-01
1941, 5.333051e-01, 8.276064e-01
1942, 5.106271e-01, 3.650654e-01
1943, 5.135309e-01, 6.579384e-01
1944, 5.366526e-01, 7.814067e-01
1945, 5.135811e-01, 5.612134e-01
1946, 5.359735e-01, 7.329355e-01
1947, 5.401426e-01, 3.660858e-01
1948, 5.363713e-01, 2.935085e-01
1949, 5.359129e-01, 3.909901e-01
1950, 5.365190e-01, 4.159550e-01
1951, 5.346290e-01, 5.133637e-01
1952, 5.367727e-01, 6.809861e-01
1953, 5.371881e-01, 5.383394e-01
1954, 5.370944e-01, 5.837692e-01
1955, 5.595656e-01, 1.713392e-01
1956, 5.363720e-01, 1.949713e-01
1957, 5.417147e-01, 3.458960e-01
1958, 5.368805e-01, 4.412427e-01
1959, 5.610735e-01, 2.680528e-01
1960, 5.593636e-01, 3.170658e-01
1961, 5.613111e-01, 4.370671e-01
1962, 5.598943e-01, 2.452614e-01
1963, 5.622736e-01, 7.066231e-01
1964, 5.590060e-01, 7.813655e-01
1965, 5.614694e-01, 7.569339e-01
1966, 5.642307e-01, 5.095367e-01
1967, 5.614991e-01, 6.597233e-01
1968, 5.628721e-01, 5.610239e-01
1969, 5.614740e-01, 6.097971e-01
1970, 5.619079e-01, 4.142253e-01
1971, 5.838711e-01, 5.360736e-01
1972, 5.853634e-01, 5.847060e-01
1973, 5.823623e-01, 1.946153e-01
1974, 5.833692e-01, 2.893454e-01
1975, 5.858861e-01, 4.415958e-01
1976, 5.837876e-01, 6.339479e-01
1977, 5.858698e-01, 2.404265e-01
1978, 5.868896e-01, 6.832718e-01
1979, 5.876762e-01, 2.934678e-01
1980, 5.856107e-01, 3.896209e-01
1981, 5.849915e-01, 4.895633e-01
1982, 6.064650e-01, 7.328171e-01
1983, 6.090554e-01, 4.628202e-01
1984, 6.095501e-01, 7.563015e-01
1985, 6.119276e-01, 7.531376e-01
1986, 6.099704e-01, 5.120333e-01
1987, 6.084195e-01, 2.669172e-01
1988, 6.297000e-01, 4.386891e-01
1989, 6.330310e-01, 7.793037e-01
1990, 6.123743e-01, 6.577113e-01
1991, 6.352014e-01, 7.591217e-01
1992, 6.345525e-01, 5.601216e-01
1993, 6.322239e-01, 1.690528e-01
1994, 6.341824e-01, 2.936522e-01
1995, 6.315960e-01, 6.358471e-01
1996, 6.355742e-01, 6.811729e-01
1997, 6.327522e-01, 8.338867e-01
1998, 6.552747e-01, 3.164686e-01
1999, 6.337416e-01, 3.888513e-01
2000, 6.352494e-01, 5.349571e-01
2001, 6.370405e-01, 1.918574e-01
2002, 6.332930e-01, 3.436644e-01
2003, 6.365492e-01, 4.877007e-01
2004, 6.341170e-01, 5.889327e-01
2005, 6.588304e-01, 2.921702e-01
2006, 6.568303e-01, 2.190010e-01
2007, 6.549515e-01, 3.632249e-01
2008, 6.561625e-01, 3.919616e-01
2009, 6.611675e-01, 6.585281e-01
2010, 6.607739e-01, 8.050771e-01
2011, 6.578139e-01, 2.701411e-01
2012, 6.596945e-01, 3.661606e-01
2013, 6.598843e-01, 1.722230e-01
2014, 6.619314e-01, 4.629239e-01
2015, 6.600515e-01, 6.076309e-01
2016, 6.585073e-01, 7.547280e-01
2017, 6.807616e-01, 7.788010e-01
2018, 6.821313e-01, 2.177186e-01
2019, 6.856600e-01, 4.152629e-01
2020, 6.817233e-01, 5.848153e-01
2021, 6.808103e-01, 5.610673e-01
2022, 6.844276e-01, 2.700637e-01
2023, 6.834715e-01, 1.955889e-01
2024, 6.846885e-01, 3.897060e-01
2025, 6.820995e-01, 2.896600e-01
2026, 6.858139e-01, 3.421518e-01
2027, 6.804593e-01, 4.883313e-01
2028, 6.832080e-01, 7.356497e-01
2029, 6.874501e-01, 8.269753e-01
2030, 6.844994e-01, 5.348442e-01
2031, 7.068737e-01, 4.378628e-01
2032, 7.076630e-01, 2.178852e-01
2033, 7.050187e-01, 1.940444e-01
2034, 7.089538e-01, 3.175984e-01
2035, 7.056146e-01, 6.839501e-01
2036, 7.081879e-01, 7.345153e-01
2037, 7.058364e-01, 4.634402e-01
2038, 7.062182e-01, 8.014321e-01
2039, 7.296058e-01, 6.839797e-01
2040, 7.298677e-01, 8.308339e-01
2041, 7.096631e-01, 1.690060e-01
2042, 7.084887e-01, 3.683028e-01
2043, 7.077729e-01, 5.600919e-01
2044, 7.077565e-01, 7.547893e-01
2045, 7.328808e-01, 3.647888e-01
2046, 7.335963e-01, 3.365686e-01
2047, 7.322349e-01, 2.693492e-01
2048, 7.307258e-01, 2.437591e-01
2049, 7.301494e-01, 8.050425e-01
2050, 7.332421e-01, 8.283861e-01
2051, 7.317928e-01, 5.360248e-01
2052, 7.356720e-01, 6.895713e-01
2053, 7.319552e-01, 4.848699e-01
2054, 7.539275e-01, 2.188865e-01
2055, 7.544423e-01, 4.144583e-01
2056, 7.336636e-01, 3.414055e-01
2057, 7.500446e-01, 3.638884e-01
2058, 7.542981e-01, 8.026833e-01
2059, 7.582008e-01, 3.128312e-01
2060, 7.558127e-01, 4.411960e-01
2061, 7.564767e-01, 5.116417e-01
2062, 7.566127e-01, 4.635629e-01
2063, 7.551062e-01, 5.609685e-01
2064, 7.796084e-01, 7.309558e-01
2065, 7.774501e-01, 1.938124e-01
2066, 7.551415e-01, 3.221663e-01
2067, 7.784766e-01, 3.447306e-01
2068, 7.794155e-01, 5.387289e-01
2069, 7.799199e-01, 6.818518e-01
2070, 7.810053e-01, 7.824562e-01
2071, 7.809895e-01, 2.693990e-01
2072, 7.807388e-01, 7.565948e-01
2073, 7.818978e-01, 8.303316e-01
2074, 7.820638e-01, 4.404879e-01
2075, 7.808920e-01, 3.410570e-01
2076, 7.804181e-01, 2.440720e-01
2077, 7.816110e-01, 2.967631e-01
2078, 8.029964e-01, 3.167692e-01
2079, 8.022238e-01, 5.107078e-01
2080, 8.034236e-01, 8.296540e-01
2081, 8.060513e-01, 7.327514e-01
2082, 8.044030e-01, 2.691831e-01
2083, 8.072036e-01, 8.009997e-01
2084, 8.043680e-01, 3.667760e-01
2085, 8.033560e-01, 4.152422e-01
2086, 8.276908e-01, 5.366042e-01
2087, 8.053525e-01, 6.090540e-01
2088, 8.075564e-01, 3.140278e-01
2089, 8.040202e-01, 7.551572e-01
2090, 8.295601e-01, 8.314488e-01
2091, 8.265067e-01, 5.821232e-01
2092, 8.317454e-01, 2.662148e-01
2093, 8.292498e-01, 5.113264e-01
2094, 8.268799e-01, 3.851804e-01
2095, 8.298159e-01, 1.947719e-01
2096, 8.293331e-01, 8.067293e-01
2097, 8.269168e-01, 7.280270e-01
2098, 8.295261e-01, 7.794158e-01
2099, 8.300087e-01, 3.371217e-01
2100, 8.292201e-01, 4.428373e-01
2101, 8.332533e-01, 5.408508e-01
2102, 8.315474e-01, 3.923684e-01
2103, 8.297970e-01, 2.924591e-01
2104, 8.293254e-01, 3.407572e-01
2105, 1.500000e-01, 6.476448e-01
2106, 1.500000e-01, 5.118475e-01
2107, 1.500000e-01, 2.194836e-01
2108, 1.500000e-01, 2.336061e-01
2109, 1.500000e-01, 2.698943e-01
2110, 1.500000e-01, 3.669393e-01
2111, 1.500000e-01, 4.613325e-01
2112, 1.500000e-01, 3.148213e-01
2113, 1.500000e-01, 1.736688e-01
2114, 1.500000e-01, 7.078827e-01
2115, 1.500000e-01, 4.148695e-01
2116, 1.500000e-01, 6.069223e-01
2117, 1.500000e-01, 7.574422e-01
2118, 1.500000e-01, 6.547202e-01
2119, 1.500000e-01, 8.056692e-01
2120, 1.500000e-01, 6.267614e-01
2121, 1.500000e-01, 7.272099e-01
2122, 1.500000e-01, 7.767036e-01
2123, 1.500000e-01, 3.922758e-01
2124, 1.500000e-01, 5.297979e-01
2125, 1.500000e-01, 2.872425e-01
2126, 1.500000e-01, 3.844129e-01
2127, 1.500000e-01, 3.892498e-01
2128, 1.500000e-01, 4.316293e-01
2129, 1.500000e-01, 5.405088e-01
2130, 1.500000e-01, 5.393435e-01
2131, 1.500000e-01, 5.830950e-01
2132, 1.500000e-01, 5.854333e-01
2133, 1.533444e-01, 1.500000e-01
2134, 1.500000e-01, 3.431785e-01
2135, 1.500000e-01, 3.360806e-01
2136, 1.500000e-01, 1.983233e-01
2137, 1.500000e-01, 1.879269e-01
2138, 1.500000e-01, 2.436888e-01
2139, 1.500000e-01, 2.472265e-01
2140, 1.500000e-01, 4.929265e-01
2141, 1.500000e-01, 2.975953e-01
2142, 1.500000e-01, 2.945710e-01
2143, 1.500000e-01, 4.433019e-01
2144, 1.500000e-01, 4.395427e-01
2145, 1.630504e-01, 8.500000e-01
2146, 1.500000e-01, 4.885773e-01
2147, 1.500000e-01, 4.900579e-01
2148, 1.500000e-01, 6.329246e-01
2149, 1.500000e-01, 6.870527e-01
2150, 1.500000e-01, 6.835192e-01
2151, 1.500000e-01, 7.368795e-01
2152, 1.500000e-01, 7.278480e-01
2153, 1.500000e-01, 7.835325e-01
2154, 1.500000e-01, 7.809925e-01
2155, 1.500000e-01, 8.271316e-01
2156, 1.719419e-01, 8.500000e-01
2157, 1.696017e-01, 1.500000e-01
2158, 1.728071e-01, 8.500000e-01
2159, 1.944737e-01, 1.500000e-01
2160, 1.969404e-01, 8.500000e-01
2161, 2.116587e-01, 8.500000e-01
2162, 2.018677e-01, 1.500000e-01
2163, 2.203917e-01, 1.500000e-01
2164, 2.190058e-01, 8.500000e-01
2165, 2.276334e-01, 8.500000e-01
2166, 2.419072e-01, 1.500000e-01
2167, 2.429501e-01, 1.500000e-01
2168, 2.437061e-01, 8.500000e-01
2169, 2.615829e-01, 8.500000e-01
2170, 2.475931e-01, 1.500000e-01
2171, 2.641411e-01, 1.500000e-01
2172, 2.709582e-01, 8.500000e-01
2173, 2.900237e-01, 1.500000e-01
2174, 2.916682e-01, 8.500000e-01
2175, 3.107154e-01, 8.500000e-01
2176, 3.173020e-01, 1.500000e-01
2177, 3.154836e-01, 8.500000e-01
2178, 3.267682e-01, 8.500000e-01
2179, 3.314600e-01, 1.500000e-01
2180, 3.451422e-01, 1.500000e-01
2181, 3.409114e-01, 8.500000e-01
2182, 3.457138e-01, 1.500000e-01
2183, 3.629141e-01, 8.500000e-01
2184, 3.697144e-01, 8.500000e-01
2185, 3.658557e-01, 1.500000e-01
2186, 3.711111e-01, 8.500000e-01
2187, 3.846738e-01, 1.500000e-01
2188, 3.900377e-01, 1.500000e-01
2189, 3.898248e-01, 8.500000e-01
2190, 4.103890e-01, 8.500000e-01
2191, 3.921044e-01, 1.500000e-01
2192, 4.155608e-01, 1.500000e-01
2193, 4.115327e-01, 8.500000e-01
2194, 4.215198e-01, 8.500000e-01
2195, 4.373595e-01, 1.500000e-01
2196, 4.391240e-01, 8.500000e-01
2197, 4.567176e-01, 8.500000e-01
2198, 4.466582e-01, 1.500000e-01
2199, 4.634321e-01, 1.500000e-01
2200, 4.836140e-01, 1.500000e-01
2201, 4.878971e-01, 1.500000e-01
2202, 4.878729e-01, 8.500000e-01
2203, 4.953575e-01, 1.500000e-01
2204, 5.093637e-01, 8.500000e-01
2205, 5.121760e-01, 1.500000e-01
2206, 5.123614e-01, 8.500000e-01
2207, 5.180483e-01, 8.500000e-01
2208, 5.317722e-01, 1.500000e-01
2209, 5.347735e-01, 8.500000e-01
2210, 5.358487e-01, 1.500000e-01
2211, 5.592139e-01, 8.500000e-01
2212, 5.445433e-01, 1.500000e-01
2213, 5.600046e-01, 1.500000e-01
2214, 5.795373e-01, 1.500000e-01
2215, 5.601202e-01, 8.500000e-01
2216, 5.875541e-01, 8.500000e-01
2217, 5.858848e-01, 1.500000e-01
2218, 6.021890e-01, 8.500000e-01
2219, 6.091624e-01, 1.500000e-01
2220, 6.090126e-01, 8.500000e-01
2221, 6.299487e-01, 1.500000e-01
2222, 6.162690e-01, 8.500000e-01
2223, 6.349103e-01, 8.500000e-01
2224, 6.308451e-01, 1.500000e-01
2225, 6.516054e-01, 8.500000e-01
2226, 6.402078e-01, 1.500000e-01
2227, 6.546320e-01, 1.500000e-01
2228, 6.607883e-01, 8.500000e-01
2229, 6.799902e-01, 8.500000e-01
2230, 7.046228e-01, 8.500000e-01
2231, 7.080224e-01, 1.500000e-01
2232, 7.052090e-01, 8.500000e-01
2233, 7.255424e-01, 1.500000e-01
2234, 7.139309e-01, 8.500000e-01
2235, 7.300446e-01, 8.500000e-01
2236, 7.333233e-01, 1.500000e-01
2237, 7.540670e-01, 8.500000e-01
2238, 7.336126e-01, 1.500000e-01
2239, 7.588543e-01, 1.500000e-01
2240, 7.774964e-01, 1.500000e-01
2241, 7.563273e-01, 8.500000e-01
2242, 7.785239e-01, 8.500000e-01
2243, 8.073714e-01, 1.500000e-01
2244, 8.032515e-01, 8.500000e-01
2245, 8.251094e-01, 1.500000e-01
2246, 8.121014e-01, 8.500000e-01
2247, 8.500000e-01, 6.589468e-01
2248, 8.282657e-01, 8.500000e-01
2249, 8.500000e-01, 2.666273e-01
2250, 8.500000e-01, 4.164758e-01
2251, 8.500000e-01, 4.654217e-01
2252, 8.500000e-01, 1.725731e-01
2253, 8.500000e-01, 3.646031e-01
2254, 8.500000e-01, 5.617405e-01
2255, 8.500000e-01, 6.069147e-01
2256, 8.500000e-01, 3.239438e-01
2257, 8.500000e-01, 6.059094e-01
2258, 8.500000e-01, 4.681064e-01
2259, 8.500000e-01, 5.583342e-01
2260, 8.500000e-01, 5.640616e-01
2261, 8.500000e-01, 5.869786e-01
2262, 8.500000e-01, 6.611188e-01
2263, 8.500000e-01, 8.009729e-01
2264, 8.500000e-01, 8.497031e-01
2265, 8.285582e-01, 1.500000e-01
2266, 8.500000e-01, 1.648895e-01
2267, 8.500000e-01, 2.193092e-01
2268, 8.500000e-01, 2.253957e-01
2269, 8.500000e-01, 2.677664e-01
2270, 8.500000e-01, 3.716068e-01
2271, 8.500000e-01, 4.194041e-01
2272, 8.500000e-01, 4.573895e-01
2273, 8.500000e-01, 5.200905e-01
2274, 8.500000e-01, 5.400436e-01
2275, 8.500000e-01, 2.656480e-01
2276, 8.500000e-01, 2.414525e-01
2277, 8.500000e-01, 1.748878e-01
2278, 8.500000e-01, 1.954529e-01
2279, 8.500000e-01, 6.851479e-01
2280, 8.500000e-01, 4.081415e-01
2281, 8.500000e-01, 3.892198e-01
2282, 8.500000e-01, 2.903858e-01
2283, 8.500000e-01, 3.609226e-01
2284, 8.500000e-01, 3.403614e-01
2285, 8.500000e-01, 4.878848e-01
2286, 8.500000e-01, 7.065415e-01
2287, 8.500000e-01, 7.357599e-01
2288, 8.500000e-01, 8.290156e-01
2289, 8.500000e-01, 7.589532e-01
2290, 8.500000e-01, 7.801973e-01
2291, 8.500000e-01, 6.163163e-01
2292, 8.500000e-01, 6.332280e-01
2293, 8.500000e-01, 4.329195e-01
2294, 8.500000e-01, 7.022173e-01
2295, 8.500000e-01, 6.924194e-01
2296, 1.500710e-01, 5.642487e-01
2297, 1.500542e-01, 6.423583e-01
2298, 1.505393e-01, 8.293581e-01
2299, 2.684211e-01, 1.504100e-01
2300, 2.933492e-01, 1.507282e-01
2301, 4.644673e-01, 8.495487e-01
2302, 6.836169e-01, 1.500169e-01
2303, 7.808461e-01, 1.505005e-01
2304, 8.499510e-01, 7.554585e-01
2305, 8.498722e-01, 5.090363e-01
2306, 8.497875e-01, 8.061370e-01
2307, 8.499633e-01, 3.111054e-01
2308, 8.499184e-01, 4.378118e-01
2309, 8.499453e-01, 6.490092e-01
