1, 1.511094e-01, 2.587469e-01
2, 1.512577e-01, 1.945646e-01
3, 1.529604e-01, 7.186324e-01
4, 1.535732e-01, 1.747025e-01
5, 1.536402e-01, 6.803854e-01
6, 1.543986e-01, 2.653742e-01
7, 1.549505e-01, 4.426265e-01
8, 1.550145e-01, 2.929356e-01
9, 1.550937e-01, 5.850286e-01
10, 1.555966e-01, 5.497552e-01
11, 1.556784e-01, 4.737673e-01
12, 1.559281e-01, 6.467805e-01
13, 1.559456e-01, 4.799716e-01
14, 1.561549e-01, 2.311038e-01
15, 1.565534e-01, 6.432962e-01
16, 1.568771e-01, 3.574264e-01
17, 1.568922e-01, 7.728018e-01
18, 1.572483e-01, 7.506396e-01
19, 1.580787e-01, 3.441972e-01
20, 1.582692e-01, 4.820289e-01
21, 1.588803e-01, 6.102048e-01
22, 1.588892e-01, 7.763073e-01
23, 1.593086e-01, 6.576321e-01
24, 1.596475e-01, 2.193992e-01
25, 1.599501e-01, 5.245849e-01
26, 1.602649e-01, 2.958110e-01
27, 1.607400e-01, 7.658924e-01
28, 1.608831e-01, 7.092252e-01
29, 1.618424e-01, 5.100306e-01
30, 1.625143e-01, 7.947084e-01
31, 1.627980e-01, 5.266782e-01
32, 1.636408e-01, 8.302870e-01
33, 1.643856e-01, 2.857078e-01
34, 1.644941e-01, 4.639814e-01
35, 1.645243e-01, 6.372433e-01
36, 1.657675e-01, 7.822804e-01
37, 1.661874e-01, 6.319797e-01
38, 1.663787e-01, 3.241969e-01
39, 1.672986e-01, 1.773568e-01
40, 1.675659e-01, 5.035957e-01
41, 1.676873e-01, 2.421551e-01
42, 1.686992e-01, 1.841724e-01
43, 1.687955e-01, 4.604708e-01
44, 1.703137e-01, 3.664600e-01
45, 1.703665e-01, 3.710116e-01
46, 1.714677e-01, 3.051525e-01
47, 1.738152e-01, 5.252427e-01
48, 1.738775e-01, 3.349872e-01
49, 1.738985e-01, 4.307984e-01
50, 1.740310e-01, 7.291917e-01
51, 1.747738e-01, 5.833580e-01
52, 1.754613e-01, 7.386358e-01
53, 1.757145e-01, 6.619140e-01
54, 1.757547e-01, 1.714285e-01
55, 1.758875e-01, 6.914679e-01
56, 1.763487e-01, 6.956661e-01
57, 1.770701e-01, 4.406837e-01
58, 1.776572e-01, 5.893074e-01
59, 1.793499e-01, 6.486260e-01
60, 1.793901e-01, 5.532625e-01
61, 1.797001e-01, 2.438001e-01
62, 1.801923e-01, 7.865458e-01
63, 1.812403e-01, 5.100302e-01
64, 1.813079e-01, 5.127190e-01
65, 1.814933e-01, 6.062847e-01
66, 1.816971e-01, 2.146439e-01
67, 1.825314e-01, 3.902246e-01
68, 1.836122e-01, 8.223853e-01
69, 1.842028e-01, 2.118855e-01
70, 1.843101e-01, 2.035295e-01
71, 1.850396e-01, 6.100223e-01
72, 1.853999e-01, 5.685802e-01
73, 1.854731e-01, 3.050087e-01
74, 1.883257e-01, 6.781708e-01
75, 1.899574e-01, 4.751977e-01
76, 1.908154e-01, 8.109341e-01
77, 1.924077e-01, 2.581748e-01
78, 1.931504e-01, 7.434471e-01
79, 1.934036e-01, 6.116812e-01
80, 1.939690e-01, 1.834092e-01
81, 1.941099e-01, 8.076921e-01
82, 1.942586e-01, 7.201250e-01
83, 1.946164e-01, 2.134776e-01
84, 1.953919e-01, 7.174298e-01
85, 1.961082e-01, 7.650072e-01
86, 1.968264e-01, 6.132513e-01
87, 1.968456e-01, 1.878538e-01
88, 1.990797e-01, 7.699602e-01
89, 1.991334e-01, 8.068025e-01
90, 1.993103e-01, 2.987624e-01
91, 1.997773e-01, 2.557951e-01
92, 1.998082e-01, 3.300407e-01
93, 2.009460e-01, 3.242498e-01
94, 2.019853e-01, 2.924344e-01
95, 2.027610e-01, 4.995063e-01
96, 2.031593e-01, 8.085845e-01
97, 2.031866e-01, 3.885020e-01
98, 2.035418e-01, 2.519164e-01
99, 2.036012e-01, 7.148240e-01
100, 2.040122e-01, 6.760753e-01
101, 2.044777e-01, 6.445292e-01
102, 2.044792e-01, 4.773419e-01
103, 2.047785e-01, 4.579124e-01
104, 2.050370e-01, 5.248155e-01
105, 2.052923e-01, 3.165485e-01
106, 2.055117e-01, 2.245308e-01
107, 2.065429e-01, 6.375684e-01
108, 2.067210e-01, 8.072999e-01
109, 2.067535e-01, 4.634333e-01
110, 2.078783e-01, 5.083592e-01
111, 2.078992e-01, 8.334283e-01
112, 2.080634e-01, 4.840024e-01
113, 2.083908e-01, 7.730297e-01
114, 2.085457e-01, 6.266880e-01
115, 2.089419e-01, 5.704624e-01
116, 2.090372e-01, 8.445463e-01
117, 2.102164e-01, 5.426777e-01
118, 2.107538e-01, 5.621101e-01
119, 2.108437e-01, 8.286315e-01
120, 2.109500e-01, 1.883786e-01
121, 2.112460e-01, 5.734309e-01
122, 2.121317e-01, 3.811718e-01
123, 2.121782e-01, 2.046752e-01
124, 2.125891e-01, 7.402188e-01
125, 2.126051e-01, 6.578945e-01
126, 2.128689e-01, 5.774789e-01
127, 2.130743e-01, 1.864328e-01
128, 2.130833e-01, 1.537504e-01
129, 2.134055e-01, 4.615577e-01
130, 2.137895e-01, 7.733347e-01
131, 2.146789e-01, 3.557466e-01
132, 2.153224e-01, 5.862746e-01
133, 2.156386e-01, 5.821096e-01
134, 2.167021e-01, 1.696577e-01
135, 2.171791e-01, 6.024362e-01
136, 2.173967e-01, 2.909424e-01
137, 2.179380e-01, 2.732260e-01
138, 2.183878e-01, 7.335218e-01
139, 2.193148e-01, 7.567588e-01
140, 2.193870e-01, 4.008103e-01
141, 2.196218e-01, 4.214893e-01
142, 2.197110e-01, 1.625121e-01
143, 2.206692e-01, 7.767371e-01
144, 2.212069e-01, 6.941580e-01
145, 2.212926e-01, 2.243061e-01
146, 2.217221e-01, 2.133077e-01
147, 2.223404e-01, 5.094497e-01
148, 2.224015e-01, 2.399897e-01
149, 2.225823e-01, 4.851975e-01
150, 2.229558e-01, 4.325206e-01
151, 2.230852e-01, 1.615942e-01
152, 2.231979e-01, 4.246559e-01
153, 2.233796e-01, 2.914684e-01
154, 2.234170e-01, 2.193418e-01
155, 2.235826e-01, 6.535834e-01
156, 2.244690e-01, 3.978911e-01
157, 2.245478e-01, 8.211304e-01
158, 2.262095e-01, 7.778489e-01
159, 2.276566e-01, 8.206548e-01
160, 2.279533e-01, 2.798735e-01
161, 2.283435e-01, 3.908351e-01
162, 2.292523e-01, 4.922101e-01
163, 2.310021e-01, 7.430292e-01
164, 2.311661e-01, 6.230037e-01
165, 2.315497e-01, 8.412585e-01
166, 2.324883e-01, 7.380953e-01
167, 2.346381e-01, 3.090427e-01
168, 2.346900e-01, 3.130104e-01
169, 2.350238e-01, 4.202227e-01
170, 2.350585e-01, 4.506953e-01
171, 2.350640e-01, 5.136207e-01
172, 2.352783e-01, 4.133785e-01
173, 2.355238e-01, 6.780459e-01
174, 2.375483e-01, 1.547550e-01
175, 2.375777e-01, 5.382133e-01
176, 2.380458e-01, 6.966460e-01
177, 2.381295e-01, 2.189750e-01
178, 2.387103e-01, 5.811230e-01
179, 2.391155e-01, 6.212186e-01
180, 2.395251e-01, 8.010394e-01
181, 2.401783e-01, 7.968923e-01
182, 2.406400e-01, 8.353214e-01
183, 2.407744e-01, 8.305207e-01
184, 2.409609e-01, 6.231028e-01
185, 2.411138e-01, 7.668753e-01
186, 2.414192e-01, 3.248185e-01
187, 2.421054e-01, 3.389291e-01
188, 2.424089e-01, 5.054737e-01
189, 2.428991e-01, 5.022767e-01
190, 2.429183e-01, 4.685794e-01
191, 2.436006e-01, 2.067222e-01
192, 2.443852e-01, 4.659762e-01
193, 2.445694e-01, 5.718402e-01
194, 2.450533e-01, 7.197678e-01
195, 2.452635e-01, 7.653055e-01
196, 2.455293e-01, 5.604123e-01
197, 2.457336e-01, 7.319294e-01
198, 2.458622e-01, 4.996255e-01
199, 2.466471e-01, 8.262013e-01
200, 2.469890e-01, 2.706920e-01
201, 2.470384e-01, 5.432814e-01
202, 2.473307e-01, 4.918853e-01
203, 2.481650e-01, 5.472693e-01
204, 2.482904e-01, 2.744863e-01
205, 2.485564e-01, 6.555325e-01
206, 2.495860e-01, 5.502938e-01
207, 2.511599e-01, 2.470521e-01
208, 2.515848e-01, 2.937670e-01
209, 2.536537e-01, 4.304410e-01
210, 2.549410e-01, 5.315867e-01
211, 2.552406e-01, 1.763271e-01
212, 2.565473e-01, 2.507502e-01
213, 2.576134e-01, 6.517629e-01
214, 2.580775e-01, 4.284251e-01
215, 2.584922e-01, 7.428046e-01
216, 2.595693e-01, 6.019261e-01
217, 2.598170e-01, 8.286417e-01
218, 2.607578e-01, 2.500775e-01
219, 2.633132e-01, 1.692784e-01
220, 2.649723e-01, 2.958562e-01
221, 2.651248e-01, 6.987716e-01
222, 2.666158e-01, 2.124224e-01
223, 2.667565e-01, 6.185463e-01
224, 2.667889e-01, 5.545403e-01
225, 2.672275e-01, 4.658144e-01
226, 2.675643e-01, 2.532413e-01
227, 2.676683e-01, 3.023231e-01
228, 2.684718e-01, 7.902058e-01
229, 2.692811e-01, 7.469940e-01
230, 2.698478e-01, 6.122536e-01
231, 2.700368e-01, 1.730530e-01
232, 2.700418e-01, 2.978994e-01
233, 2.708333e-01, 7.824892e-01
234, 2.721622e-01, 6.548945e-01
235, 2.727192e-01, 2.293847e-01
236, 2.733243e-01, 4.812937e-01
237, 2.751818e-01, 6.968969e-01
238, 2.755638e-01, 2.268944e-01
239, 2.765894e-01, 2.088452e-01
240, 2.773515e-01, 6.993631e-01
241, 2.782047e-01, 6.395743e-01
242, 2.783689e-01, 6.838183e-01
243, 2.793871e-01, 6.750745e-01
244, 2.810122e-01, 8.076668e-01
245, 2.818094e-01, 8.177507e-01
246, 2.823173e-01, 3.512197e-01
247, 2.829902e-01, 8.127220e-01
248, 2.833481e-01, 1.902456e-01
249, 2.840264e-01, 3.667170e-01
250, 2.845311e-01, 6.291836e-01
251, 2.845421e-01, 5.226511e-01
252, 2.845448e-01, 4.323545e-01
253, 2.846521e-01, 1.938429e-01
254, 2.852065e-01, 5.000320e-01
255, 2.852326e-01, 3.993653e-01
256, 2.857634e-01, 5.264403e-01
257, 2.869287e-01, 4.343853e-01
258, 2.874257e-01, 5.162511e-01
259, 2.875022e-01, 7.203483e-01
260, 2.884075e-01, 5.730828e-01
261, 2.886516e-01, 3.401290e-01
262, 2.888047e-01, 8.388723e-01
263, 2.902271e-01, 7.912364e-01
264, 2.904399e-01, 6.020527e-01
265, 2.907835e-01, 4.063716e-01
266, 2.911494e-01, 6.273490e-01
267, 2.924685e-01, 6.946813e-01
268, 2.928226e-01, 4.219730e-01
269, 2.929329e-01, 3.810558e-01
270, 2.944722e-01, 4.467440e-01
271, 2.957118e-01, 2.367797e-01
272, 2.958091e-01, 6.947019e-01
273, 2.960616e-01, 6.715612e-01
274, 2.961435e-01, 5.729698e-01
275, 2.973762e-01, 2.506863e-01
276, 2.983642e-01, 6.765415e-01
277, 2.985932e-01, 6.152269e-01
278, 2.993950e-01, 2.905618e-01
279, 3.020292e-01, 1.984734e-01
280, 3.023447e-01, 7.686677e-01
281, 3.028231e-01, 4.571220e-01
282, 3.032589e-01, 5.437368e-01
283, 3.032692e-01, 2.542593e-01
284, 3.036370e-01, 1.633432e-01
285, 3.038093e-01, 8.043994e-01
286, 3.039109e-01, 4.656924e-01
287, 3.041615e-01, 6.993468e-01
288, 3.046187e-01, 5.178557e-01
289, 3.047372e-01, 3.519256e-01
290, 3.052808e-01, 1.571605e-01
291, 3.054061e-01, 7.956494e-01
292, 3.068250e-01, 8.440117e-01
293, 3.070671e-01, 1.709517e-01
294, 3.072795e-01, 7.933325e-01
295, 3.081754e-01, 2.870762e-01
296, 3.085741e-01, 7.439852e-01
297, 3.090014e-01, 2.553206e-01
298, 3.096783e-01, 6.901386e-01
299, 3.101455e-01, 8.421827e-01
300, 3.118568e-01, 1.749295e-01
301, 3.120810e-01, 2.692374e-01
302, 3.134162e-01, 4.746275e-01
303, 3.141399e-01, 5.379666e-01
304, 3.142236e-01, 2.110454e-01
305, 3.151437e-01, 6.404781e-01
306, 3.155181e-01, 3.787765e-01
307, 3.156365e-01, 2.206128e-01
308, 3.160878e-01, 4.213622e-01
309, 3.163746e-01, 3.240382e-01
310, 3.164061e-01, 3.388344e-01
311, 3.165035e-01, 1.850963e-01
312, 3.165732e-01, 3.441594e-01
313, 3.168280e-01, 4.244773e-01
314, 3.168530e-01, 7.146557e-01
315, 3.183845e-01, 2.496962e-01
316, 3.186126e-01, 7.479449e-01
317, 3.189691e-01, 6.411550e-01
318, 3.192554e-01, 3.330069e-01
319, 3.201228e-01, 4.987871e-01
320, 3.207267e-01, 3.741258e-01
321, 3.215203e-01, 6.120184e-01
322, 3.219585e-01, 8.434434e-01
323, 3.222123e-01, 7.500615e-01
324, 3.226117e-01, 6.620802e-01
325, 3.228614e-01, 6.025113e-01
326, 3.230746e-01, 8.141017e-01
327, 3.231799e-01, 3.989089e-01
328, 3.234956e-01, 7.652958e-01
329, 3.238892e-01, 6.332497e-01
330, 3.256226e-01, 2.297191e-01
331, 3.272764e-01, 6.995323e-01
332, 3.277559e-01, 6.247326e-01
333, 3.279569e-01, 8.124464e-01
334, 3.282656e-01, 7.077953e-01
335, 3.288784e-01, 5.350992e-01
336, 3.305613e-01, 3.138183e-01
337, 3.310550e-01, 1.910506e-01
338, 3.316089e-01, 6.681407e-01
339, 3.319443e-01, 1.720262e-01
340, 3.342882e-01, 3.298758e-01
341, 3.344983e-01, 1.955089e-01
342, 3.347732e-01, 4.815385e-01
343, 3.348111e-01, 5.087034e-01
344, 3.355233e-01, 4.319638e-01
345, 3.361958e-01, 6.239276e-01
346, 3.362526e-01, 5.176934e-01
347, 3.380659e-01, 7.808630e-01
348, 3.387810e-01, 4.455258e-01
349, 3.392509e-01, 5.035089e-01
350, 3.392675e-01, 5.646422e-01
351, 3.398292e-01, 6.650743e-01
352, 3.400716e-01, 5.575355e-01
353, 3.401387e-01, 2.865701e-01
354, 3.407895e-01, 7.822320e-01
355, 3.416687e-01, 2.106033e-01
356, 3.419918e-01, 2.575847e-01
357, 3.420545e-01, 2.248061e-01
358, 3.426883e-01, 7.158424e-01
359, 3.429769e-01, 8.118445e-01
360, 3.443831e-01, 3.641356e-01
361, 3.459388e-01, 6.636782e-01
362, 3.462375e-01, 3.821739e-01
363, 3.468918e-01, 3.393688e-01
364, 3.477180e-01, 3.621857e-01
365, 3.484118e-01, 4.008919e-01
366, 3.491596e-01, 2.762555e-01
367, 3.495474e-01, 2.726529e-01
368, 3.497499e-01, 3.961086e-01
369, 3.502212e-01, 5.779976e-01
370, 3.504784e-01, 7.989752e-01
371, 3.515922e-01, 2.308423e-01
372, 3.534321e-01, 7.246060e-01
373, 3.536474e-01, 4.175822e-01
374, 3.539945e-01, 7.345827e-01
375, 3.540229e-01, 7.407333e-01
376, 3.547014e-01, 7.286828e-01
377, 3.559685e-01, 6.497231e-01
378, 3.562146e-01, 3.076849e-01
379, 3.568436e-01, 3.636751e-01
380, 3.575037e-01, 6.356389e-01
381, 3.580154e-01, 7.477727e-01
382, 3.585633e-01, 3.301882e-01
383, 3.586237e-01, 5.545304e-01
384, 3.587934e-01, 7.594406e-01
385, 3.604161e-01, 1.791645e-01
386, 3.626027e-01, 3.078780e-01
387, 3.629634e-01, 6.671108e-01
388, 3.631814e-01, 2.300415e-01
389, 3.642255e-01, 2.657587e-01
390, 3.648381e-01, 1.769530e-01
391, 3.655605e-01, 5.309396e-01
392, 3.659552e-01, 7.690493e-01
393, 3.661455e-01, 7.115426e-01
394, 3.661515e-01, 5.987656e-01
395, 3.668563e-01, 6.328129e-01
396, 3.675814e-01, 8.305124e-01
397, 3.688301e-01, 2.082178e-01
398, 3.695031e-01, 5.700352e-01
399, 3.696407e-01, 3.887496e-01
400, 3.697685e-01, 5.031170e-01
401, 3.700728e-01, 2.337244e-01
402, 3.705061e-01, 3.786388e-01
403, 3.712752e-01, 3.524401e-01
404, 3.713581e-01, 4.448171e-01
405, 3.714567e-01, 5.418210e-01
406, 3.719624e-01, 5.102224e-01
407, 3.721985e-01, 4.216602e-01
408, 3.734004e-01, 6.168126e-01
409, 3.734598e-01, 7.491024e-01
410, 3.736474e-01, 2.417471e-01
411, 3.740190e-01, 3.263158e-01
412, 3.753458e-01, 7.050472e-01
413, 3.755615e-01, 6.539723e-01
414, 3.756384e-01, 2.904120e-01
415, 3.756781e-01, 1.997846e-01
416, 3.765757e-01, 4.329000e-01
417, 3.766680e-01, 4.954158e-01
418, 3.768298e-01, 3.273309e-01
419, 3.777319e-01, 5.443761e-01
420, 3.778352e-01, 4.927397e-01
421, 3.781246e-01, 4.089836e-01
422, 3.783141e-01, 4.623581e-01
423, 3.785700e-01, 1.996856e-01
424, 3.811015e-01, 7.067787e-01
425, 3.812516e-01, 8.354853e-01
426, 3.815218e-01, 5.615070e-01
427, 3.817978e-01, 2.894040e-01
428, 3.821650e-01, 7.674290e-01
429, 3.825416e-01, 3.767617e-01
430, 3.830649e-01, 5.548366e-01
431, 3.839413e-01, 2.013657e-01
432, 3.840723e-01, 1.783568e-01
433, 3.849454e-01, 8.418969e-01
434, 3.854885e-01, 8.065940e-01
435, 3.865983e-01, 7.673994e-01
436, 3.885389e-01, 7.484240e-01
437, 3.891430e-01, 2.848452e-01
438, 3.894189e-01, 8.064320e-01
439, 3.906346e-01, 6.771185e-01
440, 3.906681e-01, 2.780356e-01
441, 3.916975e-01, 3.640721e-01
442, 3.940067e-01, 7.311824e-01
443, 3.940217e-01, 4.707028e-01
444, 3.941938e-01, 2.541978e-01
445, 3.946238e-01, 3.634925e-01
446, 3.958148e-01, 6.990316e-01
447, 3.960570e-01, 2.695671e-01
448, 3.962812e-01, 4.011795e-01
449, 3.962815e-01, 5.842458e-01
450, 3.964218e-01, 4.852011e-01
451, 3.967455e-01, 6.322033e-01
452, 3.972705e-01, 7.333801e-01
453, 3.976832e-01, 7.379041e-01
454, 3.996930e-01, 5.172833e-01
455, 3.997524e-01, 3.896698e-01
456, 3.999601e-01, 5.130473e-01
457, 4.002045e-01, 2.449978e-01
458, 4.002061e-01, 6.332942e-01
459, 4.018921e-01, 2.132905e-01
460, 4.026209e-01, 8.110838e-01
461, 4.030054e-01, 4.347500e-01
462, 4.035078e-01, 8.399346e-01
463, 4.037840e-01, 6.405169e-01
464, 4.038582e-01, 3.456423e-01
465, 4.042876e-01, 2.992908e-01
466, 4.044737e-01, 6.559102e-01
467, 4.054809e-01, 6.527776e-01
468, 4.066089e-01, 4.094043e-01
469, 4.070947e-01, 5.324981e-01
470, 4.071500e-01, 7.480072e-01
471, 4.073486e-01, 4.609790e-01
472, 4.093831e-01, 4.924518e-01
473, 4.103952e-01, 2.996072e-01
474, 4.110405e-01, 5.699681e-01
475, 4.113959e-01, 5.537910e-01
476, 4.118163e-01, 6.183493e-01
477, 4.119150e-01, 2.671090e-01
478, 4.119263e-01, 7.808106e-01
479, 4.119452e-01, 4.399694e-01
480, 4.125882e-01, 7.089634e-01
481, 4.129744e-01, 5.512116e-01
482, 4.133639e-01, 1.930932e-01
483, 4.139714e-01, 6.042041e-01
484, 4.143390e-01, 7.143326e-01
485, 4.149364e-01, 2.597136e-01
486, 4.177961e-01, 7.827027e-01
487, 4.192125e-01, 4.740430e-01
488, 4.248901e-01, 3.459846e-01
489, 4.251221e-01, 2.707385e-01
490, 4.260592e-01, 7.544141e-01
491, 4.266523e-01, 2.960224e-01
492, 4.269189e-01, 4.364834e-01
493, 4.270681e-01, 8.172959e-01
494, 4.272747e-01, 4.080323e-01
495, 4.274462e-01, 6.642665e-01
496, 4.278605e-01, 4.129925e-01
497, 4.284947e-01, 3.679193e-01
498, 4.287892e-01, 7.559420e-01
499, 4.291137e-01, 5.765926e-01
500, 4.294094e-01, 3.992722e-01
501, 4.297956e-01, 1.927200e-01
502, 4.299108e-01, 3.124826e-01
503, 4.301149e-01, 4.034009e-01
504, 4.307044e-01, 1.581093e-01
505, 4.308178e-01, 3.536508e-01
506, 4.310458e-01, 2.310466e-01
507, 4.313056e-01, 6.036165e-01
508, 4.314999e-01, 6.865745e-01
509, 4.315451e-01, 5.065639e-01
510, 4.321120e-01, 2.987891e-01
511, 4.321973e-01, 6.724634e-01
512, 4.322402e-01, 3.704771e-01
513, 4.326778e-01, 1.775880e-01
514, 4.333794e-01, 3.040663e-01
515, 4.342523e-01, 8.002352e-01
516, 4.343614e-01, 4.400526e-01
517, 4.346880e-01, 8.105622e-01
518, 4.353220e-01, 3.302383e-01
519, 4.353403e-01, 6.536243e-01
520, 4.357856e-01, 8.069266e-01
521, 4.364500e-01, 3.830541e-01
522, 4.373248e-01, 1.656958e-01
523, 4.381370e-01, 1.745284e-01
524, 4.398496e-01, 6.127355e-01
525, 4.402964e-01, 5.148100e-01
526, 4.408387e-01, 7.170612e-01
527, 4.411988e-01, 2.565977e-01
528, 4.412605e-01, 4.660045e-01
529, 4.416909e-01, 1.964918e-01
530, 4.417513e-01, 2.592069e-01
531, 4.428322e-01, 1.774814e-01
532, 4.428433e-01, 6.994924e-01
533, 4.433292e-01, 5.541247e-01
534, 4.441478e-01, 5.169497e-01
535, 4.445588e-01, 5.467653e-01
536, 4.457354e-01, 4.571136e-01
537, 4.460288e-01, 7.084428e-01
538, 4.463116e-01, 4.793676e-01
539, 4.477515e-01, 7.461297e-01
540, 4.482840e-01, 7.851224e-01
541, 4.490187e-01, 2.655122e-01
542, 4.497897e-01, 3.248448e-01
543, 4.501508e-01, 6.393852e-01
544, 4.502056e-01, 3.307144e-01
545, 4.502295e-01, 6.777821e-01
546, 4.508245e-01, 2.853690e-01
547, 4.519078e-01, 2.044440e-01
548, 4.519237e-01, 3.329155e-01
549, 4.522115e-01, 3.451922e-01
550, 4.523900e-01, 8.318198e-01
551, 4.524664e-01, 3.726715e-01
552, 4.536119e-01, 6.085925e-01
553, 4.538969e-01, 5.183344e-01
554, 4.547773e-01, 2.044206e-01
555, 4.548363e-01, 4.243567e-01
556, 4.548497e-01, 4.191044e-01
557, 4.557398e-01, 4.566596e-01
558, 4.562177e-01, 4.111503e-01
559, 4.562245e-01, 7.046421e-01
560, 4.563468e-01, 3.717904e-01
561, 4.572390e-01, 7.761173e-01
562, 4.578519e-01, 5.214990e-01
563, 4.591234e-01, 6.108865e-01
564, 4.602022e-01, 7.754099e-01
565, 4.614939e-01, 4.823319e-01
566, 4.616124e-01, 2.903133e-01
567, 4.618356e-01, 8.362961e-01
568, 4.623687e-01, 2.650777e-01
569, 4.628561e-01, 2.303262e-01
570, 4.633362e-01, 4.654028e-01
571, 4.633921e-01, 6.759431e-01
572, 4.641317e-01, 8.403126e-01
573, 4.644716e-01, 3.600556e-01
574, 4.648764e-01, 5.926907e-01
575, 4.658309e-01, 4.334686e-01
576, 4.663676e-01, 3.893949e-01
577, 4.674486e-01, 4.038437e-01
578, 4.674724e-01, 6.424600e-01
579, 4.677173e-01, 4.378213e-01
580, 4.683887e-01, 1.753102e-01
581, 4.684532e-01, 5.759785e-01
582, 4.685950e-01, 1.845357e-01
583, 4.688466e-01, 3.035117e-01
584, 4.690332e-01, 5.445637e-01
585, 4.691460e-01, 2.987969e-01
586, 4.696082e-01, 3.604182e-01
587, 4.699455e-01, 4.959390e-01
588, 4.702346e-01, 7.397301e-01
589, 4.707187e-01, 5.270601e-01
590, 4.708431e-01, 7.982221e-01
591, 4.714075e-01, 2.317436e-01
592, 4.717723e-01, 4.052022e-01
593, 4.725335e-01, 6.906118e-01
594, 4.726048e-01, 6.522193e-01
595, 4.726220e-01, 1.645623e-01
596, 4.728959e-01, 7.905432e-01
597, 4.737840e-01, 6.459921e-01
598, 4.757043e-01, 7.830332e-01
599, 4.760215e-01, 2.569621e-01
600, 4.764833e-01, 3.785370e-01
601, 4.765707e-01, 3.252399e-01
602, 4.770117e-01, 8.149037e-01
603, 4.776304e-01, 8.449188e-01
604, 4.778443e-01, 4.175197e-01
605, 4.792918e-01, 7.116842e-01
606, 4.815233e-01, 6.854471e-01
607, 4.822806e-01, 6.431901e-01
608, 4.840618e-01, 3.519312e-01
609, 4.843510e-01, 5.187854e-01
610, 4.849295e-01, 5.628651e-01
611, 4.863389e-01, 8.366023e-01
612, 4.873903e-01, 5.030241e-01
613, 4.895263e-01, 7.468516e-01
614, 4.898154e-01, 6.051245e-01
615, 4.898805e-01, 8.245833e-01
616, 4.901174e-01, 2.148293e-01
617, 4.908946e-01, 7.274572e-01
618, 4.936516e-01, 1.735512e-01
619, 4.939312e-01, 2.625443e-01
620, 4.942756e-01, 3.352760e-01
621, 4.942875e-01, 4.352240e-01
622, 4.943334e-01, 3.918502e-01
623, 4.944071e-01, 4.293955e-01
624, 4.944451e-01, 2.148009e-01
625, 4.951259e-01, 8.399252e-01
626, 4.959376e-01, 7.726561e-01
627, 4.962802e-01, 4.379068e-01
628, 4.976052e-01, 6.242928e-01
629, 4.985163e-01, 3.919406e-01
630, 4.986531e-01, 3.606410e-01
631, 4.991634e-01, 2.874289e-01
632, 5.007412e-01, 5.627683e-01
633, 5.019859e-01, 3.336362e-01
634, 5.028626e-01, 7.261568e-01
635, 5.029858e-01, 7.739838e-01
636, 5.048792e-01, 4.154459e-01
637, 5.050461e-01, 2.748622e-01
638, 5.054607e-01, 2.068181e-01
639, 5.065950e-01, 5.678669e-01
640, 5.070637e-01, 6.837239e-01
641, 5.074880e-01, 8.215768e-01
642, 5.077974e-01, 6.595922e-01
643, 5.078839e-01, 3.254414e-01
644, 5.094769e-01, 8.371202e-01
645, 5.099511e-01, 2.742653e-01
646, 5.105420e-01, 5.798182e-01
647, 5.109375e-01, 5.879744e-01
648, 5.112368e-01, 5.327403e-01
649, 5.120593e-01, 4.896429e-01
650, 5.124887e-01, 8.171640e-01
651, 5.128403e-01, 6.905954e-01
652, 5.130232e-01, 6.496598e-01
653, 5.138404e-01, 3.116855e-01
654, 5.141839e-01, 6.692152e-01
655, 5.146975e-01, 1.781491e-01
656, 5.150220e-01, 5.312104e-01
657, 5.152376e-01, 8.066159e-01
658, 5.152418e-01, 2.437189e-01
659, 5.156865e-01, 4.435796e-01
660, 5.159780e-01, 7.021740e-01
661, 5.160946e-01, 8.414067e-01
662, 5.162232e-01, 3.489384e-01
663, 5.164547e-01, 2.363251e-01
664, 5.176627e-01, 4.130104e-01
665, 5.188933e-01, 5.268312e-01
666, 5.194055e-01, 3.513357e-01
667, 5.205448e-01, 7.643986e-01
668, 5.212792e-01, 7.603108e-01
669, 5.214482e-01, 8.200061e-01
670, 5.217102e-01, 7.292334e-01
671, 5.217184e-01, 1.539526e-01
672, 5.220313e-01, 6.228640e-01
673, 5.229039e-01, 3.504483e-01
674, 5.250677e-01, 3.051928e-01
675, 5.250687e-01, 2.115562e-01
676, 5.253101e-01, 3.862329e-01
677, 5.258385e-01, 6.677607e-01
678, 5.263745e-01, 3.026102e-01
679, 5.265770e-01, 2.815828e-01
680, 5.268863e-01, 6.743247e-01
681, 5.269232e-01, 3.893609e-01
682, 5.273992e-01, 2.288078e-01
683, 5.275735e-01, 2.182630e-01
684, 5.282923e-01, 1.980207e-01
685, 5.286546e-01, 8.361765e-01
686, 5.287378e-01, 4.387524e-01
687, 5.293880e-01, 6.412413e-01
688, 5.295680e-01, 7.437147e-01
689, 5.299253e-01, 6.264178e-01
690, 5.300448e-01, 5.200176e-01
691, 5.303577e-01, 5.013250e-01
692, 5.308923e-01, 6.458576e-01
693, 5.312192e-01, 4.235094e-01
694, 5.327909e-01, 6.581478e-01
695, 5.341377e-01, 5.884055e-01
696, 5.344216e-01, 5.581218e-01
697, 5.347161e-01, 4.583760e-01
698, 5.352081e-01, 3.958357e-01
699, 5.358461e-01, 7.116097e-01
700, 5.376253e-01, 8.162184e-01
701, 5.378650e-01, 1.739693e-01
702, 5.390793e-01, 4.481328e-01
703, 5.404631e-01, 8.087322e-01
704, 5.405792e-01, 2.753376e-01
705, 5.408056e-01, 8.127295e-01
706, 5.414172e-01, 7.422516e-01
707, 5.421758e-01, 2.504317e-01
708, 5.425546e-01, 5.600373e-01
709, 5.427103e-01, 7.725033e-01
710, 5.441362e-01, 6.935930e-01
711, 5.450300e-01, 3.713225e-01
712, 5.450634e-01, 5.636759e-01
713, 5.450685e-01, 7.094242e-01
714, 5.455795e-01, 4.174494e-01
715, 5.462562e-01, 2.771595e-01
716, 5.465037e-01, 3.019192e-01
717, 5.477372e-01, 5.753576e-01
718, 5.483136e-01, 7.534644e-01
719, 5.492211e-01, 4.737834e-01
720, 5.492891e-01, 5.785145e-01
721, 5.502557e-01, 5.018728e-01
722, 5.503529e-01, 7.906362e-01
723, 5.504037e-01, 7.828127e-01
724, 5.504770e-01, 2.220628e-01
725, 5.511246e-01, 4.783739e-01
726, 5.516091e-01, 8.403657e-01
727, 5.520683e-01, 2.267640e-01
728, 5.528444e-01, 5.268001e-01
729, 5.534190e-01, 3.917424e-01
730, 5.535413e-01, 4.410732e-01
731, 5.545803e-01, 5.836592e-01
732, 5.548165e-01, 5.913184e-01
733, 5.549001e-01, 3.142587e-01
734, 5.549033e-01, 8.244981e-01
735, 5.558416e-01, 7.287658e-01
736, 5.562320e-01, 5.255303e-01
737, 5.564038e-01, 6.295740e-01
738, 5.601563e-01, 4.356318e-01
739, 5.606087e-01, 4.247995e-01
740, 5.614274e-01, 4.301826e-01
741, 5.617461e-01, 5.198290e-01
742, 5.618910e-01, 6.649567e-01
743, 5.620074e-01, 2.709110e-01
744, 5.621157e-01, 6.514231e-01
745, 5.627289e-01, 1.674483e-01
746, 5.629390e-01, 1.943639e-01
747, 5.634427e-01, 6.539029e-01
748, 5.644402e-01, 7.818069e-01
749, 5.653867e-01, 3.569370e-01
750, 5.658992e-01, 5.183351e-01
751, 5.663778e-01, 1.948768e-01
752, 5.668060e-01, 5.810968e-01
753, 5.674584e-01, 2.517167e-01
754, 5.675068e-01, 6.726048e-01
755, 5.684900e-01, 7.388211e-01
756, 5.686644e-01, 6.975163e-01
757, 5.687831e-01, 2.132379e-01
758, 5.696119e-01, 5.142022e-01
759, 5.698571e-01, 1.937653e-01
760, 5.703918e-01, 4.005414e-01
761, 5.719013e-01, 5.219111e-01
762, 5.719908e-01, 1.696240e-01
763, 5.726331e-01, 1.971264e-01
764, 5.746831e-01, 5.497948e-01
765, 5.752301e-01, 8.166643e-01
766, 5.756143e-01, 6.773627e-01
767, 5.759582e-01, 4.777080e-01
768, 5.767013e-01, 3.965553e-01
769, 5.784618e-01, 4.799630e-01
770, 5.785213e-01, 4.558757e-01
771, 5.788602e-01, 7.876529e-01
772, 5.796810e-01, 3.144067e-01
773, 5.797692e-01, 1.638921e-01
774, 5.801026e-01, 3.324260e-01
775, 5.804715e-01, 6.234854e-01
776, 5.814776e-01, 4.880465e-01
777, 5.817312e-01, 3.694623e-01
778, 5.822065e-01, 6.762469e-01
779, 5.830145e-01, 3.122235e-01
780, 5.835320e-01, 3.458361e-01
781, 5.835925e-01, 7.416500e-01
782, 5.837851e-01, 2.496391e-01
783, 5.841286e-01, 7.726291e-01
784, 5.849753e-01, 5.534345e-01
785, 5.854500e-01, 7.040816e-01
786, 5.859538e-01, 6.153612e-01
787, 5.862344e-01, 7.788892e-01
788, 5.869376e-01, 2.793411e-01
789, 5.869871e-01, 7.598056e-01
790, 5.876656e-01, 6.809897e-01
791, 5.877679e-01, 5.863618e-01
792, 5.880382e-01, 8.024582e-01
793, 5.881182e-01, 2.544340e-01
794, 5.883414e-01, 6.495374e-01
795, 5.885914e-01, 2.048950e-01
796, 5.897588e-01, 2.866232e-01
797, 5.899085e-01, 7.339408e-01
798, 5.901529e-01, 4.530872e-01
799, 5.901589e-01, 5.529907e-01
800, 5.904851e-01, 2.714467e-01
801, 5.915603e-01, 8.471410e-01
802, 5.917915e-01, 3.710100e-01
803, 5.923783e-01, 4.362251e-01
804, 5.924415e-01, 7.817040e-01
805, 5.928647e-01, 2.270556e-01
806, 5.933112e-01, 7.963675e-01
807, 5.937867e-01, 5.816414e-01
808, 5.939455e-01, 2.096621e-01
809, 5.946652e-01, 3.911153e-01
810, 5.949601e-01, 4.409209e-01
811, 5.958260e-01, 5.720145e-01
812, 5.960594e-01, 4.225117e-01
813, 5.962012e-01, 7.153479e-01
814, 5.964192e-01, 6.564164e-01
815, 5.973091e-01, 5.447092e-01
816, 5.976453e-01, 2.216479e-01
817, 5.978356e-01, 7.279798e-01
818, 5.980155e-01, 4.618944e-01
819, 5.983318e-01, 4.412917e-01
820, 6.004812e-01, 3.771520e-01
821, 6.005530e-01, 5.234747e-01
822, 6.016402e-01, 1.708890e-01
823, 6.022273e-01, 5.063169e-01
824, 6.024150e-01, 4.061708e-01
825, 6.030778e-01, 4.143592e-01
826, 6.034284e-01, 6.184044e-01
827, 6.040543e-01, 5.412267e-01
828, 6.046284e-01, 5.023130e-01
829, 6.052974e-01, 6.135661e-01
830, 6.054743e-01, 3.306203e-01
831, 6.057011e-01, 7.786039e-01
832, 6.066777e-01, 1.712156e-01
833, 6.067940e-01, 3.275431e-01
834, 6.068671e-01, 6.916655e-01
835, 6.078106e-01, 7.765790e-01
836, 6.082644e-01, 2.729691e-01
837, 6.085607e-01, 5.991018e-01
838, 6.093195e-01, 5.933833e-01
839, 6.095353e-01, 6.914121e-01
840, 6.097739e-01, 6.533144e-01
841, 6.106685e-01, 1.693162e-01
842, 6.111081e-01, 1.896775e-01
843, 6.113166e-01, 2.871072e-01
844, 6.122797e-01, 6.072224e-01
845, 6.129342e-01, 3.714150e-01
846, 6.146094e-01, 8.137717e-01
847, 6.146606e-01, 6.663093e-01
848, 6.153341e-01, 2.837271e-01
849, 6.154326e-01, 2.608943e-01
850, 6.155018e-01, 5.420156e-01
851, 6.157743e-01, 3.235458e-01
852, 6.164644e-01, 6.354035e-01
853, 6.175413e-01, 5.909367e-01
854, 6.179107e-01, 2.304578e-01
855, 6.190537e-01, 6.455161e-01
856, 6.190890e-01, 7.272671e-01
857, 6.199815e-01, 6.097436e-01
858, 6.200605e-01, 4.811217e-01
859, 6.201572e-01, 3.648483e-01
860, 6.206953e-01, 3.691853e-01
861, 6.218854e-01, 3.150544e-01
862, 6.230528e-01, 7.754713e-01
863, 6.251110e-01, 7.015487e-01
864, 6.251629e-01, 3.440003e-01
865, 6.270349e-01, 3.978469e-01
866, 6.271562e-01, 5.625908e-01
867, 6.271701e-01, 5.556097e-01
868, 6.272304e-01, 2.832087e-01
869, 6.274736e-01, 7.793140e-01
870, 6.280584e-01, 1.921998e-01
871, 6.289578e-01, 2.232463e-01
872, 6.293949e-01, 3.100875e-01
873, 6.295119e-01, 7.366710e-01
874, 6.302549e-01, 5.698864e-01
875, 6.306554e-01, 4.029347e-01
876, 6.313748e-01, 3.691388e-01
877, 6.323718e-01, 2.581318e-01
878, 6.331666e-01, 8.216480e-01
879, 6.335483e-01, 2.838487e-01
880, 6.338250e-01, 1.764289e-01
881, 6.342527e-01, 4.954096e-01
882, 6.344271e-01, 5.997408e-01
883, 6.365840e-01, 2.792122e-01
884, 6.366397e-01, 2.966740e-01
885, 6.371376e-01, 1.844163e-01
886, 6.381552e-01, 3.691489e-01
887, 6.388984e-01, 4.259169e-01
888, 6.395739e-01, 3.508271e-01
889, 6.401469e-01, 7.795136e-01
890, 6.407586e-01, 6.623622e-01
891, 6.424105e-01, 5.494591e-01
892, 6.426399e-01, 6.498608e-01
893, 6.428771e-01, 4.730929e-01
894, 6.434639e-01, 5.974250e-01
895, 6.443966e-01, 8.183036e-01
896, 6.445459e-01, 4.793516e-01
897, 6.448805e-01, 4.042852e-01
898, 6.457073e-01, 5.855762e-01
899, 6.470283e-01, 6.554097e-01
900, 6.471022e-01, 4.023089e-01
901, 6.477079e-01, 5.217809e-01
902, 6.487819e-01, 5.249930e-01
903, 6.509104e-01, 7.407605e-01
904, 6.526697e-01, 4.285096e-01
905, 6.537021e-01, 7.881181e-01
906, 6.538632e-01, 6.082603e-01
907, 6.551620e-01, 7.625771e-01
908, 6.571158e-01, 7.376381e-01
909, 6.571976e-01, 5.557242e-01
910, 6.572332e-01, 6.238198e-01
911, 6.588648e-01, 3.184274e-01
912, 6.589005e-01, 1.517490e-01
913, 6.591600e-01, 5.788767e-01
914, 6.592833e-01, 1.934195e-01
915, 6.598020e-01, 8.023466e-01
916, 6.605316e-01, 1.961918e-01
917, 6.606510e-01, 7.284169e-01
918, 6.606613e-01, 3.050941e-01
919, 6.610242e-01, 5.723063e-01
920, 6.614625e-01, 4.393140e-01
921, 6.638167e-01, 7.019761e-01
922, 6.653678e-01, 1.979001e-01
923, 6.655585e-01, 3.344553e-01
924, 6.671781e-01, 8.353812e-01
925, 6.675214e-01, 4.427234e-01
926, 6.680135e-01, 2.804943e-01
927, 6.682894e-01, 4.008930e-01
928, 6.684263e-01, 2.379305e-01
929, 6.686153e-01, 8.390569e-01
930, 6.690660e-01, 3.637260e-01
931, 6.699847e-01, 5.098431e-01
932, 6.705070e-01, 4.044539e-01
933, 6.705310e-01, 5.831292e-01
934, 6.706451e-01, 1.626962e-01
935, 6.707903e-01, 7.417228e-01
936, 6.711191e-01, 3.772664e-01
937, 6.712211e-01, 6.020184e-01
938, 6.722923e-01, 7.179986e-01
939, 6.727246e-01, 6.674876e-01
940, 6.727246e-01, 6.924079e-01
941, 6.731674e-01, 4.613146e-01
942, 6.734250e-01, 7.497431e-01
943, 6.737568e-01, 2.947785e-01
944, 6.737569e-01, 5.012168e-01
945, 6.746838e-01, 4.843264e-01
946, 6.759710e-01, 3.851422e-01
947, 6.762472e-01, 5.578460e-01
948, 6.765065e-01, 4.635103e-01
949, 6.770935e-01, 5.496189e-01
950, 6.773725e-01, 3.409892e-01
951, 6.774362e-01, 2.632344e-01
952, 6.785896e-01, 4.104261e-01
953, 6.787748e-01, 5.917636e-01
954, 6.791293e-01, 7.354916e-01
955, 6.791797e-01, 6.202738e-01
956, 6.793636e-01, 2.196868e-01
957, 6.795520e-01, 3.441138e-01
958, 6.802573e-01, 3.853911e-01
959, 6.804424e-01, 5.473521e-01
960, 6.809800e-01, 2.963637e-01
961, 6.816967e-01, 5.699493e-01
962, 6.824503e-01, 4.686605e-01
963, 6.835020e-01, 6.646731e-01
964, 6.841547e-01, 1.625990e-01
965, 6.843485e-01, 3.246659e-01
966, 6.843720e-01, 4.737417e-01
967, 6.844753e-01, 7.271553e-01
968, 6.846427e-01, 4.279862e-01
969, 6.851976e-01, 2.954852e-01
970, 6.860305e-01, 5.339354e-01
971, 6.864159e-01, 5.183310e-01
972, 6.864670e-01, 6.365977e-01
973, 6.885071e-01, 8.285237e-01
974, 6.891073e-01, 1.597817e-01
975, 6.894774e-01, 3.467435e-01
976, 6.900045e-01, 6.441534e-01
977, 6.900414e-01, 7.650952e-01
978, 6.903482e-01, 5.907272e-01
979, 6.913783e-01, 5.529205e-01
980, 6.915009e-01, 7.596904e-01
981, 6.917492e-01, 8.240704e-01
982, 6.939312e-01, 2.730608e-01
983, 6.942826e-01, 5.769298e-01
984, 6.944545e-01, 4.795921e-01
985, 6.953835e-01, 7.761531e-01
986, 6.958955e-01, 7.552900e-01
987, 6.960697e-01, 3.932014e-01
988, 6.969431e-01, 3.584871e-01
989, 6.969498e-01, 1.582253e-01
990, 6.970152e-01, 3.982417e-01
991, 6.974469e-01, 6.147346e-01
992, 6.979063e-01, 6.935184e-01
993, 6.979412e-01, 2.107254e-01
994, 6.985993e-01, 4.279724e-01
995, 6.989533e-01, 2.721826e-01
996, 6.995675e-01, 3.004153e-01
997, 7.000384e-01, 8.395315e-01
998, 7.001485e-01, 3.381491e-01
999, 7.003923e-01, 1.946281e-01
1000, 7.004404e-01, 6.722564e-01
1001, 7.007779e-01, 3.186449e-01
1002, 7.020218e-01, 7.234549e-01
1003, 7.024860e-01, 6.854416e-01
1004, 7.040213e-01, 4.439522e-01
1005, 7.040455e-01, 8.154156e-01
1006, 7.045379e-01, 3.102057e-01
1007, 7.052361e-01, 7.499512e-01
1008, 7.057577e-01, 7.195119e-01
1009, 7.069969e-01, 2.020125e-01
1010, 7.081085e-01, 5.606018e-01
1011, 7.082219e-01, 4.121915e-01
1012, 7.084387e-01, 5.646555e-01
1013, 7.107721e-01, 6.461474e-01
1014, 7.109843e-01, 4.478062e-01
1015, 7.111784e-01, 2.427651e-01
1016, 7.116512e-01, 6.631272e-01
1017, 7.117228e-01, 1.951379e-01
1018, 7.144018e-01, 2.848580e-01
1019, 7.144721e-01, 7.522046e-01
1020, 7.153624e-01, 4.739825e-01
1021, 7.155526e-01, 1.702071e-01
1022, 7.160643e-01, 4.102737e-01
1023, 7.161071e-01, 3.735869e-01
1024, 7.165938e-01, 4.600252e-01
1025, 7.168730e-01, 7.859323e-01
1026, 7.172737e-01, 7.807165e-01
1027, 7.176207e-01, 5.197184e-01
1028, 7.194856e-01, 2.572091e-01
1029, 7.201515e-01, 8.286068e-01
1030, 7.215504e-01, 1.655940e-01
1031, 7.221529e-01, 7.179499e-01
1032, 7.228131e-01, 6.957878e-01
1033, 7.228304e-01, 5.214653e-01
1034, 7.230313e-01, 3.117297e-01
1035, 7.242899e-01, 6.276968e-01
1036, 7.243887e-01, 5.398880e-01
1037, 7.244305e-01, 6.318359e-01
1038, 7.246067e-01, 5.728008e-01
1039, 7.255576e-01, 3.740205e-01
1040, 7.262108e-01, 7.673966e-01
1041, 7.270446e-01, 7.206013e-01
1042, 7.279206e-01, 3.715870e-01
1043, 7.310252e-01, 5.157053e-01
1044, 7.317424e-01, 1.607858e-01
1045, 7.318337e-01, 2.806808e-01
1046, 7.327683e-01, 7.902923e-01
1047, 7.329403e-01, 5.696906e-01
1048, 7.329835e-01, 4.039951e-01
1049, 7.333051e-01, 4.804025e-01
1050, 7.334501e-01, 2.711790e-01
1051, 7.335161e-01, 3.409571e-01
1052, 7.338959e-01, 5.087363e-01
1053, 7.341879e-01, 2.221577e-01
1054, 7.344620e-01, 7.308174e-01
1055, 7.353665e-01, 7.678887e-01
1056, 7.354216e-01, 6.880770e-01
1057, 7.363168e-01, 6.635986e-01
1058, 7.373483e-01, 7.321577e-01
1059, 7.377539e-01, 4.199426e-01
1060, 7.386589e-01, 3.195615e-01
1061, 7.387418e-01, 4.299872e-01
1062, 7.391797e-01, 4.080354e-01
1063, 7.397977e-01, 3.688128e-01
1064, 7.400487e-01, 3.347011e-01
1065, 7.402595e-01, 4.745167e-01
1066, 7.413034e-01, 2.962452e-01
1067, 7.417279e-01, 4.674406e-01
1068, 7.422519e-01, 5.811672e-01
1069, 7.423359e-01, 8.096977e-01
1070, 7.425981e-01, 7.772096e-01
1071, 7.434401e-01, 1.665580e-01
1072, 7.435538e-01, 2.984237e-01
1073, 7.439570e-01, 3.069492e-01
1074, 7.441756e-01, 2.660954e-01
1075, 7.451044e-01, 3.033206e-01
1076, 7.453124e-01, 8.093379e-01
1077, 7.470387e-01, 6.951579e-01
1078, 7.472061e-01, 7.461148e-01
1079, 7.477123e-01, 7.793043e-01
1080, 7.478588e-01, 2.205660e-01
1081, 7.482781e-01, 7.004769e-01
1082, 7.484392e-01, 4.588433e-01
1083, 7.491938e-01, 2.531111e-01
1084, 7.492881e-01, 4.083638e-01
1085, 7.495868e-01, 2.666675e-01
1086, 7.497296e-01, 4.406134e-01
1087, 7.500357e-01, 2.232476e-01
1088, 7.507427e-01, 2.124107e-01
1089, 7.508398e-01, 1.999232e-01
1090, 7.518442e-01, 6.213681e-01
1091, 7.532411e-01, 8.373049e-01
1092, 7.540601e-01, 8.023244e-01
1093, 7.554938e-01, 1.912880e-01
1094, 7.564902e-01, 7.928662e-01
1095, 7.573837e-01, 7.063329e-01
1096, 7.575658e-01, 1.678708e-01
1097, 7.579812e-01, 3.486436e-01
1098, 7.580692e-01, 5.267473e-01
1099, 7.580966e-01, 4.267844e-01
1100, 7.582331e-01, 2.835499e-01
1101, 7.586059e-01, 5.325246e-01
1102, 7.592438e-01, 4.375578e-01
1103, 7.599055e-01, 1.744196e-01
1104, 7.604429e-01, 7.058730e-01
1105, 7.614646e-01, 5.947451e-01
1106, 7.615406e-01, 6.829307e-01
1107, 7.623697e-01, 5.853870e-01
1108, 7.628729e-01, 5.083131e-01
1109, 7.629586e-01, 5.212545e-01
1110, 7.642593e-01, 3.727172e-01
1111, 7.650949e-01, 3.976083e-01
1112, 7.656210e-01, 4.409959e-01
1113, 7.658242e-01, 4.583150e-01
1114, 7.658692e-01, 6.544962e-01
1115, 7.661193e-01, 5.527285e-01
1116, 7.668696e-01, 5.808121e-01
1117, 7.681170e-01, 3.518175e-01
1118, 7.688428e-01, 7.528788e-01
1119, 7.690343e-01, 3.698517e-01
1120, 7.695601e-01, 8.424120e-01
1121, 7.704465e-01, 7.630700e-01
1122, 7.711973e-01, 2.367817e-01
1123, 7.712351e-01, 6.850963e-01
1124, 7.713880e-01, 5.170036e-01
1125, 7.715305e-01, 6.879841e-01
1126, 7.722079e-01, 3.602330e-01
1127, 7.730629e-01, 4.663214e-01
1128, 7.731407e-01, 2.527438e-01
1129, 7.744965e-01, 4.765009e-01
1130, 7.747835e-01, 3.377071e-01
1131, 7.760813e-01, 4.369687e-01
1132, 7.764435e-01, 2.635700e-01
1133, 7.786012e-01, 1.955211e-01
1134, 7.787650e-01, 6.669162e-01
1135, 7.794417e-01, 4.948382e-01
1136, 7.797449e-01, 6.766709e-01
1137, 7.800599e-01, 2.024127e-01
1138, 7.818333e-01, 3.304590e-01
1139, 7.828434e-01, 2.698239e-01
1140, 7.829042e-01, 7.808418e-01
1141, 7.830324e-01, 6.189569e-01
1142, 7.832683e-01, 3.083441e-01
1143, 7.839073e-01, 4.887306e-01
1144, 7.846426e-01, 6.385954e-01
1145, 7.861642e-01, 1.725549e-01
1146, 7.889398e-01, 6.250502e-01
1147, 7.900310e-01, 6.564504e-01
1148, 7.913378e-01, 1.798047e-01
1149, 7.917689e-01, 7.315357e-01
1150, 7.919928e-01, 4.353842e-01
1151, 7.920208e-01, 7.848944e-01
1152, 7.920223e-01, 5.551531e-01
1153, 7.926323e-01, 3.005653e-01
1154, 7.930081e-01, 2.125426e-01
1155, 7.939873e-01, 8.000537e-01
1156, 7.940823e-01, 2.237478e-01
1157, 7.949687e-01, 6.964261e-01
1158, 7.950799e-01, 5.967576e-01
1159, 7.961537e-01, 5.293136e-01
1160, 7.965459e-01, 6.835906e-01
1161, 7.970900e-01, 3.628079e-01
1162, 7.984714e-01, 3.057122e-01
1163, 7.992252e-01, 5.363986e-01
1164, 7.996252e-01, 5.652039e-01
1165, 8.003440e-01, 4.309349e-01
1166, 8.007115e-01, 1.829948e-01
1167, 8.015448e-01, 7.131967e-01
1168, 8.018063e-01, 3.310622e-01
1169, 8.020011e-01, 4.916534e-01
1170, 8.020778e-01, 5.664032e-01
1171, 8.021302e-01, 3.822067e-01
1172, 8.023208e-01, 4.270307e-01
1173, 8.040250e-01, 3.177745e-01
1174, 8.041074e-01, 2.294661e-01
1175, 8.046486e-01, 4.202433e-01
1176, 8.072269e-01, 8.466634e-01
1177, 8.074191e-01, 7.780388e-01
1178, 8.081316e-01, 6.641244e-01
1179, 8.094760e-01, 6.761132e-01
1180, 8.110383e-01, 5.280915e-01
1181, 8.111561e-01, 3.884478e-01
1182, 8.122159e-01, 3.427057e-01
1183, 8.123109e-01, 7.710709e-01
1184, 8.128590e-01, 4.146740e-01
1185, 8.130682e-01, 7.596947e-01
1186, 8.140425e-01, 5.150146e-01
1187, 8.142376e-01, 8.191438e-01
1188, 8.142982e-01, 4.508072e-01
1189, 8.156277e-01, 6.058042e-01
1190, 8.162299e-01, 7.301595e-01
1191, 8.165850e-01, 5.462040e-01
1192, 8.170573e-01, 1.676154e-01
1193, 8.188174e-01, 5.835142e-01
1194, 8.207182e-01, 2.369409e-01
1195, 8.219881e-01, 4.704298e-01
1196, 8.227289e-01, 6.413457e-01
1197, 8.237777e-01, 4.561854e-01
1198, 8.239350e-01, 4.620940e-01
1199, 8.243802e-01, 7.490625e-01
1200, 8.257882e-01, 2.742755e-01
1201, 8.270375e-01, 3.017714e-01
1202, 8.273471e-01, 4.083677e-01
1203, 8.288240e-01, 4.529682e-01
1204, 8.292736e-01, 1.782435e-01
1205, 8.294477e-01, 3.057666e-01
1206, 8.299830e-01, 6.794255e-01
1207, 8.304327e-01, 2.713774e-01
1208, 8.312243e-01, 3.833810e-01
1209, 8.318467e-01, 6.206799e-01
1210, 8.347541e-01, 3.397575e-01
1211, 8.348698e-01, 3.238688e-01
1212, 8.352058e-01, 6.842228e-01
1213, 8.356541e-01, 2.512455e-01
1214, 8.362402e-01, 4.889081e-01
1215, 8.363280e-01, 7.198438e-01
1216, 8.367873e-01, 2.650697e-01
1217, 8.371939e-01, 1.802366e-01
1218, 8.377724e-01, 3.854293e-01
1219, 8.390049e-01, 2.058203e-01
1220, 8.392117e-01, 5.149020e-01
1221, 8.396976e-01, 2.571286e-01
1222, 8.397183e-01, 5.492113e-01
1223, 8.399070e-01, 4.280591e-01
1224, 8.399773e-01, 1.523620e-01
1225, 8.409073e-01, 3.841573e-01
1226, 8.409967e-01, 5.595009e-01
1227, 8.415899e-01, 5.447957e-01
1228, 8.429754e-01, 3.027215e-01
1229, 8.431673e-01, 4.741400e-01
1230, 8.431805e-01, 7.020700e-01
1231, 8.434033e-01, 7.629061e-01
1232, 8.434124e-01, 3.201572e-01
1233, 8.434410e-01, 5.262468e-01
1234, 8.436888e-01, 4.848416e-01
1235, 8.438380e-01, 5.821144e-01
1236, 8.443232e-01, 6.486867e-01
1237, 8.449060e-01, 4.703114e-01
1238, 8.449376e-01, 4.489319e-01
1239, 8.454251e-01, 6.526429e-01
1240, 8.455070e-01, 3.756639e-01
1241, 8.462586e-01, 8.064540e-01
1242, 8.472052e-01, 8.456129e-01
1243, 8.475089e-01, 7.357777e-01
1244, 8.478192e-01, 8.109822e-01
1245, 8.480714e-01, 4.124399e-01
1246, 8.480935e-01, 6.359892e-01
1247, 1.828113e-01, 7.830313e-01
1248, 1.876111e-01, 3.450308e-01
1249, 1.705797e-01, 5.462463e-01
1250, 1.898973e-01, 2.644105e-01
1251, 1.742469e-01, 4.202661e-01
1252, 2.390968e-01, 1.983640e-01
1253, 2.257770e-01, 6.501764e-01
1254, 2.389309e-01, 3.427175e-01
1255, 2.481022e-01, 3.862372e-01
1256, 2.490038e-01, 4.584386e-01
1257, 2.351441e-01, 6.942204e-01
1258, 2.843651e-01, 2.831753e-01
1259, 2.765001e-01, 4.056015e-01
1260, 2.926698e-01, 3.146014e-01
1261, 2.794468e-01, 4.905092e-01
1262, 3.035852e-01, 5.795502e-01
1263, 2.648433e-01, 6.023871e-01
1264, 2.826277e-01, 6.696785e-01
1265, 2.820873e-01, 7.749620e-01
1266, 3.096184e-01, 7.758528e-01
1267, 3.284596e-01, 3.664715e-01
1268, 3.030294e-01, 7.312632e-01
1269, 3.468611e-01, 1.519997e-01
1270, 3.363159e-01, 2.974000e-01
1271, 3.479027e-01, 4.538236e-01
1272, 3.697049e-01, 4.768180e-01
1273, 3.564964e-01, 5.881560e-01
1274, 3.469384e-01, 8.270551e-01
1275, 3.734035e-01, 6.461987e-01
1276, 3.923204e-01, 8.097468e-01
1277, 3.774875e-01, 6.790066e-01
1278, 4.017386e-01, 7.798299e-01
1279, 4.046885e-01, 5.295312e-01
1280, 4.034724e-01, 2.226171e-01
1281, 3.823890e-01, 3.247297e-01
1282, 4.128876e-01, 3.798432e-01
1283, 4.193870e-01, 8.476277e-01
1284, 4.064553e-01, 1.731580e-01
1285, 4.378297e-01, 6.185013e-01
1286, 4.244917e-01, 7.884606e-01
1287, 4.346309e-01, 7.569791e-01
1288, 4.487687e-01, 7.417769e-01
1289, 4.415585e-01, 2.482941e-01
1290, 4.411279e-01, 7.700778e-01
1291, 4.651013e-01, 1.997035e-01
1292, 4.472265e-01, 5.587714e-01
1293, 4.689544e-01, 2.362177e-01
1294, 4.777432e-01, 6.003573e-01
1295, 5.050531e-01, 4.668421e-01
1296, 5.163503e-01, 3.817199e-01
1297, 4.959245e-01, 7.289979e-01
1298, 5.207264e-01, 1.753420e-01
1299, 5.124373e-01, 4.696626e-01
1300, 4.905171e-01, 5.006916e-01
1301, 5.347591e-01, 4.931758e-01
1302, 5.389504e-01, 6.217721e-01
1303, 5.372805e-01, 8.389264e-01
1304, 5.664152e-01, 3.485048e-01
1305, 5.480059e-01, 2.402780e-01
1306, 5.441143e-01, 3.289695e-01
1307, 5.540093e-01, 7.129671e-01
1308, 5.792512e-01, 8.034036e-01
1309, 6.191196e-01, 2.508995e-01
1310, 5.870396e-01, 3.422836e-01
1311, 6.213836e-01, 4.641096e-01
1312, 5.866401e-01, 6.046108e-01
1313, 6.169465e-01, 8.201119e-01
1314, 6.298334e-01, 4.325703e-01
1315, 6.325674e-01, 5.147717e-01
1316, 6.145297e-01, 7.977742e-01
1317, 6.445931e-01, 6.933380e-01
1318, 6.538569e-01, 2.212338e-01
1319, 6.621525e-01, 2.391894e-01
1320, 6.268879e-01, 3.708559e-01
1321, 6.733815e-01, 6.281978e-01
1322, 6.546784e-01, 6.603700e-01
1323, 6.642967e-01, 7.658315e-01
1324, 6.682259e-01, 8.067687e-01
1325, 6.876187e-01, 2.405252e-01
1326, 6.920578e-01, 2.127536e-01
1327, 6.985095e-01, 5.086590e-01
1328, 6.985785e-01, 8.010646e-01
1329, 7.157994e-01, 2.463998e-01
1330, 7.032490e-01, 6.094546e-01
1331, 7.321772e-01, 5.955512e-01
1332, 7.339747e-01, 8.443208e-01
1333, 7.378447e-01, 5.507066e-01
1334, 7.467283e-01, 6.540383e-01
1335, 7.467741e-01, 3.363815e-01
1336, 7.427516e-01, 6.097722e-01
1337, 7.809164e-01, 3.949362e-01
1338, 7.804722e-01, 6.050778e-01
1339, 8.100875e-01, 1.957978e-01
1340, 8.108753e-01, 4.831836e-01
1341, 7.998603e-01, 7.291359e-01
1342, 7.935139e-01, 8.198658e-01
1343, 7.933833e-01, 2.748179e-01
1344, 8.121467e-01, 5.676469e-01
1345, 8.192290e-01, 6.184190e-01
1346, 8.240779e-01, 6.553915e-01
1347, 8.191862e-01, 8.027033e-01
1348, 8.307753e-01, 2.097045e-01
1349, 8.240086e-01, 8.257460e-01
1350, 8.451734e-01, 3.516371e-01
1351, 8.430120e-01, 6.969715e-01
1352, 8.443105e-01, 7.576574e-01
1353, 1.500000e-01, 7.897217e-01
1354, 1.500000e-01, 2.571386e-01
1355, 1.500000e-01, 2.337786e-01
1356, 1.500000e-01, 2.910124e-01
1357, 1.500000e-01, 3.167918e-01
1358, 1.500000e-01, 3.556457e-01
1359, 1.500000e-01, 3.811130e-01
1360, 1.500000e-01, 4.675228e-01
1361, 1.500000e-01, 4.842991e-01
1362, 1.500000e-01, 5.290130e-01
1363, 1.500000e-01, 5.111829e-01
1364, 1.500000e-01, 5.397068e-01
1365, 1.500000e-01, 6.371416e-01
1366, 1.500000e-01, 6.464862e-01
1367, 1.500000e-01, 6.822316e-01
1368, 1.500000e-01, 7.215014e-01
1369, 1.500000e-01, 7.711508e-01
1370, 1.500000e-01, 7.467772e-01
1371, 1.500000e-01, 8.402563e-01
1372, 1.500000e-01, 1.726266e-01
1373, 1.500000e-01, 3.334018e-01
1374, 1.500000e-01, 3.217229e-01
1375, 1.500000e-01, 4.271046e-01
1376, 1.500000e-01, 4.438449e-01
1377, 1.500000e-01, 5.919913e-01
1378, 1.500000e-01, 6.056407e-01
1379, 1.500000e-01, 7.150345e-01
1380, 1.500000e-01, 6.978791e-01
1381, 1.500000e-01, 4.119889e-01
1382, 1.500000e-01, 4.074761e-01
1383, 1.782129e-01, 1.500000e-01
1384, 1.500000e-01, 1.964951e-01
1385, 1.500000e-01, 2.087275e-01
1386, 1.684319e-01, 8.500000e-01
1387, 2.010377e-01, 1.500000e-01
1388, 2.082234e-01, 8.500000e-01
1389, 2.131466e-01, 1.500000e-01
1390, 2.378417e-01, 1.500000e-01
1391, 2.666179e-01, 1.500000e-01
1392, 2.229104e-01, 8.500000e-01
1393, 2.613369e-01, 8.500000e-01
1394, 2.644290e-01, 8.500000e-01
1395, 3.042515e-01, 1.500000e-01
1396, 2.774130e-01, 8.500000e-01
1397, 3.074310e-01, 8.500000e-01
1398, 3.146717e-01, 1.500000e-01
1399, 3.222350e-01, 8.500000e-01
1400, 3.456500e-01, 1.500000e-01
1401, 3.551383e-01, 8.500000e-01
1402, 4.200237e-01, 8.500000e-01
1403, 4.341544e-01, 1.500000e-01
1404, 4.518395e-01, 8.500000e-01
1405, 4.598321e-01, 1.500000e-01
1406, 4.603949e-01, 8.500000e-01
1407, 4.732966e-01, 1.500000e-01
1408, 4.796074e-01, 8.500000e-01
1409, 4.851071e-01, 8.500000e-01
1410, 5.153097e-01, 1.500000e-01
1411, 5.242852e-01, 1.500000e-01
1412, 5.203247e-01, 8.500000e-01
1413, 5.431625e-01, 1.500000e-01
1414, 5.341243e-01, 8.500000e-01
1415, 5.579598e-01, 8.500000e-01
1416, 5.768615e-01, 1.500000e-01
1417, 5.963499e-01, 1.500000e-01
1418, 5.846884e-01, 8.500000e-01
1419, 5.946842e-01, 8.500000e-01
1420, 6.584347e-01, 1.500000e-01
1421, 6.667820e-01, 8.500000e-01
1422, 6.877927e-01, 1.500000e-01
1423, 6.922720e-01, 8.500000e-01
1424, 7.318963e-01, 8.500000e-01
1425, 7.351732e-01, 1.500000e-01
1426, 7.390200e-01, 8.500000e-01
1427, 7.630721e-01, 1.500000e-01
1428, 7.842200e-01, 1.500000e-01
1429, 7.702958e-01, 8.500000e-01
1430, 8.500000e-01, 5.933959e-01
1431, 8.070010e-01, 8.500000e-01
1432, 8.405357e-01, 1.500000e-01
1433, 8.500000e-01, 1.654295e-01
1434, 8.500000e-01, 2.150771e-01
1435, 8.500000e-01, 3.954530e-01
1436, 8.500000e-01, 5.763290e-01
1437, 8.500000e-01, 5.628606e-01
1438, 8.500000e-01, 1.672148e-01
1439, 8.500000e-01, 1.994389e-01
1440, 8.500000e-01, 2.503548e-01
1441, 8.500000e-01, 3.515864e-01
1442, 8.500000e-01, 3.763568e-01
1443, 8.500000e-01, 4.199959e-01
1444, 8.500000e-01, 4.504417e-01
1445, 8.500000e-01, 5.082438e-01
1446, 8.500000e-01, 6.016585e-01
1447, 8.500000e-01, 7.739497e-01
1448, 8.500000e-01, 3.088723e-01
1449, 8.500000e-01, 2.706395e-01
1450, 8.500000e-01, 3.120383e-01
1451, 8.500000e-01, 3.278363e-01
1452, 8.500000e-01, 4.185086e-01
1453, 8.500000e-01, 4.084027e-01
1454, 8.500000e-01, 4.637926e-01
1455, 8.500000e-01, 4.920549e-01
1456, 8.500000e-01, 5.565733e-01
1457, 8.500000e-01, 5.257229e-01
1458, 8.500000e-01, 7.106479e-01
1459, 8.500000e-01, 6.948192e-01
1460, 8.500000e-01, 7.461871e-01
1461, 8.500000e-01, 7.647815e-01
1462, 8.500000e-01, 7.948191e-01
1463, 8.500000e-01, 8.124644e-01
1464, 8.474093e-01, 8.500000e-01
1465, 8.500000e-01, 8.415088e-01
1466, 8.500000e-01, 7.420631e-01
1467, 8.500000e-01, 7.342078e-01
1468, 1.500577e-01, 2.632739e-01
1469, 1.503694e-01, 5.578962e-01
1470, 1.504263e-01, 5.751913e-01
1471, 1.506667e-01, 8.137943e-01
1472, 3.132287e-01, 1.504060e-01
1473, 3.615046e-01, 1.500002e-01
1474, 3.773337e-01, 8.498855e-01
1475, 3.979326e-01, 1.502075e-01
1476, 4.695824e-01, 1.504043e-01
1477, 5.462444e-01, 1.501790e-01
1478, 6.142725e-01, 1.502753e-01
1479, 6.276159e-01, 8.491921e-01
1480, 7.027845e-01, 1.502404e-01
1481, 8.172902e-01, 1.502477e-01
1482, 8.497065e-01, 6.320983e-01
1483, 8.498399e-01, 6.612143e-01
