1, 1.519759e-01, 7.314380e-01
2, 1.522416e-01, 6.349072e-01
3, 1.523743e-01, 6.459959e-01
4, 1.539478e-01, 7.535441e-01
5, 1.558978e-01, 8.411896e-01
6, 1.575965e-01, 1.844271e-01
7, 1.586598e-01, 2.746401e-01
8, 1.587045e-01, 3.784655e-01
9, 1.595637e-01, 2.828510e-01
10, 1.605762e-01, 6.016670e-01
11, 1.606838e-01, 6.897770e-01
12, 1.609124e-01, 5.789095e-01
13, 1.612248e-01, 3.965291e-01
14, 1.619133e-01, 5.421833e-01
15, 1.623684e-01, 7.041676e-01
16, 1.626713e-01, 4.858946e-01
17, 1.627686e-01, 4.780907e-01
18, 1.629272e-01, 8.406052e-01
19, 1.634482e-01, 6.442912e-01
20, 1.637202e-01, 6.339439e-01
21, 1.638822e-01, 2.275550e-01
22, 1.643359e-01, 2.379319e-01
23, 1.644184e-01, 3.310171e-01
24, 1.647401e-01, 4.203226e-01
25, 1.654034e-01, 7.313726e-01
26, 1.662404e-01, 3.417459e-01
27, 1.662684e-01, 7.894853e-01
28, 1.662774e-01, 7.533105e-01
29, 1.665076e-01, 8.017276e-01
30, 1.672322e-01, 7.093556e-01
31, 1.677823e-01, 1.945941e-01
32, 1.681477e-01, 4.056228e-01
33, 1.684928e-01, 4.244681e-01
34, 1.687928e-01, 7.270815e-01
35, 1.691218e-01, 6.091466e-01
36, 1.696031e-01, 2.433311e-01
37, 1.702533e-01, 4.677190e-01
38, 1.713035e-01, 3.471712e-01
39, 1.719622e-01, 2.165512e-01
40, 1.720320e-01, 6.239698e-01
41, 1.723297e-01, 3.617763e-01
42, 1.725627e-01, 2.593581e-01
43, 1.726124e-01, 7.810286e-01
44, 1.729629e-01, 7.593155e-01
45, 1.734094e-01, 5.685218e-01
46, 1.735985e-01, 5.550170e-01
47, 1.736280e-01, 8.100405e-01
48, 1.746438e-01, 8.300087e-01
49, 1.770842e-01, 1.643317e-01
50, 1.771331e-01, 5.239103e-01
51, 1.799432e-01, 5.046017e-01
52, 1.823901e-01, 3.093894e-01
53, 1.825230e-01, 3.033747e-01
54, 1.827437e-01, 4.669665e-01
55, 1.827939e-01, 2.590844e-01
56, 1.837170e-01, 6.235821e-01
57, 1.840703e-01, 6.093110e-01
58, 1.842218e-01, 2.128933e-01
59, 1.845820e-01, 7.603837e-01
60, 1.849007e-01, 2.456761e-01
61, 1.850853e-01, 1.982424e-01
62, 1.855107e-01, 8.299201e-01
63, 1.860939e-01, 1.642402e-01
64, 1.860952e-01, 8.125244e-01
65, 1.862208e-01, 5.708614e-01
66, 1.862286e-01, 4.513161e-01
67, 1.868481e-01, 7.239857e-01
68, 1.878300e-01, 7.123631e-01
69, 1.882542e-01, 5.536864e-01
70, 1.883020e-01, 7.786417e-01
71, 1.886866e-01, 5.051477e-01
72, 1.899105e-01, 3.626881e-01
73, 1.905769e-01, 4.061781e-01
74, 1.908654e-01, 5.218980e-01
75, 1.909471e-01, 3.477920e-01
76, 1.915129e-01, 4.253648e-01
77, 1.960017e-01, 3.436710e-01
78, 1.960510e-01, 4.425157e-01
79, 1.960749e-01, 6.363841e-01
80, 1.964409e-01, 8.388322e-01
81, 1.970571e-01, 2.904595e-01
82, 1.970959e-01, 4.970926e-01
83, 1.976667e-01, 1.735652e-01
84, 1.979896e-01, 1.850343e-01
85, 1.981319e-01, 5.291447e-01
86, 1.983313e-01, 5.444761e-01
87, 1.985127e-01, 6.530296e-01
88, 1.985136e-01, 4.828994e-01
89, 1.987165e-01, 7.509474e-01
90, 1.988781e-01, 2.763470e-01
91, 1.990149e-01, 7.360380e-01
92, 1.996835e-01, 3.266750e-01
93, 2.007640e-01, 8.016725e-01
94, 2.018164e-01, 7.883075e-01
95, 2.030472e-01, 3.953143e-01
96, 2.034477e-01, 6.986475e-01
97, 2.035461e-01, 3.771363e-01
98, 2.037721e-01, 6.828762e-01
99, 2.074261e-01, 6.522403e-01
100, 2.095274e-01, 3.277692e-01
101, 2.096284e-01, 6.378068e-01
102, 2.102813e-01, 3.411776e-01
103, 2.110754e-01, 6.977832e-01
104, 2.116397e-01, 3.958156e-01
105, 2.117257e-01, 8.357196e-01
106, 2.117897e-01, 6.843066e-01
107, 2.128768e-01, 4.453898e-01
108, 2.129973e-01, 7.530520e-01
109, 2.131404e-01, 7.867829e-01
110, 2.133670e-01, 3.773875e-01
111, 2.139048e-01, 1.859310e-01
112, 2.140859e-01, 5.279886e-01
113, 2.141166e-01, 4.962771e-01
114, 2.141292e-01, 7.361584e-01
115, 2.153674e-01, 8.045361e-01
116, 2.154201e-01, 2.901569e-01
117, 2.156293e-01, 1.700308e-01
118, 2.170724e-01, 4.010386e-01
119, 2.170918e-01, 5.469658e-01
120, 2.172339e-01, 4.785668e-01
121, 2.174188e-01, 2.759927e-01
122, 2.191746e-01, 4.519903e-01
123, 2.197611e-01, 1.654146e-01
124, 2.207720e-01, 8.248536e-01
125, 2.208617e-01, 4.744499e-01
126, 2.208954e-01, 7.775255e-01
127, 2.212133e-01, 8.113601e-01
128, 2.213029e-01, 7.619152e-01
129, 2.223664e-01, 6.631059e-01
130, 2.227671e-01, 5.063612e-01
131, 2.228587e-01, 5.174652e-01
132, 2.229320e-01, 6.722337e-01
133, 2.236766e-01, 2.704077e-01
134, 2.244270e-01, 3.007874e-01
135, 2.246028e-01, 3.156234e-01
136, 2.251254e-01, 3.518945e-01
137, 2.255022e-01, 5.545924e-01
138, 2.255672e-01, 5.698971e-01
139, 2.258305e-01, 2.555569e-01
140, 2.259506e-01, 7.251545e-01
141, 2.262682e-01, 3.672696e-01
142, 2.264272e-01, 7.121322e-01
143, 2.278232e-01, 2.036967e-01
144, 2.307872e-01, 6.076912e-01
145, 2.314908e-01, 6.196583e-01
146, 2.366573e-01, 2.041923e-01
147, 2.373360e-01, 3.181941e-01
148, 2.374895e-01, 7.776441e-01
149, 2.381651e-01, 3.010558e-01
150, 2.384958e-01, 3.701588e-01
151, 2.389005e-01, 2.564370e-01
152, 2.389698e-01, 5.075921e-01
153, 2.393902e-01, 1.653653e-01
154, 2.395038e-01, 6.598102e-01
155, 2.395777e-01, 7.608860e-01
156, 2.400058e-01, 5.151153e-01
157, 2.400157e-01, 4.224905e-01
158, 2.405399e-01, 4.033735e-01
159, 2.410092e-01, 6.750287e-01
160, 2.411783e-01, 5.738032e-01
161, 2.412571e-01, 2.688192e-01
162, 2.414523e-01, 8.116181e-01
163, 2.414565e-01, 5.555506e-01
164, 2.421194e-01, 4.734976e-01
165, 2.421212e-01, 4.247670e-01
166, 2.421944e-01, 4.487871e-01
167, 2.425563e-01, 8.234872e-01
168, 2.425841e-01, 3.451006e-01
169, 2.428894e-01, 7.263427e-01
170, 2.431945e-01, 7.110755e-01
171, 2.437884e-01, 3.994649e-01
172, 2.439878e-01, 4.465041e-01
173, 2.440537e-01, 3.757872e-01
174, 2.445363e-01, 3.267863e-01
175, 2.455466e-01, 2.727194e-01
176, 2.459356e-01, 3.415476e-01
177, 2.474901e-01, 2.914427e-01
178, 2.475713e-01, 5.511013e-01
179, 2.477087e-01, 4.782186e-01
180, 2.481681e-01, 8.050591e-01
181, 2.486362e-01, 7.897578e-01
182, 2.486428e-01, 7.535421e-01
183, 2.490368e-01, 7.324033e-01
184, 2.492132e-01, 6.350685e-01
185, 2.492974e-01, 6.492636e-01
186, 2.493391e-01, 7.056421e-01
187, 2.498130e-01, 5.852350e-01
188, 2.498885e-01, 4.923952e-01
189, 2.504296e-01, 1.750160e-01
190, 2.507608e-01, 6.849807e-01
191, 2.510256e-01, 1.922556e-01
192, 2.529905e-01, 5.853457e-01
193, 2.532788e-01, 2.215365e-01
194, 2.545487e-01, 5.281376e-01
195, 2.546815e-01, 2.355516e-01
196, 2.551052e-01, 8.338925e-01
197, 2.606711e-01, 6.337972e-01
198, 2.610666e-01, 6.857923e-01
199, 2.612700e-01, 4.933326e-01
200, 2.615906e-01, 6.497880e-01
201, 2.622707e-01, 8.343367e-01
202, 2.626363e-01, 7.543055e-01
203, 2.629276e-01, 5.282415e-01
204, 2.629573e-01, 2.762341e-01
205, 2.629660e-01, 1.751511e-01
206, 2.631264e-01, 7.312502e-01
207, 2.632736e-01, 4.776475e-01
208, 2.635270e-01, 7.056477e-01
209, 2.643898e-01, 2.914831e-01
210, 2.650020e-01, 1.933673e-01
211, 2.655764e-01, 8.043472e-01
212, 2.659691e-01, 4.256950e-01
213, 2.664133e-01, 3.769193e-01
214, 2.665749e-01, 4.462144e-01
215, 2.667480e-01, 2.327882e-01
216, 2.667750e-01, 7.896908e-01
217, 2.667987e-01, 3.950079e-01
218, 2.675002e-01, 2.212430e-01
219, 2.677854e-01, 7.097631e-01
220, 2.679221e-01, 3.435849e-01
221, 2.680147e-01, 5.510503e-01
222, 2.682810e-01, 7.255270e-01
223, 2.683878e-01, 3.238077e-01
224, 2.693029e-01, 1.974457e-01
225, 2.693298e-01, 8.276314e-01
226, 2.701168e-01, 3.984808e-01
227, 2.710126e-01, 8.119302e-01
228, 2.711240e-01, 3.714655e-01
229, 2.718108e-01, 7.630624e-01
230, 2.718292e-01, 2.980986e-01
231, 2.720621e-01, 4.514778e-01
232, 2.720820e-01, 5.681922e-01
233, 2.722165e-01, 3.478255e-01
234, 2.724528e-01, 2.150349e-01
235, 2.727191e-01, 5.551578e-01
236, 2.731479e-01, 3.174914e-01
237, 2.733794e-01, 4.686552e-01
238, 2.736539e-01, 4.179884e-01
239, 2.739988e-01, 7.805341e-01
240, 2.740197e-01, 6.717479e-01
241, 2.742253e-01, 6.610763e-01
242, 2.763336e-01, 5.151756e-01
243, 2.773581e-01, 1.595279e-01
244, 2.782742e-01, 6.170939e-01
245, 2.806162e-01, 2.456718e-01
246, 2.806628e-01, 5.152416e-01
247, 2.809922e-01, 2.643671e-01
248, 2.816842e-01, 3.169585e-01
249, 2.829784e-01, 8.141822e-01
250, 2.831353e-01, 8.261186e-01
251, 2.834028e-01, 2.966592e-01
252, 2.836947e-01, 6.169901e-01
253, 2.851676e-01, 3.702134e-01
254, 2.853133e-01, 3.485237e-01
255, 2.857791e-01, 4.175785e-01
256, 2.862451e-01, 2.144399e-01
257, 2.867673e-01, 7.788761e-01
258, 2.871138e-01, 6.597940e-01
259, 2.872213e-01, 1.981187e-01
260, 2.880998e-01, 4.006281e-01
261, 2.885637e-01, 7.633264e-01
262, 2.890263e-01, 5.555300e-01
263, 2.890433e-01, 6.727285e-01
264, 2.891200e-01, 2.648503e-01
265, 2.894979e-01, 1.600480e-01
266, 2.895804e-01, 7.245749e-01
267, 2.899288e-01, 7.104738e-01
268, 2.900592e-01, 2.463746e-01
269, 2.901668e-01, 4.674138e-01
270, 2.911091e-01, 4.530741e-01
271, 2.913849e-01, 5.693843e-01
272, 2.948260e-01, 2.704330e-01
273, 2.956532e-01, 2.859379e-01
274, 2.962820e-01, 5.480264e-01
275, 2.965674e-01, 4.284050e-01
276, 2.967584e-01, 3.301312e-01
277, 2.969147e-01, 3.396417e-01
278, 2.971241e-01, 4.471973e-01
279, 2.974795e-01, 2.261237e-01
280, 2.987611e-01, 5.358809e-01
281, 2.989817e-01, 2.378966e-01
282, 3.000490e-01, 1.849737e-01
283, 3.004344e-01, 7.009192e-01
284, 3.010013e-01, 6.831317e-01
285, 3.010342e-01, 1.717577e-01
286, 3.020754e-01, 7.371984e-01
287, 3.022962e-01, 6.449032e-01
288, 3.023286e-01, 3.866502e-01
289, 3.023527e-01, 7.501595e-01
290, 3.027776e-01, 6.383099e-01
291, 3.032799e-01, 4.791663e-01
292, 3.038563e-01, 4.887030e-01
293, 3.050927e-01, 7.970134e-01
294, 3.057205e-01, 5.834812e-01
295, 3.058749e-01, 5.859193e-01
296, 3.082587e-01, 7.973955e-01
297, 3.091760e-01, 8.452100e-01
298, 3.138255e-01, 3.864584e-01
299, 3.145521e-01, 2.880136e-01
300, 3.148940e-01, 4.897073e-01
301, 3.149249e-01, 3.393196e-01
302, 3.150627e-01, 7.348960e-01
303, 3.151792e-01, 4.784805e-01
304, 3.151868e-01, 2.698478e-01
305, 3.152106e-01, 4.454438e-01
306, 3.154229e-01, 4.300629e-01
307, 3.156711e-01, 5.371225e-01
308, 3.158328e-01, 5.448969e-01
309, 3.160801e-01, 6.818169e-01
310, 3.161149e-01, 1.730243e-01
311, 3.163322e-01, 6.375335e-01
312, 3.163472e-01, 2.395855e-01
313, 3.164527e-01, 7.514234e-01
314, 3.165083e-01, 1.832649e-01
315, 3.165692e-01, 6.494616e-01
316, 3.166408e-01, 7.004963e-01
317, 3.166857e-01, 3.265022e-01
318, 3.188601e-01, 2.268140e-01
319, 3.215242e-01, 2.631328e-01
320, 3.224319e-01, 2.478239e-01
321, 3.230411e-01, 4.529183e-01
322, 3.231846e-01, 6.734684e-01
323, 3.242746e-01, 2.986513e-01
324, 3.245026e-01, 6.591880e-01
325, 3.246772e-01, 8.162706e-01
326, 3.251323e-01, 7.234237e-01
327, 3.252274e-01, 7.088293e-01
328, 3.252661e-01, 8.294669e-01
329, 3.255319e-01, 3.158727e-01
330, 3.258450e-01, 1.640085e-01
331, 3.260374e-01, 4.679986e-01
332, 3.260664e-01, 5.687962e-01
333, 3.266002e-01, 5.565917e-01
334, 3.279952e-01, 4.169791e-01
335, 3.280880e-01, 7.605143e-01
336, 3.280993e-01, 3.515900e-01
337, 3.282883e-01, 4.010407e-01
338, 3.292549e-01, 3.688143e-01
339, 3.323541e-01, 7.725768e-01
340, 3.333659e-01, 1.997534e-01
341, 3.338859e-01, 5.122927e-01
342, 3.339156e-01, 5.199345e-01
343, 3.342714e-01, 2.119103e-01
344, 3.354362e-01, 6.224575e-01
345, 3.355380e-01, 6.081607e-01
346, 3.373772e-01, 3.684019e-01
347, 3.389884e-01, 7.234726e-01
348, 3.393563e-01, 5.705548e-01
349, 3.393938e-01, 4.670179e-01
350, 3.394537e-01, 3.518520e-01
351, 3.399740e-01, 5.572296e-01
352, 3.400295e-01, 2.635681e-01
353, 3.400992e-01, 2.487929e-01
354, 3.406812e-01, 7.096449e-01
355, 3.409954e-01, 4.539466e-01
356, 3.411237e-01, 1.565005e-01
357, 3.413010e-01, 1.616074e-01
358, 3.417838e-01, 7.721552e-01
359, 3.423579e-01, 8.314824e-01
360, 3.424661e-01, 7.619287e-01
361, 3.426242e-01, 3.175628e-01
362, 3.426731e-01, 2.967112e-01
363, 3.432285e-01, 6.730901e-01
364, 3.439531e-01, 4.017488e-01
365, 3.439693e-01, 4.159280e-01
366, 3.443983e-01, 8.162624e-01
367, 3.461324e-01, 6.570506e-01
368, 3.473050e-01, 8.380730e-01
369, 3.489118e-01, 1.826911e-01
370, 3.491592e-01, 1.699600e-01
371, 3.498012e-01, 2.228444e-01
372, 3.498355e-01, 3.238530e-01
373, 3.501799e-01, 5.919735e-01
374, 3.502122e-01, 2.743732e-01
375, 3.502386e-01, 5.463948e-01
376, 3.506727e-01, 6.532148e-01
377, 3.506802e-01, 3.842218e-01
378, 3.507751e-01, 5.845183e-01
379, 3.511107e-01, 6.359851e-01
380, 3.511587e-01, 5.348895e-01
381, 3.513381e-01, 7.021189e-01
382, 3.513767e-01, 3.945263e-01
383, 3.513812e-01, 2.373499e-01
384, 3.515021e-01, 2.883659e-01
385, 3.520103e-01, 3.406554e-01
386, 3.522061e-01, 4.432094e-01
387, 3.538861e-01, 4.258650e-01
388, 3.543614e-01, 4.786616e-01
389, 3.546534e-01, 7.850428e-01
390, 3.549066e-01, 6.863872e-01
391, 3.558638e-01, 8.045006e-01
392, 3.560619e-01, 4.913130e-01
393, 3.610034e-01, 5.345578e-01
394, 3.623864e-01, 5.457749e-01
395, 3.630454e-01, 2.367736e-01
396, 3.632435e-01, 8.398510e-01
397, 3.639141e-01, 2.223033e-01
398, 3.646858e-01, 3.409871e-01
399, 3.647417e-01, 3.219944e-01
400, 3.650085e-01, 4.252839e-01
401, 3.657246e-01, 1.730520e-01
402, 3.663080e-01, 4.445090e-01
403, 3.675554e-01, 8.040696e-01
404, 3.675833e-01, 2.898058e-01
405, 3.678946e-01, 1.836560e-01
406, 3.681142e-01, 5.819003e-01
407, 3.684502e-01, 3.836171e-01
408, 3.685652e-01, 6.857349e-01
409, 3.686981e-01, 7.855580e-01
410, 3.688319e-01, 3.951836e-01
411, 3.690246e-01, 5.974997e-01
412, 3.710540e-01, 2.739677e-01
413, 3.714775e-01, 4.924650e-01
414, 3.716567e-01, 4.782669e-01
415, 3.717946e-01, 7.027727e-01
416, 3.718510e-01, 4.183181e-01
417, 3.727616e-01, 6.306931e-01
418, 3.727958e-01, 3.993625e-01
419, 3.729225e-01, 6.580280e-01
420, 3.736213e-01, 6.778834e-01
421, 3.748629e-01, 4.744827e-01
422, 3.749099e-01, 6.565995e-01
423, 3.749959e-01, 3.106098e-01
424, 3.752979e-01, 2.992455e-01
425, 3.759991e-01, 2.122217e-01
426, 3.768539e-01, 4.561039e-01
427, 3.770474e-01, 6.256078e-01
428, 3.771518e-01, 1.935862e-01
429, 3.772300e-01, 2.682961e-01
430, 3.773803e-01, 7.788579e-01
431, 3.774916e-01, 7.242960e-01
432, 3.775386e-01, 7.080907e-01
433, 3.779176e-01, 6.080938e-01
434, 3.781265e-01, 8.121715e-01
435, 3.782300e-01, 5.011347e-01
436, 3.782471e-01, 7.697432e-01
437, 3.786035e-01, 2.508559e-01
438, 3.787922e-01, 5.185282e-01
439, 3.796539e-01, 8.265480e-01
440, 3.804500e-01, 3.528379e-01
441, 3.810935e-01, 3.635282e-01
442, 3.811968e-01, 5.690328e-01
443, 3.812204e-01, 5.619344e-01
444, 3.817509e-01, 1.576770e-01
445, 3.865560e-01, 4.028176e-01
446, 3.874289e-01, 2.497056e-01
447, 3.877543e-01, 4.161598e-01
448, 3.880172e-01, 6.235959e-01
449, 3.882582e-01, 6.085824e-01
450, 3.903930e-01, 5.034430e-01
451, 3.907137e-01, 2.686821e-01
452, 3.913568e-01, 6.591731e-01
453, 3.915778e-01, 2.134656e-01
454, 3.921797e-01, 5.207234e-01
455, 3.922645e-01, 3.514736e-01
456, 3.923997e-01, 4.576336e-01
457, 3.929124e-01, 1.944028e-01
458, 3.932837e-01, 6.744263e-01
459, 3.933572e-01, 3.626158e-01
460, 3.935044e-01, 7.712084e-01
461, 3.938562e-01, 7.798372e-01
462, 3.939146e-01, 4.685567e-01
463, 3.939196e-01, 1.569231e-01
464, 3.939935e-01, 8.283762e-01
465, 3.940945e-01, 7.090082e-01
466, 3.942179e-01, 7.232979e-01
467, 3.945785e-01, 8.101946e-01
468, 3.968881e-01, 2.977333e-01
469, 3.989100e-01, 3.128517e-01
470, 3.998769e-01, 2.762096e-01
471, 4.000881e-01, 8.044173e-01
472, 4.003883e-01, 1.883964e-01
473, 4.006726e-01, 6.816539e-01
474, 4.008684e-01, 7.869379e-01
475, 4.008966e-01, 5.413093e-01
476, 4.014066e-01, 5.304239e-01
477, 4.018086e-01, 5.949254e-01
478, 4.018508e-01, 2.906174e-01
479, 4.019762e-01, 5.869031e-01
480, 4.020234e-01, 2.324094e-01
481, 4.021386e-01, 2.246589e-01
482, 4.026610e-01, 7.028854e-01
483, 4.026854e-01, 6.498789e-01
484, 4.027166e-01, 4.908149e-01
485, 4.035761e-01, 3.404969e-01
486, 4.036140e-01, 6.374807e-01
487, 4.036381e-01, 4.445706e-01
488, 4.040135e-01, 1.701298e-01
489, 4.041141e-01, 8.386536e-01
490, 4.042611e-01, 4.765189e-01
491, 4.054018e-01, 4.319867e-01
492, 4.058631e-01, 3.202597e-01
493, 4.061015e-01, 3.885225e-01
494, 4.066749e-01, 7.345874e-01
495, 4.075407e-01, 3.767620e-01
496, 4.104521e-01, 3.206114e-01
497, 4.107287e-01, 7.519462e-01
498, 4.115874e-01, 3.400330e-01
499, 4.123398e-01, 4.317014e-01
500, 4.149470e-01, 4.438887e-01
501, 4.155465e-01, 4.777258e-01
502, 4.157162e-01, 8.400761e-01
503, 4.161029e-01, 4.881337e-01
504, 4.180815e-01, 5.314173e-01
505, 4.186753e-01, 6.373162e-01
506, 4.191906e-01, 5.840254e-01
507, 4.192335e-01, 7.515200e-01
508, 4.192737e-01, 6.503678e-01
509, 4.193167e-01, 5.437360e-01
510, 4.195463e-01, 1.887375e-01
511, 4.197724e-01, 7.025492e-01
512, 4.199267e-01, 6.825126e-01
513, 4.201191e-01, 1.718474e-01
514, 4.202560e-01, 2.226541e-01
515, 4.205085e-01, 5.958288e-01
516, 4.210337e-01, 2.356782e-01
517, 4.213173e-01, 7.349614e-01
518, 4.220014e-01, 3.777591e-01
519, 4.227103e-01, 2.914670e-01
520, 4.228390e-01, 7.051133e-01
521, 4.230095e-01, 7.851607e-01
522, 4.231912e-01, 3.892634e-01
523, 4.238614e-01, 8.062701e-01
524, 4.244419e-01, 6.767175e-01
525, 4.244543e-01, 2.716494e-01
526, 4.244721e-01, 3.107380e-01
527, 4.261988e-01, 8.086497e-01
528, 4.267298e-01, 6.578527e-01
529, 4.270808e-01, 8.273139e-01
530, 4.271189e-01, 1.984634e-01
531, 4.271969e-01, 2.155442e-01
532, 4.275402e-01, 4.681300e-01
533, 4.276378e-01, 7.595324e-01
534, 4.283903e-01, 2.976389e-01
535, 4.284218e-01, 7.278105e-01
536, 4.285115e-01, 7.797575e-01
537, 4.285116e-01, 4.565906e-01
538, 4.286732e-01, 5.539682e-01
539, 4.292215e-01, 2.669391e-01
540, 4.293204e-01, 4.147477e-01
541, 4.302461e-01, 2.461270e-01
542, 4.308994e-01, 6.062459e-01
543, 4.309170e-01, 5.685444e-01
544, 4.310101e-01, 3.550597e-01
545, 4.312010e-01, 3.670004e-01
546, 4.312222e-01, 5.204849e-01
547, 4.312784e-01, 1.602777e-01
548, 4.315971e-01, 3.981355e-01
549, 4.318821e-01, 6.240054e-01
550, 4.340809e-01, 5.069062e-01
551, 4.372317e-01, 4.546987e-01
552, 4.379466e-01, 2.156198e-01
553, 4.393299e-01, 7.293519e-01
554, 4.396627e-01, 6.237116e-01
555, 4.400041e-01, 4.708124e-01
556, 4.401971e-01, 6.074090e-01
557, 4.405341e-01, 5.553114e-01
558, 4.406117e-01, 5.669000e-01
559, 4.406641e-01, 1.582034e-01
560, 4.408333e-01, 2.012279e-01
561, 4.414858e-01, 7.055538e-01
562, 4.419087e-01, 2.465739e-01
563, 4.421782e-01, 2.663233e-01
564, 4.424464e-01, 5.057116e-01
565, 4.433641e-01, 2.980931e-01
566, 4.435023e-01, 3.683249e-01
567, 4.443346e-01, 5.216488e-01
568, 4.447099e-01, 6.712056e-01
569, 4.450846e-01, 6.601070e-01
570, 4.451609e-01, 3.130905e-01
571, 4.452272e-01, 3.508662e-01
572, 4.455465e-01, 7.354199e-01
573, 4.456569e-01, 3.999530e-01
574, 4.460872e-01, 8.256384e-01
575, 4.466025e-01, 8.098905e-01
576, 4.471555e-01, 4.146415e-01
577, 4.506744e-01, 2.905794e-01
578, 4.507028e-01, 2.732013e-01
579, 4.509782e-01, 8.054196e-01
580, 4.521583e-01, 5.425849e-01
581, 4.521637e-01, 5.289255e-01
582, 4.523052e-01, 2.374297e-01
583, 4.523554e-01, 2.326806e-01
584, 4.527205e-01, 6.969078e-01
585, 4.528767e-01, 6.351455e-01
586, 4.532234e-01, 6.833813e-01
587, 4.534709e-01, 3.785539e-01
588, 4.535655e-01, 3.429673e-01
589, 4.535683e-01, 4.938019e-01
590, 4.537419e-01, 6.522370e-01
591, 4.541336e-01, 4.826697e-01
592, 4.544395e-01, 4.220957e-01
593, 4.554088e-01, 5.961356e-01
594, 4.555612e-01, 4.351905e-01
595, 4.557286e-01, 3.254245e-01
596, 4.576216e-01, 5.804749e-01
597, 4.584267e-01, 8.385168e-01
598, 4.611382e-01, 1.875909e-01
599, 4.624768e-01, 3.255190e-01
600, 4.627073e-01, 1.738467e-01
601, 4.647324e-01, 7.376330e-01
602, 4.652105e-01, 3.438178e-01
603, 4.659033e-01, 7.511515e-01
604, 4.673004e-01, 4.355606e-01
605, 4.677144e-01, 8.026283e-01
606, 4.677490e-01, 2.712888e-01
607, 4.677762e-01, 5.975166e-01
608, 4.678935e-01, 3.786864e-01
609, 4.681580e-01, 2.896116e-01
610, 4.687280e-01, 4.215545e-01
611, 4.689499e-01, 5.802379e-01
612, 4.691339e-01, 5.431879e-01
613, 4.692292e-01, 4.811514e-01
614, 4.694192e-01, 6.976810e-01
615, 4.694536e-01, 5.282256e-01
616, 4.698800e-01, 7.885338e-01
617, 4.702950e-01, 3.996978e-01
618, 4.703730e-01, 2.423237e-01
619, 4.705016e-01, 4.953745e-01
620, 4.712950e-01, 1.868235e-01
621, 4.717169e-01, 6.853667e-01
622, 4.719311e-01, 1.749597e-01
623, 4.720395e-01, 2.290531e-01
624, 4.731971e-01, 4.166614e-01
625, 4.733837e-01, 2.469414e-01
626, 4.735502e-01, 6.530390e-01
627, 4.741084e-01, 4.039074e-01
628, 4.745371e-01, 2.633850e-01
629, 4.752996e-01, 5.752880e-01
630, 4.760626e-01, 6.296961e-01
631, 4.765311e-01, 5.205800e-01
632, 4.775744e-01, 3.558474e-01
633, 4.776442e-01, 6.097068e-01
634, 4.777710e-01, 6.277718e-01
635, 4.778126e-01, 3.683786e-01
636, 4.784282e-01, 5.047265e-01
637, 4.788792e-01, 6.579408e-01
638, 4.800439e-01, 7.603952e-01
639, 4.800826e-01, 7.203742e-01
640, 4.800886e-01, 1.689980e-01
641, 4.801536e-01, 3.069813e-01
642, 4.802755e-01, 3.018327e-01
643, 4.802767e-01, 6.780486e-01
644, 4.803245e-01, 1.961471e-01
645, 4.807030e-01, 5.583639e-01
646, 4.808063e-01, 7.084673e-01
647, 4.811854e-01, 4.682822e-01
648, 4.813628e-01, 7.777044e-01
649, 4.825100e-01, 4.535476e-01
650, 4.830143e-01, 8.188790e-01
651, 4.830935e-01, 2.154920e-01
652, 4.894346e-01, 4.676374e-01
653, 4.904938e-01, 5.599354e-01
654, 4.910908e-01, 4.530445e-01
655, 4.916506e-01, 7.768316e-01
656, 4.917915e-01, 7.595811e-01
657, 4.923265e-01, 5.740573e-01
658, 4.928392e-01, 8.196350e-01
659, 4.932260e-01, 6.582368e-01
660, 4.932751e-01, 2.601532e-01
661, 4.937071e-01, 2.542536e-01
662, 4.941031e-01, 3.562559e-01
663, 4.943632e-01, 6.816757e-01
664, 4.947096e-01, 1.968641e-01
665, 4.952043e-01, 6.272953e-01
666, 4.955087e-01, 1.690811e-01
667, 4.955208e-01, 6.077978e-01
668, 4.956423e-01, 2.134516e-01
669, 4.961023e-01, 4.013729e-01
670, 4.961179e-01, 4.192619e-01
671, 4.964038e-01, 3.691791e-01
672, 4.981768e-01, 2.990964e-01
673, 4.982619e-01, 1.711175e-01
674, 4.989627e-01, 3.102354e-01
675, 4.993162e-01, 7.240110e-01
676, 5.001383e-01, 5.073934e-01
677, 5.001602e-01, 5.181352e-01
678, 5.002157e-01, 6.884569e-01
679, 5.016607e-01, 1.882629e-01
680, 5.017810e-01, 3.739237e-01
681, 5.031111e-01, 3.944784e-01
682, 5.033244e-01, 5.842213e-01
683, 5.033851e-01, 5.987825e-01
684, 5.034216e-01, 6.491554e-01
685, 5.039244e-01, 6.345975e-01
686, 5.048607e-01, 4.290457e-01
687, 5.051651e-01, 7.469546e-01
688, 5.052809e-01, 2.731539e-01
689, 5.055736e-01, 4.407454e-01
690, 5.062351e-01, 2.213186e-01
691, 5.065377e-01, 2.912195e-01
692, 5.066743e-01, 7.354388e-01
693, 5.072042e-01, 5.443382e-01
694, 5.079603e-01, 8.066304e-01
695, 5.080999e-01, 2.374675e-01
696, 5.081659e-01, 4.839064e-01
697, 5.084162e-01, 7.910723e-01
698, 5.086099e-01, 8.338110e-01
699, 5.087898e-01, 5.280307e-01
700, 5.099329e-01, 3.205077e-01
701, 5.101174e-01, 3.394190e-01
702, 5.108307e-01, 4.976238e-01
703, 5.151729e-01, 7.017785e-01
704, 5.155452e-01, 6.850779e-01
705, 5.169039e-01, 2.911535e-01
706, 5.178248e-01, 4.412536e-01
707, 5.180052e-01, 4.966935e-01
708, 5.190281e-01, 2.755422e-01
709, 5.191955e-01, 5.857047e-01
710, 5.197529e-01, 7.482104e-01
711, 5.198696e-01, 7.365837e-01
712, 5.203037e-01, 6.504345e-01
713, 5.203368e-01, 5.974537e-01
714, 5.204442e-01, 6.334433e-01
715, 5.207286e-01, 4.830767e-01
716, 5.210752e-01, 5.418247e-01
717, 5.211351e-01, 5.316101e-01
718, 5.211822e-01, 4.293224e-01
719, 5.213993e-01, 1.889194e-01
720, 5.215545e-01, 1.689373e-01
721, 5.218300e-01, 3.766390e-01
722, 5.224235e-01, 7.908040e-01
723, 5.226636e-01, 3.923293e-01
724, 5.229958e-01, 2.212436e-01
725, 5.231734e-01, 3.386568e-01
726, 5.237513e-01, 3.205793e-01
727, 5.238927e-01, 2.352058e-01
728, 5.242561e-01, 8.087028e-01
729, 5.263329e-01, 1.639227e-01
730, 5.266822e-01, 8.113088e-01
731, 5.271274e-01, 5.037508e-01
732, 5.271732e-01, 3.053356e-01
733, 5.276134e-01, 3.163236e-01
734, 5.277698e-01, 3.975768e-01
735, 5.278955e-01, 2.158608e-01
736, 5.284942e-01, 1.963583e-01
737, 5.290801e-01, 5.248668e-01
738, 5.293616e-01, 3.684123e-01
739, 5.293806e-01, 4.218499e-01
740, 5.299524e-01, 6.611912e-01
741, 5.299615e-01, 6.693297e-01
742, 5.303451e-01, 6.080853e-01
743, 5.304435e-01, 6.237143e-01
744, 5.309133e-01, 4.719033e-01
745, 5.319291e-01, 4.588856e-01
746, 5.319812e-01, 3.491146e-01
747, 5.327422e-01, 5.721371e-01
748, 5.329574e-01, 5.543555e-01
749, 5.334683e-01, 2.616421e-01
750, 5.347402e-01, 2.451625e-01
751, 5.347563e-01, 7.784616e-01
752, 5.348348e-01, 7.644418e-01
753, 5.379386e-01, 7.199792e-01
754, 5.422929e-01, 1.620645e-01
755, 5.433902e-01, 3.150468e-01
756, 5.434691e-01, 5.050584e-01
757, 5.436251e-01, 3.088214e-01
758, 5.437979e-01, 8.280639e-01
759, 5.451703e-01, 4.599690e-01
760, 5.456599e-01, 6.080427e-01
761, 5.457717e-01, 6.235301e-01
762, 5.461720e-01, 5.232885e-01
763, 5.467309e-01, 7.789882e-01
764, 5.469330e-01, 7.646089e-01
765, 5.472291e-01, 4.712374e-01
766, 5.480331e-01, 3.486608e-01
767, 5.481123e-01, 3.672439e-01
768, 5.483273e-01, 5.723921e-01
769, 5.484041e-01, 5.532377e-01
770, 5.486407e-01, 8.091648e-01
771, 5.488812e-01, 1.942389e-01
772, 5.489555e-01, 2.174305e-01
773, 5.492286e-01, 6.615382e-01
774, 5.496942e-01, 6.693297e-01
775, 5.501552e-01, 4.008459e-01
776, 5.507398e-01, 4.220042e-01
777, 5.523303e-01, 5.288609e-01
778, 5.528359e-01, 5.473627e-01
779, 5.529378e-01, 8.055061e-01
780, 5.534876e-01, 4.246325e-01
781, 5.536684e-01, 2.226413e-01
782, 5.540064e-01, 2.308756e-01
783, 5.541507e-01, 4.782619e-01
784, 5.544593e-01, 4.896531e-01
785, 5.546029e-01, 1.881807e-01
786, 5.550028e-01, 7.873194e-01
787, 5.555931e-01, 3.956975e-01
788, 5.557540e-01, 1.764067e-01
789, 5.559068e-01, 3.269913e-01
790, 5.562222e-01, 4.442440e-01
791, 5.565640e-01, 3.401905e-01
792, 5.565996e-01, 6.537274e-01
793, 5.566867e-01, 6.329575e-01
794, 5.570767e-01, 5.827920e-01
795, 5.570874e-01, 5.966244e-01
796, 5.580461e-01, 8.388359e-01
797, 5.593592e-01, 7.357356e-01
798, 5.596448e-01, 7.528079e-01
799, 5.600678e-01, 3.797057e-01
800, 5.640859e-01, 1.766709e-01
801, 5.641864e-01, 6.830940e-01
802, 5.642527e-01, 6.911889e-01
803, 5.658284e-01, 2.865091e-01
804, 5.659836e-01, 7.872293e-01
805, 5.664099e-01, 1.873116e-01
806, 5.682226e-01, 5.433438e-01
807, 5.685364e-01, 4.276876e-01
808, 5.686710e-01, 8.390676e-01
809, 5.688720e-01, 5.307976e-01
810, 5.691309e-01, 8.069303e-01
811, 5.697114e-01, 4.426229e-01
812, 5.715354e-01, 4.880242e-01
813, 5.717882e-01, 4.787088e-01
814, 5.721126e-01, 6.346481e-01
815, 5.728886e-01, 7.528435e-01
816, 5.729248e-01, 5.855917e-01
817, 5.731633e-01, 3.397942e-01
818, 5.732793e-01, 7.351646e-01
819, 5.739847e-01, 5.972047e-01
820, 5.741389e-01, 3.262105e-01
821, 5.747439e-01, 6.514505e-01
822, 5.755487e-01, 2.857510e-01
823, 5.756657e-01, 3.800383e-01
824, 5.760480e-01, 2.340079e-01
825, 5.762115e-01, 2.231087e-01
826, 5.784759e-01, 6.546149e-01
827, 5.790556e-01, 8.161783e-01
828, 5.791823e-01, 6.690557e-01
829, 5.797809e-01, 8.259524e-01
830, 5.813534e-01, 6.030510e-01
831, 5.815351e-01, 7.713943e-01
832, 5.815716e-01, 7.630670e-01
833, 5.822151e-01, 4.696123e-01
834, 5.823455e-01, 6.252491e-01
835, 5.824434e-01, 7.257955e-01
836, 5.832716e-01, 7.127044e-01
837, 5.832836e-01, 4.560450e-01
838, 5.837993e-01, 1.996146e-01
839, 5.844169e-01, 4.146479e-01
840, 5.850350e-01, 5.196853e-01
841, 5.852484e-01, 3.511562e-01
842, 5.853350e-01, 2.139814e-01
843, 5.853783e-01, 3.685559e-01
844, 5.858718e-01, 3.145526e-01
845, 5.862924e-01, 1.564164e-01
846, 5.873500e-01, 5.050270e-01
847, 5.875678e-01, 2.447830e-01
848, 5.876534e-01, 2.990049e-01
849, 5.878427e-01, 5.599487e-01
850, 5.881843e-01, 5.752853e-01
851, 5.895480e-01, 2.640490e-01
852, 5.916630e-01, 7.116422e-01
853, 5.919736e-01, 7.247107e-01
854, 5.942090e-01, 2.141277e-01
855, 5.946040e-01, 5.037932e-01
856, 5.946663e-01, 5.212101e-01
857, 5.953524e-01, 1.978939e-01
858, 5.959826e-01, 5.599166e-01
859, 5.961716e-01, 5.765348e-01
860, 5.968380e-01, 2.457435e-01
861, 5.973617e-01, 4.142881e-01
862, 5.974523e-01, 6.706341e-01
863, 5.978595e-01, 6.278468e-01
864, 5.984476e-01, 4.537388e-01
865, 5.991763e-01, 6.517281e-01
866, 5.992347e-01, 3.999007e-01
867, 5.992879e-01, 2.612348e-01
868, 5.994995e-01, 1.579301e-01
869, 5.995316e-01, 8.149980e-01
870, 6.001060e-01, 7.649248e-01
871, 6.001288e-01, 8.257260e-01
872, 6.001358e-01, 7.735549e-01
873, 6.003623e-01, 2.989185e-01
874, 6.008536e-01, 3.645401e-01
875, 6.009138e-01, 3.531023e-01
876, 6.014640e-01, 4.728014e-01
877, 6.018755e-01, 3.162032e-01
878, 6.019932e-01, 6.327312e-01
879, 6.020476e-01, 5.840044e-01
880, 6.030481e-01, 2.384332e-01
881, 6.043106e-01, 2.243745e-01
882, 6.056342e-01, 4.921152e-01
883, 6.059564e-01, 3.940336e-01
884, 6.066568e-01, 3.208612e-01
885, 6.069418e-01, 6.812487e-01
886, 6.069531e-01, 4.779507e-01
887, 6.072283e-01, 1.857723e-01
888, 6.083984e-01, 1.710596e-01
889, 6.085039e-01, 2.922939e-01
890, 6.086302e-01, 4.417897e-01
891, 6.089729e-01, 6.933843e-01
892, 6.090087e-01, 5.347608e-01
893, 6.090244e-01, 4.270978e-01
894, 6.095191e-01, 5.434475e-01
895, 6.095728e-01, 8.035806e-01
896, 6.096726e-01, 8.348959e-01
897, 6.105734e-01, 3.424124e-01
898, 6.112070e-01, 3.762066e-01
899, 6.119111e-01, 7.876452e-01
900, 6.124704e-01, 2.720672e-01
901, 6.132601e-01, 7.380011e-01
902, 6.132937e-01, 7.527475e-01
903, 6.175212e-01, 3.775679e-01
904, 6.188607e-01, 6.939976e-01
905, 6.203573e-01, 7.523154e-01
906, 6.207757e-01, 6.326361e-01
907, 6.208121e-01, 3.915259e-01
908, 6.208447e-01, 4.282033e-01
909, 6.209324e-01, 5.990440e-01
910, 6.211712e-01, 7.875636e-01
911, 6.212468e-01, 7.369746e-01
912, 6.213508e-01, 4.784744e-01
913, 6.215371e-01, 1.743766e-01
914, 6.217495e-01, 4.412602e-01
915, 6.223018e-01, 6.815190e-01
916, 6.223901e-01, 5.334732e-01
917, 6.225912e-01, 4.916016e-01
918, 6.226930e-01, 8.364533e-01
919, 6.227477e-01, 5.445895e-01
920, 6.227732e-01, 2.237512e-01
921, 6.230997e-01, 3.394972e-01
922, 6.232805e-01, 2.370335e-01
923, 6.233766e-01, 1.855557e-01
924, 6.234723e-01, 6.527095e-01
925, 6.240932e-01, 8.041513e-01
926, 6.254203e-01, 3.231171e-01
927, 6.255715e-01, 5.833670e-01
928, 6.262299e-01, 2.710267e-01
929, 6.278419e-01, 2.951278e-01
930, 6.288241e-01, 4.720028e-01
931, 6.299852e-01, 2.678094e-01
932, 6.307694e-01, 6.104955e-01
933, 6.310609e-01, 6.195881e-01
934, 6.311437e-01, 8.287818e-01
935, 6.313055e-01, 6.725557e-01
936, 6.313818e-01, 2.992143e-01
937, 6.315381e-01, 2.146860e-01
938, 6.316399e-01, 6.612408e-01
939, 6.325599e-01, 4.524476e-01
940, 6.327073e-01, 3.158156e-01
941, 6.329894e-01, 7.635829e-01
942, 6.338593e-01, 7.723227e-01
943, 6.342181e-01, 4.156932e-01
944, 6.342455e-01, 5.768064e-01
945, 6.342510e-01, 2.493113e-01
946, 6.343484e-01, 8.156959e-01
947, 6.348400e-01, 3.639682e-01
948, 6.349267e-01, 1.950294e-01
949, 6.357633e-01, 5.048780e-01
950, 6.358029e-01, 5.575609e-01
951, 6.360335e-01, 3.496693e-01
952, 6.361953e-01, 4.035950e-01
953, 6.379258e-01, 5.183681e-01
954, 6.380204e-01, 7.221792e-01
955, 6.388267e-01, 1.597973e-01
956, 6.433266e-01, 1.947875e-01
957, 6.437374e-01, 3.500914e-01
958, 6.437684e-01, 6.618969e-01
959, 6.445726e-01, 6.734668e-01
960, 6.456893e-01, 6.084717e-01
961, 6.457656e-01, 6.184377e-01
962, 6.465501e-01, 3.644262e-01
963, 6.465559e-01, 1.611046e-01
964, 6.468966e-01, 2.136074e-01
965, 6.477005e-01, 3.174523e-01
966, 6.480809e-01, 5.183275e-01
967, 6.484039e-01, 2.493061e-01
968, 6.485009e-01, 5.580004e-01
969, 6.496407e-01, 8.179988e-01
970, 6.496593e-01, 5.771605e-01
971, 6.496868e-01, 5.050814e-01
972, 6.498932e-01, 4.017539e-01
973, 6.499852e-01, 2.656600e-01
974, 6.501616e-01, 7.696288e-01
975, 6.506294e-01, 4.548427e-01
976, 6.506601e-01, 4.171778e-01
977, 6.510772e-01, 4.685959e-01
978, 6.511140e-01, 8.285802e-01
979, 6.514907e-01, 7.615782e-01
980, 6.528838e-01, 2.988500e-01
981, 6.542053e-01, 5.810377e-01
982, 6.562850e-01, 5.935740e-01
983, 6.568935e-01, 7.556217e-01
984, 6.574410e-01, 7.400771e-01
985, 6.575061e-01, 3.760303e-01
986, 6.575586e-01, 8.354020e-01
987, 6.583032e-01, 2.717836e-01
988, 6.589900e-01, 3.939992e-01
989, 6.589979e-01, 1.788292e-01
990, 6.591835e-01, 2.391182e-01
991, 6.595381e-01, 2.937906e-01
992, 6.595726e-01, 2.261788e-01
993, 6.600266e-01, 3.308829e-01
994, 6.601090e-01, 4.445293e-01
995, 6.603539e-01, 5.304402e-01
996, 6.603794e-01, 5.466561e-01
997, 6.626535e-01, 4.298948e-01
998, 6.636837e-01, 4.900480e-01
999, 6.640011e-01, 4.832513e-01
1000, 6.647210e-01, 8.064144e-01
1001, 6.657382e-01, 6.930586e-01
1002, 6.664473e-01, 3.304663e-01
1003, 6.681859e-01, 1.781314e-01
1004, 6.693515e-01, 7.894711e-01
1005, 6.694074e-01, 6.415730e-01
1006, 6.714701e-01, 5.472021e-01
1007, 6.716071e-01, 5.915956e-01
1008, 6.717676e-01, 3.944611e-01
1009, 6.718918e-01, 5.308629e-01
1010, 6.719635e-01, 7.389824e-01
1011, 6.723730e-01, 8.378700e-01
1012, 6.724982e-01, 5.810800e-01
1013, 6.738774e-01, 2.705123e-01
1014, 6.739419e-01, 2.947985e-01
1015, 6.740212e-01, 2.260946e-01
1016, 6.741339e-01, 7.547384e-01
1017, 6.756407e-01, 2.411685e-01
1018, 6.766640e-01, 3.777072e-01
1019, 6.768322e-01, 4.272273e-01
1020, 6.772564e-01, 7.898728e-01
1021, 6.772606e-01, 4.436001e-01
1022, 6.778433e-01, 8.061055e-01
1023, 6.784110e-01, 4.013582e-01
1024, 6.798071e-01, 3.005460e-01
1025, 6.814868e-01, 5.713810e-01
1026, 6.815017e-01, 5.579190e-01
1027, 6.818292e-01, 2.474610e-01
1028, 6.819415e-01, 8.107812e-01
1029, 6.821197e-01, 1.609102e-01
1030, 6.821766e-01, 4.207957e-01
1031, 6.821826e-01, 8.286304e-01
1032, 6.825357e-01, 3.093101e-01
1033, 6.828339e-01, 2.610027e-01
1034, 6.837953e-01, 7.631217e-01
1035, 6.868296e-01, 7.148462e-01
1036, 6.868387e-01, 7.219984e-01
1037, 6.873510e-01, 7.800634e-01
1038, 6.883586e-01, 6.604179e-01
1039, 6.883622e-01, 6.696775e-01
1040, 6.884643e-01, 2.119420e-01
1041, 6.892288e-01, 1.971263e-01
1042, 6.895062e-01, 5.153056e-01
1043, 6.901044e-01, 3.683327e-01
1044, 6.902449e-01, 4.579090e-01
1045, 6.902614e-01, 4.660929e-01
1046, 6.905116e-01, 3.551542e-01
1047, 6.917385e-01, 6.194832e-01
1048, 6.919015e-01, 6.168814e-01
1049, 6.958633e-01, 8.123853e-01
1050, 6.966168e-01, 8.273150e-01
1051, 6.980581e-01, 4.174417e-01
1052, 6.987119e-01, 2.621952e-01
1053, 6.997612e-01, 2.122488e-01
1054, 7.005182e-01, 3.086250e-01
1055, 7.005562e-01, 1.623155e-01
1056, 7.012780e-01, 5.573441e-01
1057, 7.014073e-01, 3.030714e-01
1058, 7.015469e-01, 6.614499e-01
1059, 7.016217e-01, 7.127064e-01
1060, 7.016354e-01, 2.446131e-01
1061, 7.016829e-01, 1.960065e-01
1062, 7.016893e-01, 7.803622e-01
1063, 7.019177e-01, 4.024714e-01
1064, 7.020870e-01, 6.699197e-01
1065, 7.027316e-01, 7.238400e-01
1066, 7.031065e-01, 5.685736e-01
1067, 7.039562e-01, 7.621534e-01
1068, 7.050438e-01, 7.833424e-01
1069, 7.070626e-01, 3.829007e-01
1070, 7.072559e-01, 8.002012e-01
1071, 7.076860e-01, 3.968306e-01
1072, 7.083116e-01, 2.386773e-01
1073, 7.084163e-01, 1.713044e-01
1074, 7.087245e-01, 1.887516e-01
1075, 7.091967e-01, 2.257141e-01
1076, 7.097022e-01, 4.842041e-01
1077, 7.101025e-01, 5.469433e-01
1078, 7.102487e-01, 5.368074e-01
1079, 7.103620e-01, 4.895104e-01
1080, 7.114358e-01, 2.739250e-01
1081, 7.117205e-01, 7.015913e-01
1082, 7.117681e-01, 7.545014e-01
1083, 7.130554e-01, 7.335069e-01
1084, 7.137204e-01, 6.820130e-01
1085, 7.137549e-01, 2.908851e-01
1086, 7.169025e-01, 8.431294e-01
1087, 7.170612e-01, 6.439374e-01
1088, 7.170968e-01, 6.465032e-01
1089, 7.174984e-01, 4.345488e-01
1090, 7.175505e-01, 5.775532e-01
1091, 7.196327e-01, 5.948767e-01
1092, 7.203335e-01, 7.851717e-01
1093, 7.209621e-01, 8.431662e-01
1094, 7.209785e-01, 7.998579e-01
1095, 7.218137e-01, 7.338612e-01
1096, 7.219334e-01, 6.832511e-01
1097, 7.235013e-01, 6.996569e-01
1098, 7.238020e-01, 2.905824e-01
1099, 7.241930e-01, 2.381299e-01
1100, 7.242830e-01, 2.736601e-01
1101, 7.253024e-01, 7.536538e-01
1102, 7.257275e-01, 2.293800e-01
1103, 7.261207e-01, 5.390957e-01
1104, 7.263715e-01, 5.455657e-01
1105, 7.269360e-01, 5.769391e-01
1106, 7.270588e-01, 5.954385e-01
1107, 7.297287e-01, 3.979017e-01
1108, 7.298443e-01, 1.867508e-01
1109, 7.301599e-01, 4.894745e-01
1110, 7.302252e-01, 3.816903e-01
1111, 7.304055e-01, 4.816941e-01
1112, 7.305043e-01, 1.717158e-01
1113, 7.317567e-01, 3.955805e-01
1114, 7.322692e-01, 5.719803e-01
1115, 7.324803e-01, 3.165330e-01
1116, 7.326223e-01, 6.732778e-01
1117, 7.328846e-01, 4.155924e-01
1118, 7.329380e-01, 5.553405e-01
1119, 7.330375e-01, 7.599964e-01
1120, 7.334122e-01, 7.715679e-01
1121, 7.339064e-01, 7.215732e-01
1122, 7.343812e-01, 3.011272e-01
1123, 7.348054e-01, 7.111375e-01
1124, 7.350173e-01, 6.617873e-01
1125, 7.353065e-01, 2.598521e-01
1126, 7.353725e-01, 2.505205e-01
1127, 7.354729e-01, 1.667040e-01
1128, 7.379241e-01, 6.061683e-01
1129, 7.386261e-01, 1.937370e-01
1130, 7.387851e-01, 6.188553e-01
1131, 7.393845e-01, 4.707021e-01
1132, 7.399880e-01, 4.590146e-01
1133, 7.402757e-01, 8.208265e-01
1134, 7.403077e-01, 8.233422e-01
1135, 7.413393e-01, 3.550062e-01
1136, 7.415946e-01, 2.170665e-01
1137, 7.417181e-01, 3.691637e-01
1138, 7.425372e-01, 5.025337e-01
1139, 7.426111e-01, 5.186765e-01
1140, 7.459013e-01, 1.663105e-01
1141, 7.476421e-01, 7.711841e-01
1142, 7.480671e-01, 7.596972e-01
1143, 7.485578e-01, 6.622162e-01
1144, 7.496263e-01, 6.711804e-01
1145, 7.497871e-01, 3.685907e-01
1146, 7.503589e-01, 6.058209e-01
1147, 7.506309e-01, 5.728252e-01
1148, 7.506602e-01, 5.581942e-01
1149, 7.508651e-01, 3.022105e-01
1150, 7.511508e-01, 3.548380e-01
1151, 7.517844e-01, 6.206466e-01
1152, 7.521854e-01, 1.938615e-01
1153, 7.525394e-01, 3.170148e-01
1154, 7.531009e-01, 7.105580e-01
1155, 7.533196e-01, 7.224576e-01
1156, 7.534875e-01, 2.180681e-01
1157, 7.535377e-01, 4.564075e-01
1158, 7.541355e-01, 4.719065e-01
1159, 7.543437e-01, 4.169940e-01
1160, 7.550314e-01, 1.908046e-01
1161, 7.559862e-01, 2.468756e-01
1162, 7.560466e-01, 1.746830e-01
1163, 7.567247e-01, 2.592073e-01
1164, 7.567319e-01, 2.211622e-01
1165, 7.583468e-01, 5.799709e-01
1166, 7.584331e-01, 2.433175e-01
1167, 7.584855e-01, 3.786581e-01
1168, 7.589393e-01, 5.958202e-01
1169, 7.594527e-01, 4.898118e-01
1170, 7.600683e-01, 6.502860e-01
1171, 7.607785e-01, 7.502296e-01
1172, 7.607923e-01, 8.405514e-01
1173, 7.616331e-01, 4.800441e-01
1174, 7.616648e-01, 7.018725e-01
1175, 7.628092e-01, 6.332224e-01
1176, 7.630345e-01, 6.855544e-01
1177, 7.633179e-01, 3.390765e-01
1178, 7.635982e-01, 3.274870e-01
1179, 7.641281e-01, 7.352716e-01
1180, 7.649549e-01, 4.280680e-01
1181, 7.653067e-01, 4.428667e-01
1182, 7.659412e-01, 7.977594e-01
1183, 7.661199e-01, 2.892355e-01
1184, 7.672567e-01, 2.701178e-01
1185, 7.674883e-01, 7.879827e-01
1186, 7.710041e-01, 5.394274e-01
1187, 7.720562e-01, 7.018333e-01
1188, 7.725482e-01, 6.856109e-01
1189, 7.728283e-01, 2.890464e-01
1190, 7.739742e-01, 4.431952e-01
1191, 7.745164e-01, 4.258454e-01
1192, 7.752174e-01, 2.708323e-01
1193, 7.756878e-01, 5.931338e-01
1194, 7.758866e-01, 2.219017e-01
1195, 7.762495e-01, 2.418778e-01
1196, 7.764216e-01, 7.341761e-01
1197, 7.772229e-01, 1.732739e-01
1198, 7.776867e-01, 7.868645e-01
1199, 7.778702e-01, 5.819417e-01
1200, 7.780086e-01, 4.918141e-01
1201, 7.781211e-01, 6.335879e-01
1202, 7.781449e-01, 4.826088e-01
1203, 7.785957e-01, 7.558626e-01
1204, 7.793272e-01, 3.812761e-01
1205, 7.794371e-01, 3.962261e-01
1206, 7.794684e-01, 1.866268e-01
1207, 7.798879e-01, 8.387039e-01
1208, 7.800858e-01, 3.257927e-01
1209, 7.805521e-01, 7.986540e-01
1210, 7.814687e-01, 6.513536e-01
1211, 7.820572e-01, 7.800851e-01
1212, 7.821490e-01, 3.990611e-01
1213, 7.823487e-01, 2.646335e-01
1214, 7.823839e-01, 3.382863e-01
1215, 7.827905e-01, 7.609887e-01
1216, 7.827978e-01, 2.483443e-01
1217, 7.847633e-01, 4.148061e-01
1218, 7.855356e-01, 1.625426e-01
1219, 7.858800e-01, 7.248458e-01
1220, 7.859992e-01, 7.171240e-01
1221, 7.860355e-01, 3.184038e-01
1222, 7.861347e-01, 6.559957e-01
1223, 7.862974e-01, 6.730832e-01
1224, 7.872452e-01, 3.061668e-01
1225, 7.872880e-01, 5.750451e-01
1226, 7.872964e-01, 8.322733e-01
1227, 7.878993e-01, 8.066221e-01
1228, 7.879827e-01, 1.936086e-01
1229, 7.885173e-01, 2.112395e-01
1230, 7.896178e-01, 5.601248e-01
1231, 7.909330e-01, 4.572866e-01
1232, 7.927017e-01, 4.720893e-01
1233, 7.931795e-01, 7.631100e-01
1234, 7.936325e-01, 5.130260e-01
1235, 7.945070e-01, 7.756906e-01
1236, 7.962713e-01, 5.130158e-01
1237, 7.969523e-01, 3.661496e-01
1238, 7.980556e-01, 3.528378e-01
1239, 7.987247e-01, 2.624251e-01
1240, 8.001614e-01, 2.491972e-01
1241, 8.011952e-01, 8.318458e-01
1242, 8.015716e-01, 3.087101e-01
1243, 8.019818e-01, 3.134225e-01
1244, 8.020845e-01, 5.601201e-01
1245, 8.023893e-01, 5.755947e-01
1246, 8.023976e-01, 4.720982e-01
1247, 8.030574e-01, 6.585637e-01
1248, 8.032051e-01, 6.717989e-01
1249, 8.032058e-01, 8.085038e-01
1250, 8.033580e-01, 1.647546e-01
1251, 8.033937e-01, 2.141602e-01
1252, 8.036206e-01, 4.131594e-01
1253, 8.037206e-01, 4.573191e-01
1254, 8.044377e-01, 7.246189e-01
1255, 8.046551e-01, 4.024701e-01
1256, 8.056711e-01, 7.166211e-01
1257, 8.062335e-01, 4.753169e-01
1258, 8.079834e-01, 5.798700e-01
1259, 8.088941e-01, 1.704733e-01
1260, 8.097163e-01, 8.395489e-01
1261, 8.109639e-01, 8.025630e-01
1262, 8.111213e-01, 4.953058e-01
1263, 8.112813e-01, 2.225632e-01
1264, 8.119538e-01, 3.938510e-01
1265, 8.128210e-01, 3.855606e-01
1266, 8.131494e-01, 5.966421e-01
1267, 8.132478e-01, 7.929328e-01
1268, 8.137458e-01, 6.480587e-01
1269, 8.140791e-01, 2.365471e-01
1270, 8.151453e-01, 6.348145e-01
1271, 8.152482e-01, 3.398090e-01
1272, 8.154159e-01, 5.312484e-01
1273, 8.156518e-01, 3.268091e-01
1274, 8.160452e-01, 7.062471e-01
1275, 8.162800e-01, 6.849201e-01
1276, 8.163345e-01, 4.449628e-01
1277, 8.166921e-01, 4.290849e-01
1278, 8.169178e-01, 7.397696e-01
1279, 8.169564e-01, 5.479194e-01
1280, 8.211781e-01, 2.372322e-01
1281, 8.218056e-01, 7.401841e-01
1282, 8.223577e-01, 2.817686e-01
1283, 8.224687e-01, 2.847349e-01
1284, 8.228379e-01, 2.231797e-01
1285, 8.242670e-01, 6.468133e-01
1286, 8.246765e-01, 5.979862e-01
1287, 8.252816e-01, 6.336525e-01
1288, 8.258166e-01, 4.937030e-01
1289, 8.259363e-01, 5.763934e-01
1290, 8.261566e-01, 5.489030e-01
1291, 8.262596e-01, 4.461436e-01
1292, 8.263374e-01, 4.299326e-01
1293, 8.274547e-01, 4.783522e-01
1294, 8.279699e-01, 7.919965e-01
1295, 8.282770e-01, 1.866021e-01
1296, 8.289659e-01, 6.854089e-01
1297, 8.291171e-01, 7.060606e-01
1298, 8.291171e-01, 1.691879e-01
1299, 8.294381e-01, 8.017947e-01
1300, 8.297213e-01, 3.858319e-01
1301, 8.299910e-01, 5.313968e-01
1302, 8.305338e-01, 3.261036e-01
1303, 8.305690e-01, 8.388976e-01
1304, 8.306796e-01, 3.912176e-01
1305, 8.308025e-01, 3.402117e-01
1306, 8.328003e-01, 5.585776e-01
1307, 8.335053e-01, 5.675443e-01
1308, 8.347623e-01, 4.534827e-01
1309, 8.362419e-01, 4.696887e-01
1310, 8.362440e-01, 1.627151e-01
1311, 8.371055e-01, 6.091535e-01
1312, 8.372476e-01, 7.128079e-01
1313, 8.374011e-01, 2.656581e-01
1314, 8.374915e-01, 2.531411e-01
1315, 8.376506e-01, 6.220532e-01
1316, 8.381778e-01, 7.218491e-01
1317, 8.381844e-01, 8.096577e-01
1318, 8.384690e-01, 5.232704e-01
1319, 8.389533e-01, 5.102856e-01
1320, 8.395745e-01, 8.308510e-01
1321, 8.399812e-01, 1.971262e-01
1322, 8.400754e-01, 2.059850e-01
1323, 8.407362e-01, 3.144072e-01
1324, 8.424594e-01, 7.644715e-01
1325, 8.425317e-01, 3.026200e-01
1326, 8.426095e-01, 7.738466e-01
1327, 8.434908e-01, 6.740879e-01
1328, 8.436084e-01, 4.020099e-01
1329, 8.438026e-01, 6.644421e-01
1330, 8.441867e-01, 4.185840e-01
1331, 8.444068e-01, 3.521528e-01
1332, 8.465852e-01, 3.648225e-01
1333, 8.065045e-01, 1.886411e-01
1334, 2.023966e-01, 2.302261e-01
1335, 7.189754e-01, 3.278377e-01
1336, 5.796921e-01, 3.943108e-01
1337, 7.564003e-01, 3.955629e-01
1338, 2.182891e-01, 4.232873e-01
1339, 1.655321e-01, 4.502502e-01
1340, 2.033218e-01, 5.887690e-01
1341, 6.014151e-01, 5.980942e-01
1342, 7.949032e-01, 6.166565e-01
1343, 1.873077e-01, 6.630961e-01
1344, 5.001344e-01, 7.026457e-01
1345, 3.582823e-01, 7.456042e-01
1346, 4.484085e-01, 7.552862e-01
1347, 4.465255e-01, 7.810694e-01
1348, 5.286953e-01, 8.295808e-01
1349, 1.773003e-01, 1.500000e-01
1350, 1.853488e-01, 1.500000e-01
1351, 2.202631e-01, 1.500000e-01
1352, 2.400966e-01, 1.500000e-01
1353, 2.774781e-01, 1.500000e-01
1354, 2.902290e-01, 1.500000e-01
1355, 3.462833e-01, 1.500000e-01
1356, 3.818285e-01, 1.500000e-01
1357, 3.943848e-01, 1.500000e-01
1358, 4.292209e-01, 1.500000e-01
1359, 4.409931e-01, 1.500000e-01
1360, 4.830250e-01, 1.500000e-01
1361, 4.937325e-01, 1.500000e-01
1362, 5.259658e-01, 1.500000e-01
1363, 5.432397e-01, 1.500000e-01
1364, 5.858071e-01, 1.500000e-01
1365, 5.999041e-01, 1.500000e-01
1366, 6.393799e-01, 1.500000e-01
1367, 6.477325e-01, 1.500000e-01
1368, 6.813610e-01, 1.500000e-01
1369, 6.998293e-01, 1.500000e-01
1370, 7.371731e-01, 1.500000e-01
1371, 7.440999e-01, 1.500000e-01
1372, 7.853514e-01, 1.500000e-01
1373, 8.018690e-01, 1.500000e-01
1374, 8.359361e-01, 1.500000e-01
1375, 8.500000e-01, 1.625014e-01
1376, 1.500000e-01, 1.843913e-01
1377, 8.500000e-01, 1.967767e-01
1378, 1.500000e-01, 2.261314e-01
1379, 8.500000e-01, 2.057492e-01
1380, 1.500000e-01, 2.408025e-01
1381, 8.500000e-01, 2.546052e-01
1382, 1.500000e-01, 2.741755e-01
1383, 8.500000e-01, 2.650232e-01
1384, 1.500000e-01, 2.833843e-01
1385, 8.500000e-01, 3.012609e-01
1386, 1.500000e-01, 3.307508e-01
1387, 8.500000e-01, 3.139050e-01
1388, 1.500000e-01, 3.398243e-01
1389, 8.500000e-01, 3.475600e-01
1390, 1.500000e-01, 3.799997e-01
1391, 8.500000e-01, 3.673999e-01
1392, 1.500000e-01, 3.935709e-01
1393, 8.500000e-01, 4.021339e-01
1394, 1.500000e-01, 4.215086e-01
1395, 8.500000e-01, 4.198015e-01
1396, 1.500000e-01, 4.495864e-01
1397, 8.500000e-01, 4.524462e-01
1398, 1.500000e-01, 4.787464e-01
1399, 8.500000e-01, 4.675842e-01
1400, 1.500000e-01, 4.838351e-01
1401, 8.500000e-01, 5.118044e-01
1402, 8.500000e-01, 5.219998e-01
1403, 1.500000e-01, 5.435710e-01
1404, 8.500000e-01, 5.611348e-01
1405, 1.500000e-01, 5.775033e-01
1406, 8.500000e-01, 5.694149e-01
1407, 1.500000e-01, 6.018470e-01
1408, 8.500000e-01, 6.061249e-01
1409, 1.500000e-01, 6.325089e-01
1410, 8.500000e-01, 6.244675e-01
1411, 1.500000e-01, 6.486656e-01
1412, 8.500000e-01, 6.576442e-01
1413, 1.500000e-01, 6.886072e-01
1414, 8.500000e-01, 6.800471e-01
1415, 1.500000e-01, 7.031932e-01
1416, 8.500000e-01, 7.122581e-01
1417, 1.500000e-01, 7.296104e-01
1418, 8.500000e-01, 7.217555e-01
1419, 1.500000e-01, 7.570386e-01
1420, 8.500000e-01, 7.644165e-01
1421, 1.500000e-01, 7.914303e-01
1422, 8.500000e-01, 7.732686e-01
1423, 1.500000e-01, 8.001928e-01
1424, 8.500000e-01, 8.109210e-01
1425, 1.500000e-01, 8.351995e-01
1426, 1.539665e-01, 8.500000e-01
1427, 1.636266e-01, 8.500000e-01
1428, 1.973415e-01, 8.500000e-01
1429, 2.113097e-01, 8.500000e-01
1430, 2.547430e-01, 8.500000e-01
1431, 2.613391e-01, 8.500000e-01
1432, 3.477285e-01, 8.500000e-01
1433, 3.619216e-01, 8.500000e-01
1434, 4.036402e-01, 8.500000e-01
1435, 4.171883e-01, 8.500000e-01
1436, 4.576974e-01, 8.500000e-01
1437, 5.119426e-01, 8.500000e-01
1438, 5.248904e-01, 8.500000e-01
1439, 5.583646e-01, 8.500000e-01
1440, 5.689626e-01, 8.500000e-01
1441, 6.100882e-01, 8.500000e-01
1442, 6.228115e-01, 8.500000e-01
1443, 6.579587e-01, 8.500000e-01
1444, 6.707479e-01, 8.500000e-01
1445, 7.608846e-01, 8.500000e-01
1446, 7.774954e-01, 8.500000e-01
1447, 8.135310e-01, 8.500000e-01
1448, 8.500000e-01, 8.308840e-01
1449, 8.270897e-01, 8.500000e-01
1450, 7.103827e-01, 8.500000e-01
1451, 7.269040e-01, 8.500000e-01
1452, 2.756351e-01, 1.500591e-01
1453, 3.252284e-01, 1.504656e-01
1454, 3.094400e-01, 8.498383e-01
