1, 1.555518e-01, 8.082900e-01
2, 1.555518e-01, 4.233900e-01
3, 1.555518e-01, 5.003700e-01
4, 1.555518e-01, 5.773500e-01
5, 1.555518e-01, 1.924500e-01
6, 1.555518e-01, 2.694300e-01
7, 1.555518e-01, 3.464100e-01
8, 1.555518e-01, 6.543300e-01
9, 1.555518e-01, 7.313100e-01
10, 1.666650e-01, 8.275350e-01
11, 1.666650e-01, 6.350850e-01
12, 1.666650e-01, 7.890450e-01
13, 1.666650e-01, 4.811250e-01
14, 1.666650e-01, 5.196150e-01
15, 1.666650e-01, 6.735750e-01
16, 1.666650e-01, 7.120650e-01
17, 1.666650e-01, 5.581050e-01
18, 1.666650e-01, 4.041450e-01
19, 1.666650e-01, 4.426350e-01
20, 1.666650e-01, 2.116950e-01
21, 1.666650e-01, 1.732050e-01
22, 1.666650e-01, 2.501850e-01
23, 1.666650e-01, 2.886750e-01
24, 1.666650e-01, 3.271650e-01
25, 1.666650e-01, 3.656550e-01
26, 1.666650e-01, 5.965950e-01
27, 1.666650e-01, 7.505550e-01
28, 1.777782e-01, 8.467800e-01
29, 1.777782e-01, 7.698000e-01
30, 1.777782e-01, 5.388600e-01
31, 1.777782e-01, 3.079200e-01
32, 1.777782e-01, 3.849000e-01
33, 1.777782e-01, 1.539600e-01
34, 1.777782e-01, 2.309400e-01
35, 1.777782e-01, 4.618800e-01
36, 1.777782e-01, 6.158400e-01
37, 1.777782e-01, 6.928200e-01
38, 1.999920e-01, 7.313100e-01
39, 1.999920e-01, 6.543300e-01
40, 1.999920e-01, 5.773500e-01
41, 1.999920e-01, 4.233900e-01
42, 1.999920e-01, 3.464100e-01
43, 1.999920e-01, 1.924500e-01
44, 1.999920e-01, 2.694300e-01
45, 1.999920e-01, 5.003700e-01
46, 1.999920e-01, 8.082900e-01
47, 2.000000e-01, 6.158400e-01
48, 2.000000e-01, 7.698000e-01
49, 2.000000e-01, 8.467800e-01
50, 2.000000e-01, 3.849000e-01
51, 2.000000e-01, 4.618800e-01
52, 2.000000e-01, 2.309400e-01
53, 2.000000e-01, 3.079200e-01
54, 2.000000e-01, 1.539600e-01
55, 2.000000e-01, 5.388600e-01
56, 2.000000e-01, 6.928200e-01
57, 2.222218e-01, 7.698000e-01
58, 2.222218e-01, 6.928200e-01
59, 2.222218e-01, 5.388600e-01
60, 2.222218e-01, 1.539600e-01
61, 2.222218e-01, 3.079200e-01
62, 2.222218e-01, 2.309400e-01
63, 2.222218e-01, 3.849000e-01
64, 2.222218e-01, 4.618800e-01
65, 2.222218e-01, 8.467800e-01
66, 2.222218e-01, 6.158400e-01
67, 2.333350e-01, 5.965950e-01
68, 2.333350e-01, 6.350850e-01
69, 2.333350e-01, 7.120650e-01
70, 2.333350e-01, 7.505550e-01
71, 2.333350e-01, 4.811250e-01
72, 2.333350e-01, 5.581050e-01
73, 2.333350e-01, 3.656550e-01
74, 2.333350e-01, 4.041450e-01
75, 2.333350e-01, 3.271650e-01
76, 2.333350e-01, 8.275350e-01
77, 2.333350e-01, 1.732050e-01
78, 2.333350e-01, 2.886750e-01
79, 2.333350e-01, 2.116950e-01
80, 2.333350e-01, 2.501850e-01
81, 2.333350e-01, 4.426350e-01
82, 2.333350e-01, 5.196150e-01
83, 2.333350e-01, 6.735750e-01
84, 2.333350e-01, 7.890450e-01
85, 2.444482e-01, 6.543300e-01
86, 2.444482e-01, 7.313100e-01
87, 2.444482e-01, 5.003700e-01
88, 2.444482e-01, 2.694300e-01
89, 2.444482e-01, 4.233900e-01
90, 2.444482e-01, 1.924500e-01
91, 2.444482e-01, 3.464100e-01
92, 2.444482e-01, 5.773500e-01
93, 2.444482e-01, 8.082900e-01
94, 2.666620e-01, 7.698000e-01
95, 2.666620e-01, 1.539600e-01
96, 2.666620e-01, 3.849000e-01
97, 2.666620e-01, 2.309400e-01
98, 2.666620e-01, 5.388600e-01
99, 2.666620e-01, 6.158400e-01
100, 2.666620e-01, 3.079200e-01
101, 2.666620e-01, 4.618800e-01
102, 2.666620e-01, 6.928200e-01
103, 2.666620e-01, 8.467800e-01
104, 2.666650e-01, 8.082900e-01
105, 2.666650e-01, 5.003700e-01
106, 2.666650e-01, 1.924500e-01
107, 2.666650e-01, 3.464100e-01
108, 2.666650e-01, 2.694300e-01
109, 2.666650e-01, 4.233900e-01
110, 2.666650e-01, 5.773500e-01
111, 2.666650e-01, 6.543300e-01
112, 2.666650e-01, 7.313100e-01
113, 2.888885e-01, 6.543300e-01
114, 2.888885e-01, 5.773500e-01
115, 2.888885e-01, 3.464100e-01
116, 2.888885e-01, 1.924500e-01
117, 2.888885e-01, 2.694300e-01
118, 2.888885e-01, 4.233900e-01
119, 2.888885e-01, 7.313100e-01
120, 2.888885e-01, 5.003700e-01
121, 2.888885e-01, 8.082900e-01
122, 2.999966e-01, 8.275341e-01
123, 2.999966e-01, 7.890459e-01
124, 2.999966e-01, 5.196141e-01
125, 2.999966e-01, 6.735741e-01
126, 2.999966e-01, 7.120659e-01
127, 2.999966e-01, 4.426341e-01
128, 2.999966e-01, 2.886741e-01
129, 2.999966e-01, 3.656541e-01
130, 2.999966e-01, 2.116941e-01
131, 2.999966e-01, 3.271659e-01
132, 2.999966e-01, 4.041459e-01
133, 2.999966e-01, 1.732059e-01
134, 2.999966e-01, 2.501859e-01
135, 2.999966e-01, 4.811259e-01
136, 2.999966e-01, 5.581059e-01
137, 2.999966e-01, 5.965941e-01
138, 2.999966e-01, 6.350859e-01
139, 2.999966e-01, 7.505541e-01
140, 3.111115e-01, 4.618800e-01
141, 3.111115e-01, 8.467800e-01
142, 3.111115e-01, 6.158400e-01
143, 3.111115e-01, 2.309400e-01
144, 3.111115e-01, 1.539600e-01
145, 3.111115e-01, 6.928200e-01
146, 3.111115e-01, 3.079200e-01
147, 3.111115e-01, 3.849000e-01
148, 3.111115e-01, 7.698000e-01
149, 3.111115e-01, 5.388600e-01
150, 3.333320e-01, 5.773500e-01
151, 3.333320e-01, 4.233900e-01
152, 3.333320e-01, 6.543300e-01
153, 3.333320e-01, 5.003700e-01
154, 3.333320e-01, 2.694300e-01
155, 3.333320e-01, 3.464100e-01
156, 3.333320e-01, 1.924500e-01
157, 3.333320e-01, 7.313100e-01
158, 3.333320e-01, 8.082900e-01
159, 3.333350e-01, 6.928200e-01
160, 3.333350e-01, 5.388600e-01
161, 3.333350e-01, 3.079200e-01
162, 3.333350e-01, 4.618800e-01
163, 3.333350e-01, 2.309400e-01
164, 3.333350e-01, 1.539600e-01
165, 3.333350e-01, 8.467800e-01
166, 3.333350e-01, 3.849000e-01
167, 3.333350e-01, 6.158400e-01
168, 3.333350e-01, 7.698000e-01
169, 3.555518e-01, 8.467800e-01
170, 3.555518e-01, 3.849000e-01
171, 3.555518e-01, 1.539600e-01
172, 3.555518e-01, 4.618800e-01
173, 3.555518e-01, 2.309400e-01
174, 3.555518e-01, 3.079200e-01
175, 3.555518e-01, 5.388600e-01
176, 3.555518e-01, 6.158400e-01
177, 3.555518e-01, 7.698000e-01
178, 3.555518e-01, 6.928200e-01
179, 3.666650e-01, 7.890450e-01
180, 3.666650e-01, 8.275350e-01
181, 3.666650e-01, 5.965950e-01
182, 3.666650e-01, 6.350850e-01
183, 3.666650e-01, 6.735750e-01
184, 3.666650e-01, 7.505550e-01
185, 3.666650e-01, 7.120650e-01
186, 3.666650e-01, 4.041450e-01
187, 3.666650e-01, 3.656550e-01
188, 3.666650e-01, 4.811250e-01
189, 3.666650e-01, 3.271650e-01
190, 3.666650e-01, 5.581050e-01
191, 3.666650e-01, 2.116950e-01
192, 3.666650e-01, 4.426350e-01
193, 3.666650e-01, 1.732050e-01
194, 3.666650e-01, 2.501850e-01
195, 3.666650e-01, 2.886750e-01
196, 3.666650e-01, 5.196150e-01
197, 3.777782e-01, 6.543300e-01
198, 3.777782e-01, 8.082900e-01
199, 3.777782e-01, 7.313100e-01
200, 3.777782e-01, 1.924500e-01
201, 3.777782e-01, 2.694300e-01
202, 3.777782e-01, 5.773500e-01
203, 3.777782e-01, 5.003700e-01
204, 3.777782e-01, 3.464100e-01
205, 3.777782e-01, 4.233900e-01
206, 3.999920e-01, 7.698000e-01
207, 3.999920e-01, 5.388600e-01
208, 3.999920e-01, 4.618800e-01
209, 3.999920e-01, 3.079200e-01
210, 3.999920e-01, 3.849000e-01
211, 3.999920e-01, 1.539600e-01
212, 3.999920e-01, 2.309400e-01
213, 3.999920e-01, 6.158400e-01
214, 3.999920e-01, 6.928200e-01
215, 3.999920e-01, 8.467800e-01
216, 4.000000e-01, 7.313100e-01
217, 4.000000e-01, 4.233900e-01
218, 4.000000e-01, 5.003700e-01
219, 4.000000e-01, 3.464100e-01
220, 4.000000e-01, 5.773500e-01
221, 4.000000e-01, 8.082900e-01
222, 4.000000e-01, 1.924500e-01
223, 4.000000e-01, 2.694300e-01
224, 4.000000e-01, 6.543300e-01
225, 4.222218e-01, 7.313100e-01
226, 4.222218e-01, 5.773500e-01
227, 4.222218e-01, 2.694300e-01
228, 4.222218e-01, 1.924500e-01
229, 4.222218e-01, 6.543300e-01
230, 4.222218e-01, 8.082900e-01
231, 4.222218e-01, 3.464100e-01
232, 4.222218e-01, 4.233900e-01
233, 4.222218e-01, 5.003700e-01
234, 4.333350e-01, 7.505550e-01
235, 4.333350e-01, 6.350850e-01
236, 4.333350e-01, 4.811250e-01
237, 4.333350e-01, 3.271650e-01
238, 4.333350e-01, 5.581050e-01
239, 4.333350e-01, 7.120650e-01
240, 4.333350e-01, 4.041450e-01
241, 4.333350e-01, 6.735750e-01
242, 4.333350e-01, 8.275350e-01
243, 4.333350e-01, 3.656550e-01
244, 4.333350e-01, 4.426350e-01
245, 4.333350e-01, 5.196150e-01
246, 4.333350e-01, 1.732050e-01
247, 4.333350e-01, 2.116950e-01
248, 4.333350e-01, 5.965950e-01
249, 4.333350e-01, 2.501850e-01
250, 4.333350e-01, 2.886750e-01
251, 4.333350e-01, 7.890450e-01
252, 4.444482e-01, 4.618800e-01
253, 4.444482e-01, 5.388600e-01
254, 4.444482e-01, 1.539600e-01
255, 4.444482e-01, 6.158400e-01
256, 4.444482e-01, 6.928200e-01
257, 4.444482e-01, 8.467800e-01
258, 4.444482e-01, 3.079200e-01
259, 4.444482e-01, 2.309400e-01
260, 4.444482e-01, 3.849000e-01
261, 4.444482e-01, 7.698000e-01
262, 4.666620e-01, 8.082900e-01
263, 4.666620e-01, 2.694300e-01
264, 4.666620e-01, 3.464100e-01
265, 4.666620e-01, 1.924500e-01
266, 4.666620e-01, 5.773500e-01
267, 4.666620e-01, 5.003700e-01
268, 4.666620e-01, 4.233900e-01
269, 4.666620e-01, 6.543300e-01
270, 4.666620e-01, 7.313100e-01
271, 4.666650e-01, 6.158400e-01
272, 4.666650e-01, 7.698000e-01
273, 4.666650e-01, 8.467800e-01
274, 4.666650e-01, 2.309400e-01
275, 4.666650e-01, 3.079200e-01
276, 4.666650e-01, 3.849000e-01
277, 4.666650e-01, 1.539600e-01
278, 4.666650e-01, 5.388600e-01
279, 4.666650e-01, 4.618800e-01
280, 4.666650e-01, 6.928200e-01
281, 4.888885e-01, 7.698000e-01
282, 4.888885e-01, 6.928200e-01
283, 4.888885e-01, 5.388600e-01
284, 4.888885e-01, 2.309400e-01
285, 4.888885e-01, 3.849000e-01
286, 4.888885e-01, 6.158400e-01
287, 4.888885e-01, 8.467800e-01
288, 4.888885e-01, 1.539600e-01
289, 4.888885e-01, 3.079200e-01
290, 4.888885e-01, 4.618800e-01
291, 4.999966e-01, 5.196159e-01
292, 4.999966e-01, 6.350841e-01
293, 4.999966e-01, 8.275359e-01
294, 4.999966e-01, 3.271641e-01
295, 4.999966e-01, 4.811241e-01
296, 4.999966e-01, 1.732041e-01
297, 4.999966e-01, 2.501841e-01
298, 4.999966e-01, 4.041441e-01
299, 4.999966e-01, 4.426359e-01
300, 4.999966e-01, 3.656559e-01
301, 4.999966e-01, 2.116959e-01
302, 4.999966e-01, 2.886759e-01
303, 4.999966e-01, 5.581041e-01
304, 4.999966e-01, 6.735759e-01
305, 4.999966e-01, 5.965959e-01
306, 4.999966e-01, 7.120641e-01
307, 4.999966e-01, 7.890441e-01
308, 4.999966e-01, 7.505559e-01
309, 5.111115e-01, 5.773500e-01
310, 5.111115e-01, 5.003700e-01
311, 5.111115e-01, 2.694300e-01
312, 5.111115e-01, 4.233900e-01
313, 5.111115e-01, 6.543300e-01
314, 5.111115e-01, 1.924500e-01
315, 5.111115e-01, 3.464100e-01
316, 5.111115e-01, 7.313100e-01
317, 5.111115e-01, 8.082900e-01
318, 5.333320e-01, 7.698000e-01
319, 5.333320e-01, 6.158400e-01
320, 5.333320e-01, 1.539600e-01
321, 5.333320e-01, 2.309400e-01
322, 5.333320e-01, 3.849000e-01
323, 5.333320e-01, 4.618800e-01
324, 5.333320e-01, 3.079200e-01
325, 5.333320e-01, 6.928200e-01
326, 5.333320e-01, 5.388600e-01
327, 5.333320e-01, 8.467800e-01
328, 5.333350e-01, 7.313100e-01
329, 5.333350e-01, 3.464100e-01
330, 5.333350e-01, 4.233900e-01
331, 5.333350e-01, 5.003700e-01
332, 5.333350e-01, 1.924500e-01
333, 5.333350e-01, 6.543300e-01
334, 5.333350e-01, 8.082900e-01
335, 5.333350e-01, 2.694300e-01
336, 5.333350e-01, 5.773500e-01
337, 5.555518e-01, 8.082900e-01
338, 5.555518e-01, 5.773500e-01
339, 5.555518e-01, 6.543300e-01
340, 5.555518e-01, 7.313100e-01
341, 5.555518e-01, 2.694300e-01
342, 5.555518e-01, 4.233900e-01
343, 5.555518e-01, 1.924500e-01
344, 5.555518e-01, 3.464100e-01
345, 5.555518e-01, 5.003700e-01
346, 5.666650e-01, 8.275350e-01
347, 5.666650e-01, 4.811250e-01
348, 5.666650e-01, 7.120650e-01
349, 5.666650e-01, 7.505550e-01
350, 5.666650e-01, 1.732050e-01
351, 5.666650e-01, 2.886750e-01
352, 5.666650e-01, 3.656550e-01
353, 5.666650e-01, 5.196150e-01
354, 5.666650e-01, 5.581050e-01
355, 5.666650e-01, 5.965950e-01
356, 5.666650e-01, 2.116950e-01
357, 5.666650e-01, 3.271650e-01
358, 5.666650e-01, 4.041450e-01
359, 5.666650e-01, 2.501850e-01
360, 5.666650e-01, 4.426350e-01
361, 5.666650e-01, 6.350850e-01
362, 5.666650e-01, 6.735750e-01
363, 5.666650e-01, 7.890450e-01
364, 5.777782e-01, 1.539600e-01
365, 5.777782e-01, 3.079200e-01
366, 5.777782e-01, 5.388600e-01
367, 5.777782e-01, 6.158400e-01
368, 5.777782e-01, 2.309400e-01
369, 5.777782e-01, 3.849000e-01
370, 5.777782e-01, 4.618800e-01
371, 5.777782e-01, 6.928200e-01
372, 5.777782e-01, 7.698000e-01
373, 5.777782e-01, 8.467800e-01
374, 5.999920e-01, 7.313100e-01
375, 5.999920e-01, 6.543300e-01
376, 5.999920e-01, 2.694300e-01
377, 5.999920e-01, 1.924500e-01
378, 5.999920e-01, 8.082900e-01
379, 5.999920e-01, 4.233900e-01
380, 5.999920e-01, 5.003700e-01
381, 5.999920e-01, 5.773500e-01
382, 5.999920e-01, 3.464100e-01
383, 6.000000e-01, 6.158400e-01
384, 6.000000e-01, 6.928200e-01
385, 6.000000e-01, 2.309400e-01
386, 6.000000e-01, 3.079200e-01
387, 6.000000e-01, 3.849000e-01
388, 6.000000e-01, 7.698000e-01
389, 6.000000e-01, 8.467800e-01
390, 6.000000e-01, 4.618800e-01
391, 6.000000e-01, 5.388600e-01
392, 6.000000e-01, 1.539600e-01
393, 6.222218e-01, 7.698000e-01
394, 6.222218e-01, 4.618800e-01
395, 6.222218e-01, 6.928200e-01
396, 6.222218e-01, 3.849000e-01
397, 6.222218e-01, 1.539600e-01
398, 6.222218e-01, 2.309400e-01
399, 6.222218e-01, 3.079200e-01
400, 6.222218e-01, 5.388600e-01
401, 6.222218e-01, 6.158400e-01
402, 6.222218e-01, 8.467800e-01
403, 6.333350e-01, 8.275350e-01
404, 6.333350e-01, 5.196150e-01
405, 6.333350e-01, 6.735750e-01
406, 6.333350e-01, 7.505550e-01
407, 6.333350e-01, 4.041450e-01
408, 6.333350e-01, 5.965950e-01
409, 6.333350e-01, 6.350850e-01
410, 6.333350e-01, 7.120650e-01
411, 6.333350e-01, 3.271650e-01
412, 6.333350e-01, 2.886750e-01
413, 6.333350e-01, 3.656550e-01
414, 6.333350e-01, 1.732050e-01
415, 6.333350e-01, 2.501850e-01
416, 6.333350e-01, 4.811250e-01
417, 6.333350e-01, 5.581050e-01
418, 6.333350e-01, 2.116950e-01
419, 6.333350e-01, 7.890450e-01
420, 6.333350e-01, 4.426350e-01
421, 6.444482e-01, 6.543300e-01
422, 6.444482e-01, 7.313100e-01
423, 6.444482e-01, 3.464100e-01
424, 6.444482e-01, 5.003700e-01
425, 6.444482e-01, 5.773500e-01
426, 6.444482e-01, 1.924500e-01
427, 6.444482e-01, 2.694300e-01
428, 6.444482e-01, 4.233900e-01
429, 6.444482e-01, 8.082900e-01
430, 6.666620e-01, 6.158400e-01
431, 6.666620e-01, 6.928200e-01
432, 6.666620e-01, 7.698000e-01
433, 6.666620e-01, 8.467800e-01
434, 6.666620e-01, 1.539600e-01
435, 6.666620e-01, 3.079200e-01
436, 6.666620e-01, 3.849000e-01
437, 6.666620e-01, 2.309400e-01
438, 6.666620e-01, 5.388600e-01
439, 6.666620e-01, 4.618800e-01
440, 6.666650e-01, 7.313100e-01
441, 6.666650e-01, 5.003700e-01
442, 6.666650e-01, 5.773500e-01
443, 6.666650e-01, 6.543300e-01
444, 6.666650e-01, 2.694300e-01
445, 6.666650e-01, 3.464100e-01
446, 6.666650e-01, 1.924500e-01
447, 6.666650e-01, 4.233900e-01
448, 6.666650e-01, 8.082900e-01
449, 6.888885e-01, 4.233900e-01
450, 6.888885e-01, 8.082900e-01
451, 6.888885e-01, 6.543300e-01
452, 6.888885e-01, 2.694300e-01
453, 6.888885e-01, 3.464100e-01
454, 6.888885e-01, 5.003700e-01
455, 6.888885e-01, 5.773500e-01
456, 6.888885e-01, 1.924500e-01
457, 6.888885e-01, 7.313100e-01
458, 6.999966e-01, 6.735741e-01
459, 6.999966e-01, 8.275341e-01
460, 6.999966e-01, 5.196141e-01
461, 6.999966e-01, 5.581059e-01
462, 6.999966e-01, 3.271659e-01
463, 6.999966e-01, 2.116941e-01
464, 6.999966e-01, 1.732059e-01
465, 6.999966e-01, 4.426341e-01
466, 6.999966e-01, 7.890459e-01
467, 6.999966e-01, 2.501859e-01
468, 6.999966e-01, 4.041459e-01
469, 6.999966e-01, 7.505541e-01
470, 6.999966e-01, 2.886741e-01
471, 6.999966e-01, 3.656541e-01
472, 6.999966e-01, 4.811259e-01
473, 6.999966e-01, 7.120659e-01
474, 6.999966e-01, 6.350859e-01
475, 6.999966e-01, 5.965941e-01
476, 7.111115e-01, 8.467800e-01
477, 7.111115e-01, 6.928200e-01
478, 7.111115e-01, 6.158400e-01
479, 7.111115e-01, 7.698000e-01
480, 7.111115e-01, 1.539600e-01
481, 7.111115e-01, 4.618800e-01
482, 7.111115e-01, 5.388600e-01
483, 7.111115e-01, 2.309400e-01
484, 7.111115e-01, 3.849000e-01
485, 7.111115e-01, 3.079200e-01
486, 7.333320e-01, 7.313100e-01
487, 7.333320e-01, 3.464100e-01
488, 7.333320e-01, 2.694300e-01
489, 7.333320e-01, 6.543300e-01
490, 7.333320e-01, 1.924500e-01
491, 7.333320e-01, 5.003700e-01
492, 7.333320e-01, 5.773500e-01
493, 7.333320e-01, 4.233900e-01
494, 7.333320e-01, 8.082900e-01
495, 7.333350e-01, 7.698000e-01
496, 7.333350e-01, 8.467800e-01
497, 7.333350e-01, 2.309400e-01
498, 7.333350e-01, 3.079200e-01
499, 7.333350e-01, 1.539600e-01
500, 7.333350e-01, 4.618800e-01
501, 7.333350e-01, 5.388600e-01
502, 7.333350e-01, 3.849000e-01
503, 7.333350e-01, 6.928200e-01
504, 7.333350e-01, 6.158400e-01
505, 7.555518e-01, 6.928200e-01
506, 7.555518e-01, 6.158400e-01
507, 7.555518e-01, 3.079200e-01
508, 7.555518e-01, 3.849000e-01
509, 7.555518e-01, 4.618800e-01
510, 7.555518e-01, 5.388600e-01
511, 7.555518e-01, 1.539600e-01
512, 7.555518e-01, 2.309400e-01
513, 7.555518e-01, 7.698000e-01
514, 7.555518e-01, 8.467800e-01
515, 7.666650e-01, 8.275350e-01
516, 7.666650e-01, 5.196150e-01
517, 7.666650e-01, 4.041450e-01
518, 7.666650e-01, 6.735750e-01
519, 7.666650e-01, 7.890450e-01
520, 7.666650e-01, 2.116950e-01
521, 7.666650e-01, 3.656550e-01
522, 7.666650e-01, 6.350850e-01
523, 7.666650e-01, 2.501850e-01
524, 7.666650e-01, 2.886750e-01
525, 7.666650e-01, 3.271650e-01
526, 7.666650e-01, 4.426350e-01
527, 7.666650e-01, 5.581050e-01
528, 7.666650e-01, 5.965950e-01
529, 7.666650e-01, 7.120650e-01
530, 7.666650e-01, 7.505550e-01
531, 7.666650e-01, 1.732050e-01
532, 7.666650e-01, 4.811250e-01
533, 7.777782e-01, 5.773500e-01
534, 7.777782e-01, 6.543300e-01
535, 7.777782e-01, 7.313100e-01
536, 7.777782e-01, 1.924500e-01
537, 7.777782e-01, 3.464100e-01
538, 7.777782e-01, 5.003700e-01
539, 7.777782e-01, 4.233900e-01
540, 7.777782e-01, 2.694300e-01
541, 7.777782e-01, 8.082900e-01
542, 7.999920e-01, 4.618800e-01
543, 7.999920e-01, 7.698000e-01
544, 7.999920e-01, 2.309400e-01
545, 7.999920e-01, 1.539600e-01
546, 7.999920e-01, 3.849000e-01
547, 7.999920e-01, 5.388600e-01
548, 7.999920e-01, 6.928200e-01
549, 7.999920e-01, 8.467800e-01
550, 7.999920e-01, 3.079200e-01
551, 7.999920e-01, 6.158400e-01
552, 8.000000e-01, 7.313100e-01
553, 8.000000e-01, 5.773500e-01
554, 8.000000e-01, 3.464100e-01
555, 8.000000e-01, 6.543300e-01
556, 8.000000e-01, 2.694300e-01
557, 8.000000e-01, 4.233900e-01
558, 8.000000e-01, 5.003700e-01
559, 8.000000e-01, 1.924500e-01
560, 8.000000e-01, 8.082900e-01
561, 8.222218e-01, 8.082900e-01
562, 8.222218e-01, 1.924500e-01
563, 8.222218e-01, 4.233900e-01
564, 8.222218e-01, 2.694300e-01
565, 8.222218e-01, 3.464100e-01
566, 8.222218e-01, 5.003700e-01
567, 8.222218e-01, 5.773500e-01
568, 8.222218e-01, 6.543300e-01
569, 8.222218e-01, 7.313100e-01
570, 8.333350e-01, 6.735750e-01
571, 8.333350e-01, 7.505550e-01
572, 8.333350e-01, 8.275350e-01
573, 8.333350e-01, 5.965950e-01
574, 8.333350e-01, 2.501850e-01
575, 8.333350e-01, 3.656550e-01
576, 8.333350e-01, 7.120650e-01
577, 8.333350e-01, 3.271650e-01
578, 8.333350e-01, 1.732050e-01
579, 8.333350e-01, 4.041450e-01
580, 8.333350e-01, 4.426350e-01
581, 8.333350e-01, 4.811250e-01
582, 8.333350e-01, 5.196150e-01
583, 8.333350e-01, 2.116950e-01
584, 8.333350e-01, 2.886750e-01
585, 8.333350e-01, 5.581050e-01
586, 8.333350e-01, 6.350850e-01
587, 8.333350e-01, 7.890450e-01
588, 8.444482e-01, 6.158400e-01
589, 8.444482e-01, 6.928200e-01
590, 8.444482e-01, 3.079200e-01
591, 8.444482e-01, 7.698000e-01
592, 8.444482e-01, 1.539600e-01
593, 8.444482e-01, 2.309400e-01
594, 8.444482e-01, 5.388600e-01
595, 8.444482e-01, 4.618800e-01
596, 8.444482e-01, 3.849000e-01
597, 8.444482e-01, 8.467800e-01
598, 1.500000e-01, 5.773500e-01
599, 1.500000e-01, 6.543300e-01
600, 1.500000e-01, 7.313100e-01
601, 1.500000e-01, 4.233900e-01
602, 1.500000e-01, 1.924500e-01
603, 1.500000e-01, 2.694300e-01
604, 1.500000e-01, 3.464100e-01
605, 1.500000e-01, 5.003700e-01
606, 1.500000e-01, 8.082900e-01
607, 1.500000e-01, 6.254634e-01
608, 1.500000e-01, 6.062166e-01
609, 1.500000e-01, 6.831966e-01
610, 1.500000e-01, 7.024434e-01
611, 1.500000e-01, 7.601766e-01
612, 1.500000e-01, 7.794234e-01
613, 1.500000e-01, 8.371566e-01
614, 1.500000e-01, 5.484834e-01
615, 1.500000e-01, 5.292366e-01
616, 1.500000e-01, 3.945234e-01
617, 1.500000e-01, 3.752766e-01
618, 1.500000e-01, 2.405634e-01
619, 1.500000e-01, 2.213166e-01
620, 1.500000e-01, 1.635834e-01
621, 1.500000e-01, 4.715034e-01
622, 1.500000e-01, 4.522566e-01
623, 1.500000e-01, 3.175434e-01
624, 1.500000e-01, 2.982966e-01
625, 1.759188e-01, 8.500000e-01
626, 1.754915e-01, 1.500000e-01
627, 1.999994e-01, 1.500000e-01
628, 1.999993e-01, 8.500000e-01
629, 2.245085e-01, 1.500000e-01
630, 2.240812e-01, 8.500000e-01
631, 2.610859e-01, 8.500000e-01
632, 2.598044e-01, 1.500000e-01
633, 2.666623e-01, 8.500000e-01
634, 2.666623e-01, 1.500000e-01
635, 2.722392e-01, 8.500000e-01
636, 2.735209e-01, 1.500000e-01
637, 3.092519e-01, 8.500000e-01
638, 3.088245e-01, 1.500000e-01
639, 3.333348e-01, 8.500000e-01
640, 3.333349e-01, 1.500000e-01
641, 3.578385e-01, 1.500000e-01
642, 3.574112e-01, 8.500000e-01
643, 3.944159e-01, 8.500000e-01
644, 3.931344e-01, 1.500000e-01
645, 3.999929e-01, 1.500000e-01
646, 3.999927e-01, 8.500000e-01
647, 4.055709e-01, 8.500000e-01
648, 4.068529e-01, 1.500000e-01
649, 4.425888e-01, 8.500000e-01
650, 4.421615e-01, 1.500000e-01
651, 4.666648e-01, 8.500000e-01
652, 4.666649e-01, 1.500000e-01
653, 4.907471e-01, 8.500000e-01
654, 4.911743e-01, 1.500000e-01
655, 5.264724e-01, 1.500000e-01
656, 5.277542e-01, 8.500000e-01
657, 5.333323e-01, 8.500000e-01
658, 5.333323e-01, 1.500000e-01
659, 5.389092e-01, 8.500000e-01
660, 5.401909e-01, 1.500000e-01
661, 5.754915e-01, 1.500000e-01
662, 5.759188e-01, 8.500000e-01
663, 5.999993e-01, 8.500000e-01
664, 5.999994e-01, 1.500000e-01
665, 6.240812e-01, 8.500000e-01
666, 6.245085e-01, 1.500000e-01
667, 6.610859e-01, 8.500000e-01
668, 6.598044e-01, 1.500000e-01
669, 6.666623e-01, 8.500000e-01
670, 6.666623e-01, 1.500000e-01
671, 6.722392e-01, 8.500000e-01
672, 6.735209e-01, 1.500000e-01
673, 7.088245e-01, 1.500000e-01
674, 7.092519e-01, 8.500000e-01
675, 7.333348e-01, 8.500000e-01
676, 7.333349e-01, 1.500000e-01
677, 7.578385e-01, 1.500000e-01
678, 7.574112e-01, 8.500000e-01
679, 7.944159e-01, 8.500000e-01
680, 7.931344e-01, 1.500000e-01
681, 7.999927e-01, 8.500000e-01
682, 7.999929e-01, 1.500000e-01
683, 8.055709e-01, 8.500000e-01
684, 8.068529e-01, 1.500000e-01
685, 8.500000e-01, 5.869716e-01
686, 8.500000e-01, 7.216884e-01
687, 8.500000e-01, 2.790516e-01
688, 8.500000e-01, 5.099916e-01
689, 8.500000e-01, 7.409316e-01
690, 8.500000e-01, 8.179116e-01
691, 8.425888e-01, 8.500000e-01
692, 8.500000e-01, 8.467800e-01
693, 8.500000e-01, 2.020716e-01
694, 8.500000e-01, 6.447084e-01
695, 8.500000e-01, 6.158400e-01
696, 8.500000e-01, 7.986684e-01
697, 8.500000e-01, 7.698000e-01
698, 8.421615e-01, 1.500000e-01
699, 8.500000e-01, 3.560316e-01
700, 8.500000e-01, 4.137684e-01
701, 8.500000e-01, 3.849000e-01
702, 8.500000e-01, 5.677284e-01
703, 8.500000e-01, 5.388600e-01
704, 8.500000e-01, 1.828284e-01
705, 8.500000e-01, 1.539600e-01
706, 8.500000e-01, 4.330116e-01
707, 8.500000e-01, 4.907484e-01
708, 8.500000e-01, 4.618800e-01
709, 8.500000e-01, 2.598084e-01
710, 8.500000e-01, 2.309400e-01
711, 8.500000e-01, 3.367884e-01
712, 8.500000e-01, 3.079200e-01
713, 8.500000e-01, 6.639516e-01
714, 8.500000e-01, 6.928200e-01
