1, 1.560819e-01, 4.025878e-01
2, 1.577053e-01, 5.066342e-01
3, 1.582273e-01, 1.918149e-01
4, 1.583205e-01, 3.835571e-01
5, 1.585872e-01, 5.233995e-01
6, 1.586145e-01, 2.167402e-01
7, 1.590053e-01, 6.922829e-01
8, 1.595463e-01, 4.671082e-01
9, 1.597052e-01, 5.834062e-01
10, 1.598783e-01, 4.458819e-01
11, 1.600676e-01, 2.611457e-01
12, 1.600827e-01, 3.389600e-01
13, 1.601233e-01, 5.663795e-01
14, 1.604695e-01, 3.177140e-01
15, 1.605873e-01, 7.124779e-01
16, 1.606928e-01, 8.333250e-01
17, 1.607818e-01, 2.729594e-01
18, 1.611105e-01, 7.721046e-01
19, 1.611857e-01, 7.521621e-01
20, 1.615542e-01, 6.469461e-01
21, 1.620227e-01, 8.110450e-01
22, 1.622156e-01, 6.274794e-01
23, 1.639480e-01, 1.545368e-01
24, 1.740421e-01, 4.754037e-01
25, 1.743071e-01, 2.241503e-01
26, 1.765754e-01, 2.494643e-01
27, 1.768474e-01, 1.801080e-01
28, 1.770860e-01, 1.632869e-01
29, 1.770983e-01, 4.145276e-01
30, 1.772354e-01, 5.554593e-01
31, 1.773246e-01, 4.913435e-01
32, 1.780975e-01, 6.194194e-01
33, 1.784797e-01, 8.025850e-01
34, 1.788470e-01, 7.847130e-01
35, 1.789944e-01, 3.092580e-01
36, 1.793831e-01, 7.419804e-01
37, 1.794826e-01, 5.354424e-01
38, 1.801801e-01, 6.816423e-01
39, 1.801969e-01, 3.495795e-01
40, 1.802957e-01, 4.332337e-01
41, 1.809182e-01, 6.579690e-01
42, 1.810441e-01, 7.243189e-01
43, 1.810872e-01, 5.954509e-01
44, 1.811626e-01, 3.740335e-01
45, 1.826069e-01, 2.878829e-01
46, 1.830562e-01, 8.459085e-01
47, 1.933974e-01, 3.810943e-01
48, 1.942161e-01, 6.279236e-01
49, 1.944478e-01, 5.891709e-01
50, 1.947980e-01, 3.996952e-01
51, 1.949313e-01, 1.528162e-01
52, 1.950703e-01, 5.282683e-01
53, 1.959932e-01, 6.498148e-01
54, 1.964490e-01, 2.136340e-01
55, 1.966761e-01, 6.912543e-01
56, 1.967732e-01, 8.135152e-01
57, 1.971283e-01, 7.712715e-01
58, 1.971453e-01, 7.546026e-01
59, 1.973318e-01, 3.378591e-01
60, 1.977484e-01, 8.346041e-01
61, 1.980051e-01, 3.240541e-01
62, 1.981864e-01, 1.963457e-01
63, 1.984187e-01, 2.592862e-01
64, 1.984880e-01, 5.672357e-01
65, 1.985754e-01, 4.419059e-01
66, 1.987575e-01, 2.777137e-01
67, 1.987812e-01, 7.143979e-01
68, 1.993618e-01, 5.024979e-01
69, 1.995756e-01, 4.605710e-01
70, 2.110339e-01, 6.171055e-01
71, 2.114428e-01, 4.330548e-01
72, 2.115935e-01, 6.007927e-01
73, 2.119712e-01, 7.205874e-01
74, 2.125174e-01, 2.251091e-01
75, 2.127953e-01, 5.402790e-01
76, 2.127997e-01, 8.421536e-01
77, 2.128731e-01, 6.579881e-01
78, 2.128731e-01, 6.800732e-01
79, 2.132783e-01, 4.949806e-01
80, 2.134065e-01, 2.478487e-01
81, 2.134502e-01, 4.724109e-01
82, 2.135933e-01, 3.705241e-01
83, 2.136601e-01, 4.137996e-01
84, 2.144338e-01, 3.498376e-01
85, 2.144339e-01, 7.423659e-01
86, 2.146535e-01, 5.575780e-01
87, 2.151838e-01, 1.870269e-01
88, 2.156281e-01, 1.621305e-01
89, 2.167067e-01, 8.028868e-01
90, 2.167628e-01, 7.847546e-01
91, 2.168516e-01, 3.146762e-01
92, 2.173024e-01, 2.867380e-01
93, 2.285823e-01, 1.551143e-01
94, 2.297576e-01, 7.118177e-01
95, 2.301560e-01, 5.653581e-01
96, 2.310440e-01, 8.105913e-01
97, 2.311573e-01, 6.488272e-01
98, 2.312393e-01, 3.219287e-01
99, 2.320070e-01, 2.156872e-01
100, 2.320811e-01, 2.805541e-01
101, 2.320962e-01, 1.941229e-01
102, 2.321298e-01, 6.300920e-01
103, 2.322944e-01, 8.330005e-01
104, 2.324743e-01, 3.394703e-01
105, 2.325543e-01, 5.054587e-01
106, 2.327820e-01, 7.509450e-01
107, 2.331338e-01, 4.616787e-01
108, 2.332250e-01, 2.556526e-01
109, 2.334065e-01, 6.908331e-01
110, 2.335460e-01, 3.814499e-01
111, 2.337879e-01, 5.247083e-01
112, 2.339875e-01, 7.744272e-01
113, 2.344283e-01, 5.891977e-01
114, 2.345301e-01, 4.418839e-01
115, 2.347621e-01, 4.028581e-01
116, 2.478006e-01, 5.969843e-01
117, 2.479824e-01, 4.341962e-01
118, 2.483779e-01, 8.025183e-01
119, 2.484610e-01, 1.679769e-01
120, 2.488040e-01, 2.461764e-01
121, 2.488598e-01, 2.900395e-01
122, 2.489823e-01, 1.828021e-01
123, 2.493015e-01, 4.122427e-01
124, 2.493467e-01, 3.493378e-01
125, 2.494548e-01, 8.433654e-01
126, 2.496003e-01, 5.551914e-01
127, 2.496382e-01, 2.276048e-01
128, 2.499550e-01, 6.169688e-01
129, 2.501406e-01, 6.604832e-01
130, 2.506043e-01, 3.091829e-01
131, 2.506671e-01, 3.709024e-01
132, 2.508679e-01, 7.404653e-01
133, 2.509389e-01, 5.376008e-01
134, 2.511511e-01, 6.819013e-01
135, 2.514090e-01, 4.949303e-01
136, 2.514693e-01, 7.226850e-01
137, 2.521400e-01, 7.840195e-01
138, 2.546470e-01, 4.724827e-01
139, 2.636901e-01, 7.132307e-01
140, 2.645165e-01, 6.904739e-01
141, 2.647096e-01, 2.549591e-01
142, 2.651804e-01, 2.183420e-01
143, 2.654213e-01, 4.035988e-01
144, 2.662739e-01, 1.936286e-01
145, 2.663935e-01, 4.469912e-01
146, 2.665848e-01, 8.336490e-01
147, 2.666428e-01, 4.642398e-01
148, 2.666812e-01, 7.773182e-01
149, 2.668065e-01, 2.788630e-01
150, 2.671378e-01, 3.377133e-01
151, 2.673983e-01, 8.158747e-01
152, 2.675716e-01, 3.190782e-01
153, 2.676044e-01, 7.520642e-01
154, 2.678171e-01, 5.667741e-01
155, 2.678767e-01, 5.850576e-01
156, 2.679094e-01, 3.805619e-01
157, 2.683035e-01, 6.489371e-01
158, 2.702988e-01, 6.286092e-01
159, 2.718903e-01, 5.282844e-01
160, 2.719819e-01, 5.063366e-01
161, 2.805887e-01, 6.231496e-01
162, 2.821911e-01, 7.850978e-01
163, 2.828666e-01, 5.354948e-01
164, 2.840619e-01, 5.561910e-01
165, 2.841663e-01, 2.455614e-01
166, 2.843379e-01, 2.299911e-01
167, 2.844026e-01, 8.038030e-01
168, 2.844632e-01, 5.948253e-01
169, 2.850823e-01, 6.814938e-01
170, 2.853585e-01, 3.092057e-01
171, 2.856830e-01, 1.846600e-01
172, 2.858621e-01, 6.610298e-01
173, 2.859039e-01, 3.728845e-01
174, 2.860013e-01, 1.642351e-01
175, 2.861808e-01, 4.137812e-01
176, 2.864720e-01, 7.432227e-01
177, 2.871198e-01, 4.349895e-01
178, 2.873317e-01, 2.872593e-01
179, 2.875732e-01, 8.449955e-01
180, 2.875872e-01, 7.258746e-01
181, 2.881547e-01, 3.514572e-01
182, 2.885163e-01, 4.742796e-01
183, 2.905272e-01, 4.956984e-01
184, 2.992836e-01, 2.792300e-01
185, 3.001350e-01, 2.579117e-01
186, 3.002492e-01, 5.887534e-01
187, 3.013950e-01, 6.904860e-01
188, 3.020271e-01, 3.820327e-01
189, 3.022763e-01, 4.440101e-01
190, 3.023551e-01, 8.140291e-01
191, 3.024238e-01, 1.937375e-01
192, 3.024664e-01, 8.336658e-01
193, 3.028324e-01, 2.184414e-01
194, 3.030097e-01, 4.635264e-01
195, 3.030696e-01, 7.720341e-01
196, 3.033437e-01, 5.666493e-01
197, 3.033901e-01, 7.545500e-01
198, 3.034295e-01, 3.211065e-01
199, 3.036581e-01, 6.327062e-01
200, 3.038384e-01, 4.015520e-01
201, 3.045781e-01, 1.535143e-01
202, 3.053063e-01, 5.234880e-01
203, 3.053697e-01, 7.155555e-01
204, 3.054504e-01, 5.046039e-01
205, 3.056733e-01, 6.491502e-01
206, 3.066770e-01, 3.421930e-01
207, 3.173822e-01, 3.716891e-01
208, 3.179936e-01, 6.001153e-01
209, 3.179969e-01, 7.217991e-01
210, 3.189237e-01, 3.482995e-01
211, 3.196075e-01, 6.802505e-01
212, 3.197505e-01, 6.582817e-01
213, 3.198470e-01, 6.178036e-01
214, 3.200996e-01, 5.586304e-01
215, 3.210444e-01, 7.843429e-01
216, 3.210763e-01, 1.859529e-01
217, 3.211295e-01, 7.417300e-01
218, 3.211792e-01, 5.356539e-01
219, 3.214542e-01, 1.646898e-01
220, 3.216347e-01, 2.268735e-01
221, 3.216373e-01, 4.111867e-01
222, 3.217340e-01, 4.329351e-01
223, 3.220809e-01, 2.473093e-01
224, 3.225156e-01, 8.011949e-01
225, 3.231820e-01, 4.957011e-01
226, 3.236709e-01, 2.883388e-01
227, 3.240412e-01, 8.446002e-01
228, 3.247660e-01, 4.727283e-01
229, 3.260908e-01, 3.075474e-01
230, 3.357304e-01, 5.676369e-01
231, 3.357699e-01, 4.660028e-01
232, 3.367175e-01, 7.488667e-01
233, 3.371769e-01, 2.153860e-01
234, 3.371808e-01, 5.887700e-01
235, 3.374385e-01, 7.099626e-01
236, 3.378964e-01, 6.922700e-01
237, 3.380917e-01, 4.436734e-01
238, 3.382767e-01, 2.764500e-01
239, 3.383126e-01, 6.501462e-01
240, 3.384869e-01, 1.975600e-01
241, 3.385205e-01, 2.582814e-01
242, 3.385300e-01, 3.400206e-01
243, 3.385725e-01, 4.015229e-01
244, 3.386975e-01, 1.553475e-01
245, 3.390208e-01, 7.729646e-01
246, 3.394929e-01, 6.249458e-01
247, 3.399408e-01, 3.844396e-01
248, 3.400472e-01, 8.102743e-01
249, 3.404982e-01, 8.350769e-01
250, 3.409080e-01, 5.259518e-01
251, 3.411131e-01, 3.193713e-01
252, 3.413891e-01, 5.052268e-01
253, 3.547823e-01, 1.902569e-01
254, 3.548602e-01, 8.031264e-01
255, 3.548997e-01, 6.003086e-01
256, 3.549718e-01, 1.631022e-01
257, 3.553979e-01, 6.147743e-01
258, 3.558869e-01, 3.744370e-01
259, 3.562317e-01, 3.517043e-01
260, 3.562940e-01, 7.817626e-01
261, 3.564249e-01, 3.120952e-01
262, 3.574575e-01, 8.431580e-01
263, 3.579350e-01, 4.767055e-01
264, 3.580387e-01, 6.800456e-01
265, 3.582109e-01, 2.277695e-01
266, 3.582159e-01, 2.469796e-01
267, 3.584301e-01, 7.377393e-01
268, 3.585076e-01, 4.964725e-01
269, 3.587764e-01, 5.370865e-01
270, 3.587905e-01, 4.116183e-01
271, 3.589758e-01, 6.616081e-01
272, 3.590072e-01, 7.236035e-01
273, 3.595755e-01, 5.554192e-01
274, 3.597890e-01, 4.337417e-01
275, 3.610443e-01, 2.878964e-01
276, 3.697983e-01, 3.841794e-01
277, 3.710910e-01, 4.012363e-01
278, 3.712723e-01, 8.137995e-01
279, 3.721894e-01, 1.531095e-01
280, 3.724244e-01, 7.495235e-01
281, 3.724626e-01, 8.339248e-01
282, 3.724914e-01, 7.710474e-01
283, 3.724973e-01, 1.989574e-01
284, 3.731914e-01, 4.426998e-01
285, 3.734161e-01, 6.527509e-01
286, 3.736470e-01, 2.813052e-01
287, 3.736963e-01, 2.147488e-01
288, 3.742581e-01, 3.234406e-01
289, 3.743171e-01, 4.650303e-01
290, 3.746349e-01, 5.053295e-01
291, 3.748448e-01, 5.664620e-01
292, 3.749617e-01, 5.875683e-01
293, 3.753943e-01, 6.921442e-01
294, 3.754840e-01, 5.238673e-01
295, 3.758043e-01, 3.425383e-01
296, 3.760184e-01, 2.582941e-01
297, 3.760891e-01, 6.251324e-01
298, 3.771061e-01, 7.106116e-01
299, 3.893401e-01, 1.877779e-01
300, 3.897044e-01, 6.181821e-01
301, 3.902433e-01, 1.671237e-01
302, 3.914309e-01, 2.906978e-01
303, 3.918254e-01, 4.738366e-01
304, 3.921347e-01, 7.798427e-01
305, 3.921516e-01, 4.958464e-01
306, 3.921702e-01, 5.996433e-01
307, 3.921985e-01, 8.440589e-01
308, 3.925220e-01, 3.088567e-01
309, 3.926599e-01, 3.518431e-01
310, 3.927905e-01, 8.031114e-01
311, 3.931266e-01, 7.421590e-01
312, 3.933563e-01, 4.088164e-01
313, 3.946052e-01, 3.708682e-01
314, 3.948402e-01, 7.180025e-01
315, 3.949572e-01, 4.345814e-01
316, 3.951025e-01, 5.576711e-01
317, 3.954972e-01, 2.498130e-01
318, 3.955008e-01, 6.640353e-01
319, 3.961041e-01, 2.269230e-01
320, 3.963053e-01, 6.774732e-01
321, 3.967052e-01, 5.338137e-01
322, 4.057011e-01, 7.123511e-01
323, 4.062565e-01, 3.800351e-01
324, 4.074360e-01, 3.978556e-01
325, 4.079984e-01, 8.340069e-01
326, 4.083595e-01, 7.698839e-01
327, 4.086487e-01, 6.291282e-01
328, 4.093113e-01, 4.617559e-01
329, 4.093130e-01, 7.559485e-01
330, 4.093512e-01, 4.429041e-01
331, 4.095315e-01, 2.577693e-01
332, 4.097020e-01, 6.860566e-01
333, 4.098970e-01, 1.582952e-01
334, 4.103866e-01, 5.661539e-01
335, 4.108858e-01, 1.969574e-01
336, 4.109041e-01, 5.900128e-01
337, 4.112219e-01, 6.531615e-01
338, 4.112492e-01, 5.070539e-01
339, 4.114036e-01, 5.254878e-01
340, 4.115022e-01, 2.175063e-01
341, 4.115641e-01, 8.151553e-01
342, 4.128498e-01, 3.416605e-01
343, 4.132057e-01, 3.190163e-01
344, 4.136207e-01, 2.793056e-01
345, 4.241753e-01, 8.081920e-01
346, 4.253886e-01, 1.690584e-01
347, 4.261783e-01, 7.819618e-01
348, 4.263601e-01, 3.685420e-01
349, 4.263720e-01, 6.606905e-01
350, 4.264239e-01, 4.343604e-01
351, 4.269175e-01, 2.248640e-01
352, 4.273462e-01, 1.854546e-01
353, 4.277399e-01, 3.490262e-01
354, 4.278016e-01, 4.962388e-01
355, 4.279591e-01, 6.778963e-01
356, 4.281405e-01, 2.448505e-01
357, 4.281644e-01, 5.371770e-01
358, 4.283772e-01, 2.883743e-01
359, 4.285473e-01, 4.093164e-01
360, 4.285507e-01, 5.548357e-01
361, 4.287168e-01, 5.995681e-01
362, 4.292478e-01, 4.733346e-01
363, 4.301412e-01, 3.061270e-01
364, 4.308659e-01, 6.162644e-01
365, 4.324286e-01, 7.441028e-01
366, 4.328516e-01, 7.223530e-01
367, 4.423562e-01, 3.419713e-01
368, 4.429698e-01, 6.249065e-01
369, 4.438271e-01, 2.145472e-01
370, 4.441668e-01, 7.142052e-01
371, 4.441983e-01, 3.154801e-01
372, 4.447699e-01, 5.875753e-01
373, 4.448967e-01, 6.461687e-01
374, 4.451053e-01, 6.894472e-01
375, 4.452386e-01, 1.953948e-01
376, 4.459041e-01, 7.535138e-01
377, 4.461798e-01, 4.653549e-01
378, 4.464513e-01, 4.448945e-01
379, 4.464952e-01, 5.656740e-01
380, 4.467138e-01, 5.035826e-01
381, 4.467921e-01, 2.784261e-01
382, 4.470792e-01, 7.726673e-01
383, 4.473725e-01, 8.165264e-01
384, 4.475140e-01, 5.275592e-01
385, 4.483577e-01, 8.339993e-01
386, 4.483597e-01, 3.990425e-01
387, 4.490251e-01, 3.846766e-01
388, 4.508571e-01, 2.560365e-01
389, 4.614751e-01, 8.062778e-01
390, 4.622549e-01, 3.090733e-01
391, 4.629009e-01, 2.489021e-01
392, 4.629563e-01, 6.173625e-01
393, 4.632714e-01, 4.900302e-01
394, 4.633503e-01, 7.838353e-01
395, 4.634168e-01, 7.239931e-01
396, 4.634284e-01, 4.771028e-01
397, 4.637573e-01, 5.576034e-01
398, 4.643175e-01, 3.520161e-01
399, 4.644435e-01, 2.278209e-01
400, 4.646910e-01, 7.421097e-01
401, 4.647171e-01, 6.807044e-01
402, 4.647921e-01, 5.969555e-01
403, 4.648113e-01, 4.340396e-01
404, 4.648805e-01, 2.902250e-01
405, 4.651702e-01, 8.438754e-01
406, 4.658244e-01, 5.388819e-01
407, 4.659112e-01, 1.862997e-01
408, 4.659189e-01, 4.108999e-01
409, 4.659988e-01, 3.709297e-01
410, 4.668218e-01, 6.555278e-01
411, 4.681433e-01, 1.671665e-01
412, 4.800157e-01, 3.213415e-01
413, 4.800400e-01, 8.171322e-01
414, 4.802049e-01, 2.577052e-01
415, 4.804136e-01, 1.969291e-01
416, 4.806623e-01, 3.399392e-01
417, 4.807288e-01, 7.752577e-01
418, 4.807359e-01, 7.517917e-01
419, 4.812691e-01, 4.034215e-01
420, 4.812770e-01, 8.347416e-01
421, 4.812845e-01, 6.465372e-01
422, 4.816821e-01, 4.444262e-01
423, 4.818962e-01, 2.158715e-01
424, 4.823570e-01, 4.656883e-01
425, 4.824046e-01, 6.310446e-01
426, 4.826391e-01, 2.822242e-01
427, 4.828559e-01, 5.307762e-01
428, 4.829008e-01, 3.796232e-01
429, 4.830213e-01, 5.714745e-01
430, 4.831167e-01, 5.021689e-01
431, 4.833277e-01, 1.568420e-01
432, 4.835036e-01, 5.852294e-01
433, 4.843934e-01, 6.914149e-01
434, 4.849402e-01, 7.106776e-01
435, 4.978700e-01, 2.896205e-01
436, 4.979224e-01, 7.822697e-01
437, 4.983909e-01, 3.082028e-01
438, 4.985729e-01, 6.206434e-01
439, 4.986822e-01, 3.711640e-01
440, 4.987681e-01, 5.379191e-01
441, 4.988246e-01, 5.605810e-01
442, 4.994094e-01, 2.486864e-01
443, 4.994745e-01, 3.503575e-01
444, 4.997286e-01, 4.128113e-01
445, 4.999768e-01, 5.971010e-01
446, 5.000422e-01, 4.341161e-01
447, 5.000991e-01, 2.256714e-01
448, 5.001323e-01, 8.463264e-01
449, 5.003005e-01, 1.652684e-01
450, 5.004741e-01, 1.872072e-01
451, 5.009928e-01, 7.225477e-01
452, 5.013233e-01, 6.798675e-01
453, 5.014845e-01, 4.918858e-01
454, 5.015574e-01, 7.408169e-01
455, 5.016485e-01, 4.753810e-01
456, 5.030309e-01, 6.587730e-01
457, 5.031184e-01, 8.043527e-01
458, 5.146599e-01, 2.606923e-01
459, 5.154064e-01, 8.113584e-01
460, 5.156466e-01, 2.775753e-01
461, 5.156678e-01, 8.349042e-01
462, 5.164553e-01, 2.165242e-01
463, 5.166679e-01, 7.689586e-01
464, 5.168901e-01, 1.968800e-01
465, 5.174621e-01, 4.441173e-01
466, 5.175584e-01, 6.500480e-01
467, 5.178596e-01, 6.317923e-01
468, 5.179253e-01, 4.024157e-01
469, 5.179660e-01, 4.651795e-01
470, 5.180201e-01, 5.694595e-01
471, 5.183456e-01, 5.894595e-01
472, 5.184093e-01, 7.538388e-01
473, 5.184572e-01, 3.828239e-01
474, 5.187517e-01, 5.287755e-01
475, 5.195030e-01, 5.057407e-01
476, 5.195968e-01, 3.228104e-01
477, 5.201003e-01, 3.387296e-01
478, 5.204750e-01, 7.113668e-01
479, 5.210727e-01, 6.907446e-01
480, 5.213168e-01, 1.542942e-01
481, 5.322241e-01, 8.027804e-01
482, 5.329483e-01, 5.370915e-01
483, 5.332665e-01, 5.982833e-01
484, 5.347327e-01, 6.195209e-01
485, 5.349519e-01, 7.830774e-01
486, 5.349582e-01, 5.568999e-01
487, 5.350924e-01, 8.454161e-01
488, 5.356713e-01, 1.621217e-01
489, 5.358967e-01, 4.329220e-01
490, 5.359814e-01, 2.870010e-01
491, 5.361193e-01, 4.140852e-01
492, 5.362117e-01, 3.487615e-01
493, 5.364048e-01, 6.592720e-01
494, 5.368004e-01, 1.851612e-01
495, 5.372772e-01, 2.269130e-01
496, 5.373856e-01, 3.098096e-01
497, 5.378756e-01, 7.453978e-01
498, 5.379102e-01, 4.735956e-01
499, 5.380363e-01, 3.711416e-01
500, 5.380984e-01, 6.814851e-01
501, 5.383268e-01, 4.961830e-01
502, 5.385995e-01, 7.216449e-01
503, 5.395116e-01, 2.453574e-01
504, 5.508717e-01, 7.517000e-01
505, 5.521117e-01, 5.260833e-01
506, 5.521556e-01, 8.356022e-01
507, 5.522385e-01, 5.052809e-01
508, 5.522700e-01, 4.650829e-01
509, 5.523638e-01, 6.287325e-01
510, 5.524929e-01, 2.164706e-01
511, 5.525201e-01, 1.522890e-01
512, 5.528021e-01, 1.952654e-01
513, 5.528949e-01, 6.505282e-01
514, 5.530570e-01, 5.668760e-01
515, 5.532532e-01, 5.868726e-01
516, 5.532550e-01, 8.127001e-01
517, 5.535322e-01, 4.442739e-01
518, 5.538461e-01, 4.042350e-01
519, 5.542027e-01, 3.388443e-01
520, 5.543003e-01, 7.737653e-01
521, 5.550457e-01, 2.767697e-01
522, 5.557503e-01, 3.806577e-01
523, 5.557700e-01, 2.558567e-01
524, 5.562113e-01, 6.906776e-01
525, 5.566279e-01, 3.193085e-01
526, 5.576455e-01, 7.113347e-01
527, 5.693808e-01, 5.367691e-01
528, 5.696103e-01, 5.574845e-01
529, 5.699502e-01, 3.743162e-01
530, 5.705343e-01, 2.876761e-01
531, 5.706274e-01, 3.492195e-01
532, 5.708366e-01, 8.021302e-01
533, 5.708371e-01, 6.601855e-01
534, 5.710070e-01, 7.210417e-01
535, 5.710379e-01, 4.348551e-01
536, 5.710803e-01, 1.639806e-01
537, 5.711239e-01, 6.796911e-01
538, 5.712460e-01, 4.744798e-01
539, 5.712463e-01, 3.108987e-01
540, 5.715690e-01, 2.458158e-01
541, 5.716810e-01, 6.176732e-01
542, 5.717048e-01, 4.944215e-01
543, 5.718668e-01, 4.163397e-01
544, 5.719185e-01, 5.972369e-01
545, 5.719438e-01, 7.399233e-01
546, 5.719970e-01, 8.458618e-01
547, 5.721284e-01, 1.870098e-01
548, 5.721560e-01, 7.838623e-01
549, 5.723191e-01, 2.268682e-01
550, 5.853227e-01, 4.657668e-01
551, 5.854119e-01, 4.448376e-01
552, 5.872635e-01, 6.506636e-01
553, 5.874141e-01, 1.526510e-01
554, 5.880127e-01, 1.959392e-01
555, 5.881038e-01, 5.679938e-01
556, 5.884410e-01, 8.161371e-01
557, 5.889809e-01, 8.320902e-01
558, 5.891602e-01, 3.196237e-01
559, 5.892188e-01, 5.867772e-01
560, 5.893226e-01, 6.287405e-01
561, 5.893743e-01, 5.045891e-01
562, 5.894114e-01, 7.535546e-01
563, 5.895211e-01, 3.826448e-01
564, 5.897723e-01, 7.725631e-01
565, 5.898415e-01, 2.791505e-01
566, 5.902811e-01, 2.150077e-01
567, 5.906864e-01, 2.543865e-01
568, 5.908101e-01, 3.374222e-01
569, 5.917252e-01, 4.038885e-01
570, 5.920512e-01, 5.241498e-01
571, 5.921370e-01, 7.087921e-01
572, 5.924862e-01, 6.890288e-01
573, 6.041251e-01, 6.804521e-01
574, 6.055085e-01, 7.802768e-01
575, 6.058944e-01, 6.207792e-01
576, 6.063532e-01, 6.618784e-01
577, 6.063543e-01, 3.080459e-01
578, 6.063544e-01, 3.715024e-01
579, 6.063996e-01, 2.456686e-01
580, 6.065469e-01, 2.892235e-01
581, 6.066216e-01, 4.755981e-01
582, 6.068857e-01, 4.918318e-01
583, 6.072903e-01, 5.542740e-01
584, 6.074288e-01, 8.053400e-01
585, 6.075057e-01, 1.835441e-01
586, 6.075446e-01, 5.329962e-01
587, 6.076125e-01, 4.130222e-01
588, 6.079794e-01, 3.494825e-01
589, 6.082602e-01, 2.249118e-01
590, 6.085877e-01, 5.979760e-01
591, 6.093526e-01, 7.418651e-01
592, 6.095057e-01, 1.644063e-01
593, 6.099976e-01, 4.344450e-01
594, 6.102852e-01, 8.431919e-01
595, 6.106609e-01, 7.209836e-01
596, 6.212216e-01, 6.318852e-01
597, 6.227165e-01, 1.553334e-01
598, 6.227461e-01, 4.642037e-01
599, 6.228332e-01, 5.914588e-01
600, 6.229954e-01, 4.432243e-01
601, 6.232912e-01, 8.130672e-01
602, 6.234848e-01, 3.801298e-01
603, 6.237656e-01, 7.739765e-01
604, 6.241527e-01, 6.509708e-01
605, 6.244311e-01, 2.800213e-01
606, 6.252566e-01, 2.174114e-01
607, 6.253364e-01, 5.244064e-01
608, 6.253676e-01, 4.034353e-01
609, 6.254191e-01, 8.347715e-01
610, 6.256659e-01, 3.412809e-01
611, 6.260686e-01, 1.958143e-01
612, 6.262165e-01, 2.577389e-01
613, 6.263248e-01, 5.038888e-01
614, 6.265586e-01, 7.511886e-01
615, 6.270268e-01, 3.164503e-01
616, 6.275111e-01, 5.657263e-01
617, 6.285087e-01, 6.927899e-01
618, 6.296165e-01, 7.126336e-01
619, 6.395356e-01, 3.083493e-01
620, 6.396558e-01, 2.249716e-01
621, 6.398029e-01, 1.649441e-01
622, 6.405530e-01, 2.917290e-01
623, 6.409451e-01, 8.420333e-01
624, 6.414953e-01, 1.856186e-01
625, 6.415639e-01, 7.850339e-01
626, 6.417450e-01, 6.576535e-01
627, 6.417854e-01, 7.189449e-01
628, 6.418257e-01, 8.005444e-01
629, 6.419057e-01, 4.937617e-01
630, 6.419882e-01, 3.707191e-01
631, 6.425022e-01, 7.430663e-01
632, 6.428947e-01, 4.775329e-01
633, 6.429055e-01, 5.592121e-01
634, 6.429615e-01, 2.483295e-01
635, 6.432049e-01, 5.997167e-01
636, 6.432106e-01, 4.325797e-01
637, 6.437758e-01, 3.514970e-01
638, 6.444319e-01, 6.818964e-01
639, 6.447249e-01, 5.345201e-01
640, 6.458969e-01, 6.178987e-01
641, 6.460776e-01, 4.122821e-01
642, 6.552487e-01, 6.507814e-01
643, 6.573882e-01, 2.147046e-01
644, 6.574934e-01, 5.041092e-01
645, 6.577101e-01, 1.942503e-01
646, 6.579891e-01, 5.270240e-01
647, 6.581219e-01, 8.323086e-01
648, 6.586907e-01, 6.277094e-01
649, 6.591500e-01, 7.092516e-01
650, 6.592116e-01, 3.197631e-01
651, 6.592747e-01, 5.715820e-01
652, 6.594345e-01, 8.136963e-01
653, 6.597939e-01, 3.856101e-01
654, 6.598241e-01, 5.860804e-01
655, 6.599130e-01, 4.037605e-01
656, 6.602589e-01, 2.572265e-01
657, 6.615389e-01, 7.724050e-01
658, 6.615647e-01, 2.783799e-01
659, 6.616209e-01, 7.538290e-01
660, 6.618607e-01, 6.908460e-01
661, 6.621582e-01, 3.425533e-01
662, 6.628273e-01, 1.523064e-01
663, 6.628893e-01, 4.674115e-01
664, 6.637151e-01, 4.457596e-01
665, 6.752943e-01, 6.629221e-01
666, 6.754706e-01, 6.825356e-01
667, 6.757364e-01, 3.491211e-01
668, 6.760281e-01, 2.483511e-01
669, 6.763208e-01, 4.112230e-01
670, 6.764786e-01, 7.207277e-01
671, 6.768355e-01, 4.760728e-01
672, 6.770098e-01, 2.877830e-01
673, 6.773140e-01, 7.432210e-01
674, 6.775445e-01, 3.717920e-01
675, 6.776993e-01, 1.838953e-01
676, 6.779191e-01, 3.059685e-01
677, 6.782018e-01, 4.903751e-01
678, 6.782828e-01, 8.466206e-01
679, 6.791462e-01, 1.627889e-01
680, 6.793579e-01, 8.015253e-01
681, 6.794424e-01, 4.373232e-01
682, 6.794865e-01, 2.250446e-01
683, 6.795519e-01, 7.852502e-01
684, 6.802728e-01, 6.195369e-01
685, 6.803695e-01, 5.995582e-01
686, 6.803778e-01, 5.350148e-01
687, 6.825423e-01, 5.578034e-01
688, 6.927627e-01, 4.436300e-01
689, 6.929159e-01, 2.172931e-01
690, 6.938588e-01, 6.292910e-01
691, 6.942525e-01, 1.978473e-01
692, 6.943321e-01, 4.629520e-01
693, 6.948870e-01, 5.253261e-01
694, 6.952383e-01, 4.025503e-01
695, 6.957836e-01, 6.476444e-01
696, 6.959036e-01, 3.811888e-01
697, 6.963617e-01, 8.116451e-01
698, 6.965603e-01, 2.590050e-01
699, 6.967962e-01, 6.940215e-01
700, 6.969326e-01, 7.081251e-01
701, 6.970695e-01, 2.763815e-01
702, 6.974382e-01, 5.050333e-01
703, 6.976853e-01, 5.661031e-01
704, 6.976945e-01, 3.409737e-01
705, 6.978426e-01, 8.384389e-01
706, 6.983209e-01, 1.529529e-01
707, 6.990178e-01, 5.877362e-01
708, 6.997660e-01, 7.503201e-01
709, 7.002879e-01, 7.754268e-01
710, 7.011478e-01, 3.210954e-01
711, 7.091628e-01, 8.440489e-01
712, 7.112493e-01, 3.522006e-01
713, 7.118334e-01, 2.268619e-01
714, 7.122530e-01, 7.425325e-01
715, 7.126226e-01, 4.308876e-01
716, 7.128547e-01, 1.625009e-01
717, 7.131053e-01, 4.136597e-01
718, 7.132688e-01, 6.837830e-01
719, 7.133770e-01, 3.678509e-01
720, 7.136687e-01, 7.236020e-01
721, 7.137020e-01, 2.484717e-01
722, 7.146172e-01, 5.574595e-01
723, 7.146234e-01, 4.966533e-01
724, 7.148302e-01, 5.362451e-01
725, 7.152455e-01, 7.836581e-01
726, 7.154110e-01, 8.009611e-01
727, 7.155359e-01, 4.746051e-01
728, 7.157058e-01, 3.120626e-01
729, 7.159499e-01, 6.594367e-01
730, 7.161984e-01, 5.963708e-01
731, 7.166017e-01, 1.879986e-01
732, 7.169740e-01, 2.862791e-01
733, 7.175252e-01, 6.162505e-01
734, 7.279341e-01, 6.539513e-01
735, 7.286946e-01, 6.916750e-01
736, 7.291047e-01, 2.790007e-01
737, 7.297300e-01, 2.584790e-01
738, 7.300811e-01, 2.142342e-01
739, 7.301758e-01, 7.128377e-01
740, 7.303746e-01, 5.861253e-01
741, 7.305644e-01, 7.735511e-01
742, 7.307233e-01, 7.556587e-01
743, 7.311649e-01, 8.334786e-01
744, 7.313068e-01, 6.248371e-01
745, 7.313073e-01, 5.050782e-01
746, 7.313294e-01, 1.957159e-01
747, 7.316690e-01, 3.189706e-01
748, 7.318787e-01, 8.138212e-01
749, 7.324547e-01, 5.679710e-01
750, 7.329813e-01, 4.652345e-01
751, 7.336892e-01, 3.777322e-01
752, 7.338481e-01, 5.244680e-01
753, 7.343915e-01, 4.038624e-01
754, 7.348614e-01, 4.423293e-01
755, 7.358941e-01, 1.531088e-01
756, 7.360547e-01, 3.397188e-01
757, 7.465074e-01, 8.434220e-01
758, 7.469885e-01, 2.891146e-01
759, 7.480793e-01, 4.343865e-01
760, 7.483466e-01, 4.755775e-01
761, 7.484604e-01, 3.065098e-01
762, 7.489685e-01, 4.913518e-01
763, 7.491517e-01, 4.133173e-01
764, 7.496168e-01, 7.825611e-01
765, 7.497219e-01, 2.282225e-01
766, 7.498052e-01, 1.853545e-01
767, 7.498401e-01, 2.474463e-01
768, 7.500330e-01, 3.670779e-01
769, 7.501042e-01, 8.041478e-01
770, 7.503310e-01, 6.189391e-01
771, 7.507340e-01, 6.636024e-01
772, 7.508468e-01, 1.648854e-01
773, 7.509380e-01, 5.578367e-01
774, 7.510446e-01, 3.491126e-01
775, 7.513350e-01, 6.792922e-01
776, 7.515639e-01, 5.345497e-01
777, 7.520911e-01, 7.463847e-01
778, 7.528580e-01, 6.013759e-01
779, 7.538824e-01, 7.216387e-01
780, 7.639806e-01, 5.650839e-01
781, 7.654151e-01, 8.352110e-01
782, 7.656294e-01, 3.401315e-01
783, 7.657390e-01, 4.460090e-01
784, 7.658494e-01, 6.310383e-01
785, 7.660108e-01, 5.269169e-01
786, 7.668585e-01, 7.549356e-01
787, 7.668786e-01, 8.135917e-01
788, 7.673216e-01, 6.516545e-01
789, 7.673687e-01, 3.153184e-01
790, 7.675802e-01, 1.948208e-01
791, 7.678315e-01, 7.714252e-01
792, 7.678678e-01, 1.535103e-01
793, 7.680299e-01, 2.789151e-01
794, 7.681422e-01, 4.620149e-01
795, 7.684098e-01, 5.018843e-01
796, 7.685854e-01, 3.795763e-01
797, 7.689089e-01, 2.579073e-01
798, 7.690162e-01, 4.033685e-01
799, 7.691311e-01, 7.131877e-01
800, 7.694145e-01, 5.910111e-01
801, 7.694368e-01, 2.158311e-01
802, 7.698023e-01, 6.932843e-01
803, 7.831709e-01, 7.238460e-01
804, 7.832758e-01, 2.911252e-01
805, 7.837046e-01, 7.410830e-01
806, 7.838477e-01, 3.040319e-01
807, 7.846411e-01, 5.345677e-01
808, 7.846893e-01, 6.600558e-01
809, 7.848706e-01, 4.114567e-01
810, 7.848706e-01, 4.935192e-01
811, 7.851308e-01, 5.559425e-01
812, 7.858906e-01, 7.825752e-01
813, 7.860529e-01, 8.030690e-01
814, 7.861966e-01, 6.822866e-01
815, 7.865173e-01, 4.313691e-01
816, 7.868989e-01, 2.270262e-01
817, 7.870249e-01, 1.847630e-01
818, 7.872273e-01, 3.688573e-01
819, 7.874948e-01, 4.740658e-01
820, 7.876323e-01, 5.972720e-01
821, 7.876464e-01, 3.488597e-01
822, 7.877966e-01, 1.659724e-01
823, 7.884322e-01, 2.476950e-01
824, 7.885848e-01, 6.179952e-01
825, 8.006033e-01, 6.518782e-01
826, 8.010062e-01, 5.885555e-01
827, 8.023939e-01, 3.401369e-01
828, 8.030319e-01, 1.956122e-01
829, 8.037748e-01, 3.166040e-01
830, 8.038452e-01, 6.277059e-01
831, 8.040070e-01, 5.673287e-01
832, 8.041073e-01, 8.139870e-01
833, 8.042590e-01, 1.537651e-01
834, 8.043889e-01, 2.149831e-01
835, 8.046085e-01, 2.750713e-01
836, 8.046154e-01, 5.246219e-01
837, 8.046935e-01, 7.719251e-01
838, 8.050937e-01, 4.024094e-01
839, 8.051516e-01, 2.565990e-01
840, 8.051986e-01, 4.668380e-01
841, 8.053193e-01, 8.351269e-01
842, 8.054848e-01, 5.078714e-01
843, 8.061310e-01, 6.902457e-01
844, 8.063055e-01, 7.523050e-01
845, 8.075830e-01, 4.437058e-01
846, 8.076010e-01, 7.149413e-01
847, 8.084736e-01, 3.801045e-01
848, 8.174315e-01, 7.219067e-01
849, 8.179323e-01, 4.754702e-01
850, 8.188226e-01, 6.814687e-01
851, 8.191755e-01, 3.091168e-01
852, 8.194811e-01, 4.981187e-01
853, 8.196687e-01, 6.637138e-01
854, 8.201529e-01, 5.370340e-01
855, 8.201543e-01, 7.808688e-01
856, 8.202187e-01, 3.732529e-01
857, 8.204269e-01, 7.423925e-01
858, 8.205542e-01, 3.506777e-01
859, 8.208428e-01, 4.131474e-01
860, 8.213095e-01, 5.984381e-01
861, 8.215516e-01, 5.570499e-01
862, 8.220932e-01, 8.052147e-01
863, 8.222390e-01, 2.892494e-01
864, 8.222577e-01, 8.438938e-01
865, 8.224707e-01, 6.192832e-01
866, 8.227200e-01, 2.478171e-01
867, 8.230869e-01, 2.227862e-01
868, 8.231452e-01, 4.334501e-01
869, 8.247798e-01, 1.882469e-01
870, 8.249361e-01, 1.626156e-01
871, 8.357546e-01, 5.657014e-01
872, 8.365512e-01, 5.058478e-01
873, 8.370640e-01, 5.255193e-01
874, 8.373881e-01, 6.281199e-01
875, 8.376058e-01, 5.848749e-01
876, 8.382868e-01, 3.403895e-01
877, 8.383066e-01, 2.107893e-01
878, 8.385507e-01, 1.551263e-01
879, 8.387757e-01, 8.359252e-01
880, 8.387977e-01, 1.987567e-01
881, 8.389626e-01, 8.138429e-01
882, 8.396454e-01, 3.825062e-01
883, 8.397236e-01, 7.517963e-01
884, 8.397911e-01, 2.552616e-01
885, 8.403640e-01, 3.208407e-01
886, 8.404340e-01, 7.689712e-01
887, 8.408378e-01, 6.492826e-01
888, 8.409319e-01, 7.083223e-01
889, 8.409617e-01, 6.940025e-01
890, 8.415567e-01, 4.012849e-01
891, 8.426205e-01, 2.800456e-01
892, 8.431727e-01, 4.654169e-01
893, 8.434638e-01, 4.408438e-01
894, 1.500000e-01, 4.719612e-01
895, 1.500000e-01, 5.008880e-01
896, 1.500000e-01, 6.197476e-01
897, 1.500000e-01, 5.902004e-01
898, 1.500000e-01, 8.398971e-01
899, 1.500000e-01, 4.396212e-01
900, 1.500000e-01, 4.064307e-01
901, 1.500000e-01, 3.772812e-01
902, 1.500000e-01, 3.456566e-01
903, 1.500000e-01, 5.599577e-01
904, 1.500000e-01, 5.293376e-01
905, 1.500000e-01, 8.057643e-01
906, 1.500000e-01, 7.784570e-01
907, 1.500000e-01, 2.823264e-01
908, 1.500000e-01, 3.118281e-01
909, 1.500000e-01, 6.546109e-01
910, 1.500000e-01, 6.869771e-01
911, 1.500000e-01, 2.548067e-01
912, 1.500000e-01, 2.208474e-01
913, 1.500000e-01, 1.867555e-01
914, 1.500000e-01, 1.619284e-01
915, 1.500000e-01, 7.460143e-01
916, 1.500000e-01, 7.195147e-01
917, 1.637417e-01, 1.500000e-01
918, 1.827919e-01, 8.500000e-01
919, 1.950213e-01, 1.500000e-01
920, 2.134215e-01, 8.500000e-01
921, 2.288008e-01, 1.500000e-01
922, 2.490085e-01, 8.500000e-01
923, 2.879238e-01, 8.500000e-01
924, 3.043238e-01, 1.500000e-01
925, 3.236857e-01, 8.500000e-01
926, 3.384780e-01, 1.500000e-01
927, 3.579995e-01, 8.500000e-01
928, 3.724928e-01, 1.500000e-01
929, 3.918193e-01, 8.500000e-01
930, 4.100492e-01, 1.500000e-01
931, 4.652332e-01, 8.500000e-01
932, 4.833761e-01, 1.500000e-01
933, 5.000126e-01, 8.500000e-01
934, 5.208420e-01, 1.500000e-01
935, 5.348797e-01, 8.500000e-01
936, 5.529742e-01, 1.500000e-01
937, 5.721375e-01, 8.500000e-01
938, 5.871571e-01, 1.500000e-01
939, 6.101700e-01, 8.500000e-01
940, 6.226122e-01, 1.500000e-01
941, 6.413315e-01, 8.500000e-01
942, 6.626020e-01, 1.500000e-01
943, 6.776937e-01, 8.500000e-01
944, 6.986159e-01, 1.500000e-01
945, 7.096827e-01, 8.500000e-01
946, 7.359243e-01, 1.500000e-01
947, 7.469394e-01, 8.500000e-01
948, 7.680507e-01, 1.500000e-01
949, 8.038856e-01, 1.500000e-01
950, 8.218316e-01, 8.500000e-01
951, 8.500000e-01, 7.758447e-01
952, 8.500000e-01, 7.464073e-01
953, 8.500000e-01, 8.074963e-01
954, 8.500000e-01, 8.428251e-01
955, 8.500000e-01, 4.989721e-01
956, 8.500000e-01, 5.311616e-01
957, 8.500000e-01, 3.153942e-01
958, 8.500000e-01, 3.476175e-01
959, 8.500000e-01, 4.079654e-01
960, 8.500000e-01, 3.751051e-01
961, 8.500000e-01, 4.366215e-01
962, 8.500000e-01, 4.708788e-01
963, 8.500000e-01, 6.535647e-01
964, 8.500000e-01, 6.215272e-01
965, 8.500000e-01, 6.886201e-01
966, 8.500000e-01, 7.143902e-01
967, 8.500000e-01, 5.919011e-01
968, 8.500000e-01, 5.577780e-01
969, 8.500000e-01, 2.846849e-01
970, 8.500000e-01, 2.498604e-01
971, 8.500000e-01, 2.189906e-01
972, 8.500000e-01, 1.908278e-01
973, 8.389720e-01, 1.500000e-01
974, 8.500000e-01, 1.629707e-01
975, 2.686274e-01, 1.509084e-01
976, 4.304955e-01, 8.496662e-01
977, 4.457594e-01, 1.508633e-01
978, 7.835134e-01, 8.495803e-01
