1, 1.544182e-01, 1.955936e-01
2, 1.555777e-01, 7.836593e-01
3, 1.563294e-01, 5.721741e-01
4, 1.564379e-01, 2.502564e-01
5, 1.564497e-01, 3.736666e-01
6, 1.572113e-01, 7.857303e-01
7, 1.572250e-01, 1.942906e-01
8, 1.683451e-01, 5.513919e-01
9, 1.686116e-01, 5.051509e-01
10, 1.686649e-01, 2.714301e-01
11, 1.698298e-01, 6.781811e-01
12, 1.702517e-01, 8.334421e-01
13, 1.706642e-01, 7.040532e-01
14, 1.709560e-01, 7.082853e-01
15, 1.709803e-01, 5.509696e-01
16, 1.711010e-01, 2.743331e-01
17, 1.733056e-01, 8.344064e-01
18, 1.813693e-01, 5.272591e-01
19, 1.837362e-01, 3.985117e-01
20, 1.837362e-01, 3.746386e-01
21, 1.840651e-01, 4.012609e-01
22, 1.841313e-01, 7.857303e-01
23, 1.841313e-01, 8.057119e-01
24, 1.841821e-01, 1.944069e-01
25, 1.842042e-01, 3.712319e-01
26, 1.843497e-01, 6.023385e-01
27, 1.845100e-01, 7.795191e-01
28, 1.846367e-01, 8.094621e-01
29, 1.847797e-01, 6.067418e-01
30, 1.850693e-01, 1.671705e-01
31, 1.855726e-01, 5.752573e-01
32, 1.880125e-01, 3.242530e-01
33, 1.979314e-01, 2.173959e-01
34, 1.982586e-01, 6.331873e-01
35, 1.986789e-01, 2.949588e-01
36, 1.986789e-01, 2.743331e-01
37, 1.987784e-01, 4.764934e-01
38, 1.987784e-01, 4.722581e-01
39, 1.988240e-01, 4.991895e-01
40, 1.989582e-01, 6.754932e-01
41, 1.989582e-01, 6.835273e-01
42, 1.994265e-01, 5.035046e-01
43, 1.994392e-01, 2.989059e-01
44, 2.000895e-01, 3.451815e-01
45, 2.003954e-01, 2.691315e-01
46, 2.003954e-01, 2.721563e-01
47, 2.019560e-01, 5.507949e-01
48, 2.127941e-01, 8.063529e-01
49, 2.127941e-01, 7.852500e-01
50, 2.128682e-01, 7.781492e-01
51, 2.129369e-01, 8.103882e-01
52, 2.138361e-01, 6.542654e-01
53, 2.162658e-01, 4.483823e-01
54, 2.174751e-01, 6.521658e-01
55, 2.238651e-01, 3.459471e-01
56, 2.243586e-01, 2.230733e-01
57, 2.252877e-01, 7.090334e-01
58, 2.255076e-01, 5.507949e-01
59, 2.257892e-01, 2.691035e-01
60, 2.265899e-01, 6.286152e-01
61, 2.273581e-01, 5.041439e-01
62, 2.276864e-01, 6.782209e-01
63, 2.287050e-01, 6.327424e-01
64, 2.383069e-01, 7.315947e-01
65, 2.399271e-01, 6.521658e-01
66, 2.404496e-01, 6.561300e-01
67, 2.409149e-01, 7.331006e-01
68, 2.414162e-01, 1.980844e-01
69, 2.418127e-01, 4.545834e-01
70, 2.418139e-01, 8.065339e-01
71, 2.435641e-01, 7.321481e-01
72, 2.446615e-01, 2.424451e-01
73, 2.521658e-01, 6.322501e-01
74, 2.546493e-01, 5.514910e-01
75, 2.547049e-01, 3.001115e-01
76, 2.547049e-01, 2.972489e-01
77, 2.555126e-01, 6.270042e-01
78, 2.555172e-01, 2.236330e-01
79, 2.565604e-01, 3.490176e-01
80, 2.565604e-01, 3.453592e-01
81, 2.566250e-01, 5.048123e-01
82, 2.568920e-01, 5.532606e-01
83, 2.663729e-01, 2.424451e-01
84, 2.669433e-01, 4.050533e-01
85, 2.669433e-01, 3.985539e-01
86, 2.689543e-01, 3.748241e-01
87, 2.689543e-01, 3.960044e-01
88, 2.691826e-01, 3.705486e-01
89, 2.693320e-01, 7.321481e-01
90, 2.693320e-01, 7.283103e-01
91, 2.698646e-01, 8.065671e-01
92, 2.698646e-01, 7.844988e-01
93, 2.703399e-01, 7.808640e-01
94, 2.706864e-01, 2.449358e-01
95, 2.706943e-01, 2.485871e-01
96, 2.714746e-01, 6.570594e-01
97, 2.716668e-01, 7.341374e-01
98, 2.719720e-01, 3.240782e-01
99, 2.725625e-01, 4.513171e-01
100, 2.787125e-01, 4.254094e-01
101, 2.813764e-01, 3.494324e-01
102, 2.831035e-01, 5.035299e-01
103, 2.831035e-01, 4.998659e-01
104, 2.838015e-01, 2.994439e-01
105, 2.838015e-01, 2.966062e-01
106, 2.850011e-01, 4.728572e-01
107, 2.858643e-01, 2.748560e-01
108, 2.858643e-01, 2.939911e-01
109, 2.872055e-01, 3.490425e-01
110, 2.874569e-01, 4.289672e-01
111, 2.962464e-01, 5.263056e-01
112, 2.969232e-01, 1.966584e-01
113, 2.974310e-01, 4.513171e-01
114, 2.983519e-01, 6.541923e-01
115, 2.985528e-01, 6.070263e-01
116, 2.988976e-01, 3.693041e-01
117, 2.988976e-01, 3.745347e-01
118, 2.991010e-01, 4.491211e-01
119, 2.996011e-01, 3.960044e-01
120, 3.001355e-01, 3.255528e-01
121, 3.003384e-01, 4.001844e-01
122, 3.105897e-01, 3.490425e-01
123, 3.106598e-01, 2.204629e-01
124, 3.113937e-01, 3.450622e-01
125, 3.117041e-01, 7.101710e-01
126, 3.117041e-01, 7.057593e-01
127, 3.118511e-01, 6.300713e-01
128, 3.123371e-01, 2.939911e-01
129, 3.123371e-01, 2.972332e-01
130, 3.126617e-01, 8.336541e-01
131, 3.129145e-01, 2.748560e-01
132, 3.130886e-01, 2.678984e-01
133, 3.131522e-01, 3.495937e-01
134, 3.132341e-01, 5.045504e-01
135, 3.139882e-01, 7.028625e-01
136, 3.143619e-01, 5.543639e-01
137, 3.147689e-01, 6.284583e-01
138, 3.226518e-01, 3.255528e-01
139, 3.232666e-01, 7.302081e-01
140, 3.245607e-01, 3.693638e-01
141, 3.254347e-01, 6.539714e-01
142, 3.256832e-01, 6.581565e-01
143, 3.258375e-01, 3.969395e-01
144, 3.259773e-01, 5.744680e-01
145, 3.259773e-01, 5.781580e-01
146, 3.259986e-01, 2.453534e-01
147, 3.262607e-01, 8.062122e-01
148, 3.262607e-01, 7.849112e-01
149, 3.263249e-01, 7.795776e-01
150, 3.265265e-01, 1.921629e-01
151, 3.266682e-01, 8.093819e-01
152, 3.273101e-01, 1.664241e-01
153, 3.274004e-01, 6.065687e-01
154, 3.274004e-01, 6.033955e-01
155, 3.277322e-01, 3.999336e-01
156, 3.278043e-01, 5.804750e-01
157, 3.287337e-01, 2.469044e-01
158, 3.300682e-01, 5.300376e-01
159, 3.302023e-01, 6.515056e-01
160, 3.359692e-01, 3.495937e-01
161, 3.375927e-01, 5.543639e-01
162, 3.399912e-01, 2.213630e-01
163, 3.404711e-01, 4.736531e-01
164, 3.404711e-01, 4.764497e-01
165, 3.405424e-01, 8.404149e-01
166, 3.406795e-01, 2.169415e-01
167, 3.408832e-01, 7.028625e-01
168, 3.410806e-01, 3.466423e-01
169, 3.412684e-01, 2.686260e-01
170, 3.415075e-01, 3.006274e-01
171, 3.429300e-01, 7.063816e-01
172, 3.432613e-01, 2.224553e-01
173, 3.439451e-01, 3.477312e-01
174, 3.535320e-01, 1.946848e-01
175, 3.536379e-01, 3.993423e-01
176, 3.536379e-01, 4.025114e-01
177, 3.537083e-01, 5.300376e-01
178, 3.540680e-01, 5.804750e-01
179, 3.543297e-01, 4.496540e-01
180, 3.550908e-01, 7.274405e-01
181, 3.551000e-01, 7.787670e-01
182, 3.551388e-01, 8.105637e-01
183, 3.556167e-01, 3.968336e-01
184, 3.556167e-01, 3.770460e-01
185, 3.558730e-01, 1.920285e-01
186, 3.559080e-01, 5.781424e-01
187, 3.559080e-01, 5.752311e-01
188, 3.567225e-01, 6.567402e-01
189, 3.569370e-01, 4.479336e-01
190, 3.574929e-01, 3.746675e-01
191, 3.574929e-01, 3.711921e-01
192, 3.588698e-01, 3.252107e-01
193, 3.667363e-01, 4.251825e-01
194, 3.677718e-01, 2.676927e-01
195, 3.677718e-01, 2.731036e-01
196, 3.689038e-01, 6.823919e-01
197, 3.694385e-01, 2.752173e-01
198, 3.695054e-01, 4.744816e-01
199, 3.695474e-01, 6.787352e-01
200, 3.696791e-01, 5.044113e-01
201, 3.696997e-01, 8.386796e-01
202, 3.701641e-01, 3.447830e-01
203, 3.737154e-01, 8.314686e-01
204, 3.821966e-01, 6.568417e-01
205, 3.825810e-01, 7.859556e-01
206, 3.831764e-01, 1.711564e-01
207, 3.831764e-01, 1.666635e-01
208, 3.832227e-01, 5.739907e-01
209, 3.832227e-01, 5.781424e-01
210, 3.832453e-01, 1.920285e-01
211, 3.838188e-01, 1.985234e-01
212, 3.840274e-01, 6.541368e-01
213, 3.841265e-01, 8.134268e-01
214, 3.843852e-01, 3.968336e-01
215, 3.844596e-01, 5.305831e-01
216, 3.845632e-01, 4.013266e-01
217, 3.851072e-01, 7.827519e-01
218, 3.852945e-01, 2.446426e-01
219, 3.855131e-01, 5.810470e-01
220, 3.855131e-01, 6.008428e-01
221, 3.862395e-01, 4.474721e-01
222, 3.884955e-01, 2.427943e-01
223, 3.945376e-01, 8.314686e-01
224, 3.962015e-01, 2.199817e-01
225, 3.962856e-01, 2.963702e-01
226, 3.962856e-01, 3.000529e-01
227, 3.973986e-01, 7.614750e-01
228, 3.973986e-01, 7.559552e-01
229, 3.974597e-01, 8.331558e-01
230, 3.977837e-01, 4.789179e-01
231, 3.977837e-01, 4.754733e-01
232, 3.979175e-01, 7.037976e-01
233, 3.979910e-01, 7.094339e-01
234, 3.982233e-01, 4.983655e-01
235, 3.982583e-01, 2.752173e-01
236, 3.982583e-01, 2.938693e-01
237, 3.986324e-01, 5.033286e-01
238, 3.987651e-01, 2.214619e-01
239, 3.987651e-01, 2.249979e-01
240, 3.988122e-01, 2.680677e-01
241, 3.996866e-01, 7.544769e-01
242, 4.006800e-01, 8.346991e-01
243, 4.013459e-01, 3.449423e-01
244, 4.087131e-01, 3.215476e-01
245, 4.090419e-01, 2.427943e-01
246, 4.097002e-01, 7.827519e-01
247, 4.106345e-01, 5.241127e-01
248, 4.111562e-01, 7.322321e-01
249, 4.115608e-01, 3.231907e-01
250, 4.115608e-01, 3.272532e-01
251, 4.122104e-01, 1.927558e-01
252, 4.122104e-01, 1.986431e-01
253, 4.122799e-01, 1.712438e-01
254, 4.122799e-01, 1.650602e-01
255, 4.126467e-01, 6.063301e-01
256, 4.127493e-01, 5.765579e-01
257, 4.130153e-01, 6.566221e-01
258, 4.137707e-01, 7.338695e-01
259, 4.147544e-01, 3.213467e-01
260, 4.164611e-01, 5.323680e-01
261, 4.217684e-01, 3.449423e-01
262, 4.253282e-01, 4.794752e-01
263, 4.259019e-01, 2.938693e-01
264, 4.261434e-01, 5.491262e-01
265, 4.265645e-01, 3.009056e-01
266, 4.268009e-01, 2.681181e-01
267, 4.272367e-01, 4.734027e-01
268, 4.272367e-01, 4.770549e-01
269, 4.289868e-01, 8.354665e-01
270, 4.358256e-01, 5.323680e-01
271, 4.360139e-01, 7.338695e-01
272, 4.380403e-01, 3.751477e-01
273, 4.380403e-01, 3.685021e-01
274, 4.393317e-01, 7.319537e-01
275, 4.404106e-01, 3.278274e-01
276, 4.406111e-01, 1.644035e-01
277, 4.406934e-01, 7.295954e-01
278, 4.410260e-01, 3.789341e-01
279, 4.419608e-01, 5.259766e-01
280, 4.419608e-01, 5.288255e-01
281, 4.430783e-01, 7.282184e-01
282, 4.432787e-01, 1.948076e-01
283, 4.504022e-01, 3.470798e-01
284, 4.529430e-01, 8.381549e-01
285, 4.529430e-01, 8.354665e-01
286, 4.533420e-01, 7.580881e-01
287, 4.538493e-01, 2.733751e-01
288, 4.538493e-01, 2.947096e-01
289, 4.538990e-01, 2.229618e-01
290, 4.542193e-01, 2.998771e-01
291, 4.543065e-01, 7.087607e-01
292, 4.543065e-01, 7.053759e-01
293, 4.543780e-01, 6.816251e-01
294, 4.543780e-01, 6.789814e-01
295, 4.545090e-01, 2.707628e-01
296, 4.547727e-01, 8.322976e-01
297, 4.549279e-01, 4.994310e-01
298, 4.556079e-01, 5.023271e-01
299, 4.557410e-01, 2.164038e-01
300, 4.557410e-01, 2.193246e-01
301, 4.567962e-01, 7.576243e-01
302, 4.570441e-01, 3.465955e-01
303, 4.655347e-01, 7.282184e-01
304, 4.663638e-01, 5.289258e-01
305, 4.664055e-01, 2.446347e-01
306, 4.680461e-01, 4.498555e-01
307, 4.681898e-01, 7.838668e-01
308, 4.681898e-01, 7.767827e-01
309, 4.682269e-01, 6.065207e-01
310, 4.685247e-01, 3.789341e-01
311, 4.686716e-01, 7.300297e-01
312, 4.697141e-01, 5.269913e-01
313, 4.701190e-01, 7.863125e-01
314, 4.701190e-01, 8.058242e-01
315, 4.706967e-01, 7.335357e-01
316, 4.713084e-01, 3.754050e-01
317, 4.713084e-01, 3.713147e-01
318, 4.715060e-01, 4.514307e-01
319, 4.791040e-01, 7.579056e-01
320, 4.805942e-01, 6.300036e-01
321, 4.810202e-01, 3.461485e-01
322, 4.811480e-01, 8.319931e-01
323, 4.822746e-01, 5.002930e-01
324, 4.828071e-01, 2.980797e-01
325, 4.828071e-01, 2.951789e-01
326, 4.829150e-01, 5.039118e-01
327, 4.833295e-01, 2.725384e-01
328, 4.835936e-01, 4.723630e-01
329, 4.837764e-01, 2.687665e-01
330, 4.861602e-01, 4.269214e-01
331, 4.947254e-01, 7.340624e-01
332, 4.953518e-01, 5.271565e-01
333, 4.956727e-01, 4.514307e-01
334, 4.963422e-01, 7.863125e-01
335, 4.967231e-01, 1.715466e-01
336, 4.969126e-01, 1.649382e-01
337, 4.972307e-01, 5.747978e-01
338, 4.972307e-01, 5.796336e-01
339, 4.974561e-01, 8.119046e-01
340, 4.975703e-01, 6.028056e-01
341, 4.976741e-01, 6.531854e-01
342, 4.976741e-01, 6.573483e-01
343, 4.977601e-01, 6.086608e-01
344, 4.982853e-01, 7.796209e-01
345, 4.982853e-01, 7.838483e-01
346, 4.998198e-01, 5.291863e-01
347, 5.095413e-01, 3.471898e-01
348, 5.101742e-01, 3.534017e-01
349, 5.121719e-01, 7.100061e-01
350, 5.123829e-01, 2.994561e-01
351, 5.137265e-01, 8.352855e-01
352, 5.144244e-01, 3.451011e-01
353, 5.218159e-01, 3.735760e-01
354, 5.236748e-01, 5.291863e-01
355, 5.239653e-01, 4.485124e-01
356, 5.243213e-01, 8.072367e-01
357, 5.243213e-01, 8.108956e-01
358, 5.247395e-01, 3.749332e-01
359, 5.249530e-01, 1.614101e-01
360, 5.260993e-01, 5.277864e-01
361, 5.261095e-01, 8.049699e-01
362, 5.263146e-01, 6.580983e-01
363, 5.266091e-01, 3.773034e-01
364, 5.272374e-01, 4.504017e-01
365, 5.379948e-01, 2.645719e-01
366, 5.379948e-01, 2.725538e-01
367, 5.384484e-01, 3.451011e-01
368, 5.386143e-01, 4.242855e-01
369, 5.392785e-01, 4.719458e-01
370, 5.392785e-01, 4.770467e-01
371, 5.395029e-01, 6.298701e-01
372, 5.397116e-01, 7.552844e-01
373, 5.397236e-01, 4.994503e-01
374, 5.397388e-01, 7.591028e-01
375, 5.400288e-01, 5.044366e-01
376, 5.408993e-01, 2.762359e-01
377, 5.425480e-01, 6.274649e-01
378, 5.489081e-01, 2.456600e-01
379, 5.532203e-01, 1.729483e-01
380, 5.532203e-01, 1.610689e-01
381, 5.535479e-01, 7.839823e-01
382, 5.535808e-01, 3.974513e-01
383, 5.536513e-01, 1.929937e-01
384, 5.542458e-01, 8.049699e-01
385, 5.546491e-01, 6.036125e-01
386, 5.546491e-01, 6.064945e-01
387, 5.548629e-01, 3.682907e-01
388, 5.561457e-01, 8.081588e-01
389, 5.576451e-01, 4.528569e-01
390, 5.613493e-01, 2.477515e-01
391, 5.664818e-01, 4.266261e-01
392, 5.677248e-01, 8.351461e-01
393, 5.683164e-01, 4.713495e-01
394, 5.686801e-01, 2.978369e-01
395, 5.686801e-01, 2.946882e-01
396, 5.687535e-01, 2.762359e-01
397, 5.698889e-01, 3.492127e-01
398, 5.703734e-01, 6.295647e-01
399, 5.705899e-01, 2.739070e-01
400, 5.705899e-01, 2.637648e-01
401, 5.789877e-01, 4.528569e-01
402, 5.798305e-01, 2.477515e-01
403, 5.808090e-01, 5.283819e-01
404, 5.816829e-01, 3.229420e-01
405, 5.818849e-01, 5.797246e-01
406, 5.824572e-01, 7.800453e-01
407, 5.824572e-01, 7.848674e-01
408, 5.824635e-01, 5.263108e-01
409, 5.825663e-01, 2.424226e-01
410, 5.828093e-01, 3.761821e-01
411, 5.831267e-01, 1.734949e-01
412, 5.831539e-01, 3.721999e-01
413, 5.840843e-01, 6.545177e-01
414, 5.848017e-01, 3.235931e-01
415, 5.848341e-01, 1.648188e-01
416, 5.848341e-01, 1.713295e-01
417, 5.948495e-01, 4.788576e-01
418, 5.949553e-01, 5.512764e-01
419, 5.955852e-01, 5.575456e-01
420, 5.960201e-01, 2.989744e-01
421, 5.960201e-01, 2.945950e-01
422, 5.960454e-01, 2.739070e-01
423, 5.961325e-01, 4.254726e-01
424, 5.961856e-01, 7.035865e-01
425, 5.961856e-01, 6.830985e-01
426, 5.963423e-01, 6.754117e-01
427, 5.966905e-01, 2.688881e-01
428, 5.967624e-01, 7.091420e-01
429, 5.967643e-01, 4.217329e-01
430, 5.984657e-01, 7.584221e-01
431, 6.021762e-01, 5.478370e-01
432, 6.092618e-01, 7.307872e-01
433, 6.092714e-01, 1.633498e-01
434, 6.095197e-01, 7.852396e-01
435, 6.095197e-01, 8.056444e-01
436, 6.098872e-01, 2.417558e-01
437, 6.099796e-01, 5.263108e-01
438, 6.100446e-01, 3.681718e-01
439, 6.100446e-01, 3.757450e-01
440, 6.101306e-01, 3.978706e-01
441, 6.101638e-01, 8.127435e-01
442, 6.103704e-01, 6.066387e-01
443, 6.103704e-01, 6.022805e-01
444, 6.106185e-01, 4.498330e-01
445, 6.115703e-01, 4.532536e-01
446, 6.143180e-01, 7.289768e-01
447, 6.211732e-01, 3.488868e-01
448, 6.216622e-01, 5.478370e-01
449, 6.233856e-01, 2.173054e-01
450, 6.244868e-01, 2.945629e-01
451, 6.244868e-01, 3.024400e-01
452, 6.248013e-01, 6.828999e-01
453, 6.248013e-01, 7.043178e-01
454, 6.252453e-01, 7.100407e-01
455, 6.254042e-01, 6.779586e-01
456, 6.276931e-01, 8.345854e-01
457, 6.294692e-01, 2.237034e-01
458, 6.308799e-01, 7.535963e-01
459, 6.361726e-01, 7.289768e-01
460, 6.363708e-01, 3.230089e-01
461, 6.368887e-01, 1.939053e-01
462, 6.387362e-01, 6.097405e-01
463, 6.387926e-01, 3.982296e-01
464, 6.387926e-01, 4.040948e-01
465, 6.390086e-01, 2.509958e-01
466, 6.390276e-01, 4.534902e-01
467, 6.394694e-01, 3.758540e-01
468, 6.396143e-01, 5.811406e-01
469, 6.398546e-01, 8.135104e-01
470, 6.398546e-01, 8.064609e-01
471, 6.398727e-01, 7.311133e-01
472, 6.398727e-01, 7.380124e-01
473, 6.399161e-01, 2.418071e-01
474, 6.400604e-01, 3.723722e-01
475, 6.400697e-01, 5.769512e-01
476, 6.488656e-01, 7.535963e-01
477, 6.503630e-01, 2.237034e-01
478, 6.506039e-01, 4.245380e-01
479, 6.520161e-01, 8.345854e-01
480, 6.530948e-01, 6.783421e-01
481, 6.530948e-01, 6.821353e-01
482, 6.532357e-01, 7.085731e-01
483, 6.532357e-01, 7.048809e-01
484, 6.544681e-01, 3.023851e-01
485, 6.546110e-01, 2.212506e-01
486, 6.546492e-01, 7.569372e-01
487, 6.549205e-01, 7.027449e-01
488, 6.549205e-01, 6.844498e-01
489, 6.549324e-01, 2.178659e-01
490, 6.564055e-01, 8.370758e-01
491, 6.670554e-01, 5.805631e-01
492, 6.670554e-01, 5.733621e-01
493, 6.671915e-01, 4.037336e-01
494, 6.676417e-01, 1.710538e-01
495, 6.683029e-01, 7.805384e-01
496, 6.683029e-01, 7.841743e-01
497, 6.683118e-01, 3.751045e-01
498, 6.683212e-01, 1.648922e-01
499, 6.683213e-01, 3.706221e-01
500, 6.686224e-01, 2.457190e-01
501, 6.706896e-01, 6.556304e-01
502, 6.782980e-01, 5.539032e-01
503, 6.783539e-01, 8.370758e-01
504, 6.802062e-01, 7.027449e-01
505, 6.802062e-01, 6.844498e-01
506, 6.811073e-01, 6.312809e-01
507, 6.811485e-01, 4.997283e-01
508, 6.811485e-01, 5.028692e-01
509, 6.814508e-01, 4.776484e-01
510, 6.818240e-01, 4.725006e-01
511, 6.823895e-01, 2.731572e-01
512, 6.823895e-01, 2.950469e-01
513, 6.824262e-01, 2.990691e-01
514, 6.825651e-01, 8.346442e-01
515, 6.826295e-01, 6.762963e-01
516, 6.826295e-01, 6.813767e-01
517, 6.826725e-01, 2.694448e-01
518, 6.835688e-01, 4.249036e-01
519, 6.949515e-01, 3.714456e-01
520, 6.951969e-01, 3.231696e-01
521, 6.955065e-01, 7.844192e-01
522, 6.955065e-01, 7.804061e-01
523, 6.955333e-01, 3.959510e-01
524, 6.955333e-01, 4.041952e-01
525, 6.957379e-01, 8.051702e-01
526, 6.965552e-01, 5.812728e-01
527, 6.968216e-01, 5.740209e-01
528, 6.990960e-01, 6.523573e-01
529, 6.996925e-01, 3.249761e-01
530, 7.004898e-01, 4.477037e-01
531, 7.074978e-01, 4.249036e-01
532, 7.082504e-01, 7.564006e-01
533, 7.089991e-01, 3.411037e-01
534, 7.091485e-01, 4.739973e-01
535, 7.098177e-01, 8.309147e-01
536, 7.100713e-01, 7.089716e-01
537, 7.108366e-01, 5.046955e-01
538, 7.129923e-01, 3.506387e-01
539, 7.144570e-01, 7.538642e-01
540, 7.183123e-01, 3.249761e-01
541, 7.229879e-01, 1.983994e-01
542, 7.230805e-01, 5.280251e-01
543, 7.239809e-01, 5.750606e-01
544, 7.239809e-01, 5.809350e-01
545, 7.241612e-01, 1.721722e-01
546, 7.245046e-01, 7.364647e-01
547, 7.245908e-01, 1.653432e-01
548, 7.246070e-01, 3.707519e-01
549, 7.246070e-01, 3.766642e-01
550, 7.249546e-01, 7.847128e-01
551, 7.250870e-01, 3.951171e-01
552, 7.257957e-01, 4.053510e-01
553, 7.273193e-01, 7.304540e-01
554, 7.345452e-01, 7.538642e-01
555, 7.362135e-01, 3.506387e-01
556, 7.379679e-01, 2.681244e-01
557, 7.379679e-01, 2.728264e-01
558, 7.381798e-01, 5.482267e-01
559, 7.382321e-01, 3.001513e-01
560, 7.385715e-01, 8.360771e-01
561, 7.386605e-01, 5.074400e-01
562, 7.388706e-01, 6.825228e-01
563, 7.388706e-01, 7.034851e-01
564, 7.391722e-01, 6.778337e-01
565, 7.392602e-01, 4.781847e-01
566, 7.392602e-01, 4.724018e-01
567, 7.393661e-01, 7.095777e-01
568, 7.396607e-01, 2.749732e-01
569, 7.403602e-01, 3.482444e-01
570, 7.463984e-01, 2.165091e-01
571, 7.497889e-01, 5.267246e-01
572, 7.502859e-01, 3.210143e-01
573, 7.506635e-01, 2.458205e-01
574, 7.514133e-01, 1.716275e-01
575, 7.514133e-01, 1.619651e-01
576, 7.519154e-01, 8.141098e-01
577, 7.524721e-01, 7.842527e-01
578, 7.524721e-01, 7.810365e-01
579, 7.526721e-01, 3.772728e-01
580, 7.534202e-01, 5.270772e-01
581, 7.534288e-01, 3.701941e-01
582, 7.535419e-01, 1.914066e-01
583, 7.535419e-01, 1.743270e-01
584, 7.536917e-01, 2.038703e-01
585, 7.541735e-01, 2.458963e-01
586, 7.566197e-01, 5.289246e-01
587, 7.609850e-01, 2.165091e-01
588, 7.621791e-01, 8.318960e-01
589, 7.659948e-01, 4.786359e-01
590, 7.663101e-01, 8.342813e-01
591, 7.669476e-01, 5.036352e-01
592, 7.669966e-01, 7.538046e-01
593, 7.672002e-01, 2.749732e-01
594, 7.675855e-01, 4.271209e-01
595, 7.678215e-01, 2.690965e-01
596, 7.679273e-01, 4.228822e-01
597, 7.792286e-01, 7.326075e-01
598, 7.806916e-01, 3.763131e-01
599, 7.807789e-01, 1.743270e-01
600, 7.808793e-01, 3.717045e-01
601, 7.810860e-01, 3.198376e-01
602, 7.813150e-01, 7.813344e-01
603, 7.813150e-01, 7.851733e-01
604, 7.815212e-01, 6.553568e-01
605, 7.815782e-01, 8.125113e-01
606, 7.815782e-01, 8.053630e-01
607, 7.816325e-01, 6.520141e-01
608, 7.816953e-01, 1.993429e-01
609, 7.825176e-01, 6.060752e-01
610, 7.832231e-01, 1.712284e-01
611, 7.832231e-01, 1.627300e-01
612, 7.843630e-01, 5.257442e-01
613, 7.928049e-01, 5.509194e-01
614, 7.934535e-01, 6.298951e-01
615, 7.934535e-01, 6.250130e-01
616, 7.947988e-01, 7.078034e-01
617, 7.950380e-01, 2.666509e-01
618, 7.950380e-01, 2.741853e-01
619, 7.952207e-01, 2.951608e-01
620, 7.954624e-01, 5.524528e-01
621, 7.957817e-01, 4.228755e-01
622, 7.958529e-01, 7.543345e-01
623, 7.960258e-01, 5.004716e-01
624, 7.960258e-01, 5.055476e-01
625, 7.961922e-01, 4.764885e-01
626, 7.973607e-01, 8.322869e-01
627, 7.976942e-01, 2.227267e-01
628, 7.986906e-01, 6.334773e-01
629, 7.999202e-01, 5.498789e-01
630, 8.062871e-01, 6.027734e-01
631, 8.065117e-01, 2.467679e-01
632, 8.084550e-01, 7.785446e-01
633, 8.084793e-01, 5.755908e-01
634, 8.098979e-01, 4.539394e-01
635, 8.099319e-01, 3.760752e-01
636, 8.099319e-01, 3.707449e-01
637, 8.101732e-01, 2.446537e-01
638, 8.206876e-01, 7.573723e-01
639, 8.221243e-01, 5.498789e-01
640, 8.223358e-01, 6.816168e-01
641, 8.225560e-01, 6.773760e-01
642, 8.229056e-01, 2.950432e-01
643, 8.229056e-01, 2.745345e-01
644, 8.232015e-01, 7.096394e-01
645, 8.232113e-01, 7.559151e-01
646, 8.232521e-01, 3.031968e-01
647, 8.238003e-01, 5.023637e-01
648, 8.244500e-01, 6.237222e-01
649, 8.252612e-01, 2.193766e-01
650, 8.264492e-01, 5.504029e-01
651, 8.336990e-01, 3.212785e-01
652, 8.364598e-01, 4.038109e-01
653, 8.364598e-01, 3.974571e-01
654, 8.372229e-01, 1.643353e-01
655, 8.373563e-01, 7.364460e-01
656, 8.374698e-01, 7.868596e-01
657, 8.377105e-01, 1.938525e-01
658, 8.377105e-01, 1.978029e-01
659, 8.382199e-01, 5.824309e-01
660, 8.383489e-01, 3.696403e-01
661, 8.383489e-01, 3.760779e-01
662, 8.386314e-01, 3.947040e-01
663, 8.397196e-01, 7.840074e-01
664, 8.397196e-01, 7.779400e-01
665, 8.405537e-01, 6.525651e-01
666, 8.407087e-01, 5.744748e-01
667, 8.407087e-01, 5.792757e-01
668, 8.411747e-01, 6.028549e-01
669, 8.419410e-01, 4.520635e-01
670, 8.441969e-01, 7.282229e-01
671, 2.128988e-01, 1.688303e-01
672, 2.982303e-01, 1.696620e-01
673, 4.686183e-01, 1.700392e-01
674, 8.097318e-01, 1.704700e-01
675, 1.563927e-01, 1.702478e-01
676, 1.846257e-01, 1.704734e-01
677, 2.423495e-01, 1.689314e-01
678, 2.696814e-01, 1.696899e-01
679, 3.269183e-01, 1.703201e-01
680, 3.553395e-01, 1.704898e-01
681, 4.400342e-01, 1.713122e-01
682, 5.256006e-01, 1.721273e-01
683, 6.097674e-01, 1.719583e-01
684, 6.399293e-01, 1.713916e-01
685, 6.965064e-01, 1.711823e-01
686, 8.376747e-01, 1.713122e-01
687, 2.419650e-01, 1.939003e-01
688, 2.704375e-01, 1.942714e-01
689, 2.975626e-01, 1.929739e-01
690, 3.285151e-01, 1.952731e-01
691, 4.401824e-01, 1.927873e-01
692, 4.687322e-01, 1.939861e-01
693, 4.974355e-01, 1.950858e-01
694, 5.257057e-01, 1.936814e-01
695, 5.827648e-01, 1.947286e-01
696, 6.105514e-01, 1.943695e-01
697, 6.677925e-01, 1.944123e-01
698, 6.965155e-01, 1.950671e-01
699, 7.235745e-01, 1.921503e-01
700, 7.812371e-01, 1.921774e-01
701, 8.099328e-01, 1.932576e-01
702, 2.116554e-01, 1.948025e-01
703, 5.394807e-01, 2.204438e-01
704, 6.400954e-01, 1.931322e-01
705, 1.707309e-01, 2.204292e-01
706, 2.281676e-01, 2.206267e-01
707, 2.548032e-01, 2.204580e-01
708, 2.841600e-01, 2.206204e-01
709, 3.130089e-01, 2.223313e-01
710, 3.693039e-01, 2.215233e-01
711, 4.834467e-01, 2.210068e-01
712, 6.824607e-01, 2.210756e-01
713, 7.371491e-01, 2.221256e-01
714, 7.690888e-01, 2.201611e-01
715, 7.941578e-01, 2.200729e-01
716, 1.996301e-01, 2.220926e-01
717, 4.257944e-01, 2.217774e-01
718, 5.118799e-01, 2.206700e-01
719, 4.967396e-01, 2.455102e-01
720, 5.693422e-01, 2.213057e-01
721, 5.968014e-01, 2.210580e-01
722, 6.225952e-01, 2.206471e-01
723, 7.099090e-01, 2.203059e-01
724, 6.955800e-01, 2.453976e-01
725, 8.234469e-01, 2.222678e-01
726, 1.555540e-01, 2.445412e-01
727, 2.128193e-01, 2.458354e-01
728, 4.405122e-01, 2.449928e-01
729, 6.394623e-01, 2.465048e-01
730, 8.384549e-01, 2.456718e-01
731, 1.848326e-01, 2.449251e-01
732, 2.397839e-01, 2.457881e-01
733, 2.988262e-01, 2.451385e-01
734, 2.835478e-01, 2.713824e-01
735, 3.546644e-01, 2.459858e-01
736, 3.812490e-01, 2.449471e-01
737, 4.129894e-01, 2.450172e-01
738, 4.694657e-01, 2.460124e-01
739, 5.255858e-01, 2.458104e-01
740, 5.107367e-01, 2.712523e-01
741, 5.533176e-01, 2.437991e-01
742, 5.833278e-01, 2.466115e-01
743, 6.100943e-01, 2.471710e-01
744, 7.246491e-01, 2.459326e-01
745, 7.097715e-01, 2.720814e-01
746, 7.824873e-01, 2.461858e-01
747, 8.249507e-01, 2.707396e-01
748, 2.263075e-01, 2.728134e-01
749, 2.562210e-01, 2.726949e-01
750, 3.406643e-01, 2.738694e-01
751, 4.263514e-01, 2.739451e-01
752, 6.260219e-01, 2.725384e-01
753, 6.522105e-01, 2.724928e-01
754, 1.700939e-01, 2.969609e-01
755, 2.273488e-01, 2.965860e-01
756, 3.407839e-01, 2.941763e-01
757, 3.699282e-01, 2.957147e-01
758, 5.117893e-01, 2.952695e-01
759, 5.403731e-01, 2.953553e-01
760, 6.539463e-01, 2.943853e-01
761, 7.099694e-01, 2.963809e-01
762, 7.389464e-01, 2.946333e-01
763, 7.680478e-01, 2.961020e-01
764, 2.973546e-01, 3.235558e-01
765, 3.844527e-01, 3.210405e-01
766, 1.568577e-01, 3.232980e-01
767, 2.127215e-01, 3.230205e-01
768, 2.683218e-01, 3.223860e-01
769, 3.282083e-01, 3.224049e-01
770, 3.544937e-01, 3.222805e-01
771, 4.404457e-01, 3.219142e-01
772, 4.689930e-01, 3.247042e-01
773, 5.256926e-01, 3.234158e-01
774, 4.975405e-01, 3.245956e-01
775, 5.538543e-01, 3.252198e-01
776, 6.114284e-01, 3.233010e-01
777, 7.542318e-01, 3.238629e-01
778, 8.106650e-01, 3.232115e-01
779, 8.383502e-01, 3.232475e-01
780, 1.847521e-01, 3.229032e-01
781, 2.418298e-01, 3.213841e-01
782, 2.846297e-01, 3.467764e-01
783, 3.821188e-01, 3.248293e-01
784, 6.400960e-01, 3.241079e-01
785, 6.673742e-01, 3.233150e-01
786, 7.248153e-01, 3.215117e-01
787, 7.809722e-01, 3.246415e-01
788, 1.704530e-01, 3.478375e-01
789, 3.702218e-01, 3.483825e-01
790, 3.962481e-01, 3.490335e-01
791, 4.278644e-01, 3.488355e-01
792, 4.837305e-01, 3.487578e-01
793, 5.660596e-01, 3.473776e-01
794, 7.668496e-01, 3.473119e-01
795, 1.979251e-01, 3.485757e-01
796, 2.272575e-01, 3.482185e-01
797, 2.420839e-01, 3.748632e-01
798, 5.418321e-01, 3.468119e-01
799, 5.971821e-01, 3.482817e-01
800, 6.248834e-01, 3.470808e-01
801, 6.548471e-01, 3.483712e-01
802, 6.811130e-01, 3.485432e-01
803, 7.084658e-01, 3.486426e-01
804, 7.954278e-01, 3.468615e-01
805, 8.248349e-01, 3.476595e-01
806, 2.137161e-01, 3.745373e-01
807, 3.251991e-01, 3.762364e-01
808, 3.839835e-01, 3.745314e-01
809, 4.119493e-01, 3.754171e-01
810, 4.971130e-01, 3.746889e-01
811, 5.544208e-01, 3.767427e-01
812, 6.955712e-01, 3.758783e-01
813, 1.571485e-01, 3.989667e-01
814, 2.141338e-01, 3.995337e-01
815, 4.121714e-01, 3.993281e-01
816, 4.402198e-01, 3.974252e-01
817, 4.694418e-01, 3.982947e-01
818, 5.256159e-01, 3.992958e-01
819, 5.830919e-01, 3.978557e-01
820, 6.677517e-01, 3.966611e-01
821, 7.812716e-01, 3.974639e-01
822, 7.529533e-01, 3.967335e-01
823, 8.093488e-01, 3.987962e-01
824, 2.416707e-01, 3.985665e-01
825, 3.139628e-01, 4.247136e-01
826, 3.410220e-01, 4.246477e-01
827, 4.252028e-01, 4.242483e-01
828, 4.547157e-01, 4.255805e-01
829, 4.972231e-01, 3.985580e-01
830, 4.831768e-01, 4.241305e-01
831, 5.689605e-01, 4.243501e-01
832, 1.704654e-01, 4.258940e-01
833, 1.986644e-01, 4.263152e-01
834, 2.278425e-01, 4.264039e-01
835, 2.560113e-01, 4.252390e-01
836, 3.697690e-01, 4.261688e-01
837, 3.982913e-01, 4.260006e-01
838, 5.399654e-01, 4.275067e-01
839, 6.263820e-01, 4.246319e-01
840, 6.807282e-01, 4.270431e-01
841, 7.121837e-01, 4.275363e-01
842, 7.950770e-01, 4.265793e-01
843, 2.833563e-01, 4.273444e-01
844, 3.117879e-01, 4.285045e-01
845, 5.103827e-01, 4.260281e-01
846, 4.977431e-01, 4.477408e-01
847, 6.535930e-01, 4.258908e-01
848, 7.378774e-01, 4.265602e-01
849, 8.251359e-01, 4.265566e-01
850, 2.408660e-01, 4.489289e-01
851, 2.698455e-01, 4.493061e-01
852, 3.253400e-01, 4.493121e-01
853, 3.828379e-01, 4.495050e-01
854, 4.404388e-01, 4.500528e-01
855, 5.824281e-01, 4.501395e-01
856, 6.394609e-01, 4.494856e-01
857, 6.682278e-01, 4.495311e-01
858, 7.813789e-01, 4.495569e-01
859, 8.100947e-01, 4.488185e-01
860, 8.381773e-01, 4.490902e-01
861, 1.562514e-01, 4.501630e-01
862, 1.850535e-01, 4.502361e-01
863, 2.117519e-01, 4.507462e-01
864, 3.116718e-01, 4.754061e-01
865, 4.125262e-01, 4.491491e-01
866, 5.522281e-01, 4.504016e-01
867, 6.946802e-01, 4.503090e-01
868, 7.241558e-01, 4.482109e-01
869, 7.530322e-01, 4.491321e-01
870, 7.676882e-01, 4.753225e-01
871, 1.702621e-01, 4.767647e-01
872, 2.279422e-01, 4.768231e-01
873, 2.550344e-01, 4.775298e-01
874, 2.842368e-01, 4.771819e-01
875, 3.701993e-01, 4.780378e-01
876, 4.543539e-01, 4.772261e-01
877, 4.829341e-01, 4.776748e-01
878, 5.118465e-01, 4.769427e-01
879, 5.688079e-01, 4.782343e-01
880, 5.977050e-01, 4.760239e-01
881, 6.251730e-01, 4.759066e-01
882, 6.530764e-01, 4.771042e-01
883, 7.095467e-01, 4.776800e-01
884, 8.237900e-01, 4.775398e-01
885, 1.691062e-01, 4.998162e-01
886, 2.279432e-01, 4.992118e-01
887, 2.560746e-01, 4.991681e-01
888, 3.125463e-01, 5.002703e-01
889, 3.404699e-01, 5.005234e-01
890, 3.702862e-01, 4.991350e-01
891, 5.112158e-01, 5.002774e-01
892, 5.688498e-01, 5.008630e-01
893, 5.956952e-01, 5.010220e-01
894, 6.252854e-01, 5.011369e-01
895, 6.540059e-01, 5.005227e-01
896, 7.103907e-01, 4.999100e-01
897, 7.391382e-01, 4.998694e-01
898, 7.664712e-01, 4.998677e-01
899, 8.241972e-01, 4.991867e-01
900, 3.253602e-01, 5.268376e-01
901, 4.259177e-01, 4.991574e-01
902, 8.384558e-01, 5.285095e-01
903, 1.562476e-01, 5.278304e-01
904, 1.845146e-01, 5.284443e-01
905, 2.136498e-01, 5.293081e-01
906, 2.424896e-01, 5.279370e-01
907, 2.692574e-01, 5.268568e-01
908, 2.992767e-01, 5.286581e-01
909, 3.560875e-01, 5.272664e-01
910, 3.835491e-01, 5.274272e-01
911, 4.110754e-01, 5.287490e-01
912, 5.541399e-01, 5.286073e-01
913, 6.119226e-01, 5.298228e-01
914, 6.386934e-01, 5.278518e-01
915, 6.684972e-01, 5.273443e-01
916, 7.268666e-01, 5.271091e-01
917, 8.086659e-01, 5.263134e-01
918, 7.805335e-01, 5.283427e-01
919, 8.110223e-01, 5.299608e-01
920, 3.114141e-01, 5.520600e-01
921, 3.418841e-01, 5.511874e-01
922, 6.959489e-01, 5.286902e-01
923, 7.684633e-01, 5.501716e-01
924, 1.981649e-01, 5.518563e-01
925, 2.277736e-01, 5.532427e-01
926, 2.847510e-01, 5.532589e-01
927, 4.257418e-01, 5.530941e-01
928, 4.542214e-01, 5.520829e-01
929, 5.409141e-01, 5.522864e-01
930, 5.670789e-01, 5.529014e-01
931, 6.266564e-01, 5.527827e-01
932, 7.670785e-01, 5.544406e-01
933, 2.138579e-01, 5.788611e-01
934, 2.404278e-01, 5.778037e-01
935, 2.974694e-01, 5.775736e-01
936, 3.695892e-01, 5.529214e-01
937, 3.965494e-01, 5.524575e-01
938, 4.839557e-01, 5.524098e-01
939, 5.118035e-01, 5.525423e-01
940, 6.544033e-01, 5.533628e-01
941, 6.834728e-01, 5.520210e-01
942, 7.104311e-01, 5.526414e-01
943, 7.385589e-01, 5.531004e-01
944, 1.558679e-01, 5.820101e-01
945, 1.849612e-01, 5.806496e-01
946, 2.711190e-01, 5.782342e-01
947, 4.121313e-01, 5.802636e-01
948, 4.405412e-01, 5.801387e-01
949, 4.678457e-01, 5.801348e-01
950, 5.259535e-01, 5.787692e-01
951, 5.544130e-01, 5.787006e-01
952, 6.098780e-01, 5.808048e-01
953, 7.532825e-01, 5.800764e-01
954, 7.810378e-01, 5.800370e-01
955, 8.091757e-01, 5.815477e-01
956, 1.558318e-01, 6.015730e-01
957, 2.407055e-01, 6.028014e-01
958, 2.129736e-01, 6.039598e-01
959, 2.978924e-01, 6.025580e-01
960, 3.544571e-01, 6.037341e-01
961, 4.120800e-01, 6.015612e-01
962, 3.831262e-01, 6.048267e-01
963, 4.677030e-01, 6.021415e-01
964, 4.406354e-01, 6.031481e-01
965, 5.255565e-01, 6.036066e-01
966, 5.823574e-01, 6.032313e-01
967, 6.391753e-01, 6.008840e-01
968, 6.682573e-01, 6.011413e-01
969, 6.961864e-01, 6.032172e-01
970, 7.244743e-01, 6.023163e-01
971, 7.820252e-01, 6.021492e-01
972, 7.522869e-01, 6.027448e-01
973, 2.697236e-01, 6.031960e-01
974, 6.831148e-01, 6.278867e-01
975, 8.109162e-01, 6.015938e-01
976, 8.375797e-01, 6.017814e-01
977, 1.984473e-01, 6.287242e-01
978, 3.412008e-01, 6.305789e-01
979, 4.553689e-01, 6.292950e-01
980, 4.855056e-01, 6.290774e-01
981, 5.101813e-01, 6.291737e-01
982, 5.674146e-01, 6.278486e-01
983, 5.968410e-01, 6.307872e-01
984, 7.106791e-01, 6.306155e-01
985, 7.676604e-01, 6.293761e-01
986, 7.381390e-01, 6.291844e-01
987, 1.699859e-01, 6.311188e-01
988, 2.564685e-01, 6.308696e-01
989, 2.842686e-01, 6.309823e-01
990, 3.688726e-01, 6.293567e-01
991, 3.979893e-01, 6.295905e-01
992, 4.250524e-01, 6.291688e-01
993, 4.115806e-01, 6.529769e-01
994, 6.250751e-01, 6.300929e-01
995, 6.523490e-01, 6.307628e-01
996, 6.392006e-01, 6.534049e-01
997, 8.231971e-01, 6.329695e-01
998, 8.102863e-01, 6.546173e-01
999, 1.557808e-01, 6.538508e-01
1000, 2.106330e-01, 6.539249e-01
1001, 2.702375e-01, 6.528244e-01
1002, 3.535220e-01, 6.518146e-01
1003, 4.675115e-01, 6.551619e-01
1004, 5.249498e-01, 6.528825e-01
1005, 5.534104e-01, 6.545850e-01
1006, 6.950174e-01, 6.550420e-01
1007, 7.245813e-01, 6.541720e-01
1008, 1.850465e-01, 6.535880e-01
1009, 4.401163e-01, 6.561569e-01
1010, 4.260789e-01, 6.805664e-01
1011, 6.097928e-01, 6.538262e-01
1012, 6.672558e-01, 6.538824e-01
1013, 7.525768e-01, 6.558217e-01
1014, 7.674077e-01, 6.809611e-01
1015, 7.957965e-01, 6.811229e-01
1016, 8.368358e-01, 6.543168e-01
1017, 1.702470e-01, 6.829984e-01
1018, 2.269379e-01, 6.833752e-01
1019, 2.563180e-01, 6.822750e-01
1020, 2.838652e-01, 6.811176e-01
1021, 3.134452e-01, 6.812748e-01
1022, 3.410705e-01, 6.824787e-01
1023, 3.978818e-01, 6.815924e-01
1024, 4.824577e-01, 6.820953e-01
1025, 5.115400e-01, 6.820399e-01
1026, 5.395467e-01, 6.811089e-01
1027, 5.690198e-01, 6.822321e-01
1028, 7.105307e-01, 6.819497e-01
1029, 1.996337e-01, 7.054486e-01
1030, 2.257386e-01, 7.039715e-01
1031, 2.571645e-01, 7.061467e-01
1032, 3.682494e-01, 7.047846e-01
1033, 4.266769e-01, 7.046334e-01
1034, 5.114217e-01, 7.045843e-01
1035, 4.826106e-01, 7.054009e-01
1036, 5.396041e-01, 7.064334e-01
1037, 5.688810e-01, 7.043296e-01
1038, 6.819010e-01, 7.056652e-01
1039, 7.106271e-01, 7.041897e-01
1040, 7.675371e-01, 7.052418e-01
1041, 7.951953e-01, 7.039433e-01
1042, 8.227686e-01, 7.039896e-01
1043, 2.837857e-01, 7.055709e-01
1044, 2.130070e-01, 7.324217e-01
1045, 3.833572e-01, 7.321179e-01
1046, 3.544160e-01, 7.322704e-01
1047, 5.824774e-01, 7.334827e-01
1048, 6.674867e-01, 7.321050e-01
1049, 7.236876e-01, 7.316078e-01
1050, 6.958303e-01, 7.334256e-01
1051, 8.097567e-01, 7.315641e-01
1052, 8.364914e-01, 7.316705e-01
1053, 1.560934e-01, 7.329662e-01
1054, 1.836218e-01, 7.324862e-01
1055, 2.973085e-01, 7.329493e-01
1056, 2.835922e-01, 7.563144e-01
1057, 3.280966e-01, 7.328011e-01
1058, 4.248923e-01, 7.538096e-01
1059, 4.981715e-01, 7.325279e-01
1060, 5.255504e-01, 7.325948e-01
1061, 5.114041e-01, 7.555191e-01
1062, 5.540213e-01, 7.326467e-01
1063, 7.535309e-01, 7.317860e-01
1064, 7.822865e-01, 7.315854e-01
1065, 2.563112e-01, 7.568062e-01
1066, 4.269761e-01, 7.588464e-01
1067, 5.690873e-01, 7.558471e-01
1068, 5.948924e-01, 7.561506e-01
1069, 6.244942e-01, 7.577029e-01
1070, 6.822889e-01, 7.566005e-01
1071, 7.397509e-01, 7.583115e-01
1072, 1.710793e-01, 7.566874e-01
1073, 1.993288e-01, 7.567483e-01
1074, 2.263576e-01, 7.562814e-01
1075, 2.420730e-01, 7.840848e-01
1076, 3.124730e-01, 7.569492e-01
1077, 3.402815e-01, 7.562998e-01
1078, 3.691983e-01, 7.564048e-01
1079, 4.397209e-01, 7.825374e-01
1080, 4.840806e-01, 7.557149e-01
1081, 6.112237e-01, 7.817839e-01
1082, 7.663973e-01, 7.576258e-01
1083, 7.956172e-01, 7.575082e-01
1084, 8.267765e-01, 7.562932e-01
1085, 2.978796e-01, 7.840889e-01
1086, 3.555440e-01, 7.853927e-01
1087, 4.126969e-01, 7.836546e-01
1088, 5.260566e-01, 7.834206e-01
1089, 6.393015e-01, 7.836269e-01
1090, 8.089763e-01, 7.861985e-01
1091, 1.566705e-01, 8.063975e-01
1092, 2.978067e-01, 8.073618e-01
1093, 3.555634e-01, 8.061907e-01
1094, 3.833537e-01, 8.066323e-01
1095, 4.406127e-01, 8.077819e-01
1096, 4.115960e-01, 8.086165e-01
1097, 4.968991e-01, 8.065305e-01
1098, 4.682195e-01, 8.089185e-01
1099, 5.817247e-01, 8.081924e-01
1100, 6.678103e-01, 8.072144e-01
1101, 6.976305e-01, 8.086827e-01
1102, 7.525567e-01, 8.061763e-01
1103, 8.381273e-01, 8.077035e-01
1104, 8.104067e-01, 8.076276e-01
1105, 2.264573e-01, 8.346141e-01
1106, 2.840816e-01, 8.323466e-01
1107, 5.692588e-01, 8.316866e-01
1108, 7.241264e-01, 8.071861e-01
1109, 2.552621e-01, 8.336521e-01
1110, 3.114920e-01, 8.368280e-01
1111, 3.414251e-01, 8.333866e-01
1112, 3.688302e-01, 8.332852e-01
1113, 4.846801e-01, 8.351604e-01
1114, 6.237624e-01, 8.350732e-01
1115, 7.409315e-01, 8.323119e-01
1116, 7.935375e-01, 8.346476e-01
1117, 8.250386e-01, 8.336726e-01
1118, 1.996590e-01, 8.347557e-01
1119, 2.860101e-01, 8.356955e-01
1120, 4.251138e-01, 8.343686e-01
1121, 5.103847e-01, 8.339014e-01
1122, 5.392318e-01, 8.353644e-01
1123, 5.982680e-01, 8.338587e-01
1124, 7.104522e-01, 8.351372e-01
1125, 7.697411e-01, 8.347002e-01
1126, 1.500000e-01, 1.598215e-01
1127, 1.674254e-01, 1.500000e-01
1128, 1.754698e-01, 1.500000e-01
1129, 1.943110e-01, 1.500000e-01
1130, 2.021971e-01, 1.500000e-01
1131, 2.241693e-01, 1.500000e-01
1132, 2.311543e-01, 1.500000e-01
1133, 2.528639e-01, 1.500000e-01
1134, 2.586376e-01, 1.500000e-01
1135, 2.806740e-01, 1.500000e-01
1136, 2.868794e-01, 1.500000e-01
1137, 3.094966e-01, 1.500000e-01
1138, 3.169966e-01, 1.500000e-01
1139, 3.364908e-01, 1.500000e-01
1140, 3.436641e-01, 1.500000e-01
1141, 3.659600e-01, 1.500000e-01
1142, 3.736496e-01, 1.500000e-01
1143, 3.928951e-01, 1.500000e-01
1144, 4.035831e-01, 1.500000e-01
1145, 4.213598e-01, 1.500000e-01
1146, 4.322994e-01, 1.500000e-01
1147, 4.489227e-01, 1.500000e-01
1148, 4.573001e-01, 1.500000e-01
1149, 4.803102e-01, 1.500000e-01
1150, 4.878082e-01, 1.500000e-01
1151, 5.055328e-01, 1.500000e-01
1152, 5.181283e-01, 1.500000e-01
1153, 5.315419e-01, 1.500000e-01
1154, 5.468330e-01, 1.500000e-01
1155, 5.596077e-01, 1.500000e-01
1156, 5.762828e-01, 1.500000e-01
1157, 5.932467e-01, 1.500000e-01
1158, 6.017820e-01, 1.500000e-01
1159, 6.169751e-01, 1.500000e-01
1160, 6.289166e-01, 1.500000e-01
1161, 6.509320e-01, 1.500000e-01
1162, 6.597214e-01, 1.500000e-01
1163, 6.774275e-01, 1.500000e-01
1164, 6.834597e-01, 1.500000e-01
1165, 7.078790e-01, 1.500000e-01
1166, 7.150786e-01, 1.500000e-01
1167, 7.334447e-01, 1.500000e-01
1168, 7.445087e-01, 1.500000e-01
1169, 7.583178e-01, 1.500000e-01
1170, 7.758772e-01, 1.500000e-01
1171, 7.909993e-01, 1.500000e-01
1172, 7.979072e-01, 1.500000e-01
1173, 8.218953e-01, 1.500000e-01
1174, 8.293165e-01, 1.500000e-01
1175, 8.455011e-01, 1.500000e-01
1176, 1.500000e-01, 1.700369e-01
1177, 8.500000e-01, 1.715544e-01
1178, 1.500000e-01, 1.956831e-01
1179, 8.500000e-01, 1.932897e-01
1180, 1.500000e-01, 2.032500e-01
1181, 8.500000e-01, 2.184217e-01
1182, 1.500000e-01, 2.213334e-01
1183, 8.500000e-01, 2.203594e-01
1184, 1.500000e-01, 2.356684e-01
1185, 8.500000e-01, 2.266724e-01
1186, 1.500000e-01, 2.446079e-01
1187, 8.500000e-01, 2.450217e-01
1188, 1.500000e-01, 2.610992e-01
1189, 8.500000e-01, 2.674825e-01
1190, 1.500000e-01, 2.715996e-01
1191, 8.500000e-01, 2.718375e-01
1192, 1.500000e-01, 2.970428e-01
1193, 8.500000e-01, 2.954427e-01
1194, 1.500000e-01, 3.107716e-01
1195, 8.500000e-01, 3.036787e-01
1196, 1.500000e-01, 3.229381e-01
1197, 8.500000e-01, 3.229932e-01
1198, 1.500000e-01, 3.356435e-01
1199, 8.500000e-01, 3.448521e-01
1200, 1.500000e-01, 3.484316e-01
1201, 8.500000e-01, 3.479786e-01
1202, 1.500000e-01, 3.618591e-01
1203, 8.500000e-01, 3.507521e-01
1204, 1.500000e-01, 3.738455e-01
1205, 8.500000e-01, 3.758917e-01
1206, 1.500000e-01, 3.985951e-01
1207, 8.500000e-01, 3.947040e-01
1208, 1.500000e-01, 4.109579e-01
1209, 1.500000e-01, 4.270615e-01
1210, 1.500000e-01, 4.369958e-01
1211, 1.500000e-01, 4.502838e-01
1212, 8.500000e-01, 4.520635e-01
1213, 1.500000e-01, 4.606063e-01
1214, 8.500000e-01, 4.660194e-01
1215, 1.500000e-01, 4.778835e-01
1216, 8.500000e-01, 4.783885e-01
1217, 1.500000e-01, 4.996940e-01
1218, 8.500000e-01, 4.992067e-01
1219, 1.500000e-01, 5.162559e-01
1220, 8.500000e-01, 5.079254e-01
1221, 1.500000e-01, 5.276789e-01
1222, 8.500000e-01, 5.288915e-01
1223, 1.500000e-01, 5.389784e-01
1224, 8.500000e-01, 5.495224e-01
1225, 1.500000e-01, 5.510083e-01
1226, 8.500000e-01, 5.497352e-01
1227, 1.500000e-01, 5.617956e-01
1228, 8.500000e-01, 5.584046e-01
1229, 1.500000e-01, 5.819488e-01
1230, 8.500000e-01, 5.790523e-01
1231, 1.500000e-01, 6.015984e-01
1232, 8.500000e-01, 6.031927e-01
1233, 1.500000e-01, 6.122174e-01
1234, 8.500000e-01, 6.181378e-01
1235, 1.500000e-01, 6.312780e-01
1236, 8.500000e-01, 6.319150e-01
1237, 1.500000e-01, 6.441804e-01
1238, 8.500000e-01, 6.362268e-01
1239, 1.500000e-01, 6.540150e-01
1240, 8.500000e-01, 6.526302e-01
1241, 1.500000e-01, 6.644282e-01
1242, 8.500000e-01, 6.753460e-01
1243, 1.500000e-01, 6.825040e-01
1244, 8.500000e-01, 6.819156e-01
1245, 1.500000e-01, 7.039859e-01
1246, 8.500000e-01, 7.037088e-01
1247, 1.500000e-01, 7.222045e-01
1248, 8.500000e-01, 7.181736e-01
1249, 1.500000e-01, 7.330155e-01
1250, 8.500000e-01, 7.282229e-01
1251, 1.500000e-01, 7.426048e-01
1252, 8.500000e-01, 7.570666e-01
1253, 1.500000e-01, 7.559625e-01
1254, 8.500000e-01, 7.573097e-01
1255, 1.500000e-01, 7.737444e-01
1256, 8.500000e-01, 7.576191e-01
1257, 1.500000e-01, 7.835997e-01
1258, 8.500000e-01, 7.840074e-01
1259, 1.500000e-01, 8.066597e-01
1260, 8.500000e-01, 8.080850e-01
1261, 1.500000e-01, 8.185655e-01
1262, 8.500000e-01, 8.286367e-01
1263, 1.500000e-01, 8.326445e-01
1264, 8.500000e-01, 8.338927e-01
1265, 1.607294e-01, 8.500000e-01
1266, 1.820180e-01, 8.500000e-01
1267, 1.902945e-01, 8.500000e-01
1268, 2.091418e-01, 8.500000e-01
1269, 2.179850e-01, 8.500000e-01
1270, 2.358529e-01, 8.500000e-01
1271, 2.464305e-01, 8.500000e-01
1272, 2.638539e-01, 8.500000e-01
1273, 2.758247e-01, 8.500000e-01
1274, 2.939734e-01, 8.500000e-01
1275, 3.035524e-01, 8.500000e-01
1276, 3.191626e-01, 8.500000e-01
1277, 3.350112e-01, 8.500000e-01
1278, 3.460775e-01, 8.500000e-01
1279, 3.623008e-01, 8.500000e-01
1280, 3.763119e-01, 8.500000e-01
1281, 3.871934e-01, 8.500000e-01
1282, 4.095158e-01, 8.500000e-01
1283, 4.158094e-01, 8.500000e-01
1284, 4.373734e-01, 8.500000e-01
1285, 4.461077e-01, 8.500000e-01
1286, 4.597783e-01, 8.500000e-01
1287, 4.765043e-01, 8.500000e-01
1288, 4.917279e-01, 8.500000e-01
1289, 5.011695e-01, 8.500000e-01
1290, 5.216573e-01, 8.500000e-01
1291, 5.316477e-01, 8.500000e-01
1292, 5.482480e-01, 8.500000e-01
1293, 5.594959e-01, 8.500000e-01
1294, 5.755896e-01, 8.500000e-01
1295, 5.874830e-01, 8.500000e-01
1296, 6.083386e-01, 8.500000e-01
1297, 6.161938e-01, 8.500000e-01
1298, 6.337602e-01, 8.500000e-01
1299, 6.429387e-01, 8.500000e-01
1300, 6.638688e-01, 8.500000e-01
1301, 6.708958e-01, 8.500000e-01
1302, 6.914887e-01, 8.500000e-01
1303, 7.016176e-01, 8.500000e-01
1304, 7.195564e-01, 8.500000e-01
1305, 7.300458e-01, 8.500000e-01
1306, 7.463939e-01, 8.500000e-01
1307, 7.572434e-01, 8.500000e-01
1308, 7.789414e-01, 8.500000e-01
1309, 7.844575e-01, 8.500000e-01
1310, 8.033516e-01, 8.500000e-01
1311, 8.156423e-01, 8.500000e-01
1312, 8.339106e-01, 8.500000e-01
1313, 8.497249e-01, 4.271737e-01
