1, 1.662733e-01, 8.340632e-01
2, 1.666587e-01, 3.954737e-01
3, 1.666587e-01, 4.175432e-01
4, 1.670374e-01, 2.466134e-01
5, 1.670374e-01, 2.715268e-01
6, 1.683271e-01, 7.861897e-01
7, 1.683271e-01, 7.626508e-01
8, 1.683674e-01, 6.370545e-01
9, 1.709344e-01, 3.414922e-01
10, 1.709344e-01, 3.177858e-01
11, 1.716099e-01, 4.915311e-01
12, 1.716099e-01, 4.680943e-01
13, 1.735424e-01, 5.824484e-01
14, 1.735424e-01, 5.407360e-01
15, 1.748431e-01, 7.124772e-01
16, 1.748431e-01, 6.875845e-01
17, 1.897510e-01, 4.576182e-01
18, 1.897510e-01, 4.308749e-01
19, 1.910499e-01, 5.306259e-01
20, 1.910499e-01, 5.027573e-01
21, 1.911737e-01, 6.781540e-01
22, 1.911737e-01, 6.502246e-01
23, 1.912261e-01, 8.196536e-01
24, 1.912261e-01, 7.994134e-01
25, 1.924434e-01, 2.319460e-01
26, 1.936102e-01, 2.868720e-01
27, 1.936102e-01, 3.046910e-01
28, 1.951317e-01, 3.790312e-01
29, 1.951317e-01, 3.554656e-01
30, 2.095812e-01, 5.413272e-01
31, 2.095812e-01, 5.616369e-01
32, 2.111236e-01, 4.699603e-01
33, 2.111236e-01, 4.911652e-01
34, 2.115938e-01, 6.899462e-01
35, 2.117161e-01, 7.875809e-01
36, 2.121463e-01, 2.761678e-01
37, 2.121463e-01, 2.433209e-01
38, 2.143197e-01, 6.368582e-01
39, 2.143197e-01, 6.178008e-01
40, 2.157141e-01, 4.158859e-01
41, 2.157141e-01, 3.909170e-01
42, 2.175640e-01, 7.357568e-01
43, 2.176598e-01, 8.349184e-01
44, 2.297301e-01, 1.642031e-01
45, 2.307408e-01, 3.261330e-01
46, 2.307408e-01, 2.869007e-01
47, 2.322171e-01, 8.265158e-01
48, 2.322171e-01, 7.994142e-01
49, 2.325575e-01, 5.035369e-01
50, 2.325575e-01, 5.280652e-01
51, 2.331480e-01, 6.477260e-01
52, 2.331480e-01, 6.775050e-01
53, 2.340679e-01, 4.567168e-01
54, 2.340679e-01, 4.264770e-01
55, 2.348068e-01, 2.062298e-01
56, 2.348068e-01, 2.302447e-01
57, 2.351453e-01, 3.797012e-01
58, 2.351453e-01, 3.375197e-01
59, 2.351722e-01, 6.057680e-01
60, 2.351722e-01, 5.764081e-01
61, 2.510023e-01, 1.764873e-01
62, 2.510023e-01, 1.968773e-01
63, 2.527923e-01, 4.156670e-01
64, 2.527923e-01, 3.898919e-01
65, 2.539641e-01, 7.147366e-01
66, 2.539641e-01, 6.895258e-01
67, 2.540152e-01, 8.391037e-01
68, 2.547590e-01, 6.352462e-01
69, 2.547590e-01, 6.170758e-01
70, 2.581637e-01, 5.428522e-01
71, 2.581637e-01, 5.631311e-01
72, 2.586049e-01, 2.439838e-01
73, 2.586049e-01, 2.708098e-01
74, 2.591661e-01, 7.597746e-01
75, 2.591661e-01, 7.838517e-01
76, 2.731004e-01, 6.784750e-01
77, 2.731004e-01, 6.458380e-01
78, 2.738113e-01, 7.261979e-01
79, 2.738113e-01, 7.513196e-01
80, 2.747258e-01, 4.283297e-01
81, 2.754229e-01, 7.932396e-01
82, 2.754229e-01, 8.267413e-01
83, 2.756424e-01, 5.327587e-01
84, 2.761733e-01, 3.612124e-01
85, 2.761733e-01, 3.763899e-01
86, 2.767910e-01, 2.813119e-01
87, 2.767910e-01, 3.045519e-01
88, 2.772690e-01, 2.332086e-01
89, 2.772690e-01, 2.120457e-01
90, 2.780161e-01, 5.745954e-01
91, 2.780161e-01, 6.036490e-01
92, 2.792783e-01, 1.601586e-01
93, 2.812934e-01, 4.802199e-01
94, 2.928370e-01, 5.426835e-01
95, 2.928370e-01, 5.660407e-01
96, 2.951736e-01, 7.636467e-01
97, 2.951736e-01, 7.818394e-01
98, 2.952771e-01, 2.706416e-01
99, 2.952771e-01, 2.436002e-01
100, 2.962214e-01, 8.387463e-01
101, 2.971994e-01, 3.885262e-01
102, 2.971994e-01, 4.153614e-01
103, 2.977806e-01, 6.927205e-01
104, 2.977806e-01, 7.123627e-01
105, 3.002954e-01, 1.722898e-01
106, 3.002954e-01, 1.987547e-01
107, 3.006530e-01, 3.470827e-01
108, 3.006530e-01, 3.183252e-01
109, 3.121088e-01, 6.233222e-01
110, 3.177564e-01, 3.084484e-01
111, 3.177564e-01, 2.836228e-01
112, 3.179260e-01, 1.621086e-01
113, 3.190258e-01, 3.576925e-01
114, 3.190258e-01, 3.759220e-01
115, 3.203896e-01, 8.247898e-01
116, 3.203896e-01, 7.964010e-01
117, 3.204031e-01, 5.819595e-01
118, 3.214133e-01, 5.033882e-01
119, 3.214133e-01, 5.261814e-01
120, 3.217555e-01, 7.483004e-01
121, 3.217555e-01, 7.262076e-01
122, 3.217761e-01, 4.568420e-01
123, 3.217761e-01, 4.295500e-01
124, 3.235057e-01, 6.321805e-01
125, 3.235057e-01, 6.778649e-01
126, 3.396636e-01, 3.457747e-01
127, 3.396636e-01, 3.210993e-01
128, 3.405213e-01, 1.751568e-01
129, 3.406000e-01, 5.702962e-01
130, 3.406000e-01, 5.372613e-01
131, 3.406474e-01, 6.877639e-01
132, 3.406474e-01, 7.152980e-01
133, 3.426097e-01, 3.895411e-01
134, 3.426097e-01, 4.175224e-01
135, 3.426463e-01, 8.376425e-01
136, 3.430333e-01, 4.691176e-01
137, 3.430333e-01, 4.909031e-01
138, 3.444092e-01, 2.682315e-01
139, 3.444092e-01, 2.270999e-01
140, 3.577615e-01, 7.690874e-01
141, 3.577615e-01, 7.251764e-01
142, 3.596107e-01, 6.768182e-01
143, 3.596107e-01, 6.530205e-01
144, 3.599611e-01, 5.970120e-01
145, 3.599611e-01, 5.814715e-01
146, 3.612135e-01, 5.013967e-01
147, 3.612135e-01, 5.253631e-01
148, 3.635529e-01, 3.073103e-01
149, 3.635529e-01, 2.792813e-01
150, 3.639969e-01, 4.570173e-01
151, 3.639969e-01, 4.298638e-01
152, 3.641629e-01, 1.615108e-01
153, 3.644290e-01, 8.250694e-01
154, 3.801616e-01, 8.341546e-01
155, 3.817247e-01, 1.953020e-01
156, 3.817247e-01, 1.716523e-01
157, 3.820036e-01, 7.111771e-01
158, 3.820036e-01, 6.897495e-01
159, 3.823700e-01, 4.192566e-01
160, 3.824512e-01, 4.891325e-01
161, 3.824512e-01, 4.676743e-01
162, 3.831671e-01, 2.494756e-01
163, 3.831671e-01, 2.679546e-01
164, 3.833250e-01, 3.187282e-01
165, 3.861397e-01, 6.377007e-01
166, 3.861397e-01, 6.121254e-01
167, 3.877500e-01, 5.406873e-01
168, 3.877500e-01, 5.654240e-01
169, 4.010102e-01, 4.300179e-01
170, 4.010102e-01, 4.569569e-01
171, 4.012397e-01, 7.993876e-01
172, 4.012397e-01, 8.219826e-01
173, 4.024731e-01, 5.739263e-01
174, 4.024731e-01, 6.026959e-01
175, 4.043212e-01, 1.586034e-01
176, 4.046526e-01, 2.803619e-01
177, 4.046526e-01, 3.064120e-01
178, 4.051719e-01, 2.088422e-01
179, 4.051719e-01, 2.367718e-01
180, 4.058415e-01, 7.249429e-01
181, 4.058415e-01, 7.495661e-01
182, 4.068347e-01, 6.496515e-01
183, 4.068347e-01, 6.754102e-01
184, 4.208479e-01, 3.458971e-01
185, 4.208479e-01, 3.157600e-01
186, 4.211730e-01, 5.114934e-01
187, 4.211730e-01, 4.685950e-01
188, 4.237213e-01, 2.693553e-01
189, 4.237213e-01, 2.474757e-01
190, 4.245443e-01, 4.164376e-01
191, 4.245443e-01, 3.921499e-01
192, 4.245688e-01, 6.154462e-01
193, 4.245688e-01, 6.394153e-01
194, 4.245748e-01, 5.611690e-01
195, 4.258399e-01, 7.611062e-01
196, 4.258399e-01, 7.851883e-01
197, 4.258681e-01, 8.361982e-01
198, 4.269846e-01, 1.962518e-01
199, 4.269846e-01, 1.716849e-01
200, 4.281804e-01, 6.877310e-01
201, 4.281804e-01, 7.120488e-01
202, 4.442609e-01, 3.022396e-01
203, 4.442609e-01, 2.812164e-01
204, 4.459158e-01, 2.071841e-01
205, 4.459158e-01, 2.346623e-01
206, 4.468561e-01, 1.602096e-01
207, 4.480625e-01, 3.616129e-01
208, 4.480625e-01, 3.785687e-01
209, 4.481295e-01, 4.300537e-01
210, 4.481295e-01, 4.530282e-01
211, 4.481701e-01, 6.018208e-01
212, 4.481701e-01, 5.747947e-01
213, 4.494611e-01, 7.474692e-01
214, 4.494611e-01, 7.243378e-01
215, 4.499686e-01, 8.222808e-01
216, 4.499686e-01, 7.991221e-01
217, 4.652830e-01, 1.708507e-01
218, 4.652830e-01, 1.960000e-01
219, 4.674575e-01, 5.636567e-01
220, 4.674575e-01, 5.413859e-01
221, 4.679397e-01, 7.887442e-01
222, 4.679397e-01, 7.581372e-01
223, 4.689249e-01, 6.690423e-01
224, 4.689249e-01, 7.130979e-01
225, 4.690963e-01, 4.179492e-01
226, 4.690963e-01, 3.907152e-01
227, 4.704127e-01, 4.658963e-01
228, 4.704127e-01, 4.937153e-01
229, 4.705681e-01, 6.147516e-01
230, 4.705681e-01, 6.573433e-01
231, 4.710971e-01, 8.344821e-01
232, 4.733673e-01, 3.469999e-01
233, 4.733673e-01, 3.190478e-01
234, 4.853860e-01, 7.225994e-01
235, 4.853860e-01, 7.480699e-01
236, 4.876974e-01, 3.107764e-01
237, 4.880846e-01, 5.294799e-01
238, 4.880846e-01, 5.039157e-01
239, 4.881225e-01, 3.555167e-01
240, 4.881225e-01, 3.797332e-01
241, 4.886751e-01, 6.043029e-01
242, 4.886751e-01, 5.759036e-01
243, 4.891955e-01, 4.550547e-01
244, 4.891955e-01, 4.295474e-01
245, 4.901716e-01, 2.103658e-01
246, 4.910768e-01, 1.559624e-01
247, 5.077986e-01, 6.153433e-01
248, 5.077986e-01, 6.358435e-01
249, 5.093682e-01, 5.417706e-01
250, 5.093682e-01, 5.639538e-01
251, 5.098359e-01, 7.084801e-01
252, 5.098359e-01, 6.926675e-01
253, 5.103011e-01, 4.672427e-01
254, 5.103011e-01, 4.910862e-01
255, 5.125978e-01, 8.088649e-01
256, 5.125978e-01, 7.637798e-01
257, 5.127958e-01, 3.252702e-01
258, 5.127958e-01, 3.412684e-01
259, 5.141101e-01, 1.692636e-01
260, 5.141101e-01, 1.965419e-01
261, 5.306158e-01, 2.060690e-01
262, 5.306158e-01, 2.336022e-01
263, 5.310502e-01, 4.552662e-01
264, 5.315606e-01, 1.591910e-01
265, 5.322523e-01, 6.797286e-01
266, 5.322523e-01, 6.499583e-01
267, 5.326277e-01, 3.527155e-01
268, 5.327389e-01, 6.009516e-01
269, 5.327389e-01, 5.774435e-01
270, 5.330268e-01, 5.042036e-01
271, 5.330268e-01, 5.281148e-01
272, 5.333208e-01, 7.518216e-01
273, 5.333208e-01, 7.220357e-01
274, 5.358128e-01, 2.814642e-01
275, 5.358128e-01, 3.119846e-01
276, 5.479299e-01, 6.887820e-01
277, 5.479299e-01, 7.135993e-01
278, 5.482544e-01, 3.191694e-01
279, 5.482544e-01, 3.436914e-01
280, 5.495252e-01, 1.951492e-01
281, 5.495252e-01, 1.695652e-01
282, 5.507314e-01, 7.618731e-01
283, 5.507314e-01, 7.873489e-01
284, 5.521148e-01, 8.311797e-01
285, 5.546583e-01, 2.705813e-01
286, 5.546583e-01, 2.474824e-01
287, 5.549455e-01, 4.915460e-01
288, 5.549455e-01, 4.690652e-01
289, 5.559216e-01, 6.362899e-01
290, 5.559216e-01, 6.143355e-01
291, 5.724731e-01, 3.791002e-01
292, 5.724731e-01, 3.576771e-01
293, 5.737121e-01, 3.044682e-01
294, 5.737121e-01, 2.815844e-01
295, 5.744420e-01, 8.182863e-01
296, 5.744420e-01, 8.010413e-01
297, 5.750294e-01, 6.473241e-01
298, 5.750294e-01, 6.731327e-01
299, 5.752710e-01, 5.032835e-01
300, 5.757015e-01, 7.474574e-01
301, 5.757015e-01, 7.296367e-01
302, 5.762452e-01, 5.590203e-01
303, 5.762452e-01, 6.026023e-01
304, 5.766649e-01, 2.347776e-01
305, 5.766649e-01, 2.108217e-01
306, 5.780035e-01, 4.321714e-01
307, 5.780035e-01, 4.557498e-01
308, 5.936801e-01, 4.926577e-01
309, 5.936801e-01, 4.647984e-01
310, 5.945957e-01, 7.583602e-01
311, 5.945957e-01, 7.894085e-01
312, 5.946106e-01, 6.132001e-01
313, 5.946106e-01, 6.360217e-01
314, 5.961023e-01, 1.996024e-01
315, 5.979112e-01, 2.676165e-01
316, 5.979112e-01, 2.470378e-01
317, 5.986364e-01, 3.425755e-01
318, 5.986364e-01, 3.188546e-01
319, 5.987516e-01, 4.201988e-01
320, 5.987516e-01, 3.942683e-01
321, 6.006967e-01, 8.334406e-01
322, 6.141947e-01, 2.100503e-01
323, 6.141947e-01, 2.376370e-01
324, 6.161063e-01, 7.063148e-01
325, 6.161063e-01, 7.459417e-01
326, 6.162897e-01, 8.019363e-01
327, 6.162897e-01, 8.244360e-01
328, 6.165881e-01, 5.241994e-01
329, 6.165881e-01, 5.058866e-01
330, 6.168185e-01, 6.003790e-01
331, 6.168185e-01, 5.824505e-01
332, 6.170416e-01, 4.513076e-01
333, 6.170416e-01, 4.307580e-01
334, 6.187307e-01, 6.499505e-01
335, 6.198371e-01, 3.820919e-01
336, 6.198371e-01, 3.548184e-01
337, 6.316201e-01, 2.476970e-01
338, 6.316201e-01, 2.870826e-01
339, 6.385353e-01, 3.440206e-01
340, 6.391993e-01, 4.928291e-01
341, 6.391993e-01, 4.641032e-01
342, 6.392481e-01, 3.933014e-01
343, 6.392481e-01, 4.179377e-01
344, 6.397546e-01, 6.136205e-01
345, 6.397546e-01, 6.378097e-01
346, 6.406354e-01, 1.706085e-01
347, 6.406354e-01, 1.947815e-01
348, 6.417142e-01, 5.387091e-01
349, 6.417142e-01, 5.680738e-01
350, 6.428528e-01, 7.613830e-01
351, 6.428528e-01, 7.865967e-01
352, 6.589421e-01, 5.780178e-01
353, 6.589421e-01, 6.025484e-01
354, 6.589630e-01, 1.600297e-01
355, 6.590341e-01, 2.318778e-01
356, 6.590341e-01, 2.054012e-01
357, 6.590750e-01, 6.764123e-01
358, 6.590750e-01, 6.489616e-01
359, 6.595054e-01, 7.517736e-01
360, 6.595054e-01, 7.239624e-01
361, 6.595552e-01, 3.561534e-01
362, 6.595552e-01, 3.815800e-01
363, 6.607849e-01, 7.969472e-01
364, 6.620362e-01, 5.269792e-01
365, 6.620362e-01, 5.060107e-01
366, 6.782696e-01, 4.966363e-01
367, 6.789353e-01, 7.864658e-01
368, 6.789353e-01, 7.629909e-01
369, 6.796206e-01, 6.882770e-01
370, 6.796206e-01, 7.123463e-01
371, 6.796316e-01, 6.370907e-01
372, 6.796316e-01, 6.144928e-01
373, 6.797090e-01, 3.932183e-01
374, 6.801315e-01, 1.932180e-01
375, 6.801315e-01, 1.722541e-01
376, 6.810985e-01, 3.225711e-01
377, 6.810985e-01, 3.437127e-01
378, 6.825128e-01, 5.388039e-01
379, 6.825128e-01, 5.644062e-01
380, 6.840371e-01, 2.706067e-01
381, 6.840371e-01, 2.463125e-01
382, 6.994485e-01, 3.818193e-01
383, 6.994485e-01, 3.543094e-01
384, 7.002261e-01, 7.987607e-01
385, 7.002261e-01, 8.229265e-01
386, 7.003734e-01, 5.094008e-01
387, 7.003734e-01, 5.284898e-01
388, 7.010559e-01, 6.758986e-01
389, 7.010559e-01, 6.494627e-01
390, 7.013736e-01, 2.054847e-01
391, 7.013736e-01, 2.363038e-01
392, 7.038507e-01, 1.585568e-01
393, 7.050132e-01, 2.827200e-01
394, 7.050132e-01, 3.087609e-01
395, 7.052256e-01, 7.271325e-01
396, 7.052256e-01, 7.478130e-01
397, 7.183653e-01, 3.164678e-01
398, 7.183653e-01, 3.433905e-01
399, 7.211754e-01, 2.477305e-01
400, 7.211754e-01, 2.733911e-01
401, 7.211908e-01, 5.405057e-01
402, 7.211948e-01, 7.866574e-01
403, 7.211948e-01, 7.570280e-01
404, 7.217610e-01, 6.375116e-01
405, 7.232260e-01, 7.167426e-01
406, 7.232260e-01, 6.886953e-01
407, 7.238428e-01, 4.639901e-01
408, 7.238428e-01, 4.958542e-01
409, 7.243004e-01, 8.368223e-01
410, 7.249918e-01, 4.156975e-01
411, 7.249918e-01, 3.965630e-01
412, 7.422505e-01, 5.064842e-01
413, 7.422505e-01, 5.283443e-01
414, 7.432632e-01, 1.813058e-01
415, 7.439733e-01, 3.016797e-01
416, 7.439733e-01, 2.865563e-01
417, 7.443280e-01, 6.505435e-01
418, 7.443280e-01, 6.765095e-01
419, 7.451520e-01, 8.004921e-01
420, 7.451520e-01, 8.247810e-01
421, 7.459328e-01, 3.844701e-01
422, 7.459328e-01, 3.593101e-01
423, 7.471157e-01, 4.284700e-01
424, 7.471157e-01, 4.505505e-01
425, 7.479630e-01, 1.833969e-01
426, 7.482950e-01, 2.320738e-01
427, 7.570958e-01, 7.363016e-01
428, 7.616044e-01, 3.935201e-01
429, 7.616044e-01, 4.201054e-01
430, 7.652739e-01, 5.416397e-01
431, 7.652739e-01, 5.648958e-01
432, 7.664384e-01, 8.370734e-01
433, 7.667112e-01, 6.894352e-01
434, 7.673936e-01, 6.372236e-01
435, 7.673936e-01, 6.142220e-01
436, 7.679677e-01, 2.727001e-01
437, 7.679677e-01, 2.434312e-01
438, 7.698556e-01, 4.636823e-01
439, 7.698556e-01, 4.905429e-01
440, 7.701958e-01, 7.446093e-01
441, 7.701958e-01, 7.860299e-01
442, 7.846882e-01, 6.790588e-01
443, 7.846882e-01, 6.472061e-01
444, 7.847543e-01, 2.050164e-01
445, 7.847543e-01, 2.337446e-01
446, 7.862752e-01, 4.343416e-01
447, 7.862752e-01, 4.542049e-01
448, 7.865900e-01, 8.254418e-01
449, 7.865900e-01, 7.954927e-01
450, 7.878039e-01, 1.604006e-01
451, 7.881166e-01, 3.782171e-01
452, 7.881166e-01, 3.349499e-01
453, 7.881952e-01, 2.843755e-01
454, 7.881952e-01, 3.272168e-01
455, 7.888368e-01, 5.280391e-01
456, 7.888368e-01, 5.014989e-01
457, 7.889795e-01, 6.017658e-01
458, 7.889795e-01, 5.785788e-01
459, 7.903340e-01, 3.311091e-01
460, 8.061376e-01, 8.367301e-01
461, 8.062984e-01, 6.915382e-01
462, 8.062984e-01, 7.111668e-01
463, 8.068028e-01, 6.120556e-01
464, 8.068028e-01, 6.344355e-01
465, 8.076781e-01, 7.833148e-01
466, 8.076781e-01, 7.662486e-01
467, 8.078501e-01, 5.676815e-01
468, 8.078501e-01, 5.390188e-01
469, 8.081447e-01, 1.721469e-01
470, 8.081447e-01, 1.915090e-01
471, 8.100299e-01, 2.717666e-01
472, 8.100299e-01, 2.483367e-01
473, 8.121569e-01, 3.920998e-01
474, 8.121569e-01, 4.193996e-01
475, 8.271628e-01, 2.816604e-01
476, 8.271628e-01, 3.096538e-01
477, 8.278727e-01, 3.830243e-01
478, 8.278727e-01, 3.527868e-01
479, 8.281676e-01, 5.794144e-01
480, 8.281676e-01, 5.997212e-01
481, 8.289171e-01, 1.601514e-01
482, 8.297512e-01, 8.230939e-01
483, 8.297512e-01, 7.960615e-01
484, 8.300921e-01, 4.297539e-01
485, 8.317204e-01, 4.831258e-01
486, 8.317204e-01, 5.252343e-01
487, 8.324870e-01, 2.055661e-01
488, 8.324870e-01, 2.353717e-01
489, 8.332069e-01, 6.496833e-01
490, 8.332069e-01, 6.759992e-01
491, 8.332483e-01, 7.514865e-01
492, 8.332483e-01, 7.267298e-01
493, 1.688538e-01, 5.912483e-01
494, 1.938276e-01, 1.837393e-01
495, 2.119213e-01, 7.351895e-01
496, 2.329107e-01, 3.317704e-01
497, 2.747468e-01, 4.799553e-01
498, 3.383875e-01, 2.197317e-01
499, 3.193974e-01, 6.215805e-01
500, 3.807095e-01, 3.685081e-01
501, 3.628787e-01, 7.760712e-01
502, 4.261175e-01, 5.189129e-01
503, 4.900547e-01, 2.563873e-01
504, 4.668292e-01, 6.646159e-01
505, 5.069789e-01, 8.129398e-01
506, 5.318390e-01, 4.037469e-01
507, 5.743075e-01, 5.503775e-01
508, 6.190213e-01, 6.995599e-01
509, 6.378324e-01, 2.973088e-01
510, 6.597397e-01, 8.470394e-01
511, 6.807838e-01, 4.405170e-01
512, 7.226358e-01, 5.885507e-01
513, 7.660548e-01, 7.351646e-01
514, 8.292985e-01, 4.777346e-01
515, 1.500000e-01, 6.026993e-01
516, 1.500000e-01, 5.799029e-01
517, 1.500000e-01, 8.246702e-01
518, 1.500000e-01, 7.967682e-01
519, 1.500000e-01, 6.732450e-01
520, 1.500000e-01, 6.476562e-01
521, 1.500000e-01, 3.535756e-01
522, 1.500000e-01, 3.858582e-01
523, 1.500000e-01, 4.271561e-01
524, 1.500000e-01, 4.566039e-01
525, 1.503352e-01, 1.500000e-01
526, 1.500000e-01, 2.075461e-01
527, 1.500000e-01, 2.367820e-01
528, 1.662733e-01, 8.500000e-01
529, 1.927986e-01, 1.500000e-01
530, 2.176598e-01, 8.500000e-01
531, 2.297301e-01, 1.500000e-01
532, 2.541605e-01, 8.500000e-01
533, 2.792783e-01, 1.500000e-01
534, 2.962214e-01, 8.500000e-01
535, 3.179260e-01, 1.500000e-01
536, 3.426463e-01, 8.500000e-01
537, 3.641629e-01, 1.500000e-01
538, 3.801616e-01, 8.500000e-01
539, 4.043212e-01, 1.500000e-01
540, 4.258681e-01, 8.500000e-01
541, 4.468561e-01, 1.500000e-01
542, 4.710971e-01, 8.500000e-01
543, 4.910768e-01, 1.500000e-01
544, 5.064133e-01, 8.500000e-01
545, 5.315606e-01, 1.500000e-01
546, 5.521148e-01, 8.500000e-01
547, 5.834057e-01, 1.500000e-01
548, 6.006967e-01, 8.500000e-01
549, 5.961023e-01, 1.500000e-01
550, 6.547289e-01, 8.500000e-01
551, 6.049483e-01, 1.500000e-01
552, 6.596756e-01, 8.500000e-01
553, 6.589630e-01, 1.500000e-01
554, 6.645963e-01, 8.500000e-01
555, 7.038507e-01, 1.500000e-01
556, 7.243004e-01, 8.500000e-01
557, 7.440036e-01, 1.500000e-01
558, 7.664384e-01, 8.500000e-01
559, 7.878039e-01, 1.500000e-01
560, 8.066522e-01, 8.500000e-01
561, 8.500000e-01, 6.391511e-01
562, 8.500000e-01, 6.856923e-01
563, 8.500000e-01, 7.843737e-01
564, 8.500000e-01, 8.347816e-01
565, 8.500000e-01, 7.170606e-01
566, 8.500000e-01, 7.611530e-01
567, 8.289171e-01, 1.500000e-01
568, 8.500000e-01, 5.357854e-01
569, 8.500000e-01, 5.668126e-01
570, 8.500000e-01, 6.119355e-01
571, 8.500000e-01, 4.655897e-01
572, 8.500000e-01, 4.936819e-01
573, 1.503295e-01, 7.262462e-01
574, 1.503295e-01, 7.526456e-01
575, 1.503428e-01, 5.277409e-01
576, 1.506127e-01, 3.067635e-01
577, 1.503428e-01, 5.034108e-01
578, 1.501676e-01, 1.602472e-01
579, 1.506127e-01, 2.802996e-01
580, 8.490424e-01, 3.941379e-01
581, 8.490424e-01, 4.199240e-01
582, 8.493600e-01, 3.411233e-01
583, 8.493600e-01, 3.217270e-01
584, 8.493307e-01, 1.711614e-01
585, 8.493307e-01, 1.965923e-01
586, 8.492103e-01, 2.698464e-01
587, 8.492103e-01, 2.441612e-01
