1, 1.535828e-01, 8.256348e-01
2, 1.550558e-01, 2.105594e-01
3, 1.553984e-01, 7.280747e-01
4, 1.579449e-01, 3.826646e-01
5, 1.649490e-01, 5.869888e-01
6, 1.680441e-01, 5.921787e-01
7, 1.688465e-01, 2.484668e-01
8, 1.689885e-01, 8.348775e-01
9, 1.696140e-01, 3.415048e-01
10, 1.699549e-01, 6.444126e-01
11, 1.704650e-01, 2.721223e-01
12, 1.714751e-01, 3.898211e-01
13, 1.715095e-01, 5.393120e-01
14, 1.732209e-01, 6.934221e-01
15, 1.736679e-01, 3.233710e-01
16, 1.738339e-01, 4.911503e-01
17, 1.753857e-01, 4.158026e-01
18, 1.756564e-01, 6.038248e-01
19, 1.766095e-01, 7.667936e-01
20, 1.766889e-01, 7.877756e-01
21, 1.767257e-01, 7.167641e-01
22, 1.774772e-01, 4.669079e-01
23, 1.869453e-01, 1.874943e-01
24, 1.874803e-01, 8.253907e-01
25, 1.882630e-01, 5.309023e-01
26, 1.892639e-01, 8.016744e-01
27, 1.895549e-01, 6.617982e-01
28, 1.905672e-01, 6.750836e-01
29, 1.908303e-01, 3.144586e-01
30, 1.908885e-01, 4.592300e-01
31, 1.909993e-01, 2.367528e-01
32, 1.919977e-01, 5.102140e-01
33, 1.943304e-01, 2.848356e-01
34, 1.956540e-01, 3.779941e-01
35, 1.966367e-01, 4.304656e-01
36, 1.983605e-01, 3.619141e-01
37, 1.987798e-01, 1.783831e-01
38, 2.098143e-01, 6.143688e-01
39, 2.117076e-01, 2.762856e-01
40, 2.126319e-01, 2.475562e-01
41, 2.135417e-01, 7.436051e-01
42, 2.138545e-01, 8.365985e-01
43, 2.141202e-01, 5.626498e-01
44, 2.143394e-01, 5.473956e-01
45, 2.146641e-01, 4.211763e-01
46, 2.161962e-01, 6.447736e-01
47, 2.170190e-01, 7.893388e-01
48, 2.187824e-01, 4.741485e-01
49, 2.192286e-01, 3.964137e-01
50, 2.205842e-01, 7.533278e-01
51, 2.209222e-01, 6.916713e-01
52, 2.211743e-01, 4.984866e-01
53, 2.294865e-01, 5.052431e-01
54, 2.297398e-01, 3.361223e-01
55, 2.300539e-01, 2.121913e-01
56, 2.312227e-01, 2.350063e-01
57, 2.312378e-01, 6.034531e-01
58, 2.313380e-01, 5.777264e-01
59, 2.321016e-01, 4.309335e-01
60, 2.331177e-01, 2.854570e-01
61, 2.335457e-01, 1.643123e-01
62, 2.336650e-01, 8.240072e-01
63, 2.341900e-01, 3.358206e-01
64, 2.342732e-01, 8.102706e-01
65, 2.343770e-01, 5.314058e-01
66, 2.351024e-01, 6.537843e-01
67, 2.354412e-01, 4.629953e-01
68, 2.359964e-01, 6.819860e-01
69, 2.398384e-01, 3.319221e-01
70, 2.401893e-01, 3.848005e-01
71, 2.449207e-01, 3.318157e-01
72, 2.535318e-01, 3.901680e-01
73, 2.542820e-01, 6.407762e-01
74, 2.546722e-01, 6.144541e-01
75, 2.561509e-01, 2.705820e-01
76, 2.568253e-01, 1.985831e-01
77, 2.569355e-01, 1.755833e-01
78, 2.569732e-01, 7.194496e-01
79, 2.572390e-01, 4.248133e-01
80, 2.572598e-01, 2.489595e-01
81, 2.578118e-01, 5.395384e-01
82, 2.578855e-01, 6.901570e-01
83, 2.580947e-01, 5.661647e-01
84, 2.590665e-01, 7.666364e-01
85, 2.600942e-01, 7.902513e-01
86, 2.610662e-01, 8.399388e-01
87, 2.726588e-01, 6.843075e-01
88, 2.729194e-01, 5.303360e-01
89, 2.734139e-01, 3.838378e-01
90, 2.738780e-01, 4.343102e-01
91, 2.741310e-01, 4.901668e-01
92, 2.741628e-01, 6.030593e-01
93, 2.746454e-01, 4.696094e-01
94, 2.757116e-01, 2.131993e-01
95, 2.759316e-01, 2.355781e-01
96, 2.762374e-01, 3.515291e-01
97, 2.764656e-01, 5.810673e-01
98, 2.766226e-01, 7.562935e-01
99, 2.768646e-01, 1.619821e-01
100, 2.772212e-01, 7.322597e-01
101, 2.783622e-01, 2.862628e-01
102, 2.789442e-01, 8.302125e-01
103, 2.790271e-01, 6.548163e-01
104, 2.794727e-01, 8.050392e-01
105, 2.808275e-01, 3.032504e-01
106, 2.810610e-01, 4.788906e-01
107, 2.896101e-01, 4.795276e-01
108, 2.956853e-01, 7.643391e-01
109, 2.974354e-01, 3.972151e-01
110, 2.982885e-01, 6.997218e-01
111, 2.983517e-01, 3.461196e-01
112, 2.984814e-01, 5.408002e-01
113, 2.985402e-01, 4.154427e-01
114, 2.986977e-01, 7.929916e-01
115, 2.993161e-01, 5.677780e-01
116, 2.996767e-01, 1.986592e-01
117, 2.998675e-01, 2.465351e-01
118, 3.004514e-01, 2.692212e-01
119, 3.010765e-01, 1.742924e-01
120, 3.012471e-01, 7.127089e-01
121, 3.024945e-01, 8.387890e-01
122, 3.044366e-01, 3.158979e-01
123, 3.143998e-01, 6.399886e-01
124, 3.160728e-01, 5.289648e-01
125, 3.169369e-01, 1.660098e-01
126, 3.192923e-01, 5.063845e-01
127, 3.194399e-01, 6.735636e-01
128, 3.198138e-01, 3.754885e-01
129, 3.200579e-01, 3.649780e-01
130, 3.205892e-01, 2.812746e-01
131, 3.213040e-01, 3.093017e-01
132, 3.224057e-01, 4.304891e-01
133, 3.224882e-01, 5.804405e-01
134, 3.231383e-01, 7.541894e-01
135, 3.233326e-01, 8.290671e-01
136, 3.237780e-01, 7.258747e-01
137, 3.242079e-01, 8.045035e-01
138, 3.248593e-01, 4.534240e-01
139, 3.377408e-01, 8.384931e-01
140, 3.377629e-01, 7.184728e-01
141, 3.391696e-01, 1.726641e-01
142, 3.404962e-01, 3.169177e-01
143, 3.410416e-01, 4.185478e-01
144, 3.411160e-01, 5.452555e-01
145, 3.426436e-01, 3.468123e-01
146, 3.426836e-01, 5.684621e-01
147, 3.438453e-01, 4.977029e-01
148, 3.449773e-01, 3.930695e-01
149, 3.451936e-01, 6.890092e-01
150, 3.453003e-01, 2.203571e-01
151, 3.453247e-01, 4.642637e-01
152, 3.453335e-01, 2.639855e-01
153, 3.455264e-01, 2.320370e-01
154, 3.508027e-01, 7.780167e-01
155, 3.572205e-01, 3.078914e-01
156, 3.586641e-01, 6.510715e-01
157, 3.597717e-01, 1.583617e-01
158, 3.611073e-01, 2.821081e-01
159, 3.623190e-01, 6.818205e-01
160, 3.630670e-01, 4.579265e-01
161, 3.633852e-01, 7.778674e-01
162, 3.640078e-01, 6.064665e-01
163, 3.640755e-01, 5.276386e-01
164, 3.642819e-01, 5.778167e-01
165, 3.650253e-01, 8.269062e-01
166, 3.655423e-01, 5.096623e-01
167, 3.680084e-01, 7.288225e-01
168, 3.709450e-01, 4.314120e-01
169, 3.804113e-01, 5.701989e-01
170, 3.809725e-01, 6.394879e-01
171, 3.816776e-01, 1.979979e-01
172, 3.816953e-01, 6.898270e-01
173, 3.825974e-01, 6.196085e-01
174, 3.838104e-01, 3.196873e-01
175, 3.842852e-01, 1.696829e-01
176, 3.845296e-01, 3.801352e-01
177, 3.846972e-01, 5.477942e-01
178, 3.847498e-01, 8.404530e-01
179, 3.851328e-01, 4.740178e-01
180, 3.853258e-01, 7.170668e-01
181, 3.861444e-01, 3.641661e-01
182, 3.863226e-01, 4.220092e-01
183, 3.864698e-01, 2.447097e-01
184, 3.872289e-01, 3.754933e-01
185, 3.874968e-01, 2.751302e-01
186, 3.882038e-01, 3.599529e-01
187, 3.888205e-01, 4.966368e-01
188, 3.994896e-01, 4.294826e-01
189, 4.016997e-01, 6.739760e-01
190, 4.020082e-01, 2.366123e-01
191, 4.026192e-01, 6.578237e-01
192, 4.026504e-01, 7.254075e-01
193, 4.032674e-01, 6.089244e-01
194, 4.040948e-01, 5.828387e-01
195, 4.043809e-01, 2.129444e-01
196, 4.045614e-01, 3.028295e-01
197, 4.046233e-01, 1.599211e-01
198, 4.049230e-01, 8.027302e-01
199, 4.049371e-01, 2.866521e-01
200, 4.051563e-01, 4.552364e-01
201, 4.072380e-01, 8.260158e-01
202, 4.095843e-01, 7.520997e-01
203, 4.235730e-01, 5.106133e-01
204, 4.241924e-01, 6.421945e-01
205, 4.245023e-01, 6.209670e-01
206, 4.254724e-01, 5.285279e-01
207, 4.263717e-01, 7.118970e-01
208, 4.272172e-01, 3.401500e-01
209, 4.276247e-01, 2.519010e-01
210, 4.279384e-01, 2.697521e-01
211, 4.283450e-01, 8.387874e-01
212, 4.283488e-01, 5.699312e-01
213, 4.284806e-01, 1.753310e-01
214, 4.288017e-01, 7.892286e-01
215, 4.292791e-01, 6.894338e-01
216, 4.293438e-01, 4.644233e-01
217, 4.294443e-01, 7.603992e-01
218, 4.300051e-01, 5.187494e-01
219, 4.303426e-01, 1.995220e-01
220, 4.307193e-01, 3.211669e-01
221, 4.327746e-01, 3.900571e-01
222, 4.328020e-01, 4.203426e-01
223, 4.421586e-01, 5.794446e-01
224, 4.442394e-01, 2.102256e-01
225, 4.451708e-01, 6.083660e-01
226, 4.453524e-01, 3.813724e-01
227, 4.465857e-01, 4.334935e-01
228, 4.468644e-01, 4.517182e-01
229, 4.479004e-01, 8.002115e-01
230, 4.486160e-01, 3.604916e-01
231, 4.497743e-01, 2.324459e-01
232, 4.501118e-01, 7.499231e-01
233, 4.504844e-01, 1.623842e-01
234, 4.504980e-01, 2.838281e-01
235, 4.506602e-01, 8.260261e-01
236, 4.525821e-01, 7.306510e-01
237, 4.528468e-01, 3.096892e-01
238, 4.672995e-01, 7.187092e-01
239, 4.688484e-01, 4.937560e-01
240, 4.702890e-01, 4.680184e-01
241, 4.708577e-01, 5.426544e-01
242, 4.709136e-01, 6.201093e-01
243, 4.709819e-01, 3.192031e-01
244, 4.712792e-01, 1.710482e-01
245, 4.715797e-01, 3.468670e-01
246, 4.716540e-01, 8.344391e-01
247, 4.717205e-01, 5.693786e-01
248, 4.722073e-01, 7.662143e-01
249, 4.724578e-01, 7.841962e-01
250, 4.728420e-01, 1.944307e-01
251, 4.730023e-01, 4.199469e-01
252, 4.735915e-01, 3.934738e-01
253, 4.870691e-01, 2.471378e-01
254, 4.876228e-01, 4.596022e-01
255, 4.886657e-01, 6.043490e-01
256, 4.889197e-01, 5.815331e-01
257, 4.899666e-01, 1.603453e-01
258, 4.914626e-01, 5.050481e-01
259, 4.924718e-01, 3.599372e-01
260, 4.926397e-01, 4.307155e-01
261, 4.930390e-01, 3.824376e-01
262, 4.932948e-01, 3.093953e-01
263, 4.933711e-01, 5.313913e-01
264, 4.937425e-01, 2.077758e-01
265, 4.939474e-01, 7.547915e-01
266, 4.947782e-01, 7.301787e-01
267, 4.980202e-01, 2.638233e-01
268, 5.081766e-01, 1.988536e-01
269, 5.107171e-01, 6.893742e-01
270, 5.109919e-01, 6.139286e-01
271, 5.124451e-01, 1.732362e-01
272, 5.124626e-01, 4.934558e-01
273, 5.129549e-01, 4.710002e-01
274, 5.135513e-01, 5.671045e-01
275, 5.138975e-01, 7.164513e-01
276, 5.151121e-01, 7.647425e-01
277, 5.157821e-01, 5.435442e-01
278, 5.159441e-01, 3.233333e-01
279, 5.169305e-01, 6.393820e-01
280, 5.179100e-01, 3.430085e-01
281, 5.303218e-01, 1.645147e-01
282, 5.307252e-01, 6.811355e-01
283, 5.327431e-01, 4.151258e-01
284, 5.330477e-01, 6.014405e-01
285, 5.332414e-01, 5.324769e-01
286, 5.335700e-01, 7.289897e-01
287, 5.340077e-01, 5.073362e-01
288, 5.341755e-01, 5.820246e-01
289, 5.346191e-01, 2.355963e-01
290, 5.349938e-01, 7.555985e-01
291, 5.353407e-01, 4.542980e-01
292, 5.357545e-01, 3.552055e-01
293, 5.360740e-01, 2.840879e-01
294, 5.367408e-01, 2.138257e-01
295, 5.374813e-01, 3.072950e-01
296, 5.386300e-01, 6.461272e-01
297, 5.507082e-01, 6.407073e-01
298, 5.514101e-01, 6.171103e-01
299, 5.527193e-01, 1.778413e-01
300, 5.536428e-01, 7.667941e-01
301, 5.540771e-01, 7.899817e-01
302, 5.548030e-01, 4.690497e-01
303, 5.549732e-01, 1.999232e-01
304, 5.555301e-01, 4.934315e-01
305, 5.561742e-01, 7.162647e-01
306, 5.562493e-01, 6.912902e-01
307, 5.563121e-01, 2.496344e-01
308, 5.568050e-01, 2.707499e-01
309, 5.578403e-01, 3.471535e-01
310, 5.589973e-01, 8.390489e-01
311, 5.619484e-01, 3.179761e-01
312, 5.711808e-01, 8.297853e-01
313, 5.715614e-01, 2.078264e-01
314, 5.716713e-01, 6.509191e-01
315, 5.730364e-01, 8.036032e-01
316, 5.730734e-01, 3.837596e-01
317, 5.741515e-01, 6.787232e-01
318, 5.741991e-01, 3.576977e-01
319, 5.753240e-01, 7.557518e-01
320, 5.760302e-01, 5.052876e-01
321, 5.766688e-01, 7.280168e-01
322, 5.775993e-01, 2.369810e-01
323, 5.788871e-01, 5.989596e-01
324, 5.789604e-01, 5.524818e-01
325, 5.793865e-01, 5.630106e-01
326, 5.798291e-01, 3.089884e-01
327, 5.802448e-01, 4.286721e-01
328, 5.810745e-01, 2.848845e-01
329, 5.825838e-01, 5.462857e-01
330, 5.837617e-01, 4.573848e-01
331, 5.938328e-01, 6.381918e-01
332, 5.947508e-01, 1.979362e-01
333, 5.954710e-01, 3.192256e-01
334, 5.959131e-01, 6.188088e-01
335, 5.969474e-01, 3.493871e-01
336, 5.971590e-01, 4.150210e-01
337, 5.977481e-01, 2.439788e-01
338, 5.982821e-01, 2.727554e-01
339, 5.984811e-01, 7.668637e-01
340, 5.989156e-01, 3.971260e-01
341, 5.998489e-01, 4.877264e-01
342, 6.000433e-01, 7.930190e-01
343, 6.004760e-01, 8.390079e-01
344, 6.030778e-01, 4.686464e-01
345, 6.108212e-01, 8.012226e-01
346, 6.140752e-01, 6.977496e-01
347, 6.145365e-01, 8.300761e-01
348, 6.156905e-01, 3.838015e-01
349, 6.157026e-01, 2.317398e-01
350, 6.162850e-01, 7.067155e-01
351, 6.164683e-01, 7.016740e-01
352, 6.167736e-01, 3.614390e-01
353, 6.172726e-01, 6.531561e-01
354, 6.178568e-01, 2.134689e-01
355, 6.181975e-01, 4.620086e-01
356, 6.186556e-01, 7.530140e-01
357, 6.193292e-01, 7.121084e-01
358, 6.204829e-01, 5.106048e-01
359, 6.205527e-01, 5.282248e-01
360, 6.206911e-01, 5.791539e-01
361, 6.238840e-01, 4.333781e-01
362, 6.254320e-01, 6.065131e-01
363, 6.349794e-01, 3.080388e-01
364, 6.376286e-01, 2.471383e-01
365, 6.379288e-01, 1.755189e-01
366, 6.380432e-01, 3.957955e-01
367, 6.392958e-01, 1.973182e-01
368, 6.398446e-01, 6.417673e-01
369, 6.400281e-01, 4.718862e-01
370, 6.401478e-01, 5.377871e-01
371, 6.411485e-01, 6.160784e-01
372, 6.414074e-01, 3.450471e-01
373, 6.416050e-01, 2.943810e-01
374, 6.416147e-01, 4.237930e-01
375, 6.418023e-01, 2.896907e-01
376, 6.435218e-01, 5.647172e-01
377, 6.437806e-01, 4.906338e-01
378, 6.442404e-01, 7.673957e-01
379, 6.443058e-01, 2.859982e-01
380, 6.460045e-01, 7.884088e-01
381, 6.591613e-01, 6.814203e-01
382, 6.591856e-01, 8.006163e-01
383, 6.594395e-01, 2.078761e-01
384, 6.600139e-01, 5.266115e-01
385, 6.610728e-01, 1.614132e-01
386, 6.611285e-01, 2.316961e-01
387, 6.616649e-01, 5.029206e-01
388, 6.623524e-01, 7.304463e-01
389, 6.624709e-01, 5.753462e-01
390, 6.625811e-01, 6.578395e-01
391, 6.628592e-01, 3.547823e-01
392, 6.632976e-01, 7.513494e-01
393, 6.634112e-01, 6.046477e-01
394, 6.661917e-01, 3.811880e-01
395, 6.776205e-01, 2.724440e-01
396, 6.788501e-01, 3.918072e-01
397, 6.809902e-01, 4.380808e-01
398, 6.814219e-01, 6.136002e-01
399, 6.820331e-01, 7.003275e-01
400, 6.824301e-01, 7.136072e-01
401, 6.827249e-01, 3.428768e-01
402, 6.831336e-01, 1.690905e-01
403, 6.831565e-01, 1.985714e-01
404, 6.834882e-01, 5.642378e-01
405, 6.835109e-01, 2.466714e-01
406, 6.858700e-01, 5.380952e-01
407, 6.861568e-01, 4.892767e-01
408, 6.864630e-01, 3.222185e-01
409, 6.864976e-01, 6.460178e-01
410, 6.875621e-01, 7.895200e-01
411, 6.925949e-01, 7.646499e-01
412, 7.010587e-01, 7.593096e-01
413, 7.019896e-01, 2.099246e-01
414, 7.025753e-01, 6.526051e-01
415, 7.052901e-01, 1.543486e-01
416, 7.052963e-01, 2.896472e-01
417, 7.054433e-01, 2.332829e-01
418, 7.056368e-01, 3.062736e-01
419, 7.065442e-01, 8.223032e-01
420, 7.065932e-01, 6.819691e-01
421, 7.066614e-01, 5.250618e-01
422, 7.071269e-01, 7.307430e-01
423, 7.074324e-01, 3.815421e-01
424, 7.084202e-01, 5.106428e-01
425, 7.086113e-01, 3.564977e-01
426, 7.088600e-01, 8.081973e-01
427, 7.237546e-01, 4.216479e-01
428, 7.245710e-01, 5.410511e-01
429, 7.253261e-01, 2.439057e-01
430, 7.256052e-01, 3.954721e-01
431, 7.262239e-01, 7.234878e-01
432, 7.265466e-01, 4.988604e-01
433, 7.272183e-01, 6.403513e-01
434, 7.277614e-01, 6.921372e-01
435, 7.278150e-01, 7.698407e-01
436, 7.295174e-01, 8.468957e-01
437, 7.296386e-01, 2.706765e-01
438, 7.298129e-01, 5.856613e-01
439, 7.298552e-01, 3.235734e-01
440, 7.309717e-01, 3.441710e-01
441, 7.315312e-01, 7.965162e-01
442, 7.315569e-01, 4.728651e-01
443, 7.369140e-01, 1.822012e-01
444, 7.452332e-01, 3.842560e-01
445, 7.457353e-01, 8.020345e-01
446, 7.465464e-01, 2.302906e-01
447, 7.476329e-01, 4.326969e-01
448, 7.480611e-01, 6.523213e-01
449, 7.486921e-01, 5.078657e-01
450, 7.496247e-01, 6.810535e-01
451, 7.499620e-01, 3.569623e-01
452, 7.512118e-01, 8.326036e-01
453, 7.515023e-01, 5.305925e-01
454, 7.515677e-01, 4.630849e-01
455, 7.525092e-01, 3.082854e-01
456, 7.532701e-01, 2.813290e-01
457, 7.563481e-01, 1.849560e-01
458, 7.618984e-01, 7.423830e-01
459, 7.623961e-01, 4.685617e-01
460, 7.676435e-01, 5.666370e-01
461, 7.677877e-01, 6.920913e-01
462, 7.686201e-01, 2.742080e-01
463, 7.687136e-01, 8.381041e-01
464, 7.693654e-01, 4.949581e-01
465, 7.696535e-01, 5.410071e-01
466, 7.696779e-01, 6.410679e-01
467, 7.709848e-01, 4.188428e-01
468, 7.719127e-01, 4.008185e-01
469, 7.735150e-01, 7.878938e-01
470, 7.735881e-01, 2.413827e-01
471, 7.736303e-01, 7.546770e-01
472, 7.736512e-01, 6.179351e-01
473, 7.861660e-01, 3.464248e-01
474, 7.870536e-01, 5.281086e-01
475, 7.873295e-01, 5.048583e-01
476, 7.886756e-01, 8.014483e-01
477, 7.889608e-01, 6.084174e-01
478, 7.899049e-01, 4.569134e-01
479, 7.906280e-01, 5.790468e-01
480, 7.908106e-01, 2.317791e-01
481, 7.910963e-01, 6.818724e-01
482, 7.913246e-01, 8.271821e-01
483, 7.916315e-01, 3.838992e-01
484, 7.918039e-01, 4.332048e-01
485, 7.919247e-01, 2.838291e-01
486, 7.930878e-01, 6.560893e-01
487, 7.939779e-01, 2.121579e-01
488, 7.940511e-01, 1.620431e-01
489, 8.110661e-01, 6.938512e-01
490, 8.114545e-01, 7.620455e-01
491, 8.114794e-01, 1.739744e-01
492, 8.120352e-01, 8.400620e-01
493, 8.128130e-01, 6.200291e-01
494, 8.130089e-01, 7.181050e-01
495, 8.135839e-01, 7.908753e-01
496, 8.139710e-01, 2.715237e-01
497, 8.143279e-01, 1.986376e-01
498, 8.146329e-01, 5.686919e-01
499, 8.147057e-01, 6.441920e-01
500, 8.152444e-01, 5.425151e-01
501, 8.153171e-01, 4.232338e-01
502, 8.159241e-01, 3.954066e-01
503, 8.160843e-01, 2.523955e-01
504, 8.220123e-01, 4.827366e-01
505, 8.295178e-01, 7.298136e-01
506, 8.302846e-01, 2.852659e-01
507, 8.305664e-01, 4.829196e-01
508, 8.307485e-01, 7.508057e-01
509, 8.331218e-01, 5.808394e-01
510, 8.333512e-01, 3.853295e-01
511, 8.333583e-01, 3.091718e-01
512, 8.335713e-01, 6.545393e-01
513, 8.340493e-01, 3.576490e-01
514, 8.343680e-01, 4.362043e-01
515, 8.345377e-01, 2.058256e-01
516, 8.346643e-01, 6.793637e-01
517, 8.347987e-01, 8.280203e-01
518, 8.349412e-01, 6.037689e-01
519, 8.350225e-01, 5.267588e-01
520, 8.368745e-01, 7.994279e-01
521, 8.371837e-01, 4.781007e-01
522, 8.372785e-01, 1.561767e-01
523, 8.380300e-01, 2.402003e-01
524, 8.419459e-01, 4.781673e-01
525, 1.931737e-01, 1.869444e-01
526, 2.128446e-01, 7.379597e-01
527, 3.402255e-01, 2.264725e-01
528, 3.191798e-01, 6.291957e-01
529, 3.693967e-01, 7.804383e-01
530, 4.729023e-01, 6.682274e-01
531, 4.940227e-01, 2.574163e-01
532, 5.105734e-01, 8.176141e-01
533, 5.337376e-01, 4.049394e-01
534, 6.860442e-01, 4.463245e-01
535, 7.270315e-01, 5.902935e-01
536, 7.483155e-01, 1.837858e-01
537, 7.673066e-01, 7.405159e-01
538, 7.937479e-01, 3.335713e-01
539, 1.500000e-01, 8.269588e-01
540, 1.500000e-01, 6.035759e-01
541, 1.500000e-01, 7.247257e-01
542, 1.500000e-01, 5.789060e-01
543, 1.500000e-01, 2.078663e-01
544, 1.500000e-01, 3.880073e-01
545, 1.500000e-01, 8.102211e-01
546, 1.500000e-01, 7.999127e-01
547, 1.500000e-01, 6.535242e-01
548, 1.500000e-01, 6.849312e-01
549, 1.500000e-01, 4.561090e-01
550, 1.500000e-01, 4.298339e-01
551, 1.500000e-01, 5.039157e-01
552, 1.500000e-01, 5.266116e-01
553, 1.500000e-01, 2.855480e-01
554, 1.500000e-01, 3.072803e-01
555, 1.528751e-01, 1.500000e-01
556, 1.676369e-01, 8.500000e-01
557, 1.953261e-01, 1.500000e-01
558, 2.137284e-01, 8.500000e-01
559, 2.353271e-01, 1.500000e-01
560, 2.599200e-01, 8.500000e-01
561, 2.761986e-01, 1.500000e-01
562, 3.021013e-01, 8.500000e-01
563, 3.168732e-01, 1.500000e-01
564, 3.406155e-01, 8.500000e-01
565, 3.586032e-01, 1.500000e-01
566, 3.837708e-01, 8.500000e-01
567, 4.058384e-01, 1.500000e-01
568, 4.284107e-01, 8.500000e-01
569, 4.512505e-01, 1.500000e-01
570, 4.701597e-01, 8.500000e-01
571, 4.899872e-01, 1.500000e-01
572, 5.125335e-01, 8.500000e-01
573, 5.315317e-01, 1.500000e-01
574, 5.587858e-01, 8.500000e-01
575, 5.941704e-01, 1.500000e-01
576, 5.984812e-01, 1.500000e-01
577, 5.989843e-01, 8.500000e-01
578, 6.595050e-01, 8.500000e-01
579, 6.029112e-01, 1.500000e-01
580, 6.607119e-01, 8.500000e-01
581, 6.600412e-01, 1.500000e-01
582, 6.616082e-01, 8.500000e-01
583, 7.054611e-01, 1.500000e-01
584, 7.289188e-01, 8.500000e-01
585, 7.536237e-01, 1.500000e-01
586, 7.693121e-01, 8.500000e-01
587, 7.929286e-01, 1.500000e-01
588, 8.117001e-01, 8.500000e-01
589, 8.500000e-01, 6.134758e-01
590, 8.500000e-01, 5.724111e-01
591, 8.500000e-01, 6.883040e-01
592, 8.500000e-01, 6.453579e-01
593, 8.500000e-01, 7.186113e-01
594, 8.500000e-01, 7.660548e-01
595, 8.500000e-01, 3.928650e-01
596, 8.500000e-01, 3.485355e-01
597, 8.500000e-01, 1.982575e-01
598, 8.500000e-01, 2.444582e-01
599, 8.500000e-01, 3.168677e-01
600, 8.500000e-01, 2.769870e-01
601, 8.500000e-01, 8.356227e-01
602, 8.500000e-01, 7.877534e-01
603, 8.500000e-01, 4.258729e-01
604, 8.373264e-01, 1.500000e-01
605, 8.500000e-01, 1.677991e-01
606, 8.500000e-01, 5.338422e-01
607, 8.500000e-01, 4.737438e-01
608, 8.500000e-01, 4.838320e-01
609, 1.500359e-01, 7.564151e-01
610, 1.505089e-01, 2.360339e-01
611, 1.500280e-01, 3.573154e-01
612, 1.511325e-01, 1.653651e-01
