1, 1.528285e-01, 3.768132e-01
2, 1.560731e-01, 6.052430e-01
3, 1.562083e-01, 2.466165e-01
4, 1.562506e-01, 3.355513e-01
5, 1.566645e-01, 6.108593e-01
6, 1.570235e-01, 3.762753e-01
7, 1.573869e-01, 2.869567e-01
8, 1.577956e-01, 5.133130e-01
9, 1.579078e-01, 5.186345e-01
10, 1.579614e-01, 7.940042e-01
11, 1.581164e-01, 8.319348e-01
12, 1.581840e-01, 8.402790e-01
13, 1.583605e-01, 4.707726e-01
14, 1.585256e-01, 1.959187e-01
15, 1.586097e-01, 2.011737e-01
16, 1.587135e-01, 7.854950e-01
17, 1.592105e-01, 3.356272e-01
18, 1.592554e-01, 5.633399e-01
19, 1.593227e-01, 2.470020e-01
20, 1.595615e-01, 7.020244e-01
21, 1.596434e-01, 6.974600e-01
22, 1.646894e-01, 5.879521e-01
23, 1.660284e-01, 7.706060e-01
24, 1.663671e-01, 3.976058e-01
25, 1.669356e-01, 7.191481e-01
26, 1.670738e-01, 4.964987e-01
27, 1.687621e-01, 2.617937e-01
28, 1.692876e-01, 6.284185e-01
29, 1.695668e-01, 8.117529e-01
30, 1.698739e-01, 1.754006e-01
31, 1.704136e-01, 7.671370e-01
32, 1.704251e-01, 5.836228e-01
33, 1.704341e-01, 5.378851e-01
34, 1.705045e-01, 6.749296e-01
35, 1.706836e-01, 2.225262e-01
36, 1.707256e-01, 4.013828e-01
37, 1.714320e-01, 6.301285e-01
38, 1.723469e-01, 3.125500e-01
39, 1.725479e-01, 1.727565e-01
40, 1.726264e-01, 7.242546e-01
41, 1.729645e-01, 2.655891e-01
42, 1.730810e-01, 8.144391e-01
43, 1.731842e-01, 2.198831e-01
44, 1.733852e-01, 5.397704e-01
45, 1.742856e-01, 6.781430e-01
46, 1.747837e-01, 4.905327e-01
47, 1.938705e-01, 5.387858e-01
48, 1.938821e-01, 8.147887e-01
49, 1.941002e-01, 6.777654e-01
50, 1.954132e-01, 2.197848e-01
51, 1.956603e-01, 6.285185e-01
52, 1.961884e-01, 1.723745e-01
53, 1.963907e-01, 3.122327e-01
54, 1.967861e-01, 5.408978e-01
55, 1.968409e-01, 5.862090e-01
56, 1.969130e-01, 8.169035e-01
57, 1.969677e-01, 4.013216e-01
58, 1.981552e-01, 4.440128e-01
59, 1.989262e-01, 2.657185e-01
60, 2.001071e-01, 2.235062e-01
61, 2.001796e-01, 4.459119e-01
62, 2.003156e-01, 6.327014e-01
63, 2.007998e-01, 1.762930e-01
64, 2.011692e-01, 4.048212e-01
65, 2.022683e-01, 2.625970e-01
66, 2.023467e-01, 5.815477e-01
67, 2.069360e-01, 3.809044e-01
68, 2.077751e-01, 7.905016e-01
69, 2.078343e-01, 4.258943e-01
70, 2.085370e-01, 3.308013e-01
71, 2.089689e-01, 3.359131e-01
72, 2.107387e-01, 6.982272e-01
73, 2.107824e-01, 2.431962e-01
74, 2.108078e-01, 5.648162e-01
75, 2.108461e-01, 5.580141e-01
76, 2.111518e-01, 4.696612e-01
77, 2.111844e-01, 7.027186e-01
78, 2.111854e-01, 2.870278e-01
79, 2.122802e-01, 7.909146e-01
80, 2.124715e-01, 3.813038e-01
81, 2.147186e-01, 2.874065e-01
82, 2.173016e-01, 8.079893e-01
83, 2.188691e-01, 6.269381e-01
84, 2.198752e-01, 5.346911e-01
85, 2.201077e-01, 4.478941e-01
86, 2.201848e-01, 4.007213e-01
87, 2.207859e-01, 6.736653e-01
88, 2.215425e-01, 5.890174e-01
89, 2.232784e-01, 6.759225e-01
90, 2.234368e-01, 2.195116e-01
91, 2.234640e-01, 4.031844e-01
92, 2.236411e-01, 7.208685e-01
93, 2.241015e-01, 2.659782e-01
94, 2.245445e-01, 4.515325e-01
95, 2.247825e-01, 7.695658e-01
96, 2.249991e-01, 5.401232e-01
97, 2.251441e-01, 6.321283e-01
98, 2.255614e-01, 5.864527e-01
99, 2.261270e-01, 8.169732e-01
100, 2.456159e-01, 7.689449e-01
101, 2.480862e-01, 5.872418e-01
102, 2.483511e-01, 4.049759e-01
103, 2.485842e-01, 3.116347e-01
104, 2.490930e-01, 5.405878e-01
105, 2.495961e-01, 1.738256e-01
106, 2.499579e-01, 2.207280e-01
107, 2.502781e-01, 6.310768e-01
108, 2.505213e-01, 7.650766e-01
109, 2.505908e-01, 4.955158e-01
110, 2.508591e-01, 6.757255e-01
111, 2.510285e-01, 7.214499e-01
112, 2.523012e-01, 5.840458e-01
113, 2.526604e-01, 2.636827e-01
114, 2.528775e-01, 6.332975e-01
115, 2.533653e-01, 6.782587e-01
116, 2.564335e-01, 4.902918e-01
117, 2.565085e-01, 2.669343e-01
118, 2.592109e-01, 4.236422e-01
119, 2.604799e-01, 7.438724e-01
120, 2.610358e-01, 3.333833e-01
121, 2.621443e-01, 1.521690e-01
122, 2.625635e-01, 3.010494e-01
123, 2.627348e-01, 3.787766e-01
124, 2.628183e-01, 6.951275e-01
125, 2.629891e-01, 5.620351e-01
126, 2.632488e-01, 8.377519e-01
127, 2.634087e-01, 6.508942e-01
128, 2.634349e-01, 6.546695e-01
129, 2.635236e-01, 5.167924e-01
130, 2.640876e-01, 1.959142e-01
131, 2.645029e-01, 2.861492e-01
132, 2.647997e-01, 4.240794e-01
133, 2.655071e-01, 7.445191e-01
134, 2.659347e-01, 6.956465e-01
135, 2.685987e-01, 1.706998e-01
136, 2.712370e-01, 7.207494e-01
137, 2.716400e-01, 5.886234e-01
138, 2.716518e-01, 4.949416e-01
139, 2.728291e-01, 6.264528e-01
140, 2.733586e-01, 3.595195e-01
141, 2.735580e-01, 7.229146e-01
142, 2.743331e-01, 2.190740e-01
143, 2.746062e-01, 3.137421e-01
144, 2.747248e-01, 7.653648e-01
145, 2.748629e-01, 1.761789e-01
146, 2.749589e-01, 8.117682e-01
147, 2.760335e-01, 4.914725e-01
148, 2.766571e-01, 2.169530e-01
149, 2.767657e-01, 2.682163e-01
150, 2.768414e-01, 6.738946e-01
151, 2.768527e-01, 4.461360e-01
152, 2.770318e-01, 5.845202e-01
153, 2.772476e-01, 8.135227e-01
154, 2.775095e-01, 5.361736e-01
155, 2.785384e-01, 3.553835e-01
156, 2.787268e-01, 6.309140e-01
157, 2.803915e-01, 2.659646e-01
158, 2.824710e-01, 6.784448e-01
159, 2.984168e-01, 2.664940e-01
160, 2.998592e-01, 5.369198e-01
161, 2.998900e-01, 8.139427e-01
162, 3.001700e-01, 6.782981e-01
163, 3.006680e-01, 6.298339e-01
164, 3.008586e-01, 2.644967e-01
165, 3.017697e-01, 4.459290e-01
166, 3.018976e-01, 5.853969e-01
167, 3.022024e-01, 2.181006e-01
168, 3.030875e-01, 3.560903e-01
169, 3.035346e-01, 1.733250e-01
170, 3.038248e-01, 8.107925e-01
171, 3.038413e-01, 3.988644e-01
172, 3.041402e-01, 7.232535e-01
173, 3.053272e-01, 6.255023e-01
174, 3.055823e-01, 6.737910e-01
175, 3.070583e-01, 7.210569e-01
176, 3.073190e-01, 1.767556e-01
177, 3.084724e-01, 2.254064e-01
178, 3.141897e-01, 7.504028e-01
179, 3.144001e-01, 7.418797e-01
180, 3.145589e-01, 5.151013e-01
181, 3.152395e-01, 4.701103e-01
182, 3.152756e-01, 4.740996e-01
183, 3.156167e-01, 3.823739e-01
184, 3.156592e-01, 4.271183e-01
185, 3.162967e-01, 4.206016e-01
186, 3.163431e-01, 7.915348e-01
187, 3.163699e-01, 7.886963e-01
188, 3.164512e-01, 2.006194e-01
189, 3.167642e-01, 1.971271e-01
190, 3.192625e-01, 5.156320e-01
191, 3.221736e-01, 7.250087e-01
192, 3.253276e-01, 5.367142e-01
193, 3.257646e-01, 6.796528e-01
194, 3.260708e-01, 6.364060e-01
195, 3.270914e-01, 2.183158e-01
196, 3.271279e-01, 4.062077e-01
197, 3.271870e-01, 3.114496e-01
198, 3.274036e-01, 1.725950e-01
199, 3.274995e-01, 4.502371e-01
200, 3.278201e-01, 3.569676e-01
201, 3.279461e-01, 5.396536e-01
202, 3.280623e-01, 7.700495e-01
203, 3.283860e-01, 7.200731e-01
204, 3.286696e-01, 2.666787e-01
205, 3.297401e-01, 4.981715e-01
206, 3.306261e-01, 4.478290e-01
207, 3.308638e-01, 7.675822e-01
208, 3.309494e-01, 3.541987e-01
209, 3.313893e-01, 6.310152e-01
210, 3.315159e-01, 2.219789e-01
211, 3.319651e-01, 6.746832e-01
212, 3.322646e-01, 1.763704e-01
213, 3.324337e-01, 4.014350e-01
214, 3.333144e-01, 4.953705e-01
215, 3.532109e-01, 7.215956e-01
216, 3.541982e-01, 7.657877e-01
217, 3.548037e-01, 1.759394e-01
218, 3.553303e-01, 7.198222e-01
219, 3.553441e-01, 4.481917e-01
220, 3.567870e-01, 6.764618e-01
221, 3.573422e-01, 1.778707e-01
222, 3.575207e-01, 4.501202e-01
223, 3.581660e-01, 5.410314e-01
224, 3.583231e-01, 7.694152e-01
225, 3.609820e-01, 5.379806e-01
226, 3.652971e-01, 7.440732e-01
227, 3.661681e-01, 4.285848e-01
228, 3.664939e-01, 4.217797e-01
229, 3.669471e-01, 6.998516e-01
230, 3.670775e-01, 7.922105e-01
231, 3.675197e-01, 4.717737e-01
232, 3.678197e-01, 1.526858e-01
233, 3.679475e-01, 8.356947e-01
234, 3.682311e-01, 2.393910e-01
235, 3.682646e-01, 2.469552e-01
236, 3.684731e-01, 5.147945e-01
237, 3.685864e-01, 6.085130e-01
238, 3.686252e-01, 5.182367e-01
239, 3.686271e-01, 1.967375e-01
240, 3.686766e-01, 1.940120e-01
241, 3.688214e-01, 6.506328e-01
242, 3.689678e-01, 5.602712e-01
243, 3.690797e-01, 6.572801e-01
244, 3.699004e-01, 3.816636e-01
245, 3.702986e-01, 7.437233e-01
246, 3.703799e-01, 3.765849e-01
247, 3.703912e-01, 7.921428e-01
248, 3.707068e-01, 4.720005e-01
249, 3.713078e-01, 6.087156e-01
250, 3.717548e-01, 6.998621e-01
251, 3.765070e-01, 4.475169e-01
252, 3.773610e-01, 2.179983e-01
253, 3.782227e-01, 2.686011e-01
254, 3.784985e-01, 1.700151e-01
255, 3.788201e-01, 6.789010e-01
256, 3.790613e-01, 5.365520e-01
257, 3.802007e-01, 2.666238e-01
258, 3.810446e-01, 4.043111e-01
259, 3.810604e-01, 3.557626e-01
260, 3.816312e-01, 2.219344e-01
261, 3.820850e-01, 7.223789e-01
262, 3.823343e-01, 5.389778e-01
263, 3.825651e-01, 5.878057e-01
264, 3.829517e-01, 4.519476e-01
265, 3.830775e-01, 7.696095e-01
266, 3.830847e-01, 6.745795e-01
267, 3.843440e-01, 3.592166e-01
268, 3.844280e-01, 7.202559e-01
269, 3.857315e-01, 5.855257e-01
270, 3.866674e-01, 1.761535e-01
271, 4.033803e-01, 5.855155e-01
272, 4.040235e-01, 7.699123e-01
273, 4.042260e-01, 1.759379e-01
274, 4.061614e-01, 4.071332e-01
275, 4.063457e-01, 4.960232e-01
276, 4.069040e-01, 5.374378e-01
277, 4.070927e-01, 6.723926e-01
278, 4.071557e-01, 1.784740e-01
279, 4.072109e-01, 7.203904e-01
280, 4.075558e-01, 4.485027e-01
281, 4.081146e-01, 2.225740e-01
282, 4.083259e-01, 6.322564e-01
283, 4.084862e-01, 3.115671e-01
284, 4.086117e-01, 3.583336e-01
285, 4.102684e-01, 7.228523e-01
286, 4.103941e-01, 2.200537e-01
287, 4.104786e-01, 8.161597e-01
288, 4.105744e-01, 5.402261e-01
289, 4.106269e-01, 6.303009e-01
290, 4.110097e-01, 3.564643e-01
291, 4.122779e-01, 7.632807e-01
292, 4.123132e-01, 4.007250e-01
293, 4.123886e-01, 5.785975e-01
294, 4.128113e-01, 6.766564e-01
295, 4.131629e-01, 4.900393e-01
296, 4.180977e-01, 4.233568e-01
297, 4.187561e-01, 6.521117e-01
298, 4.191149e-01, 2.844110e-01
299, 4.193783e-01, 2.890872e-01
300, 4.194362e-01, 7.859982e-01
301, 4.199719e-01, 7.893141e-01
302, 4.199761e-01, 5.143993e-01
303, 4.201278e-01, 2.422561e-01
304, 4.202905e-01, 1.976727e-01
305, 4.220610e-01, 4.716260e-01
306, 4.227845e-01, 6.996454e-01
307, 4.233877e-01, 6.519458e-01
308, 4.235875e-01, 7.424469e-01
309, 4.238086e-01, 7.463570e-01
310, 4.249726e-01, 2.428649e-01
311, 4.277513e-01, 7.706411e-01
312, 4.284347e-01, 5.397810e-01
313, 4.292142e-01, 4.500456e-01
314, 4.299301e-01, 3.570512e-01
315, 4.302748e-01, 5.377283e-01
316, 4.302968e-01, 2.640371e-01
317, 4.313898e-01, 6.742629e-01
318, 4.314241e-01, 2.188392e-01
319, 4.318889e-01, 3.989100e-01
320, 4.322253e-01, 1.755537e-01
321, 4.326039e-01, 2.618717e-01
322, 4.329832e-01, 6.285802e-01
323, 4.337079e-01, 8.105617e-01
324, 4.337462e-01, 3.543874e-01
325, 4.337878e-01, 7.179749e-01
326, 4.339504e-01, 5.868947e-01
327, 4.341858e-01, 1.774578e-01
328, 4.344260e-01, 6.770888e-01
329, 4.351598e-01, 6.308725e-01
330, 4.355146e-01, 4.438153e-01
331, 4.362165e-01, 7.627063e-01
332, 4.365375e-01, 7.204937e-01
333, 4.366093e-01, 2.237791e-01
334, 4.389373e-01, 5.830267e-01
335, 4.566884e-01, 3.079145e-01
336, 4.576915e-01, 8.110911e-01
337, 4.580642e-01, 4.924106e-01
338, 4.585864e-01, 5.816427e-01
339, 4.588860e-01, 4.434127e-01
340, 4.592798e-01, 3.987489e-01
341, 4.592806e-01, 3.102518e-01
342, 4.598691e-01, 7.655366e-01
343, 4.610379e-01, 7.199956e-01
344, 4.610465e-01, 4.949863e-01
345, 4.614363e-01, 6.769199e-01
346, 4.620414e-01, 2.682349e-01
347, 4.621491e-01, 2.206387e-01
348, 4.621904e-01, 7.641172e-01
349, 4.623440e-01, 5.376553e-01
350, 4.627195e-01, 8.167700e-01
351, 4.633098e-01, 4.023657e-01
352, 4.641448e-01, 5.860121e-01
353, 4.655740e-01, 6.737608e-01
354, 4.656596e-01, 4.492731e-01
355, 4.661140e-01, 7.248907e-01
356, 4.669270e-01, 5.423108e-01
357, 4.698432e-01, 2.886275e-01
358, 4.704236e-01, 8.392177e-01
359, 4.706876e-01, 8.329395e-01
360, 4.714138e-01, 1.570800e-01
361, 4.718715e-01, 4.236011e-01
362, 4.719864e-01, 7.911424e-01
363, 4.721896e-01, 4.195828e-01
364, 4.726811e-01, 3.332807e-01
365, 4.728552e-01, 1.995336e-01
366, 4.730720e-01, 5.622804e-01
367, 4.732223e-01, 5.136622e-01
368, 4.733033e-01, 5.163881e-01
369, 4.750344e-01, 6.039135e-01
370, 4.752267e-01, 7.906912e-01
371, 4.753602e-01, 6.105902e-01
372, 4.762872e-01, 2.393935e-01
373, 4.763627e-01, 6.993612e-01
374, 4.764949e-01, 7.028621e-01
375, 4.765550e-01, 2.480268e-01
376, 4.815714e-01, 4.912651e-01
377, 4.817446e-01, 3.113014e-01
378, 4.818929e-01, 3.965621e-01
379, 4.832322e-01, 3.593663e-01
380, 4.838578e-01, 4.463660e-01
381, 4.839656e-01, 1.746251e-01
382, 4.839687e-01, 7.674203e-01
383, 4.847124e-01, 3.142317e-01
384, 4.853043e-01, 5.369928e-01
385, 4.856822e-01, 3.572717e-01
386, 4.860012e-01, 2.212111e-01
387, 4.860220e-01, 5.834026e-01
388, 4.867102e-01, 4.963379e-01
389, 4.868523e-01, 7.226118e-01
390, 4.870442e-01, 1.764501e-01
391, 4.872816e-01, 4.015158e-01
392, 4.880399e-01, 5.388420e-01
393, 4.888397e-01, 6.292726e-01
394, 4.891787e-01, 7.200958e-01
395, 4.898786e-01, 8.094822e-01
396, 4.902593e-01, 4.504488e-01
397, 4.920761e-01, 8.111564e-01
398, 5.070762e-01, 4.499463e-01
399, 5.077239e-01, 1.746201e-01
400, 5.081783e-01, 8.127713e-01
401, 5.087525e-01, 6.287545e-01
402, 5.095109e-01, 7.212244e-01
403, 5.113714e-01, 3.120072e-01
404, 5.122282e-01, 5.830500e-01
405, 5.125210e-01, 4.459095e-01
406, 5.126892e-01, 7.234320e-01
407, 5.128229e-01, 4.024630e-01
408, 5.130272e-01, 5.388919e-01
409, 5.132151e-01, 8.100405e-01
410, 5.132784e-01, 3.100075e-01
411, 5.132823e-01, 1.791841e-01
412, 5.134528e-01, 3.578372e-01
413, 5.135142e-01, 6.319521e-01
414, 5.139627e-01, 2.209341e-01
415, 5.160112e-01, 5.361989e-01
416, 5.160202e-01, 5.868969e-01
417, 5.165877e-01, 3.549821e-01
418, 5.209999e-01, 1.555714e-01
419, 5.233190e-01, 8.368920e-01
420, 5.236924e-01, 3.296136e-01
421, 5.241021e-01, 3.410376e-01
422, 5.242117e-01, 5.583723e-01
423, 5.242499e-01, 2.898013e-01
424, 5.242794e-01, 5.665390e-01
425, 5.244656e-01, 5.164417e-01
426, 5.247274e-01, 3.826592e-01
427, 5.249653e-01, 3.787555e-01
428, 5.253432e-01, 6.101588e-01
429, 5.255250e-01, 4.729573e-01
430, 5.259325e-01, 6.040300e-01
431, 5.261020e-01, 2.423897e-01
432, 5.262139e-01, 8.364260e-01
433, 5.262230e-01, 7.445309e-01
434, 5.272713e-01, 5.160089e-01
435, 5.273233e-01, 2.898187e-01
436, 5.274666e-01, 6.543224e-01
437, 5.275141e-01, 6.500031e-01
438, 5.278697e-01, 7.023551e-01
439, 5.280528e-01, 1.557791e-01
440, 5.283123e-01, 6.969257e-01
441, 5.304687e-01, 7.440756e-01
442, 5.343644e-01, 3.144821e-01
443, 5.347943e-01, 2.629169e-01
444, 5.348506e-01, 6.729464e-01
445, 5.350386e-01, 1.706084e-01
446, 5.355174e-01, 4.519513e-01
447, 5.360656e-01, 7.211384e-01
448, 5.362544e-01, 5.817989e-01
449, 5.363268e-01, 6.313957e-01
450, 5.364076e-01, 4.015970e-01
451, 5.368077e-01, 8.192386e-01
452, 5.369627e-01, 5.381384e-01
453, 5.381116e-01, 4.944520e-01
454, 5.382561e-01, 3.608994e-01
455, 5.385798e-01, 7.236923e-01
456, 5.386238e-01, 2.664770e-01
457, 5.395130e-01, 1.762500e-01
458, 5.405147e-01, 6.778132e-01
459, 5.409116e-01, 2.215708e-01
460, 5.414393e-01, 5.858609e-01
461, 5.415202e-01, 3.587014e-01
462, 5.416367e-01, 4.466428e-01
463, 5.423677e-01, 3.083695e-01
464, 5.427336e-01, 8.149652e-01
465, 5.619991e-01, 3.112045e-01
466, 5.624645e-01, 2.219372e-01
467, 5.626277e-01, 4.457821e-01
468, 5.626955e-01, 3.574846e-01
469, 5.633388e-01, 6.319290e-01
470, 5.643784e-01, 5.404472e-01
471, 5.645200e-01, 5.846075e-01
472, 5.654460e-01, 6.771090e-01
473, 5.660611e-01, 4.017273e-01
474, 5.662287e-01, 4.948133e-01
475, 5.667318e-01, 3.165917e-01
476, 5.670901e-01, 7.212874e-01
477, 5.674747e-01, 4.497963e-01
478, 5.677971e-01, 1.769950e-01
479, 5.682301e-01, 3.994578e-01
480, 5.683773e-01, 6.275560e-01
481, 5.693141e-01, 5.456288e-01
482, 5.696853e-01, 2.644983e-01
483, 5.697791e-01, 2.268874e-01
484, 5.701338e-01, 1.748928e-01
485, 5.743128e-01, 3.354689e-01
486, 5.743242e-01, 5.612175e-01
487, 5.762763e-01, 8.320208e-01
488, 5.763555e-01, 3.790378e-01
489, 5.766977e-01, 3.825400e-01
490, 5.770112e-01, 6.502430e-01
491, 5.773121e-01, 6.590291e-01
492, 5.773681e-01, 8.393875e-01
493, 5.775770e-01, 3.355510e-01
494, 5.780314e-01, 6.068306e-01
495, 5.784263e-01, 5.190102e-01
496, 5.786254e-01, 4.710035e-01
497, 5.793521e-01, 7.985545e-01
498, 5.794308e-01, 7.852082e-01
499, 5.804485e-01, 2.921591e-01
500, 5.804904e-01, 2.880062e-01
501, 5.805886e-01, 5.619828e-01
502, 5.813545e-01, 1.555756e-01
503, 5.873772e-01, 7.197871e-01
504, 5.885098e-01, 5.393979e-01
505, 5.888720e-01, 4.055057e-01
506, 5.902040e-01, 2.149520e-01
507, 5.904495e-01, 5.371456e-01
508, 5.910039e-01, 7.234295e-01
509, 5.911392e-01, 1.789442e-01
510, 5.911835e-01, 4.480741e-01
511, 5.914315e-01, 7.675121e-01
512, 5.916852e-01, 6.802962e-01
513, 5.917812e-01, 5.803986e-01
514, 5.919049e-01, 4.939020e-01
515, 5.928757e-01, 4.010889e-01
516, 5.939440e-01, 4.456624e-01
517, 5.942245e-01, 7.655015e-01
518, 5.946655e-01, 6.777148e-01
519, 5.947940e-01, 2.184405e-01
520, 5.949457e-01, 1.746655e-01
521, 5.973713e-01, 5.841666e-01
522, 6.147412e-01, 4.468923e-01
523, 6.147679e-01, 6.764471e-01
524, 6.150808e-01, 5.843097e-01
525, 6.157315e-01, 3.115775e-01
526, 6.160484e-01, 2.205222e-01
527, 6.163070e-01, 8.125277e-01
528, 6.167744e-01, 7.684436e-01
529, 6.168719e-01, 3.572924e-01
530, 6.172399e-01, 5.861162e-01
531, 6.173166e-01, 3.984219e-01
532, 6.180111e-01, 4.932761e-01
533, 6.184773e-01, 5.376300e-01
534, 6.188032e-01, 3.143260e-01
535, 6.190920e-01, 8.152825e-01
536, 6.196995e-01, 3.547311e-01
537, 6.206138e-01, 4.517246e-01
538, 6.208759e-01, 2.243056e-01
539, 6.210169e-01, 6.710207e-01
540, 6.210564e-01, 7.209693e-01
541, 6.210647e-01, 1.736696e-01
542, 6.211256e-01, 7.653652e-01
543, 6.213500e-01, 4.960957e-01
544, 6.214091e-01, 5.402876e-01
545, 6.232023e-01, 7.226818e-01
546, 6.241608e-01, 1.713518e-01
547, 6.245073e-01, 4.054754e-01
548, 6.280788e-01, 8.390763e-01
549, 6.285519e-01, 4.745022e-01
550, 6.288434e-01, 4.664192e-01
551, 6.289763e-01, 7.909047e-01
552, 6.298541e-01, 3.802084e-01
553, 6.307502e-01, 2.431137e-01
554, 6.307571e-01, 6.114191e-01
555, 6.310016e-01, 1.575654e-01
556, 6.314803e-01, 6.988142e-01
557, 6.316149e-01, 4.288200e-01
558, 6.317699e-01, 7.912135e-01
559, 6.321834e-01, 4.252741e-01
560, 6.325823e-01, 2.032978e-01
561, 6.328619e-01, 1.928841e-01
562, 6.332680e-01, 7.465638e-01
563, 6.334794e-01, 7.401935e-01
564, 6.340198e-01, 8.389067e-01
565, 6.383398e-01, 4.453890e-01
566, 6.406705e-01, 4.938144e-01
567, 6.406854e-01, 2.173084e-01
568, 6.411346e-01, 3.609089e-01
569, 6.414126e-01, 1.776299e-01
570, 6.423472e-01, 5.873466e-01
571, 6.423972e-01, 5.376488e-01
572, 6.425504e-01, 6.789867e-01
573, 6.426602e-01, 8.145990e-01
574, 6.428398e-01, 7.188092e-01
575, 6.432130e-01, 4.501336e-01
576, 6.435656e-01, 3.069174e-01
577, 6.440183e-01, 6.311012e-01
578, 6.442276e-01, 4.960102e-01
579, 6.447314e-01, 5.397687e-01
580, 6.448320e-01, 2.204476e-01
581, 6.450266e-01, 5.851753e-01
582, 6.452403e-01, 6.771247e-01
583, 6.453460e-01, 3.567801e-01
584, 6.460866e-01, 1.746383e-01
585, 6.462511e-01, 7.217182e-01
586, 6.476806e-01, 3.113576e-01
587, 6.682028e-01, 5.858868e-01
588, 6.682035e-01, 7.683813e-01
589, 6.683002e-01, 2.201412e-01
590, 6.692208e-01, 4.525421e-01
591, 6.693328e-01, 5.396443e-01
592, 6.698429e-01, 4.929821e-01
593, 6.702922e-01, 6.314790e-01
594, 6.707867e-01, 2.654471e-01
595, 6.708264e-01, 1.734972e-01
596, 6.715963e-01, 7.217860e-01
597, 6.722923e-01, 3.128618e-01
598, 6.729832e-01, 5.825152e-01
599, 6.730225e-01, 2.242486e-01
600, 6.732041e-01, 5.364900e-01
601, 6.735304e-01, 8.134111e-01
602, 6.751391e-01, 3.106532e-01
603, 6.752091e-01, 4.461030e-01
604, 6.753301e-01, 7.621899e-01
605, 6.794422e-01, 4.697966e-01
606, 6.811605e-01, 4.236279e-01
607, 6.812303e-01, 1.531156e-01
608, 6.814941e-01, 2.009843e-01
609, 6.817571e-01, 6.114136e-01
610, 6.819240e-01, 6.056220e-01
611, 6.824478e-01, 7.854618e-01
612, 6.826303e-01, 6.541530e-01
613, 6.826804e-01, 7.954080e-01
614, 6.835523e-01, 4.697522e-01
615, 6.837914e-01, 5.179250e-01
616, 6.838324e-01, 5.151235e-01
617, 6.841406e-01, 6.998420e-01
618, 6.841931e-01, 8.418021e-01
619, 6.844055e-01, 3.338077e-01
620, 6.848710e-01, 8.312036e-01
621, 6.856305e-01, 2.849429e-01
622, 6.857711e-01, 2.895818e-01
623, 6.859176e-01, 5.618901e-01
624, 6.861396e-01, 1.524415e-01
625, 6.867322e-01, 2.011115e-01
626, 6.868774e-01, 6.541275e-01
627, 6.877253e-01, 4.238856e-01
628, 6.898391e-01, 4.005268e-01
629, 6.921065e-01, 5.898747e-01
630, 6.930387e-01, 3.079259e-01
631, 6.933248e-01, 4.929820e-01
632, 6.934272e-01, 1.803148e-01
633, 6.938557e-01, 6.317188e-01
634, 6.942110e-01, 4.447381e-01
635, 6.951825e-01, 8.130151e-01
636, 6.954595e-01, 3.573654e-01
637, 6.959121e-01, 7.685099e-01
638, 6.959461e-01, 5.414895e-01
639, 6.960764e-01, 7.216889e-01
640, 6.962743e-01, 4.958266e-01
641, 6.967889e-01, 4.069311e-01
642, 6.968672e-01, 2.660845e-01
643, 6.970134e-01, 2.187847e-01
644, 6.977351e-01, 3.593601e-01
645, 6.981960e-01, 3.122803e-01
646, 6.983940e-01, 8.154006e-01
647, 6.985512e-01, 4.494749e-01
648, 6.986017e-01, 6.353332e-01
649, 6.995403e-01, 7.664143e-01
650, 7.000768e-01, 5.842456e-01
651, 7.007569e-01, 1.741133e-01
652, 7.200821e-01, 3.603215e-01
653, 7.204071e-01, 4.511768e-01
654, 7.221110e-01, 7.686625e-01
655, 7.223273e-01, 3.123310e-01
656, 7.223694e-01, 5.873301e-01
657, 7.226709e-01, 2.204343e-01
658, 7.229595e-01, 4.959244e-01
659, 7.231454e-01, 6.323038e-01
660, 7.234350e-01, 1.743838e-01
661, 7.234498e-01, 2.659388e-01
662, 7.244994e-01, 6.798778e-01
663, 7.250837e-01, 5.381541e-01
664, 7.252350e-01, 4.034147e-01
665, 7.257003e-01, 6.290124e-01
666, 7.260500e-01, 2.233970e-01
667, 7.262827e-01, 2.635113e-01
668, 7.274215e-01, 4.468328e-01
669, 7.275373e-01, 3.536339e-01
670, 7.276056e-01, 3.079875e-01
671, 7.277651e-01, 5.006238e-01
672, 7.279597e-01, 5.358889e-01
673, 7.289121e-01, 1.786395e-01
674, 7.298344e-01, 6.752299e-01
675, 7.329643e-01, 7.930801e-01
676, 7.333503e-01, 6.077477e-01
677, 7.336157e-01, 8.340835e-01
678, 7.347906e-01, 3.331824e-01
679, 7.354869e-01, 2.875774e-01
680, 7.356012e-01, 2.486594e-01
681, 7.359674e-01, 2.395947e-01
682, 7.359880e-01, 6.995618e-01
683, 7.367155e-01, 6.495823e-01
684, 7.368838e-01, 6.532209e-01
685, 7.368840e-01, 4.737242e-01
686, 7.369258e-01, 6.075903e-01
687, 7.380207e-01, 7.932690e-01
688, 7.383220e-01, 8.343401e-01
689, 7.383441e-01, 1.546346e-01
690, 7.388978e-01, 5.620295e-01
691, 7.393529e-01, 3.330031e-01
692, 7.397654e-01, 4.733975e-01
693, 7.420193e-01, 5.618350e-01
694, 7.459707e-01, 6.756261e-01
695, 7.460616e-01, 4.530196e-01
696, 7.472360e-01, 2.705923e-01
697, 7.472775e-01, 7.244732e-01
698, 7.473592e-01, 3.122766e-01
699, 7.483917e-01, 4.058755e-01
700, 7.484896e-01, 6.777757e-01
701, 7.485041e-01, 7.698814e-01
702, 7.487850e-01, 2.168723e-01
703, 7.490316e-01, 5.430289e-01
704, 7.501960e-01, 7.219550e-01
705, 7.506646e-01, 3.150004e-01
706, 7.506911e-01, 6.293180e-01
707, 7.510335e-01, 4.476306e-01
708, 7.511569e-01, 2.678156e-01
709, 7.525800e-01, 2.203998e-01
710, 7.526128e-01, 7.662752e-01
711, 7.532207e-01, 6.313697e-01
712, 7.726425e-01, 6.320076e-01
713, 7.729833e-01, 4.942598e-01
714, 7.749321e-01, 3.133555e-01
715, 7.754774e-01, 2.679387e-01
716, 7.755452e-01, 4.927135e-01
717, 7.758119e-01, 3.605626e-01
718, 7.760472e-01, 7.201006e-01
719, 7.763141e-01, 5.859643e-01
720, 7.769487e-01, 6.291275e-01
721, 7.773100e-01, 3.108270e-01
722, 7.773237e-01, 1.745787e-01
723, 7.796427e-01, 7.163700e-01
724, 7.802428e-01, 2.629105e-01
725, 7.815162e-01, 1.782483e-01
726, 7.862872e-01, 3.795723e-01
727, 7.872778e-01, 6.541556e-01
728, 7.875307e-01, 2.890426e-01
729, 7.875990e-01, 8.316757e-01
730, 7.876146e-01, 6.981522e-01
731, 7.878681e-01, 2.441735e-01
732, 7.879555e-01, 8.409040e-01
733, 7.879686e-01, 7.930029e-01
734, 7.881430e-01, 7.847229e-01
735, 7.882771e-01, 5.157554e-01
736, 7.885805e-01, 3.315883e-01
737, 7.888837e-01, 7.468580e-01
738, 7.889329e-01, 1.559700e-01
739, 7.889916e-01, 4.199621e-01
740, 7.892515e-01, 3.375076e-01
741, 7.894463e-01, 4.312266e-01
742, 7.895066e-01, 7.373499e-01
743, 7.895586e-01, 4.760230e-01
744, 7.896500e-01, 2.036265e-01
745, 7.898157e-01, 4.652350e-01
746, 7.901042e-01, 1.983062e-01
747, 7.908431e-01, 3.797783e-01
748, 7.915850e-01, 5.575328e-01
749, 7.922150e-01, 5.683260e-01
750, 7.923621e-01, 2.437821e-01
751, 7.926723e-01, 5.157387e-01
752, 7.936570e-01, 6.980132e-01
753, 7.937672e-01, 6.537768e-01
754, 7.967228e-01, 4.514951e-01
755, 7.969799e-01, 8.131344e-01
756, 7.991807e-01, 7.654979e-01
757, 7.993724e-01, 3.537539e-01
758, 8.000730e-01, 6.347051e-01
759, 8.004308e-01, 4.005972e-01
760, 8.006540e-01, 5.371867e-01
761, 8.009392e-01, 1.759777e-01
762, 8.009599e-01, 5.863106e-01
763, 8.014026e-01, 2.220044e-01
764, 8.018986e-01, 7.212475e-01
765, 8.023189e-01, 7.682862e-01
766, 8.025258e-01, 4.950180e-01
767, 8.030049e-01, 6.731897e-01
768, 8.039195e-01, 5.828674e-01
769, 8.041869e-01, 4.466472e-01
770, 8.043196e-01, 3.574788e-01
771, 8.043876e-01, 1.783237e-01
772, 8.048214e-01, 6.295562e-01
773, 8.052899e-01, 2.253149e-01
774, 8.065240e-01, 6.766161e-01
775, 8.256147e-01, 3.561027e-01
776, 8.265706e-01, 1.778025e-01
777, 8.272011e-01, 4.039650e-01
778, 8.273471e-01, 4.468209e-01
779, 8.273934e-01, 4.913373e-01
780, 8.276729e-01, 2.235556e-01
781, 8.279828e-01, 6.771714e-01
782, 8.280788e-01, 5.815717e-01
783, 8.285352e-01, 7.690205e-01
784, 8.287151e-01, 1.755439e-01
785, 8.290781e-01, 7.254140e-01
786, 8.291455e-01, 6.280675e-01
787, 8.296865e-01, 3.532135e-01
788, 8.298704e-01, 3.113774e-01
789, 8.303821e-01, 2.694885e-01
790, 8.308051e-01, 4.940238e-01
791, 8.312344e-01, 5.391033e-01
792, 8.318767e-01, 4.522307e-01
793, 8.322497e-01, 3.140790e-01
794, 8.322793e-01, 2.189707e-01
795, 8.325179e-01, 3.994829e-01
796, 8.328707e-01, 6.738253e-01
797, 8.338387e-01, 5.412369e-01
798, 8.342667e-01, 2.650367e-01
799, 8.347883e-01, 6.324469e-01
800, 8.350426e-01, 7.203257e-01
801, 8.356666e-01, 5.894332e-01
802, 8.382568e-01, 7.901703e-01
803, 8.392753e-01, 3.383664e-01
804, 8.395002e-01, 7.436448e-01
805, 8.401587e-01, 1.956708e-01
806, 8.402622e-01, 1.990461e-01
807, 8.403278e-01, 1.536352e-01
808, 8.411634e-01, 2.845813e-01
809, 8.415655e-01, 2.906119e-01
810, 8.423733e-01, 5.096885e-01
811, 8.426375e-01, 5.190671e-01
812, 8.429290e-01, 6.948437e-01
813, 8.435876e-01, 7.010788e-01
814, 8.448953e-01, 6.546478e-01
815, 8.450662e-01, 6.512688e-01
816, 8.451979e-01, 7.433104e-01
817, 8.454726e-01, 3.378456e-01
818, 4.204381e-01, 1.537345e-01
819, 1.571825e-01, 1.529544e-01
820, 2.110276e-01, 1.521105e-01
821, 3.142797e-01, 1.518250e-01
822, 2.244558e-01, 1.731347e-01
823, 2.113596e-01, 1.982659e-01
824, 4.613611e-01, 1.781888e-01
825, 5.263675e-01, 1.965828e-01
826, 7.492113e-01, 1.756506e-01
827, 5.814422e-01, 1.987309e-01
828, 7.385964e-01, 2.011832e-01
829, 3.578676e-01, 2.208206e-01
830, 2.625666e-01, 2.427837e-01
831, 7.763233e-01, 2.231249e-01
832, 8.440011e-01, 2.428955e-01
833, 3.159626e-01, 2.424503e-01
834, 5.784715e-01, 2.429620e-01
835, 6.837058e-01, 2.439176e-01
836, 3.539610e-01, 2.668151e-01
837, 4.868401e-01, 2.652001e-01
838, 5.122923e-01, 2.672114e-01
839, 6.458173e-01, 2.672952e-01
840, 4.071217e-01, 2.663352e-01
841, 5.914943e-01, 2.656581e-01
842, 6.207959e-01, 2.646108e-01
843, 8.030969e-01, 2.679848e-01
844, 3.136524e-01, 2.880528e-01
845, 3.677783e-01, 2.891742e-01
846, 6.336721e-01, 2.896989e-01
847, 3.045997e-01, 3.107829e-01
848, 2.229975e-01, 3.079964e-01
849, 3.581885e-01, 3.097592e-01
850, 3.820314e-01, 3.122171e-01
851, 3.692807e-01, 3.344164e-01
852, 4.316729e-01, 3.096199e-01
853, 5.938612e-01, 3.110186e-01
854, 6.311945e-01, 3.335422e-01
855, 8.009112e-01, 3.112396e-01
856, 3.168247e-01, 3.331345e-01
857, 4.204924e-01, 3.327321e-01
858, 1.994529e-01, 3.584705e-01
859, 2.490077e-01, 3.548865e-01
860, 3.551757e-01, 3.540092e-01
861, 4.586969e-01, 3.540158e-01
862, 6.723743e-01, 3.565616e-01
863, 7.470668e-01, 3.570964e-01
864, 1.689031e-01, 3.582146e-01
865, 2.223214e-01, 3.582546e-01
866, 4.213033e-01, 3.815483e-01
867, 5.889523e-01, 3.570876e-01
868, 6.831448e-01, 3.794947e-01
869, 7.337759e-01, 3.795796e-01
870, 8.428801e-01, 3.802779e-01
871, 4.723007e-01, 3.782407e-01
872, 2.732705e-01, 3.993454e-01
873, 6.467784e-01, 4.041593e-01
874, 6.683626e-01, 4.043189e-01
875, 1.554470e-01, 4.235821e-01
876, 3.547018e-01, 4.025097e-01
877, 5.243093e-01, 4.236557e-01
878, 7.762633e-01, 4.025003e-01
879, 5.790591e-01, 4.240830e-01
880, 7.393736e-01, 4.277451e-01
881, 8.420076e-01, 4.252692e-01
882, 7.808894e-01, 4.461840e-01
883, 1.703361e-01, 4.466805e-01
884, 2.503991e-01, 4.504410e-01
885, 2.632664e-01, 4.719090e-01
886, 4.730619e-01, 4.720911e-01
887, 8.391656e-01, 4.723073e-01
888, 1.969892e-01, 4.912549e-01
889, 2.218137e-01, 4.952676e-01
890, 7.534221e-01, 4.919987e-01
891, 3.064106e-01, 4.918535e-01
892, 3.547100e-01, 4.945666e-01
893, 3.806473e-01, 4.942539e-01
894, 4.356094e-01, 4.931519e-01
895, 5.139807e-01, 4.965692e-01
896, 2.099965e-01, 5.173465e-01
897, 6.318481e-01, 5.176863e-01
898, 7.362176e-01, 5.161102e-01
899, 3.159102e-01, 5.618860e-01
900, 7.787611e-01, 5.393516e-01
901, 8.399164e-01, 5.665629e-01
902, 4.214860e-01, 5.619207e-01
903, 6.314658e-01, 5.622176e-01
904, 3.298876e-01, 5.850883e-01
905, 7.512120e-01, 5.824733e-01
906, 3.572601e-01, 5.853619e-01
907, 8.434686e-01, 6.086635e-01
908, 2.079836e-01, 6.076744e-01
909, 2.614265e-01, 6.092611e-01
910, 3.160765e-01, 6.096521e-01
911, 4.227470e-01, 6.062613e-01
912, 7.904672e-01, 6.076921e-01
913, 3.577803e-01, 6.303716e-01
914, 3.778651e-01, 6.297695e-01
915, 4.610950e-01, 6.309555e-01
916, 2.103807e-01, 6.512198e-01
917, 3.173851e-01, 6.527945e-01
918, 5.884098e-01, 6.314831e-01
919, 6.182099e-01, 6.331034e-01
920, 1.557486e-01, 6.510345e-01
921, 4.759123e-01, 6.509294e-01
922, 6.297218e-01, 6.529507e-01
923, 6.708779e-01, 6.756924e-01
924, 3.158182e-01, 6.992851e-01
925, 4.859810e-01, 6.758376e-01
926, 5.162846e-01, 6.755753e-01
927, 6.951328e-01, 6.787906e-01
928, 7.758101e-01, 6.780220e-01
929, 5.793195e-01, 6.991871e-01
930, 7.264166e-01, 7.205168e-01
931, 1.991407e-01, 7.252570e-01
932, 2.103028e-01, 7.447667e-01
933, 4.754178e-01, 7.430003e-01
934, 5.828384e-01, 7.439007e-01
935, 1.569851e-01, 7.434541e-01
936, 6.848766e-01, 7.436061e-01
937, 7.382542e-01, 7.455933e-01
938, 1.972850e-01, 7.679652e-01
939, 5.673393e-01, 7.672364e-01
940, 7.758519e-01, 7.659543e-01
941, 3.034482e-01, 7.663912e-01
942, 2.640714e-01, 7.912173e-01
943, 5.161204e-01, 7.659249e-01
944, 5.410904e-01, 7.680986e-01
945, 6.466721e-01, 7.689068e-01
946, 5.291029e-01, 7.911810e-01
947, 3.557905e-01, 8.124618e-01
948, 3.798025e-01, 8.143123e-01
949, 5.669152e-01, 8.163270e-01
950, 7.498771e-01, 8.126231e-01
951, 7.772877e-01, 8.125869e-01
952, 8.278587e-01, 8.122433e-01
953, 2.508087e-01, 8.176249e-01
954, 3.286858e-01, 8.137214e-01
955, 3.157562e-01, 8.354245e-01
956, 4.188758e-01, 8.362385e-01
957, 5.906252e-01, 8.130078e-01
958, 7.213214e-01, 8.153662e-01
959, 2.100206e-01, 8.352021e-01
960, 8.377909e-01, 8.375906e-01
961, 1.551391e-01, 1.500000e-01
962, 1.584485e-01, 1.500000e-01
963, 2.101191e-01, 1.500000e-01
964, 2.122151e-01, 1.500000e-01
965, 3.130988e-01, 1.500000e-01
966, 2.623138e-01, 1.500000e-01
967, 3.154950e-01, 1.500000e-01
968, 4.184549e-01, 1.500000e-01
969, 3.677597e-01, 1.500000e-01
970, 4.230512e-01, 1.500000e-01
971, 5.188412e-01, 1.500000e-01
972, 4.708294e-01, 1.500000e-01
973, 5.310392e-01, 1.500000e-01
974, 6.797102e-01, 1.500000e-01
975, 6.308193e-01, 1.500000e-01
976, 6.873990e-01, 1.500000e-01
977, 7.362024e-01, 1.500000e-01
978, 7.404378e-01, 1.500000e-01
979, 8.379625e-01, 1.500000e-01
980, 7.892166e-01, 1.500000e-01
981, 8.421107e-01, 1.500000e-01
982, 1.500000e-01, 1.655323e-01
983, 8.500000e-01, 1.676415e-01
984, 1.500000e-01, 1.743899e-01
985, 8.500000e-01, 1.753895e-01
986, 1.500000e-01, 1.821045e-01
987, 8.500000e-01, 1.824842e-01
988, 1.500000e-01, 2.119579e-01
989, 8.500000e-01, 2.173618e-01
990, 1.500000e-01, 2.264761e-01
991, 8.500000e-01, 2.210597e-01
992, 1.500000e-01, 2.330594e-01
993, 8.500000e-01, 2.319781e-01
994, 1.500000e-01, 2.572148e-01
995, 8.500000e-01, 2.559144e-01
996, 8.500000e-01, 2.626370e-01
997, 8.500000e-01, 2.721799e-01
998, 1.500000e-01, 2.975881e-01
999, 8.500000e-01, 3.008640e-01
1000, 1.500000e-01, 3.126723e-01
1001, 8.500000e-01, 3.153876e-01
1002, 1.500000e-01, 3.210185e-01
1003, 8.500000e-01, 3.273496e-01
1004, 1.500000e-01, 3.464808e-01
1005, 8.500000e-01, 3.454152e-01
1006, 1.500000e-01, 3.539934e-01
1007, 8.500000e-01, 3.633263e-01
1008, 1.500000e-01, 3.720581e-01
1009, 8.500000e-01, 3.645638e-01
1010, 1.500000e-01, 3.843398e-01
1011, 8.500000e-01, 3.937425e-01
1012, 1.500000e-01, 3.992436e-01
1013, 8.500000e-01, 4.036057e-01
1014, 1.500000e-01, 4.159816e-01
1015, 8.500000e-01, 4.136635e-01
1016, 1.500000e-01, 4.375564e-01
1017, 8.500000e-01, 4.385664e-01
1018, 1.500000e-01, 4.483074e-01
1019, 8.500000e-01, 4.503078e-01
1020, 1.500000e-01, 4.561954e-01
1021, 8.500000e-01, 4.538783e-01
1022, 1.500000e-01, 4.863181e-01
1023, 8.500000e-01, 4.864107e-01
1024, 1.500000e-01, 4.909071e-01
1025, 8.500000e-01, 4.925220e-01
1026, 1.500000e-01, 5.015921e-01
1027, 8.500000e-01, 4.986091e-01
1028, 1.500000e-01, 5.312520e-01
1029, 8.500000e-01, 5.326004e-01
1030, 1.500000e-01, 5.422075e-01
1031, 8.500000e-01, 5.399544e-01
1032, 1.500000e-01, 5.426407e-01
1033, 8.500000e-01, 5.470655e-01
1034, 1.500000e-01, 5.780410e-01
1035, 8.500000e-01, 5.815574e-01
1036, 1.500000e-01, 5.831034e-01
1037, 8.500000e-01, 5.859759e-01
1038, 1.500000e-01, 5.979685e-01
1039, 8.500000e-01, 5.975345e-01
1040, 1.500000e-01, 6.259862e-01
1041, 8.500000e-01, 6.203088e-01
1042, 1.500000e-01, 6.289877e-01
1043, 8.500000e-01, 6.316653e-01
1044, 1.500000e-01, 6.430234e-01
1045, 8.500000e-01, 6.424337e-01
1046, 1.500000e-01, 6.627626e-01
1047, 8.500000e-01, 6.667789e-01
1048, 1.500000e-01, 6.759086e-01
1049, 8.500000e-01, 6.749801e-01
1050, 1.500000e-01, 6.848508e-01
1051, 8.500000e-01, 6.817809e-01
1052, 1.500000e-01, 7.191874e-01
1053, 8.500000e-01, 7.113278e-01
1054, 1.500000e-01, 7.247135e-01
1055, 8.500000e-01, 7.207243e-01
1056, 1.500000e-01, 7.320854e-01
1057, 8.500000e-01, 7.361085e-01
1058, 1.500000e-01, 7.583673e-01
1059, 8.500000e-01, 7.559833e-01
1060, 1.500000e-01, 7.655909e-01
1061, 8.500000e-01, 7.671411e-01
1062, 1.500000e-01, 7.699367e-01
1063, 8.500000e-01, 7.728267e-01
1064, 1.500000e-01, 8.030489e-01
1065, 8.500000e-01, 8.078517e-01
1066, 1.500000e-01, 8.144464e-01
1067, 1.500000e-01, 8.214306e-01
1068, 1.540755e-01, 8.500000e-01
1069, 1.624243e-01, 8.500000e-01
1070, 2.038827e-01, 8.500000e-01
1071, 2.175671e-01, 8.500000e-01
1072, 2.574616e-01, 8.500000e-01
1073, 2.700166e-01, 8.500000e-01
1074, 3.082985e-01, 8.500000e-01
1075, 3.239055e-01, 8.500000e-01
1076, 3.608279e-01, 8.500000e-01
1077, 3.757977e-01, 8.500000e-01
1078, 4.131756e-01, 8.500000e-01
1079, 4.273020e-01, 8.500000e-01
1080, 4.637780e-01, 8.500000e-01
1081, 4.788125e-01, 8.500000e-01
1082, 5.175667e-01, 8.500000e-01
1083, 5.321546e-01, 8.500000e-01
1084, 5.731297e-01, 8.500000e-01
1085, 5.868746e-01, 8.500000e-01
1086, 6.196856e-01, 8.500000e-01
1087, 6.401146e-01, 8.500000e-01
1088, 6.785222e-01, 8.500000e-01
1089, 6.888454e-01, 8.500000e-01
1090, 7.277378e-01, 8.500000e-01
1091, 7.455235e-01, 8.500000e-01
1092, 7.813638e-01, 8.500000e-01
1093, 7.953899e-01, 8.500000e-01
1094, 8.282800e-01, 8.500000e-01
1095, 8.457844e-01, 8.500000e-01
1096, 5.810080e-01, 1.500346e-01
1097, 1.500432e-01, 2.700889e-01
1098, 8.494587e-01, 8.156500e-01
