1, 1.575757e-01, 1.768229e-01
2, 1.576708e-01, 7.024905e-01
3, 1.578294e-01, 2.766837e-01
4, 1.580306e-01, 5.023433e-01
5, 1.580724e-01, 7.533957e-01
6, 1.581159e-01, 4.769342e-01
7, 1.581498e-01, 6.790671e-01
8, 1.587359e-01, 4.520528e-01
9, 1.587397e-01, 8.023306e-01
10, 1.587730e-01, 7.779906e-01
11, 1.588734e-01, 7.273788e-01
12, 1.589405e-01, 6.278543e-01
13, 1.589624e-01, 3.520654e-01
14, 1.592481e-01, 6.037933e-01
15, 1.593703e-01, 4.264358e-01
16, 1.595958e-01, 1.994011e-01
17, 1.597628e-01, 2.251720e-01
18, 1.598479e-01, 4.026003e-01
19, 1.599370e-01, 3.261651e-01
20, 1.599791e-01, 3.759317e-01
21, 1.600015e-01, 6.518842e-01
22, 1.600038e-01, 2.516027e-01
23, 1.600969e-01, 3.007319e-01
24, 1.604972e-01, 5.252872e-01
25, 1.608662e-01, 5.760879e-01
26, 1.609302e-01, 8.282324e-01
27, 1.613601e-01, 5.537585e-01
28, 1.646712e-01, 6.903639e-01
29, 1.651027e-01, 1.898617e-01
30, 1.654006e-01, 1.632788e-01
31, 1.654073e-01, 4.895649e-01
32, 1.654558e-01, 7.159763e-01
33, 1.655217e-01, 7.662999e-01
34, 1.656076e-01, 4.639565e-01
35, 1.657818e-01, 7.901318e-01
36, 1.658886e-01, 5.159554e-01
37, 1.659076e-01, 2.906662e-01
38, 1.659856e-01, 7.396989e-01
39, 1.660392e-01, 6.155575e-01
40, 1.661559e-01, 2.622599e-01
41, 1.663595e-01, 3.648792e-01
42, 1.664099e-01, 6.407830e-01
43, 1.664472e-01, 4.386948e-01
44, 1.664916e-01, 4.140998e-01
45, 1.669217e-01, 6.638719e-01
46, 1.669255e-01, 3.382712e-01
47, 1.671178e-01, 2.124312e-01
48, 1.673112e-01, 8.171788e-01
49, 1.673579e-01, 3.133100e-01
50, 1.675122e-01, 2.385961e-01
51, 1.675583e-01, 5.644954e-01
52, 1.676111e-01, 3.891523e-01
53, 1.679365e-01, 8.403691e-01
54, 1.680540e-01, 5.885391e-01
55, 1.691466e-01, 5.402703e-01
56, 1.799903e-01, 6.407830e-01
57, 1.803736e-01, 7.662999e-01
58, 1.805315e-01, 5.644954e-01
59, 1.808449e-01, 6.155575e-01
60, 1.808460e-01, 6.638719e-01
61, 1.808584e-01, 5.402703e-01
62, 1.809564e-01, 4.140998e-01
63, 1.810934e-01, 3.648792e-01
64, 1.811615e-01, 8.171788e-01
65, 1.811951e-01, 1.898617e-01
66, 1.812710e-01, 5.159554e-01
67, 1.813409e-01, 4.639565e-01
68, 1.814750e-01, 8.403691e-01
69, 1.814860e-01, 2.385961e-01
70, 1.817159e-01, 3.891523e-01
71, 1.819025e-01, 1.632788e-01
72, 1.819277e-01, 2.906662e-01
73, 1.821097e-01, 3.133100e-01
74, 1.821524e-01, 2.124312e-01
75, 1.822272e-01, 5.885391e-01
76, 1.822838e-01, 4.386948e-01
77, 1.823074e-01, 7.396989e-01
78, 1.825164e-01, 3.382712e-01
79, 1.825769e-01, 6.903639e-01
80, 1.827059e-01, 7.901318e-01
81, 1.827389e-01, 2.622599e-01
82, 1.827470e-01, 7.159763e-01
83, 1.831255e-01, 4.895649e-01
84, 1.870825e-01, 6.530686e-01
85, 1.876873e-01, 5.520997e-01
86, 1.877017e-01, 6.274354e-01
87, 1.880118e-01, 8.290455e-01
88, 1.880857e-01, 5.277507e-01
89, 1.881881e-01, 2.019756e-01
90, 1.883193e-01, 5.779859e-01
91, 1.884108e-01, 3.775549e-01
92, 1.884185e-01, 7.802360e-01
93, 1.885400e-01, 4.009735e-01
94, 1.885546e-01, 3.021457e-01
95, 1.887192e-01, 4.275470e-01
96, 1.889428e-01, 2.515132e-01
97, 1.890212e-01, 7.513199e-01
98, 1.891038e-01, 4.505090e-01
99, 1.892246e-01, 1.759525e-01
100, 1.893346e-01, 6.008510e-01
101, 1.893581e-01, 6.786171e-01
102, 1.893714e-01, 2.249365e-01
103, 1.893744e-01, 7.274569e-01
104, 1.894850e-01, 3.503426e-01
105, 1.895178e-01, 3.261429e-01
106, 1.896248e-01, 4.783064e-01
107, 1.897405e-01, 8.023176e-01
108, 1.898156e-01, 5.011539e-01
109, 1.900547e-01, 7.033174e-01
110, 1.905359e-01, 2.757663e-01
111, 2.004381e-01, 7.033174e-01
112, 2.007356e-01, 5.277507e-01
113, 2.015357e-01, 2.019756e-01
114, 2.018517e-01, 3.503426e-01
115, 2.019954e-01, 7.274569e-01
116, 2.020266e-01, 5.779859e-01
117, 2.021243e-01, 4.275470e-01
118, 2.021570e-01, 5.011539e-01
119, 2.023491e-01, 4.009735e-01
120, 2.023806e-01, 5.520997e-01
121, 2.024324e-01, 3.261429e-01
122, 2.024884e-01, 2.757663e-01
123, 2.026721e-01, 7.802360e-01
124, 2.027906e-01, 4.505090e-01
125, 2.030474e-01, 6.530686e-01
126, 2.030551e-01, 4.783064e-01
127, 2.030610e-01, 2.515132e-01
128, 2.030681e-01, 6.008510e-01
129, 2.030864e-01, 8.290455e-01
130, 2.031780e-01, 3.021457e-01
131, 2.032760e-01, 3.775549e-01
132, 2.033258e-01, 2.249365e-01
133, 2.033647e-01, 6.786171e-01
134, 2.035009e-01, 8.023176e-01
135, 2.036646e-01, 7.513199e-01
136, 2.044734e-01, 6.274354e-01
137, 2.047704e-01, 1.759525e-01
138, 2.081844e-01, 7.167359e-01
139, 2.085861e-01, 5.413500e-01
140, 2.090309e-01, 6.884325e-01
141, 2.090581e-01, 2.150065e-01
142, 2.090852e-01, 4.396051e-01
143, 2.091265e-01, 5.132270e-01
144, 2.091270e-01, 3.377398e-01
145, 2.091471e-01, 5.903206e-01
146, 2.092007e-01, 4.889522e-01
147, 2.094601e-01, 7.919946e-01
148, 2.095721e-01, 3.884613e-01
149, 2.096754e-01, 5.647362e-01
150, 2.097202e-01, 7.408383e-01
151, 2.097317e-01, 3.134985e-01
152, 2.097751e-01, 2.631439e-01
153, 2.098381e-01, 8.407413e-01
154, 2.099098e-01, 4.140603e-01
155, 2.104184e-01, 3.651824e-01
156, 2.104505e-01, 2.895478e-01
157, 2.105803e-01, 6.661177e-01
158, 2.106644e-01, 1.861623e-01
159, 2.108644e-01, 2.379955e-01
160, 2.109463e-01, 4.646369e-01
161, 2.110083e-01, 8.153225e-01
162, 2.111617e-01, 6.390122e-01
163, 2.114440e-01, 6.153603e-01
164, 2.115146e-01, 7.649183e-01
165, 2.123889e-01, 1.627658e-01
166, 2.224470e-01, 7.408383e-01
167, 2.225788e-01, 1.627658e-01
168, 2.226699e-01, 3.884613e-01
169, 2.226822e-01, 2.379955e-01
170, 2.229818e-01, 8.153225e-01
171, 2.232420e-01, 5.132270e-01
172, 2.234479e-01, 1.861623e-01
173, 2.236507e-01, 5.647362e-01
174, 2.236527e-01, 2.631439e-01
175, 2.237268e-01, 7.649183e-01
176, 2.239313e-01, 2.895478e-01
177, 2.240505e-01, 6.390122e-01
178, 2.241081e-01, 3.651824e-01
179, 2.243897e-01, 6.153603e-01
180, 2.245822e-01, 4.396051e-01
181, 2.247716e-01, 7.919946e-01
182, 2.247815e-01, 8.407413e-01
183, 2.248720e-01, 6.661177e-01
184, 2.249281e-01, 5.413500e-01
185, 2.252599e-01, 4.646369e-01
186, 2.252729e-01, 3.377398e-01
187, 2.253287e-01, 7.167359e-01
188, 2.253733e-01, 5.903206e-01
189, 2.255314e-01, 6.884325e-01
190, 2.257412e-01, 4.889522e-01
191, 2.257680e-01, 2.150065e-01
192, 2.258479e-01, 4.140603e-01
193, 2.260576e-01, 3.134985e-01
194, 2.289283e-01, 1.517668e-01
195, 2.297694e-01, 1.752119e-01
196, 2.300403e-01, 7.539815e-01
197, 2.301082e-01, 3.755762e-01
198, 2.304263e-01, 2.514102e-01
199, 2.306100e-01, 8.021084e-01
200, 2.308447e-01, 7.262911e-01
201, 2.308606e-01, 2.238283e-01
202, 2.310396e-01, 5.519367e-01
203, 2.310497e-01, 6.268973e-01
204, 2.312185e-01, 8.295907e-01
205, 2.314162e-01, 2.765923e-01
206, 2.314982e-01, 4.989250e-01
207, 2.316426e-01, 6.778463e-01
208, 2.316501e-01, 4.040174e-01
209, 2.318967e-01, 5.790203e-01
210, 2.319076e-01, 3.033648e-01
211, 2.320645e-01, 7.793614e-01
212, 2.321089e-01, 6.019886e-01
213, 2.321462e-01, 4.527080e-01
214, 2.322060e-01, 5.287427e-01
215, 2.322849e-01, 6.532765e-01
216, 2.325189e-01, 4.772114e-01
217, 2.325882e-01, 4.257364e-01
218, 2.326115e-01, 3.504522e-01
219, 2.326622e-01, 3.249396e-01
220, 2.329335e-01, 2.025939e-01
221, 2.335995e-01, 7.024086e-01
222, 2.448949e-01, 6.019886e-01
223, 2.451575e-01, 4.257364e-01
224, 2.451721e-01, 5.790203e-01
225, 2.453261e-01, 2.765923e-01
226, 2.454571e-01, 3.249396e-01
227, 2.456887e-01, 7.024086e-01
228, 2.459496e-01, 6.778463e-01
229, 2.459644e-01, 3.033648e-01
230, 2.462397e-01, 2.025939e-01
231, 2.464768e-01, 8.021084e-01
232, 2.466206e-01, 4.989250e-01
233, 2.466339e-01, 3.504522e-01
234, 2.466958e-01, 4.772114e-01
235, 2.469247e-01, 7.793614e-01
236, 2.469606e-01, 5.519367e-01
237, 2.469844e-01, 4.527080e-01
238, 2.470729e-01, 6.532765e-01
239, 2.470783e-01, 2.238283e-01
240, 2.471725e-01, 7.262911e-01
241, 2.474135e-01, 8.295907e-01
242, 2.475217e-01, 4.040174e-01
243, 2.476421e-01, 1.517668e-01
244, 2.479259e-01, 2.514102e-01
245, 2.481262e-01, 1.752119e-01
246, 2.482184e-01, 3.755762e-01
247, 2.482322e-01, 6.268973e-01
248, 2.486448e-01, 7.539815e-01
249, 2.490373e-01, 5.287427e-01
250, 2.516630e-01, 5.902644e-01
251, 2.519381e-01, 3.137128e-01
252, 2.526106e-01, 4.128256e-01
253, 2.527881e-01, 2.139375e-01
254, 2.529088e-01, 6.899015e-01
255, 2.529256e-01, 4.880031e-01
256, 2.532621e-01, 8.397222e-01
257, 2.532664e-01, 7.903469e-01
258, 2.533240e-01, 7.156351e-01
259, 2.533760e-01, 2.905258e-01
260, 2.534094e-01, 3.387152e-01
261, 2.536030e-01, 6.645884e-01
262, 2.537532e-01, 6.173335e-01
263, 2.538560e-01, 4.408046e-01
264, 2.538837e-01, 5.639294e-01
265, 2.538945e-01, 2.617495e-01
266, 2.539127e-01, 4.647097e-01
267, 2.546539e-01, 1.639131e-01
268, 2.546779e-01, 3.643866e-01
269, 2.546936e-01, 5.385411e-01
270, 2.548776e-01, 8.166608e-01
271, 2.550864e-01, 1.872689e-01
272, 2.551104e-01, 7.651817e-01
273, 2.552694e-01, 6.390780e-01
274, 2.554633e-01, 2.383534e-01
275, 2.559041e-01, 7.414165e-01
276, 2.560793e-01, 3.891934e-01
277, 2.564384e-01, 5.159321e-01
278, 2.647376e-01, 5.385411e-01
279, 2.661862e-01, 1.872689e-01
280, 2.673995e-01, 3.891934e-01
281, 2.675724e-01, 6.390780e-01
282, 2.676414e-01, 2.383534e-01
283, 2.677220e-01, 7.156351e-01
284, 2.677523e-01, 3.387152e-01
285, 2.677552e-01, 7.651817e-01
286, 2.679078e-01, 7.414165e-01
287, 2.679266e-01, 4.647097e-01
288, 2.680350e-01, 3.643866e-01
289, 2.682067e-01, 7.903469e-01
290, 2.682326e-01, 8.166608e-01
291, 2.684311e-01, 2.139375e-01
292, 2.684542e-01, 6.173335e-01
293, 2.685147e-01, 4.128256e-01
294, 2.685403e-01, 6.899015e-01
295, 2.685455e-01, 2.905258e-01
296, 2.686405e-01, 1.639131e-01
297, 2.686995e-01, 5.159321e-01
298, 2.687878e-01, 4.880031e-01
299, 2.688774e-01, 8.397222e-01
300, 2.689980e-01, 3.137128e-01
301, 2.690198e-01, 6.645884e-01
302, 2.693494e-01, 4.408046e-01
303, 2.693565e-01, 5.902644e-01
304, 2.695517e-01, 2.617495e-01
305, 2.697198e-01, 5.639294e-01
306, 2.732462e-01, 5.238020e-01
307, 2.741569e-01, 1.734615e-01
308, 2.742923e-01, 6.274466e-01
309, 2.745568e-01, 5.555505e-01
310, 2.746937e-01, 7.531623e-01
311, 2.747807e-01, 4.019797e-01
312, 2.748775e-01, 3.762396e-01
313, 2.750062e-01, 2.025476e-01
314, 2.750806e-01, 4.771023e-01
315, 2.750836e-01, 2.254615e-01
316, 2.752114e-01, 8.287500e-01
317, 2.752446e-01, 7.781553e-01
318, 2.752564e-01, 7.286867e-01
319, 2.753034e-01, 3.517957e-01
320, 2.753496e-01, 2.517060e-01
321, 2.754644e-01, 3.025112e-01
322, 2.755380e-01, 4.515248e-01
323, 2.755579e-01, 1.519302e-01
324, 2.755588e-01, 7.020595e-01
325, 2.755918e-01, 3.251352e-01
326, 2.756594e-01, 6.530868e-01
327, 2.758149e-01, 8.035263e-01
328, 2.760863e-01, 6.768296e-01
329, 2.767185e-01, 6.030175e-01
330, 2.768051e-01, 5.018911e-01
331, 2.770079e-01, 4.275381e-01
332, 2.771394e-01, 5.767822e-01
333, 2.773581e-01, 2.752722e-01
334, 2.874785e-01, 6.530868e-01
335, 2.874813e-01, 5.018911e-01
336, 2.875306e-01, 6.030175e-01
337, 2.879990e-01, 8.287500e-01
338, 2.880723e-01, 6.768296e-01
339, 2.881103e-01, 4.515248e-01
340, 2.883981e-01, 7.286867e-01
341, 2.885947e-01, 3.251352e-01
342, 2.889301e-01, 4.771023e-01
343, 2.891011e-01, 2.752722e-01
344, 2.891515e-01, 5.555505e-01
345, 2.894778e-01, 7.781553e-01
346, 2.895939e-01, 6.274466e-01
347, 2.896110e-01, 7.531623e-01
348, 2.896182e-01, 8.035263e-01
349, 2.896824e-01, 3.025112e-01
350, 2.897852e-01, 4.019797e-01
351, 2.899045e-01, 1.734615e-01
352, 2.900780e-01, 2.517060e-01
353, 2.903890e-01, 3.517957e-01
354, 2.904052e-01, 2.254615e-01
355, 2.904469e-01, 3.762396e-01
356, 2.904708e-01, 1.519302e-01
357, 2.904933e-01, 4.275381e-01
358, 2.905136e-01, 5.767822e-01
359, 2.905640e-01, 5.238020e-01
360, 2.906802e-01, 7.020595e-01
361, 2.915573e-01, 2.025476e-01
362, 2.946285e-01, 6.654725e-01
363, 2.953489e-01, 5.155198e-01
364, 2.953607e-01, 4.882419e-01
365, 2.956134e-01, 6.170191e-01
366, 2.956687e-01, 3.128811e-01
367, 2.959028e-01, 4.650236e-01
368, 2.959395e-01, 6.384301e-01
369, 2.959608e-01, 5.673460e-01
370, 2.959752e-01, 8.425670e-01
371, 2.960717e-01, 7.419795e-01
372, 2.960891e-01, 8.147356e-01
373, 2.962253e-01, 4.374674e-01
374, 2.963916e-01, 2.626430e-01
375, 2.964050e-01, 1.622098e-01
376, 2.965946e-01, 5.873162e-01
377, 2.966586e-01, 6.917034e-01
378, 2.967584e-01, 7.655434e-01
379, 2.968711e-01, 7.909625e-01
380, 2.971871e-01, 3.400195e-01
381, 2.972248e-01, 7.133965e-01
382, 2.972572e-01, 2.893896e-01
383, 2.974734e-01, 3.640678e-01
384, 2.975194e-01, 4.153669e-01
385, 2.975456e-01, 3.885365e-01
386, 2.975950e-01, 2.130067e-01
387, 2.978168e-01, 2.383003e-01
388, 2.990216e-01, 5.384528e-01
389, 2.991263e-01, 1.894360e-01
390, 3.100425e-01, 2.130067e-01
391, 3.101868e-01, 4.374674e-01
392, 3.108277e-01, 2.893896e-01
393, 3.108754e-01, 3.885365e-01
394, 3.109000e-01, 2.383003e-01
395, 3.110930e-01, 1.894360e-01
396, 3.112118e-01, 4.153669e-01
397, 3.112417e-01, 8.147356e-01
398, 3.112483e-01, 4.882419e-01
399, 3.113657e-01, 7.655434e-01
400, 3.114679e-01, 2.626430e-01
401, 3.114857e-01, 3.640678e-01
402, 3.115872e-01, 8.425670e-01
403, 3.115960e-01, 5.155198e-01
404, 3.117434e-01, 3.400195e-01
405, 3.117703e-01, 6.654725e-01
406, 3.119363e-01, 6.170191e-01
407, 3.120003e-01, 3.128811e-01
408, 3.120407e-01, 5.873162e-01
409, 3.121809e-01, 4.650236e-01
410, 3.123596e-01, 1.622098e-01
411, 3.123984e-01, 5.673460e-01
412, 3.127900e-01, 7.419795e-01
413, 3.129997e-01, 6.917034e-01
414, 3.130526e-01, 6.384301e-01
415, 3.131201e-01, 7.909625e-01
416, 3.131558e-01, 5.384528e-01
417, 3.133970e-01, 7.133965e-01
418, 3.170783e-01, 4.255293e-01
419, 3.173711e-01, 2.003115e-01
420, 3.177720e-01, 2.263963e-01
421, 3.179837e-01, 5.770213e-01
422, 3.181946e-01, 3.021510e-01
423, 3.182102e-01, 2.509636e-01
424, 3.182431e-01, 3.757736e-01
425, 3.184163e-01, 4.758250e-01
426, 3.185501e-01, 1.514861e-01
427, 3.185558e-01, 3.518204e-01
428, 3.186768e-01, 6.286954e-01
429, 3.187909e-01, 4.022483e-01
430, 3.188711e-01, 2.754673e-01
431, 3.188818e-01, 7.525237e-01
432, 3.189982e-01, 5.283322e-01
433, 3.190427e-01, 8.012222e-01
434, 3.191376e-01, 4.529727e-01
435, 3.192956e-01, 5.021820e-01
436, 3.194477e-01, 8.289506e-01
437, 3.194598e-01, 7.028941e-01
438, 3.195798e-01, 7.797724e-01
439, 3.195877e-01, 1.747209e-01
440, 3.197050e-01, 3.262278e-01
441, 3.199562e-01, 6.796528e-01
442, 3.202169e-01, 6.508406e-01
443, 3.205619e-01, 6.020773e-01
444, 3.211168e-01, 5.522434e-01
445, 3.213437e-01, 7.271622e-01
446, 3.315799e-01, 7.271622e-01
447, 3.318878e-01, 2.263963e-01
448, 3.322522e-01, 2.509636e-01
449, 3.324928e-01, 1.747209e-01
450, 3.325050e-01, 3.757736e-01
451, 3.325699e-01, 4.758250e-01
452, 3.327740e-01, 7.028941e-01
453, 3.328145e-01, 3.518204e-01
454, 3.328179e-01, 6.020773e-01
455, 3.328282e-01, 6.286954e-01
456, 3.328695e-01, 5.770213e-01
457, 3.329166e-01, 4.022483e-01
458, 3.329659e-01, 4.255293e-01
459, 3.331625e-01, 7.525237e-01
460, 3.331834e-01, 5.522434e-01
461, 3.331898e-01, 5.283322e-01
462, 3.332206e-01, 3.021510e-01
463, 3.332699e-01, 4.529727e-01
464, 3.334683e-01, 6.796528e-01
465, 3.335035e-01, 5.021820e-01
466, 3.338363e-01, 1.514861e-01
467, 3.338594e-01, 8.012222e-01
468, 3.340208e-01, 8.289506e-01
469, 3.340717e-01, 6.508406e-01
470, 3.341432e-01, 3.262278e-01
471, 3.343090e-01, 7.797724e-01
472, 3.346317e-01, 2.754673e-01
473, 3.346359e-01, 2.003115e-01
474, 3.391611e-01, 2.389955e-01
475, 3.391817e-01, 7.139939e-01
476, 3.395160e-01, 4.637926e-01
477, 3.395736e-01, 3.635290e-01
478, 3.396637e-01, 4.139269e-01
479, 3.396941e-01, 7.412181e-01
480, 3.398295e-01, 6.906721e-01
481, 3.398447e-01, 6.408402e-01
482, 3.398739e-01, 1.619449e-01
483, 3.400758e-01, 5.895046e-01
484, 3.400884e-01, 5.402823e-01
485, 3.401783e-01, 5.643604e-01
486, 3.402754e-01, 7.901079e-01
487, 3.403524e-01, 3.893674e-01
488, 3.405061e-01, 6.153953e-01
489, 3.405147e-01, 2.652765e-01
490, 3.406314e-01, 3.149884e-01
491, 3.406444e-01, 4.898121e-01
492, 3.407909e-01, 2.109737e-01
493, 3.408659e-01, 3.378733e-01
494, 3.408977e-01, 5.149907e-01
495, 3.409508e-01, 1.893724e-01
496, 3.410391e-01, 4.395143e-01
497, 3.413537e-01, 8.416533e-01
498, 3.416008e-01, 7.671411e-01
499, 3.416309e-01, 2.875821e-01
500, 3.419436e-01, 8.152262e-01
501, 3.420863e-01, 6.647240e-01
502, 3.527184e-01, 1.619449e-01
503, 3.535509e-01, 5.402823e-01
504, 3.536189e-01, 3.893674e-01
505, 3.538480e-01, 3.149884e-01
506, 3.539055e-01, 1.893724e-01
507, 3.539371e-01, 6.408402e-01
508, 3.545821e-01, 6.647240e-01
509, 3.546586e-01, 7.671411e-01
510, 3.546719e-01, 7.901079e-01
511, 3.546830e-01, 4.395143e-01
512, 3.546929e-01, 7.139939e-01
513, 3.550062e-01, 2.875821e-01
514, 3.550254e-01, 2.652765e-01
515, 3.551789e-01, 3.378733e-01
516, 3.552358e-01, 8.416533e-01
517, 3.552713e-01, 8.152262e-01
518, 3.553183e-01, 4.139269e-01
519, 3.554775e-01, 2.109737e-01
520, 3.555385e-01, 6.906721e-01
521, 3.556099e-01, 4.898121e-01
522, 3.556792e-01, 5.895046e-01
523, 3.556964e-01, 6.153953e-01
524, 3.557159e-01, 5.643604e-01
525, 3.559638e-01, 5.149907e-01
526, 3.560194e-01, 3.635290e-01
527, 3.561974e-01, 7.412181e-01
528, 3.564551e-01, 4.637926e-01
529, 3.572089e-01, 2.389955e-01
530, 3.609265e-01, 2.015346e-01
531, 3.611189e-01, 3.275837e-01
532, 3.611534e-01, 6.533407e-01
533, 3.612320e-01, 1.766810e-01
534, 3.612943e-01, 7.786360e-01
535, 3.614566e-01, 2.764171e-01
536, 3.615598e-01, 4.031234e-01
537, 3.615833e-01, 5.541965e-01
538, 3.618473e-01, 7.016007e-01
539, 3.620599e-01, 5.255424e-01
540, 3.621644e-01, 6.265996e-01
541, 3.622217e-01, 8.031862e-01
542, 3.622771e-01, 3.743690e-01
543, 3.623376e-01, 3.002821e-01
544, 3.623861e-01, 4.261704e-01
545, 3.625499e-01, 6.785265e-01
546, 3.625767e-01, 4.531884e-01
547, 3.628814e-01, 8.284090e-01
548, 3.629130e-01, 7.528422e-01
549, 3.629551e-01, 5.769007e-01
550, 3.630044e-01, 3.514291e-01
551, 3.630544e-01, 5.027079e-01
552, 3.631609e-01, 6.024649e-01
553, 3.633031e-01, 7.289091e-01
554, 3.635428e-01, 4.760703e-01
555, 3.637028e-01, 2.502448e-01
556, 3.644314e-01, 2.264842e-01
557, 3.748403e-01, 8.284090e-01
558, 3.756045e-01, 5.769007e-01
559, 3.758955e-01, 2.015346e-01
560, 3.759027e-01, 6.533407e-01
561, 3.760497e-01, 8.031862e-01
562, 3.760688e-01, 4.531884e-01
563, 3.763393e-01, 6.785265e-01
564, 3.764581e-01, 7.786360e-01
565, 3.764656e-01, 2.264842e-01
566, 3.766040e-01, 7.528422e-01
567, 3.769010e-01, 3.275837e-01
568, 3.770341e-01, 5.027079e-01
569, 3.771845e-01, 3.514291e-01
570, 3.772351e-01, 2.764171e-01
571, 3.773545e-01, 5.541965e-01
572, 3.773574e-01, 7.016007e-01
573, 3.773672e-01, 5.255424e-01
574, 3.774376e-01, 4.760703e-01
575, 3.775166e-01, 6.265996e-01
576, 3.775171e-01, 6.024649e-01
577, 3.775180e-01, 7.289091e-01
578, 3.776474e-01, 3.743690e-01
579, 3.776609e-01, 1.766810e-01
580, 3.778211e-01, 2.502448e-01
581, 3.779389e-01, 3.002821e-01
582, 3.780876e-01, 4.031234e-01
583, 3.783685e-01, 4.261704e-01
584, 3.827286e-01, 8.147505e-01
585, 3.830358e-01, 5.640336e-01
586, 3.831824e-01, 8.428532e-01
587, 3.833433e-01, 7.905575e-01
588, 3.833609e-01, 4.658143e-01
589, 3.833853e-01, 2.145029e-01
590, 3.833939e-01, 6.663116e-01
591, 3.835115e-01, 6.909450e-01
592, 3.837972e-01, 5.144180e-01
593, 3.839286e-01, 3.397518e-01
594, 3.839430e-01, 5.913385e-01
595, 3.839552e-01, 1.875795e-01
596, 3.839751e-01, 7.400895e-01
597, 3.839796e-01, 7.656128e-01
598, 3.840047e-01, 2.395380e-01
599, 3.840404e-01, 3.632998e-01
600, 3.844345e-01, 6.385682e-01
601, 3.844815e-01, 2.889539e-01
602, 3.844862e-01, 6.145318e-01
603, 3.848861e-01, 4.148853e-01
604, 3.849281e-01, 4.890398e-01
605, 3.850207e-01, 4.376885e-01
606, 3.850859e-01, 2.628236e-01
607, 3.853039e-01, 3.130343e-01
608, 3.853236e-01, 7.153939e-01
609, 3.855623e-01, 1.630107e-01
610, 3.856353e-01, 5.398584e-01
611, 3.861709e-01, 3.891273e-01
612, 3.964721e-01, 2.889539e-01
613, 3.966217e-01, 2.628236e-01
614, 3.967574e-01, 7.400895e-01
615, 3.967686e-01, 7.153939e-01
616, 3.975420e-01, 6.909450e-01
617, 3.976541e-01, 5.144180e-01
618, 3.976940e-01, 4.148853e-01
619, 3.980410e-01, 6.145318e-01
620, 3.980622e-01, 2.395380e-01
621, 3.981674e-01, 4.890398e-01
622, 3.981757e-01, 3.397518e-01
623, 3.982763e-01, 5.913385e-01
624, 3.984699e-01, 7.905575e-01
625, 3.985582e-01, 4.376885e-01
626, 3.986100e-01, 3.130343e-01
627, 3.986890e-01, 3.632998e-01
628, 3.987302e-01, 5.640336e-01
629, 3.989597e-01, 3.891273e-01
630, 3.989876e-01, 6.663116e-01
631, 3.990906e-01, 1.875795e-01
632, 3.991949e-01, 1.630107e-01
633, 3.992089e-01, 8.147505e-01
634, 3.992519e-01, 4.658143e-01
635, 3.994882e-01, 8.428532e-01
636, 3.995053e-01, 7.656128e-01
637, 3.997310e-01, 5.398584e-01
638, 4.000275e-01, 2.145029e-01
639, 4.002478e-01, 6.385682e-01
640, 4.038911e-01, 7.277320e-01
641, 4.040631e-01, 2.499332e-01
642, 4.040921e-01, 2.757644e-01
643, 4.042122e-01, 7.024996e-01
644, 4.044915e-01, 3.028458e-01
645, 4.047080e-01, 4.270354e-01
646, 4.048531e-01, 6.027313e-01
647, 4.052292e-01, 3.519704e-01
648, 4.052359e-01, 5.012844e-01
649, 4.053749e-01, 6.773762e-01
650, 4.054134e-01, 4.764877e-01
651, 4.055018e-01, 7.552251e-01
652, 4.057648e-01, 4.009156e-01
653, 4.058224e-01, 8.032941e-01
654, 4.058766e-01, 1.514361e-01
655, 4.060390e-01, 5.289313e-01
656, 4.060845e-01, 6.284654e-01
657, 4.061046e-01, 3.260169e-01
658, 4.061876e-01, 7.771884e-01
659, 4.062085e-01, 5.510791e-01
660, 4.062370e-01, 1.751999e-01
661, 4.062710e-01, 2.253182e-01
662, 4.062792e-01, 3.764481e-01
663, 4.063845e-01, 5.772930e-01
664, 4.070232e-01, 4.523523e-01
665, 4.073302e-01, 2.018527e-01
666, 4.074600e-01, 8.290437e-01
667, 4.076255e-01, 6.513484e-01
668, 4.179624e-01, 7.771884e-01
669, 4.185828e-01, 8.032941e-01
670, 4.188346e-01, 5.772930e-01
671, 4.189816e-01, 6.027313e-01
672, 4.191710e-01, 6.284654e-01
673, 4.192670e-01, 3.260169e-01
674, 4.196394e-01, 3.764481e-01
675, 4.197531e-01, 5.289313e-01
676, 4.197539e-01, 6.513484e-01
677, 4.198149e-01, 2.253182e-01
678, 4.198859e-01, 2.018527e-01
679, 4.199182e-01, 4.764877e-01
680, 4.200498e-01, 5.510791e-01
681, 4.203212e-01, 6.773762e-01
682, 4.203445e-01, 8.290437e-01
683, 4.205101e-01, 1.751999e-01
684, 4.206824e-01, 2.499332e-01
685, 4.206931e-01, 3.519704e-01
686, 4.207710e-01, 5.012844e-01
687, 4.208539e-01, 1.514361e-01
688, 4.209299e-01, 4.009156e-01
689, 4.210513e-01, 4.523523e-01
690, 4.213372e-01, 7.024996e-01
691, 4.215458e-01, 3.028458e-01
692, 4.215585e-01, 4.270354e-01
693, 4.216282e-01, 7.552251e-01
694, 4.217305e-01, 2.757644e-01
695, 4.224323e-01, 7.277320e-01
696, 4.258077e-01, 7.907786e-01
697, 4.260701e-01, 6.404070e-01
698, 4.261348e-01, 7.630317e-01
699, 4.262506e-01, 5.901395e-01
700, 4.262942e-01, 5.402622e-01
701, 4.265042e-01, 6.157624e-01
702, 4.266235e-01, 2.135240e-01
703, 4.268960e-01, 8.176948e-01
704, 4.270085e-01, 5.631335e-01
705, 4.270319e-01, 8.406282e-01
706, 4.270945e-01, 3.124576e-01
707, 4.272315e-01, 3.632966e-01
708, 4.273469e-01, 3.897996e-01
709, 4.273535e-01, 2.383770e-01
710, 4.274512e-01, 4.634385e-01
711, 4.274712e-01, 3.402288e-01
712, 4.275018e-01, 4.896248e-01
713, 4.275439e-01, 1.630251e-01
714, 4.275502e-01, 6.648536e-01
715, 4.278910e-01, 1.879857e-01
716, 4.280808e-01, 6.908179e-01
717, 4.282454e-01, 5.142320e-01
718, 4.286123e-01, 4.392545e-01
719, 4.286624e-01, 2.637566e-01
720, 4.287865e-01, 4.145145e-01
721, 4.291678e-01, 7.160643e-01
722, 4.294580e-01, 2.891398e-01
723, 4.299692e-01, 7.407878e-01
724, 4.399052e-01, 2.637566e-01
725, 4.399816e-01, 7.630317e-01
726, 4.401517e-01, 2.891398e-01
727, 4.402253e-01, 4.145145e-01
728, 4.403284e-01, 6.648536e-01
729, 4.404839e-01, 8.406282e-01
730, 4.408953e-01, 4.392545e-01
731, 4.409812e-01, 7.160643e-01
732, 4.410182e-01, 4.896248e-01
733, 4.410327e-01, 6.157624e-01
734, 4.412541e-01, 4.634385e-01
735, 4.413476e-01, 2.383770e-01
736, 4.415300e-01, 5.402622e-01
737, 4.417533e-01, 6.404070e-01
738, 4.418070e-01, 1.879857e-01
739, 4.418626e-01, 3.632966e-01
740, 4.419371e-01, 5.142320e-01
741, 4.419977e-01, 1.630251e-01
742, 4.420477e-01, 7.407878e-01
743, 4.423357e-01, 2.135240e-01
744, 4.423851e-01, 3.124576e-01
745, 4.424249e-01, 3.402288e-01
746, 4.427604e-01, 5.631335e-01
747, 4.428768e-01, 3.897996e-01
748, 4.429738e-01, 8.176948e-01
749, 4.430825e-01, 6.908179e-01
750, 4.437022e-01, 7.907786e-01
751, 4.444264e-01, 5.901395e-01
752, 4.473579e-01, 2.766667e-01
753, 4.474372e-01, 7.501165e-01
754, 4.477012e-01, 4.274648e-01
755, 4.479519e-01, 2.498176e-01
756, 4.479988e-01, 3.027331e-01
757, 4.480551e-01, 4.516573e-01
758, 4.480971e-01, 6.513962e-01
759, 4.483483e-01, 8.270048e-01
760, 4.485091e-01, 6.287135e-01
761, 4.485803e-01, 5.027242e-01
762, 4.486506e-01, 7.293498e-01
763, 4.486881e-01, 3.998664e-01
764, 4.486945e-01, 4.763274e-01
765, 4.487467e-01, 5.527636e-01
766, 4.488020e-01, 3.512757e-01
767, 4.490152e-01, 2.250946e-01
768, 4.491097e-01, 1.753354e-01
769, 4.491998e-01, 6.802213e-01
770, 4.492497e-01, 5.268895e-01
771, 4.493189e-01, 7.016211e-01
772, 4.494427e-01, 2.012128e-01
773, 4.498507e-01, 7.801276e-01
774, 4.500195e-01, 3.774265e-01
775, 4.501253e-01, 6.000115e-01
776, 4.504208e-01, 3.263777e-01
777, 4.511071e-01, 8.036058e-01
778, 4.513884e-01, 5.780795e-01
779, 4.614871e-01, 4.516573e-01
780, 4.617511e-01, 2.012128e-01
781, 4.618158e-01, 5.780795e-01
782, 4.618629e-01, 8.036058e-01
783, 4.618902e-01, 7.501165e-01
784, 4.630169e-01, 1.753354e-01
785, 4.631355e-01, 5.027242e-01
786, 4.632255e-01, 3.998664e-01
787, 4.632336e-01, 7.801276e-01
788, 4.632691e-01, 3.263777e-01
789, 4.632747e-01, 2.250946e-01
790, 4.634214e-01, 3.027331e-01
791, 4.634979e-01, 6.802213e-01
792, 4.635483e-01, 3.512757e-01
793, 4.635518e-01, 3.774265e-01
794, 4.635980e-01, 7.293498e-01
795, 4.636752e-01, 5.527636e-01
796, 4.639688e-01, 7.016211e-01
797, 4.640424e-01, 6.000115e-01
798, 4.641719e-01, 5.268895e-01
799, 4.642725e-01, 2.766667e-01
800, 4.644668e-01, 2.498176e-01
801, 4.646807e-01, 6.287135e-01
802, 4.646970e-01, 4.274648e-01
803, 4.648062e-01, 4.763274e-01
804, 4.655911e-01, 8.270048e-01
805, 4.660406e-01, 6.513962e-01
806, 4.687409e-01, 7.382588e-01
807, 4.692595e-01, 5.909741e-01
808, 4.693250e-01, 7.906795e-01
809, 4.694061e-01, 2.144734e-01
810, 4.698532e-01, 1.871777e-01
811, 4.698657e-01, 3.883639e-01
812, 4.699102e-01, 6.913290e-01
813, 4.700527e-01, 5.638110e-01
814, 4.700749e-01, 4.367809e-01
815, 4.701700e-01, 3.144235e-01
816, 4.702674e-01, 4.668671e-01
817, 4.704808e-01, 8.185344e-01
818, 4.705082e-01, 1.623686e-01
819, 4.705952e-01, 3.390685e-01
820, 4.706313e-01, 5.157090e-01
821, 4.710068e-01, 2.384886e-01
822, 4.710982e-01, 3.643541e-01
823, 4.712243e-01, 7.662856e-01
824, 4.713735e-01, 2.889579e-01
825, 4.713918e-01, 5.393963e-01
826, 4.715900e-01, 4.880788e-01
827, 4.717870e-01, 7.151642e-01
828, 4.719106e-01, 6.412277e-01
829, 4.719307e-01, 4.149340e-01
830, 4.721193e-01, 2.630738e-01
831, 4.726460e-01, 6.149153e-01
832, 4.730826e-01, 8.399821e-01
833, 4.730893e-01, 6.636064e-01
834, 4.825278e-01, 6.412277e-01
835, 4.843541e-01, 6.636064e-01
836, 4.843730e-01, 5.393963e-01
837, 4.849705e-01, 3.883639e-01
838, 4.850865e-01, 7.382588e-01
839, 4.852689e-01, 4.668671e-01
840, 4.852846e-01, 8.185344e-01
841, 4.853272e-01, 2.384886e-01
842, 4.853844e-01, 3.144235e-01
843, 4.853955e-01, 1.623686e-01
844, 4.854366e-01, 7.151642e-01
845, 4.855289e-01, 6.913290e-01
846, 4.856165e-01, 6.149153e-01
847, 4.856310e-01, 3.643541e-01
848, 4.856830e-01, 8.399821e-01
849, 4.858015e-01, 3.390685e-01
850, 4.859793e-01, 5.157090e-01
851, 4.864545e-01, 2.889579e-01
852, 4.865660e-01, 4.367809e-01
853, 4.867223e-01, 4.149340e-01
854, 4.868447e-01, 4.880788e-01
855, 4.868567e-01, 1.871777e-01
856, 4.871263e-01, 5.638110e-01
857, 4.872304e-01, 7.662856e-01
858, 4.874030e-01, 7.906795e-01
859, 4.874045e-01, 2.630738e-01
860, 4.874352e-01, 5.909741e-01
861, 4.882587e-01, 2.144734e-01
862, 4.899003e-01, 6.539989e-01
863, 4.912919e-01, 1.521545e-01
864, 4.916706e-01, 6.254026e-01
865, 4.916745e-01, 8.296033e-01
866, 4.919275e-01, 7.264083e-01
867, 4.920156e-01, 5.261572e-01
868, 4.921793e-01, 4.788378e-01
869, 4.922309e-01, 3.757869e-01
870, 4.923625e-01, 7.031666e-01
871, 4.927065e-01, 3.271072e-01
872, 4.927967e-01, 5.539884e-01
873, 4.929433e-01, 6.784853e-01
874, 4.929500e-01, 4.257220e-01
875, 4.930146e-01, 3.515637e-01
876, 4.932698e-01, 3.007638e-01
877, 4.932901e-01, 1.760333e-01
878, 4.934362e-01, 6.013695e-01
879, 4.934621e-01, 2.525804e-01
880, 4.935183e-01, 4.031710e-01
881, 4.937247e-01, 2.239420e-01
882, 4.942517e-01, 7.541228e-01
883, 4.943577e-01, 7.786320e-01
884, 4.943838e-01, 8.027722e-01
885, 4.943871e-01, 5.011443e-01
886, 4.944038e-01, 2.751984e-01
887, 4.946015e-01, 4.507006e-01
888, 4.951211e-01, 5.776601e-01
889, 4.954363e-01, 2.020398e-01
890, 5.059951e-01, 5.539884e-01
891, 5.059964e-01, 5.776601e-01
892, 5.060246e-01, 4.257220e-01
893, 5.062188e-01, 7.264083e-01
894, 5.062399e-01, 6.784853e-01
895, 5.064232e-01, 4.031710e-01
896, 5.064795e-01, 2.020398e-01
897, 5.066988e-01, 2.239420e-01
898, 5.067179e-01, 4.788378e-01
899, 5.067690e-01, 8.296033e-01
900, 5.067875e-01, 4.507006e-01
901, 5.069704e-01, 5.011443e-01
902, 5.069907e-01, 2.751984e-01
903, 5.070058e-01, 7.031666e-01
904, 5.072374e-01, 3.515637e-01
905, 5.074861e-01, 3.007638e-01
906, 5.075192e-01, 7.786320e-01
907, 5.075278e-01, 8.027722e-01
908, 5.075770e-01, 6.013695e-01
909, 5.077913e-01, 1.760333e-01
910, 5.078352e-01, 2.525804e-01
911, 5.079679e-01, 6.539989e-01
912, 5.079724e-01, 5.261572e-01
913, 5.081267e-01, 7.541228e-01
914, 5.081524e-01, 3.271072e-01
915, 5.081890e-01, 3.757869e-01
916, 5.083616e-01, 6.254026e-01
917, 5.089034e-01, 1.521545e-01
918, 5.127355e-01, 4.140969e-01
919, 5.128283e-01, 5.658253e-01
920, 5.129110e-01, 2.131809e-01
921, 5.132745e-01, 8.408726e-01
922, 5.132826e-01, 4.902097e-01
923, 5.133208e-01, 7.141058e-01
924, 5.136158e-01, 4.388720e-01
925, 5.136301e-01, 5.908838e-01
926, 5.137469e-01, 6.914893e-01
927, 5.139414e-01, 2.631580e-01
928, 5.141717e-01, 6.647454e-01
929, 5.144913e-01, 7.907096e-01
930, 5.146206e-01, 2.884049e-01
931, 5.146419e-01, 1.879004e-01
932, 5.146937e-01, 5.145233e-01
933, 5.147049e-01, 3.644995e-01
934, 5.147540e-01, 3.385429e-01
935, 5.148742e-01, 4.647089e-01
936, 5.148929e-01, 8.155305e-01
937, 5.148972e-01, 7.658512e-01
938, 5.149062e-01, 6.140656e-01
939, 5.150169e-01, 5.383602e-01
940, 5.151750e-01, 7.419228e-01
941, 5.152102e-01, 3.879495e-01
942, 5.152426e-01, 1.631359e-01
943, 5.154230e-01, 3.145126e-01
944, 5.155332e-01, 2.392454e-01
945, 5.164220e-01, 6.393542e-01
946, 5.271201e-01, 2.392454e-01
947, 5.272931e-01, 8.408726e-01
948, 5.279422e-01, 1.631359e-01
949, 5.281446e-01, 2.631580e-01
950, 5.284650e-01, 5.145233e-01
951, 5.287214e-01, 6.140656e-01
952, 5.287656e-01, 7.658512e-01
953, 5.287835e-01, 1.879004e-01
954, 5.288165e-01, 2.131809e-01
955, 5.288791e-01, 8.155305e-01
956, 5.288996e-01, 7.907096e-01
957, 5.289956e-01, 6.393542e-01
958, 5.291166e-01, 4.902097e-01
959, 5.295175e-01, 3.879495e-01
960, 5.295516e-01, 5.658253e-01
961, 5.295625e-01, 5.908838e-01
962, 5.295876e-01, 3.644995e-01
963, 5.296308e-01, 3.145126e-01
964, 5.297409e-01, 4.140969e-01
965, 5.298360e-01, 3.385429e-01
966, 5.298666e-01, 5.383602e-01
967, 5.300192e-01, 2.884049e-01
968, 5.301213e-01, 7.419228e-01
969, 5.302088e-01, 4.647089e-01
970, 5.303935e-01, 4.388720e-01
971, 5.305672e-01, 6.914893e-01
972, 5.309988e-01, 7.141058e-01
973, 5.311776e-01, 6.647454e-01
974, 5.345344e-01, 2.520890e-01
975, 5.354008e-01, 8.268279e-01
976, 5.354915e-01, 2.247438e-01
977, 5.355139e-01, 1.762416e-01
978, 5.358086e-01, 5.018021e-01
979, 5.358331e-01, 6.017462e-01
980, 5.360077e-01, 7.783965e-01
981, 5.360490e-01, 5.276505e-01
982, 5.360536e-01, 8.031023e-01
983, 5.360969e-01, 2.005692e-01
984, 5.361606e-01, 6.269523e-01
985, 5.363212e-01, 3.761638e-01
986, 5.363526e-01, 7.527085e-01
987, 5.363717e-01, 2.774096e-01
988, 5.366695e-01, 3.267055e-01
989, 5.367899e-01, 5.783640e-01
990, 5.370232e-01, 4.765134e-01
991, 5.371793e-01, 4.012218e-01
992, 5.372039e-01, 3.513061e-01
993, 5.372182e-01, 4.270497e-01
994, 5.373110e-01, 7.031714e-01
995, 5.373607e-01, 3.011224e-01
996, 5.374155e-01, 6.539397e-01
997, 5.376366e-01, 5.518200e-01
998, 5.377586e-01, 4.516305e-01
999, 5.385891e-01, 7.272543e-01
1000, 5.385917e-01, 6.775887e-01
1001, 5.489300e-01, 4.516305e-01
1002, 5.490172e-01, 5.783640e-01
1003, 5.494082e-01, 7.031714e-01
1004, 5.494381e-01, 6.775887e-01
1005, 5.495181e-01, 3.267055e-01
1006, 5.495192e-01, 3.513061e-01
1007, 5.499026e-01, 5.518200e-01
1008, 5.500612e-01, 4.270497e-01
1009, 5.500670e-01, 1.762416e-01
1010, 5.502098e-01, 4.012218e-01
1011, 5.502302e-01, 4.765134e-01
1012, 5.502604e-01, 3.011224e-01
1013, 5.502796e-01, 2.774096e-01
1014, 5.504002e-01, 3.761638e-01
1015, 5.506938e-01, 8.031023e-01
1016, 5.507397e-01, 5.276505e-01
1017, 5.508408e-01, 7.272543e-01
1018, 5.509247e-01, 6.017462e-01
1019, 5.509325e-01, 6.539397e-01
1020, 5.513122e-01, 5.018021e-01
1021, 5.514119e-01, 6.269523e-01
1022, 5.514958e-01, 2.247438e-01
1023, 5.516015e-01, 7.527085e-01
1024, 5.519507e-01, 7.783965e-01
1025, 5.523189e-01, 2.005692e-01
1026, 5.523463e-01, 8.268279e-01
1027, 5.533232e-01, 2.520890e-01
1028, 5.565905e-01, 4.383603e-01
1029, 5.566193e-01, 3.390067e-01
1030, 5.567200e-01, 5.917072e-01
1031, 5.567622e-01, 4.651981e-01
1032, 5.568073e-01, 6.903541e-01
1033, 5.570113e-01, 6.644699e-01
1034, 5.570757e-01, 7.164536e-01
1035, 5.571172e-01, 2.892446e-01
1036, 5.571215e-01, 5.643252e-01
1037, 5.571346e-01, 3.644980e-01
1038, 5.572736e-01, 3.132710e-01
1039, 5.572974e-01, 5.390102e-01
1040, 5.575377e-01, 3.885278e-01
1041, 5.575933e-01, 4.140019e-01
1042, 5.580114e-01, 1.624907e-01
1043, 5.580705e-01, 4.900949e-01
1044, 5.582148e-01, 1.903559e-01
1045, 5.583682e-01, 8.163965e-01
1046, 5.584438e-01, 6.147712e-01
1047, 5.584533e-01, 7.896607e-01
1048, 5.584899e-01, 5.142358e-01
1049, 5.585710e-01, 7.406451e-01
1050, 5.588851e-01, 2.119436e-01
1051, 5.589648e-01, 6.400256e-01
1052, 5.591099e-01, 2.621131e-01
1053, 5.591906e-01, 7.658549e-01
1054, 5.596944e-01, 8.395567e-01
1055, 5.603024e-01, 2.399992e-01
1056, 5.702576e-01, 6.400256e-01
1057, 5.705681e-01, 7.406451e-01
1058, 5.709570e-01, 8.395567e-01
1059, 5.711735e-01, 4.140019e-01
1060, 5.713176e-01, 6.644699e-01
1061, 5.713962e-01, 5.917072e-01
1062, 5.714151e-01, 3.644980e-01
1063, 5.715570e-01, 2.399992e-01
1064, 5.719701e-01, 7.896607e-01
1065, 5.720668e-01, 5.142358e-01
1066, 5.720944e-01, 7.658549e-01
1067, 5.721143e-01, 7.164536e-01
1068, 5.721956e-01, 2.892446e-01
1069, 5.722454e-01, 3.885278e-01
1070, 5.722806e-01, 8.163965e-01
1071, 5.722904e-01, 6.147712e-01
1072, 5.723907e-01, 3.390067e-01
1073, 5.724678e-01, 4.651981e-01
1074, 5.724819e-01, 4.900949e-01
1075, 5.725839e-01, 1.903559e-01
1076, 5.728556e-01, 2.621131e-01
1077, 5.728955e-01, 4.383603e-01
1078, 5.730396e-01, 6.903541e-01
1079, 5.731998e-01, 3.132710e-01
1080, 5.732478e-01, 2.119436e-01
1081, 5.734245e-01, 1.624907e-01
1082, 5.735424e-01, 5.643252e-01
1083, 5.737406e-01, 5.390102e-01
1084, 5.778432e-01, 6.531658e-01
1085, 5.783037e-01, 8.268303e-01
1086, 5.783238e-01, 7.272101e-01
1087, 5.785005e-01, 6.040137e-01
1088, 5.785667e-01, 6.256434e-01
1089, 5.785892e-01, 2.521810e-01
1090, 5.786110e-01, 7.545664e-01
1091, 5.787662e-01, 3.772321e-01
1092, 5.789035e-01, 7.776502e-01
1093, 5.790425e-01, 1.527588e-01
1094, 5.790652e-01, 4.276726e-01
1095, 5.790654e-01, 4.003419e-01
1096, 5.791469e-01, 2.017247e-01
1097, 5.792423e-01, 5.018058e-01
1098, 5.792606e-01, 3.509073e-01
1099, 5.796327e-01, 3.021276e-01
1100, 5.796498e-01, 6.789035e-01
1101, 5.796610e-01, 4.776587e-01
1102, 5.798423e-01, 8.032975e-01
1103, 5.800577e-01, 5.280672e-01
1104, 5.801103e-01, 7.026025e-01
1105, 5.802236e-01, 3.254381e-01
1106, 5.803601e-01, 2.751128e-01
1107, 5.803728e-01, 5.761573e-01
1108, 5.804280e-01, 4.514088e-01
1109, 5.805003e-01, 2.245069e-01
1110, 5.809484e-01, 5.514960e-01
1111, 5.810502e-01, 1.756900e-01
1112, 5.918089e-01, 2.017247e-01
1113, 5.922927e-01, 7.776502e-01
1114, 5.925637e-01, 3.021276e-01
1115, 5.927543e-01, 2.751128e-01
1116, 5.930170e-01, 3.254381e-01
1117, 5.930588e-01, 8.032975e-01
1118, 5.932202e-01, 1.756900e-01
1119, 5.936411e-01, 6.256434e-01
1120, 5.938463e-01, 5.280672e-01
1121, 5.939928e-01, 2.521810e-01
1122, 5.939959e-01, 8.268303e-01
1123, 5.941471e-01, 5.018058e-01
1124, 5.943568e-01, 4.776587e-01
1125, 5.944523e-01, 7.026025e-01
1126, 5.945063e-01, 2.245069e-01
1127, 5.945681e-01, 5.514960e-01
1128, 5.946646e-01, 4.514088e-01
1129, 5.947323e-01, 1.527588e-01
1130, 5.950005e-01, 4.276726e-01
1131, 5.951785e-01, 6.789035e-01
1132, 5.952429e-01, 4.003419e-01
1133, 5.954074e-01, 3.772321e-01
1134, 5.954845e-01, 3.509073e-01
1135, 5.955416e-01, 5.761573e-01
1136, 5.956282e-01, 7.545664e-01
1137, 5.956903e-01, 6.040137e-01
1138, 5.959927e-01, 7.272101e-01
1139, 5.972927e-01, 6.531658e-01
1140, 5.995187e-01, 3.141754e-01
1141, 5.997334e-01, 2.154521e-01
1142, 5.999926e-01, 2.625742e-01
1143, 6.000292e-01, 1.874850e-01
1144, 6.000786e-01, 7.911373e-01
1145, 6.003198e-01, 8.158756e-01
1146, 6.004596e-01, 2.884498e-01
1147, 6.005980e-01, 1.629198e-01
1148, 6.006233e-01, 7.632194e-01
1149, 6.009089e-01, 6.130537e-01
1150, 6.009697e-01, 5.404068e-01
1151, 6.012217e-01, 4.895506e-01
1152, 6.015798e-01, 5.146813e-01
1153, 6.016021e-01, 3.403099e-01
1154, 6.016558e-01, 6.901240e-01
1155, 6.016838e-01, 4.392498e-01
1156, 6.019956e-01, 3.886446e-01
1157, 6.020874e-01, 4.642671e-01
1158, 6.021730e-01, 5.646698e-01
1159, 6.022373e-01, 2.378992e-01
1160, 6.023252e-01, 7.162405e-01
1161, 6.023324e-01, 8.412713e-01
1162, 6.030135e-01, 4.137919e-01
1163, 6.030443e-01, 3.640030e-01
1164, 6.034148e-01, 6.425607e-01
1165, 6.036564e-01, 5.902143e-01
1166, 6.036645e-01, 6.642035e-01
1167, 6.037097e-01, 7.405781e-01
1168, 6.126834e-01, 3.886446e-01
1169, 6.137828e-01, 5.646698e-01
1170, 6.138453e-01, 4.642671e-01
1171, 6.144050e-01, 7.162405e-01
1172, 6.144755e-01, 5.146813e-01
1173, 6.144787e-01, 5.902143e-01
1174, 6.149280e-01, 4.392498e-01
1175, 6.151087e-01, 6.642035e-01
1176, 6.151578e-01, 6.425607e-01
1177, 6.152807e-01, 7.405781e-01
1178, 6.153688e-01, 4.137919e-01
1179, 6.153826e-01, 5.404068e-01
1180, 6.156265e-01, 4.895506e-01
1181, 6.156823e-01, 3.640030e-01
1182, 6.158473e-01, 2.378992e-01
1183, 6.159091e-01, 7.632194e-01
1184, 6.159317e-01, 1.629198e-01
1185, 6.159665e-01, 1.874850e-01
1186, 6.160391e-01, 6.901240e-01
1187, 6.160989e-01, 6.130537e-01
1188, 6.161877e-01, 3.403099e-01
1189, 6.162945e-01, 2.625742e-01
1190, 6.164669e-01, 2.884498e-01
1191, 6.167183e-01, 2.154521e-01
1192, 6.168793e-01, 7.911373e-01
1193, 6.175139e-01, 8.412713e-01
1194, 6.179231e-01, 3.141754e-01
1195, 6.180356e-01, 8.158756e-01
1196, 6.212903e-01, 4.035472e-01
1197, 6.212987e-01, 3.737274e-01
1198, 6.213831e-01, 6.533396e-01
1199, 6.215073e-01, 5.780445e-01
1200, 6.215892e-01, 5.511533e-01
1201, 6.216110e-01, 4.508211e-01
1202, 6.218709e-01, 7.291674e-01
1203, 6.218841e-01, 6.030367e-01
1204, 6.220370e-01, 4.784509e-01
1205, 6.221358e-01, 7.524381e-01
1206, 6.223080e-01, 5.011195e-01
1207, 6.223610e-01, 5.283240e-01
1208, 6.224999e-01, 4.261392e-01
1209, 6.227638e-01, 7.017676e-01
1210, 6.227649e-01, 2.259216e-01
1211, 6.227769e-01, 3.517189e-01
1212, 6.230457e-01, 1.752277e-01
1213, 6.230590e-01, 6.779691e-01
1214, 6.231963e-01, 2.506238e-01
1215, 6.238558e-01, 2.756664e-01
1216, 6.241527e-01, 6.269986e-01
1217, 6.244185e-01, 2.021194e-01
1218, 6.244561e-01, 7.780183e-01
1219, 6.246011e-01, 8.045075e-01
1220, 6.246023e-01, 3.257402e-01
1221, 6.246238e-01, 3.025733e-01
1222, 6.251083e-01, 8.281219e-01
1223, 6.357147e-01, 8.281219e-01
1224, 6.360687e-01, 8.045075e-01
1225, 6.361452e-01, 2.259216e-01
1226, 6.363594e-01, 7.780183e-01
1227, 6.364587e-01, 7.291674e-01
1228, 6.367648e-01, 2.021194e-01
1229, 6.369790e-01, 2.506238e-01
1230, 6.372498e-01, 6.779691e-01
1231, 6.373323e-01, 3.025733e-01
1232, 6.373442e-01, 3.257402e-01
1233, 6.374988e-01, 3.517189e-01
1234, 6.375821e-01, 6.030367e-01
1235, 6.378393e-01, 7.524381e-01
1236, 6.379049e-01, 7.017676e-01
1237, 6.380549e-01, 4.261392e-01
1238, 6.382141e-01, 4.784509e-01
1239, 6.382646e-01, 5.511533e-01
1240, 6.382785e-01, 6.533396e-01
1241, 6.383023e-01, 6.269986e-01
1242, 6.383161e-01, 3.737274e-01
1243, 6.385089e-01, 5.011195e-01
1244, 6.387357e-01, 2.756664e-01
1245, 6.387512e-01, 1.752277e-01
1246, 6.389294e-01, 4.035472e-01
1247, 6.393132e-01, 5.283240e-01
1248, 6.394169e-01, 5.780445e-01
1249, 6.403555e-01, 4.508211e-01
1250, 6.427077e-01, 8.160081e-01
1251, 6.433252e-01, 2.134838e-01
1252, 6.436921e-01, 2.389949e-01
1253, 6.438598e-01, 7.910111e-01
1254, 6.438682e-01, 7.420027e-01
1255, 6.440251e-01, 3.141671e-01
1256, 6.441779e-01, 8.427825e-01
1257, 6.442600e-01, 3.634311e-01
1258, 6.444465e-01, 6.904357e-01
1259, 6.444828e-01, 7.639464e-01
1260, 6.448586e-01, 6.156414e-01
1261, 6.448732e-01, 6.647635e-01
1262, 6.449046e-01, 4.900405e-01
1263, 6.449200e-01, 3.388635e-01
1264, 6.450155e-01, 4.140815e-01
1265, 6.450856e-01, 2.646667e-01
1266, 6.450904e-01, 7.142149e-01
1267, 6.453783e-01, 5.388304e-01
1268, 6.455200e-01, 1.869531e-01
1269, 6.455887e-01, 1.633927e-01
1270, 6.457132e-01, 5.889514e-01
1271, 6.458032e-01, 2.878994e-01
1272, 6.458964e-01, 6.401432e-01
1273, 6.463293e-01, 4.404728e-01
1274, 6.466026e-01, 5.655970e-01
1275, 6.467663e-01, 5.154235e-01
1276, 6.472299e-01, 3.891685e-01
1277, 6.472598e-01, 4.627813e-01
1278, 6.569335e-01, 5.154235e-01
1279, 6.569658e-01, 6.647635e-01
1280, 6.579033e-01, 2.878994e-01
1281, 6.584346e-01, 4.900405e-01
1282, 6.585514e-01, 7.142149e-01
1283, 6.586089e-01, 6.401432e-01
1284, 6.588166e-01, 2.646667e-01
1285, 6.589210e-01, 6.904357e-01
1286, 6.590811e-01, 5.655970e-01
1287, 6.591390e-01, 6.156414e-01
1288, 6.591692e-01, 3.891685e-01
1289, 6.593744e-01, 3.388635e-01
1290, 6.593833e-01, 5.889514e-01
1291, 6.594328e-01, 1.869531e-01
1292, 6.595241e-01, 4.404728e-01
1293, 6.595708e-01, 4.140815e-01
1294, 6.597106e-01, 7.639464e-01
1295, 6.597213e-01, 8.427825e-01
1296, 6.599362e-01, 4.627813e-01
1297, 6.599931e-01, 5.388304e-01
1298, 6.600582e-01, 1.633927e-01
1299, 6.602746e-01, 3.634311e-01
1300, 6.604783e-01, 2.389949e-01
1301, 6.605146e-01, 7.420027e-01
1302, 6.607256e-01, 2.134838e-01
1303, 6.607790e-01, 8.160081e-01
1304, 6.607960e-01, 3.141671e-01
1305, 6.616624e-01, 7.910111e-01
1306, 6.648937e-01, 6.510302e-01
1307, 6.650106e-01, 5.014318e-01
1308, 6.650687e-01, 2.754969e-01
1309, 6.652227e-01, 5.297713e-01
1310, 6.653534e-01, 6.792931e-01
1311, 6.655998e-01, 7.020052e-01
1312, 6.659490e-01, 6.274382e-01
1313, 6.659732e-01, 5.775360e-01
1314, 6.661692e-01, 4.519839e-01
1315, 6.664488e-01, 7.522740e-01
1316, 6.665485e-01, 1.746267e-01
1317, 6.665637e-01, 4.019777e-01
1318, 6.669156e-01, 3.519270e-01
1319, 6.669315e-01, 3.035387e-01
1320, 6.669649e-01, 6.020847e-01
1321, 6.670534e-01, 4.751104e-01
1322, 6.670573e-01, 2.503915e-01
1323, 6.671507e-01, 3.753424e-01
1324, 6.671650e-01, 4.272367e-01
1325, 6.672136e-01, 3.252839e-01
1326, 6.672630e-01, 5.514238e-01
1327, 6.675536e-01, 7.298092e-01
1328, 6.677370e-01, 2.013382e-01
1329, 6.679654e-01, 2.260252e-01
1330, 6.679782e-01, 8.284792e-01
1331, 6.684358e-01, 8.027444e-01
1332, 6.684984e-01, 7.791693e-01
1333, 6.782743e-01, 8.027444e-01
1334, 6.795236e-01, 3.252839e-01
1335, 6.796826e-01, 3.035387e-01
1336, 6.797302e-01, 2.503915e-01
1337, 6.798531e-01, 5.514238e-01
1338, 6.799095e-01, 8.284792e-01
1339, 6.801214e-01, 6.510302e-01
1340, 6.806119e-01, 7.791693e-01
1341, 6.807199e-01, 2.013382e-01
1342, 6.807272e-01, 2.260252e-01
1343, 6.808057e-01, 4.019777e-01
1344, 6.808136e-01, 3.753424e-01
1345, 6.809808e-01, 3.519270e-01
1346, 6.811121e-01, 6.020847e-01
1347, 6.812507e-01, 4.519839e-01
1348, 6.814202e-01, 4.272367e-01
1349, 6.814892e-01, 5.775360e-01
1350, 6.816867e-01, 7.020052e-01
1351, 6.822416e-01, 7.298092e-01
1352, 6.822631e-01, 4.751104e-01
1353, 6.822748e-01, 1.746267e-01
1354, 6.823457e-01, 6.274382e-01
1355, 6.824187e-01, 7.522740e-01
1356, 6.824848e-01, 2.754969e-01
1357, 6.824938e-01, 6.792931e-01
1358, 6.830981e-01, 5.297713e-01
1359, 6.838730e-01, 5.014318e-01
1360, 6.858796e-01, 3.142737e-01
1361, 6.862478e-01, 7.889321e-01
1362, 6.865199e-01, 8.170281e-01
1363, 6.872618e-01, 2.373448e-01
1364, 6.876557e-01, 3.634899e-01
1365, 6.877253e-01, 5.377869e-01
1366, 6.878492e-01, 2.136880e-01
1367, 6.879424e-01, 3.398675e-01
1368, 6.880308e-01, 1.646638e-01
1369, 6.880453e-01, 6.373038e-01
1370, 6.880528e-01, 8.425855e-01
1371, 6.882081e-01, 5.658970e-01
1372, 6.883539e-01, 2.653301e-01
1373, 6.883864e-01, 5.894837e-01
1374, 6.884067e-01, 4.151342e-01
1375, 6.884320e-01, 4.644240e-01
1376, 6.884784e-01, 4.394635e-01
1377, 6.884976e-01, 3.886532e-01
1378, 6.886459e-01, 6.899500e-01
1379, 6.888169e-01, 7.411995e-01
1380, 6.890469e-01, 6.158299e-01
1381, 6.891803e-01, 2.870861e-01
1382, 6.892073e-01, 1.866357e-01
1383, 6.892783e-01, 7.641567e-01
1384, 6.894654e-01, 6.672165e-01
1385, 6.899895e-01, 7.163878e-01
1386, 6.906654e-01, 4.896655e-01
1387, 6.916688e-01, 5.149363e-01
1388, 7.015331e-01, 4.394635e-01
1389, 7.017393e-01, 6.672165e-01
1390, 7.021476e-01, 5.377869e-01
1391, 7.024007e-01, 5.658970e-01
1392, 7.025093e-01, 7.411995e-01
1393, 7.026464e-01, 2.136880e-01
1394, 7.026715e-01, 8.425855e-01
1395, 7.026870e-01, 4.896655e-01
1396, 7.027687e-01, 5.894837e-01
1397, 7.029354e-01, 1.866357e-01
1398, 7.030299e-01, 1.646638e-01
1399, 7.031219e-01, 3.634899e-01
1400, 7.032702e-01, 5.149363e-01
1401, 7.034354e-01, 7.641567e-01
1402, 7.034829e-01, 7.163878e-01
1403, 7.035284e-01, 6.158299e-01
1404, 7.036851e-01, 3.886532e-01
1405, 7.037652e-01, 2.870861e-01
1406, 7.037699e-01, 4.151342e-01
1407, 7.037842e-01, 2.373448e-01
1408, 7.038695e-01, 3.398675e-01
1409, 7.039212e-01, 6.899500e-01
1410, 7.039645e-01, 7.889321e-01
1411, 7.039798e-01, 2.653301e-01
1412, 7.040113e-01, 6.373038e-01
1413, 7.042329e-01, 4.644240e-01
1414, 7.044901e-01, 3.142737e-01
1415, 7.054855e-01, 8.170281e-01
1416, 7.093068e-01, 5.253851e-01
1417, 7.093271e-01, 1.755635e-01
1418, 7.093920e-01, 6.804731e-01
1419, 7.093928e-01, 5.780091e-01
1420, 7.096015e-01, 7.534753e-01
1421, 7.096739e-01, 4.253615e-01
1422, 7.099704e-01, 6.269892e-01
1423, 7.100436e-01, 2.265019e-01
1424, 7.100876e-01, 4.542821e-01
1425, 7.101546e-01, 2.760266e-01
1426, 7.101577e-01, 7.279504e-01
1427, 7.102727e-01, 5.028060e-01
1428, 7.103140e-01, 3.510312e-01
1429, 7.103878e-01, 5.520613e-01
1430, 7.105993e-01, 1.999115e-01
1431, 7.106666e-01, 3.765594e-01
1432, 7.107456e-01, 4.757058e-01
1433, 7.107531e-01, 6.033148e-01
1434, 7.108511e-01, 7.770028e-01
1435, 7.113330e-01, 7.027893e-01
1436, 7.113740e-01, 4.019723e-01
1437, 7.114554e-01, 8.273696e-01
1438, 7.115093e-01, 6.502922e-01
1439, 7.115672e-01, 3.265331e-01
1440, 7.119597e-01, 2.515068e-01
1441, 7.119750e-01, 3.013078e-01
1442, 7.128346e-01, 8.042975e-01
1443, 7.225187e-01, 1.755635e-01
1444, 7.231513e-01, 3.510312e-01
1445, 7.231595e-01, 4.019723e-01
1446, 7.232054e-01, 7.279504e-01
1447, 7.232367e-01, 4.757058e-01
1448, 7.232637e-01, 2.265019e-01
1449, 7.233035e-01, 4.253615e-01
1450, 7.233373e-01, 5.028060e-01
1451, 7.233968e-01, 7.534753e-01
1452, 7.236826e-01, 8.042975e-01
1453, 7.238593e-01, 2.760266e-01
1454, 7.238642e-01, 3.265331e-01
1455, 7.238928e-01, 2.515068e-01
1456, 7.240629e-01, 5.253851e-01
1457, 7.240960e-01, 7.770028e-01
1458, 7.242123e-01, 6.269892e-01
1459, 7.242231e-01, 3.013078e-01
1460, 7.242266e-01, 3.765594e-01
1461, 7.243404e-01, 4.542821e-01
1462, 7.245707e-01, 6.033148e-01
1463, 7.247905e-01, 5.780091e-01
1464, 7.250116e-01, 7.027893e-01
1465, 7.254779e-01, 8.273696e-01
1466, 7.255602e-01, 5.520613e-01
1467, 7.259208e-01, 1.999115e-01
1468, 7.260255e-01, 6.502922e-01
1469, 7.263781e-01, 6.804731e-01
1470, 7.299722e-01, 4.640380e-01
1471, 7.299853e-01, 4.137869e-01
1472, 7.302198e-01, 5.147283e-01
1473, 7.305373e-01, 7.658446e-01
1474, 7.305789e-01, 3.381646e-01
1475, 7.306715e-01, 7.408836e-01
1476, 7.307001e-01, 1.614024e-01
1477, 7.307956e-01, 2.395493e-01
1478, 7.309534e-01, 2.637377e-01
1479, 7.310282e-01, 3.883416e-01
1480, 7.310573e-01, 3.647267e-01
1481, 7.311092e-01, 4.893430e-01
1482, 7.312248e-01, 6.148416e-01
1483, 7.312397e-01, 8.173885e-01
1484, 7.312475e-01, 1.906842e-01
1485, 7.313247e-01, 3.136096e-01
1486, 7.313413e-01, 2.889772e-01
1487, 7.313710e-01, 7.138054e-01
1488, 7.317676e-01, 7.902921e-01
1489, 7.318481e-01, 6.402060e-01
1490, 7.319848e-01, 5.904716e-01
1491, 7.321362e-01, 6.904476e-01
1492, 7.321695e-01, 4.407199e-01
1493, 7.322673e-01, 2.109053e-01
1494, 7.325113e-01, 5.400201e-01
1495, 7.326649e-01, 5.643685e-01
1496, 7.326944e-01, 8.398706e-01
1497, 7.349132e-01, 6.656881e-01
1498, 7.446905e-01, 6.656881e-01
1499, 7.447136e-01, 2.637377e-01
1500, 7.448546e-01, 5.643685e-01
1501, 7.455901e-01, 7.138054e-01
1502, 7.458634e-01, 4.893430e-01
1503, 7.459007e-01, 6.904476e-01
1504, 7.461002e-01, 6.148416e-01
1505, 7.461744e-01, 8.173885e-01
1506, 7.462095e-01, 5.147283e-01
1507, 7.463191e-01, 2.109053e-01
1508, 7.463931e-01, 3.647267e-01
1509, 7.465791e-01, 2.395493e-01
1510, 7.467694e-01, 1.614024e-01
1511, 7.468009e-01, 3.136096e-01
1512, 7.468822e-01, 7.408836e-01
1513, 7.470290e-01, 5.904716e-01
1514, 7.471053e-01, 6.402060e-01
1515, 7.471152e-01, 8.398706e-01
1516, 7.471678e-01, 1.906842e-01
1517, 7.472763e-01, 5.400201e-01
1518, 7.473581e-01, 4.407199e-01
1519, 7.474371e-01, 2.889772e-01
1520, 7.476951e-01, 7.902921e-01
1521, 7.477277e-01, 3.883416e-01
1522, 7.478274e-01, 4.640380e-01
1523, 7.481148e-01, 7.658446e-01
1524, 7.483159e-01, 3.381646e-01
1525, 7.485209e-01, 4.137869e-01
1526, 7.524422e-01, 6.791160e-01
1527, 7.524874e-01, 7.018576e-01
1528, 7.525800e-01, 2.000596e-01
1529, 7.526280e-01, 2.500277e-01
1530, 7.530933e-01, 5.500968e-01
1531, 7.531340e-01, 8.294444e-01
1532, 7.532530e-01, 6.508555e-01
1533, 7.533628e-01, 2.787204e-01
1534, 7.533636e-01, 5.023354e-01
1535, 7.534761e-01, 5.793034e-01
1536, 7.535987e-01, 6.018520e-01
1537, 7.538766e-01, 3.776901e-01
1538, 7.539266e-01, 6.283990e-01
1539, 7.540462e-01, 5.282928e-01
1540, 7.540520e-01, 7.284636e-01
1541, 7.541494e-01, 4.749895e-01
1542, 7.542289e-01, 3.007424e-01
1543, 7.543232e-01, 4.527854e-01
1544, 7.546459e-01, 3.271992e-01
1545, 7.547063e-01, 7.544264e-01
1546, 7.547168e-01, 2.254525e-01
1547, 7.547559e-01, 8.025232e-01
1548, 7.549614e-01, 7.777048e-01
1549, 7.550213e-01, 3.497803e-01
1550, 7.554239e-01, 1.763824e-01
1551, 7.554716e-01, 4.017561e-01
1552, 7.557134e-01, 4.262463e-01
1553, 7.655020e-01, 3.007424e-01
1554, 7.661326e-01, 1.763824e-01
1555, 7.665757e-01, 4.527854e-01
1556, 7.665871e-01, 2.000596e-01
1557, 7.668064e-01, 4.749895e-01
1558, 7.668782e-01, 3.497803e-01
1559, 7.672055e-01, 7.284636e-01
1560, 7.673478e-01, 4.262463e-01
1561, 7.674343e-01, 5.793034e-01
1562, 7.676142e-01, 4.017561e-01
1563, 7.677311e-01, 7.544264e-01
1564, 7.677947e-01, 3.271992e-01
1565, 7.678299e-01, 8.294444e-01
1566, 7.679136e-01, 6.018520e-01
1567, 7.680953e-01, 2.787204e-01
1568, 7.681962e-01, 8.025232e-01
1569, 7.683301e-01, 3.776901e-01
1570, 7.683602e-01, 5.500968e-01
1571, 7.684234e-01, 2.254525e-01
1572, 7.684595e-01, 7.777048e-01
1573, 7.686509e-01, 6.508555e-01
1574, 7.689059e-01, 7.018576e-01
1575, 7.690630e-01, 5.282928e-01
1576, 7.693058e-01, 5.023354e-01
1577, 7.693322e-01, 6.283990e-01
1578, 7.697542e-01, 6.791160e-01
1579, 7.702038e-01, 2.500277e-01
1580, 7.731000e-01, 4.640872e-01
1581, 7.731571e-01, 2.874817e-01
1582, 7.731940e-01, 1.886147e-01
1583, 7.738542e-01, 3.376959e-01
1584, 7.741823e-01, 5.909929e-01
1585, 7.742848e-01, 3.159566e-01
1586, 7.745526e-01, 4.137657e-01
1587, 7.745819e-01, 1.617576e-01
1588, 7.746220e-01, 4.388471e-01
1589, 7.748144e-01, 7.666965e-01
1590, 7.748346e-01, 2.143465e-01
1591, 7.749185e-01, 3.891030e-01
1592, 7.749651e-01, 7.419052e-01
1593, 7.749838e-01, 8.418368e-01
1594, 7.750051e-01, 5.385860e-01
1595, 7.754758e-01, 6.390329e-01
1596, 7.754914e-01, 7.898859e-01
1597, 7.756600e-01, 3.649928e-01
1598, 7.757352e-01, 7.136878e-01
1599, 7.757835e-01, 8.156665e-01
1600, 7.758941e-01, 6.897520e-01
1601, 7.759492e-01, 4.908272e-01
1602, 7.762854e-01, 6.163543e-01
1603, 7.763274e-01, 5.638981e-01
1604, 7.764069e-01, 2.392821e-01
1605, 7.766797e-01, 5.151091e-01
1606, 7.773596e-01, 6.659413e-01
1607, 7.774314e-01, 2.625479e-01
1608, 7.866907e-01, 6.390329e-01
1609, 7.873989e-01, 7.666965e-01
1610, 7.878917e-01, 6.163543e-01
1611, 7.883330e-01, 6.659413e-01
1612, 7.893449e-01, 5.385860e-01
1613, 7.894346e-01, 6.897520e-01
1614, 7.895246e-01, 3.376959e-01
1615, 7.895316e-01, 5.151091e-01
1616, 7.895438e-01, 5.909929e-01
1617, 7.895759e-01, 3.891030e-01
1618, 7.897040e-01, 7.136878e-01
1619, 7.897898e-01, 4.908272e-01
1620, 7.898426e-01, 3.159566e-01
1621, 7.898978e-01, 2.392821e-01
1622, 7.899183e-01, 8.418368e-01
1623, 7.901010e-01, 7.898859e-01
1624, 7.903648e-01, 5.638981e-01
1625, 7.903662e-01, 8.156665e-01
1626, 7.903933e-01, 1.886147e-01
1627, 7.905244e-01, 4.137657e-01
1628, 7.905846e-01, 1.617576e-01
1629, 7.907032e-01, 2.143465e-01
1630, 7.908082e-01, 3.649928e-01
1631, 7.908289e-01, 7.419052e-01
1632, 7.908892e-01, 2.625479e-01
1633, 7.910205e-01, 4.640872e-01
1634, 7.911095e-01, 2.874817e-01
1635, 7.916144e-01, 4.388471e-01
1636, 7.938400e-01, 6.266583e-01
1637, 7.952786e-01, 6.539096e-01
1638, 7.954433e-01, 7.806316e-01
1639, 7.957565e-01, 6.788009e-01
1640, 7.959584e-01, 3.265508e-01
1641, 7.960380e-01, 6.022426e-01
1642, 7.962172e-01, 5.266812e-01
1643, 7.962718e-01, 7.513262e-01
1644, 7.964781e-01, 7.019532e-01
1645, 7.965352e-01, 1.514496e-01
1646, 7.966693e-01, 5.027445e-01
1647, 7.971089e-01, 2.517738e-01
1648, 7.971512e-01, 3.759806e-01
1649, 7.971609e-01, 5.521255e-01
1650, 7.971714e-01, 4.022605e-01
1651, 7.974978e-01, 2.261167e-01
1652, 7.976748e-01, 8.030059e-01
1653, 7.976960e-01, 8.283637e-01
1654, 7.977749e-01, 5.767344e-01
1655, 7.979754e-01, 2.017491e-01
1656, 7.980453e-01, 3.524561e-01
1657, 7.981233e-01, 4.763912e-01
1658, 7.981991e-01, 2.752105e-01
1659, 7.982440e-01, 1.750151e-01
1660, 7.983089e-01, 4.272505e-01
1661, 7.984111e-01, 7.287708e-01
1662, 7.986027e-01, 4.509528e-01
1663, 7.986950e-01, 3.006219e-01
1664, 8.087548e-01, 8.030059e-01
1665, 8.096317e-01, 6.539096e-01
1666, 8.097118e-01, 4.509528e-01
1667, 8.106021e-01, 2.517738e-01
1668, 8.108255e-01, 6.788009e-01
1669, 8.109081e-01, 4.022605e-01
1670, 8.110515e-01, 2.261167e-01
1671, 8.111215e-01, 5.266812e-01
1672, 8.111320e-01, 1.514496e-01
1673, 8.112012e-01, 3.759806e-01
1674, 8.112712e-01, 4.272505e-01
1675, 8.112787e-01, 7.513262e-01
1676, 8.112950e-01, 5.521255e-01
1677, 8.113609e-01, 4.763912e-01
1678, 8.113981e-01, 2.017491e-01
1679, 8.114202e-01, 8.283637e-01
1680, 8.114954e-01, 5.027445e-01
1681, 8.115421e-01, 7.019532e-01
1682, 8.117996e-01, 3.006219e-01
1683, 8.118461e-01, 5.767344e-01
1684, 8.118998e-01, 2.752105e-01
1685, 8.119550e-01, 3.265508e-01
1686, 8.119802e-01, 3.524561e-01
1687, 8.123483e-01, 7.806316e-01
1688, 8.125543e-01, 6.266583e-01
1689, 8.127359e-01, 1.750151e-01
1690, 8.128217e-01, 6.022426e-01
1691, 8.128774e-01, 7.287708e-01
1692, 8.170096e-01, 7.887064e-01
1693, 8.173329e-01, 4.377510e-01
1694, 8.174068e-01, 8.179934e-01
1695, 8.174132e-01, 6.673892e-01
1696, 8.178665e-01, 6.909977e-01
1697, 8.178789e-01, 4.651003e-01
1698, 8.180081e-01, 8.397757e-01
1699, 8.180157e-01, 2.646161e-01
1700, 8.182203e-01, 5.143939e-01
1701, 8.182324e-01, 2.385560e-01
1702, 8.182582e-01, 2.136327e-01
1703, 8.183057e-01, 4.150648e-01
1704, 8.183808e-01, 3.635436e-01
1705, 8.185524e-01, 5.395536e-01
1706, 8.185913e-01, 7.386688e-01
1707, 8.186401e-01, 3.888667e-01
1708, 8.186736e-01, 5.649073e-01
1709, 8.187382e-01, 1.646257e-01
1710, 8.189613e-01, 6.377481e-01
1711, 8.190347e-01, 4.896844e-01
1712, 8.191873e-01, 2.878244e-01
1713, 8.193614e-01, 3.137210e-01
1714, 8.194449e-01, 3.395252e-01
1715, 8.196965e-01, 5.903335e-01
1716, 8.197353e-01, 6.142189e-01
1717, 8.197835e-01, 1.872233e-01
1718, 8.199504e-01, 7.165186e-01
1719, 8.202721e-01, 7.669053e-01
1720, 8.314501e-01, 3.888667e-01
1721, 8.320024e-01, 3.395252e-01
1722, 8.320966e-01, 1.872233e-01
1723, 8.321024e-01, 3.635436e-01
1724, 8.322542e-01, 2.646161e-01
1725, 8.323484e-01, 7.386688e-01
1726, 8.323598e-01, 6.142189e-01
1727, 8.323930e-01, 8.179934e-01
1728, 8.325786e-01, 5.395536e-01
1729, 8.327224e-01, 2.878244e-01
1730, 8.327741e-01, 5.903335e-01
1731, 8.329476e-01, 2.385560e-01
1732, 8.330042e-01, 7.165186e-01
1733, 8.330982e-01, 5.649073e-01
1734, 8.331186e-01, 2.136327e-01
1735, 8.331383e-01, 4.896844e-01
1736, 8.332974e-01, 8.397757e-01
1737, 8.334623e-01, 4.651003e-01
1738, 8.335792e-01, 3.137210e-01
1739, 8.338439e-01, 4.377510e-01
1740, 8.339765e-01, 7.669053e-01
1741, 8.339804e-01, 4.150648e-01
1742, 8.340521e-01, 6.909977e-01
1743, 8.341317e-01, 7.887064e-01
1744, 8.346335e-01, 1.646257e-01
1745, 8.347299e-01, 5.143939e-01
1746, 8.358116e-01, 6.377481e-01
1747, 8.359225e-01, 6.673892e-01
1748, 8.389850e-01, 3.516210e-01
1749, 8.390697e-01, 7.270258e-01
1750, 8.390854e-01, 3.756402e-01
1751, 8.391324e-01, 8.296678e-01
1752, 8.391897e-01, 2.766302e-01
1753, 8.394612e-01, 6.019174e-01
1754, 8.398897e-01, 1.737237e-01
1755, 8.401229e-01, 2.509855e-01
1756, 8.401565e-01, 5.526805e-01
1757, 8.402270e-01, 2.259463e-01
1758, 8.402304e-01, 2.013132e-01
1759, 8.402389e-01, 3.252574e-01
1760, 8.402751e-01, 5.773397e-01
1761, 8.402795e-01, 4.041617e-01
1762, 8.403467e-01, 7.779402e-01
1763, 8.403962e-01, 4.771116e-01
1764, 8.404603e-01, 4.262897e-01
1765, 8.406256e-01, 3.015148e-01
1766, 8.408792e-01, 6.289766e-01
1767, 8.408944e-01, 7.028505e-01
1768, 8.409188e-01, 5.251062e-01
1769, 8.410662e-01, 5.034177e-01
1770, 8.413162e-01, 7.541911e-01
1771, 8.415472e-01, 4.510952e-01
1772, 8.417157e-01, 8.018440e-01
1773, 8.418016e-01, 6.775734e-01
1774, 8.420142e-01, 1.518402e-01
1775, 8.444226e-01, 6.526648e-01
1776, 2.279083e-01, 1.500000e-01
1777, 2.486621e-01, 1.500000e-01
1778, 2.744437e-01, 1.500000e-01
1779, 2.915850e-01, 1.500000e-01
1780, 3.176923e-01, 1.500000e-01
1781, 3.346942e-01, 1.500000e-01
1782, 4.050475e-01, 1.500000e-01
1783, 4.216829e-01, 1.500000e-01
1784, 4.900481e-01, 1.500000e-01
1785, 5.101471e-01, 1.500000e-01
1786, 5.774500e-01, 1.500000e-01
1787, 5.963249e-01, 1.500000e-01
1788, 7.956984e-01, 1.500000e-01
1789, 8.119688e-01, 1.500000e-01
1790, 8.409519e-01, 1.500000e-01
1791, 1.577351e-01, 1.500000e-01
1792, 3.596139e-01, 1.500000e-01
1793, 3.780481e-01, 1.500000e-01
1794, 6.233934e-01, 1.500000e-01
1795, 6.378574e-01, 1.500000e-01
1796, 8.500000e-01, 1.518402e-01
1797, 1.500000e-01, 1.768229e-01
1798, 8.500000e-01, 1.737237e-01
1799, 1.500000e-01, 1.994011e-01
1800, 8.500000e-01, 2.013132e-01
1801, 1.500000e-01, 2.251720e-01
1802, 8.500000e-01, 2.259463e-01
1803, 1.500000e-01, 2.516027e-01
1804, 8.500000e-01, 2.509855e-01
1805, 1.500000e-01, 2.766837e-01
1806, 8.500000e-01, 2.766302e-01
1807, 1.500000e-01, 3.007319e-01
1808, 8.500000e-01, 3.015148e-01
1809, 1.500000e-01, 3.261651e-01
1810, 8.500000e-01, 3.252574e-01
1811, 1.500000e-01, 3.520654e-01
1812, 8.500000e-01, 3.516210e-01
1813, 1.500000e-01, 3.759317e-01
1814, 8.500000e-01, 3.756402e-01
1815, 1.500000e-01, 4.026003e-01
1816, 8.500000e-01, 4.041617e-01
1817, 1.500000e-01, 4.264358e-01
1818, 8.500000e-01, 4.262897e-01
1819, 1.500000e-01, 4.520528e-01
1820, 8.500000e-01, 4.510952e-01
1821, 1.500000e-01, 4.769342e-01
1822, 8.500000e-01, 4.771116e-01
1823, 1.500000e-01, 5.023433e-01
1824, 8.500000e-01, 5.034177e-01
1825, 1.500000e-01, 5.252872e-01
1826, 8.500000e-01, 5.251062e-01
1827, 1.500000e-01, 5.537585e-01
1828, 8.500000e-01, 5.526805e-01
1829, 1.500000e-01, 5.760879e-01
1830, 8.500000e-01, 5.773397e-01
1831, 1.500000e-01, 6.037933e-01
1832, 8.500000e-01, 6.019174e-01
1833, 1.500000e-01, 6.278543e-01
1834, 8.500000e-01, 6.289766e-01
1835, 1.500000e-01, 6.518842e-01
1836, 8.500000e-01, 6.526648e-01
1837, 1.500000e-01, 6.790671e-01
1838, 8.500000e-01, 6.775734e-01
1839, 1.500000e-01, 7.024905e-01
1840, 8.500000e-01, 7.028505e-01
1841, 1.500000e-01, 7.273788e-01
1842, 8.500000e-01, 7.270258e-01
1843, 1.500000e-01, 7.533957e-01
1844, 8.500000e-01, 7.541911e-01
1845, 1.500000e-01, 7.779906e-01
1846, 8.500000e-01, 7.779402e-01
1847, 1.500000e-01, 8.023306e-01
1848, 8.500000e-01, 8.018440e-01
1849, 1.500000e-01, 8.282324e-01
1850, 8.500000e-01, 8.296678e-01
1851, 1.623768e-01, 8.500000e-01
1852, 1.870347e-01, 8.500000e-01
1853, 2.044933e-01, 8.500000e-01
1854, 2.301264e-01, 8.500000e-01
1855, 2.473290e-01, 8.500000e-01
1856, 2.748106e-01, 8.500000e-01
1857, 2.916843e-01, 8.500000e-01
1858, 3.158781e-01, 8.500000e-01
1859, 3.365354e-01, 8.500000e-01
1860, 3.600542e-01, 8.500000e-01
1861, 3.790548e-01, 8.500000e-01
1862, 4.036139e-01, 8.500000e-01
1863, 4.216218e-01, 8.500000e-01
1864, 4.458940e-01, 8.500000e-01
1865, 4.672995e-01, 8.500000e-01
1866, 4.914661e-01, 8.500000e-01
1867, 5.080055e-01, 8.500000e-01
1868, 5.325622e-01, 8.500000e-01
1869, 5.536657e-01, 8.500000e-01
1870, 5.769857e-01, 8.500000e-01
1871, 5.972936e-01, 8.500000e-01
1872, 6.225551e-01, 8.500000e-01
1873, 6.400114e-01, 8.500000e-01
1874, 6.638878e-01, 8.500000e-01
1875, 6.837726e-01, 8.500000e-01
1876, 7.069517e-01, 8.500000e-01
1877, 7.268469e-01, 8.500000e-01
1878, 7.529627e-01, 8.500000e-01
1879, 7.702713e-01, 8.500000e-01
1880, 7.946307e-01, 8.500000e-01
1881, 8.121058e-01, 8.500000e-01
1882, 8.391996e-01, 8.500000e-01
1883, 1.889781e-01, 1.503407e-01
1884, 2.056095e-01, 1.503407e-01
1885, 4.485901e-01, 1.505351e-01
1886, 4.642948e-01, 1.505351e-01
1887, 5.353486e-01, 1.501020e-01
1888, 5.509774e-01, 1.501020e-01
1889, 6.668366e-01, 1.505502e-01
1890, 6.805186e-01, 1.505502e-01
1891, 7.114299e-01, 1.500376e-01
1892, 7.241828e-01, 1.500376e-01
1893, 7.527016e-01, 1.503754e-01
1894, 7.684447e-01, 1.503754e-01
