1, 1.549836e-01, 4.235265e-01
2, 1.550811e-01, 4.206940e-01
3, 1.555774e-01, 5.028361e-01
4, 1.565237e-01, 5.781318e-01
5, 1.581625e-01, 6.531616e-01
6, 1.581625e-01, 6.494615e-01
7, 1.644589e-01, 5.576122e-01
8, 1.651871e-01, 5.194787e-01
9, 1.652182e-01, 4.031380e-01
10, 1.654632e-01, 7.096142e-01
11, 1.661877e-01, 7.123185e-01
12, 1.669329e-01, 3.646041e-01
13, 1.676896e-01, 5.567467e-01
14, 1.678570e-01, 5.201943e-01
15, 1.703071e-01, 3.095837e-01
16, 1.704431e-01, 7.707931e-01
17, 1.739021e-01, 6.531616e-01
18, 1.739052e-01, 3.046006e-01
19, 1.742959e-01, 1.582229e-01
20, 1.746006e-01, 6.937701e-01
21, 1.753101e-01, 4.670826e-01
22, 1.763702e-01, 7.627013e-01
23, 1.767045e-01, 1.924513e-01
24, 1.767045e-01, 2.054667e-01
25, 1.767214e-01, 3.471059e-01
26, 1.767214e-01, 3.595921e-01
27, 1.767519e-01, 8.200943e-01
28, 1.767533e-01, 6.560128e-01
29, 1.767533e-01, 6.634927e-01
30, 1.769118e-01, 5.149660e-01
31, 1.771861e-01, 6.153123e-01
32, 1.774973e-01, 2.685470e-01
33, 1.774973e-01, 2.562623e-01
34, 1.775648e-01, 7.188878e-01
35, 1.780051e-01, 7.733388e-01
36, 1.789114e-01, 4.107056e-01
37, 1.790484e-01, 1.901088e-01
38, 1.790484e-01, 1.602355e-01
39, 1.790801e-01, 5.633237e-01
40, 1.792721e-01, 3.059503e-01
41, 1.793967e-01, 3.099492e-01
42, 1.800717e-01, 6.933273e-01
43, 1.802228e-01, 2.712708e-01
44, 1.802228e-01, 3.024038e-01
45, 1.815402e-01, 4.653109e-01
46, 1.818423e-01, 1.522972e-01
47, 1.826822e-01, 3.050362e-01
48, 1.829878e-01, 6.135288e-01
49, 1.854537e-01, 6.223611e-01
50, 1.855580e-01, 5.199523e-01
51, 1.881747e-01, 2.120863e-01
52, 1.891048e-01, 8.272182e-01
53, 1.894174e-01, 5.189178e-01
54, 1.895655e-01, 6.708816e-01
55, 1.907478e-01, 6.752928e-01
56, 1.962977e-01, 1.901088e-01
57, 1.993653e-01, 7.298641e-01
58, 1.994098e-01, 7.343616e-01
59, 1.997124e-01, 1.920801e-01
60, 2.012258e-01, 6.496761e-01
61, 2.019123e-01, 7.284451e-01
62, 2.032078e-01, 1.938177e-01
63, 2.088740e-01, 7.519264e-01
64, 2.106165e-01, 1.740386e-01
65, 2.107162e-01, 7.864156e-01
66, 2.114366e-01, 7.891046e-01
67, 2.166401e-01, 3.901634e-01
68, 2.166548e-01, 5.396423e-01
69, 2.188016e-01, 1.522972e-01
70, 2.189512e-01, 3.050362e-01
71, 2.201102e-01, 3.825384e-01
72, 2.201799e-01, 4.599424e-01
73, 2.205122e-01, 4.996846e-01
74, 2.205122e-01, 4.856793e-01
75, 2.206272e-01, 2.240228e-01
76, 2.211709e-01, 6.528614e-01
77, 2.211709e-01, 6.413731e-01
78, 2.212244e-01, 4.359853e-01
79, 2.214032e-01, 3.333207e-01
80, 2.220951e-01, 2.708580e-01
81, 2.222910e-01, 2.800581e-01
82, 2.223921e-01, 3.109207e-01
83, 2.223921e-01, 3.070234e-01
84, 2.225013e-01, 1.805401e-01
85, 2.227081e-01, 4.614019e-01
86, 2.227081e-01, 4.645133e-01
87, 2.233655e-01, 7.428933e-01
88, 2.233954e-01, 6.550873e-01
89, 2.236325e-01, 5.920334e-01
90, 2.237169e-01, 7.962005e-01
91, 2.237169e-01, 8.065308e-01
92, 2.247379e-01, 3.056687e-01
93, 2.275122e-01, 2.303168e-01
94, 2.279570e-01, 5.400790e-01
95, 2.308453e-01, 5.961981e-01
96, 2.318449e-01, 3.272916e-01
97, 2.320092e-01, 2.856695e-01
98, 2.329997e-01, 7.908366e-01
99, 2.333615e-01, 2.907154e-01
100, 2.334832e-01, 6.342637e-01
101, 2.339320e-01, 7.489946e-01
102, 2.340365e-01, 7.869680e-01
103, 2.347954e-01, 3.280820e-01
104, 2.404544e-01, 2.710539e-01
105, 2.431364e-01, 4.236146e-01
106, 2.431364e-01, 4.194014e-01
107, 2.437619e-01, 2.662654e-01
108, 2.443241e-01, 6.550873e-01
109, 2.451902e-01, 3.483075e-01
110, 2.474443e-01, 4.265022e-01
111, 2.475603e-01, 4.974744e-01
112, 2.531819e-01, 8.269516e-01
113, 2.540327e-01, 5.192976e-01
114, 2.546358e-01, 5.554837e-01
115, 2.550425e-01, 6.718236e-01
116, 2.557094e-01, 5.594911e-01
117, 2.558277e-01, 8.276604e-01
118, 2.565234e-01, 7.124773e-01
119, 2.574732e-01, 5.202197e-01
120, 2.592720e-01, 3.056687e-01
121, 2.618691e-01, 7.709168e-01
122, 2.635307e-01, 5.400790e-01
123, 2.650657e-01, 7.173641e-01
124, 2.652894e-01, 6.661141e-01
125, 2.652894e-01, 6.544106e-01
126, 2.654790e-01, 6.192756e-01
127, 2.655973e-01, 4.662369e-01
128, 2.655973e-01, 4.974744e-01
129, 2.660942e-01, 2.303225e-01
130, 2.664449e-01, 6.953527e-01
131, 2.665376e-01, 3.578953e-01
132, 2.665540e-01, 8.079535e-01
133, 2.669305e-01, 5.769716e-01
134, 2.669577e-01, 5.659861e-01
135, 2.670403e-01, 4.265022e-01
136, 2.672750e-01, 8.210506e-01
137, 2.683064e-01, 2.059309e-01
138, 2.684111e-01, 2.558278e-01
139, 2.688868e-01, 5.136293e-01
140, 2.688868e-01, 5.007639e-01
141, 2.695634e-01, 3.047150e-01
142, 2.695826e-01, 1.536226e-01
143, 2.698990e-01, 4.236418e-01
144, 2.698990e-01, 4.094148e-01
145, 2.705049e-01, 7.696960e-01
146, 2.711851e-01, 6.203615e-01
147, 2.716427e-01, 4.545568e-01
148, 2.717293e-01, 4.642072e-01
149, 2.720430e-01, 3.087916e-01
150, 2.756233e-01, 7.112680e-01
151, 2.774253e-01, 8.269115e-01
152, 2.778163e-01, 5.597162e-01
153, 2.787005e-01, 5.564154e-01
154, 2.787311e-01, 4.043151e-01
155, 2.797230e-01, 7.123668e-01
156, 2.864424e-01, 1.930086e-01
157, 2.870702e-01, 1.896953e-01
158, 2.878691e-01, 4.264550e-01
159, 2.879096e-01, 6.542209e-01
160, 2.879529e-01, 6.494011e-01
161, 2.881706e-01, 3.468991e-01
162, 2.888397e-01, 7.281557e-01
163, 2.901007e-01, 1.943950e-01
164, 2.909899e-01, 6.559486e-01
165, 2.910380e-01, 3.451302e-01
166, 2.959928e-01, 4.405140e-01
167, 2.963477e-01, 6.348729e-01
168, 2.974476e-01, 1.717359e-01
169, 2.983818e-01, 5.956850e-01
170, 2.990300e-01, 3.243551e-01
171, 2.991779e-01, 4.800482e-01
172, 3.003013e-01, 3.290988e-01
173, 3.010224e-01, 4.418614e-01
174, 3.013867e-01, 6.335230e-01
175, 3.021106e-01, 5.966840e-01
176, 3.067554e-01, 2.298121e-01
177, 3.067993e-01, 6.910141e-01
178, 3.071055e-01, 6.965445e-01
179, 3.089501e-01, 3.340927e-01
180, 3.089501e-01, 3.451302e-01
181, 3.096828e-01, 4.217015e-01
182, 3.097301e-01, 6.559486e-01
183, 3.097301e-01, 6.883808e-01
184, 3.098032e-01, 7.943031e-01
185, 3.099160e-01, 5.360150e-01
186, 3.100351e-01, 2.709399e-01
187, 3.100351e-01, 2.823741e-01
188, 3.101630e-01, 5.755522e-01
189, 3.108405e-01, 6.118030e-01
190, 3.108851e-01, 7.448312e-01
191, 3.108851e-01, 7.305031e-01
192, 3.112983e-01, 6.948430e-01
193, 3.114239e-01, 3.476055e-01
194, 3.116554e-01, 4.868115e-01
195, 3.120981e-01, 2.688769e-01
196, 3.123801e-01, 6.532970e-01
197, 3.123801e-01, 6.398707e-01
198, 3.124371e-01, 1.795529e-01
199, 3.125951e-01, 4.351792e-01
200, 3.125951e-01, 4.246155e-01
201, 3.131323e-01, 3.090984e-01
202, 3.134070e-01, 5.787981e-01
203, 3.134070e-01, 5.901613e-01
204, 3.135155e-01, 8.460865e-01
205, 3.144147e-01, 5.409115e-01
206, 3.161866e-01, 6.899299e-01
207, 3.170307e-01, 8.425729e-01
208, 3.172669e-01, 5.377186e-01
209, 3.210490e-01, 4.813876e-01
210, 3.214876e-01, 4.403139e-01
211, 3.224964e-01, 4.440793e-01
212, 3.230717e-01, 1.734123e-01
213, 3.305521e-01, 4.246155e-01
214, 3.316925e-01, 5.788274e-01
215, 3.318806e-01, 6.532970e-01
216, 3.318806e-01, 6.492152e-01
217, 3.330373e-01, 4.231802e-01
218, 3.360225e-01, 4.213892e-01
219, 3.434713e-01, 3.654916e-01
220, 3.442765e-01, 2.121316e-01
221, 3.444314e-01, 7.124067e-01
222, 3.444545e-01, 2.497308e-01
223, 3.491055e-01, 6.089627e-01
224, 3.498809e-01, 3.090984e-01
225, 3.504787e-01, 4.602368e-01
226, 3.514321e-01, 1.523079e-01
227, 3.516615e-01, 8.100564e-01
228, 3.516615e-01, 8.212573e-01
229, 3.521594e-01, 7.715095e-01
230, 3.523319e-01, 6.899299e-01
231, 3.524585e-01, 3.046967e-01
232, 3.529685e-01, 1.572564e-01
233, 3.529685e-01, 1.910311e-01
234, 3.533848e-01, 5.624897e-01
235, 3.533848e-01, 5.756087e-01
236, 3.541174e-01, 6.565486e-01
237, 3.541174e-01, 6.663825e-01
238, 3.543286e-01, 4.101066e-01
239, 3.543286e-01, 4.213892e-01
240, 3.544448e-01, 7.189147e-01
241, 3.544448e-01, 7.304827e-01
242, 3.545293e-01, 8.071886e-01
243, 3.547450e-01, 4.991830e-01
244, 3.547450e-01, 4.646146e-01
245, 3.550036e-01, 4.614492e-01
246, 3.556513e-01, 2.561077e-01
247, 3.556513e-01, 2.688249e-01
248, 3.558750e-01, 3.580724e-01
249, 3.558750e-01, 3.455435e-01
250, 3.561641e-01, 3.137636e-01
251, 3.564337e-01, 2.050084e-01
252, 3.564337e-01, 1.944962e-01
253, 3.564479e-01, 8.449671e-01
254, 3.566900e-01, 5.011279e-01
255, 3.566900e-01, 5.131429e-01
256, 3.568581e-01, 4.590693e-01
257, 3.569289e-01, 4.239910e-01
258, 3.572608e-01, 6.534033e-01
259, 3.572608e-01, 6.183033e-01
260, 3.578200e-01, 7.660786e-01
261, 3.581054e-01, 6.089593e-01
262, 3.581054e-01, 5.803323e-01
263, 3.587477e-01, 3.039768e-01
264, 3.589455e-01, 4.651878e-01
265, 3.589503e-01, 3.083534e-01
266, 3.590060e-01, 1.564189e-01
267, 3.624125e-01, 7.707625e-01
268, 3.651635e-01, 2.506152e-01
269, 3.652484e-01, 5.556395e-01
270, 3.655183e-01, 8.292584e-01
271, 3.657334e-01, 6.730898e-01
272, 3.664353e-01, 7.119912e-01
273, 3.667263e-01, 2.109557e-01
274, 3.685560e-01, 6.723336e-01
275, 3.691906e-01, 5.566956e-01
276, 3.701684e-01, 8.280127e-01
277, 3.746351e-01, 5.803323e-01
278, 3.778996e-01, 5.717784e-01
279, 3.778996e-01, 5.784469e-01
280, 3.782518e-01, 8.140133e-01
281, 3.800997e-01, 2.682223e-01
282, 3.851756e-01, 4.427183e-01
283, 3.870313e-01, 2.876338e-01
284, 3.886381e-01, 4.436459e-01
285, 3.887441e-01, 7.482227e-01
286, 3.890859e-01, 1.737874e-01
287, 3.906282e-01, 7.870547e-01
288, 3.944214e-01, 8.420167e-01
289, 3.953206e-01, 5.416078e-01
290, 3.956032e-01, 5.373928e-01
291, 3.961719e-01, 6.882794e-01
292, 3.977487e-01, 2.376191e-01
293, 3.977487e-01, 2.682223e-01
294, 3.979594e-01, 3.452353e-01
295, 3.979594e-01, 3.329004e-01
296, 3.979826e-01, 7.318857e-01
297, 3.979826e-01, 7.426092e-01
298, 3.981110e-01, 3.815721e-01
299, 3.981404e-01, 4.207485e-01
300, 3.984655e-01, 1.544158e-01
301, 3.984655e-01, 1.575549e-01
302, 3.993108e-01, 1.800343e-01
303, 3.993108e-01, 1.912241e-01
304, 3.996172e-01, 4.995904e-01
305, 3.999071e-01, 5.880873e-01
306, 3.999071e-01, 5.789220e-01
307, 4.001198e-01, 4.873111e-01
308, 4.002603e-01, 7.928184e-01
309, 4.004050e-01, 4.230132e-01
310, 4.004050e-01, 4.368599e-01
311, 4.004586e-01, 2.709305e-01
312, 4.004586e-01, 2.805436e-01
313, 4.017737e-01, 6.398345e-01
314, 4.018917e-01, 8.408297e-01
315, 4.035752e-01, 5.418252e-01
316, 4.048759e-01, 6.984130e-01
317, 4.049481e-01, 2.300476e-01
318, 4.053603e-01, 3.894286e-01
319, 4.084113e-01, 1.747796e-01
320, 4.090656e-01, 3.264875e-01
321, 4.097802e-01, 5.937882e-01
322, 4.103680e-01, 4.813936e-01
323, 4.109691e-01, 5.982259e-01
324, 4.122004e-01, 1.757947e-01
325, 4.123654e-01, 3.273715e-01
326, 4.185453e-01, 5.786083e-01
327, 4.196472e-01, 2.709305e-01
328, 4.212090e-01, 1.913963e-01
329, 4.220619e-01, 3.453869e-01
330, 4.220619e-01, 3.489392e-01
331, 4.229824e-01, 4.199476e-01
332, 4.239495e-01, 1.902877e-01
333, 4.245876e-01, 3.435206e-01
334, 4.307258e-01, 7.133497e-01
335, 4.314532e-01, 5.579224e-01
336, 4.315440e-01, 4.045474e-01
337, 4.315583e-01, 8.276531e-01
338, 4.318905e-01, 3.659608e-01
339, 4.320365e-01, 2.495344e-01
340, 4.322293e-01, 2.142951e-01
341, 4.329005e-01, 5.195806e-01
342, 4.330542e-01, 2.112159e-01
343, 4.345499e-01, 3.666733e-01
344, 4.347048e-01, 5.570513e-01
345, 4.358505e-01, 7.119762e-01
346, 4.398623e-01, 7.653239e-01
347, 4.408017e-01, 4.664326e-01
348, 4.408017e-01, 4.998848e-01
349, 4.412083e-01, 4.237264e-01
350, 4.412083e-01, 4.530340e-01
351, 4.416632e-01, 6.696335e-01
352, 4.421553e-01, 7.156167e-01
353, 4.421553e-01, 7.297952e-01
354, 4.423803e-01, 1.583684e-01
355, 4.426516e-01, 3.037772e-01
356, 4.426516e-01, 2.702699e-01
357, 4.426688e-01, 3.435206e-01
358, 4.426688e-01, 3.122066e-01
359, 4.430136e-01, 1.902877e-01
360, 4.440078e-01, 5.409399e-01
361, 4.441018e-01, 6.976686e-01
362, 4.441890e-01, 8.079411e-01
363, 4.443614e-01, 5.034423e-01
364, 4.443614e-01, 5.135890e-01
365, 4.444765e-01, 4.123455e-01
366, 4.444765e-01, 4.204583e-01
367, 4.445266e-01, 8.198105e-01
368, 4.447681e-01, 5.770467e-01
369, 4.448192e-01, 2.571585e-01
370, 4.448192e-01, 2.681037e-01
371, 4.449791e-01, 5.629838e-01
372, 4.454261e-01, 2.040671e-01
373, 4.454261e-01, 1.926988e-01
374, 4.458453e-01, 7.334829e-01
375, 4.458453e-01, 7.623364e-01
376, 4.459636e-01, 3.600828e-01
377, 4.459636e-01, 3.468155e-01
378, 4.462044e-01, 6.159209e-01
379, 4.465913e-01, 3.105744e-01
380, 4.468510e-01, 3.822118e-01
381, 4.473102e-01, 1.531081e-01
382, 4.479943e-01, 2.325434e-01
383, 4.489303e-01, 7.746074e-01
384, 4.494246e-01, 3.068775e-01
385, 4.513873e-01, 7.102926e-01
386, 4.531298e-01, 6.762464e-01
387, 4.549641e-01, 4.620370e-01
388, 4.561736e-01, 2.506104e-01
389, 4.564955e-01, 2.104554e-01
390, 4.568871e-01, 2.479526e-01
391, 4.584280e-01, 6.748270e-01
392, 4.588515e-01, 7.122931e-01
393, 4.624852e-01, 7.334829e-01
394, 4.624955e-01, 6.504979e-01
395, 4.645218e-01, 5.034423e-01
396, 4.668776e-01, 5.020824e-01
397, 4.669397e-01, 7.309103e-01
398, 4.674077e-01, 7.271112e-01
399, 4.679694e-01, 6.583026e-01
400, 4.718595e-01, 4.993740e-01
401, 4.760609e-01, 7.902730e-01
402, 4.762553e-01, 3.277029e-01
403, 4.766456e-01, 5.947273e-01
404, 4.773250e-01, 4.433677e-01
405, 4.774304e-01, 7.491011e-01
406, 4.780661e-01, 4.406015e-01
407, 4.790972e-01, 7.894592e-01
408, 4.793123e-01, 3.268839e-01
409, 4.795637e-01, 5.955090e-01
410, 4.803335e-01, 4.766961e-01
411, 4.817979e-01, 4.821622e-01
412, 4.819218e-01, 3.822118e-01
413, 4.835736e-01, 2.325434e-01
414, 4.845320e-01, 6.974543e-01
415, 4.848689e-01, 2.272842e-01
416, 4.856183e-01, 3.874654e-01
417, 4.864608e-01, 1.917637e-01
418, 4.864608e-01, 1.801487e-01
419, 4.870994e-01, 8.430821e-01
420, 4.870994e-01, 8.073483e-01
421, 4.872150e-01, 4.993740e-01
422, 4.872150e-01, 4.852901e-01
423, 4.875554e-01, 4.351222e-01
424, 4.875554e-01, 4.250313e-01
425, 4.880397e-01, 6.101882e-01
426, 4.881050e-01, 4.620370e-01
427, 4.884774e-01, 3.321759e-01
428, 4.884774e-01, 3.466830e-01
429, 4.889636e-01, 5.900814e-01
430, 4.890404e-01, 1.943434e-01
431, 4.890404e-01, 2.270482e-01
432, 4.892363e-01, 7.300998e-01
433, 4.893811e-01, 7.954015e-01
434, 4.893811e-01, 8.050667e-01
435, 4.895062e-01, 7.423702e-01
436, 4.898048e-01, 2.827010e-01
437, 4.901467e-01, 4.224384e-01
438, 4.901467e-01, 3.932487e-01
439, 4.902330e-01, 6.548146e-01
440, 4.902330e-01, 6.841229e-01
441, 4.903963e-01, 6.429616e-01
442, 4.907333e-01, 6.168200e-01
443, 4.913691e-01, 5.416629e-01
444, 4.915311e-01, 8.484111e-01
445, 4.926031e-01, 1.557311e-01
446, 4.929682e-01, 6.918572e-01
447, 4.949350e-01, 2.326585e-01
448, 4.955079e-01, 8.387806e-01
449, 4.965116e-01, 3.858959e-01
450, 4.979245e-01, 7.904649e-01
451, 4.985116e-01, 6.382757e-01
452, 4.991276e-01, 3.260264e-01
453, 4.992251e-01, 7.856121e-01
454, 4.995517e-01, 4.420491e-01
455, 4.999732e-01, 6.328222e-01
456, 5.002758e-01, 7.485888e-01
457, 5.010427e-01, 7.514451e-01
458, 5.016409e-01, 1.713834e-01
459, 5.063514e-01, 8.050667e-01
460, 5.070132e-01, 4.224384e-01
461, 5.072625e-01, 6.546512e-01
462, 5.079149e-01, 1.943434e-01
463, 5.108690e-01, 5.036241e-01
464, 5.112918e-01, 8.079178e-01
465, 5.115853e-01, 8.109567e-01
466, 5.121831e-01, 1.918801e-01
467, 5.121831e-01, 1.891739e-01
468, 5.132257e-01, 2.681730e-01
469, 5.132524e-01, 7.333303e-01
470, 5.145369e-01, 1.932395e-01
471, 5.162766e-01, 4.198075e-01
472, 5.196141e-01, 8.248614e-01
473, 5.205869e-01, 5.204540e-01
474, 5.217967e-01, 3.653812e-01
475, 5.219081e-01, 4.005602e-01
476, 5.221684e-01, 6.749966e-01
477, 5.225998e-01, 8.256612e-01
478, 5.231349e-01, 6.713890e-01
479, 5.236455e-01, 4.070457e-01
480, 5.270428e-01, 7.695695e-01
481, 5.271839e-01, 3.092005e-01
482, 5.277208e-01, 6.168200e-01
483, 5.292366e-01, 1.557311e-01
484, 5.296597e-01, 3.046154e-01
485, 5.299653e-01, 5.365358e-01
486, 5.300695e-01, 6.673848e-01
487, 5.300695e-01, 6.554529e-01
488, 5.310547e-01, 7.333303e-01
489, 5.310547e-01, 7.641993e-01
490, 5.316203e-01, 4.198075e-01
491, 5.316203e-01, 4.116504e-01
492, 5.326067e-01, 1.576897e-01
493, 5.326067e-01, 1.932395e-01
494, 5.327281e-01, 3.460112e-01
495, 5.327773e-01, 2.029797e-01
496, 5.330362e-01, 2.681730e-01
497, 5.330362e-01, 2.566812e-01
498, 5.334435e-01, 5.770075e-01
499, 5.337366e-01, 6.517836e-01
500, 5.340926e-01, 7.163445e-01
501, 5.340926e-01, 7.302925e-01
502, 5.341201e-01, 5.653824e-01
503, 5.341448e-01, 8.189950e-01
504, 5.343912e-01, 8.464546e-01
505, 5.347086e-01, 3.479929e-01
506, 5.347086e-01, 3.582990e-01
507, 5.349992e-01, 5.122361e-01
508, 5.351775e-01, 7.725736e-01
509, 5.358148e-01, 4.574442e-01
510, 5.360470e-01, 4.242369e-01
511, 5.363681e-01, 7.683057e-01
512, 5.365669e-01, 3.034923e-01
513, 5.384355e-01, 4.634888e-01
514, 5.414939e-01, 6.739814e-01
515, 5.427023e-01, 7.113731e-01
516, 5.432382e-01, 5.169934e-01
517, 5.433755e-01, 3.633034e-01
518, 5.436214e-01, 8.244670e-01
519, 5.439218e-01, 5.597227e-01
520, 5.439693e-01, 5.197214e-01
521, 5.442259e-01, 3.664763e-01
522, 5.442531e-01, 2.502044e-01
523, 5.447266e-01, 8.285906e-01
524, 5.448853e-01, 5.561278e-01
525, 5.453381e-01, 6.729516e-01
526, 5.522223e-01, 3.479929e-01
527, 5.530109e-01, 1.934101e-01
528, 5.547344e-01, 4.242369e-01
529, 5.551579e-01, 2.713182e-01
530, 5.552223e-01, 4.207413e-01
531, 5.563251e-01, 1.933080e-01
532, 5.582911e-01, 7.293852e-01
533, 5.637795e-01, 6.346399e-01
534, 5.648473e-01, 4.406804e-01
535, 5.660535e-01, 5.943870e-01
536, 5.665328e-01, 7.508881e-01
537, 5.724885e-01, 2.340380e-01
538, 5.731085e-01, 3.831330e-01
539, 5.734719e-01, 3.891357e-01
540, 5.738982e-01, 6.171158e-01
541, 5.741611e-01, 6.935472e-01
542, 5.745824e-01, 2.319441e-01
543, 5.757096e-01, 5.893639e-01
544, 5.761312e-01, 5.353642e-01
545, 5.761312e-01, 5.000739e-01
546, 5.762739e-01, 4.866366e-01
547, 5.762754e-01, 6.870250e-01
548, 5.762754e-01, 6.551262e-01
549, 5.766301e-01, 4.239932e-01
550, 5.767319e-01, 1.934292e-01
551, 5.767362e-01, 4.337395e-01
552, 5.769914e-01, 3.439923e-01
553, 5.769914e-01, 3.349392e-01
554, 5.775992e-01, 2.715655e-01
555, 5.775992e-01, 2.787470e-01
556, 5.776285e-01, 7.293852e-01
557, 5.780406e-01, 8.079917e-01
558, 5.786159e-01, 6.433226e-01
559, 5.786159e-01, 6.527842e-01
560, 5.788118e-01, 1.913493e-01
561, 5.788118e-01, 1.793239e-01
562, 5.788226e-01, 7.965080e-01
563, 5.795767e-01, 7.434738e-01
564, 5.795767e-01, 7.313334e-01
565, 5.801919e-01, 4.607335e-01
566, 5.804498e-01, 8.424401e-01
567, 5.806238e-01, 3.875676e-01
568, 5.808528e-01, 1.527392e-01
569, 5.813789e-01, 3.811751e-01
570, 5.820890e-01, 2.302063e-01
571, 5.876544e-01, 7.914048e-01
572, 5.877982e-01, 1.741351e-01
573, 5.885088e-01, 4.405372e-01
574, 5.885794e-01, 7.879519e-01
575, 5.888277e-01, 6.374261e-01
576, 5.890986e-01, 2.853869e-01
577, 5.895688e-01, 4.444940e-01
578, 5.898117e-01, 6.337530e-01
579, 5.900394e-01, 2.888987e-01
580, 5.967691e-01, 8.072096e-01
581, 5.974043e-01, 3.446143e-01
582, 5.975165e-01, 2.708082e-01
583, 5.993979e-01, 8.087278e-01
584, 5.995290e-01, 4.966148e-01
585, 5.995290e-01, 4.999313e-01
586, 5.995602e-01, 5.804621e-01
587, 5.996211e-01, 2.682148e-01
588, 6.015263e-01, 7.313892e-01
589, 6.017254e-01, 5.017520e-01
590, 6.089893e-01, 8.259812e-01
591, 6.097785e-01, 6.740275e-01
592, 6.098561e-01, 3.647522e-01
593, 6.105703e-01, 6.710732e-01
594, 6.117163e-01, 5.190427e-01
595, 6.123206e-01, 2.127716e-01
596, 6.129853e-01, 8.270518e-01
597, 6.141691e-01, 1.527392e-01
598, 6.174931e-01, 6.114972e-01
599, 6.176934e-01, 4.607335e-01
600, 6.181416e-01, 4.644032e-01
601, 6.187786e-01, 3.055050e-01
602, 6.188576e-01, 7.681001e-01
603, 6.202826e-01, 1.574652e-01
604, 6.202826e-01, 1.908863e-01
605, 6.204760e-01, 3.106134e-01
606, 6.204760e-01, 3.470885e-01
607, 6.206274e-01, 3.581549e-01
608, 6.211230e-01, 8.223530e-01
609, 6.213811e-01, 5.141773e-01
610, 6.213811e-01, 5.017520e-01
611, 6.215414e-01, 5.657995e-01
612, 6.216347e-01, 7.313892e-01
613, 6.216347e-01, 7.176257e-01
614, 6.216771e-01, 6.646600e-01
615, 6.216771e-01, 6.542666e-01
616, 6.217159e-01, 2.302063e-01
617, 6.217844e-01, 4.093433e-01
618, 6.221149e-01, 2.682148e-01
619, 6.221149e-01, 2.562661e-01
620, 6.227462e-01, 7.727302e-01
621, 6.233548e-01, 4.535190e-01
622, 6.236275e-01, 4.995056e-01
623, 6.236275e-01, 4.651589e-01
624, 6.237996e-01, 2.063908e-01
625, 6.237996e-01, 1.944032e-01
626, 6.255194e-01, 3.108272e-01
627, 6.258391e-01, 6.166211e-01
628, 6.264943e-01, 1.582128e-01
629, 6.274075e-01, 3.058583e-01
630, 6.309935e-01, 5.197276e-01
631, 6.329700e-01, 5.592004e-01
632, 6.332250e-01, 3.654289e-01
633, 6.337119e-01, 5.564313e-01
634, 6.400079e-01, 4.246782e-01
635, 6.429298e-01, 4.995056e-01
636, 6.431651e-01, 2.719142e-01
637, 6.439307e-01, 1.884103e-01
638, 6.472217e-01, 5.016391e-01
639, 6.478012e-01, 4.238415e-01
640, 6.526475e-01, 1.733141e-01
641, 6.536139e-01, 7.509436e-01
642, 6.536564e-01, 2.906911e-01
643, 6.537636e-01, 4.806792e-01
644, 6.549604e-01, 7.882226e-01
645, 6.570955e-01, 1.721225e-01
646, 6.576775e-01, 4.417601e-01
647, 6.580405e-01, 7.873971e-01
648, 6.617318e-01, 2.272074e-01
649, 6.624096e-01, 3.058583e-01
650, 6.631767e-01, 2.344670e-01
651, 6.645075e-01, 5.434089e-01
652, 6.646275e-01, 4.238415e-01
653, 6.646275e-01, 4.372818e-01
654, 6.647036e-01, 6.546421e-01
655, 6.647036e-01, 6.398925e-01
656, 6.647230e-01, 5.016391e-01
657, 6.647230e-01, 5.319489e-01
658, 6.652117e-01, 1.931262e-01
659, 6.660691e-01, 5.876426e-01
660, 6.661171e-01, 7.734194e-01
661, 6.661608e-01, 3.321784e-01
662, 6.665954e-01, 8.082290e-01
663, 6.666355e-01, 4.882057e-01
664, 6.666355e-01, 4.997278e-01
665, 6.670984e-01, 7.435676e-01
666, 6.670984e-01, 7.313825e-01
667, 6.671575e-01, 3.925768e-01
668, 6.671575e-01, 4.213115e-01
669, 6.673748e-01, 6.941510e-01
670, 6.675563e-01, 7.928888e-01
671, 6.678521e-01, 3.786085e-01
672, 6.679436e-01, 6.145879e-01
673, 6.683115e-01, 2.293264e-01
674, 6.683343e-01, 2.818755e-01
675, 6.684102e-01, 1.786477e-01
676, 6.684102e-01, 1.899297e-01
677, 6.699374e-01, 3.841419e-01
678, 6.706906e-01, 6.902749e-01
679, 6.712401e-01, 8.441083e-01
680, 6.749066e-01, 7.886416e-01
681, 6.760123e-01, 6.333627e-01
682, 6.764138e-01, 1.740263e-01
683, 6.768727e-01, 5.938807e-01
684, 6.772370e-01, 4.820842e-01
685, 6.778322e-01, 5.974623e-01
686, 6.779220e-01, 7.894498e-01
687, 6.782851e-01, 2.876213e-01
688, 6.797550e-01, 6.343654e-01
689, 6.837494e-01, 4.213115e-01
690, 6.855966e-01, 1.899297e-01
691, 6.857144e-01, 3.476735e-01
692, 6.876484e-01, 8.072687e-01
693, 6.881669e-01, 6.552825e-01
694, 6.886892e-01, 3.459554e-01
695, 6.899707e-01, 6.520575e-01
696, 6.904355e-01, 8.091639e-01
697, 6.980545e-01, 5.219416e-01
698, 6.981681e-01, 3.678411e-01
699, 6.988843e-01, 6.739955e-01
700, 6.991812e-01, 3.640611e-01
701, 6.994451e-01, 7.130018e-01
702, 6.994803e-01, 5.166216e-01
703, 7.068073e-01, 4.600417e-01
704, 7.069525e-01, 7.682583e-01
705, 7.070866e-01, 7.726097e-01
706, 7.073505e-01, 3.042025e-01
707, 7.075891e-01, 3.841454e-01
708, 7.077856e-01, 3.456101e-01
709, 7.077856e-01, 3.136384e-01
710, 7.084365e-01, 6.902749e-01
711, 7.090028e-01, 7.641696e-01
712, 7.091451e-01, 2.572517e-01
713, 7.091914e-01, 5.736996e-01
714, 7.091914e-01, 5.637647e-01
715, 7.092607e-01, 5.109812e-01
716, 7.092607e-01, 4.994587e-01
717, 7.098677e-01, 4.669705e-01
718, 7.101192e-01, 8.200778e-01
719, 7.101847e-01, 7.186499e-01
720, 7.103086e-01, 3.857149e-01
721, 7.106426e-01, 4.086073e-01
722, 7.110111e-01, 6.198200e-01
723, 7.110777e-01, 2.060859e-01
724, 7.110777e-01, 1.925730e-01
725, 7.118613e-01, 3.496858e-01
726, 7.118613e-01, 3.567484e-01
727, 7.120098e-01, 7.774088e-01
728, 7.124136e-01, 6.663384e-01
729, 7.127757e-01, 5.772839e-01
730, 7.150097e-01, 5.360900e-01
731, 7.158779e-01, 4.561802e-01
732, 7.192712e-01, 5.579444e-01
733, 7.201516e-01, 4.031166e-01
734, 7.211133e-01, 2.118847e-01
735, 7.213716e-01, 8.265751e-01
736, 7.223500e-01, 5.185392e-01
737, 7.232322e-01, 5.218322e-01
738, 7.292335e-01, 8.072744e-01
739, 7.292733e-01, 3.496858e-01
740, 7.315866e-01, 4.217187e-01
741, 7.359943e-01, 2.675893e-01
742, 7.366287e-01, 8.065200e-01
743, 7.398457e-01, 4.800131e-01
744, 7.414251e-01, 4.859086e-01
745, 7.438185e-01, 1.727390e-01
746, 7.438504e-01, 6.339786e-01
747, 7.440135e-01, 5.952520e-01
748, 7.442278e-01, 3.266238e-01
749, 7.479070e-01, 5.360900e-01
750, 7.501766e-01, 4.620995e-01
751, 7.516533e-01, 3.856209e-01
752, 7.522167e-01, 2.394597e-01
753, 7.522167e-01, 2.675893e-01
754, 7.531038e-01, 5.900543e-01
755, 7.536745e-01, 4.364304e-01
756, 7.536745e-01, 4.228832e-01
757, 7.540108e-01, 1.782752e-01
758, 7.540108e-01, 1.931714e-01
759, 7.541762e-01, 6.157247e-01
760, 7.541762e-01, 6.127638e-01
761, 7.542122e-01, 2.270748e-01
762, 7.544984e-01, 3.465555e-01
763, 7.545881e-01, 6.397785e-01
764, 7.546455e-01, 7.413929e-01
765, 7.546455e-01, 7.305692e-01
766, 7.548561e-01, 3.051828e-01
767, 7.549551e-01, 7.953069e-01
768, 7.550380e-01, 3.325938e-01
769, 7.551327e-01, 4.999287e-01
770, 7.551327e-01, 4.938236e-01
771, 7.557399e-01, 4.588865e-01
772, 7.560704e-01, 2.826387e-01
773, 7.560704e-01, 2.714406e-01
774, 7.574211e-01, 6.899087e-01
775, 7.579023e-01, 7.679587e-01
776, 7.583475e-01, 6.184869e-01
777, 7.596383e-01, 8.476097e-01
778, 7.598038e-01, 5.373932e-01
779, 7.599690e-01, 4.607509e-01
780, 7.610125e-01, 3.836471e-01
781, 7.637505e-01, 5.961943e-01
782, 7.650110e-01, 1.719313e-01
783, 7.653476e-01, 4.431624e-01
784, 7.653673e-01, 7.892978e-01
785, 7.661762e-01, 4.874548e-01
786, 7.666357e-01, 6.328306e-01
787, 7.674541e-01, 5.952021e-01
788, 7.690951e-01, 4.765642e-01
789, 7.735509e-01, 5.002266e-01
790, 7.762530e-01, 2.714406e-01
791, 7.763103e-01, 8.077726e-01
792, 7.778116e-01, 2.687872e-01
793, 7.778116e-01, 2.659298e-01
794, 7.797365e-01, 8.096376e-01
795, 7.872884e-01, 2.135480e-01
796, 7.881570e-01, 6.721613e-01
797, 7.881677e-01, 2.102658e-01
798, 7.888689e-01, 8.254537e-01
799, 7.891620e-01, 4.046256e-01
800, 7.894235e-01, 5.574314e-01
801, 7.926193e-01, 6.184869e-01
802, 7.944689e-01, 3.028962e-01
803, 7.949835e-01, 4.607509e-01
804, 7.967740e-01, 7.718818e-01
805, 7.970471e-01, 7.301110e-01
806, 7.973160e-01, 3.836471e-01
807, 7.977085e-01, 4.554616e-01
808, 7.979682e-01, 5.783345e-01
809, 7.979682e-01, 6.099325e-01
810, 7.981164e-01, 5.373932e-01
811, 7.984072e-01, 6.529326e-01
812, 7.988608e-01, 5.624440e-01
813, 7.988676e-01, 6.659422e-01
814, 7.990427e-01, 8.198048e-01
815, 7.990556e-01, 7.281025e-01
816, 7.990556e-01, 7.173312e-01
817, 7.994457e-01, 4.101637e-01
818, 7.995491e-01, 1.938699e-01
819, 7.996721e-01, 2.036183e-01
820, 7.997509e-01, 6.922402e-01
821, 7.998377e-01, 6.967109e-01
822, 7.998383e-01, 5.132749e-01
823, 7.998383e-01, 4.995766e-01
824, 8.000870e-01, 3.445799e-01
825, 8.000870e-01, 3.126067e-01
826, 8.003397e-01, 3.593353e-01
827, 8.007580e-01, 7.723807e-01
828, 8.010014e-01, 3.017369e-01
829, 8.010014e-01, 2.687872e-01
830, 8.011264e-01, 2.554574e-01
831, 8.029631e-01, 7.676251e-01
832, 8.043290e-01, 1.580123e-01
833, 8.064000e-01, 3.059243e-01
834, 8.095297e-01, 5.188708e-01
835, 8.100883e-01, 5.559611e-01
836, 8.109343e-01, 6.729097e-01
837, 8.114711e-01, 8.269811e-01
838, 8.175424e-01, 4.211906e-01
839, 8.187691e-01, 1.939929e-01
840, 8.193733e-01, 7.281025e-01
841, 8.217642e-01, 4.236270e-01
842, 8.247318e-01, 3.472397e-01
843, 8.250034e-01, 4.255118e-01
844, 8.262113e-01, 5.027815e-01
845, 8.302538e-01, 4.811784e-01
846, 8.316983e-01, 1.738158e-01
847, 8.323140e-01, 7.878464e-01
848, 8.324297e-01, 4.428659e-01
849, 8.332518e-01, 4.397970e-01
850, 8.334131e-01, 3.266167e-01
851, 8.335056e-01, 4.803068e-01
852, 8.377241e-01, 5.405471e-01
853, 8.388921e-01, 2.327561e-01
854, 8.398082e-01, 3.849151e-01
855, 8.412545e-01, 7.322952e-01
856, 8.412545e-01, 7.436459e-01
857, 8.417749e-01, 3.059243e-01
858, 8.417749e-01, 3.121353e-01
859, 8.421616e-01, 1.806430e-01
860, 8.424638e-01, 7.942702e-01
861, 8.429139e-01, 6.151672e-01
862, 8.429733e-01, 4.255118e-01
863, 8.429733e-01, 4.341837e-01
864, 8.430730e-01, 7.692134e-01
865, 8.434902e-01, 6.536724e-01
866, 8.435123e-01, 5.327444e-01
867, 8.435123e-01, 5.027815e-01
868, 8.438987e-01, 4.863080e-01
869, 8.440066e-01, 5.887372e-01
870, 8.440226e-01, 6.416959e-01
871, 8.441583e-01, 7.293915e-01
872, 8.446645e-01, 2.816484e-01
873, 8.451437e-01, 3.036937e-01
874, 8.457458e-01, 6.167234e-01
875, 8.459049e-01, 3.339214e-01
876, 8.459189e-01, 3.942945e-01
877, 8.459189e-01, 4.225644e-01
878, 8.461162e-01, 7.705767e-01
879, 8.467177e-01, 1.526792e-01
880, 1.570372e-01, 8.079454e-01
881, 1.563299e-01, 7.305816e-01
882, 1.543295e-01, 5.758403e-01
883, 1.565214e-01, 6.566368e-01
884, 1.652901e-01, 2.501682e-01
885, 1.546584e-01, 2.688642e-01
886, 1.557902e-01, 4.988938e-01
887, 1.553065e-01, 1.921553e-01
888, 1.662709e-01, 2.109611e-01
889, 1.561769e-01, 3.467219e-01
890, 1.639627e-01, 6.718658e-01
891, 1.666044e-01, 8.266958e-01
892, 1.769675e-01, 7.304610e-01
893, 1.742032e-01, 6.210795e-01
894, 1.783098e-01, 5.773615e-01
895, 1.769076e-01, 3.090874e-01
896, 1.784228e-01, 4.226476e-01
897, 1.773785e-01, 8.068782e-01
898, 1.761110e-01, 4.995713e-01
899, 1.771230e-01, 3.840565e-01
900, 1.891371e-01, 4.054259e-01
901, 1.891891e-01, 3.657336e-01
902, 1.787481e-01, 2.309297e-01
903, 1.772253e-01, 5.377493e-01
904, 1.778919e-01, 8.466894e-01
905, 1.893418e-01, 2.487915e-01
906, 1.877796e-01, 5.573109e-01
907, 1.894498e-01, 7.111346e-01
908, 1.784835e-01, 7.687638e-01
909, 1.796989e-01, 4.605164e-01
910, 1.775987e-01, 1.543000e-01
911, 2.100638e-01, 6.357655e-01
912, 2.001594e-01, 6.541651e-01
913, 2.004766e-01, 4.995422e-01
914, 2.117329e-01, 4.816833e-01
915, 2.119221e-01, 3.282880e-01
916, 2.004813e-01, 2.702554e-01
917, 2.001887e-01, 5.766578e-01
918, 2.121440e-01, 5.976803e-01
919, 2.003228e-01, 3.476775e-01
920, 1.994009e-01, 4.229446e-01
921, 2.001965e-01, 8.072635e-01
922, 2.106095e-01, 4.425733e-01
923, 2.102181e-01, 2.880773e-01
924, 2.208504e-01, 3.458214e-01
925, 2.215642e-01, 1.928806e-01
926, 2.229953e-01, 5.769028e-01
927, 2.226274e-01, 7.291831e-01
928, 2.217653e-01, 4.241558e-01
929, 2.228629e-01, 7.701178e-01
930, 2.229690e-01, 1.542581e-01
931, 2.323431e-01, 4.797156e-01
932, 2.221450e-01, 6.140741e-01
933, 2.329628e-01, 4.432324e-01
934, 2.223706e-01, 2.306521e-01
935, 2.338891e-01, 1.735048e-01
936, 2.438540e-01, 1.917487e-01
937, 2.441042e-01, 5.768679e-01
938, 2.444086e-01, 7.307401e-01
939, 2.239790e-01, 8.437167e-01
940, 2.227079e-01, 5.374808e-01
941, 2.241128e-01, 3.835842e-01
942, 2.234287e-01, 6.906272e-01
943, 2.440416e-01, 5.007500e-01
944, 2.428601e-01, 8.079937e-01
945, 2.446184e-01, 2.696404e-01
946, 2.546899e-01, 2.487069e-01
947, 2.453052e-01, 3.452018e-01
948, 2.544412e-01, 4.013997e-01
949, 2.661176e-01, 8.446838e-01
950, 2.545263e-01, 3.653150e-01
951, 2.566437e-01, 2.130829e-01
952, 2.657386e-01, 7.313685e-01
953, 2.678753e-01, 2.695990e-01
954, 2.676286e-01, 1.923308e-01
955, 2.650326e-01, 3.114575e-01
956, 2.656562e-01, 3.460172e-01
957, 2.670206e-01, 6.914631e-01
958, 2.673475e-01, 3.848048e-01
959, 2.678334e-01, 5.382147e-01
960, 2.766734e-01, 5.188172e-01
961, 2.873957e-01, 5.001925e-01
962, 2.767189e-01, 2.501950e-01
963, 2.781370e-01, 3.650263e-01
964, 2.765855e-01, 2.115531e-01
965, 2.663707e-01, 1.545110e-01
966, 2.772511e-01, 6.734867e-01
967, 2.876476e-01, 7.315147e-01
968, 2.667421e-01, 7.686925e-01
969, 2.666928e-01, 6.153331e-01
970, 2.670249e-01, 3.074877e-01
971, 2.668910e-01, 4.619247e-01
972, 3.002827e-01, 7.504780e-01
973, 2.883744e-01, 4.227665e-01
974, 2.877269e-01, 5.762483e-01
975, 2.890397e-01, 8.083998e-01
976, 2.882489e-01, 2.703563e-01
977, 2.992165e-01, 2.881112e-01
978, 3.001042e-01, 7.877326e-01
979, 3.092767e-01, 8.072693e-01
980, 3.101351e-01, 8.465275e-01
981, 3.107857e-01, 4.991850e-01
982, 3.115517e-01, 1.935096e-01
983, 3.112890e-01, 7.686292e-01
984, 3.228059e-01, 7.876244e-01
985, 3.119757e-01, 6.176017e-01
986, 3.219253e-01, 5.941742e-01
987, 3.113450e-01, 1.527182e-01
988, 3.097357e-01, 3.072956e-01
989, 3.219538e-01, 2.881635e-01
990, 3.120298e-01, 4.612490e-01
991, 3.228127e-01, 6.343057e-01
992, 3.228240e-01, 7.509752e-01
993, 3.221055e-01, 3.258164e-01
994, 3.109397e-01, 5.389316e-01
995, 3.330043e-01, 4.992574e-01
996, 3.119932e-01, 2.316656e-01
997, 3.117352e-01, 3.844886e-01
998, 3.118782e-01, 6.914182e-01
999, 3.335337e-01, 5.748158e-01
1000, 3.436397e-01, 5.573144e-01
1001, 3.496387e-01, 6.189848e-01
1002, 3.339974e-01, 6.561340e-01
1003, 3.332463e-01, 8.055121e-01
1004, 3.331185e-01, 1.918276e-01
1005, 3.538394e-01, 7.684378e-01
1006, 3.338836e-01, 7.313303e-01
1007, 3.327860e-01, 2.699251e-01
1008, 3.335638e-01, 3.464002e-01
1009, 3.351603e-01, 8.106157e-01
1010, 3.435664e-01, 6.733073e-01
1011, 3.434447e-01, 8.266707e-01
1012, 3.453408e-01, 5.206063e-01
1013, 3.452828e-01, 4.042279e-01
1014, 3.552924e-01, 3.848923e-01
1015, 3.663059e-01, 4.036333e-01
1016, 3.554355e-01, 5.375557e-01
1017, 3.557462e-01, 2.305823e-01
1018, 3.553217e-01, 6.923219e-01
1019, 3.541173e-01, 8.470261e-01
1020, 3.551947e-01, 3.089102e-01
1021, 3.665986e-01, 3.650926e-01
1022, 3.660467e-01, 5.194300e-01
1023, 3.557354e-01, 1.531958e-01
1024, 3.572364e-01, 6.157457e-01
1025, 3.773446e-01, 4.993298e-01
1026, 3.884332e-01, 4.813984e-01
1027, 3.786017e-01, 7.313050e-01
1028, 3.782696e-01, 8.071784e-01
1029, 3.781168e-01, 1.926733e-01
1030, 3.772543e-01, 2.702835e-01
1031, 3.756966e-01, 4.251466e-01
1032, 3.778019e-01, 4.211542e-01
1033, 3.783473e-01, 3.457122e-01
1034, 3.771267e-01, 6.540532e-01
1035, 3.881026e-01, 6.325582e-01
1036, 3.876857e-01, 5.960783e-01
1037, 3.991925e-01, 6.160505e-01
1038, 3.895465e-01, 3.270342e-01
1039, 4.010760e-01, 8.079833e-01
1040, 4.008264e-01, 6.546521e-01
1041, 3.992400e-01, 8.458711e-01
1042, 4.097012e-01, 7.879400e-01
1043, 4.114808e-01, 6.347603e-01
1044, 3.991309e-01, 3.083743e-01
1045, 3.999856e-01, 7.693087e-01
1046, 4.113895e-01, 7.496169e-01
1047, 3.994639e-01, 4.622344e-01
1048, 4.110806e-01, 4.423642e-01
1049, 3.998686e-01, 2.308699e-01
1050, 4.108860e-01, 2.871944e-01
1051, 4.004303e-01, 5.379099e-01
1052, 4.009401e-01, 3.842094e-01
1053, 4.001881e-01, 6.921314e-01
1054, 4.218013e-01, 6.530611e-01
1055, 4.337381e-01, 6.733444e-01
1056, 4.221616e-01, 5.752670e-01
1057, 4.226758e-01, 2.693403e-01
1058, 4.217884e-01, 7.306004e-01
1059, 4.235999e-01, 4.233698e-01
1060, 4.207943e-01, 8.078403e-01
1061, 4.427804e-01, 7.695294e-01
1062, 4.211553e-01, 4.996577e-01
1063, 4.435945e-01, 2.306809e-01
1064, 4.435247e-01, 3.844440e-01
1065, 4.425319e-01, 6.513667e-01
1066, 4.438557e-01, 5.377214e-01
1067, 4.548816e-01, 5.189987e-01
1068, 4.445238e-01, 8.459828e-01
1069, 4.445352e-01, 6.908893e-01
1070, 4.545428e-01, 5.580920e-01
1071, 4.557442e-01, 4.052812e-01
1072, 4.649262e-01, 4.210270e-01
1073, 4.435886e-01, 3.077254e-01
1074, 4.554072e-01, 3.662155e-01
1075, 4.427488e-01, 4.612068e-01
1076, 4.472758e-01, 4.602115e-01
1077, 4.558821e-01, 8.272442e-01
1078, 4.453676e-01, 1.549096e-01
1079, 4.448371e-01, 6.138429e-01
1080, 4.665721e-01, 5.767911e-01
1081, 4.661455e-01, 3.458205e-01
1082, 4.674694e-01, 6.539481e-01
1083, 4.681891e-01, 4.245193e-01
1084, 4.659646e-01, 1.930646e-01
1085, 4.875405e-01, 2.313093e-01
1086, 4.669527e-01, 2.685918e-01
1087, 4.664805e-01, 8.074669e-01
1088, 4.769681e-01, 6.344461e-01
1089, 4.874713e-01, 6.155926e-01
1090, 4.897551e-01, 7.696314e-01
1091, 4.759545e-01, 1.736216e-01
1092, 4.792843e-01, 2.891997e-01
1093, 4.889492e-01, 2.699356e-01
1094, 4.879696e-01, 5.396355e-01
1095, 4.884285e-01, 5.772820e-01
1096, 4.875194e-01, 1.520704e-01
1097, 4.890528e-01, 3.076604e-01
1098, 4.994368e-01, 2.877179e-01
1099, 4.990365e-01, 4.793881e-01
1100, 4.980520e-01, 5.944211e-01
1101, 5.097318e-01, 3.465289e-01
1102, 4.885947e-01, 6.935155e-01
1103, 4.888598e-01, 3.839807e-01
1104, 4.922207e-01, 5.366791e-01
1105, 4.878261e-01, 8.471872e-01
1106, 5.100794e-01, 5.760770e-01
1107, 5.207565e-01, 5.581488e-01
1108, 5.093680e-01, 4.244291e-01
1109, 5.101675e-01, 2.702481e-01
1110, 5.108969e-01, 4.990706e-01
1111, 5.129726e-01, 6.548982e-01
1112, 5.097910e-01, 7.307044e-01
1113, 5.218260e-01, 7.103506e-01
1114, 5.228252e-01, 2.497740e-01
1115, 5.229648e-01, 2.097363e-01
1116, 5.346612e-01, 8.079096e-01
1117, 5.343135e-01, 5.003665e-01
1118, 5.324142e-01, 7.688990e-01
1119, 5.339399e-01, 5.386709e-01
1120, 5.330708e-01, 3.841800e-01
1121, 5.451208e-01, 4.046708e-01
1122, 5.329125e-01, 2.308707e-01
1123, 5.320259e-01, 6.924649e-01
1124, 5.439959e-01, 2.100504e-01
1125, 5.338044e-01, 1.531845e-01
1126, 5.328513e-01, 4.626531e-01
1127, 5.546530e-01, 7.306900e-01
1128, 5.346032e-01, 3.087071e-01
1129, 5.344709e-01, 6.147473e-01
1130, 5.546390e-01, 5.002532e-01
1131, 5.548181e-01, 6.510721e-01
1132, 5.570248e-01, 6.546459e-01
1133, 5.548546e-01, 8.071534e-01
1134, 5.643289e-01, 7.888390e-01
1135, 5.552825e-01, 5.771513e-01
1136, 5.537711e-01, 2.677056e-01
1137, 5.561566e-01, 3.448136e-01
1138, 5.678533e-01, 1.725229e-01
1139, 5.660468e-01, 4.800873e-01
1140, 5.761162e-01, 4.628301e-01
1141, 5.762357e-01, 1.545699e-01
1142, 5.640353e-01, 2.870997e-01
1143, 5.657665e-01, 3.278478e-01
1144, 5.762930e-01, 5.769803e-01
1145, 5.768988e-01, 5.391685e-01
1146, 5.772409e-01, 7.682029e-01
1147, 5.779514e-01, 3.080628e-01
1148, 5.890840e-01, 4.802164e-01
1149, 5.786281e-01, 6.147962e-01
1150, 5.894259e-01, 5.962874e-01
1151, 5.877380e-01, 7.491587e-01
1152, 5.979692e-01, 7.307999e-01
1153, 5.988741e-01, 1.913950e-01
1154, 5.883114e-01, 3.277693e-01
1155, 5.777416e-01, 6.935427e-01
1156, 5.776329e-01, 3.845959e-01
1157, 5.782654e-01, 2.312722e-01
1158, 5.770821e-01, 8.454453e-01
1159, 6.107385e-01, 7.118516e-01
1160, 5.999145e-01, 5.761922e-01
1161, 6.104380e-01, 2.499653e-01
1162, 5.993035e-01, 4.221340e-01
1163, 6.104728e-01, 4.037972e-01
1164, 5.997127e-01, 6.537768e-01
1165, 6.002585e-01, 3.465930e-01
1166, 6.212114e-01, 6.930681e-01
1167, 6.098111e-01, 5.579997e-01
1168, 6.225696e-01, 4.238926e-01
1169, 6.220803e-01, 5.765269e-01
1170, 6.219346e-01, 8.080376e-01
1171, 6.216881e-01, 3.077052e-01
1172, 6.216194e-01, 1.543417e-01
1173, 6.223307e-01, 5.375415e-01
1174, 6.332727e-01, 2.113195e-01
1175, 6.338009e-01, 2.504738e-01
1176, 6.219498e-01, 3.846010e-01
1177, 6.335224e-01, 4.036104e-01
1178, 6.223345e-01, 8.446832e-01
1179, 6.315722e-01, 8.274281e-01
1180, 6.335986e-01, 6.725086e-01
1181, 6.320872e-01, 7.110659e-01
1182, 6.439699e-01, 5.772449e-01
1183, 6.217183e-01, 4.618392e-01
1184, 6.219684e-01, 6.148929e-01
1185, 6.226380e-01, 7.680201e-01
1186, 6.440066e-01, 6.542991e-01
1187, 6.552867e-01, 3.269608e-01
1188, 6.431991e-01, 8.076048e-01
1189, 6.437357e-01, 2.680220e-01
1190, 6.441306e-01, 3.460548e-01
1191, 6.423491e-01, 7.307751e-01
1192, 6.435620e-01, 1.937647e-01
1193, 6.446290e-01, 4.215227e-01
1194, 6.543517e-01, 6.335035e-01
1195, 6.644089e-01, 6.162048e-01
1196, 6.541632e-01, 5.953507e-01
1197, 6.670064e-01, 3.468278e-01
1198, 6.652883e-01, 5.780202e-01
1199, 6.674537e-01, 2.678366e-01
1200, 6.666867e-01, 7.685875e-01
1201, 6.662200e-01, 3.089606e-01
1202, 6.768320e-01, 3.268314e-01
1203, 6.758172e-01, 4.429453e-01
1204, 6.660597e-01, 1.543096e-01
1205, 6.659490e-01, 4.602208e-01
1206, 6.776849e-01, 7.505196e-01
1207, 6.656741e-01, 3.846496e-01
1208, 6.883848e-01, 4.236317e-01
1209, 6.659531e-01, 2.318591e-01
1210, 6.866161e-01, 5.782025e-01
1211, 6.886404e-01, 7.308915e-01
1212, 6.661588e-01, 6.912990e-01
1213, 6.655784e-01, 8.458405e-01
1214, 6.679763e-01, 5.386022e-01
1215, 6.898991e-01, 4.996925e-01
1216, 6.998873e-01, 2.118192e-01
1217, 6.884375e-01, 1.922841e-01
1218, 6.885957e-01, 2.693026e-01
1219, 6.902144e-01, 5.742347e-01
1220, 6.989494e-01, 2.506216e-01
1221, 7.103473e-01, 2.304617e-01
1222, 6.997768e-01, 5.577770e-01
1223, 7.012000e-01, 4.026754e-01
1224, 6.998285e-01, 8.268068e-01
1225, 7.099812e-01, 8.446566e-01
1226, 7.110645e-01, 8.082192e-01
1227, 7.095937e-01, 7.304743e-01
1228, 7.099387e-01, 4.224226e-01
1229, 7.100577e-01, 2.695459e-01
1230, 7.117124e-01, 6.528578e-01
1231, 7.088087e-01, 5.397480e-01
1232, 7.119804e-01, 6.917624e-01
1233, 7.223294e-01, 7.122751e-01
1234, 7.312619e-01, 6.540034e-01
1235, 7.225787e-01, 6.728511e-01
1236, 7.325720e-01, 4.992490e-01
1237, 7.324684e-01, 5.775300e-01
1238, 7.219793e-01, 2.492400e-01
1239, 7.221697e-01, 3.636744e-01
1240, 7.322779e-01, 8.086961e-01
1241, 7.111293e-01, 3.077231e-01
1242, 7.117464e-01, 1.539512e-01
1243, 7.116933e-01, 6.149852e-01
1244, 7.118905e-01, 7.683280e-01
1245, 7.101574e-01, 4.611509e-01
1246, 7.334190e-01, 7.306407e-01
1247, 7.339903e-01, 4.239595e-01
1248, 7.442721e-01, 4.408222e-01
1249, 7.324324e-01, 2.698974e-01
1250, 7.441804e-01, 2.884679e-01
1251, 7.333831e-01, 3.462076e-01
1252, 7.335146e-01, 1.927692e-01
1253, 7.457343e-01, 7.889524e-01
1254, 7.429403e-01, 7.491558e-01
1255, 7.538964e-01, 5.771940e-01
1256, 7.555818e-01, 8.071463e-01
1257, 7.540111e-01, 6.546577e-01
1258, 7.545873e-01, 3.085275e-01
1259, 7.658137e-01, 3.271858e-01
1260, 7.660560e-01, 2.874386e-01
1261, 7.556209e-01, 1.540780e-01
1262, 7.544969e-01, 7.702042e-01
1263, 7.676452e-01, 7.496898e-01
1264, 7.553007e-01, 2.307050e-01
1265, 7.556711e-01, 5.381529e-01
1266, 7.544119e-01, 3.853907e-01
1267, 7.776132e-01, 4.226233e-01
1268, 7.542954e-01, 6.931521e-01
1269, 7.552088e-01, 8.450847e-01
1270, 7.783621e-01, 5.775947e-01
1271, 7.773335e-01, 3.451008e-01
1272, 7.789832e-01, 5.001657e-01
1273, 7.782614e-01, 6.533929e-01
1274, 7.883462e-01, 2.486433e-01
1275, 7.776401e-01, 1.930765e-01
1276, 7.775710e-01, 7.305303e-01
1277, 7.897535e-01, 7.127782e-01
1278, 7.995267e-01, 8.469773e-01
1279, 7.886973e-01, 5.202028e-01
1280, 7.884927e-01, 3.669778e-01
1281, 7.999004e-01, 8.087800e-01
1282, 7.985771e-01, 4.220598e-01
1283, 7.990572e-01, 2.320908e-01
1284, 8.093999e-01, 7.120654e-01
1285, 7.997490e-01, 3.860176e-01
1286, 8.005960e-01, 5.402053e-01
1287, 7.991833e-01, 7.685340e-01
1288, 8.099650e-01, 3.658962e-01
1289, 8.100721e-01, 2.103986e-01
1290, 8.096662e-01, 2.500687e-01
1291, 7.996144e-01, 3.078793e-01
1292, 8.209989e-01, 3.456196e-01
1293, 8.085490e-01, 4.039250e-01
1294, 8.007404e-01, 4.643879e-01
1295, 8.002327e-01, 4.609406e-01
1296, 7.994996e-01, 1.536701e-01
1297, 8.001833e-01, 6.155110e-01
1298, 8.206338e-01, 4.986772e-01
1299, 8.221783e-01, 6.537084e-01
1300, 8.229812e-01, 7.308723e-01
1301, 8.222179e-01, 2.691262e-01
1302, 8.229756e-01, 1.909240e-01
1303, 8.214371e-01, 8.086831e-01
1304, 8.224308e-01, 5.773416e-01
1305, 8.332604e-01, 6.345286e-01
1306, 8.331144e-01, 7.492808e-01
1307, 8.436486e-01, 1.541256e-01
1308, 8.336473e-01, 2.890951e-01
1309, 8.325973e-01, 5.960481e-01
1310, 8.428434e-01, 1.927640e-01
1311, 8.432759e-01, 5.790515e-01
1312, 8.441127e-01, 2.701043e-01
1313, 8.453297e-01, 3.466641e-01
1314, 8.432769e-01, 8.092936e-01
1315, 8.445998e-01, 4.618663e-01
1316, 8.450604e-01, 5.381917e-01
1317, 8.440616e-01, 3.828869e-01
1318, 8.451822e-01, 8.455472e-01
1319, 8.444050e-01, 2.309336e-01
1320, 1.500000e-01, 7.305717e-01
1321, 1.500000e-01, 4.989269e-01
1322, 1.500000e-01, 3.464934e-01
1323, 1.500000e-01, 1.922358e-01
1324, 1.500000e-01, 2.692373e-01
1325, 1.500000e-01, 5.761154e-01
1326, 1.500000e-01, 4.236575e-01
1327, 1.500000e-01, 6.562566e-01
1328, 1.500000e-01, 1.518224e-01
1329, 1.500000e-01, 3.095837e-01
1330, 1.500000e-01, 4.614112e-01
1331, 1.500000e-01, 6.157592e-01
1332, 1.500000e-01, 7.704882e-01
1333, 1.500000e-01, 7.387275e-01
1334, 1.500000e-01, 7.526844e-01
1335, 1.500000e-01, 4.321574e-01
1336, 1.500000e-01, 4.456677e-01
1337, 1.500000e-01, 5.849162e-01
1338, 1.500000e-01, 5.982055e-01
1339, 1.500000e-01, 7.825972e-01
1340, 1.500000e-01, 4.901228e-01
1341, 1.500000e-01, 4.771768e-01
1342, 1.500000e-01, 5.122742e-01
1343, 1.500000e-01, 2.596937e-01
1344, 1.500000e-01, 2.014703e-01
1345, 1.709264e-01, 1.500000e-01
1346, 1.500000e-01, 3.572640e-01
1347, 1.500000e-01, 4.118634e-01
1348, 1.500000e-01, 1.835092e-01
1349, 1.500000e-01, 1.713895e-01
1350, 1.500000e-01, 3.364307e-01
1351, 1.500000e-01, 3.213093e-01
1352, 1.500000e-01, 5.679362e-01
1353, 1.500000e-01, 2.772046e-01
1354, 1.500000e-01, 2.901634e-01
1355, 1.500000e-01, 6.353252e-01
1356, 1.500000e-01, 6.341258e-01
1357, 1.500000e-01, 6.681701e-01
1358, 1.500000e-01, 8.196325e-01
1359, 1.500000e-01, 7.205227e-01
1360, 1.500000e-01, 5.290635e-01
1361, 1.500000e-01, 3.747855e-01
1362, 1.500000e-01, 2.205925e-01
1363, 1.500000e-01, 2.418644e-01
1364, 1.500000e-01, 2.305427e-01
1365, 1.500000e-01, 3.939186e-01
1366, 1.500000e-01, 3.842204e-01
1367, 1.500000e-01, 5.487488e-01
1368, 1.500000e-01, 5.385715e-01
1369, 1.500000e-01, 7.006792e-01
1370, 1.500000e-01, 8.368062e-01
1371, 1.500000e-01, 8.467260e-01
1372, 1.500000e-01, 6.804872e-01
1373, 1.500000e-01, 6.937701e-01
1374, 1.758852e-01, 8.500000e-01
1375, 1.797481e-01, 8.500000e-01
1376, 1.788063e-01, 1.500000e-01
1377, 2.187764e-01, 8.500000e-01
1378, 1.856047e-01, 1.500000e-01
1379, 2.175999e-01, 1.500000e-01
1380, 2.255599e-01, 1.500000e-01
1381, 2.585511e-01, 1.500000e-01
1382, 2.250910e-01, 8.500000e-01
1383, 2.666883e-01, 8.500000e-01
1384, 2.687862e-01, 1.500000e-01
1385, 3.039307e-01, 8.500000e-01
1386, 2.758642e-01, 1.500000e-01
1387, 3.082042e-01, 8.500000e-01
1388, 3.095147e-01, 1.500000e-01
1389, 3.101923e-01, 8.500000e-01
1390, 3.129584e-01, 1.500000e-01
1391, 3.475558e-01, 1.500000e-01
1392, 3.121793e-01, 8.500000e-01
1393, 3.203116e-01, 8.500000e-01
1394, 3.537771e-01, 1.500000e-01
1395, 3.525124e-01, 8.500000e-01
1396, 3.555965e-01, 1.500000e-01
1397, 3.558518e-01, 8.500000e-01
1398, 3.921551e-01, 8.500000e-01
1399, 3.588067e-01, 1.500000e-01
1400, 3.981915e-01, 8.500000e-01
1401, 4.017259e-01, 8.500000e-01
1402, 4.068345e-01, 8.500000e-01
1403, 4.420708e-01, 8.500000e-01
1404, 4.438482e-01, 1.500000e-01
1405, 4.468974e-01, 8.500000e-01
1406, 4.480812e-01, 1.500000e-01
1407, 4.828374e-01, 8.500000e-01
1408, 4.526930e-01, 1.500000e-01
1409, 4.862291e-01, 8.500000e-01
1410, 4.864190e-01, 1.500000e-01
1411, 4.878724e-01, 8.500000e-01
1412, 4.887723e-01, 1.500000e-01
1413, 5.278143e-01, 1.500000e-01
1414, 4.894363e-01, 8.500000e-01
1415, 4.942829e-01, 8.500000e-01
1416, 5.319494e-01, 1.500000e-01
1417, 5.366009e-01, 8.500000e-01
1418, 5.335570e-01, 1.500000e-01
1419, 5.692311e-01, 8.500000e-01
1420, 5.396231e-01, 1.500000e-01
1421, 5.744144e-01, 8.500000e-01
1422, 5.734778e-01, 1.500000e-01
1423, 5.769129e-01, 8.500000e-01
1424, 5.824344e-01, 1.500000e-01
1425, 6.094253e-01, 1.500000e-01
1426, 5.807404e-01, 8.500000e-01
1427, 6.194029e-01, 8.500000e-01
1428, 6.254929e-01, 8.500000e-01
1429, 6.582928e-01, 8.500000e-01
1430, 6.289618e-01, 1.500000e-01
1431, 6.630475e-01, 8.500000e-01
1432, 7.058320e-01, 1.500000e-01
1433, 6.682107e-01, 8.500000e-01
1434, 7.072211e-01, 8.500000e-01
1435, 7.116720e-01, 1.500000e-01
1436, 7.131013e-01, 8.500000e-01
1437, 7.139132e-01, 1.500000e-01
1438, 7.473609e-01, 8.500000e-01
1439, 7.180785e-01, 1.500000e-01
1440, 7.522968e-01, 8.500000e-01
1441, 7.530086e-01, 1.500000e-01
1442, 7.579239e-01, 1.500000e-01
1443, 7.564030e-01, 8.500000e-01
1444, 7.932577e-01, 1.500000e-01
1445, 7.637779e-01, 8.500000e-01
1446, 7.973422e-01, 1.500000e-01
1447, 7.976547e-01, 8.500000e-01
1448, 7.994568e-01, 1.500000e-01
1449, 8.013811e-01, 8.500000e-01
1450, 8.015959e-01, 1.500000e-01
1451, 8.371447e-01, 8.500000e-01
1452, 8.054859e-01, 1.500000e-01
1453, 8.425345e-01, 8.500000e-01
1454, 8.412824e-01, 1.500000e-01
1455, 8.500000e-01, 3.315568e-01
1456, 8.500000e-01, 5.921979e-01
1457, 8.500000e-01, 4.382410e-01
1458, 8.500000e-01, 1.761170e-01
1459, 8.500000e-01, 4.827850e-01
1460, 8.500000e-01, 4.225644e-01
1461, 8.500000e-01, 6.382445e-01
1462, 8.500000e-01, 1.928035e-01
1463, 8.500000e-01, 5.792877e-01
1464, 8.500000e-01, 2.847292e-01
1465, 8.500000e-01, 5.018782e-01
1466, 8.500000e-01, 2.698540e-01
1467, 8.449980e-01, 8.500000e-01
1468, 8.500000e-01, 3.466385e-01
1469, 8.500000e-01, 6.539042e-01
1470, 8.500000e-01, 7.480595e-01
1471, 8.500000e-01, 7.296394e-01
1472, 8.500000e-01, 7.895831e-01
1473, 8.500000e-01, 8.095471e-01
1474, 8.500000e-01, 6.036066e-01
1475, 8.500000e-01, 6.240911e-01
1476, 8.500000e-01, 6.167234e-01
1477, 8.500000e-01, 7.582909e-01
1478, 8.500000e-01, 3.263800e-01
1479, 8.500000e-01, 1.647758e-01
1480, 8.500000e-01, 4.515138e-01
1481, 8.500000e-01, 4.710554e-01
1482, 8.500000e-01, 4.619473e-01
1483, 8.481886e-01, 1.500000e-01
1484, 8.500000e-01, 1.527049e-01
1485, 8.500000e-01, 2.948780e-01
1486, 8.500000e-01, 3.036937e-01
1487, 8.500000e-01, 7.777242e-01
1488, 8.500000e-01, 7.705767e-01
1489, 8.500000e-01, 8.368643e-01
1490, 8.475419e-01, 8.500000e-01
1491, 8.500000e-01, 4.013624e-01
1492, 8.500000e-01, 3.711233e-01
1493, 8.500000e-01, 6.826222e-01
1494, 8.500000e-01, 2.410038e-01
1495, 8.500000e-01, 2.206481e-01
1496, 8.500000e-01, 5.294666e-01
1497, 8.500000e-01, 5.464819e-01
1498, 8.500000e-01, 7.024249e-01
1499, 8.500000e-01, 6.894801e-01
1500, 8.500000e-01, 5.351841e-01
1501, 8.500000e-01, 2.344465e-01
1502, 8.500000e-01, 3.856457e-01
1503, 8.500000e-01, 3.796243e-01
1504, 8.500000e-01, 8.424473e-01
1505, 8.500000e-01, 2.275674e-01
1506, 8.500000e-01, 2.310421e-01
1507, 8.500000e-01, 6.960269e-01
1508, 8.500000e-01, 6.917599e-01
1509, 8.500000e-01, 8.486042e-01
1510, 8.500000e-01, 8.455057e-01
1511, 1.501823e-01, 8.054199e-01
1512, 1.735359e-01, 1.508883e-01
1513, 2.225977e-01, 8.497880e-01
1514, 2.655134e-01, 1.502998e-01
1515, 4.011238e-01, 1.502106e-01
1516, 4.339092e-01, 1.502166e-01
1517, 5.305448e-01, 8.492055e-01
1518, 6.225035e-01, 1.500590e-01
1519, 6.657654e-01, 1.500688e-01
1520, 7.077455e-01, 1.506200e-01
1521, 8.497539e-01, 5.398883e-01
1522, 8.451391e-01, 6.921768e-01
