1, 1.524796e-01, 7.340094e-01
2, 1.524796e-01, 7.586575e-01
3, 1.638163e-01, 6.706627e-01
4, 1.641352e-01, 5.709468e-01
5, 1.657498e-01, 2.998890e-01
6, 1.657566e-01, 4.147037e-01
7, 1.657566e-01, 4.231085e-01
8, 1.658418e-01, 4.545641e-01
9, 1.662892e-01, 5.785309e-01
10, 1.662892e-01, 5.736776e-01
11, 1.663541e-01, 2.892649e-01
12, 1.669727e-01, 7.953635e-01
13, 1.677348e-01, 4.256164e-01
14, 1.677580e-01, 8.310503e-01
15, 1.679396e-01, 2.051230e-01
16, 1.679396e-01, 2.002574e-01
17, 1.693518e-01, 1.664132e-01
18, 1.748315e-01, 3.272782e-01
19, 1.813151e-01, 3.653172e-01
20, 1.819013e-01, 5.146725e-01
21, 1.823145e-01, 2.606298e-01
22, 1.825400e-01, 7.340094e-01
23, 1.830938e-01, 6.311420e-01
24, 1.832026e-01, 7.282048e-01
25, 1.850986e-01, 3.605205e-01
26, 1.850986e-01, 3.450405e-01
27, 1.855025e-01, 6.439097e-01
28, 1.855025e-01, 6.341958e-01
29, 1.858102e-01, 2.625265e-01
30, 1.953596e-01, 3.272782e-01
31, 1.984143e-01, 2.062984e-01
32, 1.984958e-01, 6.718475e-01
33, 1.984958e-01, 6.965363e-01
34, 1.985665e-01, 5.736776e-01
35, 1.990154e-01, 7.008034e-01
36, 1.991115e-01, 4.256164e-01
37, 1.991115e-01, 4.469659e-01
38, 1.992150e-01, 6.676714e-01
39, 1.997334e-01, 4.563762e-01
40, 2.027746e-01, 4.209711e-01
41, 2.030304e-01, 2.923356e-01
42, 2.032628e-01, 1.717828e-01
43, 2.058357e-01, 5.429196e-01
44, 2.132859e-01, 6.341958e-01
45, 2.141313e-01, 6.017195e-01
46, 2.144382e-01, 2.340654e-01
47, 2.145920e-01, 3.999137e-01
48, 2.145920e-01, 3.868859e-01
49, 2.147379e-01, 2.720693e-01
50, 2.147379e-01, 2.625265e-01
51, 2.157128e-01, 7.297375e-01
52, 2.163162e-01, 6.380376e-01
53, 2.169285e-01, 5.067009e-01
54, 2.174216e-01, 2.591242e-01
55, 2.174216e-01, 2.371297e-01
56, 2.175425e-01, 7.584622e-01
57, 2.177730e-01, 7.652025e-01
58, 2.182074e-01, 3.823006e-01
59, 2.196337e-01, 5.101304e-01
60, 2.196337e-01, 5.190098e-01
61, 2.267638e-01, 4.209711e-01
62, 2.287456e-01, 5.764104e-01
63, 2.293042e-01, 2.972692e-01
64, 2.310779e-01, 1.717828e-01
65, 2.317019e-01, 4.543261e-01
66, 2.333924e-01, 1.740516e-01
67, 2.333924e-01, 1.981849e-01
68, 2.336121e-01, 6.677117e-01
69, 2.338551e-01, 2.024012e-01
70, 2.352165e-01, 3.290590e-01
71, 2.361830e-01, 5.729599e-01
72, 2.361830e-01, 5.476073e-01
73, 2.452311e-01, 5.191802e-01
74, 2.452311e-01, 5.101304e-01
75, 2.478612e-01, 3.509477e-01
76, 2.485282e-01, 7.662165e-01
77, 2.485282e-01, 7.587544e-01
78, 2.487396e-01, 3.823006e-01
79, 2.491867e-01, 2.371297e-01
80, 2.492380e-01, 5.050491e-01
81, 2.501160e-01, 6.391129e-01
82, 2.501857e-01, 7.354891e-01
83, 2.501857e-01, 7.280208e-01
84, 2.505728e-01, 7.561615e-01
85, 2.507393e-01, 2.719037e-01
86, 2.516734e-01, 2.332775e-01
87, 2.519429e-01, 3.937596e-01
88, 2.519429e-01, 3.863645e-01
89, 2.527267e-01, 6.007415e-01
90, 2.527267e-01, 6.085347e-01
91, 2.527704e-01, 6.347735e-01
92, 2.616360e-01, 5.476073e-01
93, 2.625654e-01, 3.254941e-01
94, 2.656694e-01, 2.980598e-01
95, 2.656694e-01, 3.240536e-01
96, 2.657635e-01, 6.662277e-01
97, 2.657635e-01, 6.721445e-01
98, 2.663416e-01, 5.732841e-01
99, 2.663416e-01, 5.497917e-01
100, 2.664727e-01, 4.454142e-01
101, 2.664727e-01, 4.235737e-01
102, 2.665840e-01, 4.191040e-01
103, 2.666012e-01, 5.766991e-01
104, 2.676840e-01, 2.055335e-01
105, 2.685999e-01, 3.254128e-01
106, 2.688677e-01, 2.964924e-01
107, 2.695689e-01, 4.493395e-01
108, 2.714669e-01, 5.474139e-01
109, 2.815836e-01, 7.561615e-01
110, 2.819960e-01, 3.863645e-01
111, 2.819960e-01, 3.610047e-01
112, 2.825217e-01, 6.085901e-01
113, 2.825217e-01, 6.042705e-01
114, 2.832029e-01, 2.610932e-01
115, 2.832461e-01, 5.050491e-01
116, 2.833120e-01, 7.259209e-01
117, 2.840227e-01, 3.889349e-01
118, 2.844248e-01, 4.755737e-01
119, 2.852247e-01, 2.681947e-01
120, 2.852247e-01, 2.636563e-01
121, 2.855391e-01, 7.649012e-01
122, 2.855391e-01, 7.611761e-01
123, 2.886022e-01, 5.177388e-01
124, 2.886022e-01, 5.118395e-01
125, 2.970366e-01, 4.537194e-01
126, 2.970366e-01, 4.493395e-01
127, 2.994888e-01, 2.037105e-01
128, 2.995079e-01, 4.462055e-01
129, 2.995857e-01, 3.295358e-01
130, 2.996811e-01, 7.894071e-01
131, 3.003215e-01, 6.724585e-01
132, 3.003215e-01, 6.662682e-01
133, 3.014101e-01, 4.178422e-01
134, 3.014227e-01, 5.399547e-01
135, 3.147444e-01, 2.636563e-01
136, 3.147444e-01, 2.677741e-01
137, 3.155121e-01, 5.155398e-01
138, 3.156164e-01, 3.932504e-01
139, 3.165424e-01, 7.337888e-01
140, 3.167809e-01, 2.610745e-01
141, 3.170811e-01, 6.088385e-01
142, 3.172421e-01, 6.044511e-01
143, 3.199040e-01, 3.562051e-01
144, 3.316682e-01, 4.210202e-01
145, 3.318752e-01, 6.963478e-01
146, 3.318752e-01, 6.726103e-01
147, 3.322389e-01, 4.462055e-01
148, 3.325456e-01, 5.729066e-01
149, 3.325626e-01, 7.088215e-01
150, 3.329569e-01, 5.772360e-01
151, 3.330624e-01, 1.990613e-01
152, 3.330766e-01, 8.209591e-01
153, 3.331194e-01, 3.333424e-01
154, 3.332725e-01, 2.024247e-01
155, 3.337391e-01, 8.242326e-01
156, 3.345227e-01, 4.491008e-01
157, 3.345227e-01, 4.547863e-01
158, 3.348927e-01, 6.687847e-01
159, 3.365204e-01, 4.192979e-01
160, 3.449991e-01, 7.303722e-01
161, 3.462306e-01, 3.562051e-01
162, 3.476475e-01, 4.847871e-01
163, 3.476475e-01, 5.107570e-01
164, 3.483633e-01, 5.153322e-01
165, 3.500659e-01, 4.817203e-01
166, 3.501267e-01, 6.434489e-01
167, 3.501267e-01, 6.349164e-01
168, 3.501307e-01, 2.316374e-01
169, 3.506835e-01, 2.610745e-01
170, 3.506835e-01, 2.686092e-01
171, 3.510945e-01, 7.690368e-01
172, 3.511858e-01, 3.939114e-01
173, 3.523450e-01, 3.639591e-01
174, 3.529977e-01, 4.803593e-01
175, 3.653937e-01, 3.228664e-01
176, 3.654750e-01, 8.257834e-01
177, 3.654750e-01, 8.217990e-01
178, 3.658761e-01, 1.700582e-01
179, 3.659551e-01, 6.972193e-01
180, 3.660185e-01, 5.779189e-01
181, 3.662854e-01, 4.491008e-01
182, 3.662854e-01, 4.573336e-01
183, 3.666667e-01, 7.018858e-01
184, 3.684290e-01, 4.463833e-01
185, 3.795812e-01, 4.803593e-01
186, 3.820124e-01, 6.340990e-01
187, 3.826094e-01, 6.425430e-01
188, 3.827411e-01, 2.362944e-01
189, 3.827411e-01, 2.285830e-01
190, 3.831397e-01, 7.304139e-01
191, 3.831397e-01, 7.337178e-01
192, 3.832965e-01, 7.653285e-01
193, 3.832965e-01, 7.606270e-01
194, 3.832981e-01, 3.862041e-01
195, 3.832981e-01, 3.639591e-01
196, 3.834547e-01, 3.920477e-01
197, 3.838290e-01, 2.704597e-01
198, 3.847214e-01, 5.196157e-01
199, 3.852997e-01, 4.830123e-01
200, 3.855933e-01, 3.572613e-01
201, 3.855933e-01, 3.610492e-01
202, 3.974215e-01, 6.682101e-01
203, 3.998712e-01, 1.759502e-01
204, 4.001086e-01, 5.716072e-01
205, 4.001086e-01, 5.465371e-01
206, 4.004881e-01, 5.820224e-01
207, 4.007595e-01, 4.463833e-01
208, 4.009089e-01, 8.213974e-01
209, 4.012583e-01, 8.257262e-01
210, 4.014502e-01, 4.550261e-01
211, 4.017752e-01, 6.981215e-01
212, 4.018659e-01, 3.290927e-01
213, 4.020008e-01, 1.732495e-01
214, 4.020008e-01, 1.699823e-01
215, 4.142064e-01, 7.346173e-01
216, 4.142064e-01, 7.599263e-01
217, 4.152086e-01, 3.610492e-01
218, 4.168021e-01, 6.348559e-01
219, 4.168021e-01, 6.457087e-01
220, 4.168898e-01, 2.667938e-01
221, 4.168898e-01, 2.618177e-01
222, 4.171314e-01, 7.238781e-01
223, 4.171314e-01, 7.309091e-01
224, 4.174674e-01, 5.106409e-01
225, 4.177731e-01, 5.166826e-01
226, 4.185343e-01, 2.305278e-01
227, 4.307043e-01, 6.697845e-01
228, 4.307640e-01, 4.232942e-01
229, 4.307640e-01, 4.472592e-01
230, 4.315756e-01, 5.405860e-01
231, 4.319064e-01, 2.073697e-01
232, 4.328154e-01, 4.206935e-01
233, 4.328154e-01, 4.166768e-01
234, 4.331511e-01, 5.720885e-01
235, 4.332877e-01, 6.724334e-01
236, 4.336048e-01, 4.510567e-01
237, 4.337925e-01, 5.757116e-01
238, 4.478762e-01, 2.352482e-01
239, 4.478762e-01, 2.609573e-01
240, 4.485562e-01, 2.694771e-01
241, 4.498974e-01, 6.382375e-01
242, 4.498974e-01, 6.348266e-01
243, 4.500000e-01, 3.582438e-01
244, 4.500715e-01, 3.546409e-01
245, 4.501148e-01, 6.088471e-01
246, 4.501237e-01, 6.040112e-01
247, 4.502836e-01, 4.846853e-01
248, 4.502836e-01, 5.077756e-01
249, 4.506261e-01, 4.805520e-01
250, 4.523773e-01, 2.331037e-01
251, 4.640950e-01, 4.150851e-01
252, 4.640950e-01, 4.206935e-01
253, 4.651105e-01, 2.981335e-01
254, 4.652045e-01, 3.248639e-01
255, 4.652045e-01, 3.284450e-01
256, 4.659236e-01, 5.729017e-01
257, 4.659236e-01, 5.766323e-01
258, 4.665423e-01, 7.032601e-01
259, 4.665423e-01, 6.969320e-01
260, 4.676658e-01, 1.982205e-01
261, 4.678106e-01, 4.254040e-01
262, 4.678272e-01, 2.063314e-01
263, 4.812196e-01, 5.077756e-01
264, 4.822227e-01, 3.581532e-01
265, 4.827032e-01, 6.056913e-01
266, 4.827032e-01, 6.088359e-01
267, 4.831598e-01, 7.320384e-01
268, 4.836872e-01, 6.452814e-01
269, 4.848032e-01, 5.123188e-01
270, 4.848032e-01, 5.176970e-01
271, 4.850649e-01, 6.118300e-01
272, 4.851168e-01, 3.567387e-01
273, 4.855942e-01, 7.349388e-01
274, 4.855942e-01, 7.578555e-01
275, 4.856925e-01, 3.877847e-01
276, 4.969531e-01, 8.241131e-01
277, 4.977426e-01, 6.696372e-01
278, 4.993114e-01, 2.064106e-01
279, 4.993501e-01, 5.429046e-01
280, 4.998748e-01, 8.227567e-01
281, 5.000577e-01, 2.982879e-01
282, 5.003825e-01, 7.027020e-01
283, 5.003952e-01, 4.486089e-01
284, 5.010994e-01, 3.290720e-01
285, 5.011122e-01, 4.531962e-01
286, 5.014005e-01, 6.741420e-01
287, 5.018078e-01, 4.156810e-01
288, 5.019994e-01, 2.912302e-01
289, 5.019994e-01, 2.958246e-01
290, 5.147258e-01, 4.815002e-01
291, 5.147258e-01, 4.767865e-01
292, 5.151092e-01, 7.578555e-01
293, 5.154155e-01, 7.635931e-01
294, 5.155109e-01, 6.328043e-01
295, 5.157107e-01, 2.674952e-01
296, 5.157107e-01, 2.637294e-01
297, 5.171875e-01, 6.038717e-01
298, 5.175659e-01, 6.356528e-01
299, 5.180910e-01, 3.594315e-01
300, 5.182340e-01, 4.859478e-01
301, 5.303955e-01, 5.482284e-01
302, 5.303955e-01, 5.719767e-01
303, 5.304678e-01, 6.741420e-01
304, 5.304678e-01, 6.955491e-01
305, 5.326194e-01, 4.236127e-01
306, 5.328812e-01, 7.035331e-01
307, 5.328812e-01, 6.986088e-01
308, 5.329255e-01, 4.154888e-01
309, 5.330084e-01, 5.398730e-01
310, 5.330084e-01, 5.449157e-01
311, 5.333542e-01, 5.758741e-01
312, 5.338296e-01, 2.990847e-01
313, 5.338296e-01, 3.230920e-01
314, 5.341289e-01, 6.643368e-01
315, 5.341289e-01, 6.695004e-01
316, 5.477775e-01, 8.467699e-01
317, 5.483918e-01, 2.275470e-01
318, 5.483918e-01, 2.341197e-01
319, 5.497190e-01, 7.327105e-01
320, 5.504590e-01, 4.859478e-01
321, 5.504590e-01, 4.792963e-01
322, 5.505711e-01, 6.358451e-01
323, 5.507314e-01, 6.059861e-01
324, 5.507314e-01, 6.097044e-01
325, 5.507950e-01, 2.598455e-01
326, 5.507950e-01, 2.371674e-01
327, 5.508880e-01, 7.654171e-01
328, 5.614427e-01, 8.230902e-01
329, 5.663172e-01, 4.518164e-01
330, 5.663172e-01, 4.485724e-01
331, 5.663755e-01, 6.986088e-01
332, 5.663755e-01, 7.050723e-01
333, 5.666601e-01, 3.291456e-01
334, 5.672694e-01, 6.647806e-01
335, 5.675505e-01, 8.202549e-01
336, 5.684155e-01, 5.449157e-01
337, 5.684155e-01, 5.408993e-01
338, 5.686802e-01, 6.956869e-01
339, 5.810066e-01, 7.594047e-01
340, 5.812283e-01, 4.864411e-01
341, 5.812283e-01, 5.102688e-01
342, 5.814903e-01, 6.098785e-01
343, 5.816092e-01, 5.180503e-01
344, 5.826123e-01, 3.937064e-01
345, 5.826123e-01, 3.870322e-01
346, 5.830751e-01, 2.598455e-01
347, 5.832962e-01, 3.579262e-01
348, 5.845469e-01, 2.278648e-01
349, 5.859962e-01, 3.827406e-01
350, 5.859962e-01, 3.606044e-01
351, 5.971517e-01, 1.721987e-01
352, 5.986191e-01, 6.653783e-01
353, 5.986191e-01, 6.712891e-01
354, 5.990085e-01, 6.956869e-01
355, 5.992715e-01, 4.225441e-01
356, 5.995763e-01, 4.480829e-01
357, 5.995763e-01, 4.588170e-01
358, 5.996338e-01, 7.019043e-01
359, 5.997266e-01, 7.886654e-01
360, 5.997266e-01, 7.959457e-01
361, 6.002955e-01, 1.736581e-01
362, 6.007457e-01, 2.905097e-01
363, 6.015629e-01, 5.487398e-01
364, 6.017807e-01, 8.270902e-01
365, 6.042419e-01, 4.205754e-01
366, 6.042507e-01, 1.718220e-01
367, 6.127786e-01, 4.816945e-01
368, 6.145596e-01, 2.353016e-01
369, 6.156192e-01, 3.520636e-01
370, 6.165443e-01, 3.827406e-01
371, 6.166190e-01, 2.326908e-01
372, 6.166190e-01, 2.281397e-01
373, 6.171387e-01, 5.153125e-01
374, 6.182813e-01, 4.842489e-01
375, 6.186771e-01, 7.587436e-01
376, 6.192395e-01, 3.861588e-01
377, 6.192395e-01, 3.946139e-01
378, 6.320258e-01, 5.722807e-01
379, 6.320258e-01, 5.487398e-01
380, 6.320524e-01, 7.967656e-01
381, 6.321943e-01, 5.790598e-01
382, 6.322783e-01, 1.718220e-01
383, 6.327242e-01, 5.423035e-01
384, 6.332464e-01, 6.653607e-01
385, 6.332464e-01, 6.717829e-01
386, 6.335268e-01, 6.964799e-01
387, 6.340775e-01, 7.022245e-01
388, 6.344991e-01, 1.746375e-01
389, 6.349415e-01, 4.480077e-01
390, 6.353931e-01, 4.551207e-01
391, 6.488185e-01, 4.840638e-01
392, 6.488185e-01, 4.783848e-01
393, 6.495435e-01, 7.290248e-01
394, 6.497883e-01, 3.897136e-01
395, 6.497883e-01, 3.861588e-01
396, 6.499802e-01, 2.276518e-01
397, 6.499802e-01, 2.326908e-01
398, 6.502490e-01, 7.587436e-01
399, 6.502490e-01, 7.689024e-01
400, 6.502830e-01, 6.358387e-01
401, 6.504292e-01, 3.617771e-01
402, 6.508806e-01, 3.549010e-01
403, 6.519374e-01, 2.351728e-01
404, 6.519374e-01, 2.619358e-01
405, 6.642405e-01, 7.931475e-01
406, 6.657206e-01, 1.659186e-01
407, 6.657206e-01, 1.746375e-01
408, 6.659031e-01, 7.006761e-01
409, 6.659031e-01, 6.971782e-01
410, 6.660100e-01, 3.287112e-01
411, 6.660100e-01, 3.252746e-01
412, 6.664031e-01, 1.973019e-01
413, 6.672452e-01, 7.945423e-01
414, 6.676231e-01, 6.648114e-01
415, 6.677979e-01, 5.724943e-01
416, 6.680382e-01, 5.770858e-01
417, 6.686175e-01, 3.219688e-01
418, 6.828655e-01, 2.351728e-01
419, 6.833235e-01, 6.081071e-01
420, 6.833650e-01, 7.585360e-01
421, 6.836761e-01, 5.196098e-01
422, 6.839138e-01, 6.045794e-01
423, 6.839669e-01, 2.676132e-01
424, 6.839810e-01, 7.655593e-01
425, 6.840652e-01, 4.794772e-01
426, 6.840652e-01, 4.844534e-01
427, 6.869527e-01, 2.332719e-01
428, 6.985936e-01, 7.908807e-01
429, 6.985936e-01, 7.948400e-01
430, 7.000403e-01, 5.727990e-01
431, 7.000403e-01, 5.766347e-01
432, 7.004090e-01, 1.755028e-01
433, 7.004196e-01, 7.067074e-01
434, 7.005081e-01, 4.209617e-01
435, 7.005081e-01, 4.168795e-01
436, 7.006850e-01, 5.496148e-01
437, 7.007281e-01, 1.652083e-01
438, 7.012595e-01, 2.084803e-01
439, 7.042503e-01, 8.233496e-01
440, 7.151951e-01, 4.777331e-01
441, 7.151951e-01, 4.853359e-01
442, 7.155663e-01, 2.332719e-01
443, 7.159648e-01, 3.528824e-01
444, 7.159648e-01, 3.601273e-01
445, 7.164125e-01, 7.593169e-01
446, 7.170426e-01, 2.675452e-01
447, 7.172276e-01, 6.354889e-01
448, 7.181216e-01, 2.363109e-01
449, 7.316807e-01, 2.928692e-01
450, 7.318686e-01, 5.496148e-01
451, 7.320540e-01, 8.233496e-01
452, 7.320540e-01, 8.270400e-01
453, 7.321241e-01, 6.725031e-01
454, 7.321846e-01, 3.240207e-01
455, 7.322011e-01, 7.955073e-01
456, 7.322405e-01, 1.750982e-01
457, 7.329129e-01, 1.664729e-01
458, 7.329404e-01, 4.217763e-01
459, 7.331020e-01, 2.034515e-01
460, 7.332325e-01, 7.015257e-01
461, 7.334113e-01, 5.778885e-01
462, 7.341918e-01, 6.655873e-01
463, 7.341918e-01, 6.698818e-01
464, 7.354022e-01, 5.451350e-01
465, 7.491775e-01, 5.106869e-01
466, 7.494883e-01, 7.596392e-01
467, 7.495457e-01, 7.638276e-01
468, 7.496965e-01, 5.209258e-01
469, 7.498489e-01, 2.363109e-01
470, 7.498489e-01, 2.593699e-01
471, 7.501071e-01, 2.329188e-01
472, 7.503878e-01, 3.563326e-01
473, 7.508410e-01, 4.783917e-01
474, 7.508773e-01, 3.913759e-01
475, 7.508773e-01, 3.871409e-01
476, 7.635488e-01, 5.449298e-01
477, 7.648688e-01, 4.540836e-01
478, 7.648688e-01, 4.489047e-01
479, 7.650190e-01, 4.158559e-01
480, 7.650545e-01, 6.644503e-01
481, 7.661318e-01, 7.925687e-01
482, 7.668528e-01, 3.278308e-01
483, 7.668528e-01, 3.230778e-01
484, 7.668751e-01, 4.463612e-01
485, 7.672734e-01, 1.742457e-01
486, 7.672734e-01, 1.680737e-01
487, 7.675131e-01, 7.045909e-01
488, 7.687703e-01, 8.231630e-01
489, 7.687703e-01, 8.278466e-01
490, 7.690583e-01, 7.965031e-01
491, 7.809775e-01, 7.279088e-01
492, 7.809775e-01, 7.316840e-01
493, 7.812877e-01, 4.825179e-01
494, 7.822156e-01, 2.257143e-01
495, 7.824809e-01, 6.342710e-01
496, 7.828820e-01, 5.178825e-01
497, 7.831621e-01, 6.040551e-01
498, 7.831621e-01, 6.098925e-01
499, 7.836411e-01, 7.350608e-01
500, 7.843207e-01, 4.872829e-01
501, 7.844701e-01, 2.719906e-01
502, 7.859949e-01, 3.875495e-01
503, 7.975644e-01, 6.991663e-01
504, 7.976805e-01, 3.222210e-01
505, 7.986606e-01, 5.771986e-01
506, 7.992975e-01, 1.678877e-01
507, 7.992975e-01, 1.747745e-01
508, 8.001187e-01, 7.893287e-01
509, 8.001234e-01, 4.231709e-01
510, 8.005248e-01, 3.258280e-01
511, 8.005248e-01, 3.297353e-01
512, 8.007807e-01, 6.976732e-01
513, 8.008459e-01, 4.132574e-01
514, 8.043098e-01, 6.993115e-01
515, 8.119213e-01, 3.875495e-01
516, 8.119213e-01, 3.940853e-01
517, 8.148171e-01, 4.872829e-01
518, 8.148171e-01, 5.095211e-01
519, 8.150319e-01, 2.376232e-01
520, 8.157514e-01, 3.560933e-01
521, 8.157514e-01, 3.598830e-01
522, 8.161595e-01, 2.679934e-01
523, 8.164079e-01, 3.818593e-01
524, 8.169263e-01, 6.406967e-01
525, 8.180870e-01, 2.337501e-01
526, 8.180870e-01, 2.283814e-01
527, 8.190923e-01, 7.249274e-01
528, 8.282040e-01, 4.222546e-01
529, 8.310976e-01, 3.295444e-01
530, 8.310976e-01, 3.258280e-01
531, 8.320075e-01, 6.993115e-01
532, 8.320075e-01, 7.025608e-01
533, 8.326013e-01, 2.964378e-01
534, 8.328101e-01, 5.826093e-01
535, 8.330112e-01, 7.950060e-01
536, 8.335043e-01, 3.227768e-01
537, 8.336402e-01, 7.903482e-01
538, 8.338850e-01, 4.248894e-01
539, 8.340033e-01, 1.670763e-01
540, 8.347085e-01, 4.566655e-01
541, 8.348716e-01, 6.956803e-01
542, 8.354497e-01, 5.411197e-01
543, 8.466291e-01, 7.591734e-01
544, 8.469999e-01, 6.071982e-01
545, 2.665826e-01, 1.726098e-01
546, 3.327598e-01, 1.732141e-01
547, 4.676625e-01, 1.732891e-01
548, 4.984800e-01, 1.732493e-01
549, 5.661651e-01, 1.713384e-01
550, 1.989621e-01, 1.732555e-01
551, 1.689069e-01, 1.735576e-01
552, 3.002955e-01, 1.735432e-01
553, 3.664078e-01, 1.752761e-01
554, 4.330263e-01, 1.734888e-01
555, 5.340211e-01, 1.722338e-01
556, 8.333761e-01, 1.745013e-01
557, 1.989703e-01, 1.988900e-01
558, 2.670382e-01, 1.995903e-01
559, 3.000201e-01, 1.997352e-01
560, 3.671260e-01, 2.005957e-01
561, 4.326323e-01, 1.991408e-01
562, 4.987385e-01, 1.991517e-01
563, 5.342199e-01, 2.019739e-01
564, 7.008343e-01, 1.978411e-01
565, 6.642510e-01, 2.014764e-01
566, 7.326712e-01, 1.989265e-01
567, 7.679632e-01, 2.004884e-01
568, 8.332103e-01, 2.005703e-01
569, 2.830650e-01, 2.330733e-01
570, 3.160044e-01, 2.332404e-01
571, 4.001517e-01, 1.999308e-01
572, 5.670560e-01, 2.008069e-01
573, 6.005798e-01, 2.012341e-01
574, 6.331565e-01, 2.008661e-01
575, 7.999491e-01, 1.996375e-01
576, 1.829176e-01, 2.343404e-01
577, 3.505876e-01, 2.357150e-01
578, 4.180513e-01, 2.358605e-01
579, 4.838940e-01, 2.336772e-01
580, 5.160640e-01, 2.341852e-01
581, 5.838110e-01, 2.362345e-01
582, 7.828623e-01, 2.368034e-01
583, 2.499630e-01, 2.601087e-01
584, 3.833554e-01, 2.612172e-01
585, 4.852246e-01, 2.627362e-01
586, 5.479443e-01, 2.644858e-01
587, 5.863100e-01, 2.647337e-01
588, 6.834162e-01, 2.626339e-01
589, 6.489515e-01, 2.667341e-01
590, 7.175821e-01, 2.626481e-01
591, 7.839895e-01, 2.599791e-01
592, 7.478032e-01, 2.634623e-01
593, 8.155957e-01, 2.613032e-01
594, 2.998631e-01, 2.950135e-01
595, 4.333824e-01, 2.969871e-01
596, 5.312591e-01, 2.951093e-01
597, 6.159288e-01, 2.651146e-01
598, 2.022999e-01, 2.981959e-01
599, 2.344745e-01, 2.985959e-01
600, 3.327321e-01, 2.978151e-01
601, 3.669310e-01, 2.978547e-01
602, 3.998563e-01, 2.974429e-01
603, 5.661418e-01, 2.979094e-01
604, 6.015728e-01, 2.972531e-01
605, 6.326764e-01, 2.968349e-01
606, 6.674100e-01, 2.978113e-01
607, 6.998993e-01, 2.979473e-01
608, 7.323045e-01, 2.983276e-01
609, 7.683912e-01, 2.987169e-01
610, 7.982567e-01, 2.975841e-01
611, 2.007567e-01, 3.241199e-01
612, 2.342680e-01, 3.242916e-01
613, 3.000900e-01, 3.247732e-01
614, 3.336192e-01, 3.235001e-01
615, 4.013687e-01, 3.231077e-01
616, 4.339278e-01, 3.256904e-01
617, 5.005786e-01, 3.249150e-01
618, 5.657564e-01, 3.242377e-01
619, 5.318706e-01, 3.264351e-01
620, 6.017384e-01, 3.267093e-01
621, 7.005269e-01, 3.249268e-01
622, 1.649662e-01, 3.234297e-01
623, 2.184558e-01, 3.590730e-01
624, 2.852887e-01, 3.555574e-01
625, 4.174214e-01, 3.571319e-01
626, 5.159669e-01, 3.557735e-01
627, 6.326460e-01, 3.249096e-01
628, 2.483004e-01, 3.604477e-01
629, 3.161537e-01, 3.572017e-01
630, 5.491389e-01, 3.587645e-01
631, 6.160817e-01, 3.611907e-01
632, 6.825158e-01, 3.601345e-01
633, 7.507873e-01, 3.608816e-01
634, 7.836505e-01, 3.601443e-01
635, 3.162853e-01, 3.885230e-01
636, 3.517654e-01, 3.869394e-01
637, 4.160150e-01, 3.877050e-01
638, 4.494575e-01, 3.877601e-01
639, 5.177542e-01, 3.877952e-01
640, 5.486530e-01, 3.875625e-01
641, 6.829422e-01, 3.864255e-01
642, 7.158731e-01, 3.888935e-01
643, 1.825878e-01, 3.863218e-01
644, 4.812552e-01, 3.866229e-01
645, 5.669718e-01, 4.217625e-01
646, 7.824505e-01, 3.864670e-01
647, 2.341338e-01, 4.238456e-01
648, 3.004590e-01, 4.222264e-01
649, 3.675051e-01, 4.205146e-01
650, 4.000097e-01, 4.218470e-01
651, 5.011015e-01, 4.245084e-01
652, 6.340221e-01, 4.212465e-01
653, 6.655079e-01, 4.212569e-01
654, 7.659470e-01, 4.219943e-01
655, 1.667883e-01, 4.481659e-01
656, 2.326249e-01, 4.465844e-01
657, 4.664784e-01, 4.517932e-01
658, 7.003877e-01, 4.506594e-01
659, 8.342968e-01, 4.474172e-01
660, 8.003339e-01, 4.477551e-01
661, 2.492903e-01, 4.854745e-01
662, 5.315454e-01, 4.490199e-01
663, 6.659878e-01, 4.494552e-01
664, 7.323518e-01, 4.487674e-01
665, 1.830655e-01, 4.835385e-01
666, 2.160248e-01, 4.849084e-01
667, 3.155618e-01, 4.848004e-01
668, 2.838355e-01, 4.851742e-01
669, 4.169222e-01, 4.833914e-01
670, 4.824511e-01, 4.831300e-01
671, 5.852683e-01, 4.822078e-01
672, 7.500092e-01, 4.844924e-01
673, 8.199767e-01, 4.812990e-01
674, 1.828202e-01, 5.078658e-01
675, 3.159391e-01, 5.112982e-01
676, 3.851252e-01, 5.111528e-01
677, 4.477186e-01, 5.118205e-01
678, 5.176173e-01, 5.115678e-01
679, 6.177100e-01, 5.100273e-01
680, 6.498887e-01, 5.102705e-01
681, 6.842187e-01, 5.106864e-01
682, 7.156333e-01, 5.106839e-01
683, 7.836014e-01, 5.104331e-01
684, 1.641566e-01, 5.463591e-01
685, 2.324854e-01, 5.420931e-01
686, 3.318827e-01, 5.449955e-01
687, 5.502807e-01, 5.105827e-01
688, 6.974127e-01, 5.444391e-01
689, 8.185894e-01, 5.133791e-01
690, 1.991908e-01, 5.465062e-01
691, 3.009048e-01, 5.467572e-01
692, 3.678902e-01, 5.467390e-01
693, 4.323634e-01, 5.471649e-01
694, 4.669825e-01, 5.472581e-01
695, 5.001872e-01, 5.471668e-01
696, 5.982788e-01, 5.454910e-01
697, 6.687403e-01, 5.462544e-01
698, 7.672898e-01, 5.473182e-01
699, 7.980726e-01, 5.471837e-01
700, 8.346641e-01, 5.457407e-01
701, 2.007214e-01, 5.774462e-01
702, 3.001084e-01, 5.735924e-01
703, 3.667366e-01, 5.725176e-01
704, 5.004704e-01, 5.737913e-01
705, 5.677275e-01, 5.760341e-01
706, 6.002487e-01, 5.749705e-01
707, 7.326399e-01, 5.729592e-01
708, 7.980493e-01, 5.725291e-01
709, 7.668093e-01, 5.739175e-01
710, 8.333443e-01, 5.726271e-01
711, 1.832951e-01, 6.092237e-01
712, 5.835366e-01, 6.060170e-01
713, 6.166524e-01, 6.065694e-01
714, 7.170826e-01, 6.067626e-01
715, 2.137086e-01, 6.090706e-01
716, 3.502280e-01, 6.087205e-01
717, 3.834040e-01, 6.087776e-01
718, 4.158439e-01, 6.078890e-01
719, 5.163492e-01, 6.107672e-01
720, 6.493002e-01, 6.075343e-01
721, 7.499790e-01, 6.080865e-01
722, 8.163622e-01, 6.087952e-01
723, 2.828768e-01, 6.355443e-01
724, 3.168756e-01, 6.363797e-01
725, 4.843761e-01, 6.336775e-01
726, 5.824549e-01, 6.368864e-01
727, 6.827895e-01, 6.373561e-01
728, 7.501883e-01, 6.365754e-01
729, 8.160399e-01, 6.349406e-01
730, 6.157759e-01, 6.363908e-01
731, 1.686196e-01, 6.721958e-01
732, 2.340889e-01, 6.715400e-01
733, 3.665138e-01, 6.684692e-01
734, 4.023845e-01, 6.700277e-01
735, 4.678024e-01, 6.711822e-01
736, 5.679748e-01, 6.703948e-01
737, 6.668187e-01, 6.711186e-01
738, 7.002820e-01, 6.705801e-01
739, 7.655929e-01, 6.705644e-01
740, 8.343118e-01, 6.700952e-01
741, 8.013373e-01, 6.697688e-01
742, 1.671177e-01, 6.985432e-01
743, 2.666806e-01, 6.966294e-01
744, 2.337289e-01, 6.977541e-01
745, 2.999956e-01, 6.970654e-01
746, 4.325870e-01, 6.976287e-01
747, 5.008915e-01, 6.961946e-01
748, 7.008248e-01, 6.965233e-01
749, 7.326783e-01, 6.967120e-01
750, 7.668222e-01, 6.982905e-01
751, 2.166277e-01, 7.343293e-01
752, 2.824478e-01, 7.348844e-01
753, 3.194237e-01, 7.306946e-01
754, 3.496872e-01, 7.330022e-01
755, 4.513857e-01, 7.314738e-01
756, 5.159880e-01, 7.334637e-01
757, 5.818661e-01, 7.318938e-01
758, 6.176096e-01, 7.323030e-01
759, 6.499781e-01, 7.339534e-01
760, 6.839630e-01, 7.337464e-01
761, 7.158690e-01, 7.332322e-01
762, 7.501935e-01, 7.330330e-01
763, 8.182609e-01, 7.340068e-01
764, 8.474713e-01, 7.318846e-01
765, 1.823860e-01, 7.594959e-01
766, 3.506730e-01, 7.600926e-01
767, 3.155852e-01, 7.613838e-01
768, 4.162368e-01, 7.638008e-01
769, 4.505823e-01, 7.626381e-01
770, 4.835958e-01, 7.617677e-01
771, 5.504303e-01, 7.588243e-01
772, 7.838533e-01, 7.606115e-01
773, 8.170048e-01, 7.597118e-01
774, 1.646359e-01, 7.917374e-01
775, 4.324621e-01, 7.944468e-01
776, 4.664773e-01, 7.932624e-01
777, 5.840483e-01, 7.625770e-01
778, 6.151753e-01, 7.626836e-01
779, 7.343421e-01, 7.914831e-01
780, 2.009848e-01, 7.947301e-01
781, 2.338488e-01, 7.941679e-01
782, 2.670392e-01, 7.950920e-01
783, 3.003498e-01, 7.956421e-01
784, 3.342611e-01, 7.955057e-01
785, 3.662408e-01, 7.937154e-01
786, 4.002334e-01, 7.942730e-01
787, 5.001041e-01, 7.935086e-01
788, 5.337457e-01, 7.944184e-01
789, 5.668419e-01, 7.944376e-01
790, 6.351916e-01, 7.936423e-01
791, 7.995285e-01, 7.957546e-01
792, 1.673654e-01, 8.230332e-01
793, 1.996261e-01, 8.241977e-01
794, 2.346007e-01, 8.231972e-01
795, 2.656104e-01, 8.219788e-01
796, 3.009947e-01, 8.223136e-01
797, 5.336198e-01, 8.224771e-01
798, 6.010769e-01, 8.211103e-01
799, 6.329249e-01, 8.240820e-01
800, 7.989699e-01, 8.240260e-01
801, 4.332568e-01, 8.226162e-01
802, 4.670454e-01, 8.237525e-01
803, 6.660254e-01, 8.230897e-01
804, 6.980973e-01, 8.214426e-01
805, 8.343420e-01, 8.236263e-01
806, 1.592624e-01, 1.500000e-01
807, 1.788293e-01, 1.500000e-01
808, 1.852072e-01, 1.500000e-01
809, 2.158333e-01, 1.500000e-01
810, 2.184998e-01, 1.500000e-01
811, 2.444022e-01, 1.500000e-01
812, 2.542768e-01, 1.500000e-01
813, 2.791444e-01, 1.500000e-01
814, 2.868128e-01, 1.500000e-01
815, 3.133640e-01, 1.500000e-01
816, 3.198193e-01, 1.500000e-01
817, 3.457191e-01, 1.500000e-01
818, 3.543008e-01, 1.500000e-01
819, 3.769494e-01, 1.500000e-01
820, 3.906965e-01, 1.500000e-01
821, 4.135323e-01, 1.500000e-01
822, 4.194761e-01, 1.500000e-01
823, 4.460681e-01, 1.500000e-01
824, 4.545716e-01, 1.500000e-01
825, 4.807225e-01, 1.500000e-01
826, 4.857351e-01, 1.500000e-01
827, 5.110835e-01, 1.500000e-01
828, 5.224939e-01, 1.500000e-01
829, 5.464977e-01, 1.500000e-01
830, 5.540871e-01, 1.500000e-01
831, 5.782381e-01, 1.500000e-01
832, 5.843412e-01, 1.500000e-01
833, 6.168439e-01, 1.500000e-01
834, 6.199117e-01, 1.500000e-01
835, 6.442172e-01, 1.500000e-01
836, 6.564622e-01, 1.500000e-01
837, 6.754180e-01, 1.500000e-01
838, 6.919516e-01, 1.500000e-01
839, 7.099048e-01, 1.500000e-01
840, 7.226852e-01, 1.500000e-01
841, 7.426946e-01, 1.500000e-01
842, 7.563484e-01, 1.500000e-01
843, 7.773556e-01, 1.500000e-01
844, 7.893273e-01, 1.500000e-01
845, 8.094783e-01, 1.500000e-01
846, 8.240180e-01, 1.500000e-01
847, 8.438577e-01, 1.500000e-01
848, 1.500000e-01, 1.738450e-01
849, 8.500000e-01, 1.734807e-01
850, 1.500000e-01, 2.002574e-01
851, 8.500000e-01, 2.007568e-01
852, 8.500000e-01, 2.420033e-01
853, 8.500000e-01, 2.638771e-01
854, 1.500000e-01, 2.640249e-01
855, 8.500000e-01, 2.656661e-01
856, 1.500000e-01, 2.992942e-01
857, 8.500000e-01, 2.968444e-01
858, 1.500000e-01, 3.240260e-01
859, 8.500000e-01, 3.227768e-01
860, 1.500000e-01, 3.485474e-01
861, 8.500000e-01, 3.611011e-01
862, 8.500000e-01, 3.611414e-01
863, 8.500000e-01, 3.825761e-01
864, 8.500000e-01, 3.971277e-01
865, 1.500000e-01, 4.227161e-01
866, 8.500000e-01, 4.239723e-01
867, 1.500000e-01, 4.498023e-01
868, 8.500000e-01, 4.481893e-01
869, 8.500000e-01, 4.797374e-01
870, 1.500000e-01, 4.858095e-01
871, 8.500000e-01, 4.809138e-01
872, 1.500000e-01, 5.101317e-01
873, 8.500000e-01, 5.145145e-01
874, 1.500000e-01, 5.209127e-01
875, 8.500000e-01, 5.158695e-01
876, 1.500000e-01, 5.465832e-01
877, 8.500000e-01, 5.452638e-01
878, 1.500000e-01, 5.709468e-01
879, 8.500000e-01, 5.726133e-01
880, 1.500000e-01, 6.073258e-01
881, 8.500000e-01, 6.023010e-01
882, 1.500000e-01, 6.091050e-01
883, 1.500000e-01, 6.284035e-01
884, 8.500000e-01, 6.109579e-01
885, 8.500000e-01, 6.360245e-01
886, 1.500000e-01, 6.467212e-01
887, 8.500000e-01, 6.441674e-01
888, 1.500000e-01, 6.710302e-01
889, 8.500000e-01, 6.702070e-01
890, 1.500000e-01, 6.981608e-01
891, 8.500000e-01, 6.962320e-01
892, 1.500000e-01, 7.264436e-01
893, 8.500000e-01, 7.276761e-01
894, 1.500000e-01, 7.314657e-01
895, 8.500000e-01, 7.317822e-01
896, 1.500000e-01, 7.618021e-01
897, 1.500000e-01, 7.657235e-01
898, 1.500000e-01, 7.921550e-01
899, 8.500000e-01, 7.945857e-01
900, 1.500000e-01, 8.224902e-01
901, 8.500000e-01, 8.238342e-01
902, 1.568225e-01, 8.500000e-01
903, 1.783557e-01, 8.500000e-01
904, 1.855188e-01, 8.500000e-01
905, 2.132217e-01, 8.500000e-01
906, 2.203543e-01, 8.500000e-01
907, 2.806453e-01, 8.500000e-01
908, 2.856723e-01, 8.500000e-01
909, 3.162665e-01, 8.500000e-01
910, 3.188602e-01, 8.500000e-01
911, 3.486091e-01, 8.500000e-01
912, 3.515000e-01, 8.500000e-01
913, 3.788232e-01, 8.500000e-01
914, 3.871677e-01, 8.500000e-01
915, 4.152663e-01, 8.500000e-01
916, 4.168504e-01, 8.500000e-01
917, 4.497591e-01, 8.500000e-01
918, 4.509730e-01, 8.500000e-01
919, 5.155965e-01, 8.500000e-01
920, 5.184854e-01, 8.500000e-01
921, 5.839534e-01, 8.500000e-01
922, 5.479253e-01, 8.500000e-01
923, 5.893011e-01, 8.500000e-01
924, 6.143014e-01, 8.500000e-01
925, 6.195689e-01, 8.500000e-01
926, 6.474354e-01, 8.500000e-01
927, 6.499293e-01, 8.500000e-01
928, 7.459012e-01, 8.500000e-01
929, 7.554723e-01, 8.500000e-01
930, 7.815624e-01, 8.500000e-01
931, 7.846504e-01, 8.500000e-01
932, 8.126829e-01, 8.500000e-01
933, 8.188394e-01, 8.500000e-01
934, 8.495952e-01, 8.500000e-01
935, 8.494954e-01, 2.270630e-01
936, 1.501356e-01, 2.356508e-01
937, 8.498367e-01, 2.346161e-01
938, 1.506036e-01, 2.616565e-01
939, 1.507089e-01, 3.644182e-01
940, 1.501123e-01, 3.866754e-01
941, 1.500290e-01, 4.824924e-01
942, 1.500713e-01, 6.312324e-01
943, 8.497585e-01, 7.629480e-01
944, 2.494989e-01, 8.497622e-01
945, 4.823881e-01, 8.496760e-01
946, 6.817462e-01, 8.492397e-01
947, 7.191848e-01, 8.496390e-01
