1, 1.605619e-01, 6.611380e-01
2, 1.608804e-01, 1.822908e-01
3, 1.608804e-01, 1.750521e-01
4, 1.609677e-01, 2.620933e-01
5, 1.609677e-01, 2.706456e-01
6, 1.614337e-01, 2.276842e-01
7, 1.614407e-01, 4.035019e-01
8, 1.615743e-01, 6.177661e-01
9, 1.615895e-01, 4.836959e-01
10, 1.616114e-01, 7.160974e-01
11, 1.616114e-01, 7.066403e-01
12, 1.616518e-01, 5.374271e-01
13, 1.616518e-01, 5.291392e-01
14, 1.619104e-01, 8.055009e-01
15, 1.619667e-01, 2.172305e-01
16, 1.620256e-01, 5.734429e-01
17, 1.620256e-01, 5.821207e-01
18, 1.621448e-01, 7.504816e-01
19, 1.622787e-01, 3.154363e-01
20, 1.624279e-01, 4.497315e-01
21, 1.625640e-01, 3.601252e-01
22, 1.627197e-01, 3.510836e-01
23, 1.629225e-01, 2.729031e-01
24, 1.629777e-01, 1.714191e-01
25, 1.635916e-01, 5.707304e-01
26, 1.635916e-01, 5.396666e-01
27, 1.636910e-01, 4.060998e-01
28, 1.832251e-01, 5.509962e-01
29, 1.839037e-01, 3.388593e-01
30, 1.839037e-01, 3.720765e-01
31, 1.841357e-01, 5.948794e-01
32, 1.841866e-01, 8.176671e-01
33, 1.841866e-01, 8.257219e-01
34, 1.842077e-01, 3.821458e-01
35, 1.842286e-01, 7.291537e-01
36, 1.842286e-01, 7.377381e-01
37, 1.842794e-01, 4.623410e-01
38, 1.842796e-01, 2.942556e-01
39, 1.842796e-01, 3.281367e-01
40, 1.843449e-01, 4.265239e-01
41, 1.843489e-01, 6.928996e-01
42, 1.843556e-01, 6.851734e-01
43, 1.843658e-01, 1.590805e-01
44, 1.843658e-01, 1.520694e-01
45, 1.843747e-01, 2.042999e-01
46, 1.845411e-01, 2.853829e-01
47, 1.846450e-01, 4.181914e-01
48, 1.847446e-01, 6.484915e-01
49, 1.849313e-01, 7.823050e-01
50, 1.849623e-01, 5.152194e-01
51, 1.849623e-01, 5.076040e-01
52, 1.850357e-01, 2.479358e-01
53, 1.850357e-01, 2.400688e-01
54, 1.861325e-01, 1.621422e-01
55, 1.863311e-01, 8.294382e-01
56, 2.062758e-01, 4.057011e-01
57, 2.070798e-01, 3.154833e-01
58, 2.070802e-01, 1.742425e-01
59, 2.071466e-01, 8.485901e-01
60, 2.071466e-01, 8.414621e-01
61, 2.072200e-01, 1.816418e-01
62, 2.072860e-01, 2.179119e-01
63, 2.073087e-01, 4.945149e-01
64, 2.073087e-01, 5.281277e-01
65, 2.075537e-01, 4.488640e-01
66, 2.075975e-01, 8.041489e-01
67, 2.076200e-01, 5.823443e-01
68, 2.076200e-01, 5.745476e-01
69, 2.078110e-01, 4.846803e-01
70, 2.078858e-01, 3.515394e-01
71, 2.079109e-01, 7.154042e-01
72, 2.080028e-01, 6.186670e-01
73, 2.080028e-01, 6.252969e-01
74, 2.080066e-01, 7.956293e-01
75, 2.080818e-01, 6.619671e-01
76, 2.081712e-01, 7.516429e-01
77, 2.081712e-01, 7.600124e-01
78, 2.082487e-01, 3.960277e-01
79, 2.082487e-01, 4.034234e-01
80, 2.082867e-01, 2.716664e-01
81, 2.083193e-01, 6.713309e-01
82, 2.083417e-01, 2.613933e-01
83, 2.095256e-01, 5.712467e-01
84, 2.300823e-01, 7.730087e-01
85, 2.303902e-01, 2.485343e-01
86, 2.303902e-01, 2.420347e-01
87, 2.304737e-01, 6.383683e-01
88, 2.304737e-01, 6.057001e-01
89, 2.305231e-01, 6.844765e-01
90, 2.305412e-01, 7.823526e-01
91, 2.307547e-01, 5.068889e-01
92, 2.307547e-01, 5.159345e-01
93, 2.308668e-01, 8.272396e-01
94, 2.308779e-01, 6.492153e-01
95, 2.310642e-01, 2.847284e-01
96, 2.310838e-01, 3.824463e-01
97, 2.310897e-01, 4.712422e-01
98, 2.312429e-01, 5.508394e-01
99, 2.314121e-01, 8.171917e-01
100, 2.314266e-01, 4.269226e-01
101, 2.314266e-01, 4.626400e-01
102, 2.317447e-01, 1.603179e-01
103, 2.317447e-01, 1.510868e-01
104, 2.317612e-01, 4.170002e-01
105, 2.318930e-01, 2.394304e-01
106, 2.519629e-01, 1.722961e-01
107, 2.523789e-01, 8.384058e-01
108, 2.530335e-01, 7.953403e-01
109, 2.530744e-01, 5.382332e-01
110, 2.532999e-01, 3.952745e-01
111, 2.533639e-01, 7.152818e-01
112, 2.533639e-01, 7.071243e-01
113, 2.535249e-01, 3.156410e-01
114, 2.535249e-01, 3.060337e-01
115, 2.535430e-01, 1.814308e-01
116, 2.535430e-01, 1.750331e-01
117, 2.536285e-01, 4.043734e-01
118, 2.536285e-01, 4.389742e-01
119, 2.537113e-01, 5.291953e-01
120, 2.537195e-01, 4.498404e-01
121, 2.538785e-01, 2.182906e-01
122, 2.538786e-01, 6.183681e-01
123, 2.538831e-01, 7.511514e-01
124, 2.539573e-01, 4.837948e-01
125, 2.539573e-01, 4.931094e-01
126, 2.541329e-01, 8.414441e-01
127, 2.542232e-01, 5.816396e-01
128, 2.546300e-01, 3.511155e-01
129, 2.547497e-01, 2.626001e-01
130, 2.551746e-01, 7.039901e-01
131, 2.752468e-01, 5.623220e-01
132, 2.752468e-01, 5.937792e-01
133, 2.762716e-01, 3.386190e-01
134, 2.765456e-01, 7.825612e-01
135, 2.765715e-01, 6.851430e-01
136, 2.765715e-01, 6.916396e-01
137, 2.766861e-01, 4.631019e-01
138, 2.767380e-01, 4.174644e-01
139, 2.767611e-01, 6.485780e-01
140, 2.768079e-01, 2.923033e-01
141, 2.768079e-01, 2.832272e-01
142, 2.769356e-01, 2.497121e-01
143, 2.769356e-01, 2.412097e-01
144, 2.769592e-01, 2.049632e-01
145, 2.770484e-01, 3.292292e-01
146, 2.770833e-01, 5.154543e-01
147, 2.773357e-01, 1.951693e-01
148, 2.773357e-01, 1.612894e-01
149, 2.773391e-01, 5.961955e-01
150, 2.773391e-01, 6.048214e-01
151, 2.774440e-01, 7.291915e-01
152, 2.774440e-01, 7.375468e-01
153, 2.775610e-01, 3.820877e-01
154, 2.775653e-01, 5.512719e-01
155, 2.775653e-01, 5.583042e-01
156, 2.776433e-01, 8.278635e-01
157, 2.776433e-01, 8.177421e-01
158, 2.781927e-01, 6.944457e-01
159, 2.995173e-01, 3.947576e-01
160, 2.996401e-01, 2.700468e-01
161, 2.996403e-01, 7.068094e-01
162, 2.996403e-01, 6.718261e-01
163, 2.996851e-01, 4.847438e-01
164, 2.997595e-01, 8.409119e-01
165, 2.998816e-01, 2.173418e-01
166, 3.000157e-01, 5.286924e-01
167, 3.000157e-01, 5.383168e-01
168, 3.000245e-01, 1.822735e-01
169, 3.000812e-01, 7.156912e-01
170, 3.001778e-01, 7.571890e-01
171, 3.001778e-01, 7.509504e-01
172, 3.002644e-01, 3.511187e-01
173, 3.002691e-01, 6.182274e-01
174, 3.004573e-01, 8.045772e-01
175, 3.005450e-01, 3.156412e-01
176, 3.005651e-01, 4.489596e-01
177, 3.011115e-01, 5.824775e-01
178, 3.012506e-01, 8.383279e-01
179, 3.017448e-01, 7.599046e-01
180, 3.227356e-01, 6.394734e-01
181, 3.227356e-01, 6.052547e-01
182, 3.227381e-01, 7.287788e-01
183, 3.227381e-01, 7.379234e-01
184, 3.228122e-01, 5.606149e-01
185, 3.228122e-01, 5.950081e-01
186, 3.228565e-01, 3.285293e-01
187, 3.228788e-01, 6.487585e-01
188, 3.229550e-01, 6.943696e-01
189, 3.229896e-01, 3.815100e-01
190, 3.230529e-01, 6.839583e-01
191, 3.230887e-01, 8.181032e-01
192, 3.230887e-01, 8.257133e-01
193, 3.231283e-01, 7.722566e-01
194, 3.231283e-01, 7.825253e-01
195, 3.231505e-01, 4.711891e-01
196, 3.231505e-01, 4.620010e-01
197, 3.232207e-01, 4.186640e-01
198, 3.232207e-01, 4.264434e-01
199, 3.232437e-01, 1.956809e-01
200, 3.232637e-01, 5.070175e-01
201, 3.232713e-01, 5.517471e-01
202, 3.233242e-01, 1.515443e-01
203, 3.234352e-01, 5.148922e-01
204, 3.235640e-01, 2.840262e-01
205, 3.236760e-01, 3.376002e-01
206, 3.238214e-01, 2.494987e-01
207, 3.245656e-01, 8.282716e-01
208, 3.454896e-01, 3.592842e-01
209, 3.454896e-01, 3.504439e-01
210, 3.456122e-01, 5.827958e-01
211, 3.458285e-01, 6.708107e-01
212, 3.458285e-01, 6.620017e-01
213, 3.459673e-01, 4.486493e-01
214, 3.459902e-01, 2.177913e-01
215, 3.460084e-01, 2.710698e-01
216, 3.460628e-01, 7.518290e-01
217, 3.460789e-01, 7.074908e-01
218, 3.460789e-01, 7.151709e-01
219, 3.463097e-01, 6.261869e-01
220, 3.463097e-01, 6.177812e-01
221, 3.463560e-01, 1.733018e-01
222, 3.464100e-01, 5.281548e-01
223, 3.464450e-01, 1.819080e-01
224, 3.465040e-01, 8.045914e-01
225, 3.466329e-01, 5.382662e-01
226, 3.468263e-01, 4.050423e-01
227, 3.468884e-01, 3.160672e-01
228, 3.472798e-01, 4.851926e-01
229, 3.480738e-01, 6.292441e-01
230, 3.480738e-01, 6.594094e-01
231, 3.677650e-01, 4.733595e-01
232, 3.687082e-01, 5.961321e-01
233, 3.687878e-01, 6.474564e-01
234, 3.690618e-01, 7.385488e-01
235, 3.691486e-01, 5.154146e-01
236, 3.693203e-01, 1.602423e-01
237, 3.693690e-01, 1.951449e-01
238, 3.694217e-01, 2.482872e-01
239, 3.695330e-01, 8.250425e-01
240, 3.695330e-01, 8.180014e-01
241, 3.696326e-01, 7.821311e-01
242, 3.696432e-01, 6.849846e-01
243, 3.697750e-01, 2.942034e-01
244, 3.697750e-01, 2.846615e-01
245, 3.697765e-01, 4.710363e-01
246, 3.697765e-01, 4.623974e-01
247, 3.697907e-01, 3.738868e-01
248, 3.697907e-01, 3.826959e-01
249, 3.698020e-01, 4.181074e-01
250, 3.698755e-01, 7.289170e-01
251, 3.701432e-01, 5.520220e-01
252, 3.913016e-01, 5.675622e-01
253, 3.917535e-01, 3.953778e-01
254, 3.917535e-01, 3.610607e-01
255, 3.918870e-01, 7.949814e-01
256, 3.923255e-01, 2.268813e-01
257, 3.923255e-01, 2.615125e-01
258, 3.924051e-01, 6.190849e-01
259, 3.924248e-01, 7.076727e-01
260, 3.924248e-01, 7.154268e-01
261, 3.925169e-01, 1.736978e-01
262, 3.925169e-01, 1.820912e-01
263, 3.925177e-01, 4.049907e-01
264, 3.925347e-01, 3.144893e-01
265, 3.925428e-01, 4.488879e-01
266, 3.925428e-01, 4.389288e-01
267, 3.925985e-01, 6.717246e-01
268, 3.926108e-01, 4.932232e-01
269, 3.926108e-01, 5.289675e-01
270, 3.927258e-01, 2.180751e-01
271, 3.928736e-01, 4.843782e-01
272, 3.930771e-01, 2.712012e-01
273, 3.932057e-01, 6.615560e-01
274, 3.933048e-01, 7.511381e-01
275, 3.934553e-01, 3.581115e-01
276, 3.934553e-01, 3.518084e-01
277, 3.936482e-01, 5.716288e-01
278, 3.936482e-01, 5.819928e-01
279, 4.135327e-01, 3.402227e-01
280, 4.135327e-01, 3.696940e-01
281, 4.137487e-01, 3.267355e-01
282, 4.137487e-01, 2.941792e-01
283, 4.147642e-01, 2.053578e-01
284, 4.148336e-01, 4.180661e-01
285, 4.150042e-01, 6.405776e-01
286, 4.150638e-01, 7.385820e-01
287, 4.152634e-01, 6.485332e-01
288, 4.154355e-01, 4.620982e-01
289, 4.154355e-01, 4.713539e-01
290, 4.154964e-01, 6.838909e-01
291, 4.155391e-01, 2.843364e-01
292, 4.155391e-01, 2.910802e-01
293, 4.155816e-01, 1.954007e-01
294, 4.157728e-01, 3.828410e-01
295, 4.157728e-01, 3.735742e-01
296, 4.158459e-01, 5.588231e-01
297, 4.158459e-01, 5.512083e-01
298, 4.158993e-01, 3.292192e-01
299, 4.158993e-01, 3.374904e-01
300, 4.159428e-01, 2.491858e-01
301, 4.160964e-01, 1.599716e-01
302, 4.160964e-01, 1.516511e-01
303, 4.161300e-01, 5.949659e-01
304, 4.161768e-01, 7.817325e-01
305, 4.161793e-01, 5.062032e-01
306, 4.162115e-01, 8.264621e-01
307, 4.162115e-01, 8.181173e-01
308, 4.162706e-01, 5.158018e-01
309, 4.366703e-01, 7.935661e-01
310, 4.377246e-01, 7.509669e-01
311, 4.381132e-01, 8.481867e-01
312, 4.382771e-01, 2.712020e-01
313, 4.383852e-01, 4.850403e-01
314, 4.383852e-01, 4.935964e-01
315, 4.385394e-01, 7.086901e-01
316, 4.385394e-01, 7.147764e-01
317, 4.385531e-01, 5.286731e-01
318, 4.386094e-01, 4.483481e-01
319, 4.386927e-01, 6.620619e-01
320, 4.388444e-01, 5.817681e-01
321, 4.388685e-01, 4.041877e-01
322, 4.389034e-01, 1.815594e-01
323, 4.389341e-01, 7.961796e-01
324, 4.390420e-01, 6.272909e-01
325, 4.390420e-01, 6.179744e-01
326, 4.392021e-01, 2.275074e-01
327, 4.393086e-01, 2.181147e-01
328, 4.393633e-01, 3.510392e-01
329, 4.395275e-01, 3.155706e-01
330, 4.400654e-01, 7.060487e-01
331, 4.612657e-01, 5.159297e-01
332, 4.613182e-01, 2.931775e-01
333, 4.613445e-01, 2.400519e-01
334, 4.613445e-01, 2.482287e-01
335, 4.614356e-01, 2.053463e-01
336, 4.617025e-01, 1.947158e-01
337, 4.617943e-01, 2.850937e-01
338, 4.618017e-01, 7.370732e-01
339, 4.618017e-01, 7.282051e-01
340, 4.618379e-01, 6.484461e-01
341, 4.618827e-01, 6.846797e-01
342, 4.618902e-01, 3.821632e-01
343, 4.618902e-01, 3.738303e-01
344, 4.619530e-01, 4.267229e-01
345, 4.619530e-01, 4.618185e-01
346, 4.620363e-01, 3.379557e-01
347, 4.621973e-01, 7.740826e-01
348, 4.621973e-01, 7.827467e-01
349, 4.622102e-01, 8.263191e-01
350, 4.622102e-01, 8.175618e-01
351, 4.622103e-01, 5.508271e-01
352, 4.622244e-01, 4.712786e-01
353, 4.622686e-01, 1.517511e-01
354, 4.622689e-01, 4.178814e-01
355, 4.641337e-01, 7.707270e-01
356, 4.641337e-01, 7.397654e-01
357, 4.835796e-01, 6.290665e-01
358, 4.837274e-01, 1.828160e-01
359, 4.839055e-01, 7.069751e-01
360, 4.839055e-01, 7.149943e-01
361, 4.839776e-01, 4.053462e-01
362, 4.840359e-01, 2.613314e-01
363, 4.840535e-01, 5.717385e-01
364, 4.840535e-01, 5.382142e-01
365, 4.842057e-01, 6.717849e-01
366, 4.843146e-01, 5.825363e-01
367, 4.845155e-01, 3.952276e-01
368, 4.845665e-01, 4.835807e-01
369, 4.846373e-01, 4.497936e-01
370, 4.847441e-01, 2.718369e-01
371, 4.847897e-01, 2.175509e-01
372, 4.851636e-01, 8.401220e-01
373, 4.851636e-01, 8.488594e-01
374, 4.851907e-01, 3.058576e-01
375, 4.852134e-01, 3.509222e-01
376, 4.854694e-01, 8.041313e-01
377, 4.854937e-01, 7.520912e-01
378, 4.855075e-01, 3.158379e-01
379, 4.855598e-01, 6.180030e-01
380, 4.855598e-01, 6.256363e-01
381, 5.045175e-01, 7.411064e-01
382, 5.045175e-01, 7.709425e-01
383, 5.072656e-01, 2.851041e-01
384, 5.074871e-01, 3.824486e-01
385, 5.074871e-01, 3.722494e-01
386, 5.075052e-01, 3.380503e-01
387, 5.075286e-01, 5.507460e-01
388, 5.075286e-01, 5.587814e-01
389, 5.076977e-01, 4.631093e-01
390, 5.077221e-01, 4.702050e-01
391, 5.078007e-01, 2.042637e-01
392, 5.079253e-01, 1.510922e-01
393, 5.079253e-01, 1.578738e-01
394, 5.080238e-01, 8.169720e-01
395, 5.081016e-01, 6.844462e-01
396, 5.082464e-01, 7.774043e-01
397, 5.082464e-01, 7.824193e-01
398, 5.083707e-01, 7.366565e-01
399, 5.083707e-01, 7.291266e-01
400, 5.085177e-01, 5.965118e-01
401, 5.087665e-01, 4.182430e-01
402, 5.087668e-01, 6.486826e-01
403, 5.090696e-01, 5.158218e-01
404, 5.091266e-01, 2.480698e-01
405, 5.096099e-01, 1.607919e-01
406, 5.109895e-01, 5.936582e-01
407, 5.109895e-01, 5.647763e-01
408, 5.288266e-01, 2.297585e-01
409, 5.288266e-01, 2.594378e-01
410, 5.290506e-01, 7.654024e-01
411, 5.304651e-01, 5.760117e-01
412, 5.304651e-01, 5.824197e-01
413, 5.305242e-01, 4.056877e-01
414, 5.306426e-01, 6.613061e-01
415, 5.309055e-01, 8.037680e-01
416, 5.309508e-01, 7.156170e-01
417, 5.310172e-01, 1.830684e-01
418, 5.311288e-01, 8.487576e-01
419, 5.313262e-01, 2.712147e-01
420, 5.313262e-01, 3.061998e-01
421, 5.313525e-01, 5.369983e-01
422, 5.313525e-01, 5.286850e-01
423, 5.314936e-01, 2.171420e-01
424, 5.314936e-01, 2.251389e-01
425, 5.315356e-01, 4.841289e-01
426, 5.315356e-01, 4.939324e-01
427, 5.316189e-01, 4.493478e-01
428, 5.317220e-01, 6.176297e-01
429, 5.318060e-01, 3.155805e-01
430, 5.318099e-01, 2.628819e-01
431, 5.319234e-01, 5.734844e-01
432, 5.321093e-01, 3.520819e-01
433, 5.322952e-01, 7.597823e-01
434, 5.322952e-01, 7.504621e-01
435, 5.518227e-01, 3.702677e-01
436, 5.518227e-01, 3.406988e-01
437, 5.519618e-01, 6.375452e-01
438, 5.519618e-01, 6.059427e-01
439, 5.533753e-01, 3.729571e-01
440, 5.533753e-01, 3.822349e-01
441, 5.536108e-01, 8.173517e-01
442, 5.536108e-01, 8.255762e-01
443, 5.536917e-01, 7.721419e-01
444, 5.536917e-01, 7.381072e-01
445, 5.537961e-01, 4.263231e-01
446, 5.537961e-01, 4.180947e-01
447, 5.538468e-01, 1.518983e-01
448, 5.538973e-01, 6.846621e-01
449, 5.539833e-01, 4.622616e-01
450, 5.540939e-01, 5.960637e-01
451, 5.540939e-01, 6.034812e-01
452, 5.541532e-01, 1.964277e-01
453, 5.541532e-01, 2.040578e-01
454, 5.541819e-01, 3.285058e-01
455, 5.541819e-01, 2.941148e-01
456, 5.541838e-01, 7.831244e-01
457, 5.542709e-01, 4.709960e-01
458, 5.542889e-01, 5.152603e-01
459, 5.542889e-01, 5.072055e-01
460, 5.542950e-01, 6.415867e-01
461, 5.542950e-01, 6.487066e-01
462, 5.543283e-01, 5.605424e-01
463, 5.544584e-01, 5.506700e-01
464, 5.544737e-01, 7.292049e-01
465, 5.545190e-01, 2.837737e-01
466, 5.545986e-01, 3.374940e-01
467, 5.548628e-01, 2.386379e-01
468, 5.552669e-01, 2.493372e-01
469, 5.554759e-01, 8.288068e-01
470, 5.763707e-01, 1.727066e-01
471, 5.764271e-01, 2.173288e-01
472, 5.764271e-01, 2.271149e-01
473, 5.767260e-01, 2.709543e-01
474, 5.767260e-01, 2.617203e-01
475, 5.767486e-01, 6.714707e-01
476, 5.767541e-01, 1.829812e-01
477, 5.769375e-01, 4.495053e-01
478, 5.769375e-01, 4.399067e-01
479, 5.769944e-01, 4.842353e-01
480, 5.772009e-01, 6.619245e-01
481, 5.773183e-01, 7.503954e-01
482, 5.773439e-01, 3.067062e-01
483, 5.773439e-01, 3.158484e-01
484, 5.773457e-01, 5.374627e-01
485, 5.774133e-01, 8.036164e-01
486, 5.774133e-01, 7.965291e-01
487, 5.774551e-01, 7.155781e-01
488, 5.774741e-01, 8.483660e-01
489, 5.774741e-01, 8.415140e-01
490, 5.775559e-01, 5.736593e-01
491, 5.780988e-01, 5.820674e-01
492, 5.781966e-01, 6.173987e-01
493, 5.783658e-01, 3.512178e-01
494, 5.786462e-01, 4.369456e-01
495, 5.792139e-01, 2.738275e-01
496, 5.792139e-01, 3.034681e-01
497, 5.995065e-01, 6.955516e-01
498, 5.996129e-01, 4.179445e-01
499, 5.998268e-01, 2.857267e-01
500, 5.998349e-01, 2.038125e-01
501, 5.999070e-01, 8.283200e-01
502, 6.000418e-01, 6.392485e-01
503, 6.000418e-01, 6.047847e-01
504, 6.000745e-01, 6.489395e-01
505, 6.001009e-01, 2.481941e-01
506, 6.001009e-01, 2.412107e-01
507, 6.001922e-01, 3.819966e-01
508, 6.002082e-01, 8.169232e-01
509, 6.002293e-01, 7.829719e-01
510, 6.002293e-01, 7.737576e-01
511, 6.002946e-01, 7.371283e-01
512, 6.002998e-01, 4.629953e-01
513, 6.003556e-01, 5.949191e-01
514, 6.003556e-01, 5.617435e-01
515, 6.003602e-01, 4.707382e-01
516, 6.006751e-01, 3.293255e-01
517, 6.007483e-01, 5.160015e-01
518, 6.007483e-01, 5.061306e-01
519, 6.008120e-01, 5.511253e-01
520, 6.015279e-01, 6.920527e-01
521, 6.015279e-01, 6.847773e-01
522, 6.023766e-01, 5.033122e-01
523, 6.023766e-01, 4.730670e-01
524, 6.024604e-01, 2.068436e-01
525, 6.024604e-01, 2.371235e-01
526, 6.215268e-01, 7.035963e-01
527, 6.215268e-01, 6.732250e-01
528, 6.228356e-01, 8.408687e-01
529, 6.230035e-01, 4.849820e-01
530, 6.231600e-01, 7.064244e-01
531, 6.231600e-01, 7.163717e-01
532, 6.231812e-01, 3.952711e-01
533, 6.231908e-01, 7.962305e-01
534, 6.231908e-01, 8.036524e-01
535, 6.232372e-01, 5.739068e-01
536, 6.232372e-01, 5.381763e-01
537, 6.232403e-01, 3.161489e-01
538, 6.234749e-01, 5.818910e-01
539, 6.235266e-01, 7.501895e-01
540, 6.235266e-01, 7.602247e-01
541, 6.235614e-01, 4.041159e-01
542, 6.236182e-01, 6.708089e-01
543, 6.237138e-01, 2.191159e-01
544, 6.237296e-01, 5.292765e-01
545, 6.238367e-01, 3.509401e-01
546, 6.238676e-01, 4.396379e-01
547, 6.239677e-01, 1.817638e-01
548, 6.241131e-01, 6.178191e-01
549, 6.243984e-01, 4.491846e-01
550, 6.252401e-01, 8.060181e-01
551, 6.252401e-01, 8.367038e-01
552, 6.256063e-01, 7.934420e-01
553, 6.256063e-01, 7.638270e-01
554, 6.449617e-01, 3.708020e-01
555, 6.453806e-01, 5.055575e-01
556, 6.456409e-01, 8.177905e-01
557, 6.456409e-01, 8.249347e-01
558, 6.457291e-01, 6.391379e-01
559, 6.457291e-01, 6.053456e-01
560, 6.459201e-01, 7.817198e-01
561, 6.459201e-01, 7.755460e-01
562, 6.460363e-01, 6.486881e-01
563, 6.460458e-01, 2.390176e-01
564, 6.460851e-01, 7.296056e-01
565, 6.460906e-01, 5.612717e-01
566, 6.460906e-01, 5.505113e-01
567, 6.463826e-01, 2.485912e-01
568, 6.463966e-01, 4.174698e-01
569, 6.464208e-01, 5.951320e-01
570, 6.467196e-01, 6.841446e-01
571, 6.467583e-01, 1.511253e-01
572, 6.468393e-01, 3.822777e-01
573, 6.468393e-01, 3.740544e-01
574, 6.468909e-01, 5.156991e-01
575, 6.468909e-01, 5.081717e-01
576, 6.471709e-01, 2.938544e-01
577, 6.472347e-01, 2.840938e-01
578, 6.477834e-01, 7.723169e-01
579, 6.478592e-01, 8.287789e-01
580, 6.690435e-01, 2.173831e-01
581, 6.691896e-01, 4.953007e-01
582, 6.691896e-01, 5.285798e-01
583, 6.692213e-01, 3.064348e-01
584, 6.692213e-01, 2.713934e-01
585, 6.692333e-01, 3.148491e-01
586, 6.693706e-01, 7.503842e-01
587, 6.693706e-01, 7.598472e-01
588, 6.693737e-01, 6.621637e-01
589, 6.693737e-01, 6.261894e-01
590, 6.694114e-01, 4.839277e-01
591, 6.695771e-01, 1.831138e-01
592, 6.696077e-01, 8.486825e-01
593, 6.697493e-01, 5.368501e-01
594, 6.698837e-01, 5.814757e-01
595, 6.698854e-01, 6.180962e-01
596, 6.699997e-01, 6.706970e-01
597, 6.701692e-01, 4.491561e-01
598, 6.702862e-01, 7.057135e-01
599, 6.703326e-01, 3.519428e-01
600, 6.703326e-01, 3.604836e-01
601, 6.706239e-01, 7.166456e-01
602, 6.711934e-01, 7.630046e-01
603, 6.887582e-01, 5.923673e-01
604, 6.887582e-01, 5.640734e-01
605, 6.912771e-01, 8.273211e-01
606, 6.914464e-01, 3.397590e-01
607, 6.921215e-01, 7.750936e-01
608, 6.921215e-01, 7.816873e-01
609, 6.924154e-01, 7.292252e-01
610, 6.924183e-01, 3.816759e-01
611, 6.924310e-01, 1.510960e-01
612, 6.925370e-01, 6.936497e-01
613, 6.925833e-01, 4.620902e-01
614, 6.925948e-01, 6.384210e-01
615, 6.925948e-01, 6.049917e-01
616, 6.929537e-01, 6.841217e-01
617, 6.929744e-01, 8.243798e-01
618, 6.929744e-01, 8.179906e-01
619, 6.929977e-01, 6.496067e-01
620, 6.930356e-01, 5.157750e-01
621, 6.930543e-01, 5.507032e-01
622, 6.930543e-01, 5.566285e-01
623, 6.930783e-01, 5.973547e-01
624, 6.932208e-01, 2.842235e-01
625, 6.932208e-01, 2.926097e-01
626, 6.932721e-01, 4.185267e-01
627, 6.934356e-01, 3.374625e-01
628, 6.935413e-01, 2.399228e-01
629, 6.935813e-01, 2.492176e-01
630, 6.938230e-01, 7.721450e-01
631, 6.949949e-01, 2.956818e-01
632, 7.138308e-01, 4.066555e-01
633, 7.138308e-01, 4.370088e-01
634, 7.150119e-01, 2.615923e-01
635, 7.151065e-01, 5.285241e-01
636, 7.151500e-01, 8.051859e-01
637, 7.151500e-01, 8.371894e-01
638, 7.151521e-01, 6.171712e-01
639, 7.154038e-01, 3.152380e-01
640, 7.154404e-01, 5.377768e-01
641, 7.154404e-01, 5.695597e-01
642, 7.157962e-01, 7.513909e-01
643, 7.157967e-01, 6.627714e-01
644, 7.157967e-01, 6.709265e-01
645, 7.158094e-01, 4.846820e-01
646, 7.158387e-01, 3.951995e-01
647, 7.160686e-01, 7.062704e-01
648, 7.162034e-01, 1.820509e-01
649, 7.162034e-01, 1.744082e-01
650, 7.162349e-01, 2.181311e-01
651, 7.163960e-01, 7.153117e-01
652, 7.164509e-01, 4.036306e-01
653, 7.165536e-01, 3.508028e-01
654, 7.165584e-01, 4.417336e-01
655, 7.165584e-01, 4.485742e-01
656, 7.169330e-01, 8.402780e-01
657, 7.173804e-01, 5.729201e-01
658, 7.173804e-01, 5.833312e-01
659, 7.379073e-01, 7.732120e-01
660, 7.379419e-01, 5.058114e-01
661, 7.381652e-01, 7.816681e-01
662, 7.384758e-01, 3.724673e-01
663, 7.384758e-01, 3.831885e-01
664, 7.385180e-01, 6.842084e-01
665, 7.386403e-01, 4.613249e-01
666, 7.388705e-01, 3.287935e-01
667, 7.388705e-01, 3.379163e-01
668, 7.388788e-01, 5.957449e-01
669, 7.388788e-01, 6.034708e-01
670, 7.388962e-01, 1.951543e-01
671, 7.389350e-01, 5.604691e-01
672, 7.389665e-01, 6.416872e-01
673, 7.389665e-01, 6.489602e-01
674, 7.390226e-01, 2.487724e-01
675, 7.391649e-01, 5.511331e-01
676, 7.394851e-01, 4.169312e-01
677, 7.395647e-01, 8.184440e-01
678, 7.396444e-01, 2.944558e-01
679, 7.396959e-01, 5.152417e-01
680, 7.396959e-01, 5.088487e-01
681, 7.398418e-01, 2.846668e-01
682, 7.412233e-01, 6.377780e-01
683, 7.412233e-01, 6.061775e-01
684, 7.608405e-01, 6.615826e-01
685, 7.609753e-01, 4.496942e-01
686, 7.611926e-01, 6.711191e-01
687, 7.611942e-01, 3.962983e-01
688, 7.617369e-01, 1.753655e-01
689, 7.617369e-01, 1.815152e-01
690, 7.617645e-01, 5.279813e-01
691, 7.617877e-01, 3.067650e-01
692, 7.617877e-01, 3.151171e-01
693, 7.618068e-01, 4.040504e-01
694, 7.620081e-01, 5.823656e-01
695, 7.620752e-01, 7.161067e-01
696, 7.621093e-01, 2.718124e-01
697, 7.621684e-01, 2.621288e-01
698, 7.621946e-01, 8.484718e-01
699, 7.622145e-01, 6.182905e-01
700, 7.622631e-01, 7.504103e-01
701, 7.622639e-01, 3.514207e-01
702, 7.627552e-01, 2.183222e-01
703, 7.628385e-01, 4.838011e-01
704, 7.633553e-01, 6.736177e-01
705, 7.636428e-01, 1.720627e-01
706, 7.839479e-01, 5.064525e-01
707, 7.839479e-01, 4.716074e-01
708, 7.840461e-01, 3.696243e-01
709, 7.840713e-01, 5.156698e-01
710, 7.846144e-01, 4.633441e-01
711, 7.846256e-01, 6.053497e-01
712, 7.846256e-01, 5.954256e-01
713, 7.846871e-01, 2.056581e-01
714, 7.847003e-01, 7.291760e-01
715, 7.847003e-01, 7.374544e-01
716, 7.847050e-01, 2.838592e-01
717, 7.847050e-01, 2.931656e-01
718, 7.848416e-01, 1.948565e-01
719, 7.848416e-01, 1.598173e-01
720, 7.848475e-01, 1.513830e-01
721, 7.849616e-01, 3.285033e-01
722, 7.850920e-01, 7.745755e-01
723, 7.850920e-01, 7.823494e-01
724, 7.854149e-01, 5.508051e-01
725, 7.854655e-01, 6.863895e-01
726, 7.857441e-01, 4.179799e-01
727, 7.858537e-01, 8.175278e-01
728, 7.859742e-01, 2.492855e-01
729, 7.864289e-01, 6.474169e-01
730, 7.867858e-01, 3.743701e-01
731, 7.867858e-01, 3.825818e-01
732, 7.868291e-01, 4.607872e-01
733, 8.059605e-01, 3.936466e-01
734, 8.059605e-01, 3.632939e-01
735, 8.061751e-01, 6.588116e-01
736, 8.066701e-01, 7.034114e-01
737, 8.066701e-01, 6.741487e-01
738, 8.071952e-01, 6.186221e-01
739, 8.072177e-01, 2.615441e-01
740, 8.076863e-01, 2.705928e-01
741, 8.077270e-01, 8.389666e-01
742, 8.077270e-01, 8.049057e-01
743, 8.078689e-01, 2.178348e-01
744, 8.079442e-01, 4.485948e-01
745, 8.079906e-01, 7.609264e-01
746, 8.079906e-01, 7.513398e-01
747, 8.081100e-01, 1.823621e-01
748, 8.081620e-01, 7.956620e-01
749, 8.082120e-01, 3.160976e-01
750, 8.082120e-01, 3.070301e-01
751, 8.082875e-01, 3.963331e-01
752, 8.084343e-01, 3.503155e-01
753, 8.084343e-01, 3.590070e-01
754, 8.084657e-01, 5.815328e-01
755, 8.085113e-01, 5.297782e-01
756, 8.085113e-01, 5.374772e-01
757, 8.089487e-01, 4.923067e-01
758, 8.089487e-01, 4.848943e-01
759, 8.091330e-01, 7.076762e-01
760, 8.091330e-01, 7.149651e-01
761, 8.092385e-01, 6.711825e-01
762, 8.092385e-01, 6.623481e-01
763, 8.098920e-01, 2.731402e-01
764, 8.098920e-01, 3.041211e-01
765, 8.105555e-01, 4.950890e-01
766, 8.105555e-01, 5.274174e-01
767, 8.290271e-01, 3.709023e-01
768, 8.290271e-01, 3.384247e-01
769, 8.291289e-01, 4.732373e-01
770, 8.291289e-01, 5.058098e-01
771, 8.300562e-01, 1.593609e-01
772, 8.308951e-01, 5.506987e-01
773, 8.309887e-01, 5.090289e-01
774, 8.309887e-01, 5.156219e-01
775, 8.310373e-01, 7.823836e-01
776, 8.310373e-01, 7.745937e-01
777, 8.310928e-01, 2.853788e-01
778, 8.311506e-01, 2.485449e-01
779, 8.311658e-01, 6.838405e-01
780, 8.312939e-01, 8.177518e-01
781, 8.313383e-01, 7.378582e-01
782, 8.313706e-01, 2.042642e-01
783, 8.314108e-01, 3.294983e-01
784, 8.314108e-01, 3.356727e-01
785, 8.316099e-01, 6.494387e-01
786, 8.316190e-01, 4.179168e-01
787, 8.317696e-01, 5.949891e-01
788, 8.322128e-01, 4.626081e-01
789, 8.322468e-01, 3.764795e-01
790, 8.322468e-01, 3.825074e-01
791, 8.323373e-01, 4.695319e-01
792, 8.325144e-01, 1.636190e-01
793, 8.335268e-01, 7.403848e-01
794, 8.335268e-01, 7.702815e-01
795, 1.610681e-01, 6.278677e-01
796, 1.616693e-01, 7.946224e-01
797, 1.615877e-01, 7.606044e-01
798, 1.626006e-01, 3.071243e-01
799, 1.630595e-01, 4.395330e-01
800, 1.620217e-01, 4.938808e-01
801, 1.616318e-01, 8.390555e-01
802, 1.620024e-01, 3.952837e-01
803, 1.617387e-01, 6.718739e-01
804, 1.846490e-01, 7.729477e-01
805, 1.836804e-01, 5.601930e-01
806, 1.854480e-01, 6.391383e-01
807, 1.852536e-01, 1.948332e-01
808, 1.847034e-01, 4.710874e-01
809, 1.854396e-01, 6.052274e-01
810, 2.069147e-01, 4.396059e-01
811, 2.079244e-01, 2.283203e-01
812, 2.076833e-01, 3.057682e-01
813, 2.084102e-01, 3.598340e-01
814, 2.083920e-01, 7.056518e-01
815, 2.088069e-01, 5.374694e-01
816, 2.305326e-01, 3.381557e-01
817, 2.305351e-01, 3.738537e-01
818, 2.305391e-01, 7.384716e-01
819, 2.317108e-01, 2.926959e-01
820, 2.317464e-01, 5.595745e-01
821, 2.312238e-01, 6.935358e-01
822, 2.314022e-01, 1.945546e-01
823, 2.313468e-01, 2.049732e-01
824, 2.317181e-01, 3.285987e-01
825, 2.316038e-01, 5.950653e-01
826, 2.314602e-01, 7.281943e-01
827, 2.542635e-01, 2.710468e-01
828, 2.539649e-01, 3.608194e-01
829, 2.536488e-01, 5.734712e-01
830, 2.534583e-01, 7.600754e-01
831, 2.529364e-01, 8.044413e-01
832, 2.543810e-01, 2.276010e-01
833, 2.542291e-01, 6.263896e-01
834, 2.541422e-01, 6.618912e-01
835, 2.544397e-01, 6.719345e-01
836, 2.769163e-01, 3.732859e-01
837, 2.770263e-01, 4.263348e-01
838, 2.775785e-01, 5.057972e-01
839, 2.772009e-01, 6.390479e-01
840, 2.772415e-01, 7.712248e-01
841, 2.773799e-01, 4.714669e-01
842, 2.990791e-01, 2.628140e-01
843, 2.991999e-01, 2.275507e-01
844, 3.002309e-01, 3.064942e-01
845, 2.998908e-01, 3.610897e-01
846, 3.005652e-01, 5.722039e-01
847, 3.006948e-01, 1.731847e-01
848, 3.008754e-01, 4.397095e-01
849, 3.000860e-01, 4.931763e-01
850, 3.008161e-01, 6.261798e-01
851, 3.004398e-01, 4.050790e-01
852, 3.009034e-01, 6.617132e-01
853, 3.011011e-01, 7.956161e-01
854, 3.232103e-01, 2.935472e-01
855, 3.236096e-01, 1.598329e-01
856, 3.242300e-01, 2.394906e-01
857, 3.235476e-01, 3.726032e-01
858, 3.239412e-01, 2.046571e-01
859, 3.464484e-01, 3.066519e-01
860, 3.464583e-01, 3.953296e-01
861, 3.468449e-01, 4.932999e-01
862, 3.465462e-01, 2.274127e-01
863, 3.463968e-01, 4.391110e-01
864, 3.462862e-01, 5.715566e-01
865, 3.467482e-01, 7.597720e-01
866, 3.460989e-01, 8.392894e-01
867, 3.465922e-01, 2.617556e-01
868, 3.469688e-01, 7.954777e-01
869, 3.684568e-01, 5.055685e-01
870, 3.694257e-01, 5.565831e-01
871, 3.693472e-01, 7.739475e-01
872, 3.699230e-01, 2.404007e-01
873, 3.701042e-01, 4.256184e-01
874, 3.694548e-01, 6.400539e-01
875, 3.701618e-01, 6.942239e-01
876, 3.699869e-01, 2.046925e-01
877, 3.693163e-01, 3.281815e-01
878, 3.693711e-01, 3.375898e-01
879, 3.694906e-01, 6.054892e-01
880, 3.920983e-01, 5.388845e-01
881, 3.925959e-01, 7.603581e-01
882, 3.918963e-01, 8.048377e-01
883, 3.920209e-01, 8.391275e-01
884, 3.929519e-01, 3.066494e-01
885, 3.930602e-01, 6.271614e-01
886, 4.153535e-01, 2.399221e-01
887, 4.155671e-01, 6.053942e-01
888, 4.156203e-01, 7.726463e-01
889, 4.154540e-01, 4.267774e-01
890, 4.160236e-01, 6.950852e-01
891, 4.160094e-01, 7.281035e-01
892, 4.383594e-01, 1.736145e-01
893, 4.391683e-01, 3.051336e-01
894, 4.381821e-01, 5.379713e-01
895, 4.382191e-01, 5.729610e-01
896, 4.371975e-01, 7.608592e-01
897, 4.381759e-01, 8.049969e-01
898, 4.377654e-01, 8.396362e-01
899, 4.397403e-01, 3.606003e-01
900, 4.388964e-01, 4.403727e-01
901, 4.387396e-01, 2.615483e-01
902, 4.394929e-01, 3.954563e-01
903, 4.393791e-01, 6.712844e-01
904, 4.619856e-01, 1.608965e-01
905, 4.617950e-01, 3.287004e-01
906, 4.613989e-01, 5.950275e-01
907, 4.615931e-01, 5.601904e-01
908, 4.613680e-01, 6.048290e-01
909, 4.613760e-01, 6.408250e-01
910, 4.617450e-01, 5.061669e-01
911, 4.622325e-01, 6.940613e-01
912, 4.844128e-01, 2.261862e-01
913, 4.848644e-01, 3.599877e-01
914, 4.843074e-01, 4.392868e-01
915, 4.842143e-01, 5.294341e-01
916, 4.841754e-01, 4.922151e-01
917, 4.842222e-01, 6.617423e-01
918, 4.841389e-01, 1.720889e-01
919, 4.861714e-01, 7.595625e-01
920, 4.862121e-01, 7.955101e-01
921, 5.084637e-01, 2.399744e-01
922, 5.067764e-01, 3.286002e-01
923, 5.066085e-01, 2.934676e-01
924, 5.082321e-01, 4.256115e-01
925, 5.085492e-01, 5.059820e-01
926, 5.080788e-01, 6.047465e-01
927, 5.082033e-01, 6.393672e-01
928, 5.077460e-01, 8.264034e-01
929, 5.086471e-01, 6.936066e-01
930, 5.089344e-01, 1.962013e-01
931, 5.310716e-01, 4.381855e-01
932, 5.311823e-01, 6.267886e-01
933, 5.299781e-01, 7.954952e-01
934, 5.316252e-01, 1.720881e-01
935, 5.324799e-01, 3.586663e-01
936, 5.315355e-01, 7.060810e-01
937, 5.314268e-01, 8.387349e-01
938, 5.319850e-01, 3.950861e-01
939, 5.316869e-01, 6.715820e-01
940, 5.543432e-01, 1.594094e-01
941, 5.544903e-01, 6.935247e-01
942, 5.765314e-01, 5.285706e-01
943, 5.763557e-01, 4.935256e-01
944, 5.776988e-01, 6.274925e-01
945, 5.771018e-01, 7.076682e-01
946, 5.787633e-01, 3.592104e-01
947, 5.777045e-01, 7.603001e-01
948, 5.782998e-01, 3.951268e-01
949, 5.780425e-01, 4.051486e-01
950, 6.011922e-01, 1.589079e-01
951, 6.000080e-01, 3.383360e-01
952, 5.997665e-01, 3.722934e-01
953, 6.000026e-01, 7.288889e-01
954, 6.003739e-01, 2.925170e-01
955, 5.999564e-01, 4.254292e-01
956, 6.003635e-01, 1.956985e-01
957, 6.233700e-01, 1.717160e-01
958, 6.230535e-01, 2.717661e-01
959, 6.226761e-01, 3.066725e-01
960, 6.235090e-01, 3.591832e-01
961, 6.242711e-01, 2.258120e-01
962, 6.235458e-01, 4.923446e-01
963, 6.246534e-01, 6.263553e-01
964, 6.244118e-01, 2.615102e-01
965, 6.244060e-01, 6.616248e-01
966, 6.465972e-01, 1.952125e-01
967, 6.463398e-01, 1.593619e-01
968, 6.466594e-01, 2.055207e-01
969, 6.453824e-01, 3.382643e-01
970, 6.458244e-01, 4.619648e-01
971, 6.457500e-01, 4.274932e-01
972, 6.459630e-01, 4.713919e-01
973, 6.464023e-01, 6.926598e-01
974, 6.464869e-01, 3.283835e-01
975, 6.472848e-01, 7.373433e-01
976, 6.692626e-01, 1.719995e-01
977, 6.691104e-01, 2.621230e-01
978, 6.687234e-01, 2.263264e-01
979, 6.705292e-01, 4.394818e-01
980, 6.701597e-01, 5.751353e-01
981, 6.702587e-01, 8.402140e-01
982, 6.700436e-01, 3.948658e-01
983, 6.702323e-01, 4.048439e-01
984, 6.704597e-01, 7.946189e-01
985, 6.703178e-01, 8.045665e-01
986, 6.919324e-01, 3.737288e-01
987, 6.929277e-01, 4.257300e-01
988, 6.930080e-01, 1.603429e-01
989, 6.937115e-01, 5.073826e-01
990, 6.930466e-01, 1.957245e-01
991, 6.930247e-01, 2.044393e-01
992, 6.942153e-01, 3.279199e-01
993, 6.935774e-01, 4.713803e-01
994, 6.931192e-01, 7.378987e-01
995, 7.156234e-01, 2.265536e-01
996, 7.150822e-01, 2.712878e-01
997, 7.149766e-01, 3.077083e-01
998, 7.161961e-01, 3.604232e-01
999, 7.154579e-01, 4.936446e-01
1000, 7.158491e-01, 6.275289e-01
1001, 7.162238e-01, 7.601930e-01
1002, 7.161431e-01, 7.946777e-01
1003, 7.384706e-01, 2.050458e-01
1004, 7.385337e-01, 2.389399e-01
1005, 7.390627e-01, 4.282462e-01
1006, 7.386542e-01, 4.710744e-01
1007, 7.385169e-01, 7.284938e-01
1008, 7.381676e-01, 6.938658e-01
1009, 7.385620e-01, 7.378673e-01
1010, 7.392641e-01, 8.270313e-01
1011, 7.392400e-01, 1.618662e-01
1012, 7.624618e-01, 2.259261e-01
1013, 7.617291e-01, 3.579684e-01
1014, 7.623015e-01, 4.951974e-01
1015, 7.616101e-01, 5.379006e-01
1016, 7.615663e-01, 5.735045e-01
1017, 7.615275e-01, 6.252710e-01
1018, 7.619088e-01, 8.050880e-01
1019, 7.616514e-01, 8.398796e-01
1020, 7.614840e-01, 4.390301e-01
1021, 7.627153e-01, 7.057304e-01
1022, 7.629692e-01, 7.609806e-01
1023, 7.631923e-01, 7.952738e-01
1024, 7.853307e-01, 2.392013e-01
1025, 7.847996e-01, 3.379731e-01
1026, 7.851301e-01, 5.605847e-01
1027, 7.857353e-01, 6.384684e-01
1028, 7.851674e-01, 6.916879e-01
1029, 7.854975e-01, 8.269486e-01
1030, 7.862866e-01, 4.253683e-01
1031, 8.075433e-01, 2.274807e-01
1032, 8.078392e-01, 4.049710e-01
1033, 8.076675e-01, 4.386649e-01
1034, 8.066852e-01, 6.273797e-01
1035, 8.086323e-01, 1.723397e-01
1036, 8.087525e-01, 5.729098e-01
1037, 8.305828e-01, 7.277916e-01
1038, 8.304966e-01, 6.945728e-01
1039, 8.314785e-01, 2.397970e-01
1040, 8.316587e-01, 2.928631e-01
1041, 8.319159e-01, 4.259830e-01
1042, 8.314014e-01, 5.606650e-01
1043, 8.323308e-01, 6.393502e-01
1044, 8.320177e-01, 8.268434e-01
1045, 8.319425e-01, 1.951332e-01
1046, 8.324106e-01, 6.051722e-01
1047, 1.500000e-01, 1.684998e-01
1048, 1.500000e-01, 2.557603e-01
1049, 1.500000e-01, 2.342968e-01
1050, 1.500000e-01, 2.769810e-01
1051, 1.500000e-01, 3.004480e-01
1052, 1.500000e-01, 3.888482e-01
1053, 1.500000e-01, 3.673828e-01
1054, 1.500000e-01, 4.101080e-01
1055, 1.500000e-01, 4.331651e-01
1056, 1.500000e-01, 5.224086e-01
1057, 1.500000e-01, 4.997529e-01
1058, 1.500000e-01, 5.441552e-01
1059, 1.500000e-01, 5.668271e-01
1060, 1.500000e-01, 6.550393e-01
1061, 1.500000e-01, 6.345642e-01
1062, 1.500000e-01, 6.782844e-01
1063, 1.500000e-01, 6.999288e-01
1064, 1.500000e-01, 7.876969e-01
1065, 1.500000e-01, 7.670116e-01
1066, 1.500000e-01, 8.123783e-01
1067, 1.500000e-01, 8.326242e-01
1068, 1.500000e-01, 1.884210e-01
1069, 1.500000e-01, 2.106235e-01
1070, 1.500000e-01, 3.224376e-01
1071, 1.500000e-01, 3.437389e-01
1072, 1.500000e-01, 4.561052e-01
1073, 1.500000e-01, 4.776457e-01
1074, 1.500000e-01, 5.887070e-01
1075, 1.500000e-01, 6.113944e-01
1076, 1.500000e-01, 7.228406e-01
1077, 1.500000e-01, 7.438355e-01
1078, 1.629777e-01, 1.500000e-01
1079, 1.807796e-01, 1.500000e-01
1080, 1.857947e-01, 8.500000e-01
1081, 1.878585e-01, 1.500000e-01
1082, 2.047959e-01, 8.500000e-01
1083, 2.074903e-01, 1.500000e-01
1084, 2.095899e-01, 8.500000e-01
1085, 2.297080e-01, 1.500000e-01
1086, 2.308668e-01, 8.500000e-01
1087, 2.335466e-01, 1.500000e-01
1088, 2.525817e-01, 1.500000e-01
1089, 2.774998e-01, 8.500000e-01
1090, 3.007723e-01, 1.500000e-01
1091, 3.207139e-01, 1.500000e-01
1092, 3.241810e-01, 8.500000e-01
1093, 3.260004e-01, 1.500000e-01
1094, 3.463560e-01, 1.500000e-01
1095, 3.695850e-01, 8.500000e-01
1096, 3.923185e-01, 1.500000e-01
1097, 4.132833e-01, 1.500000e-01
1098, 4.158383e-01, 8.500000e-01
1099, 4.189018e-01, 1.500000e-01
1100, 4.350857e-01, 8.500000e-01
1101, 4.382804e-01, 1.500000e-01
1102, 4.412554e-01, 8.500000e-01
1103, 4.590652e-01, 1.500000e-01
1104, 4.623187e-01, 8.500000e-01
1105, 4.653012e-01, 1.500000e-01
1106, 4.832132e-01, 8.500000e-01
1107, 4.844126e-01, 1.500000e-01
1108, 4.871389e-01, 8.500000e-01
1109, 5.058339e-01, 1.500000e-01
1110, 5.075605e-01, 8.500000e-01
1111, 5.099967e-01, 1.500000e-01
1112, 5.288644e-01, 8.500000e-01
1113, 5.315781e-01, 1.500000e-01
1114, 5.334262e-01, 8.500000e-01
1115, 5.506566e-01, 1.500000e-01
1116, 5.551502e-01, 8.500000e-01
1117, 5.570289e-01, 1.500000e-01
1118, 5.747063e-01, 8.500000e-01
1119, 5.768855e-01, 1.500000e-01
1120, 5.803039e-01, 8.500000e-01
1121, 5.999070e-01, 8.500000e-01
1122, 6.229806e-01, 1.500000e-01
1123, 6.446398e-01, 1.500000e-01
1124, 6.473965e-01, 8.500000e-01
1125, 6.487072e-01, 1.500000e-01
1126, 6.673974e-01, 8.500000e-01
1127, 6.690571e-01, 1.500000e-01
1128, 6.718047e-01, 8.500000e-01
1129, 6.904177e-01, 1.500000e-01
1130, 6.918514e-01, 8.500000e-01
1131, 6.943290e-01, 1.500000e-01
1132, 7.161064e-01, 1.500000e-01
1133, 7.389592e-01, 8.500000e-01
1134, 7.595648e-01, 8.500000e-01
1135, 7.631385e-01, 1.500000e-01
1136, 7.648412e-01, 8.500000e-01
1137, 7.825338e-01, 1.500000e-01
1138, 7.852614e-01, 8.500000e-01
1139, 7.872441e-01, 1.500000e-01
1140, 8.085432e-01, 1.500000e-01
1141, 8.318875e-01, 8.500000e-01
1142, 8.500000e-01, 1.728318e-01
1143, 8.500000e-01, 2.594290e-01
1144, 8.500000e-01, 2.293997e-01
1145, 8.500000e-01, 2.744572e-01
1146, 8.500000e-01, 3.039881e-01
1147, 8.500000e-01, 3.927585e-01
1148, 8.500000e-01, 3.659194e-01
1149, 8.500000e-01, 4.073031e-01
1150, 8.500000e-01, 4.367041e-01
1151, 8.500000e-01, 5.266037e-01
1152, 8.500000e-01, 4.980554e-01
1153, 8.500000e-01, 5.396670e-01
1154, 8.500000e-01, 5.707310e-01
1155, 8.500000e-01, 6.600576e-01
1156, 8.500000e-01, 6.284621e-01
1157, 8.500000e-01, 6.737111e-01
1158, 8.500000e-01, 7.045972e-01
1159, 8.500000e-01, 7.922874e-01
1160, 8.500000e-01, 7.607658e-01
1161, 8.500000e-01, 8.066351e-01
1162, 8.500000e-01, 8.385371e-01
1163, 8.500000e-01, 1.844387e-01
1164, 8.500000e-01, 2.152270e-01
1165, 8.500000e-01, 3.183722e-01
1166, 8.500000e-01, 3.464066e-01
1167, 8.500000e-01, 4.525097e-01
1168, 8.500000e-01, 4.797346e-01
1169, 8.500000e-01, 5.843957e-01
1170, 8.500000e-01, 6.156264e-01
1171, 8.500000e-01, 7.176193e-01
1172, 8.500000e-01, 7.498969e-01
1173, 1.618367e-01, 8.497750e-01
1174, 2.542972e-01, 8.499110e-01
1175, 2.777064e-01, 1.502014e-01
1176, 3.002164e-01, 8.497764e-01
1177, 3.458042e-01, 8.498200e-01
1178, 3.696708e-01, 1.502136e-01
1179, 3.927037e-01, 8.499430e-01
1180, 6.017518e-01, 1.501680e-01
1181, 6.231600e-01, 8.498290e-01
1182, 7.171458e-01, 8.498603e-01
1183, 7.392174e-01, 1.502008e-01
1184, 8.081845e-01, 8.498296e-01
1185, 8.303061e-01, 1.501402e-01
