1, 1.520112e-01, 6.407167e-01
2, 1.520180e-01, 7.391501e-01
3, 1.522529e-01, 2.637856e-01
4, 1.523995e-01, 8.339199e-01
5, 1.530503e-01, 7.870299e-01
6, 1.534220e-01, 5.013261e-01
7, 1.535221e-01, 1.632295e-01
8, 1.535819e-01, 2.148878e-01
9, 1.539189e-01, 4.098149e-01
10, 1.539428e-01, 5.510503e-01
11, 1.540200e-01, 7.356811e-01
12, 1.540314e-01, 5.917365e-01
13, 1.540574e-01, 4.478654e-01
14, 1.544249e-01, 3.038032e-01
15, 1.544296e-01, 2.675576e-01
16, 1.554651e-01, 8.392321e-01
17, 1.625258e-01, 4.770357e-01
18, 1.638279e-01, 3.318452e-01
19, 1.641528e-01, 1.898378e-01
20, 1.644351e-01, 5.274124e-01
21, 1.652383e-01, 8.085649e-01
22, 1.652383e-01, 8.116864e-01
23, 1.667853e-01, 3.335316e-01
24, 1.677695e-01, 6.658114e-01
25, 1.751174e-01, 2.675576e-01
26, 1.753365e-01, 8.392321e-01
27, 1.755864e-01, 3.038032e-01
28, 1.757957e-01, 4.098149e-01
29, 1.759541e-01, 5.917365e-01
30, 1.762469e-01, 1.632295e-01
31, 1.763353e-01, 4.478654e-01
32, 1.766135e-01, 6.407167e-01
33, 1.778385e-01, 1.659865e-01
34, 1.782816e-01, 7.870299e-01
35, 1.784766e-01, 3.088096e-01
36, 1.792442e-01, 4.038414e-01
37, 1.808510e-01, 5.477759e-01
38, 1.808563e-01, 6.431650e-01
39, 1.823720e-01, 2.142736e-01
40, 1.833282e-01, 3.575123e-01
41, 1.838465e-01, 7.865905e-01
42, 1.847532e-01, 6.431650e-01
43, 1.850292e-01, 5.007283e-01
44, 1.858175e-01, 2.860922e-01
45, 1.870488e-01, 4.293075e-01
46, 1.880356e-01, 5.708090e-01
47, 1.902832e-01, 2.389729e-01
48, 1.903521e-01, 4.743365e-01
49, 1.904701e-01, 6.184430e-01
50, 1.913548e-01, 4.293075e-01
51, 1.913559e-01, 2.860922e-01
52, 1.921205e-01, 6.658114e-01
53, 1.922884e-01, 1.901658e-01
54, 1.923367e-01, 8.110564e-01
55, 1.923367e-01, 8.078320e-01
56, 1.925344e-01, 5.708090e-01
57, 1.929375e-01, 4.758295e-01
58, 1.929505e-01, 3.335316e-01
59, 1.931537e-01, 6.199927e-01
60, 1.933445e-01, 5.261132e-01
61, 1.933445e-01, 5.217778e-01
62, 1.942240e-01, 8.045616e-01
63, 1.942354e-01, 2.877550e-01
64, 1.943699e-01, 3.766335e-01
65, 1.945503e-01, 1.931839e-01
66, 1.947903e-01, 4.273236e-01
67, 1.950752e-01, 3.371569e-01
68, 1.952208e-01, 6.613035e-01
69, 1.952612e-01, 5.184587e-01
70, 1.952888e-01, 7.667631e-01
71, 1.956431e-01, 6.243065e-01
72, 1.961688e-01, 4.814253e-01
73, 2.065871e-01, 2.583354e-01
74, 2.094163e-01, 2.633403e-01
75, 2.165726e-01, 3.371569e-01
76, 2.165758e-01, 5.184587e-01
77, 2.167092e-01, 4.814253e-01
78, 2.168236e-01, 6.243065e-01
79, 2.171412e-01, 7.667631e-01
80, 2.173126e-01, 6.613035e-01
81, 2.174824e-01, 8.045616e-01
82, 2.177417e-01, 3.766335e-01
83, 2.179525e-01, 2.877550e-01
84, 2.187708e-01, 1.876174e-01
85, 2.191654e-01, 6.193506e-01
86, 2.191868e-01, 8.075139e-01
87, 2.191868e-01, 8.103383e-01
88, 2.192076e-01, 3.325925e-01
89, 2.193468e-01, 6.680030e-01
90, 2.193468e-01, 6.648271e-01
91, 2.195641e-01, 5.707497e-01
92, 2.200201e-01, 3.832675e-01
93, 2.200201e-01, 3.805800e-01
94, 2.218822e-01, 3.310479e-01
95, 2.221314e-01, 2.853435e-01
96, 2.252861e-01, 2.853435e-01
97, 2.253063e-01, 4.285933e-01
98, 2.259563e-01, 5.713461e-01
99, 2.264806e-01, 7.143398e-01
100, 2.273322e-01, 4.998264e-01
101, 2.277508e-01, 6.432226e-01
102, 2.282257e-01, 7.859638e-01
103, 2.285555e-01, 3.579137e-01
104, 2.303049e-01, 1.676433e-01
105, 2.315130e-01, 6.432226e-01
106, 2.336295e-01, 5.943026e-01
107, 2.340477e-01, 7.859638e-01
108, 2.343000e-01, 6.416131e-01
109, 2.350900e-01, 1.648800e-01
110, 2.358995e-01, 2.669521e-01
111, 2.363232e-01, 3.044569e-01
112, 2.363967e-01, 4.478111e-01
113, 2.364400e-01, 4.093006e-01
114, 2.364605e-01, 8.383912e-01
115, 2.366198e-01, 5.528680e-01
116, 2.366698e-01, 5.899108e-01
117, 2.370086e-01, 6.961080e-01
118, 2.371163e-01, 7.327697e-01
119, 2.371813e-01, 1.612561e-01
120, 2.439886e-01, 6.648271e-01
121, 2.449656e-01, 3.310479e-01
122, 2.458863e-01, 1.914257e-01
123, 2.464920e-01, 8.075139e-01
124, 2.466362e-01, 6.202501e-01
125, 2.470799e-01, 6.158433e-01
126, 2.477861e-01, 6.670201e-01
127, 2.486353e-01, 8.110671e-01
128, 2.490534e-01, 1.890611e-01
129, 2.497809e-01, 6.215525e-01
130, 2.500160e-01, 2.369974e-01
131, 2.569870e-01, 1.612561e-01
132, 2.573984e-01, 5.528680e-01
133, 2.578253e-01, 5.899108e-01
134, 2.578270e-01, 4.093006e-01
135, 2.583375e-01, 2.669521e-01
136, 2.583635e-01, 3.044569e-01
137, 2.584433e-01, 4.478111e-01
138, 2.585242e-01, 7.327697e-01
139, 2.590388e-01, 8.383912e-01
140, 2.590605e-01, 3.586495e-01
141, 2.597621e-01, 6.879802e-01
142, 2.599445e-01, 5.935815e-01
143, 2.601865e-01, 7.856052e-01
144, 2.604137e-01, 4.048199e-01
145, 2.609603e-01, 7.369896e-01
146, 2.610521e-01, 1.682976e-01
147, 2.611517e-01, 3.098076e-01
148, 2.612187e-01, 4.526155e-01
149, 2.612419e-01, 2.619212e-01
150, 2.616419e-01, 3.571599e-01
151, 2.641749e-01, 5.960246e-01
152, 2.654551e-01, 5.000704e-01
153, 2.663853e-01, 6.422597e-01
154, 2.682326e-01, 7.855275e-01
155, 2.682738e-01, 3.571599e-01
156, 2.683043e-01, 5.717592e-01
157, 2.690985e-01, 7.144529e-01
158, 2.691797e-01, 2.857329e-01
159, 2.692512e-01, 4.290897e-01
160, 2.693037e-01, 2.144597e-01
161, 2.720653e-01, 6.666742e-01
162, 2.740952e-01, 8.103314e-01
163, 2.743351e-01, 5.717592e-01
164, 2.743498e-01, 7.144529e-01
165, 2.745761e-01, 4.758977e-01
166, 2.747964e-01, 3.334367e-01
167, 2.755913e-01, 2.857329e-01
168, 2.756873e-01, 6.645826e-01
169, 2.757139e-01, 7.618853e-01
170, 2.760910e-01, 6.166602e-01
171, 2.768310e-01, 5.197829e-01
172, 2.769202e-01, 4.802032e-01
173, 2.774775e-01, 6.614805e-01
174, 2.775955e-01, 5.698764e-01
175, 2.783311e-01, 3.397322e-01
176, 2.783435e-01, 8.030371e-01
177, 2.785555e-01, 3.749651e-01
178, 2.786520e-01, 2.306586e-01
179, 2.787951e-01, 7.672245e-01
180, 2.790495e-01, 1.975826e-01
181, 2.866167e-01, 6.939241e-01
182, 2.874050e-01, 7.370610e-01
183, 2.884937e-01, 7.395651e-01
184, 2.887419e-01, 3.092867e-01
185, 2.894089e-01, 6.883449e-01
186, 2.894089e-01, 6.923116e-01
187, 2.900843e-01, 1.635507e-01
188, 2.976140e-01, 1.975826e-01
189, 2.982378e-01, 3.749651e-01
190, 2.985764e-01, 2.306586e-01
191, 2.985975e-01, 7.672245e-01
192, 2.992669e-01, 3.397322e-01
193, 2.996249e-01, 6.235028e-01
194, 2.996776e-01, 8.030371e-01
195, 3.004469e-01, 6.614805e-01
196, 3.005612e-01, 5.197829e-01
197, 3.006158e-01, 4.802032e-01
198, 3.014502e-01, 2.855129e-01
199, 3.018041e-01, 3.308132e-01
200, 3.018041e-01, 3.353373e-01
201, 3.020515e-01, 3.815711e-01
202, 3.022047e-01, 4.738996e-01
203, 3.022047e-01, 4.774527e-01
204, 3.022991e-01, 6.188706e-01
205, 3.024142e-01, 1.890538e-01
206, 3.024267e-01, 2.373280e-01
207, 3.026889e-01, 6.653641e-01
208, 3.055816e-01, 6.670346e-01
209, 3.070897e-01, 7.132466e-01
210, 3.076458e-01, 2.149486e-01
211, 3.085801e-01, 2.858242e-01
212, 3.088539e-01, 5.710721e-01
213, 3.089257e-01, 3.564632e-01
214, 3.094780e-01, 7.860716e-01
215, 3.110017e-01, 6.431974e-01
216, 3.120132e-01, 4.999458e-01
217, 3.138461e-01, 3.564632e-01
218, 3.143064e-01, 4.529162e-01
219, 3.148387e-01, 4.999458e-01
220, 3.151414e-01, 2.149486e-01
221, 3.151655e-01, 5.960397e-01
222, 3.152002e-01, 1.669116e-01
223, 3.153259e-01, 5.478726e-01
224, 3.171258e-01, 6.870261e-01
225, 3.174944e-01, 3.585686e-01
226, 3.175308e-01, 2.163275e-01
227, 3.179005e-01, 8.390869e-01
228, 3.180100e-01, 4.074939e-01
229, 3.180547e-01, 1.619918e-01
230, 3.188757e-01, 5.537123e-01
231, 3.189174e-01, 3.037192e-01
232, 3.193215e-01, 7.344344e-01
233, 3.194049e-01, 5.893484e-01
234, 3.194787e-01, 2.669456e-01
235, 3.260542e-01, 3.353373e-01
236, 3.267214e-01, 8.095894e-01
237, 3.278205e-01, 4.774527e-01
238, 3.296569e-01, 7.644120e-01
239, 3.296569e-01, 7.612224e-01
240, 3.297861e-01, 2.375350e-01
241, 3.301300e-01, 3.815711e-01
242, 3.334546e-01, 1.923279e-01
243, 3.404965e-01, 2.669456e-01
244, 3.407154e-01, 3.037192e-01
245, 3.407434e-01, 5.537123e-01
246, 3.408011e-01, 5.893484e-01
247, 3.411728e-01, 7.344344e-01
248, 3.413555e-01, 6.943702e-01
249, 3.416405e-01, 1.619918e-01
250, 3.420213e-01, 8.390869e-01
251, 3.420324e-01, 2.163275e-01
252, 3.425629e-01, 4.022682e-01
253, 3.430375e-01, 7.376655e-01
254, 3.430555e-01, 3.585686e-01
255, 3.431975e-01, 6.911783e-01
256, 3.432963e-01, 2.620940e-01
257, 3.435060e-01, 1.652244e-01
258, 3.444637e-01, 3.107928e-01
259, 3.459927e-01, 2.140405e-01
260, 3.488063e-01, 4.992684e-01
261, 3.491558e-01, 2.140405e-01
262, 3.504004e-01, 7.862873e-01
263, 3.508301e-01, 6.429538e-01
264, 3.510549e-01, 5.715804e-01
265, 3.512201e-01, 2.855279e-01
266, 3.528281e-01, 7.142378e-01
267, 3.544234e-01, 3.817288e-01
268, 3.565989e-01, 6.182545e-01
269, 3.566907e-01, 5.715804e-01
270, 3.568488e-01, 2.381150e-01
271, 3.568621e-01, 7.142378e-01
272, 3.570989e-01, 3.326738e-01
273, 3.571006e-01, 2.855279e-01
274, 3.577131e-01, 4.769081e-01
275, 3.578103e-01, 8.094208e-01
276, 3.578941e-01, 6.657458e-01
277, 3.582453e-01, 1.923279e-01
278, 3.596895e-01, 3.366371e-01
279, 3.597082e-01, 4.803841e-01
280, 3.599713e-01, 1.953177e-01
281, 3.600641e-01, 2.329359e-01
282, 3.603962e-01, 5.193443e-01
283, 3.608240e-01, 8.043316e-01
284, 3.609082e-01, 6.255076e-01
285, 3.609410e-01, 6.604680e-01
286, 3.613791e-01, 7.672699e-01
287, 3.688084e-01, 1.652244e-01
288, 3.690345e-01, 4.513634e-01
289, 3.706258e-01, 4.062097e-01
290, 3.706830e-01, 3.102143e-01
291, 3.716013e-01, 4.528446e-01
292, 3.718461e-01, 1.669774e-01
293, 3.810884e-01, 6.255076e-01
294, 3.812831e-01, 6.604680e-01
295, 3.813746e-01, 7.672699e-01
296, 3.818237e-01, 2.329359e-01
297, 3.820632e-01, 1.953177e-01
298, 3.820920e-01, 8.043316e-01
299, 3.823005e-01, 5.193443e-01
300, 3.825451e-01, 4.803841e-01
301, 3.828049e-01, 3.777246e-01
302, 3.838541e-01, 3.317161e-01
303, 3.838631e-01, 4.781015e-01
304, 3.838631e-01, 4.740572e-01
305, 3.840063e-01, 5.710595e-01
306, 3.840599e-01, 8.077416e-01
307, 3.840599e-01, 8.116630e-01
308, 3.843133e-01, 7.145157e-01
309, 3.847156e-01, 7.606432e-01
310, 3.847735e-01, 2.857310e-01
311, 3.847840e-01, 6.665344e-01
312, 3.848073e-01, 5.244549e-01
313, 3.886417e-01, 2.859299e-01
314, 3.902833e-01, 5.716364e-01
315, 3.908953e-01, 7.140389e-01
316, 3.912766e-01, 6.431509e-01
317, 3.924306e-01, 7.864280e-01
318, 3.925076e-01, 4.292025e-01
319, 3.928014e-01, 2.139134e-01
320, 3.936646e-01, 4.996523e-01
321, 3.946707e-01, 3.571761e-01
322, 3.959517e-01, 8.322565e-01
323, 3.962230e-01, 4.526261e-01
324, 3.965576e-01, 3.097168e-01
325, 3.968412e-01, 7.864280e-01
326, 3.972347e-01, 4.040475e-01
327, 3.973083e-01, 2.139134e-01
328, 3.973166e-01, 4.996523e-01
329, 3.982353e-01, 6.897813e-01
330, 3.994334e-01, 8.342671e-01
331, 3.995126e-01, 4.507264e-01
332, 4.002035e-01, 4.057620e-01
333, 4.003634e-01, 2.656257e-01
334, 4.011336e-01, 5.904313e-01
335, 4.012570e-01, 2.161921e-01
336, 4.014243e-01, 6.958121e-01
337, 4.014694e-01, 8.377939e-01
338, 4.015829e-01, 5.520631e-01
339, 4.017850e-01, 7.329020e-01
340, 4.022238e-01, 4.460330e-01
341, 4.031217e-01, 4.108168e-01
342, 4.091578e-01, 8.077416e-01
343, 4.109698e-01, 6.187776e-01
344, 4.116554e-01, 6.665581e-01
345, 4.118553e-01, 2.379046e-01
346, 4.119981e-01, 2.347793e-01
347, 4.137464e-01, 6.184043e-01
348, 4.141720e-01, 2.390776e-01
349, 4.149783e-01, 1.912332e-01
350, 4.214851e-01, 4.460330e-01
351, 4.225099e-01, 4.108168e-01
352, 4.227313e-01, 2.161921e-01
353, 4.230255e-01, 7.329020e-01
354, 4.231550e-01, 6.958121e-01
355, 4.233402e-01, 5.520631e-01
356, 4.234773e-01, 5.904313e-01
357, 4.237593e-01, 3.062474e-01
358, 4.238242e-01, 8.377939e-01
359, 4.247305e-01, 2.656257e-01
360, 4.250012e-01, 6.442281e-01
361, 4.254368e-01, 4.990699e-01
362, 4.254476e-01, 4.050340e-01
363, 4.254891e-01, 4.529670e-01
364, 4.257199e-01, 8.345090e-01
365, 4.260248e-01, 7.858665e-01
366, 4.260424e-01, 5.473835e-01
367, 4.262076e-01, 6.905225e-01
368, 4.265378e-01, 5.962529e-01
369, 4.270783e-01, 2.615573e-01
370, 4.277167e-01, 5.003865e-01
371, 4.277255e-01, 2.133080e-01
372, 4.279387e-01, 6.425317e-01
373, 4.313829e-01, 5.003865e-01
374, 4.316613e-01, 3.568964e-01
375, 4.321590e-01, 4.275370e-01
376, 4.324800e-01, 6.425317e-01
377, 4.330399e-01, 2.133080e-01
378, 4.336605e-01, 7.855420e-01
379, 4.337957e-01, 7.142390e-01
380, 4.344797e-01, 5.713660e-01
381, 4.359699e-01, 2.851018e-01
382, 4.374610e-01, 3.324645e-01
383, 4.388441e-01, 5.241488e-01
384, 4.394939e-01, 2.390776e-01
385, 4.412001e-01, 3.346238e-01
386, 4.418734e-01, 5.185580e-01
387, 4.424778e-01, 4.811680e-01
388, 4.424808e-01, 6.252194e-01
389, 4.428272e-01, 1.963653e-01
390, 4.428597e-01, 3.374985e-01
391, 4.429640e-01, 6.606920e-01
392, 4.429931e-01, 3.765130e-01
393, 4.434810e-01, 8.025423e-01
394, 4.435916e-01, 7.683395e-01
395, 4.437053e-01, 2.317826e-01
396, 4.542002e-01, 3.121273e-01
397, 4.558601e-01, 5.948853e-01
398, 4.635677e-01, 1.963653e-01
399, 4.636553e-01, 2.317826e-01
400, 4.636843e-01, 7.683395e-01
401, 4.640734e-01, 8.025423e-01
402, 4.641813e-01, 3.374985e-01
403, 4.649785e-01, 3.765130e-01
404, 4.651020e-01, 6.252194e-01
405, 4.651407e-01, 5.185580e-01
406, 4.652264e-01, 6.606920e-01
407, 4.654846e-01, 4.811680e-01
408, 4.660304e-01, 4.268886e-01
409, 4.661745e-01, 2.860510e-01
410, 4.665154e-01, 3.334540e-01
411, 4.667859e-01, 3.796449e-01
412, 4.668583e-01, 7.628395e-01
413, 4.669904e-01, 5.703248e-01
414, 4.678413e-01, 2.395141e-01
415, 4.679957e-01, 6.159009e-01
416, 4.679957e-01, 6.202052e-01
417, 4.680341e-01, 8.094056e-01
418, 4.681170e-01, 5.237123e-01
419, 4.683566e-01, 4.282319e-01
420, 4.687803e-01, 3.321460e-01
421, 4.693280e-01, 5.716747e-01
422, 4.698789e-01, 7.610951e-01
423, 4.702125e-01, 3.816238e-01
424, 4.704766e-01, 8.108160e-01
425, 4.723845e-01, 5.716747e-01
426, 4.728921e-01, 7.144605e-01
427, 4.729534e-01, 2.856845e-01
428, 4.732309e-01, 4.282319e-01
429, 4.737510e-01, 7.857833e-01
430, 4.738342e-01, 2.141442e-01
431, 4.754029e-01, 6.430579e-01
432, 4.758408e-01, 3.577024e-01
433, 4.761013e-01, 4.995651e-01
434, 4.797781e-01, 4.995651e-01
435, 4.800480e-01, 6.430579e-01
436, 4.804258e-01, 2.613072e-01
437, 4.808591e-01, 4.529311e-01
438, 4.814902e-01, 6.902299e-01
439, 4.816696e-01, 8.345054e-01
440, 4.816696e-01, 8.301995e-01
441, 4.817012e-01, 4.015191e-01
442, 4.817012e-01, 4.065632e-01
443, 4.817943e-01, 7.367666e-01
444, 4.817943e-01, 7.404609e-01
445, 4.828727e-01, 1.633389e-01
446, 4.834630e-01, 5.908650e-01
447, 4.837207e-01, 4.100615e-01
448, 4.837818e-01, 7.333237e-01
449, 4.838059e-01, 3.044712e-01
450, 4.838438e-01, 2.668203e-01
451, 4.839202e-01, 6.953698e-01
452, 4.839433e-01, 5.516526e-01
453, 4.843203e-01, 4.474409e-01
454, 4.843413e-01, 8.391332e-01
455, 4.928708e-01, 8.108160e-01
456, 4.929856e-01, 3.321460e-01
457, 4.932540e-01, 6.202052e-01
458, 4.949234e-01, 2.348766e-01
459, 4.955962e-01, 3.336525e-01
460, 4.956611e-01, 6.188161e-01
461, 5.048854e-01, 8.391332e-01
462, 5.052430e-01, 4.100615e-01
463, 5.055518e-01, 4.474409e-01
464, 5.057451e-01, 5.516526e-01
465, 5.059819e-01, 5.908650e-01
466, 5.060720e-01, 2.668203e-01
467, 5.061660e-01, 7.333237e-01
468, 5.061795e-01, 6.953698e-01
469, 5.065161e-01, 1.633389e-01
470, 5.065622e-01, 3.044712e-01
471, 5.067313e-01, 6.436516e-01
472, 5.074126e-01, 7.870273e-01
473, 5.081278e-01, 4.523725e-01
474, 5.082963e-01, 1.664226e-01
475, 5.083030e-01, 5.000531e-01
476, 5.086540e-01, 4.041530e-01
477, 5.086899e-01, 5.955558e-01
478, 5.087555e-01, 7.387261e-01
479, 5.089573e-01, 3.568550e-01
480, 5.089929e-01, 6.904965e-01
481, 5.092349e-01, 2.613416e-01
482, 5.101407e-01, 7.854519e-01
483, 5.128639e-01, 3.567589e-01
484, 5.145303e-01, 7.854519e-01
485, 5.152613e-01, 2.139191e-01
486, 5.159601e-01, 5.005467e-01
487, 5.161870e-01, 4.290186e-01
488, 5.171316e-01, 7.143291e-01
489, 5.171822e-01, 5.714639e-01
490, 5.171884e-01, 2.860760e-01
491, 5.206667e-01, 5.714639e-01
492, 5.212279e-01, 7.143291e-01
493, 5.214480e-01, 4.755416e-01
494, 5.217375e-01, 3.329943e-01
495, 5.221153e-01, 7.620656e-01
496, 5.222043e-01, 4.290186e-01
497, 5.222798e-01, 3.813170e-01
498, 5.223285e-01, 2.860760e-01
499, 5.224005e-01, 1.900025e-01
500, 5.224536e-01, 6.680421e-01
501, 5.230369e-01, 5.700951e-01
502, 5.239481e-01, 3.375589e-01
503, 5.243704e-01, 6.641782e-01
504, 5.246643e-01, 3.771866e-01
505, 5.249966e-01, 4.274061e-01
506, 5.250732e-01, 7.671894e-01
507, 5.252688e-01, 8.040413e-01
508, 5.255004e-01, 1.961941e-01
509, 5.255919e-01, 5.172309e-01
510, 5.259232e-01, 4.832886e-01
511, 5.262165e-01, 2.328956e-01
512, 5.346904e-01, 5.957799e-01
513, 5.350308e-01, 4.519003e-01
514, 5.351130e-01, 4.037010e-01
515, 5.351476e-01, 1.640801e-01
516, 5.351528e-01, 6.900339e-01
517, 5.370858e-01, 5.973166e-01
518, 5.371950e-01, 4.062550e-01
519, 5.404773e-01, 4.547071e-01
520, 5.459487e-01, 4.832886e-01
521, 5.460978e-01, 5.172309e-01
522, 5.467001e-01, 1.961941e-01
523, 5.469618e-01, 2.328956e-01
524, 5.469686e-01, 8.040413e-01
525, 5.472106e-01, 7.671894e-01
526, 5.477439e-01, 3.771866e-01
527, 5.483432e-01, 3.375589e-01
528, 5.489686e-01, 5.700951e-01
529, 5.493736e-01, 4.274061e-01
530, 5.496918e-01, 3.805607e-01
531, 5.497659e-01, 7.148980e-01
532, 5.498799e-01, 1.906860e-01
533, 5.500957e-01, 7.621918e-01
534, 5.506212e-01, 3.336128e-01
535, 5.545930e-01, 7.149793e-01
536, 5.555664e-01, 5.706765e-01
537, 5.558207e-01, 5.003889e-01
538, 5.560412e-01, 2.850376e-01
539, 5.563685e-01, 4.272809e-01
540, 5.574282e-01, 2.147657e-01
541, 5.577303e-01, 7.854116e-01
542, 5.610039e-01, 6.428049e-01
543, 5.613284e-01, 4.547071e-01
544, 5.624394e-01, 7.854116e-01
545, 5.626403e-01, 5.472727e-01
546, 5.629264e-01, 2.147657e-01
547, 5.631138e-01, 1.682143e-01
548, 5.631266e-01, 4.064882e-01
549, 5.631266e-01, 4.036245e-01
550, 5.633504e-01, 8.343067e-01
551, 5.633504e-01, 8.304465e-01
552, 5.636350e-01, 6.903882e-01
553, 5.644846e-01, 4.528857e-01
554, 5.650264e-01, 6.448211e-01
555, 5.655768e-01, 7.340054e-01
556, 5.657494e-01, 4.110314e-01
557, 5.661571e-01, 8.391685e-01
558, 5.661844e-01, 5.522839e-01
559, 5.662159e-01, 6.948588e-01
560, 5.662197e-01, 1.637214e-01
561, 5.664731e-01, 2.669675e-01
562, 5.669024e-01, 3.038395e-01
563, 5.669123e-01, 5.903299e-01
564, 5.678185e-01, 4.471145e-01
565, 5.756953e-01, 3.806532e-01
566, 5.764132e-01, 3.333887e-01
567, 5.766999e-01, 2.404828e-01
568, 5.785743e-01, 3.809547e-01
569, 5.871183e-01, 2.669675e-01
570, 5.872367e-01, 3.038395e-01
571, 5.873795e-01, 4.110314e-01
572, 5.878402e-01, 4.471145e-01
573, 5.884225e-01, 6.448211e-01
574, 5.885677e-01, 5.522839e-01
575, 5.885931e-01, 8.391685e-01
576, 5.887040e-01, 7.340054e-01
577, 5.889465e-01, 5.903299e-01
578, 5.889785e-01, 1.637214e-01
579, 5.892256e-01, 5.015094e-01
580, 5.895557e-01, 2.627456e-01
581, 5.898005e-01, 6.948588e-01
582, 5.898215e-01, 3.559971e-01
583, 5.907486e-01, 3.099229e-01
584, 5.907846e-01, 5.475508e-01
585, 5.909844e-01, 4.525574e-01
586, 5.910511e-01, 2.143028e-01
587, 5.910598e-01, 7.852095e-01
588, 5.913743e-01, 5.945354e-01
589, 5.914248e-01, 6.430873e-01
590, 5.916084e-01, 4.031079e-01
591, 5.916936e-01, 8.301689e-01
592, 5.916936e-01, 8.337978e-01
593, 5.916945e-01, 6.914367e-01
594, 5.921947e-01, 3.573676e-01
595, 5.924663e-01, 4.996380e-01
596, 5.931983e-01, 3.113365e-01
597, 5.936691e-01, 5.958596e-01
598, 5.942244e-01, 6.430873e-01
599, 5.957781e-01, 4.996380e-01
600, 5.964786e-01, 7.857945e-01
601, 5.972036e-01, 2.140960e-01
602, 5.978239e-01, 2.855118e-01
603, 5.980253e-01, 4.294719e-01
604, 5.993956e-01, 3.573676e-01
605, 5.997391e-01, 5.716349e-01
606, 6.005553e-01, 7.134766e-01
607, 6.039794e-01, 7.134766e-01
608, 6.042892e-01, 3.811640e-01
609, 6.043043e-01, 4.294719e-01
610, 6.044215e-01, 4.756136e-01
611, 6.045513e-01, 5.236978e-01
612, 6.048795e-01, 2.373650e-01
613, 6.051256e-01, 6.189008e-01
614, 6.051256e-01, 6.156848e-01
615, 6.057299e-01, 5.716349e-01
616, 6.066604e-01, 6.215594e-01
617, 6.070091e-01, 4.801837e-01
618, 6.071520e-01, 5.193398e-01
619, 6.074911e-01, 8.048583e-01
620, 6.075820e-01, 7.665612e-01
621, 6.079280e-01, 1.955309e-01
622, 6.080083e-01, 2.328120e-01
623, 6.080833e-01, 4.272896e-01
624, 6.087378e-01, 3.735400e-01
625, 6.092342e-01, 3.403252e-01
626, 6.176535e-01, 4.526701e-01
627, 6.180303e-01, 6.890322e-01
628, 6.182604e-01, 7.382075e-01
629, 6.186534e-01, 2.594852e-01
630, 6.186534e-01, 2.621767e-01
631, 6.203657e-01, 4.512348e-01
632, 6.215065e-01, 5.465335e-01
633, 6.277892e-01, 3.403252e-01
634, 6.278702e-01, 3.735400e-01
635, 6.286361e-01, 1.955309e-01
636, 6.286878e-01, 2.328120e-01
637, 6.293116e-01, 7.665612e-01
638, 6.301179e-01, 4.801837e-01
639, 6.302789e-01, 4.272896e-01
640, 6.304003e-01, 8.048583e-01
641, 6.305445e-01, 5.193398e-01
642, 6.312876e-01, 5.715380e-01
643, 6.313715e-01, 2.374607e-01
644, 6.319493e-01, 4.770133e-01
645, 6.320501e-01, 7.618175e-01
646, 6.327298e-01, 5.231228e-01
647, 6.327298e-01, 5.270732e-01
648, 6.332019e-01, 4.289777e-01
649, 6.338544e-01, 2.388935e-01
650, 6.366994e-01, 5.715457e-01
651, 6.371989e-01, 7.139253e-01
652, 6.374202e-01, 3.570079e-01
653, 6.377438e-01, 4.289777e-01
654, 6.394266e-01, 2.142103e-01
655, 6.403189e-01, 2.853696e-01
656, 6.409138e-01, 7.866585e-01
657, 6.416336e-01, 5.001313e-01
658, 6.439613e-01, 5.465335e-01
659, 6.456730e-01, 6.916180e-01
660, 6.456730e-01, 6.887064e-01
661, 6.459673e-01, 8.335788e-01
662, 6.459984e-01, 5.948011e-01
663, 6.460450e-01, 7.382157e-01
664, 6.464637e-01, 7.866585e-01
665, 6.464661e-01, 1.666919e-01
666, 6.469932e-01, 5.482831e-01
667, 6.473257e-01, 6.439434e-01
668, 6.473543e-01, 3.570079e-01
669, 6.478783e-01, 6.954381e-01
670, 6.481233e-01, 5.913342e-01
671, 6.484615e-01, 4.475429e-01
672, 6.485616e-01, 5.509981e-01
673, 6.487515e-01, 7.339367e-01
674, 6.488128e-01, 8.385076e-01
675, 6.489934e-01, 4.094912e-01
676, 6.493803e-01, 1.613908e-01
677, 6.497852e-01, 2.689720e-01
678, 6.502883e-01, 3.026277e-01
679, 6.589760e-01, 2.388935e-01
680, 6.590477e-01, 8.084507e-01
681, 6.591388e-01, 1.886376e-01
682, 6.599206e-01, 5.258680e-01
683, 6.600420e-01, 1.911688e-01
684, 6.608010e-01, 3.830643e-01
685, 6.613006e-01, 8.100735e-01
686, 6.624733e-01, 6.675609e-01
687, 6.626470e-01, 2.369045e-01
688, 6.631877e-01, 4.783643e-01
689, 6.695953e-01, 3.026277e-01
690, 6.698181e-01, 2.689720e-01
691, 6.698468e-01, 1.613908e-01
692, 6.701029e-01, 5.509981e-01
693, 6.708954e-01, 4.094912e-01
694, 6.709972e-01, 4.475429e-01
695, 6.712059e-01, 6.954381e-01
696, 6.713536e-01, 5.913342e-01
697, 6.713755e-01, 8.385076e-01
698, 6.715810e-01, 7.339367e-01
699, 6.719983e-01, 6.439434e-01
700, 6.723594e-01, 1.657430e-01
701, 6.727717e-01, 3.574943e-01
702, 6.731632e-01, 4.512926e-01
703, 6.734780e-01, 4.050176e-01
704, 6.736679e-01, 2.623034e-01
705, 6.737276e-01, 3.097856e-01
706, 6.743642e-01, 8.333304e-01
707, 6.747422e-01, 6.423589e-01
708, 6.760811e-01, 4.035155e-01
709, 6.762272e-01, 4.530607e-01
710, 6.788032e-01, 2.145308e-01
711, 6.791656e-01, 4.998499e-01
712, 6.791893e-01, 7.854563e-01
713, 6.794245e-01, 2.856123e-01
714, 6.807902e-01, 6.423589e-01
715, 6.809684e-01, 3.573539e-01
716, 6.819299e-01, 4.286051e-01
717, 6.823713e-01, 5.722493e-01
718, 6.825096e-01, 7.150062e-01
719, 6.858543e-01, 6.675609e-01
720, 6.867986e-01, 6.191922e-01
721, 6.868905e-01, 3.848099e-01
722, 6.868905e-01, 3.807035e-01
723, 6.869830e-01, 3.323777e-01
724, 6.871195e-01, 5.236225e-01
725, 6.876179e-01, 7.630402e-01
726, 6.876415e-01, 7.150062e-01
727, 6.877547e-01, 2.378300e-01
728, 6.877880e-01, 1.917348e-01
729, 6.880564e-01, 4.735567e-01
730, 6.880564e-01, 4.783643e-01
731, 6.897371e-01, 2.334705e-01
732, 6.898134e-01, 4.814058e-01
733, 6.898370e-01, 5.183348e-01
734, 6.898549e-01, 7.669815e-01
735, 6.900055e-01, 1.951384e-01
736, 6.900689e-01, 8.042900e-01
737, 6.905663e-01, 6.254354e-01
738, 6.905968e-01, 6.593459e-01
739, 6.906724e-01, 3.741525e-01
740, 6.910850e-01, 3.398299e-01
741, 6.976921e-01, 4.035155e-01
742, 6.986884e-01, 8.333304e-01
743, 6.994024e-01, 4.530607e-01
744, 7.010816e-01, 5.950238e-01
745, 7.020808e-01, 8.329993e-01
746, 7.030978e-01, 4.515930e-01
747, 7.102322e-01, 6.254354e-01
748, 7.107951e-01, 3.398299e-01
749, 7.108282e-01, 3.741525e-01
750, 7.112517e-01, 1.951384e-01
751, 7.114166e-01, 6.593459e-01
752, 7.115408e-01, 8.042900e-01
753, 7.117099e-01, 2.334705e-01
754, 7.119510e-01, 7.669815e-01
755, 7.119807e-01, 4.814058e-01
756, 7.121974e-01, 5.183348e-01
757, 7.139482e-01, 2.373478e-01
758, 7.146181e-01, 6.178381e-01
759, 7.147435e-01, 3.329903e-01
760, 7.149365e-01, 3.812689e-01
761, 7.151332e-01, 7.614693e-01
762, 7.153002e-01, 5.716075e-01
763, 7.161381e-01, 6.675244e-01
764, 7.177219e-01, 2.395271e-01
765, 7.177671e-01, 3.829036e-01
766, 7.206159e-01, 6.434108e-01
767, 7.207149e-01, 2.856997e-01
768, 7.207220e-01, 3.570253e-01
769, 7.215508e-01, 5.712407e-01
770, 7.225184e-01, 7.852864e-01
771, 7.225489e-01, 2.146951e-01
772, 7.227486e-01, 5.000580e-01
773, 7.227565e-01, 7.140862e-01
774, 7.275306e-01, 8.332390e-01
775, 7.275306e-01, 8.305257e-01
776, 7.278467e-01, 7.389421e-01
777, 7.282584e-01, 5.480528e-01
778, 7.282695e-01, 2.626315e-01
779, 7.282695e-01, 2.577926e-01
780, 7.285186e-01, 6.915363e-01
781, 7.285186e-01, 6.885921e-01
782, 7.288643e-01, 1.661179e-01
783, 7.289513e-01, 4.022716e-01
784, 7.295414e-01, 6.434108e-01
785, 7.297248e-01, 2.146951e-01
786, 7.305269e-01, 4.492949e-01
787, 7.309494e-01, 8.391632e-01
788, 7.311484e-01, 2.676202e-01
789, 7.311794e-01, 5.879254e-01
790, 7.312946e-01, 3.040211e-01
791, 7.313555e-01, 5.542508e-01
792, 7.321472e-01, 6.978241e-01
793, 7.321970e-01, 1.606073e-01
794, 7.327965e-01, 7.314837e-01
795, 7.386954e-01, 8.111912e-01
796, 7.388170e-01, 2.395271e-01
797, 7.393153e-01, 6.173882e-01
798, 7.401355e-01, 3.829036e-01
799, 7.424048e-01, 1.927366e-01
800, 7.426562e-01, 2.364110e-01
801, 7.427840e-01, 8.088301e-01
802, 7.430167e-01, 3.773792e-01
803, 7.430167e-01, 3.812397e-01
804, 7.463822e-01, 2.394600e-01
805, 7.519986e-01, 7.314837e-01
806, 7.522879e-01, 1.606073e-01
807, 7.526996e-01, 5.542508e-01
808, 7.528392e-01, 6.978241e-01
809, 7.529599e-01, 5.879254e-01
810, 7.534149e-01, 8.391632e-01
811, 7.534325e-01, 3.040211e-01
812, 7.534873e-01, 2.676202e-01
813, 7.539412e-01, 4.492949e-01
814, 7.545226e-01, 4.078950e-01
815, 7.549206e-01, 1.651675e-01
816, 7.549418e-01, 7.366198e-01
817, 7.550093e-01, 2.150343e-01
818, 7.558690e-01, 4.526321e-01
819, 7.562426e-01, 6.432744e-01
820, 7.562983e-01, 2.566197e-01
821, 7.562983e-01, 2.627509e-01
822, 7.565716e-01, 6.913588e-01
823, 7.565922e-01, 3.094943e-01
824, 7.566500e-01, 5.474123e-01
825, 7.568281e-01, 5.946260e-01
826, 7.568281e-01, 5.979370e-01
827, 7.568621e-01, 8.331919e-01
828, 7.580044e-01, 1.669484e-01
829, 7.600008e-01, 3.573663e-01
830, 7.618142e-01, 5.001079e-01
831, 7.621038e-01, 6.432560e-01
832, 7.621377e-01, 7.139208e-01
833, 7.621664e-01, 2.149128e-01
834, 7.625499e-01, 5.713135e-01
835, 7.639704e-01, 2.857790e-01
836, 7.661820e-01, 4.280914e-01
837, 7.662072e-01, 2.394600e-01
838, 7.678663e-01, 2.857790e-01
839, 7.684543e-01, 7.139208e-01
840, 7.689662e-01, 3.813817e-01
841, 7.692429e-01, 4.760022e-01
842, 7.703253e-01, 2.370819e-01
843, 7.707076e-01, 1.889469e-01
844, 7.712082e-01, 2.838491e-01
845, 7.716420e-01, 3.775259e-01
846, 7.716723e-01, 3.371417e-01
847, 7.725895e-01, 4.814362e-01
848, 7.726426e-01, 2.330663e-01
849, 7.727192e-01, 5.190044e-01
850, 7.728257e-01, 6.618352e-01
851, 7.730607e-01, 6.242816e-01
852, 7.736359e-01, 1.950506e-01
853, 7.817434e-01, 3.099698e-01
854, 7.821415e-01, 7.365819e-01
855, 7.829844e-01, 1.663957e-01
856, 7.840399e-01, 7.387362e-01
857, 7.862801e-01, 4.492830e-01
858, 7.867946e-01, 5.938631e-01
859, 7.938075e-01, 4.814362e-01
860, 7.938771e-01, 6.618352e-01
861, 7.939614e-01, 1.950506e-01
862, 7.942238e-01, 2.330663e-01
863, 7.943441e-01, 5.190044e-01
864, 7.944443e-01, 6.242816e-01
865, 7.951048e-01, 3.775259e-01
866, 7.955961e-01, 2.838491e-01
867, 7.959614e-01, 3.371417e-01
868, 7.960456e-01, 4.775618e-01
869, 7.962137e-01, 2.365133e-01
870, 7.962137e-01, 2.401936e-01
871, 7.963534e-01, 8.076318e-01
872, 7.964162e-01, 3.797975e-01
873, 7.964162e-01, 3.824948e-01
874, 7.965671e-01, 1.905370e-01
875, 7.972538e-01, 5.240414e-01
876, 7.973577e-01, 6.192350e-01
877, 7.978704e-01, 4.292009e-01
878, 7.990955e-01, 8.097819e-01
879, 7.994739e-01, 1.888584e-01
880, 7.998094e-01, 2.862805e-01
881, 8.000975e-01, 4.752219e-01
882, 8.023191e-01, 5.717356e-01
883, 8.027984e-01, 4.286655e-01
884, 8.029662e-01, 2.862805e-01
885, 8.031775e-01, 7.135012e-01
886, 8.049199e-01, 5.006851e-01
887, 8.050039e-01, 6.425613e-01
888, 8.050693e-01, 2.142796e-01
889, 8.071938e-01, 3.565986e-01
890, 8.084735e-01, 2.614243e-01
891, 8.094210e-01, 6.907322e-01
892, 8.096982e-01, 4.054957e-01
893, 8.100492e-01, 1.672757e-01
894, 8.100492e-01, 1.705447e-01
895, 8.103133e-01, 5.473037e-01
896, 8.108708e-01, 2.142796e-01
897, 8.109660e-01, 7.387663e-01
898, 8.111379e-01, 3.565986e-01
899, 8.113844e-01, 8.341585e-01
900, 8.113844e-01, 8.310631e-01
901, 8.119845e-01, 5.006851e-01
902, 8.120353e-01, 4.068454e-01
903, 8.121396e-01, 4.543418e-01
904, 8.125168e-01, 6.925200e-01
905, 8.127296e-01, 2.638822e-01
906, 8.130604e-01, 3.037610e-01
907, 8.131918e-01, 5.905761e-01
908, 8.135924e-01, 5.522009e-01
909, 8.137130e-01, 4.097525e-01
910, 8.137599e-01, 1.608458e-01
911, 8.139046e-01, 6.949247e-01
912, 8.142505e-01, 8.391250e-01
913, 8.143108e-01, 2.666221e-01
914, 8.143532e-01, 7.328668e-01
915, 8.206246e-01, 1.888584e-01
916, 8.244589e-01, 5.240414e-01
917, 8.252395e-01, 2.422182e-01
918, 8.257338e-01, 6.696316e-01
919, 8.266449e-01, 5.222048e-01
920, 8.275798e-01, 3.329647e-01
921, 8.348726e-01, 2.666221e-01
922, 8.350141e-01, 8.391250e-01
923, 8.354623e-01, 6.949247e-01
924, 8.354981e-01, 4.097525e-01
925, 8.357271e-01, 4.470683e-01
926, 8.358783e-01, 5.522009e-01
927, 8.359310e-01, 1.608458e-01
928, 8.360953e-01, 5.905761e-01
929, 8.361715e-01, 7.328668e-01
930, 8.362899e-01, 3.037610e-01
931, 8.367020e-01, 6.416768e-01
932, 8.371062e-01, 2.627532e-01
933, 8.376549e-01, 3.563081e-01
934, 8.379050e-01, 6.906936e-01
935, 8.381515e-01, 4.050619e-01
936, 8.385430e-01, 2.146267e-01
937, 8.388123e-01, 4.525618e-01
938, 8.389505e-01, 3.083697e-01
939, 8.389505e-01, 3.132881e-01
940, 8.390609e-01, 7.379325e-01
941, 8.391092e-01, 7.862353e-01
942, 8.391368e-01, 5.005605e-01
943, 8.392072e-01, 8.309365e-01
944, 8.403540e-01, 2.608776e-01
945, 8.422530e-01, 7.859311e-01
946, 8.428196e-01, 3.568761e-01
947, 8.433614e-01, 5.002617e-01
948, 8.460669e-01, 2.140541e-01
949, 8.463046e-01, 2.864245e-01
950, 8.463838e-01, 4.286088e-01
951, 8.467725e-01, 7.145037e-01
952, 8.470639e-01, 5.715765e-01
953, 1.647083e-01, 3.807540e-01
954, 1.644542e-01, 6.668412e-01
955, 1.778944e-01, 2.145807e-01
956, 1.657658e-01, 2.382871e-01
957, 1.797475e-01, 3.580292e-01
958, 1.657981e-01, 4.750181e-01
959, 1.787666e-01, 5.010272e-01
960, 1.649794e-01, 5.232517e-01
961, 1.645904e-01, 6.191663e-01
962, 1.641969e-01, 7.613717e-01
963, 1.779193e-01, 2.615441e-01
964, 1.785588e-01, 4.528012e-01
965, 1.769912e-01, 5.504229e-01
966, 1.778111e-01, 5.957371e-01
967, 1.777679e-01, 6.918011e-01
968, 1.789270e-01, 7.370873e-01
969, 1.787931e-01, 8.338775e-01
970, 1.944301e-01, 2.362256e-01
971, 2.057242e-01, 2.622060e-01
972, 1.919447e-01, 3.814586e-01
973, 1.923651e-01, 7.140561e-01
974, 1.925687e-01, 7.608581e-01
975, 2.063132e-01, 1.663285e-01
976, 2.062338e-01, 3.093374e-01
977, 2.069961e-01, 4.048762e-01
978, 2.194112e-01, 4.279584e-01
979, 2.060557e-01, 4.520349e-01
980, 2.066684e-01, 5.474455e-01
981, 2.063403e-01, 5.960551e-01
982, 2.062212e-01, 6.915380e-01
983, 2.188382e-01, 7.139089e-01
984, 2.062551e-01, 7.382433e-01
985, 2.060807e-01, 8.339495e-01
986, 2.182633e-01, 1.923048e-01
987, 2.192994e-01, 2.371900e-01
988, 2.313157e-01, 2.146278e-01
989, 2.331011e-01, 4.047183e-01
990, 2.202102e-01, 4.763698e-01
991, 2.197753e-01, 5.249207e-01
992, 2.329843e-01, 5.476587e-01
993, 2.329920e-01, 6.903909e-01
994, 2.200863e-01, 7.611201e-01
995, 2.335186e-01, 7.381603e-01
996, 2.338524e-01, 8.348040e-01
997, 2.338152e-01, 2.624380e-01
998, 2.470484e-01, 2.381620e-01
999, 2.334239e-01, 3.102708e-01
1000, 2.353660e-01, 3.582816e-01
1001, 2.340320e-01, 4.526589e-01
1002, 2.343864e-01, 4.994979e-01
1003, 2.632151e-01, 2.147631e-01
1004, 2.481485e-01, 3.334919e-01
1005, 2.475123e-01, 3.808847e-01
1006, 2.472842e-01, 4.765678e-01
1007, 2.610064e-01, 4.996198e-01
1008, 2.479225e-01, 5.240132e-01
1009, 2.619337e-01, 6.419364e-01
1010, 2.474480e-01, 7.622178e-01
1011, 2.744109e-01, 1.902026e-01
1012, 2.750648e-01, 3.800757e-01
1013, 2.614956e-01, 5.468270e-01
1014, 2.591317e-01, 6.950160e-01
1015, 2.611574e-01, 8.337288e-01
1016, 2.755992e-01, 4.295305e-01
1017, 2.887530e-01, 1.679491e-01
1018, 2.749939e-01, 2.376587e-01
1019, 2.747701e-01, 5.241081e-01
1020, 2.766538e-01, 6.225277e-01
1021, 2.885812e-01, 5.959547e-01
1022, 2.885627e-01, 2.626373e-01
1023, 2.891798e-01, 4.040324e-01
1024, 2.892450e-01, 4.524910e-01
1025, 3.039885e-01, 4.290775e-01
1026, 2.888597e-01, 5.480868e-01
1027, 3.024399e-01, 5.704742e-01
1028, 3.014118e-01, 7.136710e-01
1029, 2.898597e-01, 8.335186e-01
1030, 3.150953e-01, 3.090679e-01
1031, 3.158382e-01, 4.045892e-01
1032, 3.022353e-01, 5.239278e-01
1033, 3.163299e-01, 7.389773e-01
1034, 3.034603e-01, 8.107698e-01
1035, 3.023257e-01, 7.616785e-01
1036, 3.288354e-01, 1.896646e-01
1037, 3.168042e-01, 2.616857e-01
1038, 3.309012e-01, 3.328746e-01
1039, 3.172935e-01, 4.505997e-01
1040, 3.289716e-01, 5.231127e-01
1041, 3.161062e-01, 6.435194e-01
1042, 3.175599e-01, 6.936182e-01
1043, 3.169504e-01, 7.857425e-01
1044, 3.144047e-01, 8.319674e-01
1045, 3.466730e-01, 3.571558e-01
1046, 3.312296e-01, 4.764485e-01
1047, 3.441630e-01, 4.997210e-01
1048, 3.308728e-01, 6.186160e-01
1049, 3.435170e-01, 6.433976e-01
1050, 3.293890e-01, 6.663902e-01
1051, 3.425408e-01, 7.858503e-01
1052, 3.313510e-01, 8.088021e-01
1053, 3.421923e-01, 4.068518e-01
1054, 3.430494e-01, 4.505378e-01
1055, 3.449260e-01, 5.473893e-01
1056, 3.442688e-01, 5.961296e-01
1057, 3.575993e-01, 7.616473e-01
1058, 3.453033e-01, 8.322398e-01
1059, 3.593179e-01, 3.784312e-01
1060, 3.565890e-01, 4.287985e-01
1061, 3.578645e-01, 5.248019e-01
1062, 3.703987e-01, 8.329083e-01
1063, 3.716585e-01, 2.614980e-01
1064, 3.721931e-01, 4.030859e-01
1065, 3.847727e-01, 4.287730e-01
1066, 3.711907e-01, 5.471299e-01
1067, 3.718022e-01, 5.956669e-01
1068, 3.708824e-01, 6.902919e-01
1069, 3.719564e-01, 7.391665e-01
1070, 3.844504e-01, 1.902523e-01
1071, 3.846911e-01, 2.389985e-01
1072, 3.974042e-01, 2.613042e-01
1073, 3.833359e-01, 3.357393e-01
1074, 3.841586e-01, 3.807367e-01
1075, 3.982794e-01, 5.470784e-01
1076, 3.849722e-01, 6.178992e-01
1077, 3.976880e-01, 5.956999e-01
1078, 3.975296e-01, 7.393629e-01
1079, 3.993310e-01, 1.654097e-01
1080, 4.115560e-01, 1.905398e-01
1081, 3.998315e-01, 3.071947e-01
1082, 3.990840e-01, 3.576723e-01
1083, 4.125307e-01, 5.241535e-01
1084, 3.978183e-01, 6.436895e-01
1085, 4.126379e-01, 3.335026e-01
1086, 4.247223e-01, 3.575325e-01
1087, 4.127270e-01, 3.821761e-01
1088, 4.123596e-01, 4.759539e-01
1089, 4.124097e-01, 7.621427e-01
1090, 4.124229e-01, 8.106052e-01
1091, 4.246143e-01, 1.664393e-01
1092, 4.394943e-01, 1.918745e-01
1093, 4.255424e-01, 3.105809e-01
1094, 4.394166e-01, 3.817756e-01
1095, 4.391928e-01, 4.761828e-01
1096, 4.262197e-01, 7.377406e-01
1097, 4.539206e-01, 1.664423e-01
1098, 4.411584e-01, 2.855764e-01
1099, 4.404236e-01, 4.272128e-01
1100, 4.529335e-01, 5.477756e-01
1101, 4.399230e-01, 5.708454e-01
1102, 4.386763e-01, 6.179516e-01
1103, 4.518591e-01, 5.953099e-01
1104, 4.394463e-01, 6.673650e-01
1105, 4.408637e-01, 7.138663e-01
1106, 4.403964e-01, 7.622001e-01
1107, 4.392440e-01, 8.108534e-01
1108, 4.539791e-01, 2.616627e-01
1109, 4.540821e-01, 3.081645e-01
1110, 4.536687e-01, 4.055801e-01
1111, 4.542835e-01, 4.529490e-01
1112, 4.534310e-01, 6.915026e-01
1113, 4.668793e-01, 7.139770e-01
1114, 4.540543e-01, 7.377337e-01
1115, 4.538420e-01, 8.342612e-01
1116, 4.674588e-01, 1.888188e-01
1117, 4.800088e-01, 1.672905e-01
1118, 4.680117e-01, 4.759995e-01
1119, 4.809303e-01, 5.943767e-01
1120, 4.678940e-01, 6.659997e-01
1121, 4.826415e-01, 2.146661e-01
1122, 4.808785e-01, 3.103684e-01
1123, 4.814539e-01, 3.572787e-01
1124, 4.940944e-01, 3.813327e-01
1125, 4.936592e-01, 4.763660e-01
1126, 4.820297e-01, 5.477552e-01
1127, 4.814129e-01, 7.864053e-01
1128, 4.946680e-01, 7.612863e-01
1129, 4.946316e-01, 1.902493e-01
1130, 5.073912e-01, 2.145535e-01
1131, 4.956905e-01, 2.391456e-01
1132, 4.951709e-01, 5.238143e-01
1133, 4.942466e-01, 6.661713e-01
1134, 5.105282e-01, 6.420882e-01
1135, 4.951196e-01, 8.091999e-01
1136, 5.221248e-01, 2.391949e-01
1137, 5.089000e-01, 3.096500e-01
1138, 5.087427e-01, 5.474134e-01
1139, 5.082130e-01, 8.327810e-01
1140, 5.217456e-01, 8.094590e-01
1141, 5.219220e-01, 5.245566e-01
1142, 5.230419e-01, 6.201774e-01
1143, 5.360256e-01, 1.675253e-01
1144, 5.368890e-01, 2.625244e-01
1145, 5.495903e-01, 2.855319e-01
1146, 5.359525e-01, 3.089398e-01
1147, 5.361114e-01, 5.473355e-01
1148, 5.361224e-01, 7.377416e-01
1149, 5.363736e-01, 8.342017e-01
1150, 5.499175e-01, 2.372528e-01
1151, 5.508991e-01, 4.737483e-01
1152, 5.498942e-01, 5.244954e-01
1153, 5.625941e-01, 5.968241e-01
1154, 5.489791e-01, 6.202258e-01
1155, 5.490068e-01, 6.648145e-01
1156, 5.507275e-01, 8.095770e-01
1157, 5.644664e-01, 2.625798e-01
1158, 5.637160e-01, 3.103797e-01
1159, 5.620856e-01, 3.564286e-01
1160, 5.644883e-01, 5.009492e-01
1161, 5.756431e-01, 6.192954e-01
1162, 5.634589e-01, 7.384491e-01
1163, 5.781513e-01, 1.901693e-01
1164, 5.769327e-01, 2.374994e-01
1165, 5.778698e-01, 4.752116e-01
1166, 5.773117e-01, 5.231260e-01
1167, 5.770122e-01, 6.659355e-01
1168, 5.778693e-01, 7.615600e-01
1169, 5.786975e-01, 8.100159e-01
1170, 5.913242e-01, 1.684252e-01
1171, 6.043297e-01, 1.904356e-01
1172, 5.911299e-01, 7.390623e-01
1173, 6.041794e-01, 7.615837e-01
1174, 6.039562e-01, 8.099644e-01
1175, 6.059342e-01, 2.850571e-01
1176, 6.050599e-01, 3.324786e-01
1177, 6.175317e-01, 5.953064e-01
1178, 6.058239e-01, 6.664452e-01
1179, 6.188952e-01, 1.666500e-01
1180, 6.323640e-01, 2.849860e-01
1181, 6.182977e-01, 3.101812e-01
1182, 6.188682e-01, 4.064187e-01
1183, 6.185926e-01, 5.489860e-01
1184, 6.180650e-01, 6.915980e-01
1185, 6.320951e-01, 7.134579e-01
1186, 6.187760e-01, 8.335168e-01
1187, 6.316887e-01, 3.807800e-01
1188, 6.464597e-01, 4.060352e-01
1189, 6.324742e-01, 8.089763e-01
1190, 6.323501e-01, 1.901092e-01
1191, 6.327559e-01, 3.329673e-01
1192, 6.317867e-01, 6.203766e-01
1193, 6.320077e-01, 6.659197e-01
1194, 6.441583e-01, 6.425437e-01
1195, 6.464839e-01, 2.137723e-01
1196, 6.464197e-01, 2.618900e-01
1197, 6.464372e-01, 3.099170e-01
1198, 6.463288e-01, 4.520434e-01
1199, 6.454437e-01, 5.004764e-01
1200, 6.590311e-01, 6.663017e-01
1201, 6.745308e-01, 2.139325e-01
1202, 6.598214e-01, 3.338058e-01
1203, 6.604841e-01, 3.794638e-01
1204, 6.588462e-01, 4.759868e-01
1205, 6.747379e-01, 5.003357e-01
1206, 6.599932e-01, 5.230809e-01
1207, 6.601924e-01, 6.192278e-01
1208, 6.601027e-01, 7.621374e-01
1209, 6.730743e-01, 7.859689e-01
1210, 6.731709e-01, 5.467382e-01
1211, 6.734836e-01, 5.955873e-01
1212, 6.741605e-01, 6.890601e-01
1213, 6.731177e-01, 7.372732e-01
1214, 6.878068e-01, 2.852730e-01
1215, 7.004919e-01, 3.096665e-01
1216, 6.862670e-01, 4.280457e-01
1217, 6.886978e-01, 5.719284e-01
1218, 6.867300e-01, 8.106856e-01
1219, 7.019091e-01, 1.670673e-01
1220, 7.007074e-01, 2.612820e-01
1221, 7.140721e-01, 2.853167e-01
1222, 7.014379e-01, 4.053843e-01
1223, 7.171321e-01, 4.280818e-01
1224, 7.017131e-01, 5.476205e-01
1225, 7.011725e-01, 6.912424e-01
1226, 7.011139e-01, 7.375804e-01
1227, 7.141285e-01, 7.147044e-01
1228, 7.150847e-01, 1.892399e-01
1229, 7.150163e-01, 4.770802e-01
1230, 7.146801e-01, 5.235709e-01
1231, 7.157350e-01, 8.108269e-01
1232, 7.281845e-01, 3.099352e-01
1233, 7.309022e-01, 3.576513e-01
1234, 7.295575e-01, 4.068445e-01
1235, 7.291998e-01, 4.525058e-01
1236, 7.291395e-01, 4.996705e-01
1237, 7.273561e-01, 5.956143e-01
1238, 7.414499e-01, 6.672064e-01
1239, 7.290914e-01, 7.856872e-01
1240, 7.420854e-01, 1.894228e-01
1241, 7.422119e-01, 3.339714e-01
1242, 7.548445e-01, 3.578218e-01
1243, 7.420008e-01, 4.773804e-01
1244, 7.549148e-01, 4.996955e-01
1245, 7.422056e-01, 5.231306e-01
1246, 7.440188e-01, 6.189589e-01
1247, 7.413644e-01, 7.607922e-01
1248, 7.570137e-01, 7.860857e-01
1249, 7.561191e-01, 4.043795e-01
1250, 7.694030e-01, 6.188289e-01
1251, 7.695796e-01, 3.322749e-01
1252, 7.698447e-01, 4.286461e-01
1253, 7.700489e-01, 5.242218e-01
1254, 7.835457e-01, 5.471922e-01
1255, 7.691901e-01, 5.709851e-01
1256, 7.829177e-01, 5.951731e-01
1257, 7.705415e-01, 6.669053e-01
1258, 7.704462e-01, 7.630605e-01
1259, 7.701315e-01, 8.094608e-01
1260, 7.837775e-01, 2.618985e-01
1261, 7.859030e-01, 3.095142e-01
1262, 7.840488e-01, 4.051551e-01
1263, 7.826385e-01, 4.528580e-01
1264, 7.986306e-01, 5.711961e-01
1265, 7.836069e-01, 6.906112e-01
1266, 7.970607e-01, 7.139715e-01
1267, 7.832191e-01, 8.346032e-01
1268, 7.979589e-01, 3.328605e-01
1269, 7.962829e-01, 6.669915e-01
1270, 7.970849e-01, 7.630619e-01
1271, 8.252633e-01, 1.909916e-01
1272, 8.246749e-01, 2.368394e-01
1273, 8.099802e-01, 3.101600e-01
1274, 8.236085e-01, 3.340619e-01
1275, 8.127791e-01, 4.481757e-01
1276, 8.112949e-01, 5.949502e-01
1277, 8.114100e-01, 6.421191e-01
1278, 8.249571e-01, 6.664511e-01
1279, 8.100631e-01, 7.857386e-01
1280, 8.242534e-01, 7.619983e-01
1281, 8.253364e-01, 3.818500e-01
1282, 8.255085e-01, 4.762996e-01
1283, 8.244271e-01, 6.196070e-01
1284, 8.406584e-01, 6.433226e-01
1285, 8.260043e-01, 8.099869e-01
1286, 8.392952e-01, 1.678500e-01
1287, 8.378581e-01, 5.481654e-01
1288, 8.381761e-01, 5.949834e-01
1289, 1.500000e-01, 1.701978e-01
1290, 1.500000e-01, 2.624846e-01
1291, 1.500000e-01, 3.119968e-01
1292, 1.500000e-01, 4.017772e-01
1293, 1.500000e-01, 4.553033e-01
1294, 1.500000e-01, 5.451671e-01
1295, 1.500000e-01, 5.979543e-01
1296, 1.500000e-01, 6.883011e-01
1297, 1.500000e-01, 7.403155e-01
1298, 1.500000e-01, 8.325342e-01
1299, 1.500000e-01, 1.900895e-01
1300, 1.500000e-01, 2.380996e-01
1301, 1.500000e-01, 3.320533e-01
1302, 1.500000e-01, 3.804694e-01
1303, 1.500000e-01, 4.767520e-01
1304, 1.500000e-01, 5.236712e-01
1305, 1.500000e-01, 6.191904e-01
1306, 1.500000e-01, 6.666264e-01
1307, 1.500000e-01, 7.617508e-01
1308, 1.500000e-01, 8.088815e-01
1309, 1.500000e-01, 1.578416e-01
1310, 1.500000e-01, 2.752334e-01
1311, 1.500000e-01, 2.961405e-01
1312, 1.500000e-01, 3.580371e-01
1313, 1.500000e-01, 3.581904e-01
1314, 1.500000e-01, 3.581216e-01
1315, 1.500000e-01, 4.166057e-01
1316, 1.500000e-01, 4.408346e-01
1317, 1.500000e-01, 4.987545e-01
1318, 1.500000e-01, 4.993499e-01
1319, 1.500000e-01, 5.578824e-01
1320, 1.500000e-01, 5.847508e-01
1321, 1.500000e-01, 6.418781e-01
1322, 1.500000e-01, 6.425789e-01
1323, 1.500000e-01, 6.950054e-01
1324, 1.500000e-01, 7.287151e-01
1325, 1.500000e-01, 8.487021e-01
1326, 1.845193e-01, 1.500000e-01
1327, 1.815528e-01, 8.500000e-01
1328, 1.971032e-01, 1.500000e-01
1329, 1.963305e-01, 8.500000e-01
1330, 2.151618e-01, 1.500000e-01
1331, 2.148503e-01, 8.500000e-01
1332, 2.306855e-01, 1.500000e-01
1333, 2.297611e-01, 8.500000e-01
1334, 2.634852e-01, 1.500000e-01
1335, 2.657406e-01, 8.500000e-01
1336, 2.818741e-01, 1.500000e-01
1337, 2.790483e-01, 8.500000e-01
1338, 2.977814e-01, 1.500000e-01
1339, 2.988109e-01, 8.500000e-01
1340, 3.111318e-01, 1.500000e-01
1341, 3.116003e-01, 8.500000e-01
1342, 3.485608e-01, 1.500000e-01
1343, 3.483192e-01, 8.500000e-01
1344, 3.600106e-01, 1.500000e-01
1345, 3.606429e-01, 8.500000e-01
1346, 3.824738e-01, 1.500000e-01
1347, 3.806388e-01, 8.500000e-01
1348, 3.907719e-01, 1.500000e-01
1349, 3.944228e-01, 8.500000e-01
1350, 4.327832e-01, 1.500000e-01
1351, 4.308682e-01, 8.500000e-01
1352, 4.445166e-01, 1.500000e-01
1353, 4.427886e-01, 8.500000e-01
1354, 4.643218e-01, 1.500000e-01
1355, 4.640842e-01, 8.500000e-01
1356, 4.751722e-01, 1.500000e-01
1357, 4.780679e-01, 8.500000e-01
1358, 5.142166e-01, 1.500000e-01
1359, 5.111588e-01, 8.500000e-01
1360, 5.267254e-01, 1.500000e-01
1361, 5.277999e-01, 8.500000e-01
1362, 5.435190e-01, 1.500000e-01
1363, 5.457922e-01, 8.500000e-01
1364, 5.582983e-01, 1.500000e-01
1365, 5.599041e-01, 8.500000e-01
1366, 5.968999e-01, 1.500000e-01
1367, 5.948462e-01, 8.500000e-01
1368, 6.109250e-01, 1.500000e-01
1369, 6.083168e-01, 8.500000e-01
1370, 6.276778e-01, 1.500000e-01
1371, 6.280469e-01, 8.500000e-01
1372, 6.428043e-01, 1.500000e-01
1373, 6.421782e-01, 8.500000e-01
1374, 6.764228e-01, 1.500000e-01
1375, 6.780100e-01, 8.500000e-01
1376, 6.924034e-01, 1.500000e-01
1377, 6.890624e-01, 8.500000e-01
1378, 7.110384e-01, 1.500000e-01
1379, 7.114576e-01, 8.500000e-01
1380, 7.260756e-01, 1.500000e-01
1381, 7.246956e-01, 8.500000e-01
1382, 7.584115e-01, 1.500000e-01
1383, 7.596710e-01, 8.500000e-01
1384, 7.731312e-01, 1.500000e-01
1385, 7.748965e-01, 8.500000e-01
1386, 7.924590e-01, 1.500000e-01
1387, 7.922633e-01, 8.500000e-01
1388, 8.075008e-01, 1.500000e-01
1389, 8.079747e-01, 8.500000e-01
1390, 8.500000e-01, 1.897181e-01
1391, 8.500000e-01, 2.380255e-01
1392, 8.500000e-01, 3.329647e-01
1393, 8.500000e-01, 3.813524e-01
1394, 8.500000e-01, 4.763586e-01
1395, 8.500000e-01, 5.222048e-01
1396, 8.500000e-01, 6.201622e-01
1397, 8.500000e-01, 6.667130e-01
1398, 8.500000e-01, 7.619718e-01
1399, 8.500000e-01, 8.103497e-01
1400, 8.421923e-01, 1.500000e-01
1401, 8.500000e-01, 1.874454e-01
1402, 8.500000e-01, 1.673498e-01
1403, 8.500000e-01, 2.432165e-01
1404, 8.500000e-01, 2.615234e-01
1405, 8.500000e-01, 2.864245e-01
1406, 8.500000e-01, 3.324230e-01
1407, 8.500000e-01, 3.083697e-01
1408, 8.500000e-01, 3.845434e-01
1409, 8.500000e-01, 4.052878e-01
1410, 8.500000e-01, 4.289018e-01
1411, 8.500000e-01, 4.719605e-01
1412, 8.500000e-01, 4.525847e-01
1413, 8.500000e-01, 5.266073e-01
1414, 8.500000e-01, 5.484996e-01
1415, 8.500000e-01, 5.715765e-01
1416, 8.500000e-01, 6.147444e-01
1417, 8.500000e-01, 5.949497e-01
1418, 8.500000e-01, 6.695931e-01
1419, 8.500000e-01, 6.905233e-01
1420, 8.500000e-01, 7.148436e-01
1421, 8.500000e-01, 7.571436e-01
1422, 8.500000e-01, 7.382580e-01
1423, 8.500000e-01, 8.122462e-01
1424, 8.412922e-01, 8.500000e-01
1425, 8.500000e-01, 8.317733e-01
1426, 8.500000e-01, 2.072429e-01
1427, 8.500000e-01, 2.208695e-01
1428, 8.500000e-01, 3.444337e-01
1429, 8.500000e-01, 3.693108e-01
1430, 8.500000e-01, 4.887582e-01
1431, 8.500000e-01, 5.117652e-01
1432, 8.500000e-01, 6.262397e-01
1433, 8.500000e-01, 6.581132e-01
1434, 8.500000e-01, 7.725069e-01
1435, 8.500000e-01, 7.993469e-01
1436, 1.508540e-01, 1.672396e-01
1437, 1.506743e-01, 3.096748e-01
1438, 1.505935e-01, 4.038790e-01
1439, 1.508700e-01, 4.522202e-01
1440, 1.508323e-01, 5.478782e-01
1441, 1.506266e-01, 5.957718e-01
1442, 1.509025e-01, 6.916396e-01
1443, 1.504154e-01, 2.132991e-01
1444, 1.502128e-01, 7.855143e-01
