1, 1.510050e-01, 5.860068e-01
2, 1.510812e-01, 3.627288e-01
3, 1.512336e-01, 2.524157e-01
4, 1.513253e-01, 7.658895e-01
5, 1.514788e-01, 2.150943e-01
6, 1.515779e-01, 7.549637e-01
7, 1.521008e-01, 6.418576e-01
8, 1.521254e-01, 6.036578e-01
9, 1.522409e-01, 5.464951e-01
10, 1.523640e-01, 4.771353e-01
11, 1.524142e-01, 6.989463e-01
12, 1.524312e-01, 1.984011e-01
13, 1.528395e-01, 4.368488e-01
14, 1.529683e-01, 7.130842e-01
15, 1.532591e-01, 1.595289e-01
16, 1.533337e-01, 6.801231e-01
17, 1.533773e-01, 3.244701e-01
18, 1.540441e-01, 8.113774e-01
19, 1.541150e-01, 3.101989e-01
20, 1.543461e-01, 4.928389e-01
21, 1.543610e-01, 7.326376e-01
22, 1.543770e-01, 5.323104e-01
23, 1.545118e-01, 8.215271e-01
24, 1.549715e-01, 2.319404e-01
25, 1.556950e-01, 1.800643e-01
26, 1.557954e-01, 3.451670e-01
27, 1.562374e-01, 2.914402e-01
28, 1.563666e-01, 6.198533e-01
29, 1.563959e-01, 5.668769e-01
30, 1.565550e-01, 4.006650e-01
31, 1.565602e-01, 7.888941e-01
32, 1.572743e-01, 8.466106e-01
33, 1.578834e-01, 4.568624e-01
34, 1.579430e-01, 5.101607e-01
35, 1.655359e-01, 7.883107e-01
36, 1.658454e-01, 8.461861e-01
37, 1.684598e-01, 5.112856e-01
38, 1.685770e-01, 7.318557e-01
39, 1.686330e-01, 4.571913e-01
40, 1.689146e-01, 6.222613e-01
41, 1.689444e-01, 5.669562e-01
42, 1.692927e-01, 6.790549e-01
43, 1.693908e-01, 1.804714e-01
44, 1.697377e-01, 3.452222e-01
45, 1.700565e-01, 6.416372e-01
46, 1.703338e-01, 4.012308e-01
47, 1.705841e-01, 2.327912e-01
48, 1.705866e-01, 2.905794e-01
49, 1.713376e-01, 4.359782e-01
50, 1.713621e-01, 4.206823e-01
51, 1.714248e-01, 2.124456e-01
52, 1.714733e-01, 3.787216e-01
53, 1.715317e-01, 2.693757e-01
54, 1.716639e-01, 2.001824e-01
55, 1.716650e-01, 6.595738e-01
56, 1.717606e-01, 6.987544e-01
57, 1.722040e-01, 3.671145e-01
58, 1.722452e-01, 6.000542e-01
59, 1.722566e-01, 5.875219e-01
60, 1.723508e-01, 7.508224e-01
61, 1.724629e-01, 4.762956e-01
62, 1.726409e-01, 5.311808e-01
63, 1.730079e-01, 2.533469e-01
64, 1.730844e-01, 4.888611e-01
65, 1.732292e-01, 6.370231e-01
66, 1.735918e-01, 6.616174e-01
67, 1.737750e-01, 5.479997e-01
68, 1.739763e-01, 7.717938e-01
69, 1.742186e-01, 7.484424e-01
70, 1.744229e-01, 8.065569e-01
71, 1.744819e-01, 8.272293e-01
72, 1.749651e-01, 7.175892e-01
73, 1.751423e-01, 3.099899e-01
74, 1.758988e-01, 8.043667e-01
75, 1.760425e-01, 1.632955e-01
76, 1.761190e-01, 2.187538e-01
77, 1.763109e-01, 7.195722e-01
78, 1.763732e-01, 8.298384e-01
79, 1.763994e-01, 7.754844e-01
80, 1.764846e-01, 1.925107e-01
81, 1.765139e-01, 4.416680e-01
82, 1.767324e-01, 5.816678e-01
83, 1.767612e-01, 2.765296e-01
84, 1.769102e-01, 3.278277e-01
85, 1.772471e-01, 4.688922e-01
86, 1.773142e-01, 6.899252e-01
87, 1.773759e-01, 1.648784e-01
88, 1.775663e-01, 3.871559e-01
89, 1.776275e-01, 4.135562e-01
90, 1.780447e-01, 5.531112e-01
91, 1.781029e-01, 5.233858e-01
92, 1.781715e-01, 3.600677e-01
93, 1.783771e-01, 3.297728e-01
94, 1.784490e-01, 2.477545e-01
95, 1.786779e-01, 4.956172e-01
96, 1.795938e-01, 6.102848e-01
97, 1.797727e-01, 3.028522e-01
98, 1.851137e-01, 2.478143e-01
99, 1.860264e-01, 5.531884e-01
100, 1.863158e-01, 4.145021e-01
101, 1.865669e-01, 1.928049e-01
102, 1.868430e-01, 7.765652e-01
103, 1.871919e-01, 3.597136e-01
104, 1.874152e-01, 7.202698e-01
105, 1.876508e-01, 8.308436e-01
106, 1.877538e-01, 6.104029e-01
107, 1.878066e-01, 4.959005e-01
108, 1.879303e-01, 8.024761e-01
109, 1.888943e-01, 3.873220e-01
110, 1.889859e-01, 5.812722e-01
111, 1.889871e-01, 3.310617e-01
112, 1.889997e-01, 5.232096e-01
113, 1.890277e-01, 3.017180e-01
114, 1.890322e-01, 6.618420e-01
115, 1.891235e-01, 2.181437e-01
116, 1.900247e-01, 4.685562e-01
117, 1.900624e-01, 6.888589e-01
118, 1.906068e-01, 6.375033e-01
119, 1.914216e-01, 7.483527e-01
120, 1.915128e-01, 3.635294e-01
121, 1.915509e-01, 2.770104e-01
122, 1.917935e-01, 5.461847e-01
123, 1.917970e-01, 7.708980e-01
124, 1.918999e-01, 5.848046e-01
125, 1.920356e-01, 8.258757e-01
126, 1.922912e-01, 4.230075e-01
127, 1.922913e-01, 2.140208e-01
128, 1.922930e-01, 7.156850e-01
129, 1.924734e-01, 1.999034e-01
130, 1.926875e-01, 6.039717e-01
131, 1.930928e-01, 4.909019e-01
132, 1.933368e-01, 2.567010e-01
133, 1.934933e-01, 4.730823e-01
134, 1.935019e-01, 6.569100e-01
135, 1.937421e-01, 7.900115e-01
136, 1.940279e-01, 6.436463e-01
137, 1.941555e-01, 6.943015e-01
138, 1.941733e-01, 3.267058e-01
139, 1.942583e-01, 5.309042e-01
140, 1.944060e-01, 3.784101e-01
141, 1.945449e-01, 7.537717e-01
142, 1.948138e-01, 5.138835e-01
143, 1.949130e-01, 8.452065e-01
144, 1.950517e-01, 3.447727e-01
145, 1.950857e-01, 2.701334e-01
146, 1.951585e-01, 6.790630e-01
147, 1.951748e-01, 8.121219e-01
148, 1.961771e-01, 5.663843e-01
149, 1.962220e-01, 3.100607e-01
150, 1.965136e-01, 7.369120e-01
151, 1.965314e-01, 4.547315e-01
152, 1.966383e-01, 1.796365e-01
153, 1.972502e-01, 6.236080e-01
154, 1.975960e-01, 2.882023e-01
155, 1.978976e-01, 2.344723e-01
156, 1.982498e-01, 3.997336e-01
157, 2.064927e-01, 2.343992e-01
158, 2.069518e-01, 4.001095e-01
159, 2.087870e-01, 5.653990e-01
160, 2.088191e-01, 2.891726e-01
161, 2.098877e-01, 6.765097e-01
162, 2.102698e-01, 5.104168e-01
163, 2.107350e-01, 7.347563e-01
164, 2.108164e-01, 7.905565e-01
165, 2.108793e-01, 6.233203e-01
166, 2.113515e-01, 4.544089e-01
167, 2.114502e-01, 1.816446e-01
168, 2.114658e-01, 2.539584e-01
169, 2.115300e-01, 8.450293e-01
170, 2.116620e-01, 3.785499e-01
171, 2.116814e-01, 3.463295e-01
172, 2.117331e-01, 6.008891e-01
173, 2.118123e-01, 7.144566e-01
174, 2.120822e-01, 4.211525e-01
175, 2.123910e-01, 5.331233e-01
176, 2.124200e-01, 1.981754e-01
177, 2.127283e-01, 6.985142e-01
178, 2.129365e-01, 3.094350e-01
179, 2.130571e-01, 2.133296e-01
180, 2.131580e-01, 4.350899e-01
181, 2.132501e-01, 8.102386e-01
182, 2.133184e-01, 5.875700e-01
183, 2.135656e-01, 7.569491e-01
184, 2.139882e-01, 2.685956e-01
185, 2.141099e-01, 5.489812e-01
186, 2.141761e-01, 6.599517e-01
187, 2.141773e-01, 8.282537e-01
188, 2.143819e-01, 1.587068e-01
189, 2.147908e-01, 3.276167e-01
190, 2.148203e-01, 7.722588e-01
191, 2.148765e-01, 4.946581e-01
192, 2.153788e-01, 2.477725e-01
193, 2.160065e-01, 4.154506e-01
194, 2.160560e-01, 4.759798e-01
195, 2.161825e-01, 3.887477e-01
196, 2.162803e-01, 5.523086e-01
197, 2.162829e-01, 4.969873e-01
198, 2.163915e-01, 1.914097e-01
199, 2.171535e-01, 6.421219e-01
200, 2.175029e-01, 7.206065e-01
201, 2.176370e-01, 7.759658e-01
202, 2.177067e-01, 6.656259e-01
203, 2.179809e-01, 2.202711e-01
204, 2.180426e-01, 8.340701e-01
205, 2.184546e-01, 6.937383e-01
206, 2.184707e-01, 8.041796e-01
207, 2.184801e-01, 3.020772e-01
208, 2.185018e-01, 3.313427e-01
209, 2.190387e-01, 5.813224e-01
210, 2.190824e-01, 6.396705e-01
211, 2.192556e-01, 1.637791e-01
212, 2.193046e-01, 5.254556e-01
213, 2.194043e-01, 6.115838e-01
214, 2.195047e-01, 4.426035e-01
215, 2.195749e-01, 2.736396e-01
216, 2.202141e-01, 4.713208e-01
217, 2.212532e-01, 7.483955e-01
218, 2.247456e-01, 2.209917e-01
219, 2.248857e-01, 5.811825e-01
220, 2.270952e-01, 5.255010e-01
221, 2.273098e-01, 6.932239e-01
222, 2.276391e-01, 2.732849e-01
223, 2.276440e-01, 8.331594e-01
224, 2.276930e-01, 2.476737e-01
225, 2.277318e-01, 7.757901e-01
226, 2.279180e-01, 3.308402e-01
227, 2.280273e-01, 8.046513e-01
228, 2.284443e-01, 3.614310e-01
229, 2.287768e-01, 4.150026e-01
230, 2.287855e-01, 4.701631e-01
231, 2.291516e-01, 3.015975e-01
232, 2.293366e-01, 6.393711e-01
233, 2.297283e-01, 1.633673e-01
234, 2.299526e-01, 4.990299e-01
235, 2.301277e-01, 7.481073e-01
236, 2.305902e-01, 7.201057e-01
237, 2.305945e-01, 6.679824e-01
238, 2.308248e-01, 5.526755e-01
239, 2.309573e-01, 2.699292e-01
240, 2.309749e-01, 4.422228e-01
241, 2.311706e-01, 1.927236e-01
242, 2.312133e-01, 6.109544e-01
243, 2.316370e-01, 6.420333e-01
244, 2.317696e-01, 3.896913e-01
245, 2.322084e-01, 8.281167e-01
246, 2.327066e-01, 2.554799e-01
247, 2.328842e-01, 8.100668e-01
248, 2.333055e-01, 4.390806e-01
249, 2.333296e-01, 1.594723e-01
250, 2.334594e-01, 3.667412e-01
251, 2.337018e-01, 7.525665e-01
252, 2.339272e-01, 7.148349e-01
253, 2.342008e-01, 3.087325e-01
254, 2.342411e-01, 5.901084e-01
255, 2.342640e-01, 4.216855e-01
256, 2.343260e-01, 7.685495e-01
257, 2.344684e-01, 2.341749e-01
258, 2.344890e-01, 2.109164e-01
259, 2.345864e-01, 7.033986e-01
260, 2.346784e-01, 4.939415e-01
261, 2.348494e-01, 2.918559e-01
262, 2.349352e-01, 5.335107e-01
263, 2.351545e-01, 3.203489e-01
264, 2.354312e-01, 1.981821e-01
265, 2.356666e-01, 6.021695e-01
266, 2.360869e-01, 6.592793e-01
267, 2.361929e-01, 5.102942e-01
268, 2.363899e-01, 3.783892e-01
269, 2.364126e-01, 6.781700e-01
270, 2.366533e-01, 5.656252e-01
271, 2.367842e-01, 3.978542e-01
272, 2.369192e-01, 4.788415e-01
273, 2.375311e-01, 8.471994e-01
274, 2.375934e-01, 7.902679e-01
275, 2.376524e-01, 4.572505e-01
276, 2.377836e-01, 7.335454e-01
277, 2.388230e-01, 1.778820e-01
278, 2.390435e-01, 3.436973e-01
279, 2.402401e-01, 6.226316e-01
280, 2.493377e-01, 2.334589e-01
281, 2.496736e-01, 7.889914e-01
282, 2.497201e-01, 5.123227e-01
283, 2.499214e-01, 5.687928e-01
284, 2.500008e-01, 6.803754e-01
285, 2.500807e-01, 3.434337e-01
286, 2.507006e-01, 6.240505e-01
287, 2.510231e-01, 2.891603e-01
288, 2.512328e-01, 8.445488e-01
289, 2.515149e-01, 4.587512e-01
290, 2.515558e-01, 7.338695e-01
291, 2.525505e-01, 8.120698e-01
292, 2.526825e-01, 4.000445e-01
293, 2.527627e-01, 3.237082e-01
294, 2.530445e-01, 6.551621e-01
295, 2.531841e-01, 1.777107e-01
296, 2.532434e-01, 6.446182e-01
297, 2.532886e-01, 4.784493e-01
298, 2.535278e-01, 1.977612e-01
299, 2.539033e-01, 2.529331e-01
300, 2.539498e-01, 4.201063e-01
301, 2.541536e-01, 7.718335e-01
302, 2.546015e-01, 3.067867e-01
303, 2.546370e-01, 2.724725e-01
304, 2.546462e-01, 1.601844e-01
305, 2.547452e-01, 5.311530e-01
306, 2.547665e-01, 7.151402e-01
307, 2.549377e-01, 3.784605e-01
308, 2.549385e-01, 5.470457e-01
309, 2.549445e-01, 6.973072e-01
310, 2.550116e-01, 8.287003e-01
311, 2.551277e-01, 7.548753e-01
312, 2.554113e-01, 4.372771e-01
313, 2.555607e-01, 4.938607e-01
314, 2.559155e-01, 6.007291e-01
315, 2.564976e-01, 8.305684e-01
316, 2.565092e-01, 5.289889e-01
317, 2.569405e-01, 8.058981e-01
318, 2.569424e-01, 6.945080e-01
319, 2.570864e-01, 2.479444e-01
320, 2.572780e-01, 3.295112e-01
321, 2.573871e-01, 6.369831e-01
322, 2.574558e-01, 2.760878e-01
323, 2.576718e-01, 7.776346e-01
324, 2.580667e-01, 3.030383e-01
325, 2.585432e-01, 1.912017e-01
326, 2.585644e-01, 4.707887e-01
327, 2.588976e-01, 3.607323e-01
328, 2.591448e-01, 4.984771e-01
329, 2.596202e-01, 1.675593e-01
330, 2.596347e-01, 5.547918e-01
331, 2.597678e-01, 4.126868e-01
332, 2.598724e-01, 7.216666e-01
333, 2.602927e-01, 7.489662e-01
334, 2.603011e-01, 3.870625e-01
335, 2.609108e-01, 4.429152e-01
336, 2.610820e-01, 3.580446e-01
337, 2.624516e-01, 6.654424e-01
338, 2.639132e-01, 6.095609e-01
339, 2.672186e-01, 4.134289e-01
340, 2.685027e-01, 3.579559e-01
341, 2.687705e-01, 6.653055e-01
342, 2.690314e-01, 2.764855e-01
343, 2.690783e-01, 8.046664e-01
344, 2.691259e-01, 1.668627e-01
345, 2.691468e-01, 4.991070e-01
346, 2.694204e-01, 2.186019e-01
347, 2.695364e-01, 2.476228e-01
348, 2.697883e-01, 3.044320e-01
349, 2.699819e-01, 6.953054e-01
350, 2.701181e-01, 7.787114e-01
351, 2.702369e-01, 5.558418e-01
352, 2.706283e-01, 5.273248e-01
353, 2.710546e-01, 4.709688e-01
354, 2.711160e-01, 7.210694e-01
355, 2.711520e-01, 7.486509e-01
356, 2.712457e-01, 8.311849e-01
357, 2.713235e-01, 4.427144e-01
358, 2.717489e-01, 1.923460e-01
359, 2.723159e-01, 5.800906e-01
360, 2.723617e-01, 6.602210e-01
361, 2.725025e-01, 3.859805e-01
362, 2.726769e-01, 6.382677e-01
363, 2.727118e-01, 6.978269e-01
364, 2.734247e-01, 1.620242e-01
365, 2.736141e-01, 2.712129e-01
366, 2.736875e-01, 3.637816e-01
367, 2.738944e-01, 8.281140e-01
368, 2.742001e-01, 2.124244e-01
369, 2.742847e-01, 4.750416e-01
370, 2.742849e-01, 3.101008e-01
371, 2.743944e-01, 4.208787e-01
372, 2.744120e-01, 5.318316e-01
373, 2.744152e-01, 7.530569e-01
374, 2.744810e-01, 7.169160e-01
375, 2.745818e-01, 4.920735e-01
376, 2.755130e-01, 3.822356e-01
377, 2.755781e-01, 2.546721e-01
378, 2.756907e-01, 5.482954e-01
379, 2.756977e-01, 7.708811e-01
380, 2.758840e-01, 8.125475e-01
381, 2.763517e-01, 2.879493e-01
382, 2.763644e-01, 4.340962e-01
383, 2.764371e-01, 5.865870e-01
384, 2.766760e-01, 2.000007e-01
385, 2.769268e-01, 7.890684e-01
386, 2.770627e-01, 8.440860e-01
387, 2.770721e-01, 6.750543e-01
388, 2.776275e-01, 3.459631e-01
389, 2.778820e-01, 7.373238e-01
390, 2.779381e-01, 5.681900e-01
391, 2.779906e-01, 1.806723e-01
392, 2.780495e-01, 5.134216e-01
393, 2.783330e-01, 6.231534e-01
394, 2.786356e-01, 2.321175e-01
395, 2.788902e-01, 4.002490e-01
396, 2.795852e-01, 4.542902e-01
397, 2.884854e-01, 7.911497e-01
398, 2.887440e-01, 2.327674e-01
399, 2.903027e-01, 3.450831e-01
400, 2.904030e-01, 5.123733e-01
401, 2.908975e-01, 4.549881e-01
402, 2.911721e-01, 6.768123e-01
403, 2.912182e-01, 5.662237e-01
404, 2.913614e-01, 6.231922e-01
405, 2.916907e-01, 3.086489e-01
406, 2.920131e-01, 4.020193e-01
407, 2.923708e-01, 1.791466e-01
408, 2.923938e-01, 6.542546e-01
409, 2.926474e-01, 7.363211e-01
410, 2.932989e-01, 2.891255e-01
411, 2.933772e-01, 8.451204e-01
412, 2.933997e-01, 6.442337e-01
413, 2.937572e-01, 3.657698e-01
414, 2.940181e-01, 5.351805e-01
415, 2.940657e-01, 3.275684e-01
416, 2.942441e-01, 6.962464e-01
417, 2.946389e-01, 8.265359e-01
418, 2.946718e-01, 7.155644e-01
419, 2.947942e-01, 6.037510e-01
420, 2.949597e-01, 2.544605e-01
421, 2.950800e-01, 5.906148e-01
422, 2.951034e-01, 7.559812e-01
423, 2.952012e-01, 4.916648e-01
424, 2.952235e-01, 1.614010e-01
425, 2.952281e-01, 4.768364e-01
426, 2.953128e-01, 5.487619e-01
427, 2.955577e-01, 7.687563e-01
428, 2.960095e-01, 8.088566e-01
429, 2.960504e-01, 4.326610e-01
430, 2.964795e-01, 3.809468e-01
431, 2.968258e-01, 2.707163e-01
432, 2.970629e-01, 1.975687e-01
433, 2.971434e-01, 3.034751e-01
434, 2.973928e-01, 8.070859e-01
435, 2.976413e-01, 6.920559e-01
436, 2.976870e-01, 2.148086e-01
437, 2.977587e-01, 7.186329e-01
438, 2.978133e-01, 1.642024e-01
439, 2.978510e-01, 3.315868e-01
440, 2.979905e-01, 4.955518e-01
441, 2.980999e-01, 4.143605e-01
442, 2.982715e-01, 2.494313e-01
443, 2.985186e-01, 5.530638e-01
444, 2.988426e-01, 6.388140e-01
445, 2.988541e-01, 3.574367e-01
446, 2.993843e-01, 6.652456e-01
447, 2.997054e-01, 8.335886e-01
448, 2.997468e-01, 6.110611e-01
449, 2.997566e-01, 3.840724e-01
450, 3.001676e-01, 4.705603e-01
451, 3.001833e-01, 1.932169e-01
452, 3.006313e-01, 2.200244e-01
453, 3.011280e-01, 2.765252e-01
454, 3.017085e-01, 7.464807e-01
455, 3.018166e-01, 7.760170e-01
456, 3.022380e-01, 4.416099e-01
457, 3.023366e-01, 5.240608e-01
458, 3.027880e-01, 5.830073e-01
459, 3.068958e-01, 8.059813e-01
460, 3.077041e-01, 1.926171e-01
461, 3.089048e-01, 5.825246e-01
462, 3.090023e-01, 2.766840e-01
463, 3.091393e-01, 7.769975e-01
464, 3.091990e-01, 5.237941e-01
465, 3.095465e-01, 3.062960e-01
466, 3.096561e-01, 3.563472e-01
467, 3.097833e-01, 7.460657e-01
468, 3.098210e-01, 4.130799e-01
469, 3.100074e-01, 2.220090e-01
470, 3.100807e-01, 2.469215e-01
471, 3.102529e-01, 6.920288e-01
472, 3.103882e-01, 3.841535e-01
473, 3.104737e-01, 6.381795e-01
474, 3.106003e-01, 3.307242e-01
475, 3.109848e-01, 1.637484e-01
476, 3.111365e-01, 5.533732e-01
477, 3.111412e-01, 4.424691e-01
478, 3.113857e-01, 7.189574e-01
479, 3.121432e-01, 4.699065e-01
480, 3.121770e-01, 6.129564e-01
481, 3.122714e-01, 8.332931e-01
482, 3.122970e-01, 3.096940e-01
483, 3.125310e-01, 4.970053e-01
484, 3.125472e-01, 8.105439e-01
485, 3.127263e-01, 6.648911e-01
486, 3.132402e-01, 5.867460e-01
487, 3.133537e-01, 5.300570e-01
488, 3.139076e-01, 1.603151e-01
489, 3.140401e-01, 6.967903e-01
490, 3.141937e-01, 6.630011e-01
491, 3.148177e-01, 6.434172e-01
492, 3.150691e-01, 7.140462e-01
493, 3.153259e-01, 5.478932e-01
494, 3.154123e-01, 4.936491e-01
495, 3.155962e-01, 2.700197e-01
496, 3.156567e-01, 4.374710e-01
497, 3.156835e-01, 3.660412e-01
498, 3.156902e-01, 3.797781e-01
499, 3.157145e-01, 7.881424e-01
500, 3.163261e-01, 4.763584e-01
501, 3.163374e-01, 7.686198e-01
502, 3.164516e-01, 1.995299e-01
503, 3.165415e-01, 2.147149e-01
504, 3.166196e-01, 4.212143e-01
505, 3.167464e-01, 6.040319e-01
506, 3.167925e-01, 7.560646e-01
507, 3.168186e-01, 2.343946e-01
508, 3.171473e-01, 8.227758e-01
509, 3.174487e-01, 2.557400e-01
510, 3.174980e-01, 4.026761e-01
511, 3.177428e-01, 5.133780e-01
512, 3.177751e-01, 6.213256e-01
513, 3.180158e-01, 6.791335e-01
514, 3.183393e-01, 1.775094e-01
515, 3.184575e-01, 5.675392e-01
516, 3.185600e-01, 3.431636e-01
517, 3.188340e-01, 2.887668e-01
518, 3.188419e-01, 7.343582e-01
519, 3.195303e-01, 8.430280e-01
520, 3.195371e-01, 4.577627e-01
521, 3.293456e-01, 2.897283e-01
522, 3.305888e-01, 3.446920e-01
523, 3.314898e-01, 5.681107e-01
524, 3.316554e-01, 1.801714e-01
525, 3.316654e-01, 5.138832e-01
526, 3.318030e-01, 7.909320e-01
527, 3.323894e-01, 2.349111e-01
528, 3.324092e-01, 6.806673e-01
529, 3.326989e-01, 4.025630e-01
530, 3.333127e-01, 7.346288e-01
531, 3.334637e-01, 8.431297e-01
532, 3.335531e-01, 5.453625e-01
533, 3.336573e-01, 6.222801e-01
534, 3.337305e-01, 3.102837e-01
535, 3.337523e-01, 3.204661e-01
536, 3.340346e-01, 5.332776e-01
537, 3.342290e-01, 1.961630e-01
538, 3.342321e-01, 7.706169e-01
539, 3.343002e-01, 4.787492e-01
540, 3.343599e-01, 4.571065e-01
541, 3.344157e-01, 3.811145e-01
542, 3.346904e-01, 5.884947e-01
543, 3.347075e-01, 7.121799e-01
544, 3.347224e-01, 2.544933e-01
545, 3.347323e-01, 5.999663e-01
546, 3.347875e-01, 7.533870e-01
547, 3.349029e-01, 6.600322e-01
548, 3.349981e-01, 6.981989e-01
549, 3.351205e-01, 6.440696e-01
550, 3.351924e-01, 2.143658e-01
551, 3.352045e-01, 4.206511e-01
552, 3.352917e-01, 4.356793e-01
553, 3.354201e-01, 4.927819e-01
554, 3.355523e-01, 8.215856e-01
555, 3.361817e-01, 1.582683e-01
556, 3.369729e-01, 2.713889e-01
557, 3.378340e-01, 8.032555e-01
558, 3.378636e-01, 1.909996e-01
559, 3.384316e-01, 3.597036e-01
560, 3.384329e-01, 3.045859e-01
561, 3.386800e-01, 4.157723e-01
562, 3.387044e-01, 6.641232e-01
563, 3.390298e-01, 5.256114e-01
564, 3.390806e-01, 2.739837e-01
565, 3.394821e-01, 2.193899e-01
566, 3.396737e-01, 7.763678e-01
567, 3.399187e-01, 5.813589e-01
568, 3.399959e-01, 2.462064e-01
569, 3.400819e-01, 1.621364e-01
570, 3.401067e-01, 7.189263e-01
571, 3.402294e-01, 3.883309e-01
572, 3.402792e-01, 6.910114e-01
573, 3.405190e-01, 3.328532e-01
574, 3.405706e-01, 4.419734e-01
575, 3.408135e-01, 5.529287e-01
576, 3.410068e-01, 6.376598e-01
577, 3.413270e-01, 7.459368e-01
578, 3.413300e-01, 4.987254e-01
579, 3.415378e-01, 8.319980e-01
580, 3.420088e-01, 6.099151e-01
581, 3.429004e-01, 4.681441e-01
582, 3.489647e-01, 6.903638e-01
583, 3.492253e-01, 6.091737e-01
584, 3.493136e-01, 7.475959e-01
585, 3.495863e-01, 3.033523e-01
586, 3.500822e-01, 5.526377e-01
587, 3.502171e-01, 5.811336e-01
588, 3.503377e-01, 2.755257e-01
589, 3.506724e-01, 1.623426e-01
590, 3.508500e-01, 6.650571e-01
591, 3.509117e-01, 3.886194e-01
592, 3.509444e-01, 7.744529e-01
593, 3.510139e-01, 4.982611e-01
594, 3.511117e-01, 8.032511e-01
595, 3.513935e-01, 3.596206e-01
596, 3.515602e-01, 8.322457e-01
597, 3.515860e-01, 3.325923e-01
598, 3.517223e-01, 2.465139e-01
599, 3.517259e-01, 4.161280e-01
600, 3.517903e-01, 1.911322e-01
601, 3.525122e-01, 4.697214e-01
602, 3.526557e-01, 7.717914e-01
603, 3.527669e-01, 5.263027e-01
604, 3.528154e-01, 2.183658e-01
605, 3.530271e-01, 7.176428e-01
606, 3.535165e-01, 7.534705e-01
607, 3.536774e-01, 4.402827e-01
608, 3.543723e-01, 2.158468e-01
609, 3.544910e-01, 4.722891e-01
610, 3.546520e-01, 5.465843e-01
611, 3.546587e-01, 1.580944e-01
612, 3.551324e-01, 4.381868e-01
613, 3.553535e-01, 3.643119e-01
614, 3.554386e-01, 6.972651e-01
615, 3.554734e-01, 7.142608e-01
616, 3.555273e-01, 5.311328e-01
617, 3.555587e-01, 1.973191e-01
618, 3.556892e-01, 4.910752e-01
619, 3.558539e-01, 5.879524e-01
620, 3.560565e-01, 4.214529e-01
621, 3.560776e-01, 6.584207e-01
622, 3.561037e-01, 6.008511e-01
623, 3.561789e-01, 6.779543e-01
624, 3.566620e-01, 3.113455e-01
625, 3.567273e-01, 2.557999e-01
626, 3.567378e-01, 3.804830e-01
627, 3.568762e-01, 2.894236e-01
628, 3.570352e-01, 3.239254e-01
629, 3.572931e-01, 2.673042e-01
630, 3.580817e-01, 8.105936e-01
631, 3.589485e-01, 5.667123e-01
632, 3.590529e-01, 1.799520e-01
633, 3.591553e-01, 8.426535e-01
634, 3.594362e-01, 8.226414e-01
635, 3.596424e-01, 7.894571e-01
636, 3.597369e-01, 3.996674e-01
637, 3.600060e-01, 3.449698e-01
638, 3.602237e-01, 5.119536e-01
639, 3.613344e-01, 4.545323e-01
640, 3.613726e-01, 7.326919e-01
641, 3.619922e-01, 2.345669e-01
642, 3.626128e-01, 6.240421e-01
643, 3.710827e-01, 1.785484e-01
644, 3.721165e-01, 5.670353e-01
645, 3.721762e-01, 2.349109e-01
646, 3.722152e-01, 3.451436e-01
647, 3.725404e-01, 4.003874e-01
648, 3.725444e-01, 8.439205e-01
649, 3.727274e-01, 2.892496e-01
650, 3.727581e-01, 6.219947e-01
651, 3.729158e-01, 6.777407e-01
652, 3.729588e-01, 7.893890e-01
653, 3.731230e-01, 4.542220e-01
654, 3.735064e-01, 5.118167e-01
655, 3.736536e-01, 7.334202e-01
656, 3.737955e-01, 6.039582e-01
657, 3.742243e-01, 4.207442e-01
658, 3.745928e-01, 7.120267e-01
659, 3.747635e-01, 7.549159e-01
660, 3.749587e-01, 4.355144e-01
661, 3.754769e-01, 2.008064e-01
662, 3.757274e-01, 5.860909e-01
663, 3.757673e-01, 4.900453e-01
664, 3.758015e-01, 6.458539e-01
665, 3.760045e-01, 3.787576e-01
666, 3.760124e-01, 7.693601e-01
667, 3.761558e-01, 2.118221e-01
668, 3.761790e-01, 2.697203e-01
669, 3.761924e-01, 6.958920e-01
670, 3.762108e-01, 3.087122e-01
671, 3.763017e-01, 5.332259e-01
672, 3.767074e-01, 3.270511e-01
673, 3.767641e-01, 6.602327e-01
674, 3.767896e-01, 3.654236e-01
675, 3.770463e-01, 5.474126e-01
676, 3.771024e-01, 4.746264e-01
677, 3.778653e-01, 1.593425e-01
678, 3.780401e-01, 6.100869e-01
679, 3.780425e-01, 2.531826e-01
680, 3.788049e-01, 6.930332e-01
681, 3.790046e-01, 8.262253e-01
682, 3.791737e-01, 1.610584e-01
683, 3.797962e-01, 7.484235e-01
684, 3.799780e-01, 6.642393e-01
685, 3.801641e-01, 5.814232e-01
686, 3.802533e-01, 3.851579e-01
687, 3.804578e-01, 8.054287e-01
688, 3.804910e-01, 7.750105e-01
689, 3.805702e-01, 2.754513e-01
690, 3.805774e-01, 3.320882e-01
691, 3.809393e-01, 5.526992e-01
692, 3.809502e-01, 3.595961e-01
693, 3.810277e-01, 3.034638e-01
694, 3.810898e-01, 8.294092e-01
695, 3.811365e-01, 4.127411e-01
696, 3.813890e-01, 4.423418e-01
697, 3.816446e-01, 8.036328e-01
698, 3.817320e-01, 2.472734e-01
699, 3.818719e-01, 4.700456e-01
700, 3.819192e-01, 4.979756e-01
701, 3.820989e-01, 5.247623e-01
702, 3.821216e-01, 7.220837e-01
703, 3.822914e-01, 2.197838e-01
704, 3.834526e-01, 1.907034e-01
705, 3.836110e-01, 6.348576e-01
706, 3.887578e-01, 1.902925e-01
707, 3.890433e-01, 6.643772e-01
708, 3.891591e-01, 4.419689e-01
709, 3.897852e-01, 3.591699e-01
710, 3.900302e-01, 5.825340e-01
711, 3.904250e-01, 7.213461e-01
712, 3.908515e-01, 4.136920e-01
713, 3.908908e-01, 5.529822e-01
714, 3.915687e-01, 7.489932e-01
715, 3.918184e-01, 3.313779e-01
716, 3.919362e-01, 7.749432e-01
717, 3.919377e-01, 3.856531e-01
718, 3.920322e-01, 4.695160e-01
719, 3.922283e-01, 3.041665e-01
720, 3.923628e-01, 5.250582e-01
721, 3.924079e-01, 1.632557e-01
722, 3.926036e-01, 2.754383e-01
723, 3.926639e-01, 6.351468e-01
724, 3.927596e-01, 2.477290e-01
725, 3.928297e-01, 6.072196e-01
726, 3.929485e-01, 8.314494e-01
727, 3.934250e-01, 8.022027e-01
728, 3.936547e-01, 6.937121e-01
729, 3.939682e-01, 2.192450e-01
730, 3.942257e-01, 1.613566e-01
731, 3.942448e-01, 4.972569e-01
732, 3.943167e-01, 5.883512e-01
733, 3.944930e-01, 7.529764e-01
734, 3.950609e-01, 6.960210e-01
735, 3.953674e-01, 6.026025e-01
736, 3.954976e-01, 4.333694e-01
737, 3.955507e-01, 3.814376e-01
738, 3.957448e-01, 4.198970e-01
739, 3.959514e-01, 3.086843e-01
740, 3.960152e-01, 7.130943e-01
741, 3.961909e-01, 4.949665e-01
742, 3.963723e-01, 3.246836e-01
743, 3.964978e-01, 1.979854e-01
744, 3.965184e-01, 4.756732e-01
745, 3.967154e-01, 7.690957e-01
746, 3.967994e-01, 3.668547e-01
747, 3.969330e-01, 6.422983e-01
748, 3.969331e-01, 5.311508e-01
749, 3.972224e-01, 5.451203e-01
750, 3.972464e-01, 6.565768e-01
751, 3.973056e-01, 1.762669e-01
752, 3.975904e-01, 2.540378e-01
753, 3.979095e-01, 2.697826e-01
754, 3.980738e-01, 8.258701e-01
755, 3.982556e-01, 8.074792e-01
756, 3.988410e-01, 2.903993e-01
757, 3.991342e-01, 4.569557e-01
758, 3.993867e-01, 3.997371e-01
759, 3.996189e-01, 8.449181e-01
760, 4.000140e-01, 3.452436e-01
761, 4.000868e-01, 7.896142e-01
762, 4.001057e-01, 2.351763e-01
763, 4.005688e-01, 6.812228e-01
764, 4.005716e-01, 5.667054e-01
765, 4.005855e-01, 5.126911e-01
766, 4.014524e-01, 7.343586e-01
767, 4.020108e-01, 6.233870e-01
768, 4.116054e-01, 5.668551e-01
769, 4.117479e-01, 7.345817e-01
770, 4.118428e-01, 7.884620e-01
771, 4.119738e-01, 6.230983e-01
772, 4.121321e-01, 8.452256e-01
773, 4.122553e-01, 4.548774e-01
774, 4.128096e-01, 3.465860e-01
775, 4.130046e-01, 6.784687e-01
776, 4.132324e-01, 3.982981e-01
777, 4.133409e-01, 2.353833e-01
778, 4.142834e-01, 7.673980e-01
779, 4.149873e-01, 3.661236e-01
780, 4.149967e-01, 3.260062e-01
781, 4.152342e-01, 1.783947e-01
782, 4.157052e-01, 1.970192e-01
783, 4.157094e-01, 5.141211e-01
784, 4.157816e-01, 3.813000e-01
785, 4.162990e-01, 8.244116e-01
786, 4.165318e-01, 2.896863e-01
787, 4.166262e-01, 7.537962e-01
788, 4.166670e-01, 8.099398e-01
789, 4.167567e-01, 5.465093e-01
790, 4.167683e-01, 6.020574e-01
791, 4.169097e-01, 2.147435e-01
792, 4.169352e-01, 5.866102e-01
793, 4.170164e-01, 4.924361e-01
794, 4.171116e-01, 6.431168e-01
795, 4.173562e-01, 1.578117e-01
796, 4.173593e-01, 3.083562e-01
797, 4.175464e-01, 2.525018e-01
798, 4.176620e-01, 7.015973e-01
799, 4.179003e-01, 2.721627e-01
800, 4.179116e-01, 5.306931e-01
801, 4.180433e-01, 4.772039e-01
802, 4.182003e-01, 4.398218e-01
803, 4.183243e-01, 7.141502e-01
804, 4.183343e-01, 4.193376e-01
805, 4.184059e-01, 6.602893e-01
806, 4.189549e-01, 1.928680e-01
807, 4.192331e-01, 4.416845e-01
808, 4.197068e-01, 3.593189e-01
809, 4.198200e-01, 7.491830e-01
810, 4.200351e-01, 5.821738e-01
811, 4.200774e-01, 7.751466e-01
812, 4.203086e-01, 3.880228e-01
813, 4.206831e-01, 4.166510e-01
814, 4.206853e-01, 3.334006e-01
815, 4.207540e-01, 2.487251e-01
816, 4.208559e-01, 6.076159e-01
817, 4.209199e-01, 8.301855e-01
818, 4.210260e-01, 6.633590e-01
819, 4.212277e-01, 4.973591e-01
820, 4.214651e-01, 5.538552e-01
821, 4.218366e-01, 6.342446e-01
822, 4.220607e-01, 3.045326e-01
823, 4.221247e-01, 7.197747e-01
824, 4.224306e-01, 2.766177e-01
825, 4.226649e-01, 5.243463e-01
826, 4.228258e-01, 2.206020e-01
827, 4.230236e-01, 8.033698e-01
828, 4.231138e-01, 4.709929e-01
829, 4.232479e-01, 6.927027e-01
830, 4.237177e-01, 1.651995e-01
831, 4.296679e-01, 1.649114e-01
832, 4.302812e-01, 2.757399e-01
833, 4.302880e-01, 8.027004e-01
834, 4.308908e-01, 7.206029e-01
835, 4.310080e-01, 5.543974e-01
836, 4.313349e-01, 3.881144e-01
837, 4.313904e-01, 6.634902e-01
838, 4.314535e-01, 2.479835e-01
839, 4.318576e-01, 4.976216e-01
840, 4.320531e-01, 4.704183e-01
841, 4.322844e-01, 2.215126e-01
842, 4.323562e-01, 3.319146e-01
843, 4.323800e-01, 3.065232e-01
844, 4.326510e-01, 4.152636e-01
845, 4.327527e-01, 6.335637e-01
846, 4.328345e-01, 5.816725e-01
847, 4.328446e-01, 7.762947e-01
848, 4.330992e-01, 7.493069e-01
849, 4.332735e-01, 8.310271e-01
850, 4.337028e-01, 6.081487e-01
851, 4.337056e-01, 6.605745e-01
852, 4.339018e-01, 4.429472e-01
853, 4.341101e-01, 6.917109e-01
854, 4.341692e-01, 4.726547e-01
855, 4.346032e-01, 3.087392e-01
856, 4.352270e-01, 7.159676e-01
857, 4.353055e-01, 1.597327e-01
858, 4.354099e-01, 2.699275e-01
859, 4.358476e-01, 3.267827e-01
860, 4.363570e-01, 1.941968e-01
861, 4.364315e-01, 8.087335e-01
862, 4.364681e-01, 8.265421e-01
863, 4.365615e-01, 3.809936e-01
864, 4.370492e-01, 4.388737e-01
865, 4.375553e-01, 6.039239e-01
866, 4.375562e-01, 7.542892e-01
867, 4.377839e-01, 2.139253e-01
868, 4.378707e-01, 2.567380e-01
869, 4.379602e-01, 6.967275e-01
870, 4.380749e-01, 7.865963e-01
871, 4.383859e-01, 4.212646e-01
872, 4.385829e-01, 5.460486e-01
873, 4.386123e-01, 7.672257e-01
874, 4.388919e-01, 5.889211e-01
875, 4.389301e-01, 6.240160e-01
876, 4.389903e-01, 6.431713e-01
877, 4.392192e-01, 5.676288e-01
878, 4.392278e-01, 4.897338e-01
879, 4.393750e-01, 2.331163e-01
880, 4.395085e-01, 4.005116e-01
881, 4.397939e-01, 7.326150e-01
882, 4.398365e-01, 8.455616e-01
883, 4.406232e-01, 4.558037e-01
884, 4.406285e-01, 2.880740e-01
885, 4.411616e-01, 3.478994e-01
886, 4.412715e-01, 1.794025e-01
887, 4.416421e-01, 5.143559e-01
888, 4.419047e-01, 6.770475e-01
889, 4.521994e-01, 2.347711e-01
890, 4.524991e-01, 6.770865e-01
891, 4.525796e-01, 8.452496e-01
892, 4.528115e-01, 4.562272e-01
893, 4.531844e-01, 5.113085e-01
894, 4.535272e-01, 3.454460e-01
895, 4.535717e-01, 7.323829e-01
896, 4.536106e-01, 4.004695e-01
897, 4.542326e-01, 1.767986e-01
898, 4.542897e-01, 2.879804e-01
899, 4.544770e-01, 7.885625e-01
900, 4.544963e-01, 4.215192e-01
901, 4.550569e-01, 7.118634e-01
902, 4.555340e-01, 2.122189e-01
903, 4.555412e-01, 6.240239e-01
904, 4.556692e-01, 5.669275e-01
905, 4.560867e-01, 2.548356e-01
906, 4.561906e-01, 6.565441e-01
907, 4.564370e-01, 7.014750e-01
908, 4.564678e-01, 3.078445e-01
909, 4.569285e-01, 6.443010e-01
910, 4.572231e-01, 4.360443e-01
911, 4.572990e-01, 8.077051e-01
912, 4.573974e-01, 7.696457e-01
913, 4.574878e-01, 5.465961e-01
914, 4.576460e-01, 4.917116e-01
915, 4.577102e-01, 5.864796e-01
916, 4.579851e-01, 1.609120e-01
917, 4.582442e-01, 8.240047e-01
918, 4.584236e-01, 1.979780e-01
919, 4.584995e-01, 3.266076e-01
920, 4.585370e-01, 4.757578e-01
921, 4.586624e-01, 2.728474e-01
922, 4.589191e-01, 3.683110e-01
923, 4.593093e-01, 8.049271e-01
924, 4.594098e-01, 3.807470e-01
925, 4.596155e-01, 5.351019e-01
926, 4.597085e-01, 7.205719e-01
927, 4.600768e-01, 6.068413e-01
928, 4.600958e-01, 3.031607e-01
929, 4.601522e-01, 1.645606e-01
930, 4.605055e-01, 2.482741e-01
931, 4.606123e-01, 4.960966e-01
932, 4.606482e-01, 5.517326e-01
933, 4.607244e-01, 7.502956e-01
934, 4.608856e-01, 2.759007e-01
935, 4.612297e-01, 6.664985e-01
936, 4.614259e-01, 4.128935e-01
937, 4.615038e-01, 3.300266e-01
938, 4.618200e-01, 4.704523e-01
939, 4.619244e-01, 3.844904e-01
940, 4.620476e-01, 2.213369e-01
941, 4.625392e-01, 6.388044e-01
942, 4.626628e-01, 6.097207e-01
943, 4.628720e-01, 7.780194e-01
944, 4.630985e-01, 4.417900e-01
945, 4.633264e-01, 7.476115e-01
946, 4.633481e-01, 8.306422e-01
947, 4.634348e-01, 5.791856e-01
948, 4.634679e-01, 6.944623e-01
949, 4.641353e-01, 1.933664e-01
950, 4.652061e-01, 3.593265e-01
951, 4.657641e-01, 5.267097e-01
952, 4.696102e-01, 6.393332e-01
953, 4.696779e-01, 6.095631e-01
954, 4.698360e-01, 7.779167e-01
955, 4.710913e-01, 5.795623e-01
956, 4.711876e-01, 7.474947e-01
957, 4.712928e-01, 4.417009e-01
958, 4.716588e-01, 3.308958e-01
959, 4.721478e-01, 1.933612e-01
960, 4.723094e-01, 8.317730e-01
961, 4.727744e-01, 4.136815e-01
962, 4.734596e-01, 4.682064e-01
963, 4.734644e-01, 5.257914e-01
964, 4.736615e-01, 3.026970e-01
965, 4.737290e-01, 3.575300e-01
966, 4.737880e-01, 6.664325e-01
967, 4.739692e-01, 4.973072e-01
968, 4.740018e-01, 8.038997e-01
969, 4.740204e-01, 2.213885e-01
970, 4.742702e-01, 2.758386e-01
971, 4.743887e-01, 7.207979e-01
972, 4.743957e-01, 5.526807e-01
973, 4.745115e-01, 1.668796e-01
974, 4.745761e-01, 6.440604e-01
975, 4.752167e-01, 2.476117e-01
976, 4.755865e-01, 3.270319e-01
977, 4.758064e-01, 4.367280e-01
978, 4.761406e-01, 3.868113e-01
979, 4.761696e-01, 7.523860e-01
980, 4.763708e-01, 6.620275e-01
981, 4.771938e-01, 7.163187e-01
982, 4.775310e-01, 5.300552e-01
983, 4.776187e-01, 2.002341e-01
984, 4.779926e-01, 3.091553e-01
985, 4.781283e-01, 7.673315e-01
986, 4.782415e-01, 2.150400e-01
987, 4.784557e-01, 4.564210e-01
988, 4.784628e-01, 2.706663e-01
989, 4.784764e-01, 4.238535e-01
990, 4.786363e-01, 2.523178e-01
991, 4.790643e-01, 5.990743e-01
992, 4.791667e-01, 3.836539e-01
993, 4.796974e-01, 7.329755e-01
994, 4.798435e-01, 3.465591e-01
995, 4.799215e-01, 5.920059e-01
996, 4.800862e-01, 5.453961e-01
997, 4.801266e-01, 8.230430e-01
998, 4.802563e-01, 4.752491e-01
999, 4.804501e-01, 2.351681e-01
1000, 4.804771e-01, 8.456040e-01
1001, 4.805104e-01, 6.782603e-01
1002, 4.805995e-01, 1.583845e-01
1003, 4.806921e-01, 1.788259e-01
1004, 4.806999e-01, 3.656281e-01
1005, 4.810352e-01, 8.130036e-01
1006, 4.813033e-01, 2.907975e-01
1007, 4.813476e-01, 7.902947e-01
1008, 4.814536e-01, 4.014205e-01
1009, 4.819611e-01, 6.225011e-01
1010, 4.825336e-01, 5.108418e-01
1011, 4.840234e-01, 5.673334e-01
1012, 4.919171e-01, 5.673688e-01
1013, 4.928577e-01, 6.225887e-01
1014, 4.930795e-01, 5.115009e-01
1015, 4.940656e-01, 4.030278e-01
1016, 4.944026e-01, 3.454455e-01
1017, 4.944992e-01, 7.329258e-01
1018, 4.946253e-01, 2.916505e-01
1019, 4.948213e-01, 8.437831e-01
1020, 4.954908e-01, 7.886585e-01
1021, 4.956412e-01, 7.520997e-01
1022, 4.958099e-01, 4.555989e-01
1023, 4.958148e-01, 3.120227e-01
1024, 4.958981e-01, 6.438184e-01
1025, 4.959514e-01, 6.997404e-01
1026, 4.966069e-01, 1.789172e-01
1027, 4.967138e-01, 6.762639e-01
1028, 4.968336e-01, 3.254664e-01
1029, 4.969892e-01, 2.332990e-01
1030, 4.970836e-01, 5.875250e-01
1031, 4.972404e-01, 5.457125e-01
1032, 4.974002e-01, 1.583642e-01
1033, 4.975363e-01, 4.772791e-01
1034, 4.977034e-01, 1.986677e-01
1035, 4.978230e-01, 7.715190e-01
1036, 4.978853e-01, 2.540046e-01
1037, 4.980619e-01, 5.324645e-01
1038, 4.981136e-01, 6.564784e-01
1039, 4.981195e-01, 2.710023e-01
1040, 4.981402e-01, 4.876323e-01
1041, 4.985414e-01, 7.145194e-01
1042, 4.992547e-01, 3.806809e-01
1043, 4.993227e-01, 6.097601e-01
1044, 4.996151e-01, 4.415532e-01
1045, 4.996823e-01, 4.223779e-01
1046, 4.997447e-01, 3.653998e-01
1047, 5.000568e-01, 8.074339e-01
1048, 5.001174e-01, 6.351301e-01
1049, 5.007233e-01, 7.462133e-01
1050, 5.008741e-01, 5.516421e-01
1051, 5.012182e-01, 6.083525e-01
1052, 5.012185e-01, 4.400314e-01
1053, 5.017420e-01, 3.311087e-01
1054, 5.017660e-01, 3.036604e-01
1055, 5.017858e-01, 7.762362e-01
1056, 5.020973e-01, 5.794057e-01
1057, 5.021984e-01, 2.162424e-01
1058, 5.022599e-01, 5.269977e-01
1059, 5.024071e-01, 8.028930e-01
1060, 5.024733e-01, 1.900778e-01
1061, 5.025194e-01, 7.191827e-01
1062, 5.026330e-01, 4.180289e-01
1063, 5.029626e-01, 1.671137e-01
1064, 5.036315e-01, 8.292959e-01
1065, 5.036623e-01, 6.917709e-01
1066, 5.036634e-01, 3.601859e-01
1067, 5.039891e-01, 2.766111e-01
1068, 5.042370e-01, 4.688953e-01
1069, 5.042862e-01, 6.635511e-01
1070, 5.052515e-01, 8.314391e-01
1071, 5.053112e-01, 4.986288e-01
1072, 5.060081e-01, 3.885579e-01
1073, 5.063905e-01, 2.465212e-01
1074, 5.081193e-01, 8.318372e-01
1075, 5.103180e-01, 2.469422e-01
1076, 5.118378e-01, 2.762352e-01
1077, 5.123313e-01, 7.469766e-01
1078, 5.126995e-01, 6.921348e-01
1079, 5.127249e-01, 5.794803e-01
1080, 5.128841e-01, 4.998171e-01
1081, 5.129176e-01, 4.682323e-01
1082, 5.133407e-01, 7.195867e-01
1083, 5.134123e-01, 3.894762e-01
1084, 5.134311e-01, 6.345389e-01
1085, 5.136194e-01, 4.416863e-01
1086, 5.137681e-01, 3.307153e-01
1087, 5.137695e-01, 7.739149e-01
1088, 5.138126e-01, 3.593387e-01
1089, 5.141270e-01, 1.659530e-01
1090, 5.141667e-01, 3.040012e-01
1091, 5.147704e-01, 2.169900e-01
1092, 5.149063e-01, 5.260625e-01
1093, 5.150432e-01, 6.075632e-01
1094, 5.151156e-01, 6.636753e-01
1095, 5.157137e-01, 1.913207e-01
1096, 5.159928e-01, 8.030379e-01
1097, 5.162751e-01, 4.155659e-01
1098, 5.163316e-01, 7.152375e-01
1099, 5.171826e-01, 7.558913e-01
1100, 5.172590e-01, 5.524962e-01
1101, 5.173405e-01, 2.699740e-01
1102, 5.176690e-01, 3.245634e-01
1103, 5.177484e-01, 3.091487e-01
1104, 5.177679e-01, 2.574700e-01
1105, 5.181952e-01, 6.596312e-01
1106, 5.188421e-01, 5.502688e-01
1107, 5.188631e-01, 6.021173e-01
1108, 5.189556e-01, 7.003042e-01
1109, 5.195535e-01, 3.646003e-01
1110, 5.196339e-01, 3.810521e-01
1111, 5.197143e-01, 5.334676e-01
1112, 5.198438e-01, 8.220881e-01
1113, 5.198536e-01, 1.560534e-01
1114, 5.198898e-01, 2.107015e-01
1115, 5.199795e-01, 5.895876e-01
1116, 5.201203e-01, 6.451858e-01
1117, 5.202828e-01, 3.991726e-01
1118, 5.202937e-01, 4.346000e-01
1119, 5.204499e-01, 4.760901e-01
1120, 5.206973e-01, 2.912664e-01
1121, 5.208779e-01, 1.993281e-01
1122, 5.209301e-01, 4.913137e-01
1123, 5.211152e-01, 8.458304e-01
1124, 5.211685e-01, 5.137488e-01
1125, 5.212902e-01, 8.102333e-01
1126, 5.214968e-01, 5.661532e-01
1127, 5.215436e-01, 4.560565e-01
1128, 5.216393e-01, 3.423460e-01
1129, 5.224456e-01, 7.328670e-01
1130, 5.227730e-01, 6.231373e-01
1131, 5.235329e-01, 6.767507e-01
1132, 5.243315e-01, 2.333587e-01
1133, 5.244582e-01, 1.774679e-01
1134, 5.248071e-01, 7.896738e-01
1135, 5.327345e-01, 2.346193e-01
1136, 5.334048e-01, 7.339873e-01
1137, 5.343944e-01, 6.791653e-01
1138, 5.346067e-01, 1.769243e-01
1139, 5.349819e-01, 6.245623e-01
1140, 5.350504e-01, 5.127849e-01
1141, 5.353331e-01, 8.438822e-01
1142, 5.356082e-01, 7.903939e-01
1143, 5.357487e-01, 3.430373e-01
1144, 5.359126e-01, 7.549994e-01
1145, 5.359373e-01, 4.535945e-01
1146, 5.361215e-01, 7.686021e-01
1147, 5.361804e-01, 3.981956e-01
1148, 5.362734e-01, 5.686126e-01
1149, 5.364038e-01, 3.231417e-01
1150, 5.367568e-01, 2.900899e-01
1151, 5.377898e-01, 6.984951e-01
1152, 5.379622e-01, 3.091892e-01
1153, 5.382574e-01, 4.366985e-01
1154, 5.384455e-01, 2.724987e-01
1155, 5.384532e-01, 7.120946e-01
1156, 5.390412e-01, 8.283346e-01
1157, 5.392070e-01, 5.860702e-01
1158, 5.392873e-01, 4.937628e-01
1159, 5.393794e-01, 3.808660e-01
1160, 5.395368e-01, 4.749773e-01
1161, 5.395626e-01, 4.203068e-01
1162, 5.395662e-01, 8.093069e-01
1163, 5.400555e-01, 3.640410e-01
1164, 5.403253e-01, 6.416116e-01
1165, 5.404595e-01, 1.581758e-01
1166, 5.405834e-01, 2.133485e-01
1167, 5.406827e-01, 8.311860e-01
1168, 5.408326e-01, 2.524171e-01
1169, 5.409412e-01, 2.764477e-01
1170, 5.409551e-01, 5.473972e-01
1171, 5.412894e-01, 1.949223e-01
1172, 5.413597e-01, 6.560173e-01
1173, 5.413889e-01, 5.327633e-01
1174, 5.416616e-01, 7.477567e-01
1175, 5.419669e-01, 4.435840e-01
1176, 5.420670e-01, 6.923330e-01
1177, 5.421507e-01, 6.051376e-01
1178, 5.422617e-01, 3.856668e-01
1179, 5.425824e-01, 6.369063e-01
1180, 5.427466e-01, 7.750544e-01
1181, 5.430513e-01, 4.983819e-01
1182, 5.431881e-01, 1.923002e-01
1183, 5.432107e-01, 5.806927e-01
1184, 5.432221e-01, 3.605811e-01
1185, 5.433318e-01, 4.707768e-01
1186, 5.435538e-01, 3.326652e-01
1187, 5.435935e-01, 1.633746e-01
1188, 5.436122e-01, 7.205757e-01
1189, 5.446974e-01, 3.023185e-01
1190, 5.451873e-01, 6.085889e-01
1191, 5.452290e-01, 5.273696e-01
1192, 5.452530e-01, 8.020789e-01
1193, 5.459059e-01, 5.537136e-01
1194, 5.460744e-01, 4.136586e-01
1195, 5.462425e-01, 2.212246e-01
1196, 5.466529e-01, 6.628525e-01
1197, 5.505497e-01, 4.133864e-01
1198, 5.513511e-01, 3.316208e-01
1199, 5.516908e-01, 5.266828e-01
1200, 5.525486e-01, 3.602081e-01
1201, 5.525773e-01, 7.492091e-01
1202, 5.526433e-01, 3.036036e-01
1203, 5.527421e-01, 8.019731e-01
1204, 5.530811e-01, 4.982353e-01
1205, 5.532094e-01, 2.217006e-01
1206, 5.535623e-01, 2.509211e-01
1207, 5.542602e-01, 6.085048e-01
1208, 5.543487e-01, 1.646425e-01
1209, 5.544269e-01, 6.637559e-01
1210, 5.548044e-01, 5.804979e-01
1211, 5.550424e-01, 7.205420e-01
1212, 5.551609e-01, 4.438184e-01
1213, 5.553244e-01, 6.923466e-01
1214, 5.553502e-01, 1.917866e-01
1215, 5.554181e-01, 5.548673e-01
1216, 5.560454e-01, 3.866937e-01
1217, 5.563642e-01, 4.716529e-01
1218, 5.571570e-01, 6.353602e-01
1219, 5.576777e-01, 8.296198e-01
1220, 5.576852e-01, 7.729112e-01
1221, 5.579402e-01, 3.657107e-01
1222, 5.581405e-01, 7.573680e-01
1223, 5.584604e-01, 2.759151e-01
1224, 5.586189e-01, 7.158514e-01
1225, 5.587858e-01, 3.117750e-01
1226, 5.588606e-01, 4.755186e-01
1227, 5.589287e-01, 6.031177e-01
1228, 5.589308e-01, 2.159618e-01
1229, 5.590467e-01, 1.968092e-01
1230, 5.590934e-01, 4.903922e-01
1231, 5.591353e-01, 3.212068e-01
1232, 5.593216e-01, 7.699638e-01
1233, 5.593938e-01, 5.876987e-01
1234, 5.595096e-01, 2.576397e-01
1235, 5.595259e-01, 5.341047e-01
1236, 5.596495e-01, 8.260437e-01
1237, 5.600363e-01, 8.109718e-01
1238, 5.600456e-01, 6.988942e-01
1239, 5.601936e-01, 6.583002e-01
1240, 5.604304e-01, 1.585927e-01
1241, 5.611403e-01, 5.476806e-01
1242, 5.616233e-01, 4.256015e-01
1243, 5.617548e-01, 2.366193e-01
1244, 5.618827e-01, 6.417016e-01
1245, 5.618948e-01, 4.339082e-01
1246, 5.620134e-01, 3.787076e-01
1247, 5.620861e-01, 2.700968e-01
1248, 5.624399e-01, 3.461985e-01
1249, 5.624718e-01, 4.014371e-01
1250, 5.625991e-01, 1.788698e-01
1251, 5.626652e-01, 7.346335e-01
1252, 5.627551e-01, 7.885771e-01
1253, 5.629368e-01, 6.794534e-01
1254, 5.630005e-01, 5.123921e-01
1255, 5.631581e-01, 5.681828e-01
1256, 5.632212e-01, 6.236718e-01
1257, 5.637336e-01, 2.890297e-01
1258, 5.648235e-01, 4.563249e-01
1259, 5.655003e-01, 8.434062e-01
1260, 5.729161e-01, 5.129270e-01
1261, 5.731512e-01, 5.681943e-01
1262, 5.741732e-01, 3.453266e-01
1263, 5.751002e-01, 2.904784e-01
1264, 5.752502e-01, 1.786090e-01
1265, 5.756636e-01, 6.783141e-01
1266, 5.756798e-01, 4.026629e-01
1267, 5.762476e-01, 4.559441e-01
1268, 5.762827e-01, 6.224136e-01
1269, 5.763131e-01, 8.443824e-01
1270, 5.770908e-01, 7.356749e-01
1271, 5.774189e-01, 2.376019e-01
1272, 5.776204e-01, 3.790641e-01
1273, 5.778598e-01, 2.144699e-01
1274, 5.787116e-01, 5.307883e-01
1275, 5.787815e-01, 7.911245e-01
1276, 5.788224e-01, 1.992010e-01
1277, 5.790596e-01, 3.076075e-01
1278, 5.794316e-01, 6.592014e-01
1279, 5.794571e-01, 6.028734e-01
1280, 5.795072e-01, 5.880581e-01
1281, 5.795144e-01, 5.467324e-01
1282, 5.795572e-01, 4.927846e-01
1283, 5.798096e-01, 8.091052e-01
1284, 5.798380e-01, 2.522947e-01
1285, 5.798843e-01, 1.591280e-01
1286, 5.805486e-01, 2.693963e-01
1287, 5.806065e-01, 6.436920e-01
1288, 5.806217e-01, 7.007010e-01
1289, 5.807481e-01, 8.235503e-01
1290, 5.812580e-01, 7.687996e-01
1291, 5.814491e-01, 4.780127e-01
1292, 5.815976e-01, 5.252375e-01
1293, 5.817703e-01, 4.162273e-01
1294, 5.820032e-01, 4.375499e-01
1295, 5.821469e-01, 4.977644e-01
1296, 5.823516e-01, 2.474065e-01
1297, 5.823920e-01, 7.157841e-01
1298, 5.824709e-01, 3.028802e-01
1299, 5.826547e-01, 3.873547e-01
1300, 5.831670e-01, 4.136507e-01
1301, 5.831776e-01, 1.941073e-01
1302, 5.833837e-01, 5.821860e-01
1303, 5.834007e-01, 3.608348e-01
1304, 5.841593e-01, 6.660888e-01
1305, 5.843051e-01, 7.494484e-01
1306, 5.844612e-01, 8.029308e-01
1307, 5.846171e-01, 1.664380e-01
1308, 5.846633e-01, 6.092460e-01
1309, 5.848262e-01, 5.530721e-01
1310, 5.851188e-01, 7.195603e-01
1311, 5.851200e-01, 6.942017e-01
1312, 5.851531e-01, 4.736077e-01
1313, 5.854916e-01, 2.224531e-01
1314, 5.857484e-01, 6.382918e-01
1315, 5.864625e-01, 4.441082e-01
1316, 5.865598e-01, 2.749889e-01
1317, 5.868528e-01, 8.315832e-01
1318, 5.872154e-01, 7.769003e-01
1319, 5.930009e-01, 2.753908e-01
1320, 5.930578e-01, 4.135147e-01
1321, 5.936749e-01, 6.094392e-01
1322, 5.942259e-01, 7.768501e-01
1323, 5.943783e-01, 6.665896e-01
1324, 5.945328e-01, 3.023339e-01
1325, 5.945841e-01, 4.997532e-01
1326, 5.946979e-01, 3.302315e-01
1327, 5.947332e-01, 1.675321e-01
1328, 5.947834e-01, 5.540559e-01
1329, 5.949165e-01, 4.443122e-01
1330, 5.949458e-01, 5.242239e-01
1331, 5.951983e-01, 8.314516e-01
1332, 5.952321e-01, 3.604294e-01
1333, 5.954237e-01, 7.486158e-01
1334, 5.956435e-01, 7.200856e-01
1335, 5.957994e-01, 1.938245e-01
1336, 5.958317e-01, 4.731373e-01
1337, 5.960238e-01, 8.041833e-01
1338, 5.961926e-01, 5.806272e-01
1339, 5.965023e-01, 2.211563e-01
1340, 5.965923e-01, 6.379154e-01
1341, 5.973651e-01, 6.921329e-01
1342, 5.975074e-01, 3.870687e-01
1343, 5.978353e-01, 7.510675e-01
1344, 5.982028e-01, 4.754641e-01
1345, 5.983230e-01, 3.265825e-01
1346, 5.987782e-01, 2.495981e-01
1347, 5.987989e-01, 8.073366e-01
1348, 5.993026e-01, 1.983466e-01
1349, 5.995826e-01, 2.171148e-01
1350, 5.998108e-01, 2.678445e-01
1351, 5.998246e-01, 6.419368e-01
1352, 6.000539e-01, 2.515511e-01
1353, 6.001723e-01, 8.259358e-01
1354, 6.001783e-01, 5.877528e-01
1355, 6.001901e-01, 4.373407e-01
1356, 6.002348e-01, 6.603399e-01
1357, 6.002382e-01, 3.831702e-01
1358, 6.002923e-01, 3.130134e-01
1359, 6.006144e-01, 4.217575e-01
1360, 6.008829e-01, 6.960122e-01
1361, 6.009469e-01, 5.464612e-01
1362, 6.011659e-01, 5.984060e-01
1363, 6.013638e-01, 5.127566e-01
1364, 6.017942e-01, 6.807065e-01
1365, 6.019678e-01, 3.468088e-01
1366, 6.020055e-01, 1.574810e-01
1367, 6.020449e-01, 5.340928e-01
1368, 6.021260e-01, 1.782427e-01
1369, 6.021282e-01, 2.909058e-01
1370, 6.026124e-01, 5.692574e-01
1371, 6.028172e-01, 4.899248e-01
1372, 6.031932e-01, 7.118164e-01
1373, 6.032083e-01, 7.680651e-01
1374, 6.033924e-01, 4.007913e-01
1375, 6.037051e-01, 4.556265e-01
1376, 6.041204e-01, 6.218812e-01
1377, 6.043148e-01, 8.480736e-01
1378, 6.044185e-01, 7.897015e-01
1379, 6.047186e-01, 2.348141e-01
1380, 6.051465e-01, 7.338662e-01
1381, 6.147631e-01, 2.909627e-01
1382, 6.155918e-01, 7.336352e-01
1383, 6.164216e-01, 1.781650e-01
1384, 6.164952e-01, 6.204425e-01
1385, 6.171314e-01, 8.464356e-01
1386, 6.173925e-01, 5.691523e-01
1387, 6.175178e-01, 4.566616e-01
1388, 6.178566e-01, 7.693401e-01
1389, 6.179279e-01, 6.785121e-01
1390, 6.180020e-01, 7.882185e-01
1391, 6.183518e-01, 3.459819e-01
1392, 6.186041e-01, 5.112510e-01
1393, 6.186220e-01, 1.982275e-01
1394, 6.187720e-01, 7.129267e-01
1395, 6.188825e-01, 3.671213e-01
1396, 6.189372e-01, 2.350397e-01
1397, 6.190312e-01, 8.250661e-01
1398, 6.190503e-01, 4.025051e-01
1399, 6.191532e-01, 4.198405e-01
1400, 6.191638e-01, 4.918192e-01
1401, 6.194967e-01, 6.443196e-01
1402, 6.198094e-01, 6.018923e-01
1403, 6.198493e-01, 3.787046e-01
1404, 6.203566e-01, 4.353842e-01
1405, 6.206781e-01, 3.280612e-01
1406, 6.208452e-01, 6.614608e-01
1407, 6.209355e-01, 7.534324e-01
1408, 6.209708e-01, 2.536387e-01
1409, 6.213689e-01, 2.703190e-01
1410, 6.215096e-01, 1.576495e-01
1411, 6.215217e-01, 2.143219e-01
1412, 6.218624e-01, 3.091943e-01
1413, 6.221487e-01, 5.298028e-01
1414, 6.223117e-01, 4.737702e-01
1415, 6.223297e-01, 5.495475e-01
1416, 6.224001e-01, 8.085174e-01
1417, 6.227805e-01, 7.203936e-01
1418, 6.228610e-01, 5.874381e-01
1419, 6.233525e-01, 6.091649e-01
1420, 6.234435e-01, 7.771100e-01
1421, 6.235576e-01, 6.643917e-01
1422, 6.235754e-01, 4.720270e-01
1423, 6.237023e-01, 4.130822e-01
1424, 6.239349e-01, 4.987592e-01
1425, 6.239638e-01, 1.901163e-01
1426, 6.240939e-01, 8.326965e-01
1427, 6.244485e-01, 6.966807e-01
1428, 6.244999e-01, 2.743637e-01
1429, 6.245093e-01, 3.330091e-01
1430, 6.245237e-01, 3.586311e-01
1431, 6.246094e-01, 3.051113e-01
1432, 6.249513e-01, 1.630746e-01
1433, 6.251520e-01, 8.055684e-01
1434, 6.253659e-01, 5.533753e-01
1435, 6.257385e-01, 5.252490e-01
1436, 6.261478e-01, 7.471635e-01
1437, 6.261583e-01, 2.468456e-01
1438, 6.268196e-01, 2.184071e-01
1439, 6.268972e-01, 3.863065e-01
1440, 6.269448e-01, 6.356029e-01
1441, 6.270358e-01, 6.943187e-01
1442, 6.272689e-01, 5.813621e-01
1443, 6.276953e-01, 4.437591e-01
1444, 6.338194e-01, 4.434240e-01
1445, 6.344898e-01, 7.469055e-01
1446, 6.345832e-01, 3.857722e-01
1447, 6.346531e-01, 7.762809e-01
1448, 6.347450e-01, 6.359617e-01
1449, 6.348798e-01, 6.642792e-01
1450, 6.351220e-01, 2.751450e-01
1451, 6.352062e-01, 4.721496e-01
1452, 6.352180e-01, 6.942517e-01
1453, 6.353837e-01, 3.331226e-01
1454, 6.353945e-01, 2.179903e-01
1455, 6.357815e-01, 5.530702e-01
1456, 6.360200e-01, 3.043331e-01
1457, 6.360610e-01, 3.582830e-01
1458, 6.362330e-01, 1.648494e-01
1459, 6.363237e-01, 8.056283e-01
1460, 6.363534e-01, 5.262701e-01
1461, 6.365351e-01, 4.976382e-01
1462, 6.367064e-01, 5.815751e-01
1463, 6.367869e-01, 2.465625e-01
1464, 6.369510e-01, 4.152377e-01
1465, 6.369626e-01, 2.732128e-01
1466, 6.371448e-01, 8.334085e-01
1467, 6.372099e-01, 6.089282e-01
1468, 6.372469e-01, 7.215023e-01
1469, 6.375241e-01, 1.904321e-01
1470, 6.383775e-01, 2.153067e-01
1471, 6.384490e-01, 3.066617e-01
1472, 6.384611e-01, 5.833022e-01
1473, 6.395160e-01, 4.763574e-01
1474, 6.396199e-01, 4.189731e-01
1475, 6.397823e-01, 7.534703e-01
1476, 6.398204e-01, 7.684589e-01
1477, 6.398760e-01, 8.091843e-01
1478, 6.401262e-01, 6.983789e-01
1479, 6.402845e-01, 4.354015e-01
1480, 6.402953e-01, 5.488422e-01
1481, 6.403114e-01, 6.566265e-01
1482, 6.405539e-01, 6.427643e-01
1483, 6.406666e-01, 3.797652e-01
1484, 6.406716e-01, 5.321869e-01
1485, 6.407666e-01, 3.650137e-01
1486, 6.410717e-01, 1.977078e-01
1487, 6.417432e-01, 4.912595e-01
1488, 6.417502e-01, 2.537399e-01
1489, 6.418190e-01, 6.013431e-01
1490, 6.422455e-01, 7.350132e-01
1491, 6.423990e-01, 7.141947e-01
1492, 6.424866e-01, 8.259112e-01
1493, 6.427158e-01, 3.228886e-01
1494, 6.427242e-01, 2.887377e-01
1495, 6.428170e-01, 5.686785e-01
1496, 6.431374e-01, 1.576734e-01
1497, 6.432511e-01, 2.364103e-01
1498, 6.433385e-01, 6.757055e-01
1499, 6.433626e-01, 8.445118e-01
1500, 6.439048e-01, 4.553570e-01
1501, 6.443878e-01, 1.795860e-01
1502, 6.448023e-01, 3.454221e-01
1503, 6.449641e-01, 6.209400e-01
1504, 6.457251e-01, 7.885293e-01
1505, 6.465178e-01, 4.006833e-01
1506, 6.469229e-01, 5.128791e-01
1507, 6.547934e-01, 6.214543e-01
1508, 6.561405e-01, 3.456666e-01
1509, 6.564169e-01, 2.883629e-01
1510, 6.569029e-01, 2.355599e-01
1511, 6.572305e-01, 5.125571e-01
1512, 6.573310e-01, 3.241560e-01
1513, 6.573547e-01, 1.785497e-01
1514, 6.577768e-01, 2.566221e-01
1515, 6.577775e-01, 7.876093e-01
1516, 6.585933e-01, 5.654228e-01
1517, 6.587738e-01, 8.436551e-01
1518, 6.588065e-01, 7.346500e-01
1519, 6.588228e-01, 4.002586e-01
1520, 6.589602e-01, 3.793732e-01
1521, 6.591467e-01, 4.571964e-01
1522, 6.593580e-01, 4.905132e-01
1523, 6.593984e-01, 6.754111e-01
1524, 6.595728e-01, 2.689351e-01
1525, 6.596449e-01, 5.337908e-01
1526, 6.598291e-01, 4.351422e-01
1527, 6.598820e-01, 7.546455e-01
1528, 6.599574e-01, 3.638113e-01
1529, 6.601997e-01, 5.852401e-01
1530, 6.603171e-01, 7.691004e-01
1531, 6.603557e-01, 1.581523e-01
1532, 6.607586e-01, 6.581528e-01
1533, 6.609163e-01, 2.000716e-01
1534, 6.609228e-01, 8.258001e-01
1535, 6.610695e-01, 4.727312e-01
1536, 6.612021e-01, 4.200545e-01
1537, 6.612858e-01, 6.005330e-01
1538, 6.617163e-01, 6.413419e-01
1539, 6.618224e-01, 3.069646e-01
1540, 6.620066e-01, 7.169742e-01
1541, 6.623473e-01, 8.095969e-01
1542, 6.624953e-01, 2.164155e-01
1543, 6.626252e-01, 5.509700e-01
1544, 6.633282e-01, 3.585742e-01
1545, 6.633796e-01, 7.190559e-01
1546, 6.638352e-01, 6.955324e-01
1547, 6.639856e-01, 4.684506e-01
1548, 6.640857e-01, 3.331738e-01
1549, 6.641953e-01, 5.803935e-01
1550, 6.643002e-01, 5.527269e-01
1551, 6.643242e-01, 6.381764e-01
1552, 6.645124e-01, 2.480499e-01
1553, 6.646736e-01, 5.252364e-01
1554, 6.648039e-01, 7.762373e-01
1555, 6.649241e-01, 3.043851e-01
1556, 6.650498e-01, 6.657683e-01
1557, 6.651446e-01, 2.191859e-01
1558, 6.651757e-01, 8.319124e-01
1559, 6.653743e-01, 2.752600e-01
1560, 6.655579e-01, 4.145873e-01
1561, 6.655688e-01, 1.637291e-01
1562, 6.659191e-01, 6.933354e-01
1563, 6.659561e-01, 4.433366e-01
1564, 6.660278e-01, 3.874844e-01
1565, 6.661563e-01, 4.987987e-01
1566, 6.664452e-01, 1.912101e-01
1567, 6.668190e-01, 8.044475e-01
1568, 6.668491e-01, 6.071433e-01
1569, 6.669348e-01, 7.458250e-01
1570, 6.734011e-01, 6.078216e-01
1571, 6.735915e-01, 7.461107e-01
1572, 6.744913e-01, 2.200685e-01
1573, 6.748991e-01, 3.863291e-01
1574, 6.749438e-01, 1.909721e-01
1575, 6.751220e-01, 4.985471e-01
1576, 6.751472e-01, 5.529255e-01
1577, 6.751515e-01, 3.318371e-01
1578, 6.754299e-01, 3.046289e-01
1579, 6.760457e-01, 2.756354e-01
1580, 6.761992e-01, 8.046177e-01
1581, 6.762927e-01, 6.936560e-01
1582, 6.763057e-01, 7.753437e-01
1583, 6.765822e-01, 3.593529e-01
1584, 6.767262e-01, 6.365904e-01
1585, 6.777573e-01, 7.198049e-01
1586, 6.777621e-01, 8.325272e-01
1587, 6.780333e-01, 4.415507e-01
1588, 6.781391e-01, 4.707779e-01
1589, 6.782480e-01, 5.799413e-01
1590, 6.783074e-01, 5.254113e-01
1591, 6.788017e-01, 6.393931e-01
1592, 6.789322e-01, 4.157713e-01
1593, 6.789556e-01, 3.244043e-01
1594, 6.792339e-01, 7.718194e-01
1595, 6.793189e-01, 7.533099e-01
1596, 6.796267e-01, 6.644626e-01
1597, 6.797480e-01, 6.027126e-01
1598, 6.801118e-01, 4.924494e-01
1599, 6.801746e-01, 3.110072e-01
1600, 6.803244e-01, 8.090498e-01
1601, 6.803904e-01, 2.135629e-01
1602, 6.804389e-01, 2.709532e-01
1603, 6.805353e-01, 3.806704e-01
1604, 6.806218e-01, 6.979131e-01
1605, 6.806271e-01, 5.291013e-01
1606, 6.806507e-01, 4.379495e-01
1607, 6.807855e-01, 3.650009e-01
1608, 6.808426e-01, 8.292625e-01
1609, 6.814381e-01, 4.747470e-01
1610, 6.816880e-01, 5.457609e-01
1611, 6.818944e-01, 2.913250e-01
1612, 6.820870e-01, 6.263158e-01
1613, 6.823137e-01, 5.871177e-01
1614, 6.825182e-01, 6.601985e-01
1615, 6.830588e-01, 1.995698e-01
1616, 6.830980e-01, 7.125857e-01
1617, 6.833083e-01, 8.470843e-01
1618, 6.842149e-01, 2.344094e-01
1619, 6.844100e-01, 1.764567e-01
1620, 6.845460e-01, 5.679163e-01
1621, 6.846173e-01, 3.433073e-01
1622, 6.848108e-01, 5.123729e-01
1623, 6.850265e-01, 7.338529e-01
1624, 6.851977e-01, 4.028867e-01
1625, 6.855473e-01, 7.902145e-01
1626, 6.869703e-01, 6.779159e-01
1627, 6.869787e-01, 4.548405e-01
1628, 6.967917e-01, 6.792057e-01
1629, 6.973559e-01, 1.797170e-01
1630, 6.976059e-01, 2.321141e-01
1631, 6.978252e-01, 7.687636e-01
1632, 6.978473e-01, 7.339431e-01
1633, 6.978798e-01, 5.116465e-01
1634, 6.979537e-01, 7.899310e-01
1635, 6.979676e-01, 5.676023e-01
1636, 6.984002e-01, 3.430708e-01
1637, 6.985435e-01, 7.552273e-01
1638, 6.985922e-01, 6.233638e-01
1639, 6.986534e-01, 3.998469e-01
1640, 6.992232e-01, 4.550638e-01
1641, 6.994292e-01, 6.561109e-01
1642, 6.995608e-01, 2.913250e-01
1643, 6.996183e-01, 8.470340e-01
1644, 6.997891e-01, 8.116248e-01
1645, 7.001282e-01, 5.455471e-01
1646, 7.004193e-01, 7.144640e-01
1647, 7.004403e-01, 4.760267e-01
1648, 7.005566e-01, 3.831540e-01
1649, 7.005821e-01, 1.964785e-01
1650, 7.006441e-01, 4.334442e-01
1651, 7.010083e-01, 5.878124e-01
1652, 7.011408e-01, 4.929149e-01
1653, 7.011704e-01, 8.268324e-01
1654, 7.014066e-01, 3.631531e-01
1655, 7.014832e-01, 2.704527e-01
1656, 7.015417e-01, 4.223430e-01
1657, 7.017753e-01, 6.059174e-01
1658, 7.020138e-01, 5.304921e-01
1659, 7.020857e-01, 3.112506e-01
1660, 7.021517e-01, 6.979269e-01
1661, 7.021583e-01, 2.550162e-01
1662, 7.022988e-01, 2.150750e-01
1663, 7.025804e-01, 6.449689e-01
1664, 7.026318e-01, 3.270603e-01
1665, 7.026814e-01, 1.585849e-01
1666, 7.033385e-01, 1.926842e-01
1667, 7.043222e-01, 7.207385e-01
1668, 7.044446e-01, 8.053626e-01
1669, 7.045566e-01, 8.302535e-01
1670, 7.047076e-01, 6.093446e-01
1671, 7.047318e-01, 3.876958e-01
1672, 7.049485e-01, 3.324592e-01
1673, 7.051808e-01, 2.743670e-01
1674, 7.052112e-01, 4.981161e-01
1675, 7.056733e-01, 7.469459e-01
1676, 7.057407e-01, 3.581189e-01
1677, 7.061739e-01, 6.934159e-01
1678, 7.061868e-01, 5.807998e-01
1679, 7.062278e-01, 5.248138e-01
1680, 7.063811e-01, 7.784282e-01
1681, 7.064231e-01, 4.701490e-01
1682, 7.066276e-01, 5.530109e-01
1683, 7.067483e-01, 2.213323e-01
1684, 7.068132e-01, 6.662168e-01
1685, 7.068158e-01, 2.496628e-01
1686, 7.071674e-01, 4.423848e-01
1687, 7.072119e-01, 4.162108e-01
1688, 7.078031e-01, 3.045292e-01
1689, 7.082649e-01, 1.639270e-01
1690, 7.083393e-01, 6.391324e-01
1691, 7.145593e-01, 7.777035e-01
1692, 7.153751e-01, 7.484377e-01
1693, 7.154452e-01, 3.041394e-01
1694, 7.158223e-01, 2.218176e-01
1695, 7.159957e-01, 2.747388e-01
1696, 7.161343e-01, 6.088058e-01
1697, 7.162742e-01, 8.050010e-01
1698, 7.163052e-01, 3.874876e-01
1699, 7.165468e-01, 6.926641e-01
1700, 7.166419e-01, 5.249072e-01
1701, 7.166779e-01, 3.594451e-01
1702, 7.168769e-01, 5.809932e-01
1703, 7.173045e-01, 1.641105e-01
1704, 7.174218e-01, 1.920469e-01
1705, 7.176773e-01, 4.151248e-01
1706, 7.177418e-01, 6.394527e-01
1707, 7.181027e-01, 6.674338e-01
1708, 7.183242e-01, 4.706313e-01
1709, 7.184918e-01, 4.977186e-01
1710, 7.188164e-01, 3.325890e-01
1711, 7.189609e-01, 4.430576e-01
1712, 7.190100e-01, 5.528297e-01
1713, 7.192424e-01, 3.626092e-01
1714, 7.192891e-01, 2.480269e-01
1715, 7.193752e-01, 6.413607e-01
1716, 7.196909e-01, 8.301222e-01
1717, 7.198586e-01, 3.077126e-01
1718, 7.199596e-01, 6.965522e-01
1719, 7.204808e-01, 5.511306e-01
1720, 7.206211e-01, 8.098293e-01
1721, 7.206874e-01, 1.596535e-01
1722, 7.206943e-01, 6.026422e-01
1723, 7.208404e-01, 7.689876e-01
1724, 7.213049e-01, 5.888280e-01
1725, 7.213056e-01, 7.571521e-01
1726, 7.214225e-01, 4.193068e-01
1727, 7.215772e-01, 1.982108e-01
1728, 7.218134e-01, 4.394145e-01
1729, 7.218192e-01, 3.798014e-01
1730, 7.221406e-01, 4.918425e-01
1731, 7.221419e-01, 2.136985e-01
1732, 7.221821e-01, 4.760034e-01
1733, 7.223040e-01, 5.308384e-01
1734, 7.223371e-01, 3.276455e-01
1735, 7.225471e-01, 6.594630e-01
1736, 7.227485e-01, 8.259612e-01
1737, 7.234567e-01, 6.776905e-01
1738, 7.235237e-01, 7.898194e-01
1739, 7.240836e-01, 2.340538e-01
1740, 7.243784e-01, 2.640875e-01
1741, 7.244032e-01, 5.081685e-01
1742, 7.245347e-01, 4.005181e-01
1743, 7.246262e-01, 2.549384e-01
1744, 7.252568e-01, 1.787629e-01
1745, 7.253593e-01, 2.868932e-01
1746, 7.257493e-01, 4.564579e-01
1747, 7.258053e-01, 5.696780e-01
1748, 7.260066e-01, 3.443296e-01
1749, 7.262786e-01, 8.455115e-01
1750, 7.270109e-01, 6.229186e-01
1751, 7.273239e-01, 7.334509e-01
1752, 7.354304e-01, 6.222345e-01
1753, 7.360063e-01, 5.711216e-01
1754, 7.379428e-01, 2.865159e-01
1755, 7.380632e-01, 7.910671e-01
1756, 7.384223e-01, 8.459450e-01
1757, 7.386514e-01, 6.778098e-01
1758, 7.391824e-01, 3.449010e-01
1759, 7.392506e-01, 5.107150e-01
1760, 7.393051e-01, 7.348217e-01
1761, 7.394114e-01, 3.787540e-01
1762, 7.394209e-01, 2.333190e-01
1763, 7.396753e-01, 3.097066e-01
1764, 7.403018e-01, 4.564707e-01
1765, 7.403504e-01, 1.792880e-01
1766, 7.406643e-01, 8.226020e-01
1767, 7.407317e-01, 3.236680e-01
1768, 7.408832e-01, 4.005871e-01
1769, 7.413595e-01, 4.219934e-01
1770, 7.413978e-01, 4.346203e-01
1771, 7.415029e-01, 4.762237e-01
1772, 7.418678e-01, 6.449526e-01
1773, 7.420013e-01, 5.292290e-01
1774, 7.421643e-01, 6.579660e-01
1775, 7.422790e-01, 6.997943e-01
1776, 7.423398e-01, 4.914903e-01
1777, 7.425183e-01, 7.541417e-01
1778, 7.426124e-01, 7.103827e-01
1779, 7.429101e-01, 2.724650e-01
1780, 7.432569e-01, 6.015458e-01
1781, 7.432819e-01, 5.891731e-01
1782, 7.432915e-01, 3.628846e-01
1783, 7.435377e-01, 1.582663e-01
1784, 7.436746e-01, 5.477104e-01
1785, 7.441793e-01, 1.988198e-01
1786, 7.442158e-01, 2.135153e-01
1787, 7.446947e-01, 2.767764e-01
1788, 7.450757e-01, 5.251663e-01
1789, 7.452390e-01, 7.742020e-01
1790, 7.453179e-01, 3.030261e-01
1791, 7.455160e-01, 7.494098e-01
1792, 7.462285e-01, 5.832144e-01
1793, 7.462515e-01, 6.066399e-01
1794, 7.464454e-01, 3.881742e-01
1795, 7.464488e-01, 3.595633e-01
1796, 7.467640e-01, 2.515263e-01
1797, 7.468770e-01, 7.763277e-01
1798, 7.470108e-01, 6.643077e-01
1799, 7.470878e-01, 3.310599e-01
1800, 7.472194e-01, 6.930774e-01
1801, 7.472607e-01, 8.293665e-01
1802, 7.473920e-01, 4.700917e-01
1803, 7.478200e-01, 2.186224e-01
1804, 7.480766e-01, 4.134088e-01
1805, 7.480787e-01, 4.976432e-01
1806, 7.481638e-01, 1.641102e-01
1807, 7.482294e-01, 1.915813e-01
1808, 7.487167e-01, 6.362866e-01
1809, 7.488168e-01, 4.432464e-01
1810, 7.488991e-01, 2.493476e-01
1811, 7.489613e-01, 5.527577e-01
1812, 7.506214e-01, 7.217738e-01
1813, 7.556345e-01, 7.220383e-01
1814, 7.558146e-01, 1.912422e-01
1815, 7.564039e-01, 5.804934e-01
1816, 7.565172e-01, 5.244675e-01
1817, 7.566148e-01, 3.601317e-01
1818, 7.566908e-01, 2.492019e-01
1819, 7.571114e-01, 2.197579e-01
1820, 7.573508e-01, 6.094729e-01
1821, 7.573616e-01, 4.969492e-01
1822, 7.576528e-01, 4.713079e-01
1823, 7.576690e-01, 7.767601e-01
1824, 7.579204e-01, 1.636111e-01
1825, 7.583555e-01, 7.494972e-01
1826, 7.584349e-01, 5.544776e-01
1827, 7.586568e-01, 3.306373e-01
1828, 7.587866e-01, 4.431155e-01
1829, 7.590591e-01, 6.349517e-01
1830, 7.591359e-01, 3.630150e-01
1831, 7.591801e-01, 3.032364e-01
1832, 7.591980e-01, 6.647546e-01
1833, 7.592197e-01, 6.915291e-01
1834, 7.592329e-01, 4.144065e-01
1835, 7.596302e-01, 8.045001e-01
1836, 7.598404e-01, 2.775694e-01
1837, 7.600291e-01, 3.856653e-01
1838, 7.602578e-01, 4.752010e-01
1839, 7.602620e-01, 8.300368e-01
1840, 7.607162e-01, 2.536140e-01
1841, 7.609769e-01, 4.929219e-01
1842, 7.610686e-01, 4.167227e-01
1843, 7.611905e-01, 2.162099e-01
1844, 7.612716e-01, 3.839292e-01
1845, 7.614974e-01, 3.268796e-01
1846, 7.619146e-01, 5.307207e-01
1847, 7.625039e-01, 4.382166e-01
1848, 7.626429e-01, 3.081659e-01
1849, 7.627425e-01, 8.090892e-01
1850, 7.628127e-01, 1.571849e-01
1851, 7.630527e-01, 5.486110e-01
1852, 7.633680e-01, 8.253757e-01
1853, 7.636468e-01, 6.599278e-01
1854, 7.636485e-01, 7.564638e-01
1855, 7.638106e-01, 7.128048e-01
1856, 7.638750e-01, 7.700349e-01
1857, 7.639414e-01, 2.703125e-01
1858, 7.643807e-01, 6.991998e-01
1859, 7.644773e-01, 6.213784e-01
1860, 7.645886e-01, 5.129406e-01
1861, 7.646144e-01, 6.417823e-01
1862, 7.646308e-01, 5.670942e-01
1863, 7.647047e-01, 8.415280e-01
1864, 7.647793e-01, 5.999777e-01
1865, 7.652570e-01, 5.908514e-01
1866, 7.656650e-01, 6.819818e-01
1867, 7.659056e-01, 7.909547e-01
1868, 7.660610e-01, 3.443604e-01
1869, 7.661090e-01, 1.994404e-01
1870, 7.662855e-01, 2.351964e-01
1871, 7.664054e-01, 2.886750e-01
1872, 7.668873e-01, 4.563925e-01
1873, 7.675172e-01, 7.341475e-01
1874, 7.676027e-01, 1.760514e-01
1875, 7.676173e-01, 4.014526e-01
1876, 7.758407e-01, 7.342681e-01
1877, 7.772657e-01, 3.454935e-01
1878, 7.782493e-01, 1.771602e-01
1879, 7.789061e-01, 4.575929e-01
1880, 7.789997e-01, 6.189560e-01
1881, 7.791432e-01, 2.885695e-01
1882, 7.792994e-01, 4.007707e-01
1883, 7.794759e-01, 5.136811e-01
1884, 7.799916e-01, 6.816094e-01
1885, 7.802644e-01, 7.906523e-01
1886, 7.805017e-01, 8.434772e-01
1887, 7.805901e-01, 2.346047e-01
1888, 7.806532e-01, 5.697507e-01
1889, 7.807695e-01, 5.440265e-01
1890, 7.809380e-01, 2.676148e-01
1891, 7.810446e-01, 7.010912e-01
1892, 7.811202e-01, 3.661188e-01
1893, 7.812851e-01, 3.794991e-01
1894, 7.813498e-01, 4.923992e-01
1895, 7.814265e-01, 1.980598e-01
1896, 7.815975e-01, 5.301506e-01
1897, 7.817121e-01, 4.343550e-01
1898, 7.820955e-01, 1.548986e-01
1899, 7.821544e-01, 4.766178e-01
1900, 7.823799e-01, 4.218774e-01
1901, 7.824811e-01, 7.148082e-01
1902, 7.830594e-01, 3.248142e-01
1903, 7.830597e-01, 7.704647e-01
1904, 7.830830e-01, 2.159423e-01
1905, 7.831700e-01, 8.235636e-01
1906, 7.832912e-01, 2.548934e-01
1907, 7.834769e-01, 5.863873e-01
1908, 7.835242e-01, 3.103582e-01
1909, 7.838424e-01, 7.518073e-01
1910, 7.843551e-01, 6.044329e-01
1911, 7.846324e-01, 8.088870e-01
1912, 7.850654e-01, 1.934400e-01
1913, 7.853308e-01, 4.721070e-01
1914, 7.853645e-01, 5.245998e-01
1915, 7.853743e-01, 7.184124e-01
1916, 7.854059e-01, 3.604019e-01
1917, 7.856170e-01, 6.421405e-01
1918, 7.858497e-01, 6.620757e-01
1919, 7.861551e-01, 4.978420e-01
1920, 7.865875e-01, 6.083079e-01
1921, 7.867259e-01, 7.471616e-01
1922, 7.868901e-01, 6.930362e-01
1923, 7.869929e-01, 2.216161e-01
1924, 7.870054e-01, 5.803181e-01
1925, 7.871705e-01, 4.166609e-01
1926, 7.872510e-01, 2.772450e-01
1927, 7.878616e-01, 7.756786e-01
1928, 7.880183e-01, 1.634929e-01
1929, 7.885889e-01, 2.490978e-01
1930, 7.885971e-01, 3.321978e-01
1931, 7.887467e-01, 8.038501e-01
1932, 7.889900e-01, 3.877974e-01
1933, 7.890802e-01, 3.042692e-01
1934, 7.894244e-01, 6.664265e-01
1935, 7.898477e-01, 8.317344e-01
1936, 7.901280e-01, 4.443186e-01
1937, 7.902038e-01, 6.374326e-01
1938, 7.902375e-01, 5.531550e-01
1939, 7.962704e-01, 1.639885e-01
1940, 7.968844e-01, 3.883734e-01
1941, 7.971795e-01, 5.520622e-01
1942, 7.974427e-01, 2.502038e-01
1943, 7.974984e-01, 3.037328e-01
1944, 7.976233e-01, 4.155608e-01
1945, 7.982265e-01, 4.446131e-01
1946, 7.984879e-01, 4.977004e-01
1947, 7.985396e-01, 6.672805e-01
1948, 7.986814e-01, 5.253416e-01
1949, 7.988065e-01, 7.756080e-01
1950, 7.988704e-01, 7.460340e-01
1951, 7.989492e-01, 2.770968e-01
1952, 7.990735e-01, 3.585749e-01
1953, 7.990774e-01, 8.321951e-01
1954, 7.996876e-01, 6.090015e-01
1955, 7.997009e-01, 6.361603e-01
1956, 8.003628e-01, 3.340600e-01
1957, 8.005113e-01, 4.717937e-01
1958, 8.005884e-01, 8.036830e-01
1959, 8.006976e-01, 1.929481e-01
1960, 8.009395e-01, 2.204968e-01
1961, 8.012100e-01, 5.816122e-01
1962, 8.014462e-01, 2.542972e-01
1963, 8.019204e-01, 5.450313e-01
1964, 8.020115e-01, 4.205115e-01
1965, 8.023273e-01, 3.817881e-01
1966, 8.025622e-01, 8.272353e-01
1967, 8.026512e-01, 5.315297e-01
1968, 8.027631e-01, 2.699200e-01
1969, 8.027856e-01, 7.515026e-01
1970, 8.029086e-01, 4.920064e-01
1971, 8.031584e-01, 7.701550e-01
1972, 8.032275e-01, 3.098437e-01
1973, 8.033355e-01, 4.752349e-01
1974, 8.033383e-01, 3.641443e-01
1975, 8.033548e-01, 8.069298e-01
1976, 8.034962e-01, 4.366358e-01
1977, 8.035415e-01, 5.844731e-01
1978, 8.037378e-01, 1.963267e-01
1979, 8.038488e-01, 7.368515e-01
1980, 8.043122e-01, 3.284750e-01
1981, 8.043401e-01, 6.403862e-01
1982, 8.045260e-01, 4.003955e-01
1983, 8.046927e-01, 3.440866e-01
1984, 8.051128e-01, 1.559724e-01
1985, 8.054653e-01, 5.998361e-01
1986, 8.054769e-01, 2.146736e-01
1987, 8.056394e-01, 1.791887e-01
1988, 8.056657e-01, 4.543462e-01
1989, 8.059505e-01, 6.775972e-01
1990, 8.060887e-01, 6.198104e-01
1991, 8.062066e-01, 6.580570e-01
1992, 8.062313e-01, 2.885873e-01
1993, 8.065002e-01, 7.894444e-01
1994, 8.067167e-01, 8.449771e-01
1995, 8.068445e-01, 5.120684e-01
1996, 8.076538e-01, 2.338110e-01
1997, 8.093092e-01, 5.652000e-01
1998, 8.190591e-01, 8.448621e-01
1999, 8.197922e-01, 4.017106e-01
2000, 8.199401e-01, 8.099131e-01
2001, 8.199646e-01, 7.880728e-01
2002, 8.200390e-01, 4.548941e-01
2003, 8.205704e-01, 3.655105e-01
2004, 8.205785e-01, 1.756846e-01
2005, 8.206401e-01, 5.120401e-01
2006, 8.206908e-01, 5.633854e-01
2007, 8.211299e-01, 2.888435e-01
2008, 8.217586e-01, 7.693965e-01
2009, 8.219089e-01, 6.764766e-01
2010, 8.221299e-01, 7.146360e-01
2011, 8.226286e-01, 4.755802e-01
2012, 8.226317e-01, 7.547600e-01
2013, 8.226668e-01, 8.242203e-01
2014, 8.227518e-01, 6.403665e-01
2015, 8.230347e-01, 6.585752e-01
2016, 8.231720e-01, 6.198485e-01
2017, 8.231769e-01, 7.351145e-01
2018, 8.232994e-01, 6.009740e-01
2019, 8.233393e-01, 6.987015e-01
2020, 8.234291e-01, 2.361909e-01
2021, 8.234858e-01, 2.538147e-01
2022, 8.235841e-01, 3.810134e-01
2023, 8.236913e-01, 4.922208e-01
2024, 8.237987e-01, 3.467573e-01
2025, 8.238153e-01, 4.192607e-01
2026, 8.238256e-01, 3.243999e-01
2027, 8.239975e-01, 5.465796e-01
2028, 8.242609e-01, 3.087585e-01
2029, 8.244151e-01, 2.152158e-01
2030, 8.245370e-01, 1.598552e-01
2031, 8.245404e-01, 4.330377e-01
2032, 8.252234e-01, 2.694193e-01
2033, 8.252332e-01, 1.963149e-01
2034, 8.253443e-01, 5.321871e-01
2035, 8.264436e-01, 5.846056e-01
2036, 8.266142e-01, 4.137828e-01
2037, 8.268997e-01, 8.036949e-01
2038, 8.270487e-01, 1.629159e-01
2039, 8.272494e-01, 5.540232e-01
2040, 8.274559e-01, 3.045843e-01
2041, 8.276241e-01, 6.947674e-01
2042, 8.281247e-01, 3.562517e-01
2043, 8.281313e-01, 2.467739e-01
2044, 8.281507e-01, 4.692985e-01
2045, 8.282976e-01, 8.294153e-01
2046, 8.284276e-01, 3.854679e-01
2047, 8.287130e-01, 4.980464e-01
2048, 8.288083e-01, 7.773062e-01
2049, 8.290716e-01, 7.487131e-01
2050, 8.291384e-01, 5.272150e-01
2051, 8.292199e-01, 7.222978e-01
2052, 8.292330e-01, 6.094414e-01
2053, 8.294467e-01, 1.923360e-01
2054, 8.294562e-01, 6.345029e-01
2055, 8.297967e-01, 5.815275e-01
2056, 8.297969e-01, 2.761756e-01
2057, 8.299277e-01, 2.206986e-01
2058, 8.302052e-01, 4.401839e-01
2059, 8.304471e-01, 6.656310e-01
2060, 8.314308e-01, 3.323302e-01
2061, 8.353567e-01, 6.653195e-01
2062, 8.366144e-01, 7.218953e-01
2063, 8.379732e-01, 4.973976e-01
2064, 8.379942e-01, 2.762280e-01
2065, 8.384099e-01, 7.774858e-01
2066, 8.386438e-01, 2.472838e-01
2067, 8.388621e-01, 4.694463e-01
2068, 8.389404e-01, 1.635898e-01
2069, 8.389775e-01, 4.411211e-01
2070, 8.395136e-01, 5.549372e-01
2071, 8.396185e-01, 5.818288e-01
2072, 8.396426e-01, 2.194201e-01
2073, 8.396570e-01, 6.367263e-01
2074, 8.397525e-01, 8.286694e-01
2075, 8.398207e-01, 3.314852e-01
2076, 8.398316e-01, 1.919928e-01
2077, 8.401686e-01, 6.940979e-01
2078, 8.402234e-01, 3.051927e-01
2079, 8.402573e-01, 3.843282e-01
2080, 8.403035e-01, 3.594951e-01
2081, 8.403190e-01, 4.124176e-01
2082, 8.405060e-01, 5.266960e-01
2083, 8.405403e-01, 6.078361e-01
2084, 8.409757e-01, 8.040386e-01
2085, 8.417028e-01, 6.580074e-01
2086, 8.420866e-01, 6.405050e-01
2087, 8.421025e-01, 3.822255e-01
2088, 8.423817e-01, 2.716511e-01
2089, 8.423885e-01, 1.949627e-01
2090, 8.427918e-01, 2.154379e-01
2091, 8.429029e-01, 7.705038e-01
2092, 8.430260e-01, 4.753883e-01
2093, 8.431778e-01, 3.273505e-01
2094, 8.433588e-01, 1.589358e-01
2095, 8.435267e-01, 3.649567e-01
2096, 8.436978e-01, 4.909784e-01
2097, 8.442600e-01, 3.096068e-01
2098, 8.444660e-01, 5.875507e-01
2099, 8.446792e-01, 7.000714e-01
2100, 8.448799e-01, 4.354347e-01
2101, 8.452046e-01, 5.306334e-01
2102, 8.456081e-01, 4.195295e-01
2103, 8.456474e-01, 7.118086e-01
2104, 8.458904e-01, 6.011889e-01
2105, 8.460754e-01, 8.473149e-01
2106, 8.461737e-01, 1.777491e-01
2107, 8.461747e-01, 7.902235e-01
2108, 8.464333e-01, 2.575908e-01
2109, 8.465623e-01, 5.109945e-01
2110, 8.466262e-01, 5.469450e-01
2111, 8.468304e-01, 6.804825e-01
2112, 8.468674e-01, 5.676968e-01
2113, 8.468721e-01, 4.015472e-01
2114, 8.470584e-01, 4.562298e-01
2115, 8.482624e-01, 7.346232e-01
2116, 8.483335e-01, 2.890909e-01
2117, 1.894242e-01, 1.637887e-01
2118, 6.783030e-01, 1.620989e-01
2119, 2.572484e-01, 2.191349e-01
2120, 6.793448e-01, 2.485268e-01
2121, 2.711102e-01, 3.268685e-01
2122, 5.820828e-01, 3.307345e-01
2123, 2.166489e-01, 3.615542e-01
2124, 4.354861e-01, 3.607882e-01
2125, 1.903278e-01, 4.402136e-01
2126, 4.346814e-01, 5.251873e-01
2127, 2.552098e-01, 5.812867e-01
2128, 2.696674e-01, 6.087300e-01
2129, 3.535050e-01, 6.395888e-01
2130, 4.750992e-01, 6.947803e-01
2131, 8.017237e-01, 6.941556e-01
2132, 7.202935e-01, 7.187171e-01
2133, 8.000604e-01, 7.179655e-01
2134, 8.408373e-01, 7.513949e-01
2135, 7.431111e-01, 8.049478e-01
2136, 1.550464e-01, 1.500000e-01
2137, 1.731233e-01, 1.500000e-01
2138, 1.918557e-01, 1.500000e-01
2139, 2.127236e-01, 1.500000e-01
2140, 2.354279e-01, 1.500000e-01
2141, 2.552198e-01, 1.500000e-01
2142, 2.731861e-01, 1.500000e-01
2143, 2.931593e-01, 1.500000e-01
2144, 3.146894e-01, 1.500000e-01
2145, 3.350595e-01, 1.500000e-01
2146, 3.556700e-01, 1.500000e-01
2147, 3.771883e-01, 1.500000e-01
2148, 3.965850e-01, 1.500000e-01
2149, 4.160739e-01, 1.500000e-01
2150, 4.372562e-01, 1.500000e-01
2151, 4.585373e-01, 1.500000e-01
2152, 4.789770e-01, 1.500000e-01
2153, 4.989221e-01, 1.500000e-01
2154, 5.184965e-01, 1.500000e-01
2155, 5.405860e-01, 1.500000e-01
2156, 5.610410e-01, 1.500000e-01
2157, 5.806734e-01, 1.500000e-01
2158, 6.004855e-01, 1.500000e-01
2159, 6.221275e-01, 1.500000e-01
2160, 6.424945e-01, 1.500000e-01
2161, 6.600321e-01, 1.500000e-01
2162, 6.804824e-01, 1.500000e-01
2163, 7.012964e-01, 1.500000e-01
2164, 7.217531e-01, 1.500000e-01
2165, 7.430020e-01, 1.500000e-01
2166, 7.619528e-01, 1.500000e-01
2167, 7.821984e-01, 1.500000e-01
2168, 8.048428e-01, 1.500000e-01
2169, 8.247816e-01, 1.500000e-01
2170, 8.442419e-01, 1.500000e-01
2171, 1.500000e-01, 1.627540e-01
2172, 8.500000e-01, 1.588108e-01
2173, 1.500000e-01, 1.666906e-01
2174, 1.500000e-01, 1.865620e-01
2175, 8.500000e-01, 1.776995e-01
2176, 1.500000e-01, 1.950246e-01
2177, 8.500000e-01, 1.963493e-01
2178, 1.500000e-01, 2.166717e-01
2179, 8.500000e-01, 2.143571e-01
2180, 1.500000e-01, 2.241447e-01
2181, 8.500000e-01, 2.341352e-01
2182, 1.500000e-01, 2.424919e-01
2183, 8.500000e-01, 2.358113e-01
2184, 1.500000e-01, 2.510613e-01
2185, 1.500000e-01, 2.671211e-01
2186, 8.500000e-01, 2.572863e-01
2187, 1.500000e-01, 2.736182e-01
2188, 8.500000e-01, 2.715997e-01
2189, 1.500000e-01, 2.751727e-01
2190, 1.500000e-01, 3.008911e-01
2191, 8.500000e-01, 2.891016e-01
2192, 1.500000e-01, 3.039465e-01
2193, 8.500000e-01, 3.098373e-01
2194, 1.500000e-01, 3.285897e-01
2195, 8.500000e-01, 3.267871e-01
2196, 1.500000e-01, 3.358487e-01
2197, 1.500000e-01, 3.569372e-01
2198, 1.500000e-01, 3.613264e-01
2199, 8.500000e-01, 3.645149e-01
2200, 8.500000e-01, 3.820291e-01
2201, 1.500000e-01, 3.891725e-01
2202, 1.500000e-01, 4.118270e-01
2203, 8.500000e-01, 4.017618e-01
2204, 8.500000e-01, 4.195170e-01
2205, 1.500000e-01, 4.410765e-01
2206, 8.500000e-01, 4.354376e-01
2207, 1.500000e-01, 4.450471e-01
2208, 1.500000e-01, 4.675609e-01
2209, 8.500000e-01, 4.562848e-01
2210, 1.500000e-01, 4.746429e-01
2211, 8.500000e-01, 4.753379e-01
2212, 8.500000e-01, 4.913692e-01
2213, 1.500000e-01, 5.227611e-01
2214, 8.500000e-01, 5.106886e-01
2215, 1.500000e-01, 5.255053e-01
2216, 8.500000e-01, 5.302534e-01
2217, 1.500000e-01, 5.487841e-01
2218, 8.500000e-01, 5.475176e-01
2219, 1.500000e-01, 5.561098e-01
2220, 1.500000e-01, 5.769740e-01
2221, 8.500000e-01, 5.675270e-01
2222, 1.500000e-01, 5.848178e-01
2223, 8.500000e-01, 5.865686e-01
2224, 1.500000e-01, 6.072536e-01
2225, 8.500000e-01, 6.018468e-01
2226, 1.500000e-01, 6.116682e-01
2227, 1.500000e-01, 6.312357e-01
2228, 1.500000e-01, 6.392422e-01
2229, 1.500000e-01, 6.511944e-01
2230, 8.500000e-01, 6.415179e-01
2231, 1.500000e-01, 6.605223e-01
2232, 8.500000e-01, 6.585520e-01
2233, 1.500000e-01, 6.741700e-01
2234, 1.500000e-01, 6.875211e-01
2235, 8.500000e-01, 6.801276e-01
2236, 1.500000e-01, 6.966820e-01
2237, 8.500000e-01, 6.994311e-01
2238, 1.500000e-01, 7.166401e-01
2239, 8.500000e-01, 7.129983e-01
2240, 1.500000e-01, 7.265286e-01
2241, 1.500000e-01, 7.404298e-01
2242, 8.500000e-01, 7.344187e-01
2243, 1.500000e-01, 7.531226e-01
2244, 8.500000e-01, 7.524366e-01
2245, 1.500000e-01, 7.680275e-01
2246, 8.500000e-01, 7.695895e-01
2247, 1.500000e-01, 7.805526e-01
2248, 1.500000e-01, 7.995273e-01
2249, 8.500000e-01, 7.900268e-01
2250, 1.500000e-01, 8.061922e-01
2251, 8.500000e-01, 8.075548e-01
2252, 1.500000e-01, 8.270398e-01
2253, 8.500000e-01, 8.267097e-01
2254, 1.500000e-01, 8.339803e-01
2255, 1.541761e-01, 8.500000e-01
2256, 1.692280e-01, 8.500000e-01
2257, 1.923116e-01, 8.500000e-01
2258, 2.136719e-01, 8.500000e-01
2259, 2.362288e-01, 8.500000e-01
2260, 2.544463e-01, 8.500000e-01
2261, 2.743347e-01, 8.500000e-01
2262, 2.953597e-01, 8.500000e-01
2263, 3.161716e-01, 8.500000e-01
2264, 3.363470e-01, 8.500000e-01
2265, 3.558834e-01, 8.500000e-01
2266, 3.753222e-01, 8.500000e-01
2267, 3.965295e-01, 8.500000e-01
2268, 4.157917e-01, 8.500000e-01
2269, 4.371081e-01, 8.500000e-01
2270, 4.558489e-01, 8.500000e-01
2271, 4.789474e-01, 8.500000e-01
2272, 4.976882e-01, 8.500000e-01
2273, 5.192915e-01, 8.500000e-01
2274, 5.396077e-01, 8.500000e-01
2275, 5.604222e-01, 8.500000e-01
2276, 5.793740e-01, 8.500000e-01
2277, 6.031677e-01, 8.500000e-01
2278, 6.198720e-01, 8.500000e-01
2279, 6.412511e-01, 8.500000e-01
2280, 6.617844e-01, 8.500000e-01
2281, 6.816139e-01, 8.500000e-01
2282, 7.015247e-01, 8.500000e-01
2283, 7.233158e-01, 8.500000e-01
2284, 7.421646e-01, 8.500000e-01
2285, 7.607345e-01, 8.500000e-01
2286, 7.828985e-01, 8.500000e-01
2287, 8.041514e-01, 8.500000e-01
2288, 8.231700e-01, 8.500000e-01
2289, 8.500000e-01, 8.469909e-01
2290, 8.445427e-01, 8.500000e-01
2291, 8.497595e-01, 3.451064e-01
2292, 1.501937e-01, 3.843729e-01
2293, 1.504134e-01, 4.193430e-01
2294, 1.504614e-01, 4.993499e-01
2295, 8.495273e-01, 6.233663e-01
