1, 1.519547e-01, 3.273244e-01
2, 1.521559e-01, 4.159133e-01
3, 1.536644e-01, 5.320645e-01
4, 1.546680e-01, 6.193095e-01
5, 1.569469e-01, 5.596469e-01
6, 1.657493e-01, 7.626903e-01
7, 1.667736e-01, 4.137029e-01
8, 1.675509e-01, 4.741942e-01
9, 1.677893e-01, 3.834114e-01
10, 1.688251e-01, 3.529609e-01
11, 1.691128e-01, 4.394483e-01
12, 1.698010e-01, 8.260352e-01
13, 1.705214e-01, 5.001437e-01
14, 1.706376e-01, 5.587979e-01
15, 1.711056e-01, 3.293152e-01
16, 1.716606e-01, 6.216162e-01
17, 1.717173e-01, 3.503559e-01
18, 1.717906e-01, 7.384653e-01
19, 1.722499e-01, 5.929703e-01
20, 1.738804e-01, 7.109280e-01
21, 1.740762e-01, 5.617049e-01
22, 1.741475e-01, 2.023207e-01
23, 1.742846e-01, 7.953164e-01
24, 1.744986e-01, 6.503488e-01
25, 1.746297e-01, 3.886009e-01
26, 1.749144e-01, 7.729101e-01
27, 1.752386e-01, 2.637927e-01
28, 1.753336e-01, 8.200333e-01
29, 1.754650e-01, 2.886894e-01
30, 1.762478e-01, 7.082234e-01
31, 1.763631e-01, 6.477886e-01
32, 1.764415e-01, 5.297025e-01
33, 1.771353e-01, 4.043745e-01
34, 1.771840e-01, 7.917328e-01
35, 1.773554e-01, 5.068705e-01
36, 1.775387e-01, 1.755810e-01
37, 1.781670e-01, 6.162981e-01
38, 1.782372e-01, 7.307727e-01
39, 1.786014e-01, 4.637521e-01
40, 1.790675e-01, 5.829743e-01
41, 1.792238e-01, 2.078614e-01
42, 1.794108e-01, 5.270930e-01
43, 1.798270e-01, 2.581756e-01
44, 1.798331e-01, 3.202672e-01
45, 1.803680e-01, 2.331659e-01
46, 1.805377e-01, 4.488845e-01
47, 1.825660e-01, 2.960468e-01
48, 1.836650e-01, 2.369193e-01
49, 1.928536e-01, 1.773449e-01
50, 1.961691e-01, 2.351698e-01
51, 1.981200e-01, 4.087512e-01
52, 1.994546e-01, 5.264634e-01
53, 1.999070e-01, 3.828207e-01
54, 2.019119e-01, 5.070007e-01
55, 2.029380e-01, 4.146400e-01
56, 2.034767e-01, 7.781884e-01
57, 2.035033e-01, 2.990346e-01
58, 2.035706e-01, 7.861041e-01
59, 2.038367e-01, 5.303842e-01
60, 2.042145e-01, 5.582391e-01
61, 2.051317e-01, 6.206504e-01
62, 2.055232e-01, 7.054421e-01
63, 2.055851e-01, 4.639091e-01
64, 2.059335e-01, 6.449414e-01
65, 2.066170e-01, 8.455704e-01
66, 2.066390e-01, 3.746104e-01
67, 2.067561e-01, 1.625698e-01
68, 2.067918e-01, 3.562921e-01
69, 2.070264e-01, 7.314508e-01
70, 2.070833e-01, 8.252618e-01
71, 2.084127e-01, 6.735008e-01
72, 2.085694e-01, 4.673039e-01
73, 2.087871e-01, 3.192036e-01
74, 2.088816e-01, 5.808512e-01
75, 2.090712e-01, 2.947372e-01
76, 2.093388e-01, 6.172373e-01
77, 2.099174e-01, 4.989159e-01
78, 2.101452e-01, 2.436318e-01
79, 2.108413e-01, 6.987865e-01
80, 2.108565e-01, 6.707653e-01
81, 2.108993e-01, 6.504444e-01
82, 2.111785e-01, 5.660623e-01
83, 2.114098e-01, 2.581205e-01
84, 2.116806e-01, 7.942114e-01
85, 2.118634e-01, 3.216996e-01
86, 2.129295e-01, 7.362862e-01
87, 2.151674e-01, 8.184705e-01
88, 2.151810e-01, 5.882722e-01
89, 2.159780e-01, 2.632385e-01
90, 2.169447e-01, 7.603992e-01
91, 2.184336e-01, 5.656021e-01
92, 2.196651e-01, 5.878993e-01
93, 2.274054e-01, 2.640184e-01
94, 2.295612e-01, 3.207180e-01
95, 2.307932e-01, 2.390651e-01
96, 2.311107e-01, 7.339479e-01
97, 2.313105e-01, 1.620720e-01
98, 2.314890e-01, 6.721851e-01
99, 2.317558e-01, 4.705715e-01
100, 2.324879e-01, 5.310947e-01
101, 2.330713e-01, 4.441925e-01
102, 2.332455e-01, 7.609456e-01
103, 2.335322e-01, 6.992803e-01
104, 2.338270e-01, 5.472937e-01
105, 2.338801e-01, 3.157633e-01
106, 2.348834e-01, 2.991485e-01
107, 2.351876e-01, 8.440037e-01
108, 2.352805e-01, 6.021599e-01
109, 2.354184e-01, 8.204373e-01
110, 2.355510e-01, 4.986399e-01
111, 2.359405e-01, 2.346478e-01
112, 2.360955e-01, 4.748501e-01
113, 2.362862e-01, 7.640332e-01
114, 2.365396e-01, 7.020345e-01
115, 2.370470e-01, 6.176334e-01
116, 2.371930e-01, 7.954286e-01
117, 2.375765e-01, 2.733507e-01
118, 2.379387e-01, 5.256331e-01
119, 2.384596e-01, 6.654490e-01
120, 2.385175e-01, 7.408967e-01
121, 2.386363e-01, 3.753621e-01
122, 2.393369e-01, 7.976836e-01
123, 2.393921e-01, 2.128008e-01
124, 2.401661e-01, 4.387142e-01
125, 2.420226e-01, 4.134048e-01
126, 2.424342e-01, 2.900112e-01
127, 2.442265e-01, 4.109862e-01
128, 2.461739e-01, 3.818399e-01
129, 2.491214e-01, 1.812624e-01
130, 2.492375e-01, 2.035362e-01
131, 2.576628e-01, 5.265712e-01
132, 2.594035e-01, 3.812867e-01
133, 2.594449e-01, 1.809129e-01
134, 2.597572e-01, 6.178656e-01
135, 2.605116e-01, 4.986283e-01
136, 2.609528e-01, 5.473602e-01
137, 2.612525e-01, 4.711968e-01
138, 2.615318e-01, 2.872332e-01
139, 2.616766e-01, 2.035628e-01
140, 2.626187e-01, 6.656529e-01
141, 2.628634e-01, 3.843397e-01
142, 2.629008e-01, 2.366168e-01
143, 2.630968e-01, 3.572762e-01
144, 2.634099e-01, 6.433396e-01
145, 2.637302e-01, 6.127407e-01
146, 2.637496e-01, 3.149633e-01
147, 2.638627e-01, 2.731452e-01
148, 2.640052e-01, 4.680534e-01
149, 2.644299e-01, 6.068009e-01
150, 2.650072e-01, 5.032662e-01
151, 2.651748e-01, 5.195397e-01
152, 2.652698e-01, 2.913204e-01
153, 2.656624e-01, 6.459366e-01
154, 2.659858e-01, 2.333879e-01
155, 2.661635e-01, 2.066968e-01
156, 2.662118e-01, 7.415662e-01
157, 2.662779e-01, 7.601679e-01
158, 2.668588e-01, 7.948904e-01
159, 2.673640e-01, 8.211583e-01
160, 2.675567e-01, 7.015803e-01
161, 2.695847e-01, 3.520281e-01
162, 2.703611e-01, 1.698529e-01
163, 2.704637e-01, 7.912610e-01
164, 2.711442e-01, 7.055661e-01
165, 2.713471e-01, 6.776465e-01
166, 2.715994e-01, 7.671918e-01
167, 2.749217e-01, 7.325076e-01
168, 2.754297e-01, 5.595862e-01
169, 2.757986e-01, 5.947695e-01
170, 2.762999e-01, 3.270260e-01
171, 2.857372e-01, 2.735397e-01
172, 2.870070e-01, 2.061002e-01
173, 2.876540e-01, 2.292620e-01
174, 2.886103e-01, 5.211639e-01
175, 2.887878e-01, 3.264960e-01
176, 2.888583e-01, 3.533340e-01
177, 2.892001e-01, 2.929728e-01
178, 2.893859e-01, 2.084856e-01
179, 2.900794e-01, 7.075037e-01
180, 2.902706e-01, 5.037347e-01
181, 2.907003e-01, 5.587623e-01
182, 2.912344e-01, 3.507107e-01
183, 2.914050e-01, 7.894505e-01
184, 2.915451e-01, 7.312321e-01
185, 2.924708e-01, 4.673012e-01
186, 2.926217e-01, 6.120474e-01
187, 2.926934e-01, 1.767826e-01
188, 2.927308e-01, 7.690505e-01
189, 2.933481e-01, 7.039326e-01
190, 2.937023e-01, 6.778494e-01
191, 2.941090e-01, 4.421266e-01
192, 2.943264e-01, 3.220766e-01
193, 2.945534e-01, 5.002405e-01
194, 2.949859e-01, 5.546977e-01
195, 2.952021e-01, 8.243146e-01
196, 2.955427e-01, 7.339420e-01
197, 2.960698e-01, 6.450024e-01
198, 2.963624e-01, 4.444295e-01
199, 2.966558e-01, 2.985365e-01
200, 2.970483e-01, 4.722774e-01
201, 2.974668e-01, 5.303383e-01
202, 2.985124e-01, 7.963347e-01
203, 2.985409e-01, 1.731768e-01
204, 2.985916e-01, 6.172185e-01
205, 2.994713e-01, 7.621477e-01
206, 2.997832e-01, 2.407894e-01
207, 3.003824e-01, 6.726738e-01
208, 3.015112e-01, 2.591145e-01
209, 3.156780e-01, 1.749684e-01
210, 3.159576e-01, 6.397330e-01
211, 3.165774e-01, 7.593715e-01
212, 3.170890e-01, 2.068836e-01
213, 3.175150e-01, 7.359551e-01
214, 3.182328e-01, 4.463321e-01
215, 3.182641e-01, 1.773890e-01
216, 3.182708e-01, 5.982329e-01
217, 3.188866e-01, 6.156817e-01
218, 3.190862e-01, 6.756621e-01
219, 3.205806e-01, 5.084235e-01
220, 3.206626e-01, 4.121889e-01
221, 3.208293e-01, 5.270502e-01
222, 3.208419e-01, 6.179983e-01
223, 3.210659e-01, 3.844576e-01
224, 3.212336e-01, 5.550592e-01
225, 3.212809e-01, 4.671391e-01
226, 3.219927e-01, 7.324516e-01
227, 3.226877e-01, 2.010306e-01
228, 3.227454e-01, 4.420273e-01
229, 3.229245e-01, 3.290695e-01
230, 3.230862e-01, 7.011431e-01
231, 3.234940e-01, 5.238315e-01
232, 3.236910e-01, 6.803910e-01
233, 3.237039e-01, 3.482736e-01
234, 3.237055e-01, 6.494449e-01
235, 3.240597e-01, 8.289104e-01
236, 3.247510e-01, 4.162143e-01
237, 3.262070e-01, 7.950737e-01
238, 3.272966e-01, 3.782411e-01
239, 3.277597e-01, 8.252128e-01
240, 3.278711e-01, 7.698514e-01
241, 3.285533e-01, 5.876337e-01
242, 3.287409e-01, 5.629230e-01
243, 3.291474e-01, 3.535204e-01
244, 3.299389e-01, 7.091852e-01
245, 3.300626e-01, 4.741693e-01
246, 3.305599e-01, 3.232455e-01
247, 3.313639e-01, 4.965762e-01
248, 3.425447e-01, 2.388590e-01
249, 3.433535e-01, 2.615611e-01
250, 3.436274e-01, 7.077596e-01
251, 3.449045e-01, 6.820449e-01
252, 3.463647e-01, 4.171599e-01
253, 3.472526e-01, 4.402737e-01
254, 3.478180e-01, 7.028626e-01
255, 3.484966e-01, 7.341422e-01
256, 3.487079e-01, 3.243081e-01
257, 3.492280e-01, 5.215617e-01
258, 3.493952e-01, 6.188485e-01
259, 3.500953e-01, 5.642963e-01
260, 3.505160e-01, 3.488578e-01
261, 3.512737e-01, 7.937318e-01
262, 3.516699e-01, 2.282507e-01
263, 3.519060e-01, 6.490992e-01
264, 3.520534e-01, 3.208677e-01
265, 3.521185e-01, 2.951160e-01
266, 3.529050e-01, 1.738952e-01
267, 3.530570e-01, 5.866620e-01
268, 3.535970e-01, 7.667994e-01
269, 3.536701e-01, 4.471151e-01
270, 3.540437e-01, 6.142568e-01
271, 3.540936e-01, 6.729414e-01
272, 3.543062e-01, 4.085068e-01
273, 3.543596e-01, 3.522756e-01
274, 3.545453e-01, 6.522300e-01
275, 3.553338e-01, 7.643731e-01
276, 3.557809e-01, 5.888317e-01
277, 3.559527e-01, 1.770807e-01
278, 3.569716e-01, 5.576597e-01
279, 3.571434e-01, 2.750182e-01
280, 3.572292e-01, 5.299628e-01
281, 3.573342e-01, 2.887365e-01
282, 3.574289e-01, 7.883526e-01
283, 3.577714e-01, 7.431685e-01
284, 3.739453e-01, 2.068367e-01
285, 3.746883e-01, 5.006609e-01
286, 3.759538e-01, 3.506934e-01
287, 3.764690e-01, 2.273503e-01
288, 3.765993e-01, 5.286950e-01
289, 3.770005e-01, 8.214292e-01
290, 3.771568e-01, 4.982619e-01
291, 3.782486e-01, 1.763404e-01
292, 3.791883e-01, 7.946067e-01
293, 3.794882e-01, 3.230882e-01
294, 3.795441e-01, 1.549335e-01
295, 3.799039e-01, 2.004560e-01
296, 3.799847e-01, 2.902755e-01
297, 3.801184e-01, 6.557268e-01
298, 3.807399e-01, 1.789487e-01
299, 3.808532e-01, 5.611994e-01
300, 3.809766e-01, 6.998165e-01
301, 3.810766e-01, 7.410986e-01
302, 3.810823e-01, 5.332680e-01
303, 3.814443e-01, 4.479330e-01
304, 3.821359e-01, 4.765163e-01
305, 3.822095e-01, 7.624088e-01
306, 3.839794e-01, 8.287420e-01
307, 3.848854e-01, 7.591661e-01
308, 3.848859e-01, 7.037198e-01
309, 3.853523e-01, 7.365421e-01
310, 3.854969e-01, 2.951469e-01
311, 3.856127e-01, 6.175067e-01
312, 3.858814e-01, 4.734162e-01
313, 3.864246e-01, 4.060902e-01
314, 3.871607e-01, 2.377798e-01
315, 3.884781e-01, 3.620870e-01
316, 3.891708e-01, 4.084339e-01
317, 3.915492e-01, 4.369660e-01
318, 3.919110e-01, 6.451025e-01
319, 4.043750e-01, 4.051038e-01
320, 4.057083e-01, 3.880854e-01
321, 4.080998e-01, 7.349998e-01
322, 4.087401e-01, 1.777820e-01
323, 4.088259e-01, 2.909149e-01
324, 4.091424e-01, 7.584580e-01
325, 4.092968e-01, 5.618694e-01
326, 4.093708e-01, 6.159102e-01
327, 4.094922e-01, 3.632431e-01
328, 4.096526e-01, 5.837500e-01
329, 4.098629e-01, 2.418653e-01
330, 4.100636e-01, 7.945888e-01
331, 4.110050e-01, 7.316171e-01
332, 4.110282e-01, 4.751231e-01
333, 4.110875e-01, 5.327464e-01
334, 4.113632e-01, 8.296604e-01
335, 4.123213e-01, 1.522116e-01
336, 4.126428e-01, 5.870506e-01
337, 4.126906e-01, 3.809417e-01
338, 4.130638e-01, 4.385414e-01
339, 4.132737e-01, 2.389143e-01
340, 4.137645e-01, 1.716819e-01
341, 4.138107e-01, 6.718068e-01
342, 4.152408e-01, 2.980381e-01
343, 4.153861e-01, 7.999700e-01
344, 4.155404e-01, 6.229652e-01
345, 4.158316e-01, 4.967547e-01
346, 4.158447e-01, 7.649255e-01
347, 4.163614e-01, 4.164944e-01
348, 4.167336e-01, 4.426560e-01
349, 4.168063e-01, 5.273336e-01
350, 4.199210e-01, 3.527463e-01
351, 4.297527e-01, 4.738033e-01
352, 4.330567e-01, 4.979841e-01
353, 4.334354e-01, 4.418702e-01
354, 4.350138e-01, 7.994931e-01
355, 4.354264e-01, 2.359262e-01
356, 4.354489e-01, 7.666186e-01
357, 4.357780e-01, 1.740132e-01
358, 4.358712e-01, 2.012405e-01
359, 4.364016e-01, 7.005911e-01
360, 4.378378e-01, 5.287848e-01
361, 4.379616e-01, 2.716707e-01
362, 4.383545e-01, 6.227512e-01
363, 4.385403e-01, 1.773228e-01
364, 4.388334e-01, 8.286005e-01
365, 4.391204e-01, 4.608608e-01
366, 4.391508e-01, 7.627534e-01
367, 4.399821e-01, 6.724938e-01
368, 4.406254e-01, 5.614808e-01
369, 4.412310e-01, 8.256990e-01
370, 4.412394e-01, 2.927917e-01
371, 4.413055e-01, 7.336552e-01
372, 4.417842e-01, 5.869316e-01
373, 4.421284e-01, 2.669017e-01
374, 4.421853e-01, 4.307391e-01
375, 4.423378e-01, 5.056773e-01
376, 4.426421e-01, 7.885379e-01
377, 4.426716e-01, 5.238911e-01
378, 4.430591e-01, 6.174302e-01
379, 4.445986e-01, 3.251690e-01
380, 4.458117e-01, 7.295718e-01
381, 4.481281e-01, 7.109737e-01
382, 4.641653e-01, 3.557194e-01
383, 4.647734e-01, 3.235472e-01
384, 4.648242e-01, 3.830447e-01
385, 4.655888e-01, 6.195821e-01
386, 4.658751e-01, 5.618308e-01
387, 4.660141e-01, 4.145355e-01
388, 4.662120e-01, 7.876800e-01
389, 4.668439e-01, 5.834391e-01
390, 4.676282e-01, 2.950346e-01
391, 4.683187e-01, 2.640825e-01
392, 4.684541e-01, 5.256452e-01
393, 4.685470e-01, 7.060706e-01
394, 4.687632e-01, 4.166875e-01
395, 4.688189e-01, 1.725017e-01
396, 4.688450e-01, 3.788107e-01
397, 4.691518e-01, 3.286240e-01
398, 4.697312e-01, 7.666561e-01
399, 4.698587e-01, 8.253697e-01
400, 4.702198e-01, 7.313228e-01
401, 4.702830e-01, 3.494243e-01
402, 4.705111e-01, 4.369919e-01
403, 4.706580e-01, 5.569472e-01
404, 4.711954e-01, 5.291908e-01
405, 4.713672e-01, 5.049270e-01
406, 4.724642e-01, 7.013446e-01
407, 4.728411e-01, 2.405864e-01
408, 4.747389e-01, 8.204153e-01
409, 4.748576e-01, 7.618567e-01
410, 4.749437e-01, 7.359595e-01
411, 4.756113e-01, 4.574820e-01
412, 4.764801e-01, 6.105760e-01
413, 4.765782e-01, 4.456588e-01
414, 4.770627e-01, 1.800960e-01
415, 4.771467e-01, 5.923187e-01
416, 4.788223e-01, 8.012534e-01
417, 4.790516e-01, 2.349490e-01
418, 4.806986e-01, 4.976390e-01
419, 4.811519e-01, 4.644800e-01
420, 4.914146e-01, 6.129907e-01
421, 4.920240e-01, 5.919739e-01
422, 4.939300e-01, 4.968761e-01
423, 4.945091e-01, 6.769463e-01
424, 4.955137e-01, 4.669618e-01
425, 4.959499e-01, 3.319034e-01
426, 4.965572e-01, 5.522123e-01
427, 4.965716e-01, 3.484183e-01
428, 4.966042e-01, 5.363203e-01
429, 4.966300e-01, 7.987154e-01
430, 4.972035e-01, 6.997390e-01
431, 4.972526e-01, 6.473374e-01
432, 4.973429e-01, 2.362559e-01
433, 4.976116e-01, 8.258840e-01
434, 4.987769e-01, 5.858955e-01
435, 4.988150e-01, 2.023847e-01
436, 4.993397e-01, 2.942173e-01
437, 4.995914e-01, 6.716297e-01
438, 4.996450e-01, 7.618998e-01
439, 4.997525e-01, 3.792930e-01
440, 4.997589e-01, 5.018173e-01
441, 4.997798e-01, 2.387612e-01
442, 4.998315e-01, 7.373431e-01
443, 5.003992e-01, 4.155001e-01
444, 5.004214e-01, 1.784777e-01
445, 5.006012e-01, 6.430871e-01
446, 5.009603e-01, 4.613618e-01
447, 5.012691e-01, 5.568606e-01
448, 5.014323e-01, 6.257223e-01
449, 5.018287e-01, 7.038111e-01
450, 5.018584e-01, 8.224399e-01
451, 5.023133e-01, 3.547263e-01
452, 5.025459e-01, 5.300083e-01
453, 5.025882e-01, 3.229562e-01
454, 5.030902e-01, 4.180573e-01
455, 5.035108e-01, 2.899711e-01
456, 5.043784e-01, 3.746518e-01
457, 5.053740e-01, 2.079216e-01
458, 5.066214e-01, 7.883743e-01
459, 5.068026e-01, 7.308912e-01
460, 5.071322e-01, 7.695129e-01
461, 5.231373e-01, 3.755083e-01
462, 5.255840e-01, 2.671226e-01
463, 5.257337e-01, 3.567047e-01
464, 5.259679e-01, 8.244848e-01
465, 5.263202e-01, 2.385950e-01
466, 5.271592e-01, 4.135835e-01
467, 5.279695e-01, 7.923366e-01
468, 5.286791e-01, 3.597493e-01
469, 5.289404e-01, 2.901841e-01
470, 5.291678e-01, 6.739020e-01
471, 5.292982e-01, 3.825363e-01
472, 5.294953e-01, 2.638639e-01
473, 5.297894e-01, 4.454813e-01
474, 5.301163e-01, 5.049359e-01
475, 5.302820e-01, 5.585541e-01
476, 5.303803e-01, 4.547884e-01
477, 5.308077e-01, 3.200772e-01
478, 5.309295e-01, 7.031142e-01
479, 5.314026e-01, 1.764415e-01
480, 5.315055e-01, 7.961345e-01
481, 5.319572e-01, 7.647214e-01
482, 5.321285e-01, 6.709461e-01
483, 5.322186e-01, 8.186640e-01
484, 5.328710e-01, 5.840007e-01
485, 5.332271e-01, 4.421020e-01
486, 5.333215e-01, 5.617913e-01
487, 5.342081e-01, 6.418293e-01
488, 5.342448e-01, 3.171559e-01
489, 5.344853e-01, 7.073220e-01
490, 5.345958e-01, 4.202971e-01
491, 5.349442e-01, 2.281405e-01
492, 5.358798e-01, 6.232877e-01
493, 5.360027e-01, 2.953722e-01
494, 5.361123e-01, 5.013002e-01
495, 5.372052e-01, 6.462213e-01
496, 5.384679e-01, 6.201536e-01
497, 5.461472e-01, 4.708836e-01
498, 5.503586e-01, 6.490549e-01
499, 5.509277e-01, 7.650721e-01
500, 5.515770e-01, 6.183058e-01
501, 5.520696e-01, 5.828367e-01
502, 5.523076e-01, 5.618607e-01
503, 5.527259e-01, 4.720049e-01
504, 5.528334e-01, 1.730694e-01
505, 5.534189e-01, 8.203994e-01
506, 5.544240e-01, 2.297811e-01
507, 5.545943e-01, 7.953749e-01
508, 5.546318e-01, 6.538599e-01
509, 5.553864e-01, 6.151531e-01
510, 5.554642e-01, 5.288289e-01
511, 5.562885e-01, 8.457400e-01
512, 5.565339e-01, 6.670580e-01
513, 5.565592e-01, 4.687573e-01
514, 5.568686e-01, 1.518821e-01
515, 5.570051e-01, 7.721537e-01
516, 5.571836e-01, 5.263959e-01
517, 5.576470e-01, 1.763861e-01
518, 5.577292e-01, 3.591139e-01
519, 5.578148e-01, 7.101878e-01
520, 5.578684e-01, 4.173352e-01
521, 5.582384e-01, 8.256374e-01
522, 5.582796e-01, 2.685981e-01
523, 5.585001e-01, 5.570303e-01
524, 5.588091e-01, 7.907835e-01
525, 5.606169e-01, 2.370635e-01
526, 5.608427e-01, 3.556434e-01
527, 5.614677e-01, 7.345233e-01
528, 5.619876e-01, 7.060457e-01
529, 5.621678e-01, 5.924977e-01
530, 5.636469e-01, 3.218603e-01
531, 5.650735e-01, 7.310860e-01
532, 5.660650e-01, 4.090690e-01
533, 5.715659e-01, 6.787954e-01
534, 5.780938e-01, 3.233656e-01
535, 5.783948e-01, 6.784863e-01
536, 5.800552e-01, 5.893577e-01
537, 5.810553e-01, 6.577354e-01
538, 5.824983e-01, 7.950369e-01
539, 5.826838e-01, 5.009748e-01
540, 5.834425e-01, 2.930522e-01
541, 5.840760e-01, 8.232829e-01
542, 5.848783e-01, 3.557208e-01
543, 5.850728e-01, 5.638814e-01
544, 5.855903e-01, 4.466323e-01
545, 5.859037e-01, 4.669240e-01
546, 5.859108e-01, 3.786313e-01
547, 5.859195e-01, 3.305053e-01
548, 5.861443e-01, 5.814767e-01
549, 5.865421e-01, 4.116736e-01
550, 5.869061e-01, 2.617045e-01
551, 5.869143e-01, 1.706568e-01
552, 5.869897e-01, 2.378325e-01
553, 5.870866e-01, 2.909392e-01
554, 5.873374e-01, 2.089074e-01
555, 5.874517e-01, 6.867211e-01
556, 5.874574e-01, 6.140697e-01
557, 5.884534e-01, 5.065097e-01
558, 5.886592e-01, 5.206094e-01
559, 5.889050e-01, 4.496758e-01
560, 5.890512e-01, 7.704318e-01
561, 5.890833e-01, 7.889305e-01
562, 5.892533e-01, 5.600347e-01
563, 5.899829e-01, 3.488733e-01
564, 5.900242e-01, 4.627326e-01
565, 5.901300e-01, 8.285183e-01
566, 5.912934e-01, 2.329247e-01
567, 5.920666e-01, 2.667884e-01
568, 5.920963e-01, 1.756771e-01
569, 5.922827e-01, 5.245610e-01
570, 5.946650e-01, 4.064145e-01
571, 5.951153e-01, 3.865476e-01
572, 5.955878e-01, 1.993757e-01
573, 5.982395e-01, 6.218692e-01
574, 5.996939e-01, 6.378538e-01
575, 6.068689e-01, 7.044344e-01
576, 6.109573e-01, 2.670343e-01
577, 6.119988e-01, 4.666684e-01
578, 6.131395e-01, 2.336059e-01
579, 6.133383e-01, 6.832997e-01
580, 6.140441e-01, 2.939695e-01
581, 6.143569e-01, 5.878562e-01
582, 6.146634e-01, 4.132869e-01
583, 6.147303e-01, 4.416668e-01
584, 6.147440e-01, 5.590126e-01
585, 6.151676e-01, 7.276156e-01
586, 6.152960e-01, 7.756422e-01
587, 6.157257e-01, 6.169284e-01
588, 6.165936e-01, 5.907021e-01
589, 6.167248e-01, 2.000398e-01
590, 6.167298e-01, 7.158792e-01
591, 6.172358e-01, 1.742409e-01
592, 6.181607e-01, 5.263890e-01
593, 6.183106e-01, 6.188542e-01
594, 6.184008e-01, 4.097587e-01
595, 6.187732e-01, 2.982595e-01
596, 6.188596e-01, 4.367438e-01
597, 6.188875e-01, 4.992373e-01
598, 6.193520e-01, 3.178996e-01
599, 6.197681e-01, 2.401446e-01
600, 6.198764e-01, 6.410259e-01
601, 6.201723e-01, 4.758105e-01
602, 6.206358e-01, 2.573241e-01
603, 6.210339e-01, 4.969100e-01
604, 6.214771e-01, 5.524640e-01
605, 6.252358e-01, 5.329650e-01
606, 6.265058e-01, 6.732228e-01
607, 6.265521e-01, 6.464515e-01
608, 6.266831e-01, 7.384191e-01
609, 6.272776e-01, 3.277740e-01
610, 6.302110e-01, 7.650348e-01
611, 6.405614e-01, 1.720340e-01
612, 6.413425e-01, 2.585308e-01
613, 6.418026e-01, 5.333953e-01
614, 6.434620e-01, 7.657541e-01
615, 6.435325e-01, 3.297410e-01
616, 6.439077e-01, 3.792481e-01
617, 6.440616e-01, 6.202263e-01
618, 6.440680e-01, 4.974118e-01
619, 6.441105e-01, 5.501628e-01
620, 6.441745e-01, 6.417192e-01
621, 6.442216e-01, 2.393480e-01
622, 6.445091e-01, 4.127134e-01
623, 6.446143e-01, 2.948810e-01
624, 6.448958e-01, 5.926590e-01
625, 6.456012e-01, 4.362843e-01
626, 6.464171e-01, 6.226985e-01
627, 6.468021e-01, 2.927195e-01
628, 6.471031e-01, 2.652778e-01
629, 6.473975e-01, 4.162417e-01
630, 6.475078e-01, 4.752393e-01
631, 6.480308e-01, 2.048847e-01
632, 6.481129e-01, 3.841817e-01
633, 6.481631e-01, 5.021840e-01
634, 6.485495e-01, 5.264295e-01
635, 6.489243e-01, 7.929332e-01
636, 6.495270e-01, 7.112736e-01
637, 6.495428e-01, 6.461979e-01
638, 6.495963e-01, 8.203754e-01
639, 6.495978e-01, 7.604640e-01
640, 6.505618e-01, 2.336330e-01
641, 6.511033e-01, 3.223978e-01
642, 6.513100e-01, 4.716218e-01
643, 6.514781e-01, 4.418685e-01
644, 6.516604e-01, 8.227150e-01
645, 6.528796e-01, 7.063536e-01
646, 6.529846e-01, 5.851812e-01
647, 6.539439e-01, 7.980853e-01
648, 6.540471e-01, 5.602372e-01
649, 6.544184e-01, 1.857171e-01
650, 6.652492e-01, 3.225034e-01
651, 6.653091e-01, 2.319119e-01
652, 6.666591e-01, 2.109911e-01
653, 6.672225e-01, 3.504765e-01
654, 6.703689e-01, 6.207623e-01
655, 6.709972e-01, 7.373195e-01
656, 6.711406e-01, 4.996619e-01
657, 6.714334e-01, 5.600524e-01
658, 6.718658e-01, 1.838971e-01
659, 6.720297e-01, 8.260092e-01
660, 6.723264e-01, 6.764929e-01
661, 6.726031e-01, 3.877596e-01
662, 6.727290e-01, 3.144308e-01
663, 6.730579e-01, 4.421558e-01
664, 6.730895e-01, 2.624248e-01
665, 6.732892e-01, 2.965713e-01
666, 6.741951e-01, 4.714415e-01
667, 6.743184e-01, 7.920036e-01
668, 6.757668e-01, 2.027073e-01
669, 6.758485e-01, 7.406526e-01
670, 6.760842e-01, 4.124902e-01
671, 6.762403e-01, 4.392286e-01
672, 6.766161e-01, 4.931866e-01
673, 6.766457e-01, 7.050615e-01
674, 6.770545e-01, 5.663672e-01
675, 6.775043e-01, 8.225338e-01
676, 6.776091e-01, 3.573463e-01
677, 6.776255e-01, 3.822364e-01
678, 6.781173e-01, 7.708805e-01
679, 6.786408e-01, 6.132225e-01
680, 6.788733e-01, 6.825889e-01
681, 6.790821e-01, 7.964302e-01
682, 6.803731e-01, 7.687976e-01
683, 6.806069e-01, 1.756783e-01
684, 6.809947e-01, 7.015616e-01
685, 6.829994e-01, 2.855491e-01
686, 6.832401e-01, 2.710766e-01
687, 7.002967e-01, 5.278389e-01
688, 7.010126e-01, 7.698680e-01
689, 7.013173e-01, 4.695117e-01
690, 7.013465e-01, 7.340856e-01
691, 7.018451e-01, 7.987756e-01
692, 7.019747e-01, 4.960209e-01
693, 7.020244e-01, 6.171764e-01
694, 7.021344e-01, 2.700380e-01
695, 7.025844e-01, 6.475860e-01
696, 7.033730e-01, 4.105779e-01
697, 7.035140e-01, 4.672876e-01
698, 7.036940e-01, 2.032579e-01
699, 7.037554e-01, 7.064750e-01
700, 7.038205e-01, 6.744694e-01
701, 7.043353e-01, 6.144471e-01
702, 7.044742e-01, 2.829363e-01
703, 7.046186e-01, 7.666092e-01
704, 7.048773e-01, 2.673069e-01
705, 7.049363e-01, 7.958514e-01
706, 7.054052e-01, 5.642177e-01
707, 7.056466e-01, 5.932940e-01
708, 7.056516e-01, 2.061874e-01
709, 7.056900e-01, 6.442347e-01
710, 7.062239e-01, 2.251810e-01
711, 7.065154e-01, 4.139318e-01
712, 7.067118e-01, 3.876246e-01
713, 7.071329e-01, 7.265859e-01
714, 7.071777e-01, 5.212742e-01
715, 7.080242e-01, 3.244324e-01
716, 7.081479e-01, 7.023939e-01
717, 7.083710e-01, 6.790001e-01
718, 7.097877e-01, 5.044971e-01
719, 7.114131e-01, 3.832082e-01
720, 7.123820e-01, 2.320629e-01
721, 7.137867e-01, 5.714892e-01
722, 7.141007e-01, 2.895227e-01
723, 7.147752e-01, 5.848982e-01
724, 7.164842e-01, 3.175255e-01
725, 7.282590e-01, 1.764946e-01
726, 7.301221e-01, 7.973852e-01
727, 7.304395e-01, 8.203830e-01
728, 7.321087e-01, 2.861487e-01
729, 7.325661e-01, 4.393167e-01
730, 7.327870e-01, 6.441064e-01
731, 7.330626e-01, 3.827593e-01
732, 7.333099e-01, 7.297261e-01
733, 7.333896e-01, 2.125307e-01
734, 7.334033e-01, 4.677220e-01
735, 7.341480e-01, 2.701331e-01
736, 7.344196e-01, 7.031010e-01
737, 7.345537e-01, 3.209702e-01
738, 7.355070e-01, 1.680831e-01
739, 7.356237e-01, 5.868865e-01
740, 7.356688e-01, 4.120468e-01
741, 7.358684e-01, 7.919391e-01
742, 7.360551e-01, 6.477516e-01
743, 7.363494e-01, 6.755001e-01
744, 7.371282e-01, 7.005164e-01
745, 7.371994e-01, 5.023634e-01
746, 7.374401e-01, 3.248600e-01
747, 7.374559e-01, 8.277079e-01
748, 7.375525e-01, 2.662307e-01
749, 7.378140e-01, 5.889646e-01
750, 7.379468e-01, 4.350660e-01
751, 7.382735e-01, 4.146461e-01
752, 7.383814e-01, 5.665162e-01
753, 7.384243e-01, 2.922407e-01
754, 7.389871e-01, 6.783511e-01
755, 7.391804e-01, 6.191315e-01
756, 7.395773e-01, 2.056282e-01
757, 7.401515e-01, 5.241168e-01
758, 7.405640e-01, 7.381329e-01
759, 7.413168e-01, 4.744261e-01
760, 7.418694e-01, 4.965762e-01
761, 7.439005e-01, 5.283202e-01
762, 7.444146e-01, 5.605459e-01
763, 7.578478e-01, 6.986972e-01
764, 7.580173e-01, 3.822584e-01
765, 7.593575e-01, 1.694549e-01
766, 7.596887e-01, 6.792435e-01
767, 7.598339e-01, 6.180688e-01
768, 7.602924e-01, 4.146986e-01
769, 7.603698e-01, 3.537157e-01
770, 7.604462e-01, 3.285180e-01
771, 7.605308e-01, 1.520423e-01
772, 7.608668e-01, 7.701935e-01
773, 7.610659e-01, 4.393467e-01
774, 7.611708e-01, 2.656394e-01
775, 7.618535e-01, 3.775187e-01
776, 7.625793e-01, 4.677877e-01
777, 7.626996e-01, 4.120538e-01
778, 7.629214e-01, 7.912946e-01
779, 7.646000e-01, 2.889963e-01
780, 7.647231e-01, 2.348368e-01
781, 7.648926e-01, 4.440038e-01
782, 7.650912e-01, 5.894188e-01
783, 7.651166e-01, 6.741013e-01
784, 7.654677e-01, 5.277127e-01
785, 7.654700e-01, 5.641799e-01
786, 7.657034e-01, 6.110266e-01
787, 7.660376e-01, 2.029551e-01
788, 7.663075e-01, 8.305590e-01
789, 7.665490e-01, 1.803897e-01
790, 7.666516e-01, 4.716622e-01
791, 7.671061e-01, 4.949756e-01
792, 7.672824e-01, 5.868817e-01
793, 7.674202e-01, 2.714726e-01
794, 7.677441e-01, 7.366943e-01
795, 7.681934e-01, 2.324779e-01
796, 7.692880e-01, 7.967187e-01
797, 7.696026e-01, 2.057353e-01
798, 7.702461e-01, 7.345178e-01
799, 7.703392e-01, 5.601932e-01
800, 7.712165e-01, 7.134201e-01
801, 7.716588e-01, 7.593034e-01
802, 7.718294e-01, 8.235110e-01
803, 7.719473e-01, 5.330043e-01
804, 7.720675e-01, 2.956441e-01
805, 7.721730e-01, 3.189764e-01
806, 7.847553e-01, 4.464710e-01
807, 7.860321e-01, 2.063256e-01
808, 7.871149e-01, 4.696176e-01
809, 7.877396e-01, 2.344077e-01
810, 7.897023e-01, 7.340449e-01
811, 7.897697e-01, 7.964282e-01
812, 7.901266e-01, 7.148099e-01
813, 7.904424e-01, 2.687727e-01
814, 7.913203e-01, 3.727611e-01
815, 7.915943e-01, 3.570063e-01
816, 7.923781e-01, 3.208239e-01
817, 7.924345e-01, 5.327873e-01
818, 7.926186e-01, 5.852333e-01
819, 7.926860e-01, 2.932843e-01
820, 7.929432e-01, 2.400371e-01
821, 7.929815e-01, 4.954494e-01
822, 7.940088e-01, 8.004854e-01
823, 7.942922e-01, 7.383057e-01
824, 7.943444e-01, 7.597330e-01
825, 7.945883e-01, 2.633182e-01
826, 7.946458e-01, 3.232645e-01
827, 7.946593e-01, 5.349561e-01
828, 7.949515e-01, 1.978601e-01
829, 7.955014e-01, 4.090828e-01
830, 7.956061e-01, 6.730069e-01
831, 7.959870e-01, 6.108264e-01
832, 7.963153e-01, 4.791150e-01
833, 7.964849e-01, 1.849685e-01
834, 7.979518e-01, 4.347344e-01
835, 7.981232e-01, 3.811932e-01
836, 7.982083e-01, 7.071992e-01
837, 7.985352e-01, 3.496794e-01
838, 8.003449e-01, 4.134881e-01
839, 8.005662e-01, 1.799580e-01
840, 8.031497e-01, 6.164448e-01
841, 8.181412e-01, 5.550282e-01
842, 8.186132e-01, 5.386908e-01
843, 8.190315e-01, 2.400888e-01
844, 8.197945e-01, 6.157411e-01
845, 8.213424e-01, 2.024869e-01
846, 8.213558e-01, 7.638489e-01
847, 8.214752e-01, 1.757481e-01
848, 8.217584e-01, 8.222132e-01
849, 8.223572e-01, 6.469012e-01
850, 8.228996e-01, 2.634341e-01
851, 8.229985e-01, 7.920283e-01
852, 8.232003e-01, 7.338174e-01
853, 8.232625e-01, 6.193589e-01
854, 8.234834e-01, 7.086110e-01
855, 8.239146e-01, 4.987116e-01
856, 8.242039e-01, 4.755692e-01
857, 8.242676e-01, 3.221210e-01
858, 8.245230e-01, 5.630856e-01
859, 8.248196e-01, 3.819036e-01
860, 8.252959e-01, 4.126074e-01
861, 8.263984e-01, 6.511203e-01
862, 8.266972e-01, 4.364870e-01
863, 8.271851e-01, 7.384352e-01
864, 8.275582e-01, 2.296779e-01
865, 8.278887e-01, 4.097637e-01
866, 8.286170e-01, 8.175405e-01
867, 8.288583e-01, 7.973341e-01
868, 8.302932e-01, 4.408137e-01
869, 8.305489e-01, 5.252129e-01
870, 8.306433e-01, 5.060238e-01
871, 8.306701e-01, 4.699791e-01
872, 8.315735e-01, 2.124106e-01
873, 8.433684e-01, 8.202451e-01
874, 8.439529e-01, 7.971279e-01
875, 8.450315e-01, 4.704653e-01
876, 8.451299e-01, 6.204268e-01
877, 1.533081e-01, 8.268981e-01
878, 1.760346e-01, 6.721024e-01
879, 2.038758e-01, 4.463856e-01
880, 1.942765e-01, 2.082309e-01
881, 2.354123e-01, 6.491250e-01
882, 2.344772e-01, 3.541134e-01
883, 2.656241e-01, 4.110328e-01
884, 2.647497e-01, 4.423940e-01
885, 2.917243e-01, 5.939959e-01
886, 2.908772e-01, 3.852802e-01
887, 2.926791e-01, 4.122088e-01
888, 3.245527e-01, 2.395236e-01
889, 3.220893e-01, 2.913163e-01
890, 3.243281e-01, 2.641725e-01
891, 3.530076e-01, 8.248705e-01
892, 3.544665e-01, 5.007665e-01
893, 3.511511e-01, 4.726988e-01
894, 3.531917e-01, 2.061971e-01
895, 3.536807e-01, 3.809163e-01
896, 3.793872e-01, 6.754979e-01
897, 3.861800e-01, 3.861477e-01
898, 3.833925e-01, 2.701177e-01
899, 3.791460e-01, 5.841232e-01
900, 4.113070e-01, 6.454560e-01
901, 4.110362e-01, 7.060685e-01
902, 4.133632e-01, 2.001384e-01
903, 4.154954e-01, 3.224123e-01
904, 4.097241e-01, 2.702041e-01
905, 4.399940e-01, 6.465943e-01
906, 4.435379e-01, 3.561711e-01
907, 4.405976e-01, 3.825705e-01
908, 4.423485e-01, 4.149710e-01
909, 4.722947e-01, 6.778962e-01
910, 4.688357e-01, 6.476258e-01
911, 4.779457e-01, 2.049524e-01
912, 5.036423e-01, 2.657380e-01
913, 5.039267e-01, 4.401534e-01
914, 5.265353e-01, 7.320415e-01
915, 5.292154e-01, 2.071014e-01
916, 5.308698e-01, 5.318064e-01
917, 5.573142e-01, 5.014873e-01
918, 5.630699e-01, 3.809855e-01
919, 5.585651e-01, 2.086483e-01
920, 5.602261e-01, 2.907698e-01
921, 5.591349e-01, 4.436827e-01
922, 5.898347e-01, 7.022531e-01
923, 5.839118e-01, 7.330581e-01
924, 6.130131e-01, 7.932777e-01
925, 6.155797e-01, 8.256729e-01
926, 6.165059e-01, 3.846362e-01
927, 6.191167e-01, 3.510036e-01
928, 6.492423e-01, 6.777496e-01
929, 6.541081e-01, 7.392772e-01
930, 6.480046e-01, 3.536976e-01
931, 6.740420e-01, 6.477828e-01
932, 6.783669e-01, 5.890559e-01
933, 6.740127e-01, 5.290587e-01
934, 7.016994e-01, 8.244326e-01
935, 7.059284e-01, 3.530725e-01
936, 7.049626e-01, 4.393895e-01
937, 7.053648e-01, 1.782427e-01
938, 7.352441e-01, 3.527206e-01
939, 7.339384e-01, 2.314783e-01
940, 7.365089e-01, 7.655422e-01
941, 7.648527e-01, 6.472529e-01
942, 7.946962e-01, 8.194509e-01
943, 7.941514e-01, 5.594795e-01
944, 7.967902e-01, 6.487986e-01
945, 8.233279e-01, 6.742301e-01
946, 8.237652e-01, 3.507727e-01
947, 8.242364e-01, 5.883654e-01
948, 8.222117e-01, 2.924409e-01
949, 8.469260e-01, 6.492877e-01
950, 1.500000e-01, 8.268797e-01
951, 1.500000e-01, 5.666807e-01
952, 1.500000e-01, 6.361548e-01
953, 1.500000e-01, 4.132535e-01
954, 1.500000e-01, 3.847177e-01
955, 1.500000e-01, 7.639015e-01
956, 1.500000e-01, 3.003866e-01
957, 1.500000e-01, 4.307814e-01
958, 1.500000e-01, 2.880716e-01
959, 1.500000e-01, 2.679973e-01
960, 1.500000e-01, 2.340447e-01
961, 1.500000e-01, 5.290500e-01
962, 1.500000e-01, 5.010790e-01
963, 1.500000e-01, 6.501241e-01
964, 1.500000e-01, 7.384643e-01
965, 1.500000e-01, 8.120342e-01
966, 1.500000e-01, 7.923875e-01
967, 1.500000e-01, 1.998959e-01
968, 1.500000e-01, 1.716261e-01
969, 1.500000e-01, 3.289764e-01
970, 1.500000e-01, 3.534696e-01
971, 1.500000e-01, 4.352632e-01
972, 1.500000e-01, 4.725647e-01
973, 1.500000e-01, 6.146468e-01
974, 1.500000e-01, 5.938380e-01
975, 1.500000e-01, 6.725027e-01
976, 1.500000e-01, 7.088837e-01
977, 1.644467e-01, 8.500000e-01
978, 1.746810e-01, 8.500000e-01
979, 2.032360e-01, 8.500000e-01
980, 2.395492e-01, 8.500000e-01
981, 2.415322e-01, 1.500000e-01
982, 2.711246e-01, 8.500000e-01
983, 2.681200e-01, 1.500000e-01
984, 2.969274e-01, 8.500000e-01
985, 2.960427e-01, 1.500000e-01
986, 3.225503e-01, 8.500000e-01
987, 3.213676e-01, 1.500000e-01
988, 3.493072e-01, 1.500000e-01
989, 3.523080e-01, 8.500000e-01
990, 3.625810e-01, 1.500000e-01
991, 3.853364e-01, 1.500000e-01
992, 3.845252e-01, 8.500000e-01
993, 4.113632e-01, 8.500000e-01
994, 4.389966e-01, 8.500000e-01
995, 4.687042e-01, 1.500000e-01
996, 5.033650e-01, 1.500000e-01
997, 5.313070e-01, 8.500000e-01
998, 5.359394e-01, 8.500000e-01
999, 5.264061e-01, 1.500000e-01
1000, 5.456400e-01, 1.500000e-01
1001, 5.620578e-01, 8.500000e-01
1002, 5.593790e-01, 1.500000e-01
1003, 5.782870e-01, 1.500000e-01
1004, 5.854511e-01, 8.500000e-01
1005, 6.169189e-01, 1.500000e-01
1006, 6.284594e-01, 8.500000e-01
1007, 6.479376e-01, 8.500000e-01
1008, 6.429631e-01, 1.500000e-01
1009, 6.645778e-01, 1.500000e-01
1010, 6.722012e-01, 8.500000e-01
1011, 7.025023e-01, 8.500000e-01
1012, 7.094968e-01, 1.500000e-01
1013, 7.162847e-01, 1.500000e-01
1014, 7.333902e-01, 8.500000e-01
1015, 7.688562e-01, 8.500000e-01
1016, 7.624568e-01, 1.500000e-01
1017, 7.974848e-01, 8.500000e-01
1018, 8.035909e-01, 1.500000e-01
1019, 8.500000e-01, 7.645182e-01
1020, 8.500000e-01, 2.645738e-01
1021, 8.500000e-01, 5.226232e-01
1022, 8.500000e-01, 5.867714e-01
1023, 8.500000e-01, 7.400848e-01
1024, 8.500000e-01, 3.777730e-01
1025, 8.182663e-01, 1.500000e-01
1026, 8.500000e-01, 1.747492e-01
1027, 8.326231e-01, 1.500000e-01
1028, 8.500000e-01, 4.439446e-01
1029, 8.500000e-01, 3.166910e-01
1030, 8.500000e-01, 2.979234e-01
1031, 8.500000e-01, 6.760814e-01
1032, 8.500000e-01, 7.063192e-01
1033, 8.194873e-01, 8.500000e-01
1034, 8.500000e-01, 6.730997e-01
1035, 8.500000e-01, 7.910044e-01
1036, 8.500000e-01, 8.281761e-01
1037, 8.500000e-01, 4.120065e-01
1038, 8.500000e-01, 6.158579e-01
1039, 8.500000e-01, 6.491568e-01
1040, 8.500000e-01, 3.586834e-01
1041, 8.500000e-01, 4.655654e-01
1042, 1.511043e-01, 8.499640e-01
1043, 1.797589e-01, 1.501921e-01
1044, 1.940561e-01, 1.503652e-01
1045, 2.668626e-01, 8.496446e-01
1046, 3.522075e-01, 1.501617e-01
1047, 4.101572e-01, 1.500020e-01
1048, 4.367635e-01, 1.507319e-01
1049, 4.734790e-01, 8.495930e-01
1050, 4.930895e-01, 8.494186e-01
1051, 5.863203e-01, 1.507036e-01
1052, 6.201847e-01, 8.494443e-01
1053, 6.752205e-01, 1.507700e-01
1054, 7.357317e-01, 1.509334e-01
1055, 8.499985e-01, 1.517198e-01
1056, 8.499388e-01, 2.119534e-01
1057, 8.499488e-01, 2.267367e-01
1058, 8.498158e-01, 4.093442e-01
1059, 8.499660e-01, 3.529940e-01
1060, 8.498920e-01, 5.043556e-01
1061, 8.499848e-01, 5.686732e-01
