1, 1.516483e-01, 3.874186e-01
2, 1.579797e-01, 2.543212e-01
3, 1.593735e-01, 8.123617e-01
4, 1.594280e-01, 2.770255e-01
5, 1.602711e-01, 6.541359e-01
6, 1.603963e-01, 4.283964e-01
7, 1.604653e-01, 4.343563e-01
8, 1.605767e-01, 6.770459e-01
9, 1.606661e-01, 4.549520e-01
10, 1.606680e-01, 3.016820e-01
11, 1.610987e-01, 6.819474e-01
12, 1.611629e-01, 8.104571e-01
13, 1.615099e-01, 2.560144e-01
14, 1.617541e-01, 2.790692e-01
15, 1.618990e-01, 5.011361e-01
16, 1.622630e-01, 6.562041e-01
17, 1.625697e-01, 4.569392e-01
18, 1.699962e-01, 4.097946e-01
19, 1.718565e-01, 2.120372e-01
20, 1.720046e-01, 3.893430e-01
21, 1.720531e-01, 5.671285e-01
22, 1.721747e-01, 4.128073e-01
23, 1.721776e-01, 7.662608e-01
24, 1.721830e-01, 3.655538e-01
25, 1.723221e-01, 1.878343e-01
26, 1.723596e-01, 7.704223e-01
27, 1.724616e-01, 5.891341e-01
28, 1.740355e-01, 3.674227e-01
29, 1.822824e-01, 8.339173e-01
30, 1.829904e-01, 2.575245e-01
31, 1.832256e-01, 6.097049e-01
32, 1.835516e-01, 6.562699e-01
33, 1.835687e-01, 2.540705e-01
34, 1.836115e-01, 4.999215e-01
35, 1.838280e-01, 3.219609e-01
36, 1.839468e-01, 8.095748e-01
37, 1.845535e-01, 3.249139e-01
38, 1.846026e-01, 4.792615e-01
39, 1.847154e-01, 7.901714e-01
40, 1.861533e-01, 6.131648e-01
41, 1.933701e-01, 1.657683e-01
42, 1.933802e-01, 5.667323e-01
43, 1.943789e-01, 3.457777e-01
44, 1.945994e-01, 7.203963e-01
45, 1.948515e-01, 7.022910e-01
46, 1.948769e-01, 2.095193e-01
47, 1.949129e-01, 5.445185e-01
48, 1.953931e-01, 7.451156e-01
49, 1.955564e-01, 5.924448e-01
50, 1.955647e-01, 2.322827e-01
51, 1.956317e-01, 2.359326e-01
52, 1.957774e-01, 5.689843e-01
53, 1.962637e-01, 6.956618e-01
54, 1.964709e-01, 7.002463e-01
55, 1.969053e-01, 1.673813e-01
56, 2.050503e-01, 6.131648e-01
57, 2.054853e-01, 6.585283e-01
58, 2.056611e-01, 3.200517e-01
59, 2.057681e-01, 3.006577e-01
60, 2.061133e-01, 8.127756e-01
61, 2.068162e-01, 2.782485e-01
62, 2.070166e-01, 6.099492e-01
63, 2.072867e-01, 4.559820e-01
64, 2.077637e-01, 6.560830e-01
65, 2.078738e-01, 3.030513e-01
66, 2.078894e-01, 8.108911e-01
67, 2.162056e-01, 7.445910e-01
68, 2.177187e-01, 5.922929e-01
69, 2.177224e-01, 2.102088e-01
70, 2.181085e-01, 5.460512e-01
71, 2.181190e-01, 7.466399e-01
72, 2.182562e-01, 3.892356e-01
73, 2.188985e-01, 7.219348e-01
74, 2.190416e-01, 1.627359e-01
75, 2.194837e-01, 1.678382e-01
76, 2.196286e-01, 2.125873e-01
77, 2.280217e-01, 6.788949e-01
78, 2.281786e-01, 8.087329e-01
79, 2.285821e-01, 6.323598e-01
80, 2.288558e-01, 4.545227e-01
81, 2.288801e-01, 5.017072e-01
82, 2.291268e-01, 4.332979e-01
83, 2.293986e-01, 3.231925e-01
84, 2.294735e-01, 3.265630e-01
85, 2.298543e-01, 6.065700e-01
86, 2.300066e-01, 6.117813e-01
87, 2.301044e-01, 8.341546e-01
88, 2.305589e-01, 6.778234e-01
89, 2.310316e-01, 3.211652e-01
90, 2.314498e-01, 8.118434e-01
91, 2.389698e-01, 6.986160e-01
92, 2.407663e-01, 2.137892e-01
93, 2.407881e-01, 5.232373e-01
94, 2.408283e-01, 5.895572e-01
95, 2.409819e-01, 2.351107e-01
96, 2.410138e-01, 3.664813e-01
97, 2.411370e-01, 5.203545e-01
98, 2.414932e-01, 1.901382e-01
99, 2.415723e-01, 3.894393e-01
100, 2.422118e-01, 5.872630e-01
101, 2.422971e-01, 7.004192e-01
102, 2.425829e-01, 2.331501e-01
103, 2.427132e-01, 2.117884e-01
104, 2.433087e-01, 1.882516e-01
105, 2.507944e-01, 8.354058e-01
106, 2.509722e-01, 3.242171e-01
107, 2.512032e-01, 4.784438e-01
108, 2.521122e-01, 8.099599e-01
109, 2.524350e-01, 2.522268e-01
110, 2.524749e-01, 2.786408e-01
111, 2.526760e-01, 7.900168e-01
112, 2.528431e-01, 4.555842e-01
113, 2.531510e-01, 8.334835e-01
114, 2.534591e-01, 6.327445e-01
115, 2.537788e-01, 6.124960e-01
116, 2.537892e-01, 3.247813e-01
117, 2.539336e-01, 8.118490e-01
118, 2.626796e-01, 3.907278e-01
119, 2.635252e-01, 5.434226e-01
120, 2.636529e-01, 3.666751e-01
121, 2.639190e-01, 7.465099e-01
122, 2.640379e-01, 5.665401e-01
123, 2.646286e-01, 3.451455e-01
124, 2.646416e-01, 4.108646e-01
125, 2.646769e-01, 7.222023e-01
126, 2.649565e-01, 1.630486e-01
127, 2.650632e-01, 1.668374e-01
128, 2.650770e-01, 2.366101e-01
129, 2.654729e-01, 3.686462e-01
130, 2.660502e-01, 7.444721e-01
131, 2.661341e-01, 4.131600e-01
132, 2.664228e-01, 5.685989e-01
133, 2.736342e-01, 8.355872e-01
134, 2.739473e-01, 3.029386e-01
135, 2.742587e-01, 5.000165e-01
136, 2.742602e-01, 4.789765e-01
137, 2.743149e-01, 3.224097e-01
138, 2.750853e-01, 8.115232e-01
139, 2.754169e-01, 2.557664e-01
140, 2.755410e-01, 4.559326e-01
141, 2.756583e-01, 7.899203e-01
142, 2.756861e-01, 6.338575e-01
143, 2.761950e-01, 6.126510e-01
144, 2.763039e-01, 2.787786e-01
145, 2.763662e-01, 8.329668e-01
146, 2.764105e-01, 3.249459e-01
147, 2.767645e-01, 5.015998e-01
148, 2.768326e-01, 8.096488e-01
149, 2.770122e-01, 3.001579e-01
150, 2.779123e-01, 6.803547e-01
151, 2.781576e-01, 7.881610e-01
152, 2.843654e-01, 6.983175e-01
153, 2.850649e-01, 5.661397e-01
154, 2.857176e-01, 3.688096e-01
155, 2.861929e-01, 2.348326e-01
156, 2.864692e-01, 7.460932e-01
157, 2.865620e-01, 1.676699e-01
158, 2.867532e-01, 3.907692e-01
159, 2.873208e-01, 2.122481e-01
160, 2.874124e-01, 1.634688e-01
161, 2.876520e-01, 5.683838e-01
162, 2.881038e-01, 3.415420e-01
163, 2.884357e-01, 2.326139e-01
164, 2.885210e-01, 3.890302e-01
165, 2.885534e-01, 3.656762e-01
166, 2.893421e-01, 5.870324e-01
167, 2.963109e-01, 3.027521e-01
168, 2.970402e-01, 6.787091e-01
169, 2.972169e-01, 4.576203e-01
170, 2.974205e-01, 3.206791e-01
171, 2.978139e-01, 6.573221e-01
172, 2.979913e-01, 8.110040e-01
173, 2.980350e-01, 7.893575e-01
174, 2.985320e-01, 4.997178e-01
175, 2.987571e-01, 4.798222e-01
176, 2.989360e-01, 7.825097e-01
177, 2.994986e-01, 2.999758e-01
178, 2.998380e-01, 6.772012e-01
179, 3.003225e-01, 4.547100e-01
180, 3.087284e-01, 7.003987e-01
181, 3.089293e-01, 3.903919e-01
182, 3.090439e-01, 5.908103e-01
183, 3.092504e-01, 7.453449e-01
184, 3.094260e-01, 4.109276e-01
185, 3.094625e-01, 2.349810e-01
186, 3.101679e-01, 5.453643e-01
187, 3.101756e-01, 2.129554e-01
188, 3.105312e-01, 5.884840e-01
189, 3.107789e-01, 1.650702e-01
190, 3.108621e-01, 1.894141e-01
191, 3.110312e-01, 5.662906e-01
192, 3.111394e-01, 3.676681e-01
193, 3.114584e-01, 2.326189e-01
194, 3.116463e-01, 6.998789e-01
195, 3.194931e-01, 6.786703e-01
196, 3.202728e-01, 2.561245e-01
197, 3.204033e-01, 4.777367e-01
198, 3.204258e-01, 2.528980e-01
199, 3.207624e-01, 6.342097e-01
200, 3.210885e-01, 8.331895e-01
201, 3.211352e-01, 4.556894e-01
202, 3.212421e-01, 3.201650e-01
203, 3.212553e-01, 3.016258e-01
204, 3.215346e-01, 3.244472e-01
205, 3.221672e-01, 6.775565e-01
206, 3.225189e-01, 4.795497e-01
207, 3.226716e-01, 2.591373e-01
208, 3.296146e-01, 5.902161e-01
209, 3.310609e-01, 1.896546e-01
210, 3.325078e-01, 2.384114e-01
211, 3.328155e-01, 2.330262e-01
212, 3.328988e-01, 7.230948e-01
213, 3.330038e-01, 5.678458e-01
214, 3.330298e-01, 1.879132e-01
215, 3.330410e-01, 3.440355e-01
216, 3.330923e-01, 3.414362e-01
217, 3.330962e-01, 3.904476e-01
218, 3.332212e-01, 3.667810e-01
219, 3.334474e-01, 7.658924e-01
220, 3.336200e-01, 7.691493e-01
221, 3.337263e-01, 2.118424e-01
222, 3.340433e-01, 5.433654e-01
223, 3.431525e-01, 8.318304e-01
224, 3.437648e-01, 6.115882e-01
225, 3.438511e-01, 4.565380e-01
226, 3.439846e-01, 4.782286e-01
227, 3.439851e-01, 8.108421e-01
228, 3.442121e-01, 6.562499e-01
229, 3.443188e-01, 6.070931e-01
230, 3.446519e-01, 2.793999e-01
231, 3.446641e-01, 4.332791e-01
232, 3.447883e-01, 3.007484e-01
233, 3.449509e-01, 7.899016e-01
234, 3.451548e-01, 8.338800e-01
235, 3.456837e-01, 7.854306e-01
236, 3.471444e-01, 2.768794e-01
237, 3.549833e-01, 1.892563e-01
238, 3.550752e-01, 3.665889e-01
239, 3.554838e-01, 3.904503e-01
240, 3.555817e-01, 5.932631e-01
241, 3.556752e-01, 5.893591e-01
242, 3.560112e-01, 7.451876e-01
243, 3.561830e-01, 4.117005e-01
244, 3.562365e-01, 7.679110e-01
245, 3.576523e-01, 5.869598e-01
246, 3.582940e-01, 7.647481e-01
247, 3.658393e-01, 3.236004e-01
248, 3.662333e-01, 2.787648e-01
249, 3.663239e-01, 4.996654e-01
250, 3.665011e-01, 4.557250e-01
251, 3.665303e-01, 4.342394e-01
252, 3.665389e-01, 8.345817e-01
253, 3.666745e-01, 4.286158e-01
254, 3.670335e-01, 4.780227e-01
255, 3.672783e-01, 7.897044e-01
256, 3.673602e-01, 6.551970e-01
257, 3.674455e-01, 6.121293e-01
258, 3.675702e-01, 2.547004e-01
259, 3.676458e-01, 7.860903e-01
260, 3.677835e-01, 8.114824e-01
261, 3.678911e-01, 6.074056e-01
262, 3.683402e-01, 3.205790e-01
263, 3.687729e-01, 2.765915e-01
264, 3.690253e-01, 5.013368e-01
265, 3.698706e-01, 2.579291e-01
266, 3.777279e-01, 4.094338e-01
267, 3.778077e-01, 3.455760e-01
268, 3.778912e-01, 7.661566e-01
269, 3.780881e-01, 3.672618e-01
270, 3.784550e-01, 5.905526e-01
271, 3.784573e-01, 3.424926e-01
272, 3.786263e-01, 7.002170e-01
273, 3.787300e-01, 6.958210e-01
274, 3.789837e-01, 7.435494e-01
275, 3.790102e-01, 3.891002e-01
276, 3.791679e-01, 1.892469e-01
277, 3.791990e-01, 5.447756e-01
278, 3.794145e-01, 2.387657e-01
279, 3.794935e-01, 1.630447e-01
280, 3.803794e-01, 5.873330e-01
281, 3.808342e-01, 7.678840e-01
282, 3.808671e-01, 7.454810e-01
283, 3.880384e-01, 3.251141e-01
284, 3.882450e-01, 4.337787e-01
285, 3.900708e-01, 6.078800e-01
286, 3.902927e-01, 6.812678e-01
287, 3.904514e-01, 6.322056e-01
288, 3.906968e-01, 4.363781e-01
289, 3.910096e-01, 2.996004e-01
290, 3.914491e-01, 3.238534e-01
291, 3.992162e-01, 2.350070e-01
292, 4.014970e-01, 7.458570e-01
293, 4.015064e-01, 3.903789e-01
294, 4.018660e-01, 5.672261e-01
295, 4.018760e-01, 1.891074e-01
296, 4.022141e-01, 7.222961e-01
297, 4.023158e-01, 4.113258e-01
298, 4.023979e-01, 2.124952e-01
299, 4.024917e-01, 4.138105e-01
300, 4.025142e-01, 5.899041e-01
301, 4.029108e-01, 2.331296e-01
302, 4.031498e-01, 5.232665e-01
303, 4.040844e-01, 5.692275e-01
304, 4.116706e-01, 7.886462e-01
305, 4.117777e-01, 7.858318e-01
306, 4.123684e-01, 3.245468e-01
307, 4.126582e-01, 6.549982e-01
308, 4.127761e-01, 2.766145e-01
309, 4.130789e-01, 8.109137e-01
310, 4.132894e-01, 4.792482e-01
311, 4.133956e-01, 7.905343e-01
312, 4.134348e-01, 6.109449e-01
313, 4.136158e-01, 4.561253e-01
314, 4.136781e-01, 3.008281e-01
315, 4.146401e-01, 6.569496e-01
316, 4.149008e-01, 2.785288e-01
317, 4.149623e-01, 3.234262e-01
318, 4.234757e-01, 5.454397e-01
319, 4.242505e-01, 5.670704e-01
320, 4.243902e-01, 3.666298e-01
321, 4.247939e-01, 1.888811e-01
322, 4.250826e-01, 7.447394e-01
323, 4.254049e-01, 7.222379e-01
324, 4.254397e-01, 2.337007e-01
325, 4.257281e-01, 4.112443e-01
326, 4.257652e-01, 5.433728e-01
327, 4.258938e-01, 4.158835e-01
328, 4.263346e-01, 2.381938e-01
329, 4.351420e-01, 4.361105e-01
330, 4.351804e-01, 7.890378e-01
331, 4.354758e-01, 8.125006e-01
332, 4.355219e-01, 2.583090e-01
333, 4.357158e-01, 8.333732e-01
334, 4.358648e-01, 2.765118e-01
335, 4.361765e-01, 6.567637e-01
336, 4.365970e-01, 6.777036e-01
337, 4.367924e-01, 4.784229e-01
338, 4.369946e-01, 6.802387e-01
339, 4.370829e-01, 2.999858e-01
340, 4.371679e-01, 2.513335e-01
341, 4.372161e-01, 4.334410e-01
342, 4.373815e-01, 2.557899e-01
343, 4.374827e-01, 7.880588e-01
344, 4.375596e-01, 8.102262e-01
345, 4.381521e-01, 6.547862e-01
346, 4.397037e-01, 4.322784e-01
347, 4.467495e-01, 3.454764e-01
348, 4.473882e-01, 7.658328e-01
349, 4.474022e-01, 1.897024e-01
350, 4.474813e-01, 7.230538e-01
351, 4.477395e-01, 2.125041e-01
352, 4.481300e-01, 5.445592e-01
353, 4.488885e-01, 7.445800e-01
354, 4.490454e-01, 6.975846e-01
355, 4.491769e-01, 7.001818e-01
356, 4.510598e-01, 3.433986e-01
357, 4.573603e-01, 3.231757e-01
358, 4.579943e-01, 2.770931e-01
359, 4.588302e-01, 8.101714e-01
360, 4.589813e-01, 8.344179e-01
361, 4.593703e-01, 3.006966e-01
362, 4.595948e-01, 4.544322e-01
363, 4.598916e-01, 4.797741e-01
364, 4.599971e-01, 2.789524e-01
365, 4.617854e-01, 3.245761e-01
366, 4.697344e-01, 5.892672e-01
367, 4.698560e-01, 3.665410e-01
368, 4.699722e-01, 1.888504e-01
369, 4.701163e-01, 7.672996e-01
370, 4.701227e-01, 3.448337e-01
371, 4.702915e-01, 7.698163e-01
372, 4.703792e-01, 5.449842e-01
373, 4.706018e-01, 7.453816e-01
374, 4.711568e-01, 1.631876e-01
375, 4.712192e-01, 2.336257e-01
376, 4.713160e-01, 5.683682e-01
377, 4.716494e-01, 7.651524e-01
378, 4.718265e-01, 2.361115e-01
379, 4.719091e-01, 2.108663e-01
380, 4.724689e-01, 5.899046e-01
381, 4.800693e-01, 5.014408e-01
382, 4.801468e-01, 2.771255e-01
383, 4.810409e-01, 2.568862e-01
384, 4.818117e-01, 4.559247e-01
385, 4.818552e-01, 6.341722e-01
386, 4.821751e-01, 6.111858e-01
387, 4.822622e-01, 2.792688e-01
388, 4.826593e-01, 7.866137e-01
389, 4.826834e-01, 7.893809e-01
390, 4.833627e-01, 4.326795e-01
391, 4.834096e-01, 4.997571e-01
392, 4.837365e-01, 3.206964e-01
393, 4.844960e-01, 2.557780e-01
394, 4.910334e-01, 2.344525e-01
395, 4.922600e-01, 5.219185e-01
396, 4.923539e-01, 1.692309e-01
397, 4.924837e-01, 4.119818e-01
398, 4.931925e-01, 3.905246e-01
399, 4.934033e-01, 5.452605e-01
400, 4.935601e-01, 7.227293e-01
401, 4.937409e-01, 2.330988e-01
402, 4.937645e-01, 1.896266e-01
403, 4.937886e-01, 3.667167e-01
404, 4.938484e-01, 5.931253e-01
405, 4.939760e-01, 3.443083e-01
406, 4.943398e-01, 5.682939e-01
407, 4.945930e-01, 5.240450e-01
408, 4.952130e-01, 7.208809e-01
409, 4.960164e-01, 4.126481e-01
410, 5.039022e-01, 4.990858e-01
411, 5.045434e-01, 6.572541e-01
412, 5.046753e-01, 2.776562e-01
413, 5.048049e-01, 6.792898e-01
414, 5.048857e-01, 2.993938e-01
415, 5.050261e-01, 8.332480e-01
416, 5.054435e-01, 8.112551e-01
417, 5.054963e-01, 5.011847e-01
418, 5.054979e-01, 7.840729e-01
419, 5.055053e-01, 7.894211e-01
420, 5.066651e-01, 3.011491e-01
421, 5.083491e-01, 4.325853e-01
422, 5.145938e-01, 1.670565e-01
423, 5.157968e-01, 4.116554e-01
424, 5.158929e-01, 2.110109e-01
425, 5.159700e-01, 5.229809e-01
426, 5.159821e-01, 5.910061e-01
427, 5.160764e-01, 3.450868e-01
428, 5.161479e-01, 5.938420e-01
429, 5.162672e-01, 1.889429e-01
430, 5.163924e-01, 3.673421e-01
431, 5.165314e-01, 2.330872e-01
432, 5.165499e-01, 3.899947e-01
433, 5.166128e-01, 6.994481e-01
434, 5.166943e-01, 6.967210e-01
435, 5.167177e-01, 7.659349e-01
436, 5.167703e-01, 1.682900e-01
437, 5.169040e-01, 7.452252e-01
438, 5.169265e-01, 5.192744e-01
439, 5.170345e-01, 5.456883e-01
440, 5.171984e-01, 7.705673e-01
441, 5.174990e-01, 5.667283e-01
442, 5.180755e-01, 4.085588e-01
443, 5.182787e-01, 5.883037e-01
444, 5.184808e-01, 7.017192e-01
445, 5.188852e-01, 2.347588e-01
446, 5.196764e-01, 3.432256e-01
447, 5.200502e-01, 1.666116e-01
448, 5.271076e-01, 2.772492e-01
449, 5.271216e-01, 6.571227e-01
450, 5.272722e-01, 6.340759e-01
451, 5.280700e-01, 7.889432e-01
452, 5.282081e-01, 4.342069e-01
453, 5.282122e-01, 5.051911e-01
454, 5.282742e-01, 7.864472e-01
455, 5.282932e-01, 4.786273e-01
456, 5.283776e-01, 3.218740e-01
457, 5.284796e-01, 4.551505e-01
458, 5.286932e-01, 6.811151e-01
459, 5.287328e-01, 4.296571e-01
460, 5.287500e-01, 4.988988e-01
461, 5.287858e-01, 6.075527e-01
462, 5.291320e-01, 6.126209e-01
463, 5.382433e-01, 5.244940e-01
464, 5.385263e-01, 3.663042e-01
465, 5.391546e-01, 5.200827e-01
466, 5.392368e-01, 3.443191e-01
467, 5.394387e-01, 5.432841e-01
468, 5.398187e-01, 3.881373e-01
469, 5.400022e-01, 7.696334e-01
470, 5.400248e-01, 2.120572e-01
471, 5.406514e-01, 3.683422e-01
472, 5.407595e-01, 7.218062e-01
473, 5.409889e-01, 1.898258e-01
474, 5.492709e-01, 3.245431e-01
475, 5.498157e-01, 7.912186e-01
476, 5.498740e-01, 6.562184e-01
477, 5.500151e-01, 5.023554e-01
478, 5.508856e-01, 8.327644e-01
479, 5.509492e-01, 8.109861e-01
480, 5.513990e-01, 2.526159e-01
481, 5.514508e-01, 2.776315e-01
482, 5.514800e-01, 2.569824e-01
483, 5.516869e-01, 3.006248e-01
484, 5.518069e-01, 6.581200e-01
485, 5.524978e-01, 4.544355e-01
486, 5.531078e-01, 8.352187e-01
487, 5.532802e-01, 4.980602e-01
488, 5.612344e-01, 2.137583e-01
489, 5.623028e-01, 5.441159e-01
490, 5.623281e-01, 5.186640e-01
491, 5.625888e-01, 5.221514e-01
492, 5.627463e-01, 7.672802e-01
493, 5.630800e-01, 5.676534e-01
494, 5.634952e-01, 7.214130e-01
495, 5.637516e-01, 2.110487e-01
496, 5.638725e-01, 3.905632e-01
497, 5.639363e-01, 2.369297e-01
498, 5.643938e-01, 7.448650e-01
499, 5.731434e-01, 8.352014e-01
500, 5.731680e-01, 8.109640e-01
501, 5.732705e-01, 6.794385e-01
502, 5.733314e-01, 6.820146e-01
503, 5.734334e-01, 4.326996e-01
504, 5.740163e-01, 3.010792e-01
505, 5.743459e-01, 6.561715e-01
506, 5.744617e-01, 4.768704e-01
507, 5.748469e-01, 6.772356e-01
508, 5.750492e-01, 2.780624e-01
509, 5.751522e-01, 8.330665e-01
510, 5.760086e-01, 4.354721e-01
511, 5.775940e-01, 6.112776e-01
512, 5.843183e-01, 2.336697e-01
513, 5.846319e-01, 1.674110e-01
514, 5.846517e-01, 3.897807e-01
515, 5.850319e-01, 5.681055e-01
516, 5.850568e-01, 7.681636e-01
517, 5.850918e-01, 2.366907e-01
518, 5.854201e-01, 2.118292e-01
519, 5.857980e-01, 3.447738e-01
520, 5.858464e-01, 3.418493e-01
521, 5.858854e-01, 7.449886e-01
522, 5.859342e-01, 5.438038e-01
523, 5.864633e-01, 7.009045e-01
524, 5.866872e-01, 6.951589e-01
525, 5.871254e-01, 3.921465e-01
526, 5.872069e-01, 4.097977e-01
527, 5.873529e-01, 1.671014e-01
528, 5.956288e-01, 7.899215e-01
529, 5.956892e-01, 6.135031e-01
530, 5.960970e-01, 4.767977e-01
531, 5.965566e-01, 8.337045e-01
532, 5.965672e-01, 3.256480e-01
533, 5.965761e-01, 3.222768e-01
534, 5.970573e-01, 4.990596e-01
535, 5.970706e-01, 8.101675e-01
536, 5.972925e-01, 5.025984e-01
537, 5.973957e-01, 6.336145e-01
538, 5.975638e-01, 6.113510e-01
539, 5.976139e-01, 4.558403e-01
540, 5.978072e-01, 6.085572e-01
541, 5.982274e-01, 7.864959e-01
542, 5.983011e-01, 2.528216e-01
543, 5.984051e-01, 4.792868e-01
544, 6.072166e-01, 3.674219e-01
545, 6.072640e-01, 1.679145e-01
546, 6.072963e-01, 2.120105e-01
547, 6.075028e-01, 7.459243e-01
548, 6.077902e-01, 1.635540e-01
549, 6.078358e-01, 2.325594e-01
550, 6.082160e-01, 7.666010e-01
551, 6.082871e-01, 5.882935e-01
552, 6.083376e-01, 5.443363e-01
553, 6.084002e-01, 2.380522e-01
554, 6.084073e-01, 3.894353e-01
555, 6.086023e-01, 1.893203e-01
556, 6.089364e-01, 5.236153e-01
557, 6.090230e-01, 5.947917e-01
558, 6.091792e-01, 7.218864e-01
559, 6.092320e-01, 5.169287e-01
560, 6.174193e-01, 3.240147e-01
561, 6.182117e-01, 8.105735e-01
562, 6.189513e-01, 8.349488e-01
563, 6.189527e-01, 3.009344e-01
564, 6.191398e-01, 2.804471e-01
565, 6.194473e-01, 6.574114e-01
566, 6.197157e-01, 7.886267e-01
567, 6.200315e-01, 2.570124e-01
568, 6.201848e-01, 4.775630e-01
569, 6.202452e-01, 3.224169e-01
570, 6.202474e-01, 6.126009e-01
571, 6.202826e-01, 2.516145e-01
572, 6.205584e-01, 6.084724e-01
573, 6.205831e-01, 6.320146e-01
574, 6.217301e-01, 2.778820e-01
575, 6.221665e-01, 4.795729e-01
576, 6.294509e-01, 4.128222e-01
577, 6.306678e-01, 5.219435e-01
578, 6.308185e-01, 1.900646e-01
579, 6.313821e-01, 2.337363e-01
580, 6.314360e-01, 2.383110e-01
581, 6.314404e-01, 1.676592e-01
582, 6.314955e-01, 2.120150e-01
583, 6.315589e-01, 3.679591e-01
584, 6.316123e-01, 3.896562e-01
585, 6.321700e-01, 4.115620e-01
586, 6.335482e-01, 3.658906e-01
587, 6.339391e-01, 1.660307e-01
588, 6.415630e-01, 4.801148e-01
589, 6.420799e-01, 3.222557e-01
590, 6.423057e-01, 3.249442e-01
591, 6.423315e-01, 2.565474e-01
592, 6.426951e-01, 6.333904e-01
593, 6.430188e-01, 6.561427e-01
594, 6.431021e-01, 8.333433e-01
595, 6.433022e-01, 3.013045e-01
596, 6.433457e-01, 2.779854e-01
597, 6.435329e-01, 8.110272e-01
598, 6.436369e-01, 2.535653e-01
599, 6.438933e-01, 3.196078e-01
600, 6.441838e-01, 4.777744e-01
601, 6.534965e-01, 5.221704e-01
602, 6.536066e-01, 7.454590e-01
603, 6.537294e-01, 5.424275e-01
604, 6.537818e-01, 3.437149e-01
605, 6.538581e-01, 3.387667e-01
606, 6.542761e-01, 2.123635e-01
607, 6.546028e-01, 7.662448e-01
608, 6.546574e-01, 7.712396e-01
609, 6.546929e-01, 2.332113e-01
610, 6.547675e-01, 2.357089e-01
611, 6.549117e-01, 1.681313e-01
612, 6.550374e-01, 7.207814e-01
613, 6.552803e-01, 1.891756e-01
614, 6.554182e-01, 1.633691e-01
615, 6.556887e-01, 4.161222e-01
616, 6.558457e-01, 7.432557e-01
617, 6.559183e-01, 3.463842e-01
618, 6.561992e-01, 5.447951e-01
619, 6.562604e-01, 5.211842e-01
620, 6.650664e-01, 5.035723e-01
621, 6.655992e-01, 6.788146e-01
622, 6.656868e-01, 8.117415e-01
623, 6.658899e-01, 6.813772e-01
624, 6.659677e-01, 3.262610e-01
625, 6.660883e-01, 3.224274e-01
626, 6.661281e-01, 4.802199e-01
627, 6.664050e-01, 2.515342e-01
628, 6.664896e-01, 4.555309e-01
629, 6.665932e-01, 4.351133e-01
630, 6.666013e-01, 6.332665e-01
631, 6.669229e-01, 6.766013e-01
632, 6.670450e-01, 6.090237e-01
633, 6.670977e-01, 4.302377e-01
634, 6.672024e-01, 8.339625e-01
635, 6.672623e-01, 2.994516e-01
636, 6.673835e-01, 6.131215e-01
637, 6.678504e-01, 8.098163e-01
638, 6.764721e-01, 5.445368e-01
639, 6.765201e-01, 7.668924e-01
640, 6.767735e-01, 3.914912e-01
641, 6.771234e-01, 3.678627e-01
642, 6.772681e-01, 1.897743e-01
643, 6.773535e-01, 7.213021e-01
644, 6.776524e-01, 2.363908e-01
645, 6.777470e-01, 2.129337e-01
646, 6.785431e-01, 3.895752e-01
647, 6.785914e-01, 3.466660e-01
648, 6.788890e-01, 5.180206e-01
649, 6.793282e-01, 6.949514e-01
650, 6.796636e-01, 7.006895e-01
651, 6.877667e-01, 5.025998e-01
652, 6.883868e-01, 4.780242e-01
653, 6.885863e-01, 3.008128e-01
654, 6.886434e-01, 8.318878e-01
655, 6.888858e-01, 4.328723e-01
656, 6.890257e-01, 6.346995e-01
657, 6.892331e-01, 6.562057e-01
658, 6.892552e-01, 4.559076e-01
659, 6.893737e-01, 7.882674e-01
660, 6.894104e-01, 7.857262e-01
661, 6.897923e-01, 2.783266e-01
662, 6.899259e-01, 5.005874e-01
663, 6.899401e-01, 6.797879e-01
664, 6.908070e-01, 8.340644e-01
665, 6.910217e-01, 6.328457e-01
666, 6.913121e-01, 4.806996e-01
667, 6.978744e-01, 1.661434e-01
668, 6.987434e-01, 7.241270e-01
669, 6.994557e-01, 5.881890e-01
670, 6.999660e-01, 5.666791e-01
671, 7.000915e-01, 3.903708e-01
672, 7.004773e-01, 7.013809e-01
673, 7.006276e-01, 5.434582e-01
674, 7.007802e-01, 2.109460e-01
675, 7.010726e-01, 7.702382e-01
676, 7.012288e-01, 7.652647e-01
677, 7.019280e-01, 7.209105e-01
678, 7.020573e-01, 6.994274e-01
679, 7.032145e-01, 2.133770e-01
680, 7.039196e-01, 2.354170e-01
681, 7.106014e-01, 7.911723e-01
682, 7.106078e-01, 4.330773e-01
683, 7.111060e-01, 4.561829e-01
684, 7.111703e-01, 2.765540e-01
685, 7.115804e-01, 4.794180e-01
686, 7.121504e-01, 3.249895e-01
687, 7.122051e-01, 8.345700e-01
688, 7.131513e-01, 7.874668e-01
689, 7.135780e-01, 4.325116e-01
690, 7.138440e-01, 2.789178e-01
691, 7.222264e-01, 3.669261e-01
692, 7.232402e-01, 5.676729e-01
693, 7.232746e-01, 1.892510e-01
694, 7.232846e-01, 4.115746e-01
695, 7.233028e-01, 7.226650e-01
696, 7.235486e-01, 7.432502e-01
697, 7.237005e-01, 2.352226e-01
698, 7.238137e-01, 1.636651e-01
699, 7.239023e-01, 2.130153e-01
700, 7.241438e-01, 7.002983e-01
701, 7.251499e-01, 7.644953e-01
702, 7.253566e-01, 2.328885e-01
703, 7.255449e-01, 7.451991e-01
704, 7.340422e-01, 4.554796e-01
705, 7.342143e-01, 6.334119e-01
706, 7.343471e-01, 4.347572e-01
707, 7.344761e-01, 3.213146e-01
708, 7.345671e-01, 4.783485e-01
709, 7.348664e-01, 6.099661e-01
710, 7.351201e-01, 8.100182e-01
711, 7.352891e-01, 5.003528e-01
712, 7.354691e-01, 3.236039e-01
713, 7.355421e-01, 7.885818e-01
714, 7.357317e-01, 7.858524e-01
715, 7.362143e-01, 4.326550e-01
716, 7.368692e-01, 6.122980e-01
717, 7.456248e-01, 2.117015e-01
718, 7.459427e-01, 3.645726e-01
719, 7.464872e-01, 5.902081e-01
720, 7.466836e-01, 5.669210e-01
721, 7.467916e-01, 7.005139e-01
722, 7.469710e-01, 4.113421e-01
723, 7.471203e-01, 5.436335e-01
724, 7.476474e-01, 1.902651e-01
725, 7.486773e-01, 7.657972e-01
726, 7.490783e-01, 3.677450e-01
727, 7.563867e-01, 2.788969e-01
728, 7.563989e-01, 6.567323e-01
729, 7.573562e-01, 4.348045e-01
730, 7.575361e-01, 8.104263e-01
731, 7.576841e-01, 8.341410e-01
732, 7.579039e-01, 3.228855e-01
733, 7.580045e-01, 4.786530e-01
734, 7.580306e-01, 3.262055e-01
735, 7.582101e-01, 4.559541e-01
736, 7.582309e-01, 6.331223e-01
737, 7.582531e-01, 4.309415e-01
738, 7.583376e-01, 4.989114e-01
739, 7.583888e-01, 2.555180e-01
740, 7.583938e-01, 6.550129e-01
741, 7.589119e-01, 5.015011e-01
742, 7.591409e-01, 2.763053e-01
743, 7.608546e-01, 6.788221e-01
744, 7.673787e-01, 7.009604e-01
745, 7.680028e-01, 4.101126e-01
746, 7.683297e-01, 6.957322e-01
747, 7.686905e-01, 7.708833e-01
748, 7.693580e-01, 1.894397e-01
749, 7.697969e-01, 4.126652e-01
750, 7.700344e-01, 3.665555e-01
751, 7.702808e-01, 1.622298e-01
752, 7.714173e-01, 3.901858e-01
753, 7.795000e-01, 6.753571e-01
754, 7.796390e-01, 8.336709e-01
755, 7.801100e-01, 4.789633e-01
756, 7.802487e-01, 4.328660e-01
757, 7.802553e-01, 2.997561e-01
758, 7.806465e-01, 3.231797e-01
759, 7.807193e-01, 2.785607e-01
760, 7.807285e-01, 8.111845e-01
761, 7.811233e-01, 6.336645e-01
762, 7.819499e-01, 4.553031e-01
763, 7.822662e-01, 4.769339e-01
764, 7.824722e-01, 3.019151e-01
765, 7.826815e-01, 4.321040e-01
766, 7.826957e-01, 3.246201e-01
767, 7.892564e-01, 1.655187e-01
768, 7.908321e-01, 5.659490e-01
769, 7.910267e-01, 7.221662e-01
770, 7.911197e-01, 7.698909e-01
771, 7.917205e-01, 1.666712e-01
772, 7.918355e-01, 3.908531e-01
773, 7.924771e-01, 1.897568e-01
774, 7.925653e-01, 2.120054e-01
775, 7.931788e-01, 5.679405e-01
776, 7.938522e-01, 1.691805e-01
777, 8.026061e-01, 6.771099e-01
778, 8.030173e-01, 4.323635e-01
779, 8.031085e-01, 3.018239e-01
780, 8.032255e-01, 7.906501e-01
781, 8.033304e-01, 6.121378e-01
782, 8.043169e-01, 6.568534e-01
783, 8.049321e-01, 3.263874e-01
784, 8.049795e-01, 3.227340e-01
785, 8.056131e-01, 6.108164e-01
786, 8.070479e-01, 4.314333e-01
787, 8.137570e-01, 3.910089e-01
788, 8.142885e-01, 1.677741e-01
789, 8.144117e-01, 5.445803e-01
790, 8.144333e-01, 3.656885e-01
791, 8.145136e-01, 5.661291e-01
792, 8.146169e-01, 7.217858e-01
793, 8.147561e-01, 1.649127e-01
794, 8.148546e-01, 5.246516e-01
795, 8.151805e-01, 2.341650e-01
796, 8.152100e-01, 1.898790e-01
797, 8.153510e-01, 7.656853e-01
798, 8.155084e-01, 5.891458e-01
799, 8.160543e-01, 3.886858e-01
800, 8.163316e-01, 5.678650e-01
801, 8.172736e-01, 5.216238e-01
802, 8.183018e-01, 4.122692e-01
803, 8.249362e-01, 2.575686e-01
804, 8.260161e-01, 4.548269e-01
805, 8.260233e-01, 6.565560e-01
806, 8.260248e-01, 4.343092e-01
807, 8.264942e-01, 8.333289e-01
808, 8.265704e-01, 2.780052e-01
809, 8.266745e-01, 4.786090e-01
810, 8.267329e-01, 7.894973e-01
811, 8.267509e-01, 6.784252e-01
812, 8.268192e-01, 6.320341e-01
813, 8.269804e-01, 8.100361e-01
814, 8.270331e-01, 7.862079e-01
815, 8.273461e-01, 2.544479e-01
816, 8.274004e-01, 3.001533e-01
817, 8.282481e-01, 4.983874e-01
818, 8.371033e-01, 3.889234e-01
819, 8.381894e-01, 4.108307e-01
820, 8.381960e-01, 6.994366e-01
821, 8.383916e-01, 5.894059e-01
822, 8.386303e-01, 2.338340e-01
823, 8.389086e-01, 3.910488e-01
824, 8.389132e-01, 7.682264e-01
825, 8.389698e-01, 4.152060e-01
826, 8.389741e-01, 5.926277e-01
827, 8.393347e-01, 7.212109e-01
828, 8.394406e-01, 3.671341e-01
829, 1.728511e-01, 1.662163e-01
830, 3.558128e-01, 1.662980e-01
831, 4.938701e-01, 1.659088e-01
832, 5.624724e-01, 1.654494e-01
833, 2.416764e-01, 1.664232e-01
834, 3.106100e-01, 1.682473e-01
835, 3.332122e-01, 1.663715e-01
836, 3.794696e-01, 1.675431e-01
837, 4.011937e-01, 1.676939e-01
838, 4.251835e-01, 1.661958e-01
839, 4.482981e-01, 1.671591e-01
840, 4.710918e-01, 1.690446e-01
841, 5.400604e-01, 1.665318e-01
842, 6.774150e-01, 1.665629e-01
843, 7.015514e-01, 1.671040e-01
844, 7.243958e-01, 1.692895e-01
845, 7.467197e-01, 1.669869e-01
846, 7.706150e-01, 1.684545e-01
847, 8.389333e-01, 1.674540e-01
848, 1.953357e-01, 1.878815e-01
849, 2.195923e-01, 1.897370e-01
850, 2.639729e-01, 1.893214e-01
851, 2.880212e-01, 1.898401e-01
852, 5.619879e-01, 1.890859e-01
853, 5.847136e-01, 1.890785e-01
854, 7.004114e-01, 1.894530e-01
855, 8.382482e-01, 1.890854e-01
856, 2.649444e-01, 2.119554e-01
857, 3.558620e-01, 2.112730e-01
858, 3.785711e-01, 2.117272e-01
859, 4.251588e-01, 2.119463e-01
860, 4.924726e-01, 2.116031e-01
861, 7.697610e-01, 2.128782e-01
862, 8.151076e-01, 2.126538e-01
863, 8.376604e-01, 2.119589e-01
864, 2.170191e-01, 2.334885e-01
865, 2.648723e-01, 2.333356e-01
866, 3.558298e-01, 2.349236e-01
867, 3.792810e-01, 2.340882e-01
868, 4.495575e-01, 2.340929e-01
869, 5.637914e-01, 2.335076e-01
870, 5.396965e-01, 2.357175e-01
871, 6.784586e-01, 2.326628e-01
872, 7.690059e-01, 2.326104e-01
873, 1.725408e-01, 2.348027e-01
874, 2.052831e-01, 2.550762e-01
875, 4.589462e-01, 2.551255e-01
876, 6.995768e-01, 2.337177e-01
877, 7.467252e-01, 2.353060e-01
878, 7.349824e-01, 2.556379e-01
879, 7.920042e-01, 2.336592e-01
880, 8.036116e-01, 2.554810e-01
881, 2.288531e-01, 2.551253e-01
882, 2.529958e-01, 2.563837e-01
883, 2.982421e-01, 2.560065e-01
884, 3.442641e-01, 2.573216e-01
885, 3.920013e-01, 2.561336e-01
886, 4.130126e-01, 2.551072e-01
887, 5.037076e-01, 2.558578e-01
888, 5.281323e-01, 2.569197e-01
889, 5.743140e-01, 2.567005e-01
890, 5.988522e-01, 2.570730e-01
891, 6.668467e-01, 2.570294e-01
892, 6.891225e-01, 2.555126e-01
893, 7.112373e-01, 2.561008e-01
894, 7.810358e-01, 2.550910e-01
895, 1.832059e-01, 2.780804e-01
896, 2.289449e-01, 2.777480e-01
897, 2.987381e-01, 2.774889e-01
898, 3.217447e-01, 2.786540e-01
899, 3.910215e-01, 2.786634e-01
900, 5.975171e-01, 2.779286e-01
901, 6.655537e-01, 2.772268e-01
902, 7.343596e-01, 2.771889e-01
903, 8.031459e-01, 2.782854e-01
904, 1.832200e-01, 3.000536e-01
905, 2.293470e-01, 3.016984e-01
906, 2.524851e-01, 3.007342e-01
907, 3.679313e-01, 3.017909e-01
908, 4.820310e-01, 3.014651e-01
909, 5.291024e-01, 3.014009e-01
910, 5.970840e-01, 3.017140e-01
911, 7.117522e-01, 3.007540e-01
912, 7.355805e-01, 3.012612e-01
913, 7.579488e-01, 3.004757e-01
914, 4.819389e-01, 3.242365e-01
915, 5.522256e-01, 3.229709e-01
916, 5.737997e-01, 3.226521e-01
917, 6.897082e-01, 3.233385e-01
918, 7.123907e-01, 3.214686e-01
919, 8.272139e-01, 3.230541e-01
920, 1.616661e-01, 3.234972e-01
921, 2.084999e-01, 3.234019e-01
922, 1.962139e-01, 3.425996e-01
923, 2.175017e-01, 3.448131e-01
924, 3.005503e-01, 3.233614e-01
925, 3.450372e-01, 3.232673e-01
926, 4.377185e-01, 3.230250e-01
927, 5.061732e-01, 3.235629e-01
928, 6.315522e-01, 3.443347e-01
929, 6.765772e-01, 3.433047e-01
930, 7.228932e-01, 3.438963e-01
931, 7.461165e-01, 3.448326e-01
932, 7.693109e-01, 3.442782e-01
933, 7.920173e-01, 3.433875e-01
934, 1.732382e-01, 3.450095e-01
935, 2.405923e-01, 3.452135e-01
936, 3.094628e-01, 3.435757e-01
937, 2.882025e-01, 3.461721e-01
938, 3.564159e-01, 3.443528e-01
939, 4.019925e-01, 3.449616e-01
940, 4.258885e-01, 3.449771e-01
941, 5.620702e-01, 3.450933e-01
942, 6.096537e-01, 3.437974e-01
943, 6.999265e-01, 3.450472e-01
944, 8.158819e-01, 3.447185e-01
945, 8.391882e-01, 3.441004e-01
946, 1.946677e-01, 3.672602e-01
947, 2.167027e-01, 3.678797e-01
948, 4.021357e-01, 3.660067e-01
949, 4.482964e-01, 3.659897e-01
950, 5.630244e-01, 3.661615e-01
951, 5.868245e-01, 3.665487e-01
952, 6.552517e-01, 3.672046e-01
953, 7.008544e-01, 3.675215e-01
954, 7.932358e-01, 3.659122e-01
955, 1.939067e-01, 3.906161e-01
956, 4.257788e-01, 3.883213e-01
957, 4.474277e-01, 3.895818e-01
958, 4.707671e-01, 3.889670e-01
959, 6.549718e-01, 3.904981e-01
960, 7.240894e-01, 3.888243e-01
961, 7.461221e-01, 3.887995e-01
962, 1.952611e-01, 4.117510e-01
963, 2.179719e-01, 4.114831e-01
964, 3.328904e-01, 4.121656e-01
965, 3.809624e-01, 4.143798e-01
966, 4.705749e-01, 4.122387e-01
967, 5.401522e-01, 4.117943e-01
968, 5.851002e-01, 4.134975e-01
969, 6.086144e-01, 4.133086e-01
970, 6.550738e-01, 4.112112e-01
971, 7.007501e-01, 4.109541e-01
972, 2.064837e-01, 4.325015e-01
973, 2.419981e-01, 4.128746e-01
974, 2.527633e-01, 4.334009e-01
975, 2.863119e-01, 4.121484e-01
976, 3.217678e-01, 4.323366e-01
977, 4.468402e-01, 4.114466e-01
978, 5.623352e-01, 4.115438e-01
979, 6.433064e-01, 4.333196e-01
980, 6.788052e-01, 4.123493e-01
981, 7.929359e-01, 4.125168e-01
982, 8.146233e-01, 4.118157e-01
983, 1.827637e-01, 4.331924e-01
984, 2.757908e-01, 4.347468e-01
985, 2.993258e-01, 4.327206e-01
986, 4.130861e-01, 4.321892e-01
987, 4.595045e-01, 4.333506e-01
988, 5.049233e-01, 4.332211e-01
989, 5.513701e-01, 4.341037e-01
990, 5.965290e-01, 4.332492e-01
991, 6.199577e-01, 4.336609e-01
992, 1.842085e-01, 4.543725e-01
993, 3.906722e-01, 4.554462e-01
994, 4.367579e-01, 4.562541e-01
995, 5.045415e-01, 4.559798e-01
996, 5.733345e-01, 4.558058e-01
997, 6.201533e-01, 4.557676e-01
998, 6.428734e-01, 4.553291e-01
999, 8.038899e-01, 4.550960e-01
1000, 1.611825e-01, 4.780873e-01
1001, 2.064882e-01, 4.780787e-01
1002, 2.293989e-01, 4.794444e-01
1003, 3.904057e-01, 4.794173e-01
1004, 4.813524e-01, 4.794669e-01
1005, 5.060916e-01, 4.779673e-01
1006, 5.521483e-01, 4.791354e-01
1007, 8.041423e-01, 4.797856e-01
1008, 2.057669e-01, 5.019090e-01
1009, 2.524490e-01, 5.019980e-01
1010, 3.223191e-01, 5.012857e-01
1011, 3.452877e-01, 5.011220e-01
1012, 3.899682e-01, 4.996971e-01
1013, 4.145984e-01, 5.020232e-01
1014, 4.367636e-01, 5.010087e-01
1015, 5.752428e-01, 5.011148e-01
1016, 6.432695e-01, 5.008910e-01
1017, 6.656032e-01, 4.983656e-01
1018, 7.126341e-01, 5.013161e-01
1019, 8.036973e-01, 5.003135e-01
1020, 8.266976e-01, 5.008606e-01
1021, 2.640411e-01, 5.214007e-01
1022, 3.328050e-01, 5.216201e-01
1023, 4.015348e-01, 5.205106e-01
1024, 4.592754e-01, 5.007644e-01
1025, 6.218051e-01, 5.019537e-01
1026, 7.472886e-01, 5.214766e-01
1027, 7.806270e-01, 5.008994e-01
1028, 8.387376e-01, 5.218914e-01
1029, 1.723694e-01, 5.220489e-01
1030, 1.950723e-01, 5.225515e-01
1031, 2.187455e-01, 5.229866e-01
1032, 2.866962e-01, 5.228452e-01
1033, 3.104445e-01, 5.217480e-01
1034, 3.561956e-01, 5.214639e-01
1035, 3.788993e-01, 5.225631e-01
1036, 4.252777e-01, 5.221141e-01
1037, 4.489637e-01, 5.219541e-01
1038, 4.710117e-01, 5.220154e-01
1039, 5.866123e-01, 5.218243e-01
1040, 6.779830e-01, 5.228023e-01
1041, 7.013806e-01, 5.234480e-01
1042, 7.238912e-01, 5.220702e-01
1043, 7.702209e-01, 5.217123e-01
1044, 7.930698e-01, 5.223751e-01
1045, 1.719963e-01, 5.442821e-01
1046, 2.425132e-01, 5.445306e-01
1047, 2.876506e-01, 5.439874e-01
1048, 3.557136e-01, 5.446182e-01
1049, 4.026181e-01, 5.436686e-01
1050, 6.316152e-01, 5.450761e-01
1051, 7.243806e-01, 5.448669e-01
1052, 7.697118e-01, 5.438945e-01
1053, 7.914893e-01, 5.449254e-01
1054, 8.376783e-01, 5.451202e-01
1055, 2.190483e-01, 5.664790e-01
1056, 2.423234e-01, 5.672885e-01
1057, 3.569130e-01, 5.677162e-01
1058, 3.798544e-01, 5.667401e-01
1059, 4.474576e-01, 5.672673e-01
1060, 5.402078e-01, 5.679502e-01
1061, 6.092927e-01, 5.669894e-01
1062, 6.318975e-01, 5.669829e-01
1063, 6.542961e-01, 5.669289e-01
1064, 6.777046e-01, 5.672836e-01
1065, 7.699009e-01, 5.687612e-01
1066, 8.376993e-01, 5.663493e-01
1067, 1.960427e-01, 5.887154e-01
1068, 2.181964e-01, 5.886062e-01
1069, 2.644227e-01, 5.897111e-01
1070, 2.861736e-01, 5.919037e-01
1071, 3.333231e-01, 5.877213e-01
1072, 4.256285e-01, 5.908653e-01
1073, 4.945334e-01, 5.890094e-01
1074, 5.392723e-01, 5.901643e-01
1075, 6.768132e-01, 5.883097e-01
1076, 6.554205e-01, 5.908652e-01
1077, 7.232962e-01, 5.899578e-01
1078, 7.704595e-01, 5.890241e-01
1079, 1.610651e-01, 6.107750e-01
1080, 2.517620e-01, 6.088345e-01
1081, 2.742376e-01, 6.098555e-01
1082, 4.475156e-01, 5.889325e-01
1083, 5.635598e-01, 5.908668e-01
1084, 5.859053e-01, 5.898788e-01
1085, 6.322422e-01, 5.899139e-01
1086, 7.018849e-01, 5.904904e-01
1087, 7.583352e-01, 6.106556e-01
1088, 7.937233e-01, 5.898674e-01
1089, 2.983731e-01, 6.105578e-01
1090, 3.224173e-01, 6.112379e-01
1091, 3.905754e-01, 6.120808e-01
1092, 4.370010e-01, 6.105480e-01
1093, 4.598016e-01, 6.106519e-01
1094, 5.057587e-01, 6.118412e-01
1095, 5.737973e-01, 6.120979e-01
1096, 5.507933e-01, 6.111716e-01
1097, 6.432792e-01, 6.104858e-01
1098, 6.884591e-01, 6.100763e-01
1099, 7.123002e-01, 6.107829e-01
1100, 7.814535e-01, 6.119729e-01
1101, 8.265934e-01, 6.117703e-01
1102, 1.617906e-01, 6.324326e-01
1103, 1.837190e-01, 6.344574e-01
1104, 2.072327e-01, 6.337124e-01
1105, 2.980126e-01, 6.334818e-01
1106, 3.440016e-01, 6.330683e-01
1107, 3.674237e-01, 6.335013e-01
1108, 4.144821e-01, 6.338490e-01
1109, 4.361001e-01, 6.329846e-01
1110, 4.601499e-01, 6.331518e-01
1111, 5.048632e-01, 6.334653e-01
1112, 5.520308e-01, 6.338571e-01
1113, 5.727015e-01, 6.340023e-01
1114, 7.128670e-01, 6.327963e-01
1115, 8.038770e-01, 6.333646e-01
1116, 2.310503e-01, 6.560105e-01
1117, 2.523706e-01, 6.552958e-01
1118, 2.761566e-01, 6.569377e-01
1119, 3.218011e-01, 6.555472e-01
1120, 3.907893e-01, 6.565536e-01
1121, 4.581922e-01, 6.560547e-01
1122, 4.828435e-01, 6.572840e-01
1123, 5.971894e-01, 6.558437e-01
1124, 6.648133e-01, 6.561122e-01
1125, 7.117227e-01, 6.562555e-01
1126, 7.355069e-01, 6.560548e-01
1127, 7.803114e-01, 6.561806e-01
1128, 1.831626e-01, 6.799381e-01
1129, 2.073984e-01, 6.782690e-01
1130, 2.750244e-01, 6.784215e-01
1131, 3.439372e-01, 6.792010e-01
1132, 3.907353e-01, 6.764193e-01
1133, 4.139866e-01, 6.785215e-01
1134, 4.819180e-01, 6.772102e-01
1135, 5.282920e-01, 6.776517e-01
1136, 5.506136e-01, 6.785149e-01
1137, 5.969736e-01, 6.786775e-01
1138, 6.198281e-01, 6.782352e-01
1139, 6.895059e-01, 6.764184e-01
1140, 7.115960e-01, 6.781265e-01
1141, 7.825774e-01, 6.800059e-01
1142, 2.526392e-01, 6.790091e-01
1143, 3.670233e-01, 6.786756e-01
1144, 3.566509e-01, 7.009492e-01
1145, 4.014673e-01, 6.983501e-01
1146, 4.598968e-01, 6.777587e-01
1147, 4.705790e-01, 6.998598e-01
1148, 4.931727e-01, 6.996362e-01
1149, 6.428620e-01, 6.793573e-01
1150, 7.335710e-01, 6.784604e-01
1151, 7.568767e-01, 6.777856e-01
1152, 8.052857e-01, 6.799952e-01
1153, 1.724722e-01, 6.998012e-01
1154, 2.185906e-01, 6.999878e-01
1155, 2.637603e-01, 7.002099e-01
1156, 2.886029e-01, 6.996809e-01
1157, 3.321370e-01, 6.991602e-01
1158, 4.260709e-01, 6.996006e-01
1159, 5.403414e-01, 6.995778e-01
1160, 5.628120e-01, 6.993590e-01
1161, 6.083584e-01, 6.997053e-01
1162, 6.322377e-01, 6.993576e-01
1163, 6.547981e-01, 7.007689e-01
1164, 7.917551e-01, 6.993153e-01
1165, 8.160493e-01, 7.001549e-01
1166, 1.727412e-01, 7.224353e-01
1167, 2.409102e-01, 7.230808e-01
1168, 2.868218e-01, 7.222146e-01
1169, 3.095936e-01, 7.221783e-01
1170, 3.563767e-01, 7.213487e-01
1171, 3.794049e-01, 7.226405e-01
1172, 4.704765e-01, 7.227092e-01
1173, 5.180626e-01, 7.219908e-01
1174, 5.863762e-01, 7.211303e-01
1175, 6.308818e-01, 7.222688e-01
1176, 7.460969e-01, 7.221354e-01
1177, 7.704082e-01, 7.226271e-01
1178, 1.733116e-01, 7.454096e-01
1179, 2.409084e-01, 7.457152e-01
1180, 3.346364e-01, 7.444721e-01
1181, 4.944403e-01, 7.446848e-01
1182, 5.403832e-01, 7.452351e-01
1183, 6.322041e-01, 7.450095e-01
1184, 6.771659e-01, 7.452924e-01
1185, 7.002379e-01, 7.449839e-01
1186, 7.479360e-01, 7.445661e-01
1187, 7.688738e-01, 7.440616e-01
1188, 7.919234e-01, 7.457926e-01
1189, 8.165655e-01, 7.443954e-01
1190, 8.391154e-01, 7.450731e-01
1191, 2.176525e-01, 7.672775e-01
1192, 1.954306e-01, 7.680530e-01
1193, 2.639765e-01, 7.672671e-01
1194, 2.859611e-01, 7.675111e-01
1195, 3.110922e-01, 7.666182e-01
1196, 4.490408e-01, 7.683297e-01
1197, 4.938234e-01, 7.681883e-01
1198, 5.404873e-01, 7.666450e-01
1199, 7.227611e-01, 7.679564e-01
1200, 7.465701e-01, 7.689418e-01
1201, 7.692879e-01, 7.668689e-01
1202, 7.915842e-01, 7.655378e-01
1203, 1.831733e-01, 7.873061e-01
1204, 2.421599e-01, 7.670524e-01
1205, 4.014382e-01, 7.665493e-01
1206, 4.262757e-01, 7.669186e-01
1207, 6.321612e-01, 7.678960e-01
1208, 7.589888e-01, 7.877546e-01
1209, 8.062579e-01, 7.859708e-01
1210, 1.597950e-01, 7.888152e-01
1211, 2.071859e-01, 7.875678e-01
1212, 2.304052e-01, 7.886781e-01
1213, 3.214547e-01, 7.887842e-01
1214, 3.900308e-01, 7.888663e-01
1215, 4.597133e-01, 7.898079e-01
1216, 5.531601e-01, 7.875901e-01
1217, 5.745135e-01, 7.887567e-01
1218, 6.428210e-01, 7.901598e-01
1219, 6.667721e-01, 7.888692e-01
1220, 7.818440e-01, 7.886917e-01
1221, 3.198381e-01, 8.099732e-01
1222, 3.890213e-01, 8.113532e-01
1223, 4.830273e-01, 8.104614e-01
1224, 5.278194e-01, 8.113248e-01
1225, 6.885801e-01, 8.119782e-01
1226, 7.120856e-01, 8.101662e-01
1227, 8.035569e-01, 8.110636e-01
1228, 1.615528e-01, 8.335443e-01
1229, 2.074140e-01, 8.332720e-01
1230, 2.977504e-01, 8.341250e-01
1231, 3.904384e-01, 8.340744e-01
1232, 4.123663e-01, 8.330800e-01
1233, 4.823160e-01, 8.342866e-01
1234, 5.281178e-01, 8.335101e-01
1235, 7.347535e-01, 8.334657e-01
1236, 8.042922e-01, 8.336419e-01
1237, 1.633343e-01, 1.500000e-01
1238, 1.800053e-01, 1.500000e-01
1239, 1.872969e-01, 1.500000e-01
1240, 2.052209e-01, 1.500000e-01
1241, 2.061873e-01, 1.500000e-01
1242, 2.249884e-01, 1.500000e-01
1243, 2.338163e-01, 1.500000e-01
1244, 2.502550e-01, 1.500000e-01
1245, 2.562113e-01, 1.500000e-01
1246, 2.734133e-01, 1.500000e-01
1247, 2.788434e-01, 1.500000e-01
1248, 3.175553e-01, 1.500000e-01
1249, 3.241657e-01, 1.500000e-01
1250, 3.419221e-01, 1.500000e-01
1251, 3.462894e-01, 1.500000e-01
1252, 3.667089e-01, 1.500000e-01
1253, 3.675165e-01, 1.500000e-01
1254, 3.879297e-01, 1.500000e-01
1255, 3.928548e-01, 1.500000e-01
1256, 4.110664e-01, 1.500000e-01
1257, 4.161192e-01, 1.500000e-01
1258, 4.361027e-01, 1.500000e-01
1259, 4.385840e-01, 1.500000e-01
1260, 4.561589e-01, 1.500000e-01
1261, 4.624187e-01, 1.500000e-01
1262, 5.028064e-01, 1.500000e-01
1263, 5.074072e-01, 1.500000e-01
1264, 5.251470e-01, 1.500000e-01
1265, 5.323127e-01, 1.500000e-01
1266, 5.493345e-01, 1.500000e-01
1267, 5.540947e-01, 1.500000e-01
1268, 5.736916e-01, 1.500000e-01
1269, 5.764218e-01, 1.500000e-01
1270, 5.945157e-01, 1.500000e-01
1271, 5.996459e-01, 1.500000e-01
1272, 6.194581e-01, 1.500000e-01
1273, 6.201114e-01, 1.500000e-01
1274, 6.403492e-01, 1.500000e-01
1275, 6.477453e-01, 1.500000e-01
1276, 6.644786e-01, 1.500000e-01
1277, 6.687189e-01, 1.500000e-01
1278, 6.846845e-01, 1.500000e-01
1279, 6.926006e-01, 1.500000e-01
1280, 7.111965e-01, 1.500000e-01
1281, 7.129194e-01, 1.500000e-01
1282, 7.325283e-01, 1.500000e-01
1283, 7.382151e-01, 1.500000e-01
1284, 7.766471e-01, 1.500000e-01
1285, 7.850529e-01, 1.500000e-01
1286, 8.030986e-01, 1.500000e-01
1287, 8.037698e-01, 1.500000e-01
1288, 8.238873e-01, 1.500000e-01
1289, 8.288491e-01, 1.500000e-01
1290, 8.465108e-01, 1.500000e-01
1291, 1.500000e-01, 1.667354e-01
1292, 8.500000e-01, 1.665779e-01
1293, 1.500000e-01, 1.894409e-01
1294, 8.500000e-01, 1.889344e-01
1295, 1.500000e-01, 2.118410e-01
1296, 1.500000e-01, 2.142896e-01
1297, 8.500000e-01, 2.122239e-01
1298, 8.500000e-01, 2.339249e-01
1299, 1.500000e-01, 2.551072e-01
1300, 1.500000e-01, 2.776699e-01
1301, 1.500000e-01, 3.009717e-01
1302, 8.500000e-01, 3.110142e-01
1303, 1.500000e-01, 3.227145e-01
1304, 8.500000e-01, 3.230208e-01
1305, 1.500000e-01, 3.438554e-01
1306, 8.500000e-01, 3.240038e-01
1307, 1.500000e-01, 3.448588e-01
1308, 1.500000e-01, 3.611233e-01
1309, 8.500000e-01, 3.441756e-01
1310, 8.500000e-01, 3.674818e-01
1311, 1.500000e-01, 3.890131e-01
1312, 8.500000e-01, 3.905663e-01
1313, 1.500000e-01, 4.107988e-01
1314, 8.500000e-01, 4.117956e-01
1315, 1.500000e-01, 4.149527e-01
1316, 8.500000e-01, 4.332668e-01
1317, 1.500000e-01, 4.340514e-01
1318, 8.500000e-01, 4.336827e-01
1319, 8.500000e-01, 4.408868e-01
1320, 1.500000e-01, 4.554585e-01
1321, 1.500000e-01, 4.786539e-01
1322, 8.500000e-01, 4.975725e-01
1323, 1.500000e-01, 5.008094e-01
1324, 8.500000e-01, 5.025641e-01
1325, 1.500000e-01, 5.173199e-01
1326, 1.500000e-01, 5.201498e-01
1327, 8.500000e-01, 5.030352e-01
1328, 1.500000e-01, 5.398359e-01
1329, 8.500000e-01, 5.227238e-01
1330, 1.500000e-01, 5.446575e-01
1331, 8.500000e-01, 5.447819e-01
1332, 1.500000e-01, 5.667597e-01
1333, 8.500000e-01, 5.670845e-01
1334, 1.500000e-01, 5.886597e-01
1335, 8.500000e-01, 5.880978e-01
1336, 1.500000e-01, 5.913329e-01
1337, 8.500000e-01, 6.101620e-01
1338, 1.500000e-01, 6.111704e-01
1339, 8.500000e-01, 6.107057e-01
1340, 8.500000e-01, 6.212234e-01
1341, 1.500000e-01, 6.330855e-01
1342, 1.500000e-01, 6.544622e-01
1343, 1.500000e-01, 6.767377e-01
1344, 1.500000e-01, 6.994398e-01
1345, 1.500000e-01, 6.999117e-01
1346, 8.500000e-01, 6.992210e-01
1347, 1.500000e-01, 7.232476e-01
1348, 8.500000e-01, 7.213104e-01
1349, 1.500000e-01, 7.435725e-01
1350, 8.500000e-01, 7.449497e-01
1351, 1.500000e-01, 7.663073e-01
1352, 8.500000e-01, 7.670653e-01
1353, 1.500000e-01, 7.716715e-01
1354, 1.500000e-01, 7.892681e-01
1355, 1.500000e-01, 8.119883e-01
1356, 1.500000e-01, 8.339933e-01
1357, 1.605443e-01, 8.500000e-01
1358, 1.838844e-01, 8.500000e-01
1359, 2.059754e-01, 8.500000e-01
1360, 2.303319e-01, 8.500000e-01
1361, 2.518624e-01, 8.500000e-01
1362, 2.753210e-01, 8.500000e-01
1363, 2.980577e-01, 8.500000e-01
1364, 3.216948e-01, 8.500000e-01
1365, 3.443704e-01, 8.500000e-01
1366, 3.666633e-01, 8.500000e-01
1367, 3.902157e-01, 8.500000e-01
1368, 4.133641e-01, 8.500000e-01
1369, 4.350901e-01, 8.500000e-01
1370, 4.587520e-01, 8.500000e-01
1371, 4.824620e-01, 8.500000e-01
1372, 5.053656e-01, 8.500000e-01
1373, 5.278210e-01, 8.500000e-01
1374, 5.516306e-01, 8.500000e-01
1375, 5.743132e-01, 8.500000e-01
1376, 5.960401e-01, 8.500000e-01
1377, 6.202653e-01, 8.500000e-01
1378, 6.435845e-01, 8.500000e-01
1379, 6.672615e-01, 8.500000e-01
1380, 6.898496e-01, 8.500000e-01
1381, 7.123516e-01, 8.500000e-01
1382, 7.349716e-01, 8.500000e-01
1383, 7.578525e-01, 8.500000e-01
1384, 7.808505e-01, 8.500000e-01
1385, 8.031501e-01, 8.500000e-01
1386, 8.271968e-01, 8.500000e-01
1387, 8.498102e-01, 8.500000e-01
1388, 2.984829e-01, 1.501375e-01
1389, 4.830112e-01, 1.500899e-01
1390, 7.581327e-01, 1.500118e-01
1391, 1.501748e-01, 2.350034e-01
1392, 8.498299e-01, 2.555876e-01
1393, 8.497767e-01, 2.761817e-01
1394, 8.497617e-01, 3.001925e-01
1395, 1.501021e-01, 3.669224e-01
1396, 8.497751e-01, 4.538836e-01
1397, 8.494772e-01, 4.771179e-01
1398, 8.498681e-01, 5.002435e-01
1399, 1.501968e-01, 5.224918e-01
1400, 8.498140e-01, 6.330232e-01
1401, 8.495842e-01, 6.559544e-01
1402, 8.499943e-01, 6.781709e-01
1403, 8.499300e-01, 7.871163e-01
1404, 8.495421e-01, 8.104157e-01
1405, 8.497659e-01, 8.334760e-01
