1, 1.520824e-01, 6.410369e-01
2, 1.525679e-01, 5.294165e-01
3, 1.534445e-01, 4.251105e-01
4, 1.542875e-01, 5.545697e-01
5, 1.546862e-01, 6.613445e-01
6, 1.549097e-01, 7.318247e-01
7, 1.563515e-01, 7.613147e-01
8, 1.568797e-01, 6.634602e-01
9, 1.585310e-01, 1.941023e-01
10, 1.590346e-01, 2.995234e-01
11, 1.593002e-01, 2.801588e-01
12, 1.594812e-01, 6.641621e-01
13, 1.618796e-01, 4.979219e-01
14, 1.626521e-01, 3.036991e-01
15, 1.628554e-01, 2.765208e-01
16, 1.635222e-01, 2.740055e-01
17, 1.645554e-01, 4.722108e-01
18, 1.653953e-01, 5.792222e-01
19, 1.656383e-01, 3.047276e-01
20, 1.658021e-01, 6.032121e-01
21, 1.667579e-01, 6.890680e-01
22, 1.668536e-01, 7.079836e-01
23, 1.670534e-01, 6.054990e-01
24, 1.671038e-01, 8.053476e-01
25, 1.676242e-01, 7.834335e-01
26, 1.676493e-01, 7.778477e-01
27, 1.687165e-01, 8.034296e-01
28, 1.691151e-01, 6.809780e-01
29, 1.698917e-01, 7.862788e-01
30, 1.702698e-01, 5.165657e-01
31, 1.705403e-01, 2.432367e-01
32, 1.720331e-01, 2.191080e-01
33, 1.724351e-01, 3.487226e-01
34, 1.726696e-01, 4.204220e-01
35, 1.727622e-01, 2.444315e-01
36, 1.737056e-01, 4.472983e-01
37, 1.742786e-01, 5.462709e-01
38, 1.744240e-01, 3.213383e-01
39, 1.746192e-01, 5.177499e-01
40, 1.753282e-01, 5.425068e-01
41, 1.763370e-01, 1.549296e-01
42, 1.771783e-01, 7.370694e-01
43, 1.772301e-01, 6.493761e-01
44, 1.780382e-01, 5.393878e-01
45, 1.788261e-01, 6.530350e-01
46, 1.791039e-01, 7.554976e-01
47, 1.799234e-01, 6.276427e-01
48, 1.799918e-01, 3.513732e-01
49, 1.805871e-01, 1.557153e-01
50, 1.811478e-01, 8.287286e-01
51, 1.811488e-01, 8.314174e-01
52, 1.826607e-01, 5.626821e-01
53, 1.831629e-01, 7.591509e-01
54, 1.832365e-01, 7.301699e-01
55, 1.833441e-01, 1.581612e-01
56, 1.842242e-01, 3.955606e-01
57, 1.843645e-01, 3.740911e-01
58, 1.848560e-01, 2.660166e-01
59, 1.853186e-01, 5.634992e-01
60, 1.855094e-01, 1.767984e-01
61, 1.862990e-01, 3.722451e-01
62, 1.872889e-01, 3.697451e-01
63, 1.874572e-01, 4.921815e-01
64, 1.877658e-01, 5.922034e-01
65, 1.897509e-01, 5.678859e-01
66, 1.915285e-01, 6.963367e-01
67, 1.923672e-01, 2.017756e-01
68, 1.928222e-01, 2.345630e-01
69, 1.929510e-01, 7.016377e-01
70, 1.930537e-01, 8.058325e-01
71, 1.932684e-01, 6.989861e-01
72, 1.946363e-01, 7.784463e-01
73, 1.950893e-01, 2.274574e-01
74, 1.956219e-01, 3.102038e-01
75, 1.959274e-01, 4.430020e-01
76, 1.960188e-01, 3.368111e-01
77, 1.961824e-01, 6.117090e-01
78, 1.962923e-01, 2.068081e-01
79, 1.966776e-01, 4.237196e-01
80, 1.971212e-01, 3.129678e-01
81, 1.983930e-01, 8.082090e-01
82, 1.989571e-01, 5.369112e-01
83, 1.990320e-01, 5.192313e-01
84, 1.993915e-01, 4.468791e-01
85, 1.995924e-01, 5.459783e-01
86, 2.007209e-01, 6.409580e-01
87, 2.012275e-01, 6.131557e-01
88, 2.015509e-01, 6.374305e-01
89, 2.021227e-01, 2.515639e-01
90, 2.034598e-01, 5.175114e-01
91, 2.038554e-01, 6.156342e-01
92, 2.043051e-01, 4.480920e-01
93, 2.051306e-01, 7.231220e-01
94, 2.052971e-01, 2.822443e-01
95, 2.061291e-01, 1.767782e-01
96, 2.065182e-01, 1.827907e-01
97, 2.066664e-01, 2.769043e-01
98, 2.073655e-01, 3.609859e-01
99, 2.076173e-01, 8.248911e-01
100, 2.077450e-01, 6.584311e-01
101, 2.084179e-01, 3.575897e-01
102, 2.091906e-01, 2.742636e-01
103, 2.104318e-01, 4.919914e-01
104, 2.114357e-01, 4.702199e-01
105, 2.120075e-01, 5.877812e-01
106, 2.120456e-01, 6.901194e-01
107, 2.133136e-01, 4.642889e-01
108, 2.141535e-01, 2.981825e-01
109, 2.153210e-01, 6.607021e-01
110, 2.161986e-01, 4.936991e-01
111, 2.167566e-01, 7.922415e-01
112, 2.171548e-01, 2.278877e-01
113, 2.178725e-01, 6.636528e-01
114, 2.181772e-01, 7.973596e-01
115, 2.184362e-01, 7.944293e-01
116, 2.187699e-01, 2.035557e-01
117, 2.187954e-01, 2.060420e-01
118, 2.188350e-01, 3.291762e-01
119, 2.197777e-01, 3.255824e-01
120, 2.198907e-01, 2.997281e-01
121, 2.200285e-01, 4.041892e-01
122, 2.205303e-01, 2.235507e-01
123, 2.213967e-01, 7.074452e-01
124, 2.215356e-01, 3.236675e-01
125, 2.233735e-01, 4.090166e-01
126, 2.243449e-01, 7.382189e-01
127, 2.243866e-01, 6.151801e-01
128, 2.253070e-01, 7.083990e-01
129, 2.254772e-01, 7.331138e-01
130, 2.258913e-01, 6.361216e-01
131, 2.261605e-01, 6.399317e-01
132, 2.267806e-01, 5.119961e-01
133, 2.271960e-01, 7.100336e-01
134, 2.273665e-01, 8.113464e-01
135, 2.287912e-01, 7.299019e-01
136, 2.292762e-01, 1.575457e-01
137, 2.293678e-01, 1.785483e-01
138, 2.295508e-01, 5.435125e-01
139, 2.303793e-01, 2.538834e-01
140, 2.305861e-01, 2.482890e-01
141, 2.310798e-01, 1.802822e-01
142, 2.317262e-01, 1.549736e-01
143, 2.319894e-01, 3.749672e-01
144, 2.323277e-01, 1.523648e-01
145, 2.338627e-01, 5.870366e-01
146, 2.346839e-01, 3.710491e-01
147, 2.347744e-01, 7.548280e-01
148, 2.354492e-01, 1.815686e-01
149, 2.363565e-01, 5.666718e-01
150, 2.369813e-01, 4.846462e-01
151, 2.375021e-01, 5.908571e-01
152, 2.376535e-01, 7.554532e-01
153, 2.377850e-01, 7.827464e-01
154, 2.389018e-01, 6.637688e-01
155, 2.390680e-01, 6.572557e-01
156, 2.398493e-01, 6.820856e-01
157, 2.404577e-01, 7.802152e-01
158, 2.413426e-01, 2.261510e-01
159, 2.414213e-01, 7.594155e-01
160, 2.426069e-01, 5.921241e-01
161, 2.432776e-01, 4.251212e-01
162, 2.437627e-01, 2.289181e-01
163, 2.447188e-01, 2.976210e-01
164, 2.448633e-01, 3.266890e-01
165, 2.454981e-01, 2.003541e-01
166, 2.456332e-01, 4.999464e-01
167, 2.470381e-01, 3.984294e-01
168, 2.472745e-01, 8.019812e-01
169, 2.473346e-01, 2.301065e-01
170, 2.479931e-01, 6.148215e-01
171, 2.485071e-01, 5.291635e-01
172, 2.486544e-01, 6.342017e-01
173, 2.496624e-01, 8.327822e-01
174, 2.507150e-01, 7.357040e-01
175, 2.511146e-01, 8.034744e-01
176, 2.517522e-01, 6.107658e-01
177, 2.524679e-01, 6.081184e-01
178, 2.530423e-01, 2.731486e-01
179, 2.532396e-01, 8.056423e-01
180, 2.534938e-01, 1.661484e-01
181, 2.536134e-01, 6.386507e-01
182, 2.536435e-01, 2.539807e-01
183, 2.538680e-01, 4.419584e-01
184, 2.561157e-01, 2.514539e-01
185, 2.561655e-01, 4.705645e-01
186, 2.569849e-01, 3.497108e-01
187, 2.570270e-01, 3.460684e-01
188, 2.571039e-01, 2.476518e-01
189, 2.574221e-01, 4.431454e-01
190, 2.575221e-01, 4.671356e-01
191, 2.582009e-01, 3.689312e-01
192, 2.583294e-01, 3.751320e-01
193, 2.588241e-01, 5.484599e-01
194, 2.597021e-01, 4.454083e-01
195, 2.608841e-01, 6.828547e-01
196, 2.615782e-01, 6.630678e-01
197, 2.629191e-01, 5.543930e-01
198, 2.637983e-01, 6.607448e-01
199, 2.642364e-01, 7.559529e-01
200, 2.644489e-01, 7.778161e-01
201, 2.645496e-01, 7.602885e-01
202, 2.649229e-01, 6.563322e-01
203, 2.649731e-01, 4.899367e-01
204, 2.672255e-01, 3.030480e-01
205, 2.680391e-01, 1.913323e-01
206, 2.688556e-01, 5.200556e-01
207, 2.689142e-01, 3.963946e-01
208, 2.690617e-01, 3.240390e-01
209, 2.699161e-01, 5.152106e-01
210, 2.699259e-01, 4.914052e-01
211, 2.707671e-01, 2.994575e-01
212, 2.718612e-01, 3.946348e-01
213, 2.720641e-01, 2.937524e-01
214, 2.720718e-01, 4.938913e-01
215, 2.724900e-01, 5.124697e-01
216, 2.735768e-01, 7.125001e-01
217, 2.737840e-01, 7.310150e-01
218, 2.748946e-01, 3.263352e-01
219, 2.756299e-01, 1.601198e-01
220, 2.756487e-01, 7.328690e-01
221, 2.769652e-01, 1.557471e-01
222, 2.779237e-01, 2.359414e-01
223, 2.796308e-01, 5.369797e-01
224, 2.803764e-01, 3.690175e-01
225, 2.806101e-01, 1.522398e-01
226, 2.806999e-01, 7.344311e-01
227, 2.809727e-01, 2.415024e-01
228, 2.815886e-01, 5.674877e-01
229, 2.818027e-01, 3.482650e-01
230, 2.819455e-01, 2.670141e-01
231, 2.822602e-01, 4.665830e-01
232, 2.822749e-01, 5.640451e-01
233, 2.824300e-01, 4.702854e-01
234, 2.826737e-01, 3.713897e-01
235, 2.833710e-01, 3.426504e-01
236, 2.840544e-01, 1.765900e-01
237, 2.847656e-01, 5.615811e-01
238, 2.849181e-01, 6.469567e-01
239, 2.855347e-01, 6.444100e-01
240, 2.857384e-01, 5.423580e-01
241, 2.868604e-01, 7.577949e-01
242, 2.874132e-01, 6.752590e-01
243, 2.884062e-01, 2.071270e-01
244, 2.886104e-01, 3.730151e-01
245, 2.894329e-01, 7.551229e-01
246, 2.895409e-01, 1.782817e-01
247, 2.895708e-01, 2.832557e-01
248, 2.901817e-01, 7.522906e-01
249, 2.904339e-01, 2.021108e-01
250, 2.909113e-01, 5.848751e-01
251, 2.913326e-01, 1.800224e-01
252, 2.922270e-01, 4.164761e-01
253, 2.929876e-01, 3.120003e-01
254, 2.935858e-01, 3.972983e-01
255, 2.937507e-01, 2.898158e-01
256, 2.941171e-01, 3.141929e-01
257, 2.942509e-01, 7.823083e-01
258, 2.950296e-01, 4.193438e-01
259, 2.953684e-01, 5.861576e-01
260, 2.953759e-01, 5.125040e-01
261, 2.958149e-01, 5.171544e-01
262, 2.959516e-01, 4.936165e-01
263, 2.960394e-01, 4.907982e-01
264, 2.972821e-01, 2.255218e-01
265, 2.974242e-01, 3.890013e-01
266, 2.982749e-01, 5.888702e-01
267, 3.000275e-01, 4.209774e-01
268, 3.001445e-01, 8.253420e-01
269, 3.007573e-01, 2.562886e-01
270, 3.015564e-01, 7.200816e-01
271, 3.020573e-01, 2.507825e-01
272, 3.027564e-01, 2.268686e-01
273, 3.040998e-01, 7.978633e-01
274, 3.042058e-01, 3.569590e-01
275, 3.046774e-01, 6.327501e-01
276, 3.048640e-01, 2.289422e-01
277, 3.053274e-01, 2.477201e-01
278, 3.054495e-01, 4.649851e-01
279, 3.073438e-01, 4.445508e-01
280, 3.074677e-01, 6.641607e-01
281, 3.083410e-01, 6.338089e-01
282, 3.087729e-01, 6.590944e-01
283, 3.087742e-01, 4.686560e-01
284, 3.092375e-01, 4.387717e-01
285, 3.100233e-01, 7.405660e-01
286, 3.105583e-01, 2.733124e-01
287, 3.112421e-01, 6.567140e-01
288, 3.116734e-01, 6.374667e-01
289, 3.117509e-01, 7.429554e-01
290, 3.131907e-01, 1.802768e-01
291, 3.132666e-01, 7.690259e-01
292, 3.133982e-01, 1.763438e-01
293, 3.134096e-01, 4.701676e-01
294, 3.142103e-01, 3.027251e-01
295, 3.148054e-01, 8.469261e-01
296, 3.160038e-01, 2.972808e-01
297, 3.165327e-01, 3.823931e-01
298, 3.174009e-01, 4.064941e-01
299, 3.174558e-01, 3.796627e-01
300, 3.180578e-01, 4.933870e-01
301, 3.183654e-01, 5.136988e-01
302, 3.190666e-01, 5.890604e-01
303, 3.193095e-01, 6.812962e-01
304, 3.203214e-01, 5.155209e-01
305, 3.207757e-01, 7.113761e-01
306, 3.216596e-01, 6.146957e-01
307, 3.216811e-01, 6.820754e-01
308, 3.221452e-01, 7.064438e-01
309, 3.224467e-01, 5.883279e-01
310, 3.230934e-01, 3.209534e-01
311, 3.235842e-01, 7.894421e-01
312, 3.236117e-01, 6.843303e-01
313, 3.244208e-01, 8.142730e-01
314, 3.249351e-01, 5.169160e-01
315, 3.256201e-01, 1.531121e-01
316, 3.260485e-01, 3.511031e-01
317, 3.266345e-01, 2.502953e-01
318, 3.271365e-01, 3.474885e-01
319, 3.272952e-01, 2.274588e-01
320, 3.276586e-01, 2.248419e-01
321, 3.284958e-01, 2.479707e-01
322, 3.288942e-01, 4.286935e-01
323, 3.301355e-01, 3.447196e-01
324, 3.302142e-01, 4.542201e-01
325, 3.302909e-01, 5.413353e-01
326, 3.321396e-01, 4.609446e-01
327, 3.321580e-01, 4.283722e-01
328, 3.325129e-01, 5.628013e-01
329, 3.325402e-01, 4.573304e-01
330, 3.331963e-01, 5.380864e-01
331, 3.332530e-01, 7.606960e-01
332, 3.340074e-01, 5.352429e-01
333, 3.346599e-01, 6.337559e-01
334, 3.346912e-01, 6.373805e-01
335, 3.350510e-01, 3.692647e-01
336, 3.357544e-01, 1.987035e-01
337, 3.360470e-01, 1.802808e-01
338, 3.369314e-01, 7.337391e-01
339, 3.370334e-01, 2.978585e-01
340, 3.377134e-01, 5.647751e-01
341, 3.392526e-01, 3.996765e-01
342, 3.399183e-01, 3.969777e-01
343, 3.402094e-01, 3.705025e-01
344, 3.404598e-01, 2.769155e-01
345, 3.404668e-01, 2.744030e-01
346, 3.406493e-01, 2.961995e-01
347, 3.417653e-01, 5.023531e-01
348, 3.426206e-01, 4.753855e-01
349, 3.427121e-01, 2.050879e-01
350, 3.432209e-01, 7.767278e-01
351, 3.432840e-01, 5.056100e-01
352, 3.435977e-01, 6.093451e-01
353, 3.440476e-01, 5.904426e-01
354, 3.444645e-01, 3.918709e-01
355, 3.449828e-01, 4.795103e-01
356, 3.450538e-01, 2.054926e-01
357, 3.454989e-01, 5.065805e-01
358, 3.458333e-01, 8.059942e-01
359, 3.463778e-01, 8.032262e-01
360, 3.466127e-01, 6.852334e-01
361, 3.466966e-01, 6.124664e-01
362, 3.469642e-01, 7.777931e-01
363, 3.478186e-01, 6.831829e-01
364, 3.478437e-01, 5.871467e-01
365, 3.479993e-01, 7.034966e-01
366, 3.485481e-01, 7.100926e-01
367, 3.489736e-01, 5.830598e-01
368, 3.491780e-01, 7.799709e-01
369, 3.492865e-01, 2.482832e-01
370, 3.496271e-01, 3.229847e-01
371, 3.500828e-01, 6.132895e-01
372, 3.508826e-01, 2.293691e-01
373, 3.508866e-01, 7.983428e-01
374, 3.520852e-01, 3.241062e-01
375, 3.521446e-01, 2.511345e-01
376, 3.526254e-01, 3.447087e-01
377, 3.529809e-01, 3.487016e-01
378, 3.550213e-01, 2.251546e-01
379, 3.551125e-01, 3.225185e-01
380, 3.555738e-01, 2.225204e-01
381, 3.564143e-01, 4.198286e-01
382, 3.564387e-01, 8.238221e-01
383, 3.565150e-01, 5.501649e-01
384, 3.568011e-01, 4.394445e-01
385, 3.571944e-01, 2.524971e-01
386, 3.576299e-01, 6.573882e-01
387, 3.576808e-01, 6.368090e-01
388, 3.591803e-01, 7.572700e-01
389, 3.592223e-01, 7.523978e-01
390, 3.594318e-01, 6.591469e-01
391, 3.596054e-01, 6.348826e-01
392, 3.601277e-01, 4.641019e-01
393, 3.605450e-01, 6.315040e-01
394, 3.610734e-01, 1.898132e-01
395, 3.626093e-01, 1.929226e-01
396, 3.627469e-01, 6.601322e-01
397, 3.633837e-01, 8.477617e-01
398, 3.637078e-01, 2.756774e-01
399, 3.638948e-01, 1.670709e-01
400, 3.654321e-01, 3.908542e-01
401, 3.655818e-01, 4.944517e-01
402, 3.656283e-01, 3.936991e-01
403, 3.662037e-01, 4.905196e-01
404, 3.666063e-01, 4.653803e-01
405, 3.666096e-01, 2.726765e-01
406, 3.670851e-01, 2.703578e-01
407, 3.674208e-01, 3.684582e-01
408, 3.675121e-01, 3.730271e-01
409, 3.682510e-01, 4.882588e-01
410, 3.684431e-01, 5.712448e-01
411, 3.688441e-01, 4.676191e-01
412, 3.699581e-01, 5.739801e-01
413, 3.700408e-01, 7.041176e-01
414, 3.709764e-01, 2.995633e-01
415, 3.718685e-01, 7.057234e-01
416, 3.723705e-01, 7.994578e-01
417, 3.733669e-01, 6.774635e-01
418, 3.736521e-01, 8.015462e-01
419, 3.737292e-01, 7.814374e-01
420, 3.742521e-01, 3.432328e-01
421, 3.745771e-01, 2.390482e-01
422, 3.748713e-01, 2.113476e-01
423, 3.751094e-01, 3.235447e-01
424, 3.755649e-01, 4.178895e-01
425, 3.758781e-01, 5.111139e-01
426, 3.758923e-01, 7.068766e-01
427, 3.766790e-01, 2.144593e-01
428, 3.788482e-01, 4.192618e-01
429, 3.790989e-01, 3.202963e-01
430, 3.795849e-01, 3.479570e-01
431, 3.799507e-01, 3.173828e-01
432, 3.816002e-01, 5.153352e-01
433, 3.816379e-01, 6.461961e-01
434, 3.821501e-01, 5.357889e-01
435, 3.822773e-01, 3.483360e-01
436, 3.825748e-01, 7.539978e-01
437, 3.832290e-01, 7.313197e-01
438, 3.834762e-01, 6.496983e-01
439, 3.835191e-01, 1.833430e-01
440, 3.842032e-01, 7.557728e-01
441, 3.852841e-01, 1.774101e-01
442, 3.874312e-01, 5.600790e-01
443, 3.877133e-01, 1.752096e-01
444, 3.882515e-01, 7.569284e-01
445, 3.884878e-01, 3.727694e-01
446, 3.894102e-01, 3.950800e-01
447, 3.912402e-01, 5.904359e-01
448, 3.919078e-01, 6.661147e-01
449, 3.920342e-01, 5.869532e-01
450, 3.925327e-01, 2.000000e-01
451, 3.943874e-01, 5.845106e-01
452, 3.946441e-01, 3.956967e-01
453, 3.948145e-01, 6.933314e-01
454, 3.951238e-01, 6.703439e-01
455, 3.957920e-01, 2.304476e-01
456, 3.962118e-01, 6.972907e-01
457, 3.962133e-01, 8.014042e-01
458, 3.965695e-01, 2.270657e-01
459, 3.966656e-01, 7.803059e-01
460, 3.982438e-01, 8.034781e-01
461, 3.982611e-01, 7.785102e-01
462, 3.989513e-01, 7.757202e-01
463, 3.990261e-01, 3.346571e-01
464, 3.991525e-01, 3.061985e-01
465, 4.001244e-01, 2.234744e-01
466, 4.008414e-01, 6.073154e-01
467, 4.014080e-01, 4.198062e-01
468, 4.022553e-01, 3.115145e-01
469, 4.025012e-01, 4.402828e-01
470, 4.026180e-01, 8.049193e-01
471, 4.030678e-01, 5.138742e-01
472, 4.038384e-01, 4.172576e-01
473, 4.044058e-01, 6.081638e-01
474, 4.052166e-01, 4.130247e-01
475, 4.053058e-01, 5.161849e-01
476, 4.067519e-01, 6.103076e-01
477, 4.072025e-01, 2.476910e-01
478, 4.076225e-01, 2.771888e-01
479, 4.076719e-01, 6.316148e-01
480, 4.077753e-01, 8.295056e-01
481, 4.085521e-01, 2.737638e-01
482, 4.087391e-01, 7.182652e-01
483, 4.094921e-01, 1.552686e-01
484, 4.112693e-01, 1.523091e-01
485, 4.117450e-01, 3.539950e-01
486, 4.121682e-01, 8.244215e-01
487, 4.124684e-01, 2.695710e-01
488, 4.128847e-01, 8.219795e-01
489, 4.129577e-01, 6.542693e-01
490, 4.140360e-01, 3.845762e-01
491, 4.143630e-01, 3.575854e-01
492, 4.147485e-01, 4.878814e-01
493, 4.152084e-01, 5.818747e-01
494, 4.160085e-01, 3.817624e-01
495, 4.160657e-01, 5.635508e-01
496, 4.162809e-01, 5.607774e-01
497, 4.168070e-01, 6.555475e-01
498, 4.169986e-01, 6.857726e-01
499, 4.173769e-01, 5.876347e-01
500, 4.174085e-01, 5.845794e-01
501, 4.174823e-01, 4.905590e-01
502, 4.183415e-01, 4.622121e-01
503, 4.187415e-01, 6.795042e-01
504, 4.188811e-01, 2.945274e-01
505, 4.193151e-01, 6.584114e-01
506, 4.213724e-01, 4.917056e-01
507, 4.214108e-01, 2.035387e-01
508, 4.214770e-01, 7.902908e-01
509, 4.220662e-01, 3.247948e-01
510, 4.221054e-01, 2.953285e-01
511, 4.226517e-01, 7.928376e-01
512, 4.227535e-01, 3.215740e-01
513, 4.250358e-01, 4.291762e-01
514, 4.255229e-01, 3.184537e-01
515, 4.258456e-01, 2.993752e-01
516, 4.260225e-01, 4.059957e-01
517, 4.266915e-01, 7.034451e-01
518, 4.274079e-01, 4.340586e-01
519, 4.285758e-01, 7.344144e-01
520, 4.287094e-01, 6.300905e-01
521, 4.288523e-01, 5.368364e-01
522, 4.292512e-01, 5.141243e-01
523, 4.294128e-01, 6.119000e-01
524, 4.294221e-01, 6.073941e-01
525, 4.294635e-01, 6.357887e-01
526, 4.297606e-01, 7.303538e-01
527, 4.308624e-01, 5.391114e-01
528, 4.311600e-01, 5.084407e-01
529, 4.312362e-01, 7.049010e-01
530, 4.321106e-01, 3.424307e-01
531, 4.328414e-01, 7.272983e-01
532, 4.328730e-01, 1.556838e-01
533, 4.330715e-01, 1.743588e-01
534, 4.333181e-01, 5.399475e-01
535, 4.339929e-01, 8.427203e-01
536, 4.349797e-01, 1.763022e-01
537, 4.352536e-01, 3.734161e-01
538, 4.355510e-01, 3.434355e-01
539, 4.358315e-01, 1.527000e-01
540, 4.367140e-01, 3.676585e-01
541, 4.374630e-01, 7.515808e-01
542, 4.376908e-01, 4.501302e-01
543, 4.377209e-01, 5.649104e-01
544, 4.378869e-01, 4.764243e-01
545, 4.385032e-01, 3.657446e-01
546, 4.385676e-01, 3.467238e-01
547, 4.396741e-01, 1.778647e-01
548, 4.397516e-01, 4.795616e-01
549, 4.399764e-01, 4.543210e-01
550, 4.403028e-01, 5.836523e-01
551, 4.407644e-01, 7.830640e-01
552, 4.419106e-01, 7.786510e-01
553, 4.423410e-01, 4.806514e-01
554, 4.423558e-01, 6.581894e-01
555, 4.423881e-01, 6.527334e-01
556, 4.426244e-01, 5.857225e-01
557, 4.437862e-01, 7.531289e-01
558, 4.448214e-01, 3.904895e-01
559, 4.456309e-01, 5.864879e-01
560, 4.457978e-01, 2.020023e-01
561, 4.460904e-01, 7.743661e-01
562, 4.462305e-01, 4.215529e-01
563, 4.469375e-01, 4.180030e-01
564, 4.478296e-01, 3.912939e-01
565, 4.480377e-01, 1.997259e-01
566, 4.484115e-01, 2.939367e-01
567, 4.485238e-01, 3.195524e-01
568, 4.486481e-01, 3.240488e-01
569, 4.486613e-01, 2.984141e-01
570, 4.487876e-01, 1.973316e-01
571, 4.499979e-01, 3.176448e-01
572, 4.502825e-01, 4.977397e-01
573, 4.503058e-01, 3.936449e-01
574, 4.514056e-01, 7.977488e-01
575, 4.515557e-01, 4.132959e-01
576, 4.516560e-01, 6.310628e-01
577, 4.523782e-01, 6.113059e-01
578, 4.525474e-01, 5.004056e-01
579, 4.539733e-01, 2.264362e-01
580, 4.540980e-01, 8.294380e-01
581, 4.543762e-01, 5.293998e-01
582, 4.545272e-01, 7.985146e-01
583, 4.546454e-01, 6.092291e-01
584, 4.552610e-01, 6.352871e-01
585, 4.556494e-01, 7.069923e-01
586, 4.557689e-01, 6.052939e-01
587, 4.570018e-01, 2.507771e-01
588, 4.579561e-01, 1.632123e-01
589, 4.581353e-01, 8.018874e-01
590, 4.585913e-01, 4.389421e-01
591, 4.596298e-01, 4.695732e-01
592, 4.600094e-01, 6.364615e-01
593, 4.606768e-01, 2.715881e-01
594, 4.608540e-01, 4.648238e-01
595, 4.608958e-01, 3.660628e-01
596, 4.614480e-01, 2.461144e-01
597, 4.614792e-01, 3.409266e-01
598, 4.615149e-01, 3.688022e-01
599, 4.627395e-01, 8.459967e-01
600, 4.637850e-01, 4.618619e-01
601, 4.641180e-01, 6.793554e-01
602, 4.659582e-01, 5.498243e-01
603, 4.662665e-01, 2.736793e-01
604, 4.666346e-01, 6.819305e-01
605, 4.668470e-01, 6.583575e-01
606, 4.681428e-01, 7.534004e-01
607, 4.681737e-01, 7.507783e-01
608, 4.686358e-01, 6.566340e-01
609, 4.695170e-01, 6.521096e-01
610, 4.706676e-01, 1.892640e-01
611, 4.707147e-01, 2.125320e-01
612, 4.708847e-01, 3.185753e-01
613, 4.720377e-01, 4.152100e-01
614, 4.720487e-01, 2.965792e-01
615, 4.739631e-01, 3.219139e-01
616, 4.741181e-01, 5.161171e-01
617, 4.741452e-01, 2.899873e-01
618, 4.741519e-01, 6.841672e-01
619, 4.746612e-01, 4.138842e-01
620, 4.752576e-01, 5.115442e-01
621, 4.777254e-01, 4.912256e-01
622, 4.779487e-01, 7.068279e-01
623, 4.787814e-01, 3.232882e-01
624, 4.792830e-01, 8.218459e-01
625, 4.801380e-01, 7.264736e-01
626, 4.803250e-01, 7.041825e-01
627, 4.804146e-01, 1.568479e-01
628, 4.805763e-01, 2.356365e-01
629, 4.807209e-01, 8.237831e-01
630, 4.808663e-01, 8.017107e-01
631, 4.809610e-01, 8.270680e-01
632, 4.812235e-01, 1.528557e-01
633, 4.816654e-01, 6.996003e-01
634, 4.820638e-01, 7.284884e-01
635, 4.827666e-01, 2.322285e-01
636, 4.833341e-01, 5.335019e-01
637, 4.834883e-01, 3.646578e-01
638, 4.842038e-01, 3.464921e-01
639, 4.853852e-01, 2.321344e-01
640, 4.854765e-01, 7.294204e-01
641, 4.866948e-01, 5.653949e-01
642, 4.870649e-01, 5.345151e-01
643, 4.872252e-01, 3.433943e-01
644, 4.881019e-01, 3.393632e-01
645, 4.891199e-01, 6.675736e-01
646, 4.892940e-01, 6.397739e-01
647, 4.905076e-01, 5.380633e-01
648, 4.906898e-01, 1.736526e-01
649, 4.913437e-01, 7.544019e-01
650, 4.915443e-01, 2.037791e-01
651, 4.925059e-01, 1.991874e-01
652, 4.929295e-01, 6.458741e-01
653, 4.932511e-01, 1.745472e-01
654, 4.933257e-01, 8.431874e-01
655, 4.951612e-01, 2.826273e-01
656, 4.956790e-01, 1.772125e-01
657, 4.959275e-01, 1.952119e-01
658, 4.960510e-01, 5.813388e-01
659, 4.960902e-01, 2.798140e-01
660, 4.967808e-01, 4.135913e-01
661, 4.985775e-01, 3.937771e-01
662, 4.986062e-01, 7.776021e-01
663, 4.991757e-01, 4.869424e-01
664, 4.996474e-01, 5.824088e-01
665, 4.997668e-01, 4.166744e-01
666, 4.997903e-01, 5.140417e-01
667, 4.999836e-01, 5.097392e-01
668, 5.012918e-01, 3.866798e-01
669, 5.020713e-01, 8.036204e-01
670, 5.025360e-01, 2.204521e-01
671, 5.028159e-01, 6.908168e-01
672, 5.031592e-01, 5.861007e-01
673, 5.032003e-01, 6.883141e-01
674, 5.032158e-01, 7.155068e-01
675, 5.046185e-01, 4.179474e-01
676, 5.050469e-01, 2.208862e-01
677, 5.052979e-01, 7.195359e-01
678, 5.056533e-01, 8.225672e-01
679, 5.063975e-01, 7.994152e-01
680, 5.071319e-01, 7.969002e-01
681, 5.078686e-01, 6.294898e-01
682, 5.083369e-01, 3.547031e-01
683, 5.088376e-01, 8.256708e-01
684, 5.098775e-01, 2.435829e-01
685, 5.098970e-01, 4.426183e-01
686, 5.107551e-01, 2.261441e-01
687, 5.119330e-01, 6.601094e-01
688, 5.119832e-01, 5.380111e-01
689, 5.121709e-01, 5.350579e-01
690, 5.123083e-01, 4.630811e-01
691, 5.126248e-01, 4.397648e-01
692, 5.126283e-01, 3.326416e-01
693, 5.130014e-01, 6.312131e-01
694, 5.130152e-01, 6.549026e-01
695, 5.142664e-01, 4.347504e-01
696, 5.143276e-01, 4.651491e-01
697, 5.146247e-01, 7.372098e-01
698, 5.147063e-01, 6.532131e-01
699, 5.157999e-01, 6.345591e-01
700, 5.160034e-01, 2.684029e-01
701, 5.162722e-01, 7.395977e-01
702, 5.165795e-01, 4.658852e-01
703, 5.176548e-01, 7.694843e-01
704, 5.178041e-01, 2.981430e-01
705, 5.181918e-01, 7.664360e-01
706, 5.183696e-01, 2.952944e-01
707, 5.199401e-01, 8.432461e-01
708, 5.212093e-01, 2.727596e-01
709, 5.213751e-01, 2.920318e-01
710, 5.213906e-01, 5.101822e-01
711, 5.223090e-01, 4.035508e-01
712, 5.231136e-01, 4.893644e-01
713, 5.237011e-01, 4.059553e-01
714, 5.247889e-01, 6.064911e-01
715, 5.253336e-01, 5.139819e-01
716, 5.253426e-01, 7.082644e-01
717, 5.254835e-01, 6.118627e-01
718, 5.263966e-01, 7.042843e-01
719, 5.270364e-01, 7.840787e-01
720, 5.281655e-01, 5.146285e-01
721, 5.284868e-01, 8.102535e-01
722, 5.286667e-01, 6.821519e-01
723, 5.301301e-01, 7.895409e-01
724, 5.307830e-01, 3.497986e-01
725, 5.316242e-01, 2.468801e-01
726, 5.316782e-01, 3.432407e-01
727, 5.334418e-01, 2.453175e-01
728, 5.339053e-01, 4.245836e-01
729, 5.342894e-01, 3.406852e-01
730, 5.344580e-01, 3.197461e-01
731, 5.347305e-01, 5.390100e-01
732, 5.349373e-01, 4.503825e-01
733, 5.356788e-01, 7.253356e-01
734, 5.358854e-01, 5.576907e-01
735, 5.376470e-01, 7.560136e-01
736, 5.381705e-01, 5.351326e-01
737, 5.382844e-01, 6.573723e-01
738, 5.382852e-01, 6.342014e-01
739, 5.385322e-01, 6.278967e-01
740, 5.388589e-01, 5.324678e-01
741, 5.391537e-01, 7.507846e-01
742, 5.399402e-01, 7.267296e-01
743, 5.411914e-01, 3.639997e-01
744, 5.412171e-01, 1.979353e-01
745, 5.413057e-01, 7.486522e-01
746, 5.418338e-01, 1.783888e-01
747, 5.424699e-01, 7.296961e-01
748, 5.429395e-01, 2.716586e-01
749, 5.429639e-01, 2.685276e-01
750, 5.433514e-01, 8.388221e-01
751, 5.434006e-01, 3.949491e-01
752, 5.434668e-01, 3.646273e-01
753, 5.439012e-01, 2.910888e-01
754, 5.444866e-01, 2.010056e-01
755, 5.446212e-01, 2.738038e-01
756, 5.447419e-01, 3.908397e-01
757, 5.451059e-01, 1.750783e-01
758, 5.452745e-01, 2.967332e-01
759, 5.454861e-01, 2.933201e-01
760, 5.459570e-01, 1.709936e-01
761, 5.468808e-01, 3.681877e-01
762, 5.471479e-01, 3.884450e-01
763, 5.474695e-01, 2.016926e-01
764, 5.476102e-01, 6.041346e-01
765, 5.481674e-01, 5.873130e-01
766, 5.499743e-01, 6.818276e-01
767, 5.505667e-01, 6.783533e-01
768, 5.515594e-01, 5.840963e-01
769, 5.515807e-01, 8.037973e-01
770, 5.517032e-01, 7.009418e-01
771, 5.517656e-01, 7.057819e-01
772, 5.519861e-01, 6.091477e-01
773, 5.525876e-01, 4.122295e-01
774, 5.527221e-01, 7.996195e-01
775, 5.530485e-01, 5.783379e-01
776, 5.540016e-01, 2.428582e-01
777, 5.543398e-01, 7.785105e-01
778, 5.547142e-01, 6.099424e-01
779, 5.549531e-01, 7.970501e-01
780, 5.552330e-01, 2.253281e-01
781, 5.553187e-01, 3.386576e-01
782, 5.557997e-01, 4.437322e-01
783, 5.569537e-01, 4.393833e-01
784, 5.570287e-01, 3.163482e-01
785, 5.575166e-01, 2.227717e-01
786, 5.580399e-01, 3.425378e-01
787, 5.583184e-01, 2.192770e-01
788, 5.587319e-01, 5.213366e-01
789, 5.590107e-01, 4.374529e-01
790, 5.596237e-01, 4.140519e-01
791, 5.606282e-01, 5.492629e-01
792, 5.613892e-01, 6.530364e-01
793, 5.626301e-01, 6.321817e-01
794, 5.632868e-01, 7.506709e-01
795, 5.633875e-01, 7.535734e-01
796, 5.643767e-01, 6.303253e-01
797, 5.645951e-01, 8.476294e-01
798, 5.649445e-01, 7.241864e-01
799, 5.652004e-01, 6.271118e-01
800, 5.655234e-01, 7.479471e-01
801, 5.661199e-01, 8.251349e-01
802, 5.663495e-01, 1.872428e-01
803, 5.666353e-01, 8.455310e-01
804, 5.672888e-01, 4.614582e-01
805, 5.675101e-01, 2.926582e-01
806, 5.676908e-01, 1.906698e-01
807, 5.684074e-01, 4.924700e-01
808, 5.694835e-01, 4.889982e-01
809, 5.695819e-01, 3.894724e-01
810, 5.699428e-01, 2.655900e-01
811, 5.703805e-01, 3.677741e-01
812, 5.705514e-01, 5.680308e-01
813, 5.721864e-01, 5.947015e-01
814, 5.730662e-01, 4.855743e-01
815, 5.742631e-01, 5.693710e-01
816, 5.745598e-01, 5.986609e-01
817, 5.747081e-01, 7.007842e-01
818, 5.764916e-01, 7.982013e-01
819, 5.766851e-01, 8.015371e-01
820, 5.770826e-01, 7.732285e-01
821, 5.770990e-01, 7.762357e-01
822, 5.775535e-01, 7.039764e-01
823, 5.777885e-01, 2.331488e-01
824, 5.781507e-01, 2.070270e-01
825, 5.781972e-01, 7.959782e-01
826, 5.785620e-01, 6.750633e-01
827, 5.787166e-01, 3.220593e-01
828, 5.794428e-01, 5.098363e-01
829, 5.795008e-01, 3.403518e-01
830, 5.799916e-01, 2.096495e-01
831, 5.811564e-01, 4.351412e-01
832, 5.811632e-01, 4.176329e-01
833, 5.812455e-01, 5.401848e-01
834, 5.813072e-01, 7.053003e-01
835, 5.823009e-01, 5.365996e-01
836, 5.825059e-01, 3.430466e-01
837, 5.826123e-01, 3.180728e-01
838, 5.836052e-01, 3.134139e-01
839, 5.837893e-01, 5.109268e-01
840, 5.843621e-01, 4.141775e-01
841, 5.854944e-01, 7.483704e-01
842, 5.858176e-01, 5.129988e-01
843, 5.862584e-01, 5.327088e-01
844, 5.871705e-01, 7.287546e-01
845, 5.873538e-01, 6.436405e-01
846, 5.874534e-01, 6.466298e-01
847, 5.876497e-01, 1.776650e-01
848, 5.880252e-01, 3.443808e-01
849, 5.883282e-01, 1.751885e-01
850, 5.889299e-01, 7.520819e-01
851, 5.889908e-01, 7.269943e-01
852, 5.898841e-01, 5.561994e-01
853, 5.899486e-01, 8.204529e-01
854, 5.907018e-01, 7.211530e-01
855, 5.915444e-01, 2.561401e-01
856, 5.916572e-01, 2.817177e-01
857, 5.921525e-01, 2.537951e-01
858, 5.926244e-01, 3.686287e-01
859, 5.926415e-01, 1.533206e-01
860, 5.931702e-01, 2.851376e-01
861, 5.933220e-01, 3.880637e-01
862, 5.934093e-01, 1.705213e-01
863, 5.953047e-01, 7.535223e-01
864, 5.953622e-01, 3.659259e-01
865, 5.965004e-01, 3.912686e-01
866, 5.968609e-01, 5.575829e-01
867, 5.971203e-01, 3.603624e-01
868, 5.972946e-01, 1.949694e-01
869, 5.991165e-01, 6.894338e-01
870, 5.991437e-01, 7.964697e-01
871, 5.999766e-01, 5.793790e-01
872, 6.002074e-01, 7.769946e-01
873, 6.003614e-01, 6.674825e-01
874, 6.006530e-01, 5.612746e-01
875, 6.006810e-01, 3.922674e-01
876, 6.026561e-01, 7.747373e-01
877, 6.028264e-01, 1.962635e-01
878, 6.030030e-01, 8.008647e-01
879, 6.036298e-01, 7.712024e-01
880, 6.039799e-01, 3.023314e-01
881, 6.042698e-01, 2.188052e-01
882, 6.043138e-01, 6.040168e-01
883, 6.044257e-01, 4.357181e-01
884, 6.053777e-01, 8.013733e-01
885, 6.054218e-01, 1.989455e-01
886, 6.058711e-01, 4.177678e-01
887, 6.076150e-01, 6.049396e-01
888, 6.076312e-01, 5.343959e-01
889, 6.076555e-01, 3.324742e-01
890, 6.077925e-01, 6.320622e-01
891, 6.081222e-01, 5.128786e-01
892, 6.083116e-01, 5.077370e-01
893, 6.083796e-01, 4.396880e-01
894, 6.093335e-01, 5.323434e-01
895, 6.093708e-01, 4.146745e-01
896, 6.106205e-01, 4.104612e-01
897, 6.108882e-01, 6.079528e-01
898, 6.120279e-01, 8.426147e-01
899, 6.123523e-01, 6.270572e-01
900, 6.126058e-01, 4.409253e-01
901, 6.132374e-01, 1.755158e-01
902, 6.134291e-01, 8.264522e-01
903, 6.134682e-01, 2.730381e-01
904, 6.140901e-01, 2.706646e-01
905, 6.161715e-01, 8.236641e-01
906, 6.163898e-01, 1.526814e-01
907, 6.164141e-01, 2.683714e-01
908, 6.166821e-01, 2.471468e-01
909, 6.173288e-01, 8.483678e-01
910, 6.175283e-01, 8.180910e-01
911, 6.178280e-01, 6.517228e-01
912, 6.181075e-01, 3.776349e-01
913, 6.192588e-01, 4.854923e-01
914, 6.203370e-01, 3.814724e-01
915, 6.205889e-01, 6.525352e-01
916, 6.207331e-01, 6.829965e-01
917, 6.217427e-01, 6.788530e-01
918, 6.219077e-01, 4.569448e-01
919, 6.222212e-01, 2.897895e-01
920, 6.222338e-01, 5.587403e-01
921, 6.241467e-01, 7.869343e-01
922, 6.242645e-01, 6.560302e-01
923, 6.242848e-01, 6.762746e-01
924, 6.256107e-01, 3.210875e-01
925, 6.256112e-01, 7.894936e-01
926, 6.260538e-01, 2.252001e-01
927, 6.266576e-01, 3.171110e-01
928, 6.270360e-01, 1.996170e-01
929, 6.275136e-01, 1.955463e-01
930, 6.279788e-01, 7.905252e-01
931, 6.282006e-01, 2.913106e-01
932, 6.290314e-01, 3.150068e-01
933, 6.292839e-01, 3.965967e-01
934, 6.314031e-01, 6.053670e-01
935, 6.316831e-01, 5.124148e-01
936, 6.324625e-01, 2.957660e-01
937, 6.325244e-01, 7.012895e-01
938, 6.327014e-01, 5.330477e-01
939, 6.339253e-01, 5.095457e-01
940, 6.345882e-01, 6.264894e-01
941, 6.346800e-01, 6.068287e-01
942, 6.347484e-01, 5.056863e-01
943, 6.350121e-01, 6.325295e-01
944, 6.361305e-01, 7.042740e-01
945, 6.371644e-01, 5.347233e-01
946, 6.374552e-01, 1.528931e-01
947, 6.380695e-01, 7.233258e-01
948, 6.381099e-01, 8.339552e-01
949, 6.383376e-01, 1.739888e-01
950, 6.387811e-01, 3.700213e-01
951, 6.397587e-01, 2.660695e-01
952, 6.397681e-01, 3.651870e-01
953, 6.400022e-01, 2.435145e-01
954, 6.400654e-01, 2.491193e-01
955, 6.403031e-01, 2.684085e-01
956, 6.425787e-01, 3.622549e-01
957, 6.427504e-01, 4.730746e-01
958, 6.428207e-01, 7.467968e-01
959, 6.432050e-01, 4.493903e-01
960, 6.435720e-01, 5.810907e-01
961, 6.436967e-01, 1.759160e-01
962, 6.437549e-01, 3.441650e-01
963, 6.438407e-01, 5.598625e-01
964, 6.453918e-01, 7.794665e-01
965, 6.454730e-01, 5.828735e-01
966, 6.462893e-01, 5.577387e-01
967, 6.464077e-01, 7.476833e-01
968, 6.468516e-01, 7.736338e-01
969, 6.477627e-01, 5.533375e-01
970, 6.487747e-01, 7.718847e-01
971, 6.495855e-01, 5.837966e-01
972, 6.496739e-01, 1.999773e-01
973, 6.497824e-01, 2.201434e-01
974, 6.500065e-01, 7.510224e-01
975, 6.511236e-01, 3.852650e-01
976, 6.514579e-01, 4.168453e-01
977, 6.515491e-01, 3.882345e-01
978, 6.517632e-01, 2.222803e-01
979, 6.521403e-01, 3.202056e-01
980, 6.523560e-01, 4.135053e-01
981, 6.541441e-01, 4.948286e-01
982, 6.541527e-01, 1.954848e-01
983, 6.545806e-01, 3.911623e-01
984, 6.547546e-01, 1.930099e-01
985, 6.548277e-01, 4.107636e-01
986, 6.567777e-01, 4.948660e-01
987, 6.578252e-01, 2.238244e-01
988, 6.579556e-01, 6.279095e-01
989, 6.585252e-01, 5.258686e-01
990, 6.585714e-01, 6.070383e-01
991, 6.586276e-01, 7.268020e-01
992, 6.596835e-01, 8.246821e-01
993, 6.602086e-01, 8.222764e-01
994, 6.604893e-01, 6.306371e-01
995, 6.608245e-01, 6.001124e-01
996, 6.616383e-01, 1.618171e-01
997, 6.628481e-01, 8.194037e-01
998, 6.629212e-01, 4.351755e-01
999, 6.631370e-01, 6.314030e-01
1000, 6.639389e-01, 2.687089e-01
1001, 6.639620e-01, 2.470028e-01
1002, 6.639948e-01, 8.001928e-01
1003, 6.645417e-01, 4.665276e-01
1004, 6.651240e-01, 3.664308e-01
1005, 6.656767e-01, 2.705303e-01
1006, 6.657195e-01, 2.405010e-01
1007, 6.683435e-01, 4.395608e-01
1008, 6.691001e-01, 2.714707e-01
1009, 6.697025e-01, 6.758038e-01
1010, 6.702813e-01, 6.571025e-01
1011, 6.716943e-01, 7.714263e-01
1012, 6.717708e-01, 7.743363e-01
1013, 6.727090e-01, 6.786696e-01
1014, 6.731681e-01, 6.541764e-01
1015, 6.731694e-01, 4.822252e-01
1016, 6.739783e-01, 1.810303e-01
1017, 6.747117e-01, 6.490287e-01
1018, 6.749096e-01, 8.466539e-01
1019, 6.750421e-01, 3.155396e-01
1020, 6.754092e-01, 1.833517e-01
1021, 6.771802e-01, 4.832202e-01
1022, 6.772435e-01, 6.801309e-01
1023, 6.773679e-01, 3.181203e-01
1024, 6.774889e-01, 2.095377e-01
1025, 6.777894e-01, 4.110842e-01
1026, 6.778077e-01, 4.143063e-01
1027, 6.784239e-01, 5.135097e-01
1028, 6.784671e-01, 5.892867e-01
1029, 6.795781e-01, 2.861487e-01
1030, 6.798540e-01, 5.096936e-01
1031, 6.808496e-01, 5.903284e-01
1032, 6.808676e-01, 6.141529e-01
1033, 6.816926e-01, 3.193719e-01
1034, 6.818529e-01, 4.878929e-01
1035, 6.818548e-01, 7.040960e-01
1036, 6.820205e-01, 5.076572e-01
1037, 6.839438e-01, 7.258920e-01
1038, 6.843675e-01, 5.902004e-01
1039, 6.849866e-01, 6.208927e-01
1040, 6.852263e-01, 2.540862e-01
1041, 6.852621e-01, 7.006016e-01
1042, 6.855297e-01, 7.987444e-01
1043, 6.858631e-01, 7.962816e-01
1044, 6.865052e-01, 6.958413e-01
1045, 6.871792e-01, 3.624159e-01
1046, 6.881552e-01, 5.318887e-01
1047, 6.891003e-01, 3.646799e-01
1048, 6.892023e-01, 7.273110e-01
1049, 6.902214e-01, 5.612808e-01
1050, 6.907720e-01, 5.589758e-01
1051, 6.909530e-01, 4.650883e-01
1052, 6.909731e-01, 4.589510e-01
1053, 6.925367e-01, 3.359117e-01
1054, 6.937647e-01, 1.698938e-01
1055, 6.942246e-01, 7.702197e-01
1056, 6.943616e-01, 5.547960e-01
1057, 6.954649e-01, 7.517442e-01
1058, 6.966288e-01, 3.671114e-01
1059, 6.970437e-01, 2.010252e-01
1060, 6.970685e-01, 8.468250e-01
1061, 6.973465e-01, 8.421148e-01
1062, 6.980250e-01, 2.770589e-01
1063, 6.982986e-01, 7.745920e-01
1064, 6.985063e-01, 1.709092e-01
1065, 6.990139e-01, 7.482970e-01
1066, 6.997594e-01, 7.450211e-01
1067, 7.002250e-01, 2.780260e-01
1068, 7.002250e-01, 3.026985e-01
1069, 7.007654e-01, 1.731087e-01
1070, 7.012736e-01, 4.105036e-01
1071, 7.014740e-01, 5.784751e-01
1072, 7.018182e-01, 7.753475e-01
1073, 7.021323e-01, 6.080812e-01
1074, 7.028197e-01, 2.776925e-01
1075, 7.037409e-01, 4.134300e-01
1076, 7.043023e-01, 3.850614e-01
1077, 7.063392e-01, 6.864863e-01
1078, 7.077123e-01, 8.006261e-01
1079, 7.078124e-01, 2.487461e-01
1080, 7.078418e-01, 4.144886e-01
1081, 7.081404e-01, 6.023282e-01
1082, 7.081499e-01, 5.836531e-01
1083, 7.084599e-01, 8.184655e-01
1084, 7.087614e-01, 6.901670e-01
1085, 7.090510e-01, 2.433653e-01
1086, 7.116152e-01, 2.409363e-01
1087, 7.119322e-01, 7.965019e-01
1088, 7.130357e-01, 7.921115e-01
1089, 7.135207e-01, 2.226836e-01
1090, 7.141292e-01, 4.397317e-01
1091, 7.141530e-01, 8.236123e-01
1092, 7.145504e-01, 6.265904e-01
1093, 7.162750e-01, 6.576199e-01
1094, 7.165133e-01, 5.340124e-01
1095, 7.165385e-01, 5.304500e-01
1096, 7.174861e-01, 6.533351e-01
1097, 7.178235e-01, 4.361636e-01
1098, 7.183760e-01, 5.580039e-01
1099, 7.187392e-01, 2.652841e-01
1100, 7.188413e-01, 4.328293e-01
1101, 7.190642e-01, 6.303879e-01
1102, 7.192771e-01, 4.616319e-01
1103, 7.193139e-01, 6.514881e-01
1104, 7.195410e-01, 7.602589e-01
1105, 7.212792e-01, 8.464622e-01
1106, 7.213002e-01, 1.744586e-01
1107, 7.216651e-01, 2.973258e-01
1108, 7.224187e-01, 1.926900e-01
1109, 7.225780e-01, 7.367988e-01
1110, 7.228835e-01, 2.931185e-01
1111, 7.231592e-01, 1.724723e-01
1112, 7.237864e-01, 1.990173e-01
1113, 7.238451e-01, 2.660767e-01
1114, 7.240903e-01, 8.433092e-01
1115, 7.242490e-01, 1.949096e-01
1116, 7.255253e-01, 1.715669e-01
1117, 7.258997e-01, 3.987586e-01
1118, 7.260623e-01, 2.902171e-01
1119, 7.260884e-01, 2.682747e-01
1120, 7.267039e-01, 3.767358e-01
1121, 7.269798e-01, 6.745079e-01
1122, 7.271654e-01, 5.064287e-01
1123, 7.281295e-01, 4.058943e-01
1124, 7.285424e-01, 4.028593e-01
1125, 7.289619e-01, 5.813265e-01
1126, 7.301751e-01, 5.095674e-01
1127, 7.301878e-01, 7.038510e-01
1128, 7.307560e-01, 4.782995e-01
1129, 7.309423e-01, 6.757836e-01
1130, 7.314352e-01, 3.127652e-01
1131, 7.316178e-01, 6.994350e-01
1132, 7.331700e-01, 8.089448e-01
1133, 7.334838e-01, 6.976710e-01
1134, 7.335863e-01, 6.784404e-01
1135, 7.341537e-01, 3.441270e-01
1136, 7.343480e-01, 5.108061e-01
1137, 7.350562e-01, 2.211484e-01
1138, 7.357850e-01, 3.382913e-01
1139, 7.376271e-01, 4.210037e-01
1140, 7.384664e-01, 3.356218e-01
1141, 7.386368e-01, 7.233432e-01
1142, 7.387658e-01, 4.483166e-01
1143, 7.394715e-01, 5.338985e-01
1144, 7.397027e-01, 4.249397e-01
1145, 7.398927e-01, 5.543581e-01
1146, 7.401186e-01, 4.510221e-01
1147, 7.414741e-01, 7.546388e-01
1148, 7.416750e-01, 6.300390e-01
1149, 7.417901e-01, 6.266958e-01
1150, 7.422824e-01, 7.503352e-01
1151, 7.432672e-01, 7.243299e-01
1152, 7.436690e-01, 5.577022e-01
1153, 7.449944e-01, 1.752653e-01
1154, 7.455259e-01, 3.608716e-01
1155, 7.455831e-01, 1.939539e-01
1156, 7.460643e-01, 5.582779e-01
1157, 7.473468e-01, 3.915921e-01
1158, 7.474665e-01, 1.957632e-01
1159, 7.477066e-01, 2.711535e-01
1160, 7.478362e-01, 7.440728e-01
1161, 7.493527e-01, 2.648935e-01
1162, 7.496306e-01, 2.690750e-01
1163, 7.499421e-01, 3.621314e-01
1164, 7.507873e-01, 1.698444e-01
1165, 7.511207e-01, 4.952930e-01
1166, 7.515259e-01, 1.968554e-01
1167, 7.516632e-01, 1.665637e-01
1168, 7.516702e-01, 6.011929e-01
1169, 7.516802e-01, 5.824618e-01
1170, 7.523090e-01, 3.648368e-01
1171, 7.543021e-01, 6.999124e-01
1172, 7.548464e-01, 7.995488e-01
1173, 7.556147e-01, 7.968708e-01
1174, 7.559009e-01, 5.785351e-01
1175, 7.564187e-01, 6.767184e-01
1176, 7.566769e-01, 5.751971e-01
1177, 7.567445e-01, 6.976695e-01
1178, 7.579945e-01, 7.944487e-01
1179, 7.580319e-01, 4.102166e-01
1180, 7.580875e-01, 7.733830e-01
1181, 7.584462e-01, 2.416512e-01
1182, 7.586915e-01, 6.068493e-01
1183, 7.599535e-01, 2.209502e-01
1184, 7.603194e-01, 4.399697e-01
1185, 7.606687e-01, 2.440160e-01
1186, 7.608148e-01, 3.364871e-01
1187, 7.609039e-01, 4.368697e-01
1188, 7.619068e-01, 2.154372e-01
1189, 7.639809e-01, 8.177671e-01
1190, 7.640774e-01, 4.331852e-01
1191, 7.645804e-01, 3.386274e-01
1192, 7.649335e-01, 5.452925e-01
1193, 7.649667e-01, 2.454079e-01
1194, 7.652647e-01, 6.310549e-01
1195, 7.660684e-01, 6.502957e-01
1196, 7.679600e-01, 8.477971e-01
1197, 7.679718e-01, 6.521056e-01
1198, 7.682755e-01, 1.554795e-01
1199, 7.688544e-01, 6.269615e-01
1200, 7.688779e-01, 7.484645e-01
1201, 7.695065e-01, 6.231392e-01
1202, 7.697038e-01, 2.697280e-01
1203, 7.701937e-01, 4.563181e-01
1204, 7.705623e-01, 8.195378e-01
1205, 7.707186e-01, 2.893158e-01
1206, 7.713404e-01, 1.843096e-01
1207, 7.727562e-01, 1.869658e-01
1208, 7.728860e-01, 4.570247e-01
1209, 7.730041e-01, 6.530691e-01
1210, 7.738560e-01, 3.661108e-01
1211, 7.741339e-01, 3.637259e-01
1212, 7.741535e-01, 2.925807e-01
1213, 7.741865e-01, 2.656524e-01
1214, 7.742740e-01, 3.875455e-01
1215, 7.753404e-01, 3.853551e-01
1216, 7.767549e-01, 4.808750e-01
1217, 7.767737e-01, 4.615716e-01
1218, 7.771994e-01, 2.933652e-01
1219, 7.772987e-01, 5.938560e-01
1220, 7.784053e-01, 6.985467e-01
1221, 7.786500e-01, 6.782805e-01
1222, 7.791263e-01, 5.684328e-01
1223, 7.806928e-01, 7.009303e-01
1224, 7.808105e-01, 7.739651e-01
1225, 7.809930e-01, 2.044739e-01
1226, 7.812891e-01, 2.018456e-01
1227, 7.815127e-01, 7.707684e-01
1228, 7.821216e-01, 2.306521e-01
1229, 7.824683e-01, 5.044613e-01
1230, 7.825076e-01, 6.751640e-01
1231, 7.835526e-01, 6.718352e-01
1232, 7.837120e-01, 2.087945e-01
1233, 7.839880e-01, 3.371564e-01
1234, 7.841194e-01, 3.165390e-01
1235, 7.847852e-01, 2.353704e-01
1236, 7.856466e-01, 7.022977e-01
1237, 7.863628e-01, 4.088231e-01
1238, 7.866996e-01, 3.138365e-01
1239, 7.871785e-01, 4.392597e-01
1240, 7.873953e-01, 3.112991e-01
1241, 7.878254e-01, 3.403556e-01
1242, 7.882763e-01, 5.055859e-01
1243, 7.889682e-01, 6.117084e-01
1244, 7.899833e-01, 7.455781e-01
1245, 7.910100e-01, 5.297055e-01
1246, 7.910100e-01, 5.082987e-01
1247, 7.912246e-01, 6.150976e-01
1248, 7.912548e-01, 7.245920e-01
1249, 7.912687e-01, 6.395925e-01
1250, 7.922456e-01, 1.746510e-01
1251, 7.922461e-01, 8.226272e-01
1252, 7.924760e-01, 6.421811e-01
1253, 7.929961e-01, 1.718682e-01
1254, 7.934133e-01, 7.226685e-01
1255, 7.939162e-01, 8.206120e-01
1256, 7.943573e-01, 8.410837e-01
1257, 7.944337e-01, 7.496061e-01
1258, 7.944463e-01, 7.194172e-01
1259, 7.947891e-01, 5.525811e-01
1260, 7.954407e-01, 2.826097e-01
1261, 7.956458e-01, 1.692485e-01
1262, 7.969204e-01, 7.500232e-01
1263, 7.972169e-01, 3.646719e-01
1264, 7.973809e-01, 3.852353e-01
1265, 7.982144e-01, 2.824741e-01
1266, 7.987184e-01, 5.842322e-01
1267, 7.990283e-01, 5.539590e-01
1268, 7.993707e-01, 3.623527e-01
1269, 7.994357e-01, 4.855843e-01
1270, 7.994824e-01, 4.807979e-01
1271, 8.002111e-01, 3.880031e-01
1272, 8.002477e-01, 5.782435e-01
1273, 8.003958e-01, 3.578365e-01
1274, 8.004755e-01, 4.566603e-01
1275, 8.005918e-01, 4.617868e-01
1276, 8.016221e-01, 6.603222e-01
1277, 8.025668e-01, 5.760510e-01
1278, 8.026590e-01, 5.574376e-01
1279, 8.034007e-01, 3.890387e-01
1280, 8.036536e-01, 6.632594e-01
1281, 8.039514e-01, 7.740905e-01
1282, 8.041132e-01, 7.944235e-01
1283, 8.044827e-01, 6.902629e-01
1284, 8.047338e-01, 2.225757e-01
1285, 8.055490e-01, 2.179828e-01
1286, 8.062512e-01, 7.963702e-01
1287, 8.073178e-01, 2.988903e-01
1288, 8.076481e-01, 6.006348e-01
1289, 8.077379e-01, 7.702882e-01
1290, 8.079637e-01, 2.153291e-01
1291, 8.081381e-01, 1.959050e-01
1292, 8.081874e-01, 4.319196e-01
1293, 8.084025e-01, 7.676812e-01
1294, 8.096842e-01, 7.973125e-01
1295, 8.101578e-01, 3.035683e-01
1296, 8.108442e-01, 4.121306e-01
1297, 8.118724e-01, 6.329225e-01
1298, 8.120311e-01, 6.016354e-01
1299, 8.123692e-01, 5.341450e-01
1300, 8.126045e-01, 4.367554e-01
1301, 8.127129e-01, 4.103349e-01
1302, 8.131673e-01, 5.093770e-01
1303, 8.134287e-01, 5.048730e-01
1304, 8.141140e-01, 6.265927e-01
1305, 8.152470e-01, 6.047929e-01
1306, 8.164128e-01, 8.403518e-01
1307, 8.166108e-01, 4.378386e-01
1308, 8.172432e-01, 8.207788e-01
1309, 8.178805e-01, 2.700597e-01
1310, 8.188496e-01, 2.667034e-01
1311, 8.195966e-01, 8.181402e-01
1312, 8.196580e-01, 8.434256e-01
1313, 8.202354e-01, 2.434889e-01
1314, 8.202829e-01, 3.733525e-01
1315, 8.205198e-01, 8.136755e-01
1316, 8.218355e-01, 2.634271e-01
1317, 8.227910e-01, 3.504759e-01
1318, 8.228501e-01, 6.495496e-01
1319, 8.232049e-01, 3.787965e-01
1320, 8.240943e-01, 4.602203e-01
1321, 8.248244e-01, 6.786880e-01
1322, 8.249022e-01, 4.824869e-01
1323, 8.250458e-01, 5.796467e-01
1324, 8.250759e-01, 8.446889e-01
1325, 8.256026e-01, 6.748172e-01
1326, 8.260961e-01, 6.505360e-01
1327, 8.266882e-01, 7.554344e-01
1328, 8.267535e-01, 4.572177e-01
1329, 8.272850e-01, 4.836359e-01
1330, 8.273587e-01, 4.547556e-01
1331, 8.278615e-01, 2.877742e-01
1332, 8.289102e-01, 6.707824e-01
1333, 8.297739e-01, 7.593019e-01
1334, 8.308615e-01, 2.190908e-01
1335, 8.309209e-01, 2.886145e-01
1336, 8.313132e-01, 1.959050e-01
1337, 8.313932e-01, 3.187321e-01
1338, 8.318748e-01, 1.933543e-01
1339, 8.324412e-01, 3.130530e-01
1340, 8.344988e-01, 3.107563e-01
1341, 8.352986e-01, 2.931041e-01
1342, 8.355489e-01, 5.081700e-01
1343, 8.356804e-01, 6.952473e-01
1344, 8.366488e-01, 5.304720e-01
1345, 8.367214e-01, 3.984411e-01
1346, 8.373597e-01, 7.266957e-01
1347, 8.377385e-01, 6.051957e-01
1348, 8.379361e-01, 6.281883e-01
1349, 8.381763e-01, 5.052704e-01
1350, 8.383273e-01, 5.997488e-01
1351, 8.385992e-01, 6.961105e-01
1352, 8.387856e-01, 7.223134e-01
1353, 8.392551e-01, 8.028712e-01
1354, 8.395830e-01, 5.003013e-01
1355, 8.410439e-01, 8.292465e-01
1356, 8.412321e-01, 5.315320e-01
1357, 8.415400e-01, 1.677181e-01
1358, 8.417565e-01, 8.038096e-01
1359, 8.418816e-01, 6.995993e-01
1360, 8.422526e-01, 8.352277e-01
1361, 8.427086e-01, 8.323712e-01
1362, 8.430746e-01, 8.067175e-01
1363, 8.433941e-01, 2.683413e-01
1364, 8.448734e-01, 1.706961e-01
1365, 8.456179e-01, 4.420110e-01
1366, 8.464357e-01, 3.607474e-01
1367, 8.475695e-01, 3.397155e-01
1368, 8.476016e-01, 4.690544e-01
1369, 8.479852e-01, 7.438014e-01
1370, 8.480710e-01, 1.715515e-01
1371, 8.484732e-01, 5.563782e-01
1372, 8.486753e-01, 5.763875e-01
1373, 1.588810e-01, 4.677432e-01
1374, 1.574716e-01, 1.663546e-01
1375, 1.606511e-01, 1.966628e-01
1376, 1.550012e-01, 7.361136e-01
1377, 1.558409e-01, 7.550366e-01
1378, 1.572963e-01, 8.310506e-01
1379, 1.527482e-01, 5.571317e-01
1380, 1.565736e-01, 6.351989e-01
1381, 1.614527e-01, 3.746004e-01
1382, 1.612760e-01, 3.974600e-01
1383, 1.639535e-01, 4.924840e-01
1384, 1.719469e-01, 7.130867e-01
1385, 1.634945e-01, 5.753959e-01
1386, 1.730043e-01, 3.254237e-01
1387, 1.692007e-01, 2.132288e-01
1388, 1.732295e-01, 4.235059e-01
1389, 1.741104e-01, 4.439865e-01
1390, 1.819443e-01, 2.624547e-01
1391, 1.767066e-01, 6.211425e-01
1392, 1.800233e-01, 1.834399e-01
1393, 1.885443e-01, 3.992910e-01
1394, 1.866760e-01, 4.696263e-01
1395, 1.893318e-01, 5.884563e-01
1396, 1.852333e-01, 2.917657e-01
1397, 1.932822e-01, 7.825463e-01
1398, 1.986630e-01, 3.405018e-01
1399, 2.105919e-01, 3.884807e-01
1400, 1.904678e-01, 6.709559e-01
1401, 2.040983e-01, 7.490502e-01
1402, 2.056035e-01, 8.303582e-01
1403, 2.007994e-01, 4.192702e-01
1404, 2.028760e-01, 7.185108e-01
1405, 2.062507e-01, 1.572363e-01
1406, 2.072517e-01, 2.526003e-01
1407, 2.150170e-01, 7.654975e-01
1408, 2.123919e-01, 5.657423e-01
1409, 2.151443e-01, 6.833577e-01
1410, 2.235112e-01, 4.357546e-01
1411, 2.229482e-01, 5.407573e-01
1412, 2.300858e-01, 8.429708e-01
1413, 2.371149e-01, 6.848082e-01
1414, 2.243634e-01, 5.188364e-01
1415, 2.324536e-01, 4.543397e-01
1416, 2.368449e-01, 4.805982e-01
1417, 2.273249e-01, 8.160492e-01
1418, 2.306816e-01, 2.748070e-01
1419, 2.318875e-01, 3.490382e-01
1420, 2.420060e-01, 3.937325e-01
1421, 2.442069e-01, 2.034554e-01
1422, 2.396884e-01, 5.629427e-01
1423, 2.448070e-01, 3.029326e-01
1424, 2.441637e-01, 3.210237e-01
1425, 2.457859e-01, 4.186638e-01
1426, 2.456672e-01, 5.030916e-01
1427, 2.520230e-01, 8.267669e-01
1428, 2.504687e-01, 7.095851e-01
1429, 2.502812e-01, 7.309069e-01
1430, 2.584577e-01, 2.780917e-01
1431, 2.497644e-01, 5.319295e-01
1432, 2.610480e-01, 5.795915e-01
1433, 2.695151e-01, 4.180000e-01
1434, 2.549710e-01, 1.702628e-01
1435, 2.654417e-01, 1.880149e-01
1436, 2.658240e-01, 6.873659e-01
1437, 2.741533e-01, 6.266044e-01
1438, 2.681789e-01, 2.174048e-01
1439, 2.787588e-01, 2.647279e-01
1440, 2.716634e-01, 5.968119e-01
1441, 2.769527e-01, 8.277114e-01
1442, 2.762737e-01, 8.050672e-01
1443, 2.785684e-01, 7.064527e-01
1444, 2.819433e-01, 4.442990e-01
1445, 2.894286e-01, 7.806566e-01
1446, 2.948588e-01, 6.133000e-01
1447, 3.014089e-01, 8.056341e-01
1448, 3.053587e-01, 8.301837e-01
1449, 2.972204e-01, 6.932631e-01
1450, 3.019332e-01, 1.537504e-01
1451, 2.998407e-01, 7.227651e-01
1452, 3.051184e-01, 3.324205e-01
1453, 3.077580e-01, 5.408944e-01
1454, 3.081015e-01, 5.623741e-01
1455, 3.063198e-01, 3.612375e-01
1456, 3.203612e-01, 4.106572e-01
1457, 3.140594e-01, 2.020392e-01
1458, 3.159110e-01, 2.754377e-01
1459, 3.211599e-01, 6.090538e-01
1460, 3.308083e-01, 7.281187e-01
1461, 3.287306e-01, 1.554697e-01
1462, 3.215129e-01, 4.892240e-01
1463, 3.291056e-01, 3.227856e-01
1464, 3.265211e-01, 8.188405e-01
1465, 3.345690e-01, 6.580407e-01
1466, 3.349045e-01, 7.541542e-01
1467, 3.366198e-01, 8.356185e-01
1468, 3.515218e-01, 4.164866e-01
1469, 3.393771e-01, 1.760052e-01
1470, 3.554622e-01, 5.235755e-01
1471, 3.634697e-01, 2.981941e-01
1472, 3.507399e-01, 4.448816e-01
1473, 3.606380e-01, 1.621083e-01
1474, 3.604758e-01, 8.251898e-01
1475, 3.600510e-01, 7.324158e-01
1476, 3.583228e-01, 5.542543e-01
1477, 3.697322e-01, 6.015235e-01
1478, 3.776431e-01, 4.411682e-01
1479, 3.714603e-01, 6.821656e-01
1480, 3.766669e-01, 2.416290e-01
1481, 3.719611e-01, 7.781612e-01
1482, 3.816632e-01, 6.191679e-01
1483, 3.783459e-01, 5.399483e-01
1484, 3.857521e-01, 1.536383e-01
1485, 3.860597e-01, 8.289677e-01
1486, 3.862384e-01, 7.279950e-01
1487, 3.874340e-01, 2.590177e-01
1488, 3.915758e-01, 4.672000e-01
1489, 3.930926e-01, 4.880553e-01
1490, 3.926997e-01, 5.616200e-01
1491, 3.886714e-01, 2.872898e-01
1492, 3.935351e-01, 3.676968e-01
1493, 4.010717e-01, 3.375003e-01
1494, 3.993495e-01, 2.022125e-01
1495, 4.068522e-01, 4.434965e-01
1496, 4.057377e-01, 7.140596e-01
1497, 4.043140e-01, 5.354213e-01
1498, 4.030888e-01, 6.366509e-01
1499, 4.091065e-01, 1.759744e-01
1500, 4.113612e-01, 2.483872e-01
1501, 4.168177e-01, 4.669831e-01
1502, 4.080185e-01, 7.451981e-01
1503, 4.189374e-01, 7.632445e-01
1504, 4.232995e-01, 2.004978e-01
1505, 4.231034e-01, 2.235845e-01
1506, 4.355973e-01, 2.512072e-01
1507, 4.324242e-01, 8.117506e-01
1508, 4.245019e-01, 4.022038e-01
1509, 4.351129e-01, 2.718821e-01
1510, 4.351451e-01, 8.393757e-01
1511, 4.433244e-01, 6.795467e-01
1512, 4.543663e-01, 7.269035e-01
1513, 4.455887e-01, 2.235134e-01
1514, 4.436892e-01, 5.577725e-01
1515, 4.540531e-01, 5.257298e-01
1516, 4.562148e-01, 8.242589e-01
1517, 4.655572e-01, 5.760093e-01
1518, 4.611669e-01, 3.462123e-01
1519, 4.627012e-01, 4.403921e-01
1520, 4.721364e-01, 4.864738e-01
1521, 4.598021e-01, 1.679006e-01
1522, 4.638578e-01, 5.452978e-01
1523, 4.678564e-01, 7.754266e-01
1524, 4.786514e-01, 6.230449e-01
1525, 4.685634e-01, 1.846875e-01
1526, 4.746560e-01, 3.926709e-01
1527, 4.721173e-01, 2.161418e-01
1528, 4.853116e-01, 2.621766e-01
1529, 4.759751e-01, 5.936940e-01
1530, 4.885102e-01, 3.694663e-01
1531, 4.921249e-01, 6.717420e-01
1532, 4.874135e-01, 4.408599e-01
1533, 4.866195e-01, 4.642921e-01
1534, 4.888093e-01, 5.588087e-01
1535, 4.929213e-01, 7.755064e-01
1536, 4.975589e-01, 3.098179e-01
1537, 4.953140e-01, 7.499851e-01
1538, 4.987344e-01, 4.906628e-01
1539, 4.999529e-01, 6.092679e-01
1540, 5.093487e-01, 3.275721e-01
1541, 5.035000e-01, 2.500331e-01
1542, 5.129848e-01, 5.589478e-01
1543, 5.232758e-01, 6.775608e-01
1544, 5.104266e-01, 3.596395e-01
1545, 5.192380e-01, 3.771131e-01
1546, 5.189743e-01, 1.768249e-01
1547, 5.193098e-01, 1.989606e-01
1548, 5.298018e-01, 3.160134e-01
1549, 5.307677e-01, 8.140196e-01
1550, 5.247655e-01, 5.853267e-01
1551, 5.340842e-01, 1.527504e-01
1552, 5.260307e-01, 4.856071e-01
1553, 5.314597e-01, 2.241934e-01
1554, 5.405330e-01, 5.612882e-01
1555, 5.388646e-01, 6.525502e-01
1556, 5.493492e-01, 7.745757e-01
1557, 5.372080e-01, 4.553554e-01
1558, 5.473100e-01, 4.729518e-01
1559, 5.479430e-01, 5.019067e-01
1560, 5.401166e-01, 8.320695e-01
1561, 5.623377e-01, 8.220429e-01
1562, 5.607324e-01, 2.486481e-01
1563, 5.564008e-01, 3.215313e-01
1564, 5.664296e-01, 6.575138e-01
1565, 5.663328e-01, 1.599516e-01
1566, 5.644154e-01, 7.289139e-01
1567, 5.679468e-01, 2.714220e-01
1568, 5.723478e-01, 2.968618e-01
1569, 5.720743e-01, 4.631630e-01
1570, 5.768576e-01, 6.808362e-01
1571, 5.811609e-01, 2.381925e-01
1572, 5.846843e-01, 6.152225e-01
1573, 5.838022e-01, 4.375614e-01
1574, 5.892131e-01, 8.236530e-01
1575, 5.898285e-01, 8.465161e-01
1576, 6.022083e-01, 6.940466e-01
1577, 5.957265e-01, 4.641363e-01
1578, 5.955631e-01, 4.862470e-01
1579, 5.948218e-01, 5.848987e-01
1580, 6.045668e-01, 3.308522e-01
1581, 5.984620e-01, 6.632881e-01
1582, 6.002888e-01, 2.233313e-01
1583, 6.121249e-01, 2.435420e-01
1584, 6.108499e-01, 7.122417e-01
1585, 6.138732e-01, 1.717115e-01
1586, 6.196725e-01, 4.633390e-01
1587, 6.231446e-01, 4.887899e-01
1588, 6.127555e-01, 7.413310e-01
1589, 6.175470e-01, 3.517537e-01
1590, 6.219669e-01, 5.809781e-01
1591, 6.320319e-01, 4.282309e-01
1592, 6.248698e-01, 7.609277e-01
1593, 6.265974e-01, 2.193294e-01
1594, 6.377879e-01, 3.390868e-01
1595, 6.293313e-01, 4.009103e-01
1596, 6.329790e-01, 7.297017e-01
1597, 6.370454e-01, 8.080433e-01
1598, 6.402174e-01, 8.377674e-01
1599, 6.418399e-01, 4.462093e-01
1600, 6.467692e-01, 6.554599e-01
1601, 6.474597e-01, 6.769523e-01
1602, 6.588618e-01, 7.959896e-01
1603, 6.440145e-01, 4.762716e-01
1604, 6.585760e-01, 5.223924e-01
1605, 6.523156e-01, 2.945416e-01
1606, 6.530231e-01, 3.160602e-01
1607, 6.640389e-01, 1.647317e-01
1608, 6.598296e-01, 7.040286e-01
1609, 6.590512e-01, 7.231209e-01
1610, 6.711290e-01, 8.432523e-01
1611, 6.699986e-01, 5.716973e-01
1612, 6.675331e-01, 5.425985e-01
1613, 6.651441e-01, 3.424473e-01
1614, 6.659598e-01, 3.620485e-01
1615, 6.666917e-01, 4.603735e-01
1616, 6.714530e-01, 7.501427e-01
1617, 6.768204e-01, 2.949396e-01
1618, 6.777345e-01, 3.887995e-01
1619, 6.758758e-01, 2.122016e-01
1620, 6.891513e-01, 2.592374e-01
1621, 6.866157e-01, 8.205725e-01
1622, 6.906062e-01, 3.419834e-01
1623, 6.933535e-01, 6.392395e-01
1624, 6.972094e-01, 6.676095e-01
1625, 6.870915e-01, 2.308120e-01
1626, 6.913562e-01, 4.376235e-01
1627, 6.930550e-01, 5.338310e-01
1628, 6.987396e-01, 1.954941e-01
1629, 7.073351e-01, 2.165094e-01
1630, 7.024810e-01, 3.894471e-01
1631, 7.086812e-01, 7.148760e-01
1632, 7.044356e-01, 4.852436e-01
1633, 7.040678e-01, 5.078088e-01
1634, 7.024047e-01, 3.071284e-01
1635, 7.155289e-01, 4.600985e-01
1636, 7.201276e-01, 7.322365e-01
1637, 7.219989e-01, 7.640752e-01
1638, 7.122670e-01, 3.261702e-01
1639, 7.178262e-01, 5.543757e-01
1640, 7.146914e-01, 3.543687e-01
1641, 7.278888e-01, 4.861238e-01
1642, 7.245231e-01, 3.724656e-01
1643, 7.306291e-01, 6.045144e-01
1644, 7.326406e-01, 7.830842e-01
1645, 7.358210e-01, 2.433187e-01
1646, 7.373162e-01, 3.149599e-01
1647, 7.343997e-01, 8.124470e-01
1648, 7.445803e-01, 8.303816e-01
1649, 7.428357e-01, 6.509809e-01
1650, 7.540695e-01, 7.699592e-01
1651, 7.429024e-01, 5.297851e-01
1652, 7.486503e-01, 2.903356e-01
1653, 7.491159e-01, 3.862687e-01
1654, 7.503422e-01, 4.695396e-01
1655, 7.531589e-01, 4.992352e-01
1656, 7.648499e-01, 5.162068e-01
1657, 7.611698e-01, 3.159551e-01
1658, 7.616712e-01, 4.115778e-01
1659, 7.685091e-01, 7.245126e-01
1660, 7.686301e-01, 7.447582e-01
1661, 7.695606e-01, 8.438122e-01
1662, 7.763373e-01, 5.643404e-01
1663, 7.718286e-01, 1.574898e-01
1664, 7.737374e-01, 4.847100e-01
1665, 7.817621e-01, 7.942564e-01
1666, 7.859523e-01, 4.133050e-01
1667, 7.867634e-01, 4.326358e-01
1668, 7.866428e-01, 5.340713e-01
1669, 8.051964e-01, 1.933089e-01
1670, 7.944476e-01, 2.533242e-01
1671, 8.165141e-01, 7.381685e-01
1672, 8.104088e-01, 3.290353e-01
1673, 8.168221e-01, 2.409474e-01
1674, 8.142323e-01, 7.088489e-01
1675, 8.129491e-01, 5.282793e-01
1676, 8.248608e-01, 5.560388e-01
1677, 8.201460e-01, 3.466551e-01
1678, 8.185703e-01, 1.697996e-01
1679, 8.295142e-01, 7.848653e-01
1680, 8.254184e-01, 5.764727e-01
1681, 8.336581e-01, 3.940925e-01
1682, 8.314044e-01, 2.153638e-01
1683, 8.431840e-01, 3.356800e-01
1684, 8.382653e-01, 6.245280e-01
1685, 8.352876e-01, 4.243916e-01
1686, 8.444493e-01, 2.427464e-01
1687, 8.437844e-01, 2.636742e-01
1688, 8.433421e-01, 3.643438e-01
1689, 1.500000e-01, 6.410550e-01
1690, 1.500000e-01, 6.611766e-01
1691, 1.500000e-01, 7.359972e-01
1692, 1.500000e-01, 7.554440e-01
1693, 1.500000e-01, 5.551604e-01
1694, 1.500000e-01, 5.588480e-01
1695, 1.500000e-01, 2.800205e-01
1696, 1.500000e-01, 2.996113e-01
1697, 1.500000e-01, 3.751623e-01
1698, 1.500000e-01, 3.965362e-01
1699, 1.500000e-01, 1.704243e-01
1700, 1.500000e-01, 1.892975e-01
1701, 1.500000e-01, 2.024328e-01
1702, 1.500000e-01, 4.716749e-01
1703, 1.500000e-01, 4.873106e-01
1704, 1.500000e-01, 6.739118e-01
1705, 1.500000e-01, 6.895611e-01
1706, 1.500000e-01, 7.225196e-01
1707, 1.500000e-01, 7.085104e-01
1708, 1.500000e-01, 7.689313e-01
1709, 1.500000e-01, 7.840504e-01
1710, 1.500000e-01, 8.263857e-01
1711, 1.500000e-01, 8.048521e-01
1712, 1.500000e-01, 5.249130e-01
1713, 1.500000e-01, 5.041763e-01
1714, 1.500000e-01, 5.829602e-01
1715, 1.500000e-01, 5.950713e-01
1716, 1.500000e-01, 6.233873e-01
1717, 1.500000e-01, 6.149158e-01
1718, 1.500000e-01, 3.182069e-01
1719, 1.500000e-01, 3.334177e-01
1720, 1.500000e-01, 3.512173e-01
1721, 1.500000e-01, 3.490500e-01
1722, 1.500000e-01, 4.223009e-01
1723, 1.500000e-01, 4.137358e-01
1724, 1.500000e-01, 4.507840e-01
1725, 1.500000e-01, 1.535132e-01
1726, 1.500000e-01, 2.291547e-01
1727, 1.500000e-01, 2.557942e-01
1728, 1.500000e-01, 2.554487e-01
1729, 1.583088e-01, 8.500000e-01
1730, 1.737377e-01, 1.500000e-01
1731, 1.837653e-01, 1.500000e-01
1732, 1.814614e-01, 8.500000e-01
1733, 2.026069e-01, 1.500000e-01
1734, 2.040962e-01, 8.500000e-01
1735, 2.100120e-01, 1.500000e-01
1736, 2.188665e-01, 8.500000e-01
1737, 2.310303e-01, 1.500000e-01
1738, 2.360197e-01, 1.500000e-01
1739, 2.337609e-01, 8.500000e-01
1740, 2.545717e-01, 1.500000e-01
1741, 2.598980e-01, 8.500000e-01
1742, 2.676074e-01, 1.500000e-01
1743, 2.643536e-01, 8.500000e-01
1744, 2.804636e-01, 1.500000e-01
1745, 3.021115e-01, 1.500000e-01
1746, 3.141743e-01, 8.500000e-01
1747, 3.254986e-01, 1.500000e-01
1748, 3.413854e-01, 1.500000e-01
1749, 3.363986e-01, 8.500000e-01
1750, 3.560923e-01, 8.500000e-01
1751, 3.522578e-01, 1.500000e-01
1752, 3.614288e-01, 8.500000e-01
1753, 3.877267e-01, 1.500000e-01
1754, 4.010864e-01, 8.500000e-01
1755, 4.097221e-01, 1.500000e-01
1756, 4.103424e-01, 8.500000e-01
1757, 4.124815e-01, 1.500000e-01
1758, 4.196384e-01, 8.500000e-01
1759, 4.366224e-01, 1.500000e-01
1760, 4.388163e-01, 8.500000e-01
1761, 4.571827e-01, 8.500000e-01
1762, 4.588189e-01, 1.500000e-01
1763, 4.756178e-01, 1.500000e-01
1764, 4.782408e-01, 8.500000e-01
1765, 4.835631e-01, 1.500000e-01
1766, 4.928572e-01, 8.500000e-01
1767, 5.083043e-01, 8.500000e-01
1768, 5.209206e-01, 1.500000e-01
1769, 5.214527e-01, 8.500000e-01
1770, 5.302033e-01, 1.500000e-01
1771, 5.393989e-01, 1.500000e-01
1772, 5.419468e-01, 8.500000e-01
1773, 5.597154e-01, 1.500000e-01
1774, 5.640479e-01, 8.500000e-01
1775, 5.823065e-01, 1.500000e-01
1776, 5.879568e-01, 8.500000e-01
1777, 5.893172e-01, 1.500000e-01
1778, 6.130038e-01, 1.500000e-01
1779, 5.918230e-01, 8.500000e-01
1780, 6.161877e-01, 8.500000e-01
1781, 6.148224e-01, 1.500000e-01
1782, 6.403028e-01, 1.500000e-01
1783, 6.436670e-01, 1.500000e-01
1784, 6.470602e-01, 8.500000e-01
1785, 6.575596e-01, 8.500000e-01
1786, 6.629374e-01, 1.500000e-01
1787, 6.750379e-01, 8.500000e-01
1788, 7.076349e-01, 1.500000e-01
1789, 6.973686e-01, 8.500000e-01
1790, 7.133654e-01, 1.500000e-01
1791, 7.210476e-01, 8.500000e-01
1792, 7.356396e-01, 1.500000e-01
1793, 7.328187e-01, 8.500000e-01
1794, 7.475606e-01, 8.500000e-01
1795, 7.644739e-01, 8.500000e-01
1796, 7.653874e-01, 1.500000e-01
1797, 7.694786e-01, 8.500000e-01
1798, 7.822860e-01, 1.500000e-01
1799, 7.894822e-01, 8.500000e-01
1800, 7.965600e-01, 1.500000e-01
1801, 7.979177e-01, 8.500000e-01
1802, 8.166115e-01, 8.500000e-01
1803, 8.185349e-01, 1.500000e-01
1804, 8.276404e-01, 8.500000e-01
1805, 8.500000e-01, 6.519042e-01
1806, 8.500000e-01, 6.707560e-01
1807, 8.500000e-01, 7.688996e-01
1808, 8.500000e-01, 1.953268e-01
1809, 8.500000e-01, 2.159517e-01
1810, 8.500000e-01, 2.915482e-01
1811, 8.500000e-01, 3.117365e-01
1812, 8.500000e-01, 3.852172e-01
1813, 8.500000e-01, 4.050535e-01
1814, 8.500000e-01, 5.824831e-01
1815, 8.500000e-01, 6.045182e-01
1816, 8.500000e-01, 6.478479e-01
1817, 8.500000e-01, 6.246494e-01
1818, 8.500000e-01, 6.781271e-01
1819, 8.500000e-01, 7.000045e-01
1820, 8.500000e-01, 7.444203e-01
1821, 8.500000e-01, 7.214046e-01
1822, 8.400648e-01, 1.500000e-01
1823, 8.500000e-01, 4.174793e-01
1824, 8.500000e-01, 4.953161e-01
1825, 8.500000e-01, 5.125491e-01
1826, 8.500000e-01, 5.454990e-01
1827, 8.500000e-01, 5.268158e-01
1828, 8.500000e-01, 7.989102e-01
1829, 8.500000e-01, 8.110093e-01
1830, 8.500000e-01, 2.309034e-01
1831, 8.500000e-01, 2.429741e-01
1832, 8.500000e-01, 2.788012e-01
1833, 8.500000e-01, 2.638979e-01
1834, 8.500000e-01, 3.272317e-01
1835, 8.500000e-01, 3.398774e-01
1836, 8.500000e-01, 3.791075e-01
1837, 8.500000e-01, 3.608710e-01
1838, 8.500000e-01, 5.549143e-01
1839, 8.500000e-01, 5.777006e-01
1840, 8.500000e-01, 8.459971e-01
1841, 8.500000e-01, 8.288815e-01
1842, 8.500000e-01, 1.750128e-01
1843, 8.500000e-01, 1.704233e-01
1844, 8.500000e-01, 4.395223e-01
1845, 1.504820e-01, 5.268404e-01
1846, 1.506277e-01, 8.292472e-01
1847, 1.501272e-01, 3.294876e-01
1848, 1.500555e-01, 4.447687e-01
1849, 1.500773e-01, 2.249249e-01
1850, 2.886024e-01, 8.498114e-01
1851, 3.782719e-01, 1.504628e-01
1852, 3.846144e-01, 8.496855e-01
1853, 4.693993e-01, 8.493468e-01
1854, 5.074352e-01, 1.503387e-01
1855, 5.185607e-01, 8.492873e-01
1856, 6.198768e-01, 8.495464e-01
1857, 6.830962e-01, 1.508204e-01
1858, 7.397678e-01, 1.500197e-01
1859, 8.499653e-01, 4.482191e-01
1860, 8.499227e-01, 7.755896e-01
1861, 8.498382e-01, 4.738401e-01
