1, 1.589826e-01, 2.027264e-01
2, 1.591679e-01, 6.793900e-01
3, 1.594383e-01, 7.651708e-01
4, 1.595899e-01, 5.314339e-01
5, 1.596045e-01, 5.460104e-01
6, 1.598775e-01, 2.186860e-01
7, 1.599431e-01, 4.364498e-01
8, 1.600406e-01, 6.555375e-01
9, 1.600679e-01, 7.878171e-01
10, 1.601166e-01, 3.276026e-01
11, 1.603638e-01, 6.400274e-01
12, 1.604206e-01, 5.866596e-01
13, 1.604243e-01, 4.587869e-01
14, 1.605275e-01, 3.125493e-01
15, 1.606385e-01, 4.763036e-01
16, 1.608376e-01, 3.672533e-01
17, 1.609808e-01, 3.509589e-01
18, 1.611152e-01, 2.417126e-01
19, 1.612311e-01, 5.689454e-01
20, 1.631052e-01, 8.308062e-01
21, 1.783451e-01, 6.404334e-01
22, 1.790985e-01, 2.973269e-01
23, 1.791493e-01, 7.497581e-01
24, 1.791783e-01, 2.571899e-01
25, 1.792297e-01, 8.040600e-01
26, 1.792849e-01, 8.198924e-01
27, 1.793920e-01, 3.118441e-01
28, 1.794742e-01, 7.101864e-01
29, 1.796455e-01, 6.232679e-01
30, 1.796491e-01, 4.761501e-01
31, 1.796508e-01, 1.646620e-01
32, 1.797714e-01, 6.961437e-01
33, 1.797936e-01, 4.922815e-01
34, 1.798452e-01, 3.672090e-01
35, 1.799107e-01, 5.148915e-01
36, 1.799543e-01, 2.024564e-01
37, 1.799771e-01, 6.015591e-01
38, 1.800464e-01, 2.731604e-01
39, 1.802612e-01, 3.816569e-01
40, 1.802700e-01, 4.223103e-01
41, 1.803059e-01, 7.330851e-01
42, 1.803799e-01, 5.307451e-01
43, 1.805219e-01, 1.864156e-01
44, 1.807031e-01, 4.051605e-01
45, 1.811903e-01, 8.419240e-01
46, 1.989967e-01, 3.270888e-01
47, 1.990234e-01, 2.188592e-01
48, 1.990333e-01, 5.302567e-01
49, 1.990627e-01, 3.112507e-01
50, 1.990837e-01, 2.574941e-01
51, 1.990964e-01, 7.487259e-01
52, 1.991935e-01, 2.027384e-01
53, 1.992765e-01, 7.872743e-01
54, 1.995356e-01, 3.939499e-01
55, 1.996322e-01, 4.214988e-01
56, 1.997152e-01, 6.793488e-01
57, 1.997363e-01, 8.319844e-01
58, 1.997745e-01, 4.371488e-01
59, 1.997938e-01, 7.654481e-01
60, 1.998400e-01, 8.042554e-01
61, 1.998688e-01, 3.661782e-01
62, 1.999204e-01, 6.946551e-01
63, 1.999954e-01, 3.510713e-01
64, 2.000101e-01, 4.757535e-01
65, 2.001983e-01, 5.461538e-01
66, 2.002276e-01, 4.594047e-01
67, 2.002441e-01, 2.422091e-01
68, 2.004468e-01, 5.691632e-01
69, 2.004880e-01, 6.564602e-01
70, 2.008112e-01, 6.388667e-01
71, 2.185690e-01, 4.213459e-01
72, 2.188104e-01, 4.053761e-01
73, 2.190908e-01, 8.419109e-01
74, 2.191102e-01, 5.304582e-01
75, 2.195523e-01, 3.824031e-01
76, 2.195603e-01, 3.668678e-01
77, 2.196100e-01, 1.873389e-01
78, 2.196188e-01, 2.027481e-01
79, 2.196391e-01, 5.142121e-01
80, 2.196808e-01, 8.047224e-01
81, 2.197199e-01, 6.943207e-01
82, 2.198333e-01, 5.854023e-01
83, 2.198499e-01, 1.641297e-01
84, 2.199739e-01, 8.193325e-01
85, 2.200205e-01, 4.924630e-01
86, 2.201677e-01, 7.496559e-01
87, 2.202335e-01, 7.341360e-01
88, 2.202732e-01, 2.954954e-01
89, 2.205695e-01, 3.122561e-01
90, 2.206206e-01, 6.243326e-01
91, 2.206784e-01, 6.009288e-01
92, 2.209741e-01, 7.106537e-01
93, 2.211600e-01, 2.741258e-01
94, 2.216581e-01, 3.366045e-01
95, 2.379587e-01, 5.861637e-01
96, 2.380881e-01, 6.101323e-01
97, 2.389638e-01, 6.557847e-01
98, 2.391131e-01, 3.519865e-01
99, 2.391552e-01, 3.661420e-01
100, 2.392934e-01, 6.398183e-01
101, 2.394853e-01, 6.794259e-01
102, 2.396401e-01, 5.294739e-01
103, 2.397863e-01, 6.943886e-01
104, 2.398148e-01, 7.485406e-01
105, 2.398223e-01, 4.605164e-01
106, 2.399002e-01, 5.842222e-01
107, 2.400243e-01, 4.747832e-01
108, 2.400660e-01, 2.030599e-01
109, 2.400931e-01, 7.654298e-01
110, 2.404301e-01, 2.414950e-01
111, 2.404463e-01, 7.876917e-01
112, 2.405013e-01, 3.264294e-01
113, 2.405051e-01, 5.468639e-01
114, 2.405365e-01, 3.123194e-01
115, 2.405705e-01, 2.194013e-01
116, 2.406780e-01, 5.700292e-01
117, 2.408459e-01, 4.376174e-01
118, 2.412388e-01, 4.206274e-01
119, 2.586111e-01, 4.212796e-01
120, 2.593079e-01, 4.056683e-01
121, 2.593177e-01, 2.558837e-01
122, 2.595573e-01, 7.347523e-01
123, 2.597982e-01, 2.736980e-01
124, 2.598506e-01, 8.198818e-01
125, 2.598852e-01, 7.488573e-01
126, 2.598925e-01, 6.394601e-01
127, 2.598981e-01, 6.951819e-01
128, 2.599707e-01, 8.036977e-01
129, 2.599739e-01, 3.116057e-01
130, 2.600203e-01, 6.012802e-01
131, 2.600897e-01, 5.846560e-01
132, 2.601671e-01, 8.427380e-01
133, 2.602008e-01, 7.098691e-01
134, 2.602441e-01, 6.242739e-01
135, 2.603353e-01, 5.157766e-01
136, 2.603711e-01, 3.827495e-01
137, 2.603883e-01, 3.663007e-01
138, 2.604101e-01, 4.907237e-01
139, 2.604816e-01, 2.026299e-01
140, 2.605814e-01, 2.961062e-01
141, 2.606517e-01, 4.756385e-01
142, 2.606591e-01, 5.297756e-01
143, 2.608967e-01, 1.640351e-01
144, 2.615211e-01, 1.870594e-01
145, 2.616886e-01, 6.694567e-01
146, 2.787499e-01, 2.556687e-01
147, 2.788367e-01, 5.295328e-01
148, 2.789041e-01, 2.420841e-01
149, 2.792293e-01, 4.753701e-01
150, 2.794097e-01, 4.603637e-01
151, 2.794378e-01, 7.496411e-01
152, 2.794612e-01, 6.556726e-01
153, 2.795410e-01, 2.851722e-01
154, 2.796060e-01, 3.664900e-01
155, 2.796249e-01, 7.647048e-01
156, 2.796261e-01, 6.404663e-01
157, 2.796295e-01, 3.119944e-01
158, 2.797298e-01, 2.185853e-01
159, 2.798172e-01, 2.025243e-01
160, 2.798182e-01, 8.034717e-01
161, 2.799919e-01, 5.460239e-01
162, 2.800362e-01, 3.515291e-01
163, 2.800901e-01, 6.792983e-01
164, 2.802539e-01, 5.854054e-01
165, 2.802707e-01, 7.889349e-01
166, 2.802725e-01, 3.286947e-01
167, 2.803541e-01, 6.128679e-01
168, 2.805296e-01, 4.216606e-01
169, 2.806554e-01, 6.953638e-01
170, 2.807127e-01, 5.696049e-01
171, 2.809360e-01, 4.370589e-01
172, 2.811746e-01, 2.827375e-01
173, 2.811872e-01, 2.580568e-01
174, 2.984095e-01, 1.648980e-01
175, 2.993487e-01, 5.151184e-01
176, 2.994811e-01, 3.672814e-01
177, 2.995204e-01, 6.666927e-01
178, 2.995748e-01, 2.964813e-01
179, 2.996138e-01, 2.723351e-01
180, 2.997509e-01, 8.033500e-01
181, 2.997532e-01, 5.305965e-01
182, 2.998090e-01, 2.578218e-01
183, 2.998113e-01, 1.872599e-01
184, 2.998919e-01, 3.124786e-01
185, 2.999145e-01, 7.098537e-01
186, 3.000654e-01, 5.859784e-01
187, 3.000793e-01, 7.486687e-01
188, 3.001078e-01, 3.822766e-01
189, 3.001085e-01, 8.192853e-01
190, 3.001924e-01, 2.307743e-01
191, 3.001979e-01, 6.238544e-01
192, 3.002239e-01, 4.480096e-01
193, 3.002597e-01, 6.013163e-01
194, 3.004595e-01, 7.340231e-01
195, 3.006047e-01, 4.219390e-01
196, 3.010878e-01, 4.917774e-01
197, 3.012340e-01, 8.430045e-01
198, 3.014534e-01, 4.053874e-01
199, 3.016282e-01, 2.281661e-01
200, 3.182652e-01, 5.468312e-01
201, 3.186850e-01, 3.670741e-01
202, 3.188850e-01, 2.576167e-01
203, 3.191520e-01, 6.393921e-01
204, 3.193774e-01, 2.406953e-01
205, 3.193824e-01, 2.179225e-01
206, 3.194375e-01, 2.841324e-01
207, 3.195279e-01, 5.852829e-01
208, 3.195906e-01, 3.505416e-01
209, 3.196280e-01, 4.596305e-01
210, 3.196388e-01, 4.218668e-01
211, 3.196832e-01, 4.754493e-01
212, 3.197373e-01, 7.884858e-01
213, 3.198175e-01, 6.554403e-01
214, 3.198343e-01, 8.041637e-01
215, 3.199231e-01, 7.226204e-01
216, 3.199405e-01, 5.691278e-01
217, 3.199867e-01, 4.373525e-01
218, 3.201288e-01, 3.129842e-01
219, 3.201712e-01, 6.791014e-01
220, 3.202428e-01, 7.496376e-01
221, 3.205741e-01, 3.284449e-01
222, 3.205760e-01, 6.950805e-01
223, 3.209968e-01, 7.644017e-01
224, 3.213667e-01, 2.869363e-01
225, 3.389791e-01, 7.735358e-01
226, 3.390705e-01, 6.238331e-01
227, 3.391661e-01, 4.916583e-01
228, 3.393803e-01, 8.419920e-01
229, 3.394198e-01, 2.967638e-01
230, 3.395912e-01, 6.948787e-01
231, 3.396266e-01, 3.125246e-01
232, 3.398027e-01, 7.502709e-01
233, 3.398986e-01, 6.668025e-01
234, 3.400890e-01, 5.308988e-01
235, 3.401094e-01, 8.039484e-01
236, 3.401263e-01, 4.044888e-01
237, 3.401977e-01, 3.830986e-01
238, 3.402162e-01, 6.020949e-01
239, 3.402416e-01, 5.852541e-01
240, 3.402859e-01, 2.576806e-01
241, 3.403150e-01, 1.643768e-01
242, 3.403584e-01, 7.096872e-01
243, 3.403794e-01, 5.150689e-01
244, 3.404775e-01, 3.665815e-01
245, 3.405141e-01, 7.328191e-01
246, 3.406016e-01, 2.730245e-01
247, 3.406063e-01, 7.769477e-01
248, 3.407172e-01, 8.205953e-01
249, 3.407691e-01, 4.222170e-01
250, 3.408369e-01, 2.031384e-01
251, 3.408574e-01, 1.857187e-01
252, 3.426690e-01, 6.670912e-01
253, 3.585006e-01, 7.870930e-01
254, 3.588394e-01, 6.129002e-01
255, 3.588402e-01, 3.292690e-01
256, 3.589207e-01, 4.216505e-01
257, 3.593695e-01, 3.667996e-01
258, 3.595497e-01, 8.308442e-01
259, 3.596547e-01, 2.017870e-01
260, 3.596872e-01, 3.505498e-01
261, 3.596971e-01, 2.416948e-01
262, 3.598222e-01, 2.569663e-01
263, 3.598913e-01, 5.308110e-01
264, 3.600059e-01, 4.369921e-01
265, 3.600176e-01, 6.564058e-01
266, 3.600524e-01, 4.755942e-01
267, 3.602346e-01, 6.405748e-01
268, 3.602696e-01, 4.620026e-01
269, 3.604305e-01, 2.189782e-01
270, 3.604515e-01, 6.946982e-01
271, 3.605167e-01, 5.456571e-01
272, 3.605484e-01, 5.695225e-01
273, 3.606494e-01, 7.650071e-01
274, 3.615513e-01, 6.780932e-01
275, 3.616674e-01, 6.121818e-01
276, 3.783262e-01, 2.288682e-01
277, 3.789607e-01, 2.027507e-01
278, 3.792879e-01, 3.672727e-01
279, 3.794161e-01, 3.816134e-01
280, 3.794243e-01, 7.499230e-01
281, 3.795157e-01, 7.109536e-01
282, 3.795842e-01, 2.732328e-01
283, 3.796070e-01, 6.403118e-01
284, 3.796085e-01, 2.571221e-01
285, 3.796672e-01, 7.332382e-01
286, 3.796832e-01, 2.967515e-01
287, 3.797599e-01, 4.911944e-01
288, 3.798603e-01, 6.944982e-01
289, 3.798828e-01, 4.066352e-01
290, 3.799243e-01, 1.629385e-01
291, 3.799849e-01, 5.847780e-01
292, 3.800629e-01, 8.184104e-01
293, 3.802045e-01, 4.211499e-01
294, 3.802215e-01, 1.878039e-01
295, 3.802812e-01, 3.111398e-01
296, 3.803845e-01, 8.040679e-01
297, 3.803905e-01, 5.306496e-01
298, 3.804094e-01, 2.307432e-01
299, 3.804356e-01, 8.426921e-01
300, 3.804613e-01, 6.015652e-01
301, 3.805180e-01, 6.235788e-01
302, 3.806034e-01, 5.150268e-01
303, 3.989354e-01, 8.033438e-01
304, 3.991202e-01, 7.652496e-01
305, 3.993433e-01, 4.765215e-01
306, 3.993620e-01, 7.881792e-01
307, 3.995821e-01, 6.560607e-01
308, 3.995970e-01, 4.204187e-01
309, 3.996141e-01, 3.113740e-01
310, 3.996465e-01, 6.399565e-01
311, 3.997156e-01, 4.603641e-01
312, 3.998349e-01, 6.954884e-01
313, 3.998988e-01, 2.573290e-01
314, 3.999882e-01, 6.779995e-01
315, 4.000399e-01, 4.361927e-01
316, 4.000461e-01, 5.850664e-01
317, 4.002517e-01, 2.423242e-01
318, 4.003332e-01, 5.463577e-01
319, 4.003964e-01, 5.700589e-01
320, 4.005246e-01, 3.280621e-01
321, 4.010165e-01, 3.505167e-01
322, 4.016783e-01, 2.182950e-01
323, 4.024838e-01, 2.846528e-01
324, 4.191880e-01, 5.846763e-01
325, 4.192846e-01, 5.300689e-01
326, 4.195440e-01, 4.049566e-01
327, 4.195876e-01, 5.153088e-01
328, 4.197482e-01, 8.434781e-01
329, 4.197819e-01, 7.489436e-01
330, 4.198017e-01, 2.961276e-01
331, 4.198776e-01, 2.571311e-01
332, 4.198808e-01, 7.105342e-01
333, 4.198970e-01, 6.944026e-01
334, 4.199265e-01, 7.333281e-01
335, 4.200405e-01, 6.246849e-01
336, 4.201097e-01, 3.834925e-01
337, 4.202115e-01, 1.631222e-01
338, 4.203306e-01, 8.041521e-01
339, 4.203356e-01, 5.999797e-01
340, 4.205818e-01, 4.760802e-01
341, 4.206586e-01, 2.730538e-01
342, 4.208331e-01, 8.194258e-01
343, 4.209934e-01, 1.866737e-01
344, 4.214042e-01, 4.911485e-01
345, 4.374386e-01, 7.220543e-01
346, 4.386157e-01, 5.861509e-01
347, 4.386261e-01, 5.314302e-01
348, 4.388716e-01, 6.795827e-01
349, 4.390661e-01, 7.648858e-01
350, 4.392983e-01, 5.694047e-01
351, 4.393369e-01, 3.123235e-01
352, 4.394069e-01, 6.400753e-01
353, 4.394305e-01, 3.279686e-01
354, 4.394865e-01, 6.545989e-01
355, 4.395251e-01, 2.183398e-01
356, 4.396094e-01, 7.875576e-01
357, 4.396311e-01, 7.496480e-01
358, 4.396337e-01, 6.099167e-01
359, 4.396568e-01, 3.499242e-01
360, 4.397488e-01, 2.577785e-01
361, 4.397660e-01, 5.440496e-01
362, 4.399711e-01, 4.605451e-01
363, 4.400871e-01, 4.370627e-01
364, 4.400914e-01, 2.405717e-01
365, 4.401385e-01, 3.668763e-01
366, 4.401795e-01, 8.043103e-01
367, 4.406726e-01, 4.221463e-01
368, 4.418631e-01, 8.312464e-01
369, 4.589742e-01, 6.002115e-01
370, 4.592455e-01, 6.393642e-01
371, 4.592952e-01, 3.675787e-01
372, 4.593103e-01, 3.826367e-01
373, 4.593873e-01, 4.753227e-01
374, 4.594399e-01, 4.913293e-01
375, 4.594965e-01, 2.024903e-01
376, 4.596053e-01, 7.498893e-01
377, 4.596701e-01, 8.420867e-01
378, 4.597568e-01, 6.253100e-01
379, 4.598068e-01, 4.495891e-01
380, 4.598129e-01, 4.051818e-01
381, 4.599079e-01, 7.096892e-01
382, 4.599620e-01, 7.764119e-01
383, 4.599904e-01, 1.868429e-01
384, 4.600898e-01, 4.217210e-01
385, 4.600908e-01, 5.146409e-01
386, 4.601296e-01, 8.193043e-01
387, 4.601562e-01, 2.567182e-01
388, 4.602570e-01, 6.943114e-01
389, 4.602821e-01, 2.968025e-01
390, 4.603543e-01, 3.113359e-01
391, 4.603548e-01, 2.738845e-01
392, 4.604316e-01, 6.690766e-01
393, 4.604351e-01, 7.334432e-01
394, 4.610787e-01, 1.635931e-01
395, 4.785194e-01, 1.728795e-01
396, 4.786654e-01, 3.273577e-01
397, 4.788534e-01, 8.016852e-01
398, 4.791648e-01, 4.761674e-01
399, 4.793342e-01, 7.883806e-01
400, 4.793552e-01, 5.032973e-01
401, 4.794039e-01, 2.850281e-01
402, 4.794810e-01, 4.601683e-01
403, 4.795771e-01, 4.218061e-01
404, 4.796083e-01, 4.374038e-01
405, 4.796280e-01, 7.652963e-01
406, 4.796976e-01, 1.757474e-01
407, 4.797564e-01, 2.022364e-01
408, 4.798178e-01, 2.177261e-01
409, 4.798455e-01, 3.666202e-01
410, 4.800783e-01, 3.509578e-01
411, 4.801132e-01, 6.805474e-01
412, 4.801715e-01, 7.491288e-01
413, 4.802389e-01, 6.401170e-01
414, 4.803027e-01, 6.951265e-01
415, 4.803627e-01, 5.697493e-01
416, 4.805300e-01, 2.422137e-01
417, 4.805532e-01, 5.461996e-01
418, 4.805753e-01, 6.540630e-01
419, 4.807313e-01, 5.852315e-01
420, 4.809567e-01, 8.037874e-01
421, 4.983068e-01, 6.033422e-01
422, 4.989358e-01, 6.949091e-01
423, 4.990275e-01, 7.110860e-01
424, 4.991717e-01, 2.734570e-01
425, 4.993337e-01, 2.569921e-01
426, 4.995121e-01, 2.314977e-01
427, 4.995407e-01, 7.498935e-01
428, 4.996496e-01, 5.312194e-01
429, 4.996503e-01, 6.238253e-01
430, 4.996964e-01, 5.586020e-01
431, 4.997769e-01, 6.389066e-01
432, 4.998334e-01, 7.333017e-01
433, 5.000862e-01, 8.426544e-01
434, 5.001776e-01, 6.652844e-01
435, 5.002083e-01, 3.668745e-01
436, 5.002576e-01, 4.051602e-01
437, 5.002863e-01, 1.882226e-01
438, 5.003071e-01, 5.146167e-01
439, 5.003637e-01, 2.020943e-01
440, 5.003908e-01, 3.117275e-01
441, 5.005558e-01, 8.037579e-01
442, 5.006397e-01, 8.196109e-01
443, 5.007210e-01, 2.970238e-01
444, 5.007582e-01, 3.827138e-01
445, 5.009750e-01, 4.921157e-01
446, 5.009785e-01, 1.640620e-01
447, 5.011509e-01, 2.288099e-01
448, 5.164708e-01, 6.129502e-01
449, 5.177037e-01, 7.875724e-01
450, 5.178086e-01, 8.034475e-01
451, 5.191306e-01, 2.024756e-01
452, 5.191384e-01, 4.612783e-01
453, 5.192151e-01, 4.757557e-01
454, 5.193417e-01, 5.692908e-01
455, 5.193738e-01, 8.311142e-01
456, 5.194816e-01, 3.119701e-01
457, 5.195206e-01, 2.189725e-01
458, 5.197150e-01, 5.308542e-01
459, 5.197766e-01, 5.844137e-01
460, 5.198290e-01, 5.461771e-01
461, 5.198520e-01, 6.388817e-01
462, 5.201065e-01, 6.556728e-01
463, 5.201804e-01, 4.376189e-01
464, 5.202144e-01, 3.266559e-01
465, 5.203105e-01, 3.522330e-01
466, 5.203199e-01, 4.203916e-01
467, 5.203211e-01, 2.414715e-01
468, 5.204500e-01, 7.653830e-01
469, 5.204823e-01, 3.662396e-01
470, 5.205315e-01, 7.494039e-01
471, 5.206345e-01, 2.567638e-01
472, 5.206428e-01, 6.790699e-01
473, 5.210274e-01, 3.967870e-01
474, 5.386853e-01, 1.641899e-01
475, 5.389048e-01, 7.495854e-01
476, 5.389479e-01, 5.148089e-01
477, 5.390966e-01, 2.567432e-01
478, 5.391298e-01, 7.334275e-01
479, 5.392937e-01, 2.736864e-01
480, 5.395843e-01, 5.849691e-01
481, 5.396278e-01, 6.404870e-01
482, 5.397047e-01, 2.968302e-01
483, 5.397912e-01, 1.868036e-01
484, 5.398107e-01, 4.921314e-01
485, 5.398318e-01, 6.235019e-01
486, 5.398501e-01, 3.663998e-01
487, 5.400735e-01, 3.803668e-01
488, 5.401208e-01, 3.114888e-01
489, 5.401267e-01, 6.948907e-01
490, 5.401506e-01, 7.110084e-01
491, 5.402717e-01, 4.211108e-01
492, 5.402890e-01, 6.007614e-01
493, 5.403685e-01, 8.430007e-01
494, 5.403695e-01, 4.070167e-01
495, 5.403762e-01, 4.767935e-01
496, 5.404705e-01, 8.034599e-01
497, 5.407382e-01, 8.197038e-01
498, 5.428285e-01, 2.299829e-01
499, 5.590652e-01, 5.322690e-01
500, 5.591720e-01, 2.031123e-01
501, 5.591728e-01, 6.560785e-01
502, 5.592306e-01, 6.941074e-01
503, 5.592647e-01, 3.505739e-01
504, 5.592893e-01, 3.118816e-01
505, 5.592909e-01, 5.456204e-01
506, 5.593419e-01, 8.037438e-01
507, 5.593963e-01, 2.583233e-01
508, 5.595876e-01, 6.791343e-01
509, 5.596395e-01, 3.268894e-01
510, 5.598113e-01, 4.211059e-01
511, 5.598475e-01, 2.190605e-01
512, 5.598525e-01, 7.486306e-01
513, 5.602687e-01, 5.689728e-01
514, 5.603789e-01, 7.893215e-01
515, 5.604115e-01, 7.651696e-01
516, 5.604452e-01, 2.401879e-01
517, 5.609730e-01, 4.602256e-01
518, 5.609865e-01, 7.244854e-01
519, 5.610420e-01, 5.303537e-01
520, 5.612254e-01, 4.366994e-01
521, 5.616618e-01, 5.052650e-01
522, 5.783916e-01, 7.789887e-01
523, 5.785271e-01, 7.331990e-01
524, 5.789227e-01, 7.495379e-01
525, 5.793401e-01, 5.156306e-01
526, 5.794766e-01, 5.301673e-01
527, 5.796119e-01, 4.211718e-01
528, 5.796716e-01, 4.062353e-01
529, 5.797380e-01, 2.732303e-01
530, 5.797944e-01, 3.672766e-01
531, 5.798875e-01, 8.427506e-01
532, 5.799200e-01, 7.760983e-01
533, 5.799698e-01, 5.851905e-01
534, 5.800549e-01, 6.944881e-01
535, 5.800967e-01, 4.916659e-01
536, 5.801291e-01, 3.815217e-01
537, 5.801796e-01, 2.577531e-01
538, 5.802258e-01, 4.753211e-01
539, 5.803465e-01, 6.397713e-01
540, 5.804026e-01, 1.641658e-01
541, 5.804504e-01, 7.096610e-01
542, 5.805117e-01, 6.010659e-01
543, 5.805362e-01, 8.198002e-01
544, 5.807281e-01, 2.027352e-01
545, 5.811169e-01, 6.235542e-01
546, 5.815902e-01, 2.960209e-01
547, 5.819971e-01, 1.876031e-01
548, 5.978316e-01, 1.785870e-01
549, 5.988728e-01, 5.301895e-01
550, 5.989780e-01, 2.014801e-01
551, 5.993166e-01, 7.214884e-01
552, 5.993858e-01, 2.569101e-01
553, 5.995805e-01, 4.221555e-01
554, 5.996469e-01, 3.278101e-01
555, 5.996830e-01, 1.752879e-01
556, 5.996936e-01, 6.794306e-01
557, 5.997038e-01, 8.033877e-01
558, 5.999350e-01, 2.417609e-01
559, 5.999476e-01, 7.648209e-01
560, 6.000205e-01, 3.670805e-01
561, 6.000246e-01, 6.391475e-01
562, 6.000803e-01, 4.761617e-01
563, 6.001573e-01, 5.459965e-01
564, 6.001573e-01, 7.496247e-01
565, 6.002737e-01, 4.370913e-01
566, 6.003470e-01, 5.856069e-01
567, 6.004214e-01, 3.502471e-01
568, 6.004451e-01, 4.608288e-01
569, 6.006375e-01, 6.563161e-01
570, 6.007460e-01, 7.883735e-01
571, 6.010054e-01, 7.239117e-01
572, 6.010859e-01, 2.035140e-01
573, 6.010934e-01, 2.186249e-01
574, 6.016084e-01, 5.695151e-01
575, 6.191254e-01, 3.390963e-01
576, 6.191323e-01, 4.756245e-01
577, 6.191531e-01, 6.936980e-01
578, 6.191771e-01, 6.393207e-01
579, 6.191884e-01, 4.221134e-01
580, 6.192259e-01, 2.577636e-01
581, 6.193019e-01, 3.665176e-01
582, 6.194406e-01, 2.733063e-01
583, 6.195763e-01, 6.248381e-01
584, 6.196115e-01, 6.675693e-01
585, 6.197759e-01, 7.490682e-01
586, 6.197958e-01, 8.044430e-01
587, 6.198590e-01, 6.011438e-01
588, 6.198815e-01, 8.432391e-01
589, 6.198825e-01, 2.976171e-01
590, 6.198932e-01, 5.851396e-01
591, 6.199099e-01, 4.059346e-01
592, 6.199645e-01, 3.118785e-01
593, 6.200066e-01, 7.343715e-01
594, 6.200076e-01, 3.820303e-01
595, 6.201162e-01, 7.105635e-01
596, 6.201581e-01, 1.871741e-01
597, 6.203422e-01, 8.197360e-01
598, 6.204236e-01, 4.908095e-01
599, 6.204803e-01, 1.630113e-01
600, 6.204866e-01, 5.158326e-01
601, 6.207074e-01, 5.306257e-01
602, 6.226979e-01, 2.301077e-01
603, 6.383435e-01, 5.004095e-01
604, 6.387503e-01, 6.103019e-01
605, 6.394360e-01, 8.315576e-01
606, 6.395343e-01, 8.028511e-01
607, 6.395802e-01, 7.889896e-01
608, 6.395926e-01, 4.362527e-01
609, 6.396077e-01, 4.211961e-01
610, 6.396187e-01, 6.400715e-01
611, 6.398211e-01, 6.129993e-01
612, 6.398352e-01, 5.303315e-01
613, 6.398587e-01, 2.017882e-01
614, 6.398591e-01, 3.274654e-01
615, 6.398653e-01, 4.604514e-01
616, 6.399115e-01, 6.789815e-01
617, 6.399393e-01, 2.412191e-01
618, 6.400260e-01, 1.757361e-01
619, 6.400266e-01, 6.935919e-01
620, 6.400303e-01, 3.673624e-01
621, 6.400668e-01, 7.647360e-01
622, 6.400829e-01, 3.501782e-01
623, 6.400871e-01, 3.119574e-01
624, 6.400873e-01, 6.555800e-01
625, 6.403163e-01, 7.492149e-01
626, 6.403383e-01, 5.686479e-01
627, 6.404829e-01, 5.470388e-01
628, 6.406051e-01, 2.194115e-01
629, 6.428080e-01, 8.311303e-01
630, 6.592092e-01, 3.124678e-01
631, 6.592669e-01, 1.869078e-01
632, 6.592998e-01, 7.495264e-01
633, 6.593500e-01, 1.642912e-01
634, 6.593529e-01, 2.024219e-01
635, 6.594570e-01, 4.753375e-01
636, 6.596436e-01, 8.039168e-01
637, 6.596519e-01, 4.490472e-01
638, 6.597220e-01, 3.675046e-01
639, 6.597602e-01, 2.967452e-01
640, 6.597741e-01, 7.101273e-01
641, 6.600009e-01, 7.335668e-01
642, 6.600550e-01, 4.215410e-01
643, 6.603233e-01, 8.204697e-01
644, 6.603278e-01, 6.021717e-01
645, 6.603592e-01, 3.823113e-01
646, 6.603685e-01, 4.922181e-01
647, 6.603715e-01, 4.045358e-01
648, 6.604190e-01, 5.847880e-01
649, 6.606387e-01, 6.233141e-01
650, 6.606555e-01, 2.733377e-01
651, 6.608523e-01, 8.426218e-01
652, 6.610273e-01, 5.139129e-01
653, 6.791216e-01, 2.406238e-01
654, 6.791973e-01, 2.567988e-01
655, 6.792116e-01, 7.646670e-01
656, 6.792243e-01, 3.281206e-01
657, 6.794285e-01, 6.790598e-01
658, 6.794653e-01, 8.300728e-01
659, 6.794720e-01, 5.851766e-01
660, 6.796261e-01, 6.951815e-01
661, 6.797417e-01, 5.690083e-01
662, 6.799322e-01, 2.188467e-01
663, 6.800180e-01, 5.298078e-01
664, 6.801256e-01, 2.027602e-01
665, 6.801595e-01, 5.472373e-01
666, 6.801629e-01, 4.371412e-01
667, 6.802151e-01, 7.883496e-01
668, 6.805156e-01, 6.555869e-01
669, 6.806123e-01, 4.598306e-01
670, 6.806164e-01, 3.515600e-01
671, 6.806363e-01, 4.758309e-01
672, 6.811927e-01, 8.326019e-01
673, 6.829394e-01, 3.943013e-01
674, 6.989952e-01, 2.024612e-01
675, 6.992443e-01, 5.164010e-01
676, 6.993725e-01, 5.306985e-01
677, 6.994585e-01, 1.876487e-01
678, 6.994997e-01, 7.479076e-01
679, 6.996446e-01, 3.117405e-01
680, 6.996779e-01, 2.728132e-01
681, 6.997045e-01, 2.969635e-01
682, 6.997720e-01, 8.428957e-01
683, 6.997943e-01, 8.200483e-01
684, 6.998063e-01, 2.568839e-01
685, 6.998122e-01, 8.031545e-01
686, 6.998794e-01, 1.637174e-01
687, 7.001288e-01, 4.911013e-01
688, 7.002915e-01, 6.245512e-01
689, 7.003183e-01, 6.012174e-01
690, 7.003240e-01, 7.102438e-01
691, 7.003608e-01, 7.340139e-01
692, 7.005514e-01, 5.855757e-01
693, 7.006979e-01, 3.841227e-01
694, 7.008558e-01, 4.051352e-01
695, 7.189841e-01, 4.212243e-01
696, 7.190673e-01, 2.422235e-01
697, 7.193122e-01, 5.307251e-01
698, 7.194168e-01, 4.371972e-01
699, 7.198574e-01, 2.177755e-01
700, 7.199882e-01, 5.463166e-01
701, 7.201385e-01, 8.037183e-01
702, 7.201400e-01, 7.493048e-01
703, 7.202831e-01, 5.701496e-01
704, 7.203258e-01, 3.515993e-01
705, 7.203884e-01, 7.876043e-01
706, 7.204024e-01, 7.650208e-01
707, 7.204408e-01, 5.851944e-01
708, 7.204820e-01, 3.119787e-01
709, 7.205395e-01, 4.605314e-01
710, 7.209210e-01, 6.559887e-01
711, 7.209530e-01, 3.272037e-01
712, 7.212994e-01, 6.770968e-01
713, 7.390236e-01, 4.485327e-01
714, 7.392625e-01, 4.752198e-01
715, 7.394450e-01, 1.874538e-01
716, 7.394603e-01, 8.430174e-01
717, 7.395260e-01, 5.848904e-01
718, 7.396022e-01, 8.039762e-01
719, 7.396032e-01, 6.015291e-01
720, 7.396886e-01, 4.221915e-01
721, 7.397080e-01, 4.916076e-01
722, 7.397336e-01, 7.497055e-01
723, 7.398451e-01, 2.020800e-01
724, 7.398497e-01, 8.197147e-01
725, 7.398592e-01, 7.101267e-01
726, 7.400331e-01, 5.150915e-01
727, 7.401073e-01, 6.948080e-01
728, 7.401130e-01, 2.571877e-01
729, 7.401382e-01, 2.738651e-01
730, 7.402658e-01, 6.243893e-01
731, 7.403174e-01, 3.818904e-01
732, 7.405154e-01, 7.333078e-01
733, 7.405196e-01, 3.666214e-01
734, 7.407251e-01, 1.628176e-01
735, 7.408260e-01, 4.050837e-01
736, 7.408588e-01, 4.463798e-01
737, 7.409529e-01, 5.605283e-01
738, 7.411659e-01, 2.959136e-01
739, 7.412421e-01, 4.516185e-01
740, 7.584736e-01, 5.464386e-01
741, 7.589077e-01, 2.410296e-01
742, 7.590790e-01, 5.300527e-01
743, 7.592856e-01, 2.186401e-01
744, 7.592953e-01, 2.572875e-01
745, 7.593904e-01, 2.025571e-01
746, 7.594418e-01, 4.365835e-01
747, 7.594622e-01, 3.282494e-01
748, 7.595273e-01, 3.939635e-01
749, 7.595694e-01, 5.702286e-01
750, 7.597164e-01, 4.216756e-01
751, 7.597391e-01, 6.943446e-01
752, 7.597422e-01, 6.400195e-01
753, 7.598159e-01, 8.041211e-01
754, 7.598307e-01, 6.550273e-01
755, 7.599812e-01, 4.623778e-01
756, 7.600637e-01, 3.119918e-01
757, 7.603315e-01, 7.490489e-01
758, 7.603643e-01, 4.752322e-01
759, 7.603731e-01, 7.882069e-01
760, 7.604953e-01, 7.638118e-01
761, 7.607732e-01, 6.795570e-01
762, 7.609549e-01, 3.510695e-01
763, 7.628816e-01, 8.314003e-01
764, 7.789092e-01, 2.290263e-01
765, 7.791147e-01, 6.237640e-01
766, 7.792459e-01, 3.122009e-01
767, 7.793239e-01, 2.969428e-01
768, 7.793553e-01, 7.500072e-01
769, 7.794508e-01, 2.026147e-01
770, 7.795661e-01, 4.765326e-01
771, 7.796393e-01, 6.402317e-01
772, 7.796413e-01, 4.913258e-01
773, 7.797027e-01, 6.934944e-01
774, 7.798129e-01, 3.826838e-01
775, 7.798834e-01, 7.778291e-01
776, 7.799026e-01, 4.209119e-01
777, 7.799568e-01, 5.854372e-01
778, 7.800221e-01, 5.145903e-01
779, 7.800316e-01, 5.308577e-01
780, 7.800668e-01, 7.748992e-01
781, 7.801361e-01, 6.009826e-01
782, 7.802546e-01, 2.729822e-01
783, 7.802956e-01, 7.105167e-01
784, 7.803453e-01, 7.327961e-01
785, 7.804418e-01, 4.061582e-01
786, 7.804567e-01, 1.641998e-01
787, 7.805260e-01, 1.873535e-01
788, 7.806488e-01, 8.431625e-01
789, 7.811490e-01, 8.201832e-01
790, 7.989078e-01, 5.308429e-01
791, 7.989633e-01, 6.563990e-01
792, 7.991792e-01, 6.946349e-01
793, 7.992777e-01, 2.024623e-01
794, 7.993379e-01, 6.402022e-01
795, 7.995420e-01, 3.497313e-01
796, 7.995487e-01, 6.792541e-01
797, 7.995594e-01, 3.662696e-01
798, 7.996374e-01, 7.642464e-01
799, 7.996622e-01, 2.183475e-01
800, 7.997451e-01, 4.594432e-01
801, 7.999112e-01, 4.207509e-01
802, 7.999124e-01, 3.125915e-01
803, 7.999458e-01, 5.460360e-01
804, 7.999614e-01, 4.761885e-01
805, 8.000077e-01, 4.370847e-01
806, 8.000872e-01, 3.279127e-01
807, 8.003479e-01, 2.576989e-01
808, 8.007786e-01, 5.693835e-01
809, 8.007938e-01, 7.881318e-01
810, 8.009696e-01, 2.417953e-01
811, 8.179902e-01, 6.682433e-01
812, 8.189779e-01, 7.487562e-01
813, 8.192051e-01, 2.961291e-01
814, 8.193151e-01, 3.835180e-01
815, 8.193573e-01, 4.216322e-01
816, 8.193731e-01, 4.929975e-01
817, 8.194851e-01, 3.665919e-01
818, 8.195257e-01, 7.333729e-01
819, 8.196354e-01, 3.121115e-01
820, 8.196410e-01, 2.730181e-01
821, 8.197382e-01, 5.844769e-01
822, 8.197399e-01, 2.580117e-01
823, 8.197611e-01, 5.139968e-01
824, 8.199088e-01, 1.648100e-01
825, 8.199112e-01, 6.393990e-01
826, 8.199357e-01, 7.096348e-01
827, 8.200147e-01, 6.254916e-01
828, 8.200502e-01, 6.005673e-01
829, 8.200614e-01, 2.027145e-01
830, 8.202448e-01, 8.036035e-01
831, 8.203951e-01, 8.195426e-01
832, 8.204539e-01, 1.867333e-01
833, 8.204899e-01, 8.428202e-01
834, 8.206687e-01, 6.662236e-01
835, 8.207755e-01, 4.044851e-01
836, 8.233234e-01, 3.401305e-01
837, 8.383794e-01, 7.888808e-01
838, 8.387211e-01, 5.312166e-01
839, 8.391786e-01, 7.648334e-01
840, 8.392904e-01, 6.559691e-01
841, 8.393924e-01, 8.306771e-01
842, 8.396752e-01, 5.476145e-01
843, 8.396895e-01, 2.578818e-01
844, 8.397257e-01, 6.397987e-01
845, 8.397837e-01, 3.670008e-01
846, 8.398814e-01, 4.758146e-01
847, 8.399186e-01, 4.610895e-01
848, 8.399409e-01, 7.497006e-01
849, 8.400246e-01, 5.689181e-01
850, 8.400656e-01, 3.505883e-01
851, 8.401436e-01, 5.856396e-01
852, 8.402166e-01, 2.189938e-01
853, 8.403007e-01, 6.956729e-01
854, 8.403675e-01, 3.118704e-01
855, 8.403915e-01, 4.212742e-01
856, 8.404859e-01, 4.361051e-01
857, 8.407088e-01, 2.411408e-01
858, 8.407555e-01, 5.291843e-01
859, 8.408313e-01, 3.283496e-01
860, 8.413004e-01, 6.784116e-01
861, 1.599183e-01, 7.508673e-01
862, 1.595074e-01, 6.949946e-01
863, 1.595114e-01, 8.306349e-01
864, 1.601072e-01, 6.119721e-01
865, 1.602047e-01, 3.946497e-01
866, 1.598599e-01, 4.219036e-01
867, 1.603538e-01, 2.578228e-01
868, 1.603668e-01, 1.753169e-01
869, 1.604531e-01, 7.211634e-01
870, 1.607916e-01, 8.029552e-01
871, 1.601289e-01, 5.028302e-01
872, 1.601486e-01, 2.855254e-01
873, 1.801533e-01, 7.768491e-01
874, 1.995665e-01, 6.126562e-01
875, 1.791826e-01, 5.580922e-01
876, 1.797016e-01, 5.861270e-01
877, 1.793219e-01, 2.298037e-01
878, 1.799195e-01, 6.672917e-01
879, 1.804958e-01, 4.478324e-01
880, 1.802563e-01, 3.388156e-01
881, 2.006336e-01, 5.034119e-01
882, 2.002847e-01, 5.859191e-01
883, 2.000307e-01, 1.759925e-01
884, 2.006764e-01, 2.848919e-01
885, 2.001678e-01, 7.221395e-01
886, 2.203092e-01, 4.757309e-01
887, 2.196373e-01, 4.487860e-01
888, 2.201999e-01, 6.396529e-01
889, 2.392793e-01, 2.842147e-01
890, 2.207840e-01, 2.575044e-01
891, 2.202835e-01, 2.309336e-01
892, 2.202208e-01, 5.579749e-01
893, 2.198915e-01, 7.766346e-01
894, 2.192106e-01, 6.675961e-01
895, 2.195292e-01, 3.407356e-01
896, 2.394691e-01, 8.045444e-01
897, 2.595454e-01, 6.667259e-01
898, 2.401357e-01, 2.571421e-01
899, 2.400277e-01, 1.753833e-01
900, 2.399992e-01, 3.942857e-01
901, 2.400428e-01, 6.131966e-01
902, 2.399685e-01, 8.309635e-01
903, 2.400819e-01, 5.031982e-01
904, 2.392085e-01, 7.224653e-01
905, 2.596318e-01, 5.588974e-01
906, 2.597706e-01, 3.393177e-01
907, 2.598672e-01, 2.304029e-01
908, 2.600277e-01, 4.486775e-01
909, 2.598039e-01, 7.760117e-01
910, 2.807541e-01, 8.307081e-01
911, 2.794049e-01, 5.043161e-01
912, 2.799305e-01, 1.752591e-01
913, 2.804118e-01, 7.216323e-01
914, 2.798962e-01, 3.938206e-01
915, 3.000405e-01, 6.400049e-01
916, 3.003270e-01, 3.390636e-01
917, 3.197059e-01, 5.026478e-01
918, 3.004266e-01, 4.753789e-01
919, 3.001872e-01, 2.027107e-01
920, 2.995451e-01, 6.955999e-01
921, 2.998896e-01, 7.769247e-01
922, 3.000658e-01, 5.576639e-01
923, 3.210496e-01, 8.317728e-01
924, 3.199695e-01, 2.031393e-01
925, 3.206102e-01, 1.760968e-01
926, 3.196643e-01, 5.311815e-01
927, 3.397357e-01, 5.580159e-01
928, 3.208952e-01, 6.127882e-01
929, 3.200648e-01, 3.942606e-01
930, 3.407332e-01, 3.395091e-01
931, 3.587758e-01, 1.749708e-01
932, 3.399033e-01, 4.762076e-01
933, 3.395342e-01, 6.399567e-01
934, 3.398295e-01, 4.490630e-01
935, 3.397475e-01, 2.302977e-01
936, 3.601773e-01, 7.498751e-01
937, 3.592155e-01, 8.042211e-01
938, 3.600335e-01, 5.846686e-01
939, 3.589387e-01, 3.108618e-01
940, 3.605846e-01, 7.215836e-01
941, 3.602657e-01, 5.021834e-01
942, 3.596554e-01, 3.943198e-01
943, 3.601587e-01, 2.852563e-01
944, 3.798389e-01, 6.675950e-01
945, 3.800585e-01, 4.759850e-01
946, 3.796817e-01, 5.573013e-01
947, 3.797780e-01, 4.487000e-01
948, 3.800129e-01, 3.398715e-01
949, 3.797886e-01, 7.770844e-01
950, 4.000205e-01, 5.301570e-01
951, 3.998873e-01, 7.494317e-01
952, 4.195171e-01, 7.770693e-01
953, 3.998280e-01, 8.311031e-01
954, 4.002452e-01, 2.031615e-01
955, 4.002700e-01, 3.671158e-01
956, 4.000492e-01, 3.948758e-01
957, 3.998926e-01, 5.036361e-01
958, 4.006564e-01, 1.755911e-01
959, 3.994769e-01, 2.850459e-01
960, 4.000657e-01, 6.125886e-01
961, 3.996187e-01, 7.216680e-01
962, 4.195631e-01, 4.220648e-01
963, 4.200818e-01, 3.669694e-01
964, 4.206062e-01, 3.392628e-01
965, 4.206490e-01, 2.036631e-01
966, 4.201999e-01, 3.117212e-01
967, 4.197097e-01, 6.397132e-01
968, 4.201330e-01, 6.676294e-01
969, 4.200437e-01, 2.299842e-01
970, 4.207241e-01, 4.481896e-01
971, 4.194736e-01, 5.578939e-01
972, 4.396163e-01, 6.143727e-01
973, 4.402556e-01, 1.748937e-01
974, 4.398765e-01, 2.024236e-01
975, 4.393625e-01, 6.944828e-01
976, 4.397568e-01, 5.023080e-01
977, 4.397599e-01, 4.761645e-01
978, 4.390358e-01, 8.309913e-01
979, 4.408706e-01, 7.208782e-01
980, 4.401318e-01, 2.845421e-01
981, 4.399232e-01, 3.939640e-01
982, 4.600775e-01, 8.034353e-01
983, 4.602073e-01, 5.308760e-01
984, 4.597610e-01, 5.858202e-01
985, 4.600694e-01, 6.656958e-01
986, 4.607923e-01, 3.395510e-01
987, 4.600805e-01, 5.575944e-01
988, 4.596849e-01, 2.307512e-01
989, 4.996164e-01, 7.769897e-01
990, 4.792685e-01, 3.111614e-01
991, 4.804695e-01, 3.939063e-01
992, 4.801177e-01, 5.302599e-01
993, 4.810240e-01, 6.132588e-01
994, 4.797607e-01, 2.576053e-01
995, 4.802610e-01, 8.314595e-01
996, 4.800971e-01, 7.216083e-01
997, 5.003552e-01, 6.686847e-01
998, 5.003629e-01, 4.756151e-01
999, 5.000778e-01, 4.206331e-01
1000, 4.990034e-01, 5.848599e-01
1001, 4.996429e-01, 3.396902e-01
1002, 5.001399e-01, 4.491933e-01
1003, 5.207311e-01, 6.129722e-01
1004, 5.203428e-01, 6.948445e-01
1005, 5.198117e-01, 1.760403e-01
1006, 5.389277e-01, 2.305688e-01
1007, 5.203675e-01, 2.851438e-01
1008, 5.197668e-01, 5.031631e-01
1009, 5.200629e-01, 7.216047e-01
1010, 5.193630e-01, 3.927957e-01
1011, 5.396759e-01, 5.310230e-01
1012, 5.391886e-01, 7.762944e-01
1013, 5.593589e-01, 5.025715e-01
1014, 5.401315e-01, 5.575603e-01
1015, 5.404760e-01, 2.027699e-01
1016, 5.402814e-01, 4.486925e-01
1017, 5.402912e-01, 6.670416e-01
1018, 5.402417e-01, 3.396605e-01
1019, 5.600109e-01, 4.757771e-01
1020, 5.605440e-01, 5.855488e-01
1021, 5.607794e-01, 6.129469e-01
1022, 5.590924e-01, 2.853063e-01
1023, 5.602327e-01, 1.755947e-01
1024, 5.600307e-01, 3.669986e-01
1025, 5.599238e-01, 6.397134e-01
1026, 5.598587e-01, 8.313476e-01
1027, 5.590700e-01, 7.213724e-01
1028, 5.603963e-01, 3.935672e-01
1029, 5.800703e-01, 8.028957e-01
1030, 5.797471e-01, 4.483575e-01
1031, 5.797002e-01, 6.677668e-01
1032, 5.804431e-01, 3.123548e-01
1033, 5.802774e-01, 5.572076e-01
1034, 5.801096e-01, 3.386215e-01
1035, 5.801906e-01, 2.293984e-01
1036, 5.998219e-01, 6.942407e-01
1037, 5.997646e-01, 8.313142e-01
1038, 5.999124e-01, 3.117617e-01
1039, 5.995285e-01, 6.130160e-01
1040, 5.993964e-01, 5.031705e-01
1041, 5.998030e-01, 3.938034e-01
1042, 6.004302e-01, 2.859718e-01
1043, 6.203934e-01, 7.771680e-01
1044, 6.198387e-01, 5.580262e-01
1045, 6.185163e-01, 2.299179e-01
1046, 6.195551e-01, 2.021693e-01
1047, 6.195470e-01, 4.484320e-01
1048, 6.396409e-01, 5.857462e-01
1049, 6.398567e-01, 3.940904e-01
1050, 6.404659e-01, 2.572886e-01
1051, 6.391985e-01, 4.761104e-01
1052, 6.413049e-01, 5.038878e-01
1053, 6.396136e-01, 7.220014e-01
1054, 6.401377e-01, 2.851759e-01
1055, 6.592661e-01, 6.670945e-01
1056, 6.597828e-01, 6.393583e-01
1057, 6.594988e-01, 6.950281e-01
1058, 6.598924e-01, 2.300893e-01
1059, 6.593878e-01, 3.390788e-01
1060, 6.601630e-01, 5.304061e-01
1061, 6.597408e-01, 5.579504e-01
1062, 6.607171e-01, 2.571926e-01
1063, 6.599392e-01, 7.764428e-01
1064, 6.795587e-01, 8.038994e-01
1065, 6.791795e-01, 7.224827e-01
1066, 6.800403e-01, 3.118229e-01
1067, 6.987847e-01, 5.579853e-01
1068, 6.798681e-01, 4.210010e-01
1069, 6.807962e-01, 6.399413e-01
1070, 6.801769e-01, 3.667751e-01
1071, 6.794318e-01, 3.937282e-01
1072, 6.794662e-01, 7.487803e-01
1073, 6.799395e-01, 5.046048e-01
1074, 6.801948e-01, 6.120324e-01
1075, 6.801694e-01, 2.851138e-01
1076, 6.802345e-01, 1.747943e-01
1077, 6.998106e-01, 6.403458e-01
1078, 6.998601e-01, 3.665554e-01
1079, 7.008173e-01, 4.211467e-01
1080, 7.002293e-01, 7.767125e-01
1081, 6.999268e-01, 4.763078e-01
1082, 6.993899e-01, 6.956186e-01
1083, 7.013253e-01, 6.666421e-01
1084, 6.995344e-01, 4.483012e-01
1085, 7.003640e-01, 2.296632e-01
1086, 6.997122e-01, 3.396129e-01
1087, 7.205245e-01, 6.952333e-01
1088, 7.205855e-01, 6.398932e-01
1089, 7.203157e-01, 2.032280e-01
1090, 7.197132e-01, 2.840357e-01
1091, 7.203393e-01, 4.759133e-01
1092, 7.201087e-01, 3.668424e-01
1093, 7.192516e-01, 3.940185e-01
1094, 7.195023e-01, 2.573762e-01
1095, 7.204032e-01, 6.119953e-01
1096, 7.201654e-01, 8.304682e-01
1097, 7.204119e-01, 5.026631e-01
1098, 7.196671e-01, 7.220059e-01
1099, 7.206800e-01, 1.746129e-01
1100, 7.401421e-01, 6.395852e-01
1101, 7.399110e-01, 6.675413e-01
1102, 7.399435e-01, 5.301984e-01
1103, 7.400871e-01, 3.116632e-01
1104, 7.397309e-01, 2.298634e-01
1105, 7.394897e-01, 7.766447e-01
1106, 7.397907e-01, 5.571985e-01
1107, 7.399966e-01, 3.388373e-01
1108, 7.601677e-01, 3.663760e-01
1109, 7.603056e-01, 1.750775e-01
1110, 7.600950e-01, 5.854255e-01
1111, 7.593386e-01, 7.222059e-01
1112, 7.593177e-01, 8.306503e-01
1113, 7.606023e-01, 6.132569e-01
1114, 7.597643e-01, 2.861333e-01
1115, 7.599011e-01, 5.028895e-01
1116, 7.803713e-01, 8.042671e-01
1117, 7.811282e-01, 2.575253e-01
1118, 7.799900e-01, 3.393602e-01
1119, 7.793427e-01, 5.584929e-01
1120, 7.801044e-01, 3.658654e-01
1121, 7.796466e-01, 4.492739e-01
1122, 7.803840e-01, 6.673624e-01
1123, 7.817046e-01, 2.308858e-01
1124, 7.995705e-01, 8.318139e-01
1125, 7.999854e-01, 8.044837e-01
1126, 8.005132e-01, 7.492329e-01
1127, 8.195948e-01, 5.578511e-01
1128, 8.005141e-01, 1.754799e-01
1129, 7.992719e-01, 3.945795e-01
1130, 7.995105e-01, 5.847327e-01
1131, 7.996042e-01, 5.028567e-01
1132, 7.994986e-01, 6.128150e-01
1133, 7.999106e-01, 7.212203e-01
1134, 8.002722e-01, 2.849565e-01
1135, 8.193781e-01, 3.397526e-01
1136, 8.192770e-01, 6.945582e-01
1137, 8.193635e-01, 4.755658e-01
1138, 8.209270e-01, 5.307928e-01
1139, 8.207827e-01, 2.299414e-01
1140, 8.199685e-01, 7.769902e-01
1141, 8.198065e-01, 4.492606e-01
1142, 8.400687e-01, 2.846797e-01
1143, 8.405230e-01, 1.754413e-01
1144, 8.402357e-01, 6.129582e-01
1145, 8.405720e-01, 2.028637e-01
1146, 8.394468e-01, 8.040110e-01
1147, 8.403229e-01, 7.222623e-01
1148, 8.399766e-01, 5.032073e-01
1149, 8.394611e-01, 3.936654e-01
1150, 1.500000e-01, 8.366296e-01
1151, 1.500000e-01, 8.252723e-01
1152, 1.500000e-01, 8.029202e-01
1153, 1.500000e-01, 7.155714e-01
1154, 1.500000e-01, 7.271752e-01
1155, 1.500000e-01, 6.060538e-01
1156, 1.500000e-01, 7.500916e-01
1157, 1.500000e-01, 6.948875e-01
1158, 1.500000e-01, 3.885559e-01
1159, 1.500000e-01, 4.009628e-01
1160, 1.500000e-01, 2.913038e-01
1161, 1.500000e-01, 4.211263e-01
1162, 1.500000e-01, 4.968396e-01
1163, 1.500000e-01, 1.694542e-01
1164, 1.500000e-01, 2.788899e-01
1165, 1.500000e-01, 2.576930e-01
1166, 1.500000e-01, 3.124614e-01
1167, 1.500000e-01, 1.818225e-01
1168, 1.500000e-01, 2.026132e-01
1169, 1.500000e-01, 4.762874e-01
1170, 1.500000e-01, 5.094509e-01
1171, 1.500000e-01, 5.310463e-01
1172, 1.500000e-01, 3.670170e-01
1173, 1.500000e-01, 5.866396e-01
1174, 1.500000e-01, 6.183471e-01
1175, 1.500000e-01, 6.398310e-01
1176, 1.500000e-01, 6.613127e-01
1177, 1.500000e-01, 6.735984e-01
1178, 1.500000e-01, 7.822521e-01
1179, 1.500000e-01, 7.707748e-01
1180, 1.500000e-01, 3.329051e-01
1181, 1.500000e-01, 3.454157e-01
1182, 1.500000e-01, 5.518770e-01
1183, 1.500000e-01, 5.630924e-01
1184, 1.500000e-01, 4.422720e-01
1185, 1.500000e-01, 4.529237e-01
1186, 1.500000e-01, 2.354190e-01
1187, 1.500000e-01, 2.242113e-01
1188, 1.591747e-01, 8.500000e-01
1189, 1.605308e-01, 1.500000e-01
1190, 1.810103e-01, 8.500000e-01
1191, 1.798667e-01, 1.500000e-01
1192, 1.999500e-01, 1.500000e-01
1193, 1.995415e-01, 8.500000e-01
1194, 2.192430e-01, 8.500000e-01
1195, 2.195875e-01, 1.500000e-01
1196, 2.397142e-01, 8.500000e-01
1197, 2.397280e-01, 1.500000e-01
1198, 2.600915e-01, 8.500000e-01
1199, 2.606904e-01, 1.500000e-01
1200, 2.805302e-01, 8.500000e-01
1201, 2.795759e-01, 1.500000e-01
1202, 2.989924e-01, 1.500000e-01
1203, 3.008765e-01, 8.500000e-01
1204, 3.199048e-01, 8.500000e-01
1205, 3.203020e-01, 1.500000e-01
1206, 3.394584e-01, 1.500000e-01
1207, 3.394784e-01, 8.500000e-01
1208, 3.597546e-01, 8.500000e-01
1209, 3.596667e-01, 1.500000e-01
1210, 3.798470e-01, 1.500000e-01
1211, 3.801841e-01, 8.500000e-01
1212, 3.994176e-01, 8.500000e-01
1213, 3.997135e-01, 1.500000e-01
1214, 4.196764e-01, 8.500000e-01
1215, 4.200695e-01, 1.500000e-01
1216, 4.400035e-01, 8.500000e-01
1217, 4.398287e-01, 1.500000e-01
1218, 4.596929e-01, 8.500000e-01
1219, 4.602731e-01, 1.500000e-01
1220, 4.799698e-01, 8.500000e-01
1221, 4.794335e-01, 1.500000e-01
1222, 5.017922e-01, 1.500000e-01
1223, 4.999988e-01, 8.500000e-01
1224, 5.198110e-01, 8.500000e-01
1225, 5.194473e-01, 1.500000e-01
1226, 5.403999e-01, 8.500000e-01
1227, 5.393952e-01, 1.500000e-01
1228, 5.601178e-01, 1.500000e-01
1229, 5.596551e-01, 8.500000e-01
1230, 5.795930e-01, 8.500000e-01
1231, 5.797052e-01, 1.500000e-01
1232, 6.003475e-01, 1.500000e-01
1233, 5.996125e-01, 8.500000e-01
1234, 6.197106e-01, 8.500000e-01
1235, 6.200682e-01, 1.500000e-01
1236, 6.400911e-01, 8.500000e-01
1237, 6.397940e-01, 1.500000e-01
1238, 6.607143e-01, 8.500000e-01
1239, 6.592563e-01, 1.500000e-01
1240, 6.803632e-01, 8.500000e-01
1241, 6.800828e-01, 1.500000e-01
1242, 6.997477e-01, 8.500000e-01
1243, 6.994048e-01, 1.500000e-01
1244, 7.199468e-01, 1.500000e-01
1245, 7.200485e-01, 8.500000e-01
1246, 7.395232e-01, 8.500000e-01
1247, 7.400463e-01, 1.500000e-01
1248, 7.599751e-01, 8.500000e-01
1249, 7.596282e-01, 1.500000e-01
1250, 7.801838e-01, 8.500000e-01
1251, 7.800256e-01, 1.500000e-01
1252, 7.993311e-01, 8.500000e-01
1253, 8.004531e-01, 1.500000e-01
1254, 8.198422e-01, 1.500000e-01
1255, 8.204659e-01, 8.500000e-01
1256, 8.500000e-01, 6.731470e-01
1257, 8.500000e-01, 5.633154e-01
1258, 8.500000e-01, 6.954873e-01
1259, 8.500000e-01, 7.707691e-01
1260, 8.500000e-01, 7.492652e-01
1261, 8.500000e-01, 5.857724e-01
1262, 8.500000e-01, 4.548581e-01
1263, 8.500000e-01, 4.421116e-01
1264, 8.500000e-01, 5.528972e-01
1265, 8.395953e-01, 1.500000e-01
1266, 8.500000e-01, 5.297256e-01
1267, 8.500000e-01, 4.756496e-01
1268, 8.500000e-01, 4.211586e-01
1269, 8.500000e-01, 2.240078e-01
1270, 8.500000e-01, 2.026451e-01
1271, 8.500000e-01, 2.350816e-01
1272, 8.500000e-01, 2.576033e-01
1273, 8.500000e-01, 3.335698e-01
1274, 8.500000e-01, 3.118911e-01
1275, 8.500000e-01, 3.452067e-01
1276, 8.500000e-01, 3.669333e-01
1277, 8.500000e-01, 7.827349e-01
1278, 8.500000e-01, 8.042064e-01
1279, 8.500000e-01, 6.616975e-01
1280, 8.500000e-01, 6.397034e-01
1281, 8.391884e-01, 8.500000e-01
1282, 8.500000e-01, 8.246920e-01
1283, 8.500000e-01, 8.369087e-01
1284, 8.500000e-01, 7.279220e-01
1285, 8.500000e-01, 7.166427e-01
1286, 8.500000e-01, 5.091322e-01
1287, 8.500000e-01, 4.975192e-01
1288, 8.500000e-01, 1.702652e-01
1289, 8.500000e-01, 1.810363e-01
1290, 8.500000e-01, 2.902994e-01
1291, 8.500000e-01, 2.789415e-01
1292, 8.500000e-01, 3.870317e-01
1293, 8.500000e-01, 4.000083e-01
1294, 8.500000e-01, 6.068342e-01
1295, 8.500000e-01, 6.184041e-01
