1, 1.571674e-01, 3.306671e-01
2, 1.582058e-01, 6.603300e-01
3, 1.582888e-01, 2.025846e-01
4, 1.584226e-01, 5.869658e-01
5, 1.589611e-01, 3.601337e-01
6, 1.596003e-01, 2.838891e-01
7, 1.599273e-01, 6.315271e-01
8, 1.600307e-01, 5.253003e-01
9, 1.602860e-01, 3.080914e-01
10, 1.602903e-01, 1.723864e-01
11, 1.605256e-01, 2.244125e-01
12, 1.606508e-01, 3.829191e-01
13, 1.606649e-01, 5.556782e-01
14, 1.606763e-01, 1.766610e-01
15, 1.606951e-01, 5.829552e-01
16, 1.607402e-01, 5.037974e-01
17, 1.607731e-01, 3.365582e-01
18, 1.608887e-01, 6.877733e-01
19, 1.610457e-01, 4.531838e-01
20, 1.612036e-01, 6.295428e-01
21, 1.612804e-01, 5.517481e-01
22, 1.615363e-01, 7.500555e-01
23, 1.616145e-01, 2.268580e-01
24, 1.617358e-01, 2.838416e-01
25, 1.617995e-01, 2.320205e-01
26, 1.618302e-01, 6.604491e-01
27, 1.618625e-01, 1.748861e-01
28, 1.622518e-01, 7.124366e-01
29, 1.622532e-01, 5.258874e-01
30, 1.626773e-01, 5.585848e-01
31, 1.627692e-01, 4.221840e-01
32, 1.628068e-01, 4.984048e-01
33, 1.628394e-01, 6.130033e-01
34, 1.630415e-01, 5.498173e-01
35, 1.630696e-01, 8.042711e-01
36, 1.631737e-01, 6.627955e-01
37, 1.631845e-01, 2.033679e-01
38, 1.634370e-01, 7.336859e-01
39, 1.636085e-01, 6.103777e-01
40, 1.636405e-01, 2.627715e-01
41, 1.636429e-01, 7.146553e-01
42, 1.637676e-01, 7.929878e-01
43, 1.642611e-01, 5.297104e-01
44, 1.643384e-01, 3.950823e-01
45, 1.643553e-01, 2.057958e-01
46, 1.646056e-01, 3.912303e-01
47, 1.649593e-01, 1.747437e-01
48, 1.649679e-01, 2.359032e-01
49, 1.651871e-01, 7.913017e-01
50, 1.652544e-01, 8.267155e-01
51, 1.656929e-01, 7.455860e-01
52, 1.657262e-01, 4.965881e-01
53, 1.657924e-01, 7.161479e-01
54, 1.659412e-01, 7.405274e-01
55, 1.661688e-01, 3.401726e-01
56, 1.664002e-01, 1.987836e-01
57, 1.664128e-01, 8.477328e-01
58, 1.666273e-01, 4.430051e-01
59, 1.669731e-01, 6.033769e-01
60, 1.671670e-01, 7.196857e-01
61, 1.672346e-01, 5.173955e-01
62, 1.672670e-01, 8.295020e-01
63, 1.677121e-01, 5.797134e-01
64, 1.678355e-01, 2.857599e-01
65, 1.684877e-01, 6.428356e-01
66, 1.690259e-01, 7.735613e-01
67, 1.696221e-01, 5.756516e-01
68, 1.698354e-01, 4.185982e-01
69, 1.704896e-01, 4.708722e-01
70, 1.719494e-01, 4.965929e-01
71, 1.783889e-01, 4.592412e-01
72, 1.796990e-01, 4.342008e-01
73, 1.800975e-01, 1.609921e-01
74, 1.803392e-01, 5.144037e-01
75, 1.808615e-01, 3.776890e-01
76, 1.813180e-01, 3.495533e-01
77, 1.818732e-01, 5.952733e-01
78, 1.824687e-01, 2.409927e-01
79, 1.829587e-01, 7.910119e-01
80, 1.830914e-01, 4.904384e-01
81, 1.831970e-01, 2.970699e-01
82, 1.832944e-01, 5.439598e-01
83, 1.836932e-01, 4.797452e-01
84, 1.837827e-01, 2.433322e-01
85, 1.838231e-01, 4.110479e-01
86, 1.838402e-01, 5.367490e-01
87, 1.844426e-01, 1.886395e-01
88, 1.846255e-01, 6.435894e-01
89, 1.847408e-01, 6.812496e-01
90, 1.849637e-01, 4.017801e-01
91, 1.855578e-01, 4.858914e-01
92, 1.856083e-01, 2.706184e-01
93, 1.859579e-01, 2.745623e-01
94, 1.859648e-01, 7.520347e-01
95, 1.861801e-01, 6.726267e-01
96, 1.862834e-01, 8.063410e-01
97, 1.863639e-01, 6.237111e-01
98, 1.865845e-01, 4.046147e-01
99, 1.867345e-01, 1.875809e-01
100, 1.867599e-01, 2.947077e-01
101, 1.868434e-01, 8.367806e-01
102, 1.869785e-01, 5.168729e-01
103, 1.869854e-01, 6.563630e-01
104, 1.871003e-01, 6.775645e-01
105, 1.871374e-01, 6.747578e-01
106, 1.874029e-01, 2.449737e-01
107, 1.874583e-01, 1.616641e-01
108, 1.875895e-01, 3.795822e-01
109, 1.880859e-01, 5.960065e-01
110, 1.882083e-01, 6.478352e-01
111, 1.882236e-01, 8.157324e-01
112, 1.884131e-01, 7.567690e-01
113, 1.886665e-01, 3.181135e-01
114, 1.888578e-01, 2.175810e-01
115, 1.889911e-01, 1.877971e-01
116, 1.890832e-01, 2.649809e-01
117, 1.890930e-01, 6.521787e-01
118, 1.892024e-01, 5.977580e-01
119, 1.894038e-01, 3.481542e-01
120, 1.895039e-01, 1.569020e-01
121, 1.897392e-01, 4.593784e-01
122, 1.899742e-01, 7.335572e-01
123, 1.900998e-01, 3.769356e-01
124, 1.901518e-01, 6.217085e-01
125, 1.907479e-01, 2.948583e-01
126, 1.910714e-01, 5.063304e-01
127, 1.914096e-01, 5.908842e-01
128, 1.916373e-01, 7.844409e-01
129, 1.916483e-01, 5.669864e-01
130, 1.917172e-01, 4.289818e-01
131, 1.928490e-01, 7.622321e-01
132, 1.928960e-01, 3.483962e-01
133, 1.931893e-01, 6.219450e-01
134, 1.937785e-01, 2.440997e-01
135, 1.955792e-01, 4.855874e-01
136, 2.032305e-01, 7.953794e-01
137, 2.043435e-01, 6.889220e-01
138, 2.043948e-01, 5.533583e-01
139, 2.052165e-01, 3.134663e-01
140, 2.060072e-01, 5.770963e-01
141, 2.060497e-01, 4.433477e-01
142, 2.061655e-01, 6.363273e-01
143, 2.061799e-01, 6.589152e-01
144, 2.061994e-01, 4.897448e-01
145, 2.063835e-01, 2.281567e-01
146, 2.065513e-01, 2.040625e-01
147, 2.067170e-01, 3.421283e-01
148, 2.067237e-01, 7.686941e-01
149, 2.069252e-01, 4.799645e-01
150, 2.070723e-01, 3.356885e-01
151, 2.073910e-01, 7.156394e-01
152, 2.074338e-01, 5.238810e-01
153, 2.075054e-01, 3.921012e-01
154, 2.076142e-01, 6.607491e-01
155, 2.077945e-01, 3.107845e-01
156, 2.082249e-01, 3.663577e-01
157, 2.083837e-01, 5.822350e-01
158, 2.083890e-01, 5.262647e-01
159, 2.086102e-01, 2.861362e-01
160, 2.086161e-01, 7.364637e-01
161, 2.086703e-01, 2.555367e-01
162, 2.087141e-01, 8.476021e-01
163, 2.088987e-01, 3.390515e-01
164, 2.090911e-01, 6.140700e-01
165, 2.093826e-01, 7.687709e-01
166, 2.094377e-01, 1.717960e-01
167, 2.094384e-01, 4.693211e-01
168, 2.095527e-01, 8.190650e-01
169, 2.097604e-01, 2.045226e-01
170, 2.098518e-01, 5.530822e-01
171, 2.099002e-01, 2.587737e-01
172, 2.099159e-01, 4.745154e-01
173, 2.101719e-01, 4.431105e-01
174, 2.102306e-01, 6.890573e-01
175, 2.105052e-01, 7.157868e-01
176, 2.105433e-01, 7.394221e-01
177, 2.106437e-01, 6.619041e-01
178, 2.107158e-01, 6.369320e-01
179, 2.108340e-01, 3.933174e-01
180, 2.109329e-01, 6.053106e-01
181, 2.113097e-01, 6.102744e-01
182, 2.113106e-01, 4.412263e-01
183, 2.113898e-01, 4.185590e-01
184, 2.114460e-01, 8.477874e-01
185, 2.115151e-01, 7.488010e-01
186, 2.117111e-01, 6.913911e-01
187, 2.117367e-01, 2.274094e-01
188, 2.118304e-01, 3.090641e-01
189, 2.118799e-01, 5.839587e-01
190, 2.118802e-01, 5.546415e-01
191, 2.123130e-01, 4.166937e-01
192, 2.126047e-01, 4.216534e-01
193, 2.128611e-01, 5.331131e-01
194, 2.132670e-01, 5.573754e-01
195, 2.135507e-01, 7.512690e-01
196, 2.135993e-01, 7.225162e-01
197, 2.139001e-01, 3.054091e-01
198, 2.139113e-01, 3.925546e-01
199, 2.141222e-01, 2.286496e-01
200, 2.143854e-01, 5.048540e-01
201, 2.145754e-01, 7.096230e-01
202, 2.146108e-01, 6.667246e-01
203, 2.147746e-01, 3.381043e-01
204, 2.148393e-01, 6.353725e-01
205, 2.149177e-01, 4.490324e-01
206, 2.151165e-01, 2.307052e-01
207, 2.157070e-01, 2.825512e-01
208, 2.159455e-01, 6.817485e-01
209, 2.160179e-01, 1.529285e-01
210, 2.259365e-01, 3.775549e-01
211, 2.265099e-01, 5.677662e-01
212, 2.268030e-01, 4.334200e-01
213, 2.269306e-01, 2.885424e-01
214, 2.276396e-01, 6.464233e-01
215, 2.279940e-01, 6.209630e-01
216, 2.299691e-01, 4.113126e-01
217, 2.300183e-01, 2.986449e-01
218, 2.301515e-01, 7.776492e-01
219, 2.302444e-01, 8.041852e-01
220, 2.310652e-01, 5.088320e-01
221, 2.311521e-01, 4.811011e-01
222, 2.311527e-01, 3.774312e-01
223, 2.314858e-01, 5.676956e-01
224, 2.315142e-01, 4.517539e-01
225, 2.315732e-01, 2.186088e-01
226, 2.317033e-01, 6.821685e-01
227, 2.317504e-01, 6.673474e-01
228, 2.318673e-01, 7.819852e-01
229, 2.319308e-01, 1.577286e-01
230, 2.321434e-01, 4.676618e-01
231, 2.321627e-01, 7.308078e-01
232, 2.321914e-01, 4.834342e-01
233, 2.322549e-01, 4.866645e-01
234, 2.325221e-01, 3.479121e-01
235, 2.325472e-01, 8.406070e-01
236, 2.327570e-01, 1.634112e-01
237, 2.328887e-01, 5.186130e-01
238, 2.329711e-01, 8.133219e-01
239, 2.332414e-01, 2.104091e-01
240, 2.332840e-01, 6.475895e-01
241, 2.336532e-01, 4.022576e-01
242, 2.336827e-01, 3.538748e-01
243, 2.338685e-01, 4.566282e-01
244, 2.339610e-01, 8.111999e-01
245, 2.340154e-01, 3.230884e-01
246, 2.340190e-01, 5.129241e-01
247, 2.341298e-01, 1.605827e-01
248, 2.341384e-01, 8.385945e-01
249, 2.342094e-01, 3.792879e-01
250, 2.342299e-01, 3.008310e-01
251, 2.342319e-01, 8.357675e-01
252, 2.342389e-01, 3.509836e-01
253, 2.343497e-01, 5.157141e-01
254, 2.345853e-01, 7.517408e-01
255, 2.346694e-01, 4.636759e-01
256, 2.349111e-01, 2.133295e-01
257, 2.354555e-01, 4.921737e-01
258, 2.354971e-01, 7.605724e-01
259, 2.355012e-01, 2.459025e-01
260, 2.355843e-01, 6.767517e-01
261, 2.358486e-01, 5.406543e-01
262, 2.359250e-01, 6.494336e-01
263, 2.362500e-01, 1.606150e-01
264, 2.364013e-01, 8.108584e-01
265, 2.364474e-01, 2.438782e-01
266, 2.366285e-01, 6.519044e-01
267, 2.366491e-01, 2.688929e-01
268, 2.367821e-01, 3.849698e-01
269, 2.370417e-01, 6.198154e-01
270, 2.374865e-01, 1.864233e-01
271, 2.376992e-01, 7.859377e-01
272, 2.385479e-01, 7.025997e-01
273, 2.387620e-01, 4.277298e-01
274, 2.388653e-01, 5.879482e-01
275, 2.395600e-01, 6.211360e-01
276, 2.409753e-01, 2.421069e-01
277, 2.421905e-01, 5.400362e-01
278, 2.422395e-01, 2.399632e-01
279, 2.423892e-01, 3.232734e-01
280, 2.436150e-01, 2.140173e-01
281, 2.464337e-01, 4.030276e-01
282, 2.507504e-01, 8.484175e-01
283, 2.510976e-01, 4.427248e-01
284, 2.512225e-01, 8.175305e-01
285, 2.513916e-01, 1.741363e-01
286, 2.514380e-01, 8.003572e-01
287, 2.524755e-01, 7.177369e-01
288, 2.525188e-01, 6.127274e-01
289, 2.530948e-01, 5.250265e-01
290, 2.536713e-01, 8.481826e-01
291, 2.537525e-01, 5.814425e-01
292, 2.538798e-01, 4.803359e-01
293, 2.544526e-01, 2.855039e-01
294, 2.544851e-01, 7.955195e-01
295, 2.545046e-01, 2.576214e-01
296, 2.545145e-01, 6.373839e-01
297, 2.549411e-01, 4.205643e-01
298, 2.550467e-01, 6.071703e-01
299, 2.550904e-01, 5.580343e-01
300, 2.551464e-01, 2.304790e-01
301, 2.556176e-01, 5.287499e-01
302, 2.558735e-01, 3.448575e-01
303, 2.559295e-01, 6.841317e-01
304, 2.561900e-01, 3.967380e-01
305, 2.562200e-01, 2.062350e-01
306, 2.565898e-01, 3.335345e-01
307, 2.568456e-01, 7.726433e-01
308, 2.568552e-01, 4.747888e-01
309, 2.572048e-01, 6.374900e-01
310, 2.574454e-01, 5.547032e-01
311, 2.575360e-01, 3.422854e-01
312, 2.575817e-01, 7.942165e-01
313, 2.576485e-01, 2.884510e-01
314, 2.579375e-01, 6.875017e-01
315, 2.579615e-01, 3.087654e-01
316, 2.579773e-01, 3.058384e-01
317, 2.581236e-01, 3.316496e-01
318, 2.582701e-01, 7.151774e-01
319, 2.587227e-01, 7.401801e-01
320, 2.587602e-01, 6.048167e-01
321, 2.588422e-01, 5.774577e-01
322, 2.588871e-01, 1.984224e-01
323, 2.590069e-01, 3.038757e-01
324, 2.592729e-01, 3.643508e-01
325, 2.593659e-01, 6.400379e-01
326, 2.594556e-01, 2.631331e-01
327, 2.598315e-01, 2.007402e-01
328, 2.598824e-01, 1.738455e-01
329, 2.599485e-01, 4.539107e-01
330, 2.599807e-01, 4.142199e-01
331, 2.611046e-01, 2.255932e-01
332, 2.611521e-01, 1.718154e-01
333, 2.611983e-01, 1.510269e-01
334, 2.612314e-01, 2.877196e-01
335, 2.613615e-01, 3.141398e-01
336, 2.617518e-01, 7.352004e-01
337, 2.620712e-01, 2.013155e-01
338, 2.620901e-01, 6.288077e-01
339, 2.622173e-01, 5.305642e-01
340, 2.624067e-01, 6.895790e-01
341, 2.628175e-01, 1.806636e-01
342, 2.632097e-01, 5.554168e-01
343, 2.632883e-01, 8.272120e-01
344, 2.638250e-01, 2.472840e-01
345, 2.641155e-01, 6.643106e-01
346, 2.646937e-01, 6.051662e-01
347, 2.656652e-01, 6.949459e-01
348, 2.665630e-01, 7.164600e-01
349, 2.676718e-01, 7.730182e-01
350, 2.760135e-01, 5.875126e-01
351, 2.761610e-01, 3.211817e-01
352, 2.761914e-01, 6.218285e-01
353, 2.762573e-01, 2.145853e-01
354, 2.763221e-01, 5.973155e-01
355, 2.763568e-01, 8.385986e-01
356, 2.773752e-01, 4.364754e-01
357, 2.777544e-01, 3.239963e-01
358, 2.778633e-01, 4.081832e-01
359, 2.780033e-01, 5.103392e-01
360, 2.780087e-01, 3.469530e-01
361, 2.781728e-01, 6.777481e-01
362, 2.782381e-01, 5.941411e-01
363, 2.782613e-01, 4.343599e-01
364, 2.784062e-01, 7.245945e-01
365, 2.786205e-01, 7.881421e-01
366, 2.786315e-01, 4.646320e-01
367, 2.787199e-01, 8.389165e-01
368, 2.792168e-01, 2.385144e-01
369, 2.792693e-01, 6.751244e-01
370, 2.794757e-01, 3.495447e-01
371, 2.796263e-01, 6.491071e-01
372, 2.798082e-01, 3.819803e-01
373, 2.798177e-01, 4.626824e-01
374, 2.798911e-01, 7.829562e-01
375, 2.800059e-01, 6.530802e-01
376, 2.800685e-01, 2.682513e-01
377, 2.801148e-01, 3.774236e-01
378, 2.803859e-01, 6.226311e-01
379, 2.804267e-01, 3.556247e-01
380, 2.806412e-01, 2.705232e-01
381, 2.808801e-01, 2.413293e-01
382, 2.810768e-01, 5.398567e-01
383, 2.813937e-01, 8.048238e-01
384, 2.816881e-01, 4.089771e-01
385, 2.818392e-01, 6.732234e-01
386, 2.818416e-01, 4.856064e-01
387, 2.818992e-01, 1.933592e-01
388, 2.820160e-01, 8.373468e-01
389, 2.820389e-01, 3.271492e-01
390, 2.820439e-01, 2.635311e-01
391, 2.821908e-01, 5.437216e-01
392, 2.822245e-01, 6.215732e-01
393, 2.823781e-01, 5.694002e-01
394, 2.823961e-01, 1.650324e-01
395, 2.823974e-01, 1.616227e-01
396, 2.824938e-01, 5.118477e-01
397, 2.826084e-01, 7.555665e-01
398, 2.828292e-01, 3.722924e-01
399, 2.828963e-01, 4.248802e-01
400, 2.829491e-01, 6.961294e-01
401, 2.833893e-01, 2.157668e-01
402, 2.835074e-01, 7.827847e-01
403, 2.835575e-01, 6.419587e-01
404, 2.836274e-01, 3.862915e-01
405, 2.836976e-01, 1.591580e-01
406, 2.838475e-01, 5.353207e-01
407, 2.838632e-01, 4.077344e-01
408, 2.840602e-01, 8.335750e-01
409, 2.844263e-01, 1.683643e-01
410, 2.844693e-01, 7.079975e-01
411, 2.849650e-01, 4.051732e-01
412, 2.851635e-01, 6.737196e-01
413, 2.852965e-01, 6.167567e-01
414, 2.856782e-01, 3.266324e-01
415, 2.863281e-01, 5.698316e-01
416, 2.867836e-01, 7.560777e-01
417, 2.906861e-01, 5.935927e-01
418, 2.961526e-01, 4.746303e-01
419, 2.966285e-01, 5.252667e-01
420, 2.970746e-01, 5.790197e-01
421, 2.978108e-01, 5.986529e-01
422, 2.978639e-01, 3.098187e-01
423, 2.986069e-01, 6.566579e-01
424, 2.992929e-01, 3.581532e-01
425, 2.998659e-01, 7.700800e-01
426, 2.998801e-01, 2.017777e-01
427, 2.999214e-01, 2.336932e-01
428, 3.001657e-01, 8.193256e-01
429, 3.002250e-01, 7.465789e-01
430, 3.005438e-01, 5.257628e-01
431, 3.008182e-01, 3.893057e-01
432, 3.009578e-01, 2.264495e-01
433, 3.012517e-01, 5.491608e-01
434, 3.012967e-01, 3.720888e-01
435, 3.013107e-01, 3.090379e-01
436, 3.015355e-01, 7.387209e-01
437, 3.017000e-01, 7.431089e-01
438, 3.018026e-01, 2.907833e-01
439, 3.018799e-01, 2.775936e-01
440, 3.019667e-01, 8.266447e-01
441, 3.019702e-01, 4.389314e-01
442, 3.021272e-01, 4.524969e-01
443, 3.021916e-01, 6.902500e-01
444, 3.022122e-01, 6.614783e-01
445, 3.024433e-01, 6.369142e-01
446, 3.024965e-01, 6.337867e-01
447, 3.025273e-01, 8.000187e-01
448, 3.029208e-01, 7.700346e-01
449, 3.029595e-01, 7.141173e-01
450, 3.033165e-01, 4.223694e-01
451, 3.035214e-01, 8.241621e-01
452, 3.037854e-01, 2.878528e-01
453, 3.039140e-01, 2.819897e-01
454, 3.045875e-01, 7.946561e-01
455, 3.047146e-01, 6.295936e-01
456, 3.050409e-01, 1.734184e-01
457, 3.052807e-01, 7.724510e-01
458, 3.053289e-01, 4.750161e-01
459, 3.054340e-01, 2.557617e-01
460, 3.054555e-01, 7.640048e-01
461, 3.054850e-01, 1.779263e-01
462, 3.057261e-01, 3.369105e-01
463, 3.057915e-01, 7.967463e-01
464, 3.060422e-01, 3.221804e-01
465, 3.060609e-01, 2.016022e-01
466, 3.062569e-01, 4.982966e-01
467, 3.063730e-01, 3.390825e-01
468, 3.064780e-01, 3.653811e-01
469, 3.069269e-01, 6.125471e-01
470, 3.071342e-01, 2.587772e-01
471, 3.072604e-01, 1.994805e-01
472, 3.073376e-01, 2.041578e-01
473, 3.077228e-01, 3.971382e-01
474, 3.077282e-01, 4.941750e-01
475, 3.081344e-01, 5.557985e-01
476, 3.082779e-01, 6.616191e-01
477, 3.084439e-01, 7.967559e-01
478, 3.085577e-01, 4.726640e-01
479, 3.101851e-01, 3.651372e-01
480, 3.186299e-01, 2.445309e-01
481, 3.200961e-01, 7.795286e-01
482, 3.202166e-01, 6.752332e-01
483, 3.208707e-01, 3.767204e-01
484, 3.215933e-01, 7.822242e-01
485, 3.216326e-01, 5.928420e-01
486, 3.217231e-01, 7.540150e-01
487, 3.218291e-01, 8.098988e-01
488, 3.236905e-01, 6.476440e-01
489, 3.242625e-01, 1.907543e-01
490, 3.242983e-01, 5.928441e-01
491, 3.244750e-01, 7.054800e-01
492, 3.246192e-01, 3.029779e-01
493, 3.247929e-01, 5.155202e-01
494, 3.250172e-01, 3.981937e-01
495, 3.253330e-01, 5.625391e-01
496, 3.257533e-01, 7.536752e-01
497, 3.260844e-01, 6.490507e-01
498, 3.261759e-01, 7.021447e-01
499, 3.262325e-01, 8.389039e-01
500, 3.262377e-01, 2.736160e-01
501, 3.262477e-01, 7.338386e-01
502, 3.262632e-01, 2.132491e-01
503, 3.265374e-01, 1.908126e-01
504, 3.265634e-01, 3.521098e-01
505, 3.268073e-01, 5.116616e-01
506, 3.268623e-01, 5.076194e-01
507, 3.268902e-01, 4.082893e-01
508, 3.271123e-01, 2.441559e-01
509, 3.271414e-01, 2.959045e-01
510, 3.273533e-01, 4.045711e-01
511, 3.277589e-01, 7.005357e-01
512, 3.278379e-01, 3.219047e-01
513, 3.279414e-01, 5.699534e-01
514, 3.279996e-01, 7.246014e-01
515, 3.281986e-01, 2.679487e-01
516, 3.285316e-01, 7.488688e-01
517, 3.285845e-01, 3.477986e-01
518, 3.286754e-01, 1.895197e-01
519, 3.287414e-01, 3.316783e-01
520, 3.287935e-01, 4.109646e-01
521, 3.288205e-01, 2.465151e-01
522, 3.289899e-01, 4.941074e-01
523, 3.291864e-01, 7.605313e-01
524, 3.291874e-01, 6.491163e-01
525, 3.292208e-01, 4.597780e-01
526, 3.292849e-01, 4.574108e-01
527, 3.295992e-01, 5.849470e-01
528, 3.296785e-01, 2.955039e-01
529, 3.296945e-01, 7.268762e-01
530, 3.298748e-01, 3.162697e-01
531, 3.300334e-01, 1.646696e-01
532, 3.303011e-01, 6.056088e-01
533, 3.304851e-01, 7.860840e-01
534, 3.306961e-01, 4.548733e-01
535, 3.307844e-01, 6.251902e-01
536, 3.311714e-01, 4.238508e-01
537, 3.311858e-01, 3.795745e-01
538, 3.314575e-01, 2.363026e-01
539, 3.320403e-01, 3.835738e-01
540, 3.323366e-01, 4.797973e-01
541, 3.331778e-01, 2.691853e-01
542, 3.337661e-01, 2.151873e-01
543, 3.340417e-01, 7.860790e-01
544, 3.359474e-01, 5.411404e-01
545, 3.445417e-01, 5.723016e-01
546, 3.449500e-01, 5.516543e-01
547, 3.451309e-01, 2.856258e-01
548, 3.455733e-01, 4.371810e-01
549, 3.458442e-01, 2.616555e-01
550, 3.462417e-01, 8.039599e-01
551, 3.463285e-01, 1.776730e-01
552, 3.464091e-01, 3.099405e-01
553, 3.467173e-01, 8.275724e-01
554, 3.468012e-01, 7.417622e-01
555, 3.471705e-01, 2.859010e-01
556, 3.471914e-01, 3.615788e-01
557, 3.474794e-01, 8.215114e-01
558, 3.474921e-01, 5.519526e-01
559, 3.475027e-01, 4.011363e-01
560, 3.479065e-01, 5.057820e-01
561, 3.480122e-01, 7.444736e-01
562, 3.480297e-01, 6.066815e-01
563, 3.482167e-01, 4.233844e-01
564, 3.484385e-01, 5.206979e-01
565, 3.485403e-01, 4.104564e-01
566, 3.485857e-01, 3.425305e-01
567, 3.486355e-01, 7.978880e-01
568, 3.486692e-01, 2.534502e-01
569, 3.488677e-01, 8.240488e-01
570, 3.493306e-01, 4.465074e-01
571, 3.493458e-01, 4.941517e-01
572, 3.496008e-01, 2.559046e-01
573, 3.496155e-01, 4.676899e-01
574, 3.499975e-01, 3.943812e-01
575, 3.503321e-01, 7.460211e-01
576, 3.507783e-01, 3.103190e-01
577, 3.508231e-01, 4.785701e-01
578, 3.508369e-01, 6.359898e-01
579, 3.509662e-01, 7.969052e-01
580, 3.511336e-01, 2.332787e-01
581, 3.516999e-01, 2.256057e-01
582, 3.521219e-01, 5.005202e-01
583, 3.524861e-01, 3.134683e-01
584, 3.526238e-01, 6.332310e-01
585, 3.526300e-01, 6.603969e-01
586, 3.526683e-01, 2.361232e-01
587, 3.526748e-01, 3.072725e-01
588, 3.526784e-01, 5.543259e-01
589, 3.527129e-01, 4.468522e-01
590, 3.527155e-01, 4.183064e-01
591, 3.535727e-01, 6.843765e-01
592, 3.536963e-01, 3.924246e-01
593, 3.537619e-01, 4.749953e-01
594, 3.538846e-01, 2.572456e-01
595, 3.540145e-01, 2.226551e-01
596, 3.540781e-01, 7.708896e-01
597, 3.541958e-01, 3.312681e-01
598, 3.550543e-01, 5.843094e-01
599, 3.552524e-01, 8.246568e-01
600, 3.559901e-01, 4.182550e-01
601, 3.560381e-01, 2.055389e-01
602, 3.562400e-01, 5.327291e-01
603, 3.565595e-01, 7.446185e-01
604, 3.573365e-01, 2.815470e-01
605, 3.575250e-01, 5.542106e-01
606, 3.578688e-01, 2.077329e-01
607, 3.580545e-01, 3.924372e-01
608, 3.582402e-01, 7.970737e-01
609, 3.597858e-01, 6.595910e-01
610, 3.650584e-01, 5.414276e-01
611, 3.680966e-01, 7.019136e-01
612, 3.680971e-01, 4.591341e-01
613, 3.681440e-01, 2.985340e-01
614, 3.683384e-01, 4.842442e-01
615, 3.686873e-01, 6.471656e-01
616, 3.688208e-01, 2.699941e-01
617, 3.690145e-01, 8.424129e-01
618, 3.692568e-01, 5.655196e-01
619, 3.692899e-01, 6.247112e-01
620, 3.694634e-01, 3.830438e-01
621, 3.695089e-01, 7.244058e-01
622, 3.702581e-01, 7.569565e-01
623, 3.705850e-01, 2.103262e-01
624, 3.708547e-01, 1.555085e-01
625, 3.709521e-01, 6.221605e-01
626, 3.711351e-01, 5.931494e-01
627, 3.713943e-01, 3.790655e-01
628, 3.714491e-01, 8.372513e-01
629, 3.715267e-01, 3.524883e-01
630, 3.722453e-01, 5.112348e-01
631, 3.722527e-01, 4.848024e-01
632, 3.722613e-01, 5.145270e-01
633, 3.723798e-01, 7.286697e-01
634, 3.724349e-01, 7.020270e-01
635, 3.727746e-01, 2.142967e-01
636, 3.728753e-01, 4.315943e-01
637, 3.729306e-01, 3.154367e-01
638, 3.730388e-01, 1.587948e-01
639, 3.731503e-01, 6.719971e-01
640, 3.733421e-01, 1.863678e-01
641, 3.733451e-01, 2.691987e-01
642, 3.736433e-01, 2.200527e-01
643, 3.737502e-01, 5.163034e-01
644, 3.738260e-01, 7.802066e-01
645, 3.738528e-01, 5.659304e-01
646, 3.739290e-01, 3.501114e-01
647, 3.739959e-01, 5.933351e-01
648, 3.741552e-01, 3.286990e-01
649, 3.742325e-01, 3.002809e-01
650, 3.743571e-01, 8.142069e-01
651, 3.743719e-01, 8.052521e-01
652, 3.746889e-01, 4.348217e-01
653, 3.747139e-01, 2.380866e-01
654, 3.748057e-01, 4.886363e-01
655, 3.757398e-01, 5.917734e-01
656, 3.758081e-01, 5.669598e-01
657, 3.758983e-01, 7.813158e-01
658, 3.759482e-01, 4.370720e-01
659, 3.761737e-01, 3.767083e-01
660, 3.764094e-01, 7.576018e-01
661, 3.764367e-01, 6.196819e-01
662, 3.764720e-01, 5.400423e-01
663, 3.766236e-01, 3.255820e-01
664, 3.767311e-01, 3.234401e-01
665, 3.768574e-01, 2.463441e-01
666, 3.769260e-01, 7.833539e-01
667, 3.769535e-01, 2.406364e-01
668, 3.771131e-01, 4.582186e-01
669, 3.772240e-01, 8.097624e-01
670, 3.774497e-01, 2.712502e-01
671, 3.775342e-01, 7.283732e-01
672, 3.780327e-01, 1.902428e-01
673, 3.782819e-01, 2.499718e-01
674, 3.783472e-01, 1.611745e-01
675, 3.783503e-01, 4.551781e-01
676, 3.786426e-01, 8.373904e-01
677, 3.787787e-01, 1.957019e-01
678, 3.788222e-01, 3.505000e-01
679, 3.790214e-01, 6.567118e-01
680, 3.790567e-01, 3.727997e-01
681, 3.791471e-01, 6.165084e-01
682, 3.793521e-01, 1.642440e-01
683, 3.793874e-01, 7.522853e-01
684, 3.798669e-01, 5.452355e-01
685, 3.799796e-01, 6.748799e-01
686, 3.800392e-01, 5.331435e-01
687, 3.810569e-01, 8.101509e-01
688, 3.816605e-01, 2.766487e-01
689, 3.825174e-01, 2.999206e-01
690, 3.882696e-01, 3.926239e-01
691, 3.889446e-01, 6.378992e-01
692, 3.898707e-01, 7.439856e-01
693, 3.907040e-01, 5.514441e-01
694, 3.911137e-01, 2.817608e-01
695, 3.922094e-01, 6.888829e-01
696, 3.933604e-01, 4.227837e-01
697, 3.935629e-01, 6.138059e-01
698, 3.943295e-01, 3.685045e-01
699, 3.943965e-01, 7.656502e-01
700, 3.944571e-01, 5.004355e-01
701, 3.944678e-01, 6.667322e-01
702, 3.947828e-01, 5.741116e-01
703, 3.952447e-01, 5.234465e-01
704, 3.955878e-01, 6.640803e-01
705, 3.957734e-01, 3.085160e-01
706, 3.957874e-01, 8.234215e-01
707, 3.959676e-01, 8.484343e-01
708, 3.960746e-01, 3.327508e-01
709, 3.960849e-01, 2.342351e-01
710, 3.962352e-01, 8.012088e-01
711, 3.962406e-01, 7.687112e-01
712, 3.963456e-01, 6.102277e-01
713, 3.964068e-01, 1.846543e-01
714, 3.965695e-01, 4.965710e-01
715, 3.965741e-01, 5.515433e-01
716, 3.967063e-01, 6.890598e-01
717, 3.967804e-01, 6.066471e-01
718, 3.968520e-01, 2.290043e-01
719, 3.970467e-01, 5.265952e-01
720, 3.970707e-01, 3.404818e-01
721, 3.972327e-01, 4.444429e-01
722, 3.973402e-01, 3.641311e-01
723, 3.973551e-01, 2.601535e-01
724, 3.974607e-01, 2.050357e-01
725, 3.978411e-01, 2.308647e-01
726, 3.980528e-01, 2.805122e-01
727, 3.981340e-01, 1.743159e-01
728, 3.981810e-01, 6.373893e-01
729, 3.983011e-01, 2.575168e-01
730, 3.983023e-01, 7.697309e-01
731, 3.983892e-01, 3.102488e-01
732, 3.987012e-01, 6.927516e-01
733, 3.987152e-01, 1.804966e-01
734, 3.989367e-01, 3.369611e-01
735, 3.989709e-01, 7.924185e-01
736, 3.991161e-01, 7.982723e-01
737, 3.991525e-01, 3.631471e-01
738, 3.993285e-01, 2.037756e-01
739, 3.996814e-01, 1.556823e-01
740, 3.997857e-01, 7.385314e-01
741, 4.000351e-01, 2.537094e-01
742, 4.001165e-01, 6.830426e-01
743, 4.003190e-01, 5.548732e-01
744, 4.004567e-01, 7.171207e-01
745, 4.005134e-01, 3.906883e-01
746, 4.005323e-01, 7.692300e-01
747, 4.006208e-01, 6.638539e-01
748, 4.006803e-01, 2.000635e-01
749, 4.008644e-01, 3.104245e-01
750, 4.009011e-01, 5.311823e-01
751, 4.009070e-01, 4.184946e-01
752, 4.010809e-01, 1.679677e-01
753, 4.011595e-01, 3.887097e-01
754, 4.013720e-01, 3.369940e-01
755, 4.014750e-01, 5.582710e-01
756, 4.016014e-01, 3.927394e-01
757, 4.020133e-01, 2.876217e-01
758, 4.031729e-01, 8.260408e-01
759, 4.051289e-01, 5.830372e-01
760, 4.131560e-01, 4.024929e-01
761, 4.139326e-01, 7.517505e-01
762, 4.150609e-01, 3.493302e-01
763, 4.160576e-01, 7.558932e-01
764, 4.160963e-01, 6.756753e-01
765, 4.161033e-01, 5.345774e-01
766, 4.161163e-01, 2.714873e-01
767, 4.168507e-01, 1.829997e-01
768, 4.175475e-01, 4.307650e-01
769, 4.178586e-01, 8.083928e-01
770, 4.185203e-01, 4.828160e-01
771, 4.185456e-01, 2.716814e-01
772, 4.185468e-01, 5.969425e-01
773, 4.187528e-01, 7.075740e-01
774, 4.190262e-01, 2.352129e-01
775, 4.190321e-01, 7.331483e-01
776, 4.190832e-01, 2.483525e-01
777, 4.193251e-01, 3.490762e-01
778, 4.193372e-01, 2.951148e-01
779, 4.195952e-01, 2.152353e-01
780, 4.197073e-01, 5.950636e-01
781, 4.198913e-01, 1.576544e-01
782, 4.207904e-01, 4.875702e-01
783, 4.209431e-01, 1.924145e-01
784, 4.209671e-01, 2.133354e-01
785, 4.210239e-01, 5.421927e-01
786, 4.211153e-01, 7.752400e-01
787, 4.217952e-01, 7.847486e-01
788, 4.220775e-01, 8.105973e-01
789, 4.221728e-01, 5.116866e-01
790, 4.222349e-01, 7.597598e-01
791, 4.225119e-01, 7.781083e-01
792, 4.225419e-01, 1.672027e-01
793, 4.225599e-01, 4.890611e-01
794, 4.227173e-01, 5.937544e-01
795, 4.228730e-01, 2.948062e-01
796, 4.228750e-01, 3.239945e-01
797, 4.230167e-01, 5.161708e-01
798, 4.230262e-01, 5.648576e-01
799, 4.230782e-01, 4.915647e-01
800, 4.230883e-01, 7.307368e-01
801, 4.233654e-01, 6.788945e-01
802, 4.235252e-01, 6.217549e-01
803, 4.237695e-01, 5.708688e-01
804, 4.238100e-01, 8.424606e-01
805, 4.238411e-01, 1.944128e-01
806, 4.239499e-01, 6.510814e-01
807, 4.240610e-01, 3.260358e-01
808, 4.241293e-01, 1.655376e-01
809, 4.245386e-01, 7.263750e-01
810, 4.248383e-01, 2.678538e-01
811, 4.248924e-01, 6.956111e-01
812, 4.251180e-01, 5.727288e-01
813, 4.251474e-01, 5.611430e-01
814, 4.254912e-01, 6.281527e-01
815, 4.259072e-01, 2.951234e-01
816, 4.265104e-01, 3.515436e-01
817, 4.268392e-01, 3.761112e-01
818, 4.268816e-01, 2.635816e-01
819, 4.283010e-01, 5.942532e-01
820, 4.295893e-01, 5.412865e-01
821, 4.297344e-01, 6.515460e-01
822, 4.303437e-01, 8.109735e-01
823, 4.316095e-01, 1.936848e-01
824, 4.390522e-01, 3.685727e-01
825, 4.393356e-01, 5.350469e-01
826, 4.397073e-01, 3.092709e-01
827, 4.403801e-01, 1.965786e-01
828, 4.405243e-01, 3.404239e-01
829, 4.408231e-01, 6.054206e-01
830, 4.408289e-01, 1.764648e-01
831, 4.409830e-01, 5.296578e-01
832, 4.415901e-01, 2.110761e-01
833, 4.419349e-01, 2.538119e-01
834, 4.423921e-01, 4.787327e-01
835, 4.426070e-01, 1.537310e-01
836, 4.426902e-01, 4.170439e-01
837, 4.427900e-01, 8.229167e-01
838, 4.428983e-01, 1.766493e-01
839, 4.433270e-01, 7.935565e-01
840, 4.437282e-01, 5.806245e-01
841, 4.437985e-01, 5.090686e-01
842, 4.439598e-01, 4.737038e-01
843, 4.439889e-01, 4.455851e-01
844, 4.440420e-01, 1.554554e-01
845, 4.441818e-01, 6.579292e-01
846, 4.443815e-01, 2.013496e-01
847, 4.445464e-01, 6.867152e-01
848, 4.446832e-01, 3.384554e-01
849, 4.446901e-01, 7.736604e-01
850, 4.447389e-01, 3.692435e-01
851, 4.448053e-01, 7.965243e-01
852, 4.448958e-01, 6.350037e-01
853, 4.449937e-01, 2.568921e-01
854, 4.450205e-01, 2.045862e-01
855, 4.452433e-01, 6.631048e-01
856, 4.453208e-01, 6.093081e-01
857, 4.454713e-01, 7.693600e-01
858, 4.454906e-01, 6.596627e-01
859, 4.457127e-01, 5.798689e-01
860, 4.458150e-01, 4.191136e-01
861, 4.458947e-01, 4.961280e-01
862, 4.460643e-01, 2.850993e-01
863, 4.463150e-01, 7.714124e-01
864, 4.463814e-01, 3.096031e-01
865, 4.464046e-01, 5.254264e-01
866, 4.466109e-01, 7.404603e-01
867, 4.468041e-01, 8.189457e-01
868, 4.469604e-01, 6.341349e-01
869, 4.476706e-01, 1.738690e-01
870, 4.477077e-01, 2.867925e-01
871, 4.477849e-01, 5.218838e-01
872, 4.478564e-01, 7.981092e-01
873, 4.478894e-01, 5.802685e-01
874, 4.480023e-01, 5.460519e-01
875, 4.481533e-01, 4.382949e-01
876, 4.483162e-01, 2.320094e-01
877, 4.484063e-01, 3.664466e-01
878, 4.485068e-01, 3.142676e-01
879, 4.485155e-01, 2.574014e-01
880, 4.490012e-01, 5.002783e-01
881, 4.490725e-01, 4.537102e-01
882, 4.491867e-01, 3.641220e-01
883, 4.491926e-01, 2.341880e-01
884, 4.492899e-01, 3.917634e-01
885, 4.511016e-01, 6.337398e-01
886, 4.513080e-01, 5.000923e-01
887, 4.525557e-01, 4.746865e-01
888, 4.537741e-01, 7.720467e-01
889, 4.563866e-01, 4.198893e-01
890, 4.593802e-01, 5.956099e-01
891, 4.601028e-01, 5.402400e-01
892, 4.610595e-01, 7.275046e-01
893, 4.612460e-01, 7.031683e-01
894, 4.628998e-01, 2.631583e-01
895, 4.635468e-01, 6.834935e-01
896, 4.636397e-01, 4.237813e-01
897, 4.640217e-01, 2.916434e-01
898, 4.643436e-01, 4.873397e-01
899, 4.648711e-01, 2.102996e-01
900, 4.649741e-01, 8.081458e-01
901, 4.653246e-01, 3.289496e-01
902, 4.656915e-01, 7.508946e-01
903, 4.657221e-01, 1.632450e-01
904, 4.662428e-01, 2.706312e-01
905, 4.669988e-01, 3.250234e-01
906, 4.670144e-01, 7.589658e-01
907, 4.672078e-01, 7.275858e-01
908, 4.673087e-01, 5.975606e-01
909, 4.673393e-01, 5.405214e-01
910, 4.673824e-01, 3.763093e-01
911, 4.674523e-01, 8.435380e-01
912, 4.676827e-01, 7.027854e-01
913, 4.677448e-01, 7.869960e-01
914, 4.678776e-01, 4.088710e-01
915, 4.679249e-01, 2.413251e-01
916, 4.679860e-01, 6.767045e-01
917, 4.680242e-01, 5.149364e-01
918, 4.681153e-01, 2.176038e-01
919, 4.681949e-01, 2.724250e-01
920, 4.683193e-01, 6.223256e-01
921, 4.686395e-01, 1.628707e-01
922, 4.687718e-01, 5.698709e-01
923, 4.690152e-01, 4.068050e-01
924, 4.690374e-01, 4.015142e-01
925, 4.690481e-01, 6.454363e-01
926, 4.691212e-01, 4.873026e-01
927, 4.692199e-01, 5.416560e-01
928, 4.692655e-01, 5.655419e-01
929, 4.694827e-01, 2.440619e-01
930, 4.702209e-01, 4.339640e-01
931, 4.704187e-01, 6.223217e-01
932, 4.705017e-01, 7.029867e-01
933, 4.706520e-01, 6.754520e-01
934, 4.706966e-01, 5.629814e-01
935, 4.707132e-01, 2.474135e-01
936, 4.707349e-01, 2.193866e-01
937, 4.708817e-01, 4.845071e-01
938, 4.709170e-01, 5.958092e-01
939, 4.710033e-01, 1.589847e-01
940, 4.712835e-01, 1.944997e-01
941, 4.715038e-01, 3.529684e-01
942, 4.718373e-01, 4.910098e-01
943, 4.718628e-01, 6.720223e-01
944, 4.720386e-01, 2.221707e-01
945, 4.722122e-01, 3.789127e-01
946, 4.732578e-01, 3.817123e-01
947, 4.733945e-01, 8.377516e-01
948, 4.735550e-01, 2.722766e-01
949, 4.756260e-01, 5.402509e-01
950, 4.766135e-01, 5.962032e-01
951, 4.857097e-01, 6.063110e-01
952, 4.859837e-01, 7.690474e-01
953, 4.860816e-01, 4.182260e-01
954, 4.861381e-01, 6.857821e-01
955, 4.862057e-01, 7.419033e-01
956, 4.865864e-01, 2.570906e-01
957, 4.870246e-01, 8.292535e-01
958, 4.871106e-01, 3.731644e-01
959, 4.872638e-01, 5.472717e-01
960, 4.873034e-01, 3.124386e-01
961, 4.880786e-01, 8.196486e-01
962, 4.881381e-01, 3.384675e-01
963, 4.888068e-01, 6.857860e-01
964, 4.890062e-01, 5.259110e-01
965, 4.890137e-01, 6.344761e-01
966, 4.900192e-01, 8.007107e-01
967, 4.901885e-01, 8.235543e-01
968, 4.903862e-01, 2.570438e-01
969, 4.904209e-01, 5.858476e-01
970, 4.904698e-01, 6.585065e-01
971, 4.904719e-01, 7.961707e-01
972, 4.906310e-01, 5.038538e-01
973, 4.906744e-01, 3.382697e-01
974, 4.912014e-01, 3.121586e-01
975, 4.912691e-01, 6.817307e-01
976, 4.915874e-01, 5.835222e-01
977, 4.916447e-01, 2.277744e-01
978, 4.916457e-01, 4.987421e-01
979, 4.916471e-01, 6.389221e-01
980, 4.916645e-01, 2.032897e-01
981, 4.918094e-01, 4.742410e-01
982, 4.919464e-01, 2.345275e-01
983, 4.921613e-01, 3.927117e-01
984, 4.921808e-01, 2.062178e-01
985, 4.921934e-01, 7.683327e-01
986, 4.923955e-01, 7.943326e-01
987, 4.925724e-01, 7.193496e-01
988, 4.926377e-01, 8.485439e-01
989, 4.928086e-01, 5.008717e-01
990, 4.928998e-01, 3.108373e-01
991, 4.930848e-01, 5.574761e-01
992, 4.932690e-01, 2.530560e-01
993, 4.933544e-01, 4.769222e-01
994, 4.935232e-01, 4.472407e-01
995, 4.935958e-01, 3.897902e-01
996, 4.938139e-01, 2.310916e-01
997, 4.940920e-01, 2.634109e-01
998, 4.944913e-01, 1.963980e-01
999, 4.949072e-01, 6.943688e-01
1000, 4.950139e-01, 7.424961e-01
1001, 4.951131e-01, 4.692560e-01
1002, 4.952256e-01, 5.612257e-01
1003, 4.953025e-01, 3.351158e-01
1004, 4.954159e-01, 7.700463e-01
1005, 4.957289e-01, 3.107569e-01
1006, 4.959872e-01, 2.776722e-01
1007, 4.960297e-01, 4.282879e-01
1008, 4.961880e-01, 5.012996e-01
1009, 4.969978e-01, 3.593217e-01
1010, 4.990610e-01, 3.350852e-01
1011, 4.992312e-01, 8.236737e-01
1012, 5.076148e-01, 3.806460e-01
1013, 5.093767e-01, 2.118609e-01
1014, 5.104939e-01, 4.312330e-01
1015, 5.106331e-01, 3.806896e-01
1016, 5.106779e-01, 5.175721e-01
1017, 5.107134e-01, 7.254766e-01
1018, 5.108085e-01, 7.893059e-01
1019, 5.108577e-01, 2.744665e-01
1020, 5.111778e-01, 6.443481e-01
1021, 5.116598e-01, 5.402100e-01
1022, 5.119631e-01, 8.438869e-01
1023, 5.123190e-01, 4.540250e-01
1024, 5.125390e-01, 2.466454e-01
1025, 5.131505e-01, 4.911153e-01
1026, 5.131878e-01, 4.107002e-01
1027, 5.132585e-01, 6.471296e-01
1028, 5.132906e-01, 6.520404e-01
1029, 5.133220e-01, 3.197310e-01
1030, 5.133615e-01, 7.586974e-01
1031, 5.134032e-01, 5.953064e-01
1032, 5.135279e-01, 4.308695e-01
1033, 5.137579e-01, 5.158928e-01
1034, 5.137665e-01, 8.347083e-01
1035, 5.138094e-01, 7.550166e-01
1036, 5.143228e-01, 2.659108e-01
1037, 5.146052e-01, 8.366947e-01
1038, 5.146183e-01, 6.539215e-01
1039, 5.146803e-01, 8.390120e-01
1040, 5.150308e-01, 6.725915e-01
1041, 5.154940e-01, 2.681415e-01
1042, 5.155023e-01, 4.062310e-01
1043, 5.155636e-01, 2.183607e-01
1044, 5.160168e-01, 7.830163e-01
1045, 5.161866e-01, 5.459911e-01
1046, 5.166157e-01, 7.643098e-01
1047, 5.170921e-01, 8.125128e-01
1048, 5.174652e-01, 7.509928e-01
1049, 5.175879e-01, 1.615644e-01
1050, 5.175885e-01, 6.792266e-01
1051, 5.177455e-01, 4.829127e-01
1052, 5.181630e-01, 7.034094e-01
1053, 5.181998e-01, 8.144146e-01
1054, 5.187546e-01, 3.505445e-01
1055, 5.187670e-01, 6.199930e-01
1056, 5.189303e-01, 4.012151e-01
1057, 5.190110e-01, 3.748329e-01
1058, 5.192759e-01, 5.085281e-01
1059, 5.212243e-01, 3.744125e-01
1060, 5.227783e-01, 7.298324e-01
1061, 5.275840e-01, 3.649363e-01
1062, 5.286154e-01, 1.700393e-01
1063, 5.305366e-01, 6.368067e-01
1064, 5.318705e-01, 7.975079e-01
1065, 5.327099e-01, 7.145571e-01
1066, 5.333541e-01, 2.296317e-01
1067, 5.338594e-01, 8.465969e-01
1068, 5.339393e-01, 3.053128e-01
1069, 5.343182e-01, 4.955233e-01
1070, 5.343506e-01, 4.700159e-01
1071, 5.343752e-01, 2.270132e-01
1072, 5.344276e-01, 8.203118e-01
1073, 5.345587e-01, 7.694739e-01
1074, 5.352868e-01, 2.776705e-01
1075, 5.353763e-01, 6.381187e-01
1076, 5.355123e-01, 1.997347e-01
1077, 5.359535e-01, 7.503195e-01
1078, 5.360606e-01, 6.144703e-01
1079, 5.360955e-01, 7.355912e-01
1080, 5.364289e-01, 5.796409e-01
1081, 5.365919e-01, 6.922380e-01
1082, 5.366013e-01, 5.285894e-01
1083, 5.367963e-01, 3.941495e-01
1084, 5.369554e-01, 8.249953e-01
1085, 5.370149e-01, 2.814593e-01
1086, 5.370680e-01, 4.771698e-01
1087, 5.374310e-01, 5.253970e-01
1088, 5.374688e-01, 8.287521e-01
1089, 5.376315e-01, 3.874269e-01
1090, 5.377309e-01, 7.668019e-01
1091, 5.381201e-01, 3.131465e-01
1092, 5.383366e-01, 5.032756e-01
1093, 5.383716e-01, 6.884095e-01
1094, 5.385092e-01, 4.475476e-01
1095, 5.386090e-01, 4.450826e-01
1096, 5.386466e-01, 1.721340e-01
1097, 5.388242e-01, 3.904668e-01
1098, 5.388472e-01, 5.806369e-01
1099, 5.389460e-01, 7.461516e-01
1100, 5.389660e-01, 6.023453e-01
1101, 5.391642e-01, 7.405112e-01
1102, 5.395629e-01, 3.329124e-01
1103, 5.395829e-01, 3.397788e-01
1104, 5.396680e-01, 6.571489e-01
1105, 5.399068e-01, 4.428128e-01
1106, 5.399455e-01, 6.855119e-01
1107, 5.405357e-01, 1.732747e-01
1108, 5.406731e-01, 4.145864e-01
1109, 5.407509e-01, 7.141942e-01
1110, 5.411307e-01, 8.002308e-01
1111, 5.415253e-01, 2.260976e-01
1112, 5.415573e-01, 6.331533e-01
1113, 5.416713e-01, 1.766451e-01
1114, 5.419965e-01, 7.160747e-01
1115, 5.421485e-01, 6.079368e-01
1116, 5.437647e-01, 3.900345e-01
1117, 5.443299e-01, 6.080080e-01
1118, 5.451796e-01, 6.327506e-01
1119, 5.478780e-01, 7.688993e-01
1120, 5.507197e-01, 2.144747e-01
1121, 5.528738e-01, 4.877792e-01
1122, 5.544741e-01, 5.674944e-01
1123, 5.549659e-01, 3.474588e-01
1124, 5.555822e-01, 4.333048e-01
1125, 5.560975e-01, 7.845211e-01
1126, 5.563380e-01, 3.505059e-01
1127, 5.572001e-01, 2.974615e-01
1128, 5.577938e-01, 5.103840e-01
1129, 5.579068e-01, 8.125161e-01
1130, 5.581395e-01, 5.680331e-01
1131, 5.584057e-01, 3.182773e-01
1132, 5.584898e-01, 6.206951e-01
1133, 5.586525e-01, 4.868254e-01
1134, 5.586821e-01, 6.456413e-01
1135, 5.589692e-01, 4.659989e-01
1136, 5.593669e-01, 2.376987e-01
1137, 5.593951e-01, 5.974219e-01
1138, 5.596214e-01, 2.149508e-01
1139, 5.598682e-01, 8.423505e-01
1140, 5.601138e-01, 7.297315e-01
1141, 5.601697e-01, 7.257352e-01
1142, 5.602297e-01, 1.609929e-01
1143, 5.602409e-01, 7.545112e-01
1144, 5.604005e-01, 1.897158e-01
1145, 5.604256e-01, 2.671581e-01
1146, 5.604425e-01, 5.897318e-01
1147, 5.607705e-01, 2.411336e-01
1148, 5.608789e-01, 2.979749e-01
1149, 5.609786e-01, 7.577087e-01
1150, 5.610409e-01, 4.852028e-01
1151, 5.611915e-01, 5.938160e-01
1152, 5.617163e-01, 8.374444e-01
1153, 5.617531e-01, 7.324676e-01
1154, 5.617832e-01, 7.237425e-01
1155, 5.624195e-01, 6.959753e-01
1156, 5.626695e-01, 1.607365e-01
1157, 5.626812e-01, 1.898565e-01
1158, 5.627535e-01, 6.789163e-01
1159, 5.629011e-01, 4.791050e-01
1160, 5.630126e-01, 3.272534e-01
1161, 5.632603e-01, 5.392578e-01
1162, 5.633598e-01, 6.206644e-01
1163, 5.633774e-01, 2.172631e-01
1164, 5.635279e-01, 2.970550e-01
1165, 5.635329e-01, 2.427654e-01
1166, 5.639168e-01, 4.344902e-01
1167, 5.641721e-01, 5.642361e-01
1168, 5.652340e-01, 3.239638e-01
1169, 5.652821e-01, 2.465831e-01
1170, 5.652991e-01, 2.742777e-01
1171, 5.656537e-01, 5.609458e-01
1172, 5.658510e-01, 7.083794e-01
1173, 5.659353e-01, 7.623607e-01
1174, 5.665138e-01, 6.284802e-01
1175, 5.666725e-01, 6.509046e-01
1176, 5.669223e-01, 8.031112e-01
1177, 5.669489e-01, 7.835732e-01
1178, 5.675355e-01, 1.822737e-01
1179, 5.678707e-01, 3.235936e-01
1180, 5.680258e-01, 3.716191e-01
1181, 5.680519e-01, 2.982485e-01
1182, 5.702406e-01, 5.156302e-01
1183, 5.719387e-01, 3.508666e-01
1184, 5.789555e-01, 3.986174e-01
1185, 5.794923e-01, 5.216179e-01
1186, 5.796177e-01, 2.022287e-01
1187, 5.797571e-01, 3.119432e-01
1188, 5.799306e-01, 3.085517e-01
1189, 5.799676e-01, 4.473239e-01
1190, 5.804751e-01, 3.342602e-01
1191, 5.813828e-01, 6.134373e-01
1192, 5.814524e-01, 5.746738e-01
1193, 5.817434e-01, 7.082184e-01
1194, 5.819056e-01, 6.950658e-01
1195, 5.819721e-01, 6.376624e-01
1196, 5.820961e-01, 7.726710e-01
1197, 5.823965e-01, 2.859264e-01
1198, 5.824869e-01, 4.961501e-01
1199, 5.826856e-01, 3.456405e-01
1200, 5.827600e-01, 1.768915e-01
1201, 5.830388e-01, 3.050225e-01
1202, 5.833067e-01, 5.464612e-01
1203, 5.835088e-01, 1.729061e-01
1204, 5.835755e-01, 8.457838e-01
1205, 5.837980e-01, 3.638999e-01
1206, 5.839503e-01, 2.587114e-01
1207, 5.841383e-01, 4.938652e-01
1208, 5.841504e-01, 6.844233e-01
1209, 5.842524e-01, 6.037608e-01
1210, 5.843642e-01, 6.093985e-01
1211, 5.844372e-01, 4.674369e-01
1212, 5.845768e-01, 3.413244e-01
1213, 5.847025e-01, 7.392768e-01
1214, 5.847383e-01, 7.226945e-01
1215, 5.847439e-01, 3.883740e-01
1216, 5.848168e-01, 5.270074e-01
1217, 5.851466e-01, 3.613747e-01
1218, 5.852221e-01, 4.470414e-01
1219, 5.854941e-01, 7.446867e-01
1220, 5.857224e-01, 5.523212e-01
1221, 5.858470e-01, 1.817012e-01
1222, 5.858799e-01, 8.181460e-01
1223, 5.859291e-01, 6.010946e-01
1224, 5.860357e-01, 7.689203e-01
1225, 5.860541e-01, 2.862798e-01
1226, 5.860904e-01, 6.867413e-01
1227, 5.866957e-01, 3.179682e-01
1228, 5.867527e-01, 7.425004e-01
1229, 5.870359e-01, 4.437093e-01
1230, 5.871632e-01, 7.945768e-01
1231, 5.872226e-01, 5.310505e-01
1232, 5.872307e-01, 7.136879e-01
1233, 5.872436e-01, 6.329884e-01
1234, 5.873407e-01, 8.246355e-01
1235, 5.873896e-01, 4.734772e-01
1236, 5.874192e-01, 7.182310e-01
1237, 5.875064e-01, 4.142371e-01
1238, 5.876500e-01, 8.209982e-01
1239, 5.884424e-01, 5.073685e-01
1240, 5.886804e-01, 3.406265e-01
1241, 5.888767e-01, 2.027453e-01
1242, 5.898484e-01, 8.300783e-01
1243, 5.901542e-01, 7.426479e-01
1244, 5.902972e-01, 8.009446e-01
1245, 5.919138e-01, 6.324400e-01
1246, 5.919364e-01, 5.533676e-01
1247, 5.926826e-01, 5.802935e-01
1248, 5.979693e-01, 4.045994e-01
1249, 6.004524e-01, 5.936268e-01
1250, 6.024981e-01, 6.739629e-01
1251, 6.026426e-01, 6.160039e-01
1252, 6.030404e-01, 3.282945e-01
1253, 6.036310e-01, 2.699710e-01
1254, 6.036313e-01, 1.891215e-01
1255, 6.038555e-01, 7.286559e-01
1256, 6.040006e-01, 5.691471e-01
1257, 6.041546e-01, 3.234577e-01
1258, 6.043673e-01, 7.880836e-01
1259, 6.043757e-01, 8.149826e-01
1260, 6.047793e-01, 5.358636e-01
1261, 6.051947e-01, 4.956581e-01
1262, 6.055293e-01, 2.501197e-01
1263, 6.055733e-01, 2.913369e-01
1264, 6.058971e-01, 1.887682e-01
1265, 6.059879e-01, 6.221293e-01
1266, 6.063452e-01, 4.276645e-01
1267, 6.064907e-01, 3.767134e-01
1268, 6.066101e-01, 7.593224e-01
1269, 6.067196e-01, 8.343600e-01
1270, 6.068016e-01, 3.007345e-01
1271, 6.068900e-01, 7.544898e-01
1272, 6.069018e-01, 5.957423e-01
1273, 6.071733e-01, 7.827273e-01
1274, 6.074868e-01, 2.127904e-01
1275, 6.075351e-01, 6.963498e-01
1276, 6.075797e-01, 1.899497e-01
1277, 6.078966e-01, 1.687631e-01
1278, 6.079716e-01, 3.792958e-01
1279, 6.079903e-01, 3.538490e-01
1280, 6.081327e-01, 3.205083e-01
1281, 6.083603e-01, 7.529731e-01
1282, 6.083798e-01, 4.394010e-01
1283, 6.084109e-01, 6.431175e-01
1284, 6.084151e-01, 4.301654e-01
1285, 6.084675e-01, 5.693176e-01
1286, 6.085239e-01, 7.032493e-01
1287, 6.087297e-01, 2.966459e-01
1288, 6.089965e-01, 6.999136e-01
1289, 6.091860e-01, 4.617383e-01
1290, 6.093049e-01, 8.372746e-01
1291, 6.093933e-01, 6.238947e-01
1292, 6.095403e-01, 4.844337e-01
1293, 6.095653e-01, 2.439200e-01
1294, 6.097673e-01, 4.045520e-01
1295, 6.097721e-01, 4.416638e-01
1296, 6.099836e-01, 5.426017e-01
1297, 6.101072e-01, 5.155214e-01
1298, 6.101381e-01, 1.609094e-01
1299, 6.104513e-01, 7.828890e-01
1300, 6.104675e-01, 4.593452e-01
1301, 6.104720e-01, 4.892748e-01
1302, 6.105216e-01, 3.808773e-01
1303, 6.105366e-01, 5.683644e-01
1304, 6.108049e-01, 8.052235e-01
1305, 6.109003e-01, 4.086014e-01
1306, 6.113099e-01, 4.572659e-01
1307, 6.113311e-01, 6.277573e-01
1308, 6.116880e-01, 7.314752e-01
1309, 6.117432e-01, 2.394310e-01
1310, 6.117483e-01, 2.964578e-01
1311, 6.119824e-01, 3.212386e-01
1312, 6.123328e-01, 8.438689e-01
1313, 6.127475e-01, 1.903059e-01
1314, 6.134297e-01, 5.639076e-01
1315, 6.149964e-01, 3.802481e-01
1316, 6.153425e-01, 2.706903e-01
1317, 6.173185e-01, 6.492839e-01
1318, 6.227024e-01, 3.408984e-01
1319, 6.246881e-01, 7.230046e-01
1320, 6.255564e-01, 4.998174e-01
1321, 6.262330e-01, 1.554941e-01
1322, 6.266444e-01, 7.715128e-01
1323, 6.269686e-01, 3.834380e-01
1324, 6.269880e-01, 6.539008e-01
1325, 6.270319e-01, 3.172118e-01
1326, 6.271184e-01, 7.076414e-01
1327, 6.272555e-01, 4.255939e-01
1328, 6.274398e-01, 6.399442e-01
1329, 6.279574e-01, 2.499271e-01
1330, 6.287093e-01, 4.417512e-01
1331, 6.287452e-01, 4.707691e-01
1332, 6.289102e-01, 4.737781e-01
1333, 6.289637e-01, 2.256542e-01
1334, 6.290880e-01, 1.734892e-01
1335, 6.292704e-01, 4.003979e-01
1336, 6.297949e-01, 7.126304e-01
1337, 6.300742e-01, 3.408297e-01
1338, 6.300931e-01, 4.997817e-01
1339, 6.301098e-01, 7.715639e-01
1340, 6.302935e-01, 2.538017e-01
1341, 6.303497e-01, 8.275851e-01
1342, 6.304258e-01, 6.948344e-01
1343, 6.306770e-01, 7.963370e-01
1344, 6.306896e-01, 5.856592e-01
1345, 6.306948e-01, 6.340903e-01
1346, 6.309174e-01, 4.448845e-01
1347, 6.311102e-01, 2.834485e-01
1348, 6.311754e-01, 6.823897e-01
1349, 6.312781e-01, 4.489945e-01
1350, 6.316050e-01, 3.114564e-01
1351, 6.318562e-01, 5.780180e-01
1352, 6.322635e-01, 6.071771e-01
1353, 6.326024e-01, 7.754226e-01
1354, 6.328869e-01, 4.179681e-01
1355, 6.329123e-01, 6.914629e-01
1356, 6.329494e-01, 4.649379e-01
1357, 6.331631e-01, 6.855072e-01
1358, 6.333699e-01, 7.469724e-01
1359, 6.335078e-01, 4.799225e-01
1360, 6.340518e-01, 1.753500e-01
1361, 6.341411e-01, 3.102549e-01
1362, 6.343416e-01, 2.556099e-01
1363, 6.344075e-01, 8.191187e-01
1364, 6.344936e-01, 4.531346e-01
1365, 6.351753e-01, 7.929448e-01
1366, 6.354917e-01, 6.350621e-01
1367, 6.358173e-01, 6.615972e-01
1368, 6.373101e-01, 3.106868e-01
1369, 6.373755e-01, 1.790015e-01
1370, 6.387125e-01, 7.931488e-01
1371, 6.397717e-01, 2.627614e-01
1372, 6.399039e-01, 6.078830e-01
1373, 6.401654e-01, 7.137315e-01
1374, 6.463810e-01, 3.781788e-01
1375, 6.484161e-01, 3.232490e-01
1376, 6.490809e-01, 6.489472e-01
1377, 6.492395e-01, 7.580150e-01
1378, 6.497672e-01, 6.175040e-01
1379, 6.500784e-01, 1.589489e-01
1380, 6.503828e-01, 4.565300e-01
1381, 6.504697e-01, 4.322174e-01
1382, 6.505987e-01, 1.952502e-01
1383, 6.509071e-01, 5.959595e-01
1384, 6.516919e-01, 2.672437e-01
1385, 6.519118e-01, 7.880844e-01
1386, 6.520083e-01, 2.957909e-01
1387, 6.520749e-01, 1.873488e-01
1388, 6.520826e-01, 5.727339e-01
1389, 6.523519e-01, 2.116288e-01
1390, 6.527328e-01, 3.563013e-01
1391, 6.529367e-01, 6.225461e-01
1392, 6.531043e-01, 1.894879e-01
1393, 6.531797e-01, 4.803246e-01
1394, 6.532649e-01, 3.472391e-01
1395, 6.534412e-01, 4.609711e-01
1396, 6.537572e-01, 2.239394e-01
1397, 6.537724e-01, 7.859220e-01
1398, 6.538071e-01, 6.490881e-01
1399, 6.538286e-01, 7.304343e-01
1400, 6.539633e-01, 3.001131e-01
1401, 6.542070e-01, 4.327096e-01
1402, 6.543577e-01, 2.435190e-01
1403, 6.544884e-01, 3.532660e-01
1404, 6.546030e-01, 3.496409e-01
1405, 6.546297e-01, 4.900477e-01
1406, 6.546520e-01, 7.778339e-01
1407, 6.547167e-01, 6.699759e-01
1408, 6.551042e-01, 1.617380e-01
1409, 6.552923e-01, 4.047903e-01
1410, 6.553185e-01, 7.586649e-01
1411, 6.553201e-01, 5.950497e-01
1412, 6.553455e-01, 5.101380e-01
1413, 6.553574e-01, 4.302806e-01
1414, 6.554118e-01, 8.381736e-01
1415, 6.556308e-01, 6.794954e-01
1416, 6.556485e-01, 5.157490e-01
1417, 6.556592e-01, 4.612880e-01
1418, 6.561233e-01, 3.230262e-01
1419, 6.565675e-01, 4.071226e-01
1420, 6.566599e-01, 2.433767e-01
1421, 6.567283e-01, 7.048205e-01
1422, 6.569282e-01, 7.623738e-01
1423, 6.569743e-01, 4.851457e-01
1424, 6.570887e-01, 6.241943e-01
1425, 6.572354e-01, 5.644382e-01
1426, 6.574817e-01, 5.187285e-01
1427, 6.577090e-01, 3.790033e-01
1428, 6.578150e-01, 1.699806e-01
1429, 6.579506e-01, 7.527137e-01
1430, 6.580946e-01, 6.491795e-01
1431, 6.581896e-01, 3.263501e-01
1432, 6.583277e-01, 5.936018e-01
1433, 6.588460e-01, 3.750122e-01
1434, 6.591235e-01, 2.477399e-01
1435, 6.591372e-01, 3.809589e-01
1436, 6.593284e-01, 1.901138e-01
1437, 6.593390e-01, 2.731399e-01
1438, 6.603716e-01, 6.237088e-01
1439, 6.603770e-01, 5.939326e-01
1440, 6.617687e-01, 8.374601e-01
1441, 6.630586e-01, 2.993544e-01
1442, 6.632603e-01, 5.404017e-01
1443, 6.693539e-01, 5.467381e-01
1444, 6.708303e-01, 5.504306e-01
1445, 6.713225e-01, 4.176373e-01
1446, 6.721114e-01, 5.249629e-01
1447, 6.742946e-01, 3.843634e-01
1448, 6.744612e-01, 5.010099e-01
1449, 6.746781e-01, 4.985903e-01
1450, 6.747899e-01, 6.368969e-01
1451, 6.750139e-01, 6.866449e-01
1452, 6.752198e-01, 8.418899e-01
1453, 6.752292e-01, 2.822332e-01
1454, 6.752735e-01, 3.626703e-01
1455, 6.753875e-01, 2.306417e-01
1456, 6.756892e-01, 1.793024e-01
1457, 6.757138e-01, 1.531654e-01
1458, 6.759095e-01, 2.012405e-01
1459, 6.759311e-01, 7.508578e-01
1460, 6.762769e-01, 3.648365e-01
1461, 6.762846e-01, 3.093634e-01
1462, 6.763545e-01, 6.885771e-01
1463, 6.765933e-01, 7.921474e-01
1464, 6.767328e-01, 4.432173e-01
1465, 6.768109e-01, 6.622530e-01
1466, 6.768479e-01, 7.981800e-01
1467, 6.768662e-01, 8.219971e-01
1468, 6.769325e-01, 5.052028e-01
1469, 6.769846e-01, 6.068985e-01
1470, 6.771385e-01, 2.029016e-01
1471, 6.771841e-01, 6.372757e-01
1472, 6.773962e-01, 6.595572e-01
1473, 6.774967e-01, 2.307230e-01
1474, 6.777291e-01, 7.896922e-01
1475, 6.778916e-01, 2.818170e-01
1476, 6.779280e-01, 3.661543e-01
1477, 6.782271e-01, 5.800749e-01
1478, 6.782490e-01, 4.935778e-01
1479, 6.783718e-01, 5.231891e-01
1480, 6.784099e-01, 7.659895e-01
1481, 6.784520e-01, 3.938508e-01
1482, 6.784682e-01, 8.004341e-01
1483, 6.785000e-01, 3.908011e-01
1484, 6.785498e-01, 2.593453e-01
1485, 6.786310e-01, 4.449980e-01
1486, 6.786526e-01, 7.793985e-01
1487, 6.789441e-01, 4.725150e-01
1488, 6.790915e-01, 2.332516e-01
1489, 6.793963e-01, 3.405285e-01
1490, 6.796414e-01, 7.139981e-01
1491, 6.799575e-01, 3.961033e-01
1492, 6.800788e-01, 4.185118e-01
1493, 6.801824e-01, 1.507786e-01
1494, 6.805538e-01, 6.076234e-01
1495, 6.808480e-01, 5.561954e-01
1496, 6.809787e-01, 5.245517e-01
1497, 6.813149e-01, 7.745645e-01
1498, 6.813679e-01, 7.692851e-01
1499, 6.814831e-01, 2.042509e-01
1500, 6.815536e-01, 4.208818e-01
1501, 6.817712e-01, 3.130989e-01
1502, 6.817993e-01, 2.254150e-01
1503, 6.818405e-01, 6.355592e-01
1504, 6.819724e-01, 2.636626e-01
1505, 6.819835e-01, 2.843147e-01
1506, 6.820584e-01, 6.602091e-01
1507, 6.826017e-01, 1.762403e-01
1508, 6.826630e-01, 4.109042e-01
1509, 6.828083e-01, 4.451206e-01
1510, 6.828202e-01, 6.335833e-01
1511, 6.828354e-01, 5.609327e-01
1512, 6.828528e-01, 5.299154e-01
1513, 6.835160e-01, 3.387548e-01
1514, 6.847130e-01, 5.813330e-01
1515, 6.847414e-01, 2.095430e-01
1516, 6.857459e-01, 2.845791e-01
1517, 6.941839e-01, 5.403590e-01
1518, 6.951252e-01, 6.483218e-01
1519, 6.953137e-01, 3.483817e-01
1520, 6.960245e-01, 5.943792e-01
1521, 6.964145e-01, 1.893301e-01
1522, 6.967923e-01, 7.546406e-01
1523, 6.977181e-01, 5.664511e-01
1524, 6.979048e-01, 4.028150e-01
1525, 6.984616e-01, 4.819461e-01
1526, 6.986006e-01, 1.893057e-01
1527, 6.986939e-01, 5.941462e-01
1528, 6.988717e-01, 8.097563e-01
1529, 6.988816e-01, 2.664125e-01
1530, 6.989129e-01, 8.441021e-01
1531, 6.989684e-01, 6.231713e-01
1532, 6.991229e-01, 2.243116e-01
1533, 6.991960e-01, 5.179131e-01
1534, 6.993884e-01, 6.193011e-01
1535, 6.995144e-01, 6.735687e-01
1536, 6.996360e-01, 3.004314e-01
1537, 6.996406e-01, 4.570547e-01
1538, 7.001703e-01, 2.384298e-01
1539, 7.001856e-01, 8.369564e-01
1540, 7.003119e-01, 6.211565e-01
1541, 7.003422e-01, 7.055064e-01
1542, 7.005148e-01, 4.319511e-01
1543, 7.008103e-01, 3.495794e-01
1544, 7.008114e-01, 2.982123e-01
1545, 7.009094e-01, 7.343158e-01
1546, 7.010153e-01, 6.485758e-01
1547, 7.011435e-01, 3.781148e-01
1548, 7.013851e-01, 2.155150e-01
1549, 7.019338e-01, 2.183927e-01
1550, 7.019802e-01, 5.661379e-01
1551, 7.021172e-01, 7.263888e-01
1552, 7.024042e-01, 4.572667e-01
1553, 7.024163e-01, 8.114572e-01
1554, 7.025559e-01, 2.423758e-01
1555, 7.027726e-01, 1.587298e-01
1556, 7.027742e-01, 7.380723e-01
1557, 7.027847e-01, 2.457920e-01
1558, 7.027868e-01, 5.125234e-01
1559, 7.030731e-01, 6.493604e-01
1560, 7.032289e-01, 5.895005e-01
1561, 7.043887e-01, 4.547692e-01
1562, 7.045178e-01, 1.860574e-01
1563, 7.046252e-01, 5.085214e-01
1564, 7.048299e-01, 4.078478e-01
1565, 7.052784e-01, 7.785961e-01
1566, 7.053392e-01, 6.761806e-01
1567, 7.054291e-01, 2.094344e-01
1568, 7.056224e-01, 1.584426e-01
1569, 7.062736e-01, 3.535391e-01
1570, 7.063140e-01, 2.961902e-01
1571, 7.070688e-01, 7.585595e-01
1572, 7.071129e-01, 6.222756e-01
1573, 7.071142e-01, 4.851060e-01
1574, 7.072162e-01, 6.048176e-01
1575, 7.074719e-01, 8.108279e-01
1576, 7.077924e-01, 2.698784e-01
1577, 7.078891e-01, 3.312250e-01
1578, 7.088469e-01, 8.360532e-01
1579, 7.089812e-01, 2.715656e-01
1580, 7.180118e-01, 7.454398e-01
1581, 7.187654e-01, 4.991282e-01
1582, 7.192109e-01, 7.688852e-01
1583, 7.194448e-01, 6.343799e-01
1584, 7.203179e-01, 3.577486e-01
1585, 7.205588e-01, 7.988907e-01
1586, 7.207213e-01, 5.780051e-01
1587, 7.215337e-01, 3.353237e-01
1588, 7.215585e-01, 4.097593e-01
1589, 7.216652e-01, 5.529142e-01
1590, 7.218669e-01, 2.013976e-01
1591, 7.218888e-01, 7.944857e-01
1592, 7.222752e-01, 5.226635e-01
1593, 7.226806e-01, 2.035949e-01
1594, 7.228122e-01, 6.343316e-01
1595, 7.229284e-01, 2.889673e-01
1596, 7.234924e-01, 7.693511e-01
1597, 7.235904e-01, 6.624542e-01
1598, 7.236294e-01, 2.255334e-01
1599, 7.236315e-01, 4.705344e-01
1600, 7.236564e-01, 5.849893e-01
1601, 7.243198e-01, 7.713963e-01
1602, 7.244450e-01, 6.897111e-01
1603, 7.245567e-01, 3.898811e-01
1604, 7.248371e-01, 2.792287e-01
1605, 7.250350e-01, 6.649266e-01
1606, 7.250695e-01, 2.277702e-01
1607, 7.252655e-01, 8.288116e-01
1608, 7.255831e-01, 6.356868e-01
1609, 7.261176e-01, 3.873255e-01
1610, 7.262528e-01, 7.658269e-01
1611, 7.262590e-01, 6.578051e-01
1612, 7.265801e-01, 6.931097e-01
1613, 7.266449e-01, 2.827412e-01
1614, 7.267197e-01, 7.439024e-01
1615, 7.268254e-01, 8.253821e-01
1616, 7.271400e-01, 4.167294e-01
1617, 7.272270e-01, 4.215471e-01
1618, 7.272610e-01, 3.349261e-01
1619, 7.272971e-01, 8.217829e-01
1620, 7.273436e-01, 2.031267e-01
1621, 7.273649e-01, 4.997517e-01
1622, 7.275510e-01, 6.395671e-01
1623, 7.277735e-01, 5.522878e-01
1624, 7.277919e-01, 3.659241e-01
1625, 7.278515e-01, 6.840083e-01
1626, 7.279108e-01, 7.403863e-01
1627, 7.283491e-01, 6.083714e-01
1628, 7.285039e-01, 7.143125e-01
1629, 7.286839e-01, 3.686290e-01
1630, 7.292279e-01, 3.085928e-01
1631, 7.293272e-01, 4.246582e-01
1632, 7.294254e-01, 5.547761e-01
1633, 7.294345e-01, 7.484554e-01
1634, 7.299682e-01, 2.833651e-01
1635, 7.304426e-01, 4.791848e-01
1636, 7.304903e-01, 4.473524e-01
1637, 7.309066e-01, 5.000895e-01
1638, 7.326046e-01, 5.843209e-01
1639, 7.386830e-01, 3.246929e-01
1640, 7.424855e-01, 7.843718e-01
1641, 7.426366e-01, 3.973045e-01
1642, 7.438555e-01, 4.290175e-01
1643, 7.439445e-01, 1.896250e-01
1644, 7.444993e-01, 3.551377e-01
1645, 7.446840e-01, 2.667614e-01
1646, 7.447647e-01, 3.009383e-01
1647, 7.448049e-01, 2.411629e-01
1648, 7.448465e-01, 2.100554e-01
1649, 7.449067e-01, 8.150072e-01
1650, 7.453916e-01, 6.200917e-01
1651, 7.454190e-01, 4.058415e-01
1652, 7.457282e-01, 5.124165e-01
1653, 7.458261e-01, 4.822001e-01
1654, 7.458459e-01, 5.412142e-01
1655, 7.462131e-01, 4.942612e-01
1656, 7.462266e-01, 7.020999e-01
1657, 7.463208e-01, 2.693774e-01
1658, 7.465336e-01, 7.843444e-01
1659, 7.465868e-01, 5.986104e-01
1660, 7.467325e-01, 5.622842e-01
1661, 7.467487e-01, 2.141077e-01
1662, 7.467967e-01, 6.492842e-01
1663, 7.468710e-01, 4.288300e-01
1664, 7.473844e-01, 4.609280e-01
1665, 7.475690e-01, 2.412478e-01
1666, 7.476013e-01, 4.568021e-01
1667, 7.478540e-01, 7.658080e-01
1668, 7.480107e-01, 8.414513e-01
1669, 7.481536e-01, 7.533433e-01
1670, 7.483460e-01, 3.489172e-01
1671, 7.483955e-01, 5.651191e-01
1672, 7.484560e-01, 3.767651e-01
1673, 7.484693e-01, 6.200076e-01
1674, 7.486454e-01, 7.825295e-01
1675, 7.486870e-01, 5.414349e-01
1676, 7.487362e-01, 7.016971e-01
1677, 7.488254e-01, 7.264291e-01
1678, 7.488624e-01, 1.649911e-01
1679, 7.489010e-01, 5.910803e-01
1680, 7.489846e-01, 6.722556e-01
1681, 7.489998e-01, 8.335586e-01
1682, 7.491297e-01, 5.123578e-01
1683, 7.492940e-01, 3.015837e-01
1684, 7.494842e-01, 6.495053e-01
1685, 7.494931e-01, 4.544234e-01
1686, 7.497218e-01, 6.181360e-01
1687, 7.498494e-01, 7.799228e-01
1688, 7.503159e-01, 7.238341e-01
1689, 7.503177e-01, 4.873421e-01
1690, 7.503833e-01, 4.312527e-01
1691, 7.504512e-01, 3.466891e-01
1692, 7.505681e-01, 5.455138e-01
1693, 7.506060e-01, 4.091718e-01
1694, 7.509107e-01, 7.044217e-01
1695, 7.510024e-01, 6.244201e-01
1696, 7.510522e-01, 3.004849e-01
1697, 7.511020e-01, 6.509105e-01
1698, 7.511643e-01, 7.569910e-01
1699, 7.512085e-01, 1.608033e-01
1700, 7.516301e-01, 1.814805e-01
1701, 7.519720e-01, 5.724648e-01
1702, 7.520385e-01, 3.233553e-01
1703, 7.522270e-01, 2.168881e-01
1704, 7.524712e-01, 5.140253e-01
1705, 7.532587e-01, 3.210621e-01
1706, 7.533898e-01, 4.087531e-01
1707, 7.534565e-01, 2.353429e-01
1708, 7.535404e-01, 2.720629e-01
1709, 7.537899e-01, 2.514739e-01
1710, 7.540684e-01, 5.345772e-01
1711, 7.545931e-01, 4.309762e-01
1712, 7.551137e-01, 2.741446e-01
1713, 7.555376e-01, 2.941738e-01
1714, 7.560124e-01, 5.905890e-01
1715, 7.562630e-01, 4.872110e-01
1716, 7.575500e-01, 2.160113e-01
1717, 7.613436e-01, 3.914694e-01
1718, 7.665498e-01, 8.043527e-01
1719, 7.668390e-01, 7.378001e-01
1720, 7.673939e-01, 2.572099e-01
1721, 7.676828e-01, 1.705962e-01
1722, 7.679050e-01, 4.244585e-01
1723, 7.680307e-01, 5.591338e-01
1724, 7.682879e-01, 5.807242e-01
1725, 7.688392e-01, 1.512804e-01
1726, 7.694590e-01, 2.843955e-01
1727, 7.695437e-01, 5.531340e-01
1728, 7.697242e-01, 5.832583e-01
1729, 7.697700e-01, 3.654286e-01
1730, 7.698423e-01, 7.447759e-01
1731, 7.698824e-01, 1.977619e-01
1732, 7.700111e-01, 3.678070e-01
1733, 7.703080e-01, 2.339684e-01
1734, 7.703692e-01, 2.037406e-01
1735, 7.703795e-01, 2.569297e-01
1736, 7.704901e-01, 8.222021e-01
1737, 7.705376e-01, 4.450567e-01
1738, 7.708000e-01, 7.670352e-01
1739, 7.708325e-01, 6.011182e-01
1740, 7.708354e-01, 3.293706e-01
1741, 7.708459e-01, 5.554138e-01
1742, 7.708719e-01, 7.734023e-01
1743, 7.710361e-01, 1.788431e-01
1744, 7.710687e-01, 4.476014e-01
1745, 7.712862e-01, 2.263467e-01
1746, 7.715759e-01, 3.416019e-01
1747, 7.716546e-01, 5.222480e-01
1748, 7.718079e-01, 1.947358e-01
1749, 7.720264e-01, 7.962867e-01
1750, 7.720982e-01, 3.891550e-01
1751, 7.724961e-01, 3.602367e-01
1752, 7.725222e-01, 3.049096e-01
1753, 7.725483e-01, 6.365225e-01
1754, 7.725625e-01, 2.063713e-01
1755, 7.726108e-01, 6.928297e-01
1756, 7.726969e-01, 7.700921e-01
1757, 7.728944e-01, 5.244059e-01
1758, 7.732040e-01, 5.832718e-01
1759, 7.733702e-01, 7.232905e-01
1760, 7.734082e-01, 4.170649e-01
1761, 7.734401e-01, 3.863445e-01
1762, 7.734431e-01, 6.106825e-01
1763, 7.735584e-01, 5.556569e-01
1764, 7.736803e-01, 6.343049e-01
1765, 7.738001e-01, 1.517283e-01
1766, 7.738183e-01, 6.081320e-01
1767, 7.738215e-01, 7.951874e-01
1768, 7.738541e-01, 6.907317e-01
1769, 7.738702e-01, 3.387951e-01
1770, 7.740864e-01, 3.357633e-01
1771, 7.743205e-01, 3.940343e-01
1772, 7.743406e-01, 4.725693e-01
1773, 7.748394e-01, 3.076002e-01
1774, 7.749802e-01, 4.981519e-01
1775, 7.750300e-01, 8.297145e-01
1776, 7.751047e-01, 3.138263e-01
1777, 7.756808e-01, 4.137789e-01
1778, 7.758507e-01, 7.696302e-01
1779, 7.759024e-01, 2.562887e-01
1780, 7.760708e-01, 7.953659e-01
1781, 7.764348e-01, 4.694136e-01
1782, 7.766956e-01, 7.436564e-01
1783, 7.771137e-01, 1.788706e-01
1784, 7.779101e-01, 6.840508e-01
1785, 7.783244e-01, 4.457398e-01
1786, 7.879291e-01, 7.311647e-01
1787, 7.884105e-01, 5.466427e-01
1788, 7.889320e-01, 1.888993e-01
1789, 7.890611e-01, 5.700658e-01
1790, 7.892336e-01, 2.715956e-01
1791, 7.895459e-01, 3.466162e-01
1792, 7.902010e-01, 2.486744e-01
1793, 7.903516e-01, 3.860950e-01
1794, 7.904699e-01, 4.029825e-01
1795, 7.914441e-01, 2.959583e-01
1796, 7.915673e-01, 3.693751e-01
1797, 7.918037e-01, 8.183679e-01
1798, 7.918132e-01, 4.634284e-01
1799, 7.919560e-01, 1.620722e-01
1800, 7.922912e-01, 4.911490e-01
1801, 7.923220e-01, 3.234995e-01
1802, 7.925025e-01, 3.523995e-01
1803, 7.929253e-01, 2.486662e-01
1804, 7.933849e-01, 6.488200e-01
1805, 7.935354e-01, 6.242695e-01
1806, 7.935373e-01, 4.512953e-01
1807, 7.936776e-01, 4.888023e-01
1808, 7.936971e-01, 5.943596e-01
1809, 7.939513e-01, 7.079281e-01
1810, 7.945860e-01, 7.303829e-01
1811, 7.947628e-01, 2.202944e-01
1812, 7.948582e-01, 5.700802e-01
1813, 7.950063e-01, 8.079379e-01
1814, 7.951502e-01, 4.015932e-01
1815, 7.951572e-01, 7.048913e-01
1816, 7.952534e-01, 3.543443e-01
1817, 7.952813e-01, 1.897792e-01
1818, 7.954028e-01, 6.201604e-01
1819, 7.956944e-01, 2.716123e-01
1820, 7.959068e-01, 3.760436e-01
1821, 7.961856e-01, 6.781341e-01
1822, 7.962067e-01, 4.590876e-01
1823, 7.962364e-01, 7.792319e-01
1824, 7.962862e-01, 5.724654e-01
1825, 7.963637e-01, 2.166779e-01
1826, 7.965003e-01, 2.957889e-01
1827, 7.965752e-01, 5.658562e-01
1828, 7.967806e-01, 7.849264e-01
1829, 7.968596e-01, 2.532084e-01
1830, 7.968810e-01, 7.283539e-01
1831, 7.969292e-01, 1.640868e-01
1832, 7.973628e-01, 4.353932e-01
1833, 7.975144e-01, 1.864409e-01
1834, 7.976574e-01, 6.715649e-01
1835, 7.976887e-01, 7.757457e-01
1836, 7.977864e-01, 3.540887e-01
1837, 7.978119e-01, 6.185168e-01
1838, 7.979480e-01, 4.026487e-01
1839, 7.982643e-01, 2.699578e-01
1840, 7.983572e-01, 5.153250e-01
1841, 7.983598e-01, 2.968095e-01
1842, 7.984259e-01, 8.352508e-01
1843, 7.987927e-01, 6.736321e-01
1844, 7.988139e-01, 4.889390e-01
1845, 7.991487e-01, 6.487686e-01
1846, 7.993207e-01, 3.761773e-01
1847, 7.996800e-01, 5.988798e-01
1848, 8.001095e-01, 2.649614e-01
1849, 8.001111e-01, 2.355879e-01
1850, 8.002611e-01, 6.943679e-01
1851, 8.005062e-01, 6.188813e-01
1852, 8.006185e-01, 6.447333e-01
1853, 8.006445e-01, 4.094203e-01
1854, 8.013932e-01, 5.406015e-01
1855, 8.015319e-01, 6.740355e-01
1856, 8.017987e-01, 5.987505e-01
1857, 8.027376e-01, 1.633731e-01
1858, 8.031289e-01, 8.081897e-01
1859, 8.114450e-01, 3.643250e-01
1860, 8.120297e-01, 6.886373e-01
1861, 8.123300e-01, 7.903281e-01
1862, 8.126546e-01, 4.738705e-01
1863, 8.127949e-01, 4.174170e-01
1864, 8.138999e-01, 3.362544e-01
1865, 8.144159e-01, 5.271849e-01
1866, 8.145231e-01, 5.540707e-01
1867, 8.146958e-01, 7.450340e-01
1868, 8.150019e-01, 2.343162e-01
1869, 8.154147e-01, 3.917828e-01
1870, 8.167250e-01, 1.989977e-01
1871, 8.174415e-01, 7.983491e-01
1872, 8.176010e-01, 6.084742e-01
1873, 8.176185e-01, 2.011891e-01
1874, 8.177335e-01, 7.226669e-01
1875, 8.177448e-01, 4.174746e-01
1876, 8.178535e-01, 7.103320e-01
1877, 8.179256e-01, 7.615224e-01
1878, 8.181687e-01, 5.018320e-01
1879, 8.183181e-01, 3.916950e-01
1880, 8.185864e-01, 4.513829e-01
1881, 8.185967e-01, 6.901065e-01
1882, 8.186696e-01, 4.418960e-01
1883, 8.188498e-01, 7.208486e-01
1884, 8.191105e-01, 1.779421e-01
1885, 8.191748e-01, 1.757760e-01
1886, 8.194277e-01, 4.488274e-01
1887, 8.197125e-01, 6.612109e-01
1888, 8.198229e-01, 7.745785e-01
1889, 8.199699e-01, 3.076966e-01
1890, 8.200791e-01, 6.638388e-01
1891, 8.202456e-01, 2.509152e-01
1892, 8.203884e-01, 4.740135e-01
1893, 8.204232e-01, 3.395651e-01
1894, 8.204714e-01, 3.116193e-01
1895, 8.205579e-01, 8.470045e-01
1896, 8.207954e-01, 2.585701e-01
1897, 8.209659e-01, 6.920618e-01
1898, 8.211094e-01, 7.409403e-01
1899, 8.213631e-01, 2.038158e-01
1900, 8.214612e-01, 5.017165e-01
1901, 8.215634e-01, 3.039334e-01
1902, 8.215721e-01, 4.238692e-01
1903, 8.216338e-01, 6.090239e-01
1904, 8.216639e-01, 4.762466e-01
1905, 8.218491e-01, 1.517847e-01
1906, 8.218782e-01, 3.136850e-01
1907, 8.219820e-01, 3.961233e-01
1908, 8.223028e-01, 8.264789e-01
1909, 8.226584e-01, 8.201517e-01
1910, 8.229835e-01, 5.815875e-01
1911, 8.230000e-01, 3.391789e-01
1912, 8.234502e-01, 6.560830e-01
1913, 8.235557e-01, 8.478897e-01
1914, 8.244277e-01, 5.279857e-01
1915, 8.246357e-01, 4.662959e-01
1916, 8.248612e-01, 6.684126e-01
1917, 8.252046e-01, 5.816245e-01
1918, 8.252258e-01, 2.040485e-01
1919, 8.264270e-01, 2.279980e-01
1920, 8.286552e-01, 6.913200e-01
1921, 8.327336e-01, 3.194770e-01
1922, 8.339951e-01, 2.974630e-01
1923, 8.344378e-01, 7.835780e-01
1924, 8.363335e-01, 5.668787e-01
1925, 8.372426e-01, 4.056513e-01
1926, 8.378801e-01, 8.468780e-01
1927, 8.380998e-01, 6.453554e-01
1928, 8.384350e-01, 5.895412e-01
1929, 8.385026e-01, 3.774879e-01
1930, 8.385643e-01, 5.446430e-01
1931, 8.389191e-01, 3.192718e-01
1932, 8.389526e-01, 3.459258e-01
1933, 8.390553e-01, 4.842177e-01
1934, 8.394968e-01, 3.521854e-01
1935, 8.397976e-01, 6.494361e-01
1936, 8.401164e-01, 7.237577e-01
1937, 8.402539e-01, 6.239360e-01
1938, 8.403877e-01, 5.927043e-01
1939, 8.404414e-01, 2.434068e-01
1940, 8.406511e-01, 3.503388e-01
1941, 8.406849e-01, 4.551864e-01
1942, 8.408671e-01, 3.207173e-01
1943, 8.409685e-01, 1.613752e-01
1944, 8.411456e-01, 2.187813e-01
1945, 8.411655e-01, 4.886175e-01
1946, 8.414960e-01, 7.032564e-01
1947, 8.417383e-01, 5.388036e-01
1948, 8.418731e-01, 8.134372e-01
1949, 8.418837e-01, 7.841667e-01
1950, 8.419190e-01, 1.916441e-01
1951, 8.419246e-01, 2.727504e-01
1952, 8.421691e-01, 6.510574e-01
1953, 8.423901e-01, 4.242126e-01
1954, 8.427042e-01, 7.274114e-01
1955, 8.427252e-01, 4.381786e-01
1956, 8.428700e-01, 6.229771e-01
1957, 8.428789e-01, 6.532041e-01
1958, 8.429487e-01, 8.057132e-01
1959, 8.432306e-01, 7.308099e-01
1960, 8.436311e-01, 4.644938e-01
1961, 8.436490e-01, 8.367111e-01
1962, 8.437537e-01, 7.031497e-01
1963, 8.438922e-01, 7.561839e-01
1964, 8.442782e-01, 2.730518e-01
1965, 8.444121e-01, 4.357213e-01
1966, 8.444226e-01, 7.875692e-01
1967, 8.444481e-01, 6.785384e-01
1968, 8.445893e-01, 4.280341e-01
1969, 8.446836e-01, 3.515352e-01
1970, 8.447621e-01, 5.945733e-01
1971, 8.448290e-01, 1.898283e-01
1972, 8.451275e-01, 8.096073e-01
1973, 8.453733e-01, 2.978787e-01
1974, 8.454469e-01, 2.706659e-01
1975, 8.455474e-01, 7.536418e-01
1976, 8.456067e-01, 5.387971e-01
1977, 8.456735e-01, 7.004609e-01
1978, 8.458150e-01, 8.375992e-01
1979, 8.461335e-01, 7.769352e-01
1980, 8.461565e-01, 6.191391e-01
1981, 8.469818e-01, 3.322010e-01
1982, 8.471315e-01, 5.164975e-01
1983, 8.471596e-01, 2.937796e-01
1984, 8.471743e-01, 2.157566e-01
1985, 1.605283e-01, 7.684209e-01
1986, 1.590321e-01, 8.242266e-01
1987, 1.695426e-01, 3.671364e-01
1988, 1.644205e-01, 4.175805e-01
1989, 1.637055e-01, 6.894339e-01
1990, 1.615092e-01, 4.736559e-01
1991, 1.646119e-01, 2.543854e-01
1992, 1.619964e-01, 3.112114e-01
1993, 1.647527e-01, 4.470471e-01
1994, 1.837516e-01, 8.102165e-01
1995, 1.872096e-01, 7.838529e-01
1996, 1.900803e-01, 8.370780e-01
1997, 1.894939e-01, 4.341428e-01
1998, 1.863320e-01, 5.409694e-01
1999, 1.865712e-01, 2.142591e-01
2000, 1.875487e-01, 5.675555e-01
2001, 1.838425e-01, 7.287393e-01
2002, 1.875097e-01, 7.030037e-01
2003, 1.849054e-01, 3.241831e-01
2004, 2.123467e-01, 5.012697e-01
2005, 2.142210e-01, 2.019390e-01
2006, 2.100670e-01, 2.811485e-01
2007, 2.120719e-01, 1.757147e-01
2008, 2.128715e-01, 8.235296e-01
2009, 2.108191e-01, 7.964327e-01
2010, 2.128146e-01, 3.658686e-01
2011, 2.308883e-01, 3.245088e-01
2012, 2.323605e-01, 7.014798e-01
2013, 2.365288e-01, 7.329591e-01
2014, 2.321108e-01, 1.901764e-01
2015, 2.333631e-01, 5.388863e-01
2016, 2.379575e-01, 5.632877e-01
2017, 2.533557e-01, 7.707268e-01
2018, 2.369370e-01, 2.719994e-01
2019, 2.366953e-01, 4.353385e-01
2020, 2.342329e-01, 5.957382e-01
2021, 2.554072e-01, 6.657555e-01
2022, 2.585688e-01, 2.299776e-01
2023, 2.570503e-01, 3.676694e-01
2024, 2.595541e-01, 3.916350e-01
2025, 2.561885e-01, 4.698573e-01
2026, 2.560816e-01, 4.434661e-01
2027, 2.577199e-01, 8.283406e-01
2028, 2.550453e-01, 4.985189e-01
2029, 2.796888e-01, 6.990451e-01
2030, 2.590372e-01, 7.475266e-01
2031, 2.796594e-01, 7.547306e-01
2032, 2.781816e-01, 5.668839e-01
2033, 2.809317e-01, 2.935716e-01
2034, 2.794821e-01, 3.013570e-01
2035, 2.820657e-01, 1.859823e-01
2036, 2.800330e-01, 2.153010e-01
2037, 2.802647e-01, 7.297652e-01
2038, 2.784047e-01, 4.842480e-01
2039, 2.834018e-01, 4.608178e-01
2040, 3.025378e-01, 3.345371e-01
2041, 2.807375e-01, 2.452816e-01
2042, 2.797965e-01, 8.100829e-01
2043, 3.026924e-01, 6.074288e-01
2044, 3.034613e-01, 5.512493e-01
2045, 3.041781e-01, 3.933212e-01
2046, 3.064799e-01, 4.179905e-01
2047, 3.000334e-01, 5.019171e-01
2048, 3.050316e-01, 5.281023e-01
2049, 3.052697e-01, 6.885416e-01
2050, 3.029496e-01, 7.169756e-01
2051, 3.034996e-01, 2.303181e-01
2052, 3.060537e-01, 5.797436e-01
2053, 3.227019e-01, 3.536840e-01
2054, 3.261076e-01, 4.855902e-01
2055, 3.052549e-01, 4.459142e-01
2056, 3.251515e-01, 5.392978e-01
2057, 3.255937e-01, 4.324999e-01
2058, 3.280654e-01, 1.612825e-01
2059, 3.281394e-01, 2.154450e-01
2060, 3.275252e-01, 6.190811e-01
2061, 3.289940e-01, 8.147196e-01
2062, 3.279894e-01, 8.361757e-01
2063, 3.500973e-01, 2.020490e-01
2064, 3.286606e-01, 5.673728e-01
2065, 3.300152e-01, 6.756763e-01
2066, 3.477839e-01, 7.160044e-01
2067, 3.478808e-01, 6.644246e-01
2068, 3.503660e-01, 7.674112e-01
2069, 3.526503e-01, 5.267214e-01
2070, 3.480327e-01, 6.881169e-01
2071, 3.522078e-01, 5.851037e-01
2072, 3.510269e-01, 6.107175e-01
2073, 3.532029e-01, 7.135455e-01
2074, 3.554864e-01, 1.774903e-01
2075, 3.510827e-01, 3.371784e-01
2076, 3.504924e-01, 3.657323e-01
2077, 3.733573e-01, 6.747365e-01
2078, 3.748842e-01, 4.056889e-01
2079, 3.736806e-01, 6.465625e-01
2080, 3.762499e-01, 6.997871e-01
2081, 3.957513e-01, 7.176171e-01
2082, 3.981914e-01, 8.262334e-01
2083, 3.954641e-01, 4.177686e-01
2084, 3.994954e-01, 4.468304e-01
2085, 3.968517e-01, 5.827751e-01
2086, 4.185812e-01, 5.086134e-01
2087, 3.973264e-01, 4.724227e-01
2088, 4.180454e-01, 6.192085e-01
2089, 3.978024e-01, 7.450760e-01
2090, 4.182921e-01, 6.459644e-01
2091, 4.234080e-01, 2.417914e-01
2092, 4.186085e-01, 3.215776e-01
2093, 4.172008e-01, 3.786687e-01
2094, 4.221737e-01, 8.357809e-01
2095, 4.221588e-01, 6.753834e-01
2096, 4.234306e-01, 4.589816e-01
2097, 4.197306e-01, 7.049188e-01
2098, 4.201727e-01, 2.203848e-01
2099, 4.229454e-01, 4.029905e-01
2100, 4.447817e-01, 3.947576e-01
2101, 4.201287e-01, 4.314544e-01
2102, 4.410360e-01, 7.159536e-01
2103, 4.435909e-01, 5.558871e-01
2104, 4.428085e-01, 6.099501e-01
2105, 4.410793e-01, 2.257210e-01
2106, 4.421756e-01, 2.826023e-01
2107, 4.422794e-01, 8.295178e-01
2108, 4.445466e-01, 7.459895e-01
2109, 4.474962e-01, 7.191700e-01
2110, 4.655564e-01, 6.502228e-01
2111, 4.454260e-01, 6.905367e-01
2112, 4.702872e-01, 7.288748e-01
2113, 4.690822e-01, 3.497711e-01
2114, 4.684206e-01, 1.887417e-01
2115, 4.666934e-01, 2.975129e-01
2116, 4.681899e-01, 4.309874e-01
2117, 4.665920e-01, 4.615704e-01
2118, 4.726824e-01, 4.575764e-01
2119, 4.647349e-01, 6.203414e-01
2120, 4.702459e-01, 8.372832e-01
2121, 4.663751e-01, 8.129201e-01
2122, 4.700719e-01, 7.835820e-01
2123, 4.686659e-01, 7.543539e-01
2124, 4.714026e-01, 3.214413e-01
2125, 4.704277e-01, 5.131944e-01
2126, 4.911107e-01, 7.421747e-01
2127, 4.907472e-01, 4.469621e-01
2128, 4.923928e-01, 3.648889e-01
2129, 4.892755e-01, 3.947473e-01
2130, 4.922243e-01, 6.612738e-01
2131, 4.851508e-01, 7.143991e-01
2132, 4.917142e-01, 1.745458e-01
2133, 4.961047e-01, 6.087311e-01
2134, 5.137402e-01, 8.117060e-01
2135, 4.923503e-01, 5.280137e-01
2136, 4.892400e-01, 4.173194e-01
2137, 4.939292e-01, 1.517859e-01
2138, 4.912740e-01, 2.851735e-01
2139, 4.915936e-01, 5.785955e-01
2140, 4.895290e-01, 6.304976e-01
2141, 5.118735e-01, 6.219857e-01
2142, 5.144419e-01, 7.308507e-01
2143, 5.144442e-01, 3.251109e-01
2144, 5.122000e-01, 1.834913e-01
2145, 5.129956e-01, 7.023271e-01
2146, 5.163271e-01, 4.321013e-01
2147, 5.157053e-01, 4.859567e-01
2148, 5.144165e-01, 5.679541e-01
2149, 5.132785e-01, 3.525755e-01
2150, 5.166740e-01, 5.930214e-01
2151, 5.144712e-01, 4.588750e-01
2152, 5.129630e-01, 2.400908e-01
2153, 5.183716e-01, 1.649193e-01
2154, 5.147203e-01, 1.864136e-01
2155, 5.370843e-01, 3.383174e-01
2156, 5.162751e-01, 2.980553e-01
2157, 5.387121e-01, 5.491175e-01
2158, 5.417753e-01, 3.149440e-01
2159, 5.378103e-01, 5.060094e-01
2160, 5.391605e-01, 5.540004e-01
2161, 5.395570e-01, 2.558824e-01
2162, 5.432234e-01, 3.651446e-01
2163, 5.389782e-01, 4.195977e-01
2164, 5.432778e-01, 2.861775e-01
2165, 5.378959e-01, 2.034101e-01
2166, 5.590598e-01, 5.419862e-01
2167, 5.353988e-01, 4.733051e-01
2168, 5.385875e-01, 6.619096e-01
2169, 5.405934e-01, 7.973190e-01
2170, 5.625795e-01, 7.846436e-01
2171, 5.607791e-01, 6.755613e-01
2172, 5.597955e-01, 6.499027e-01
2173, 5.620178e-01, 5.163031e-01
2174, 5.609273e-01, 3.811017e-01
2175, 5.628137e-01, 2.705829e-01
2176, 5.608252e-01, 4.340774e-01
2177, 5.613750e-01, 4.595212e-01
2178, 5.625052e-01, 8.134069e-01
2179, 5.608958e-01, 7.001856e-01
2180, 5.837279e-01, 2.307448e-01
2181, 5.641577e-01, 4.056717e-01
2182, 5.614566e-01, 8.329528e-01
2183, 5.833032e-01, 6.620064e-01
2184, 5.833226e-01, 5.804594e-01
2185, 5.832973e-01, 2.025041e-01
2186, 5.871601e-01, 2.293050e-01
2187, 5.856948e-01, 2.569534e-01
2188, 5.829399e-01, 7.685805e-01
2189, 5.903475e-01, 2.831731e-01
2190, 5.834753e-01, 3.682868e-01
2191, 5.866752e-01, 6.601527e-01
2192, 5.854408e-01, 4.242590e-01
2193, 5.873809e-01, 4.770254e-01
2194, 5.835153e-01, 3.911604e-01
2195, 6.076794e-01, 8.100496e-01
2196, 6.030099e-01, 5.102648e-01
2197, 6.097072e-01, 2.702720e-01
2198, 6.106087e-01, 6.492643e-01
2199, 6.079841e-01, 5.406454e-01
2200, 6.104188e-01, 7.273210e-01
2201, 6.067346e-01, 1.656062e-01
2202, 6.063788e-01, 2.169256e-01
2203, 6.292184e-01, 2.068087e-01
2204, 6.097280e-01, 3.497831e-01
2205, 6.290117e-01, 3.618586e-01
2206, 6.103440e-01, 5.942421e-01
2207, 6.281162e-01, 6.091531e-01
2208, 6.090815e-01, 6.754668e-01
2209, 6.356783e-01, 6.660217e-01
2210, 6.312429e-01, 4.204775e-01
2211, 6.328917e-01, 2.858685e-01
2212, 6.326220e-01, 5.585874e-01
2213, 6.342585e-01, 3.929466e-01
2214, 6.327995e-01, 5.520609e-01
2215, 6.320197e-01, 5.277253e-01
2216, 6.356494e-01, 3.372041e-01
2217, 6.361716e-01, 3.668386e-01
2218, 6.304289e-01, 2.297685e-01
2219, 6.332356e-01, 5.812611e-01
2220, 6.323543e-01, 5.018504e-01
2221, 6.315945e-01, 8.248163e-01
2222, 6.318254e-01, 7.424312e-01
2223, 6.559733e-01, 8.110540e-01
2224, 6.576521e-01, 2.181237e-01
2225, 6.526817e-01, 5.394638e-01
2226, 6.548756e-01, 5.689937e-01
2227, 6.526394e-01, 6.747777e-01
2228, 6.554086e-01, 7.023686e-01
2229, 6.547212e-01, 7.335884e-01
2230, 6.792111e-01, 7.219560e-01
2231, 6.777423e-01, 1.746858e-01
2232, 6.809484e-01, 3.378539e-01
2233, 6.752483e-01, 5.770825e-01
2234, 6.797137e-01, 6.906115e-01
2235, 6.808935e-01, 7.409751e-01
2236, 6.842466e-01, 8.265583e-01
2237, 6.779030e-01, 2.542697e-01
2238, 7.003440e-01, 4.860915e-01
2239, 7.014062e-01, 6.761195e-01
2240, 7.047987e-01, 5.671435e-01
2241, 6.986377e-01, 7.585521e-01
2242, 7.031728e-01, 7.851096e-01
2243, 7.032795e-01, 5.409689e-01
2244, 7.012510e-01, 3.228060e-01
2245, 7.025679e-01, 7.019805e-01
2246, 7.238562e-01, 1.766789e-01
2247, 7.235646e-01, 3.113052e-01
2248, 7.210997e-01, 2.556667e-01
2249, 7.020643e-01, 3.806825e-01
2250, 7.218602e-01, 3.909529e-01
2251, 7.016532e-01, 4.283045e-01
2252, 7.207598e-01, 7.185782e-01
2253, 7.237565e-01, 4.456290e-01
2254, 7.283700e-01, 2.292958e-01
2255, 7.256322e-01, 4.732003e-01
2256, 7.254737e-01, 5.273349e-01
2257, 7.222941e-01, 6.083113e-01
2258, 7.286799e-01, 1.747015e-01
2259, 7.294930e-01, 2.595785e-01
2260, 7.484798e-01, 8.092123e-01
2261, 7.473870e-01, 3.854637e-01
2262, 7.513974e-01, 8.366333e-01
2263, 7.479122e-01, 1.909399e-01
2264, 7.494716e-01, 7.314316e-01
2265, 7.702906e-01, 4.748121e-01
2266, 7.501847e-01, 6.763535e-01
2267, 7.724339e-01, 5.002871e-01
2268, 7.703206e-01, 7.136878e-01
2269, 7.728438e-01, 8.255606e-01
2270, 7.741248e-01, 6.308208e-01
2271, 7.726546e-01, 2.307442e-01
2272, 7.728705e-01, 2.813262e-01
2273, 7.723694e-01, 5.324160e-01
2274, 7.747455e-01, 6.596118e-01
2275, 7.752217e-01, 6.655769e-01
2276, 7.954175e-01, 5.156203e-01
2277, 7.957975e-01, 2.131321e-01
2278, 7.911204e-01, 5.409484e-01
2279, 7.908948e-01, 4.295405e-01
2280, 7.961692e-01, 7.553652e-01
2281, 7.963012e-01, 3.245808e-01
2282, 8.155776e-01, 5.007006e-01
2283, 8.184038e-01, 6.318418e-01
2284, 7.969753e-01, 8.393414e-01
2285, 8.193722e-01, 5.796149e-01
2286, 8.205055e-01, 5.546467e-01
2287, 8.177171e-01, 2.272825e-01
2288, 8.196830e-01, 2.830737e-01
2289, 8.186889e-01, 5.275750e-01
2290, 8.220320e-01, 6.327443e-01
2291, 8.192387e-01, 7.442938e-01
2292, 8.211751e-01, 7.992395e-01
2293, 8.396176e-01, 5.124661e-01
2294, 8.232913e-01, 2.549145e-01
2295, 8.209965e-01, 3.628785e-01
2296, 8.233003e-01, 7.709504e-01
2297, 8.399561e-01, 6.740846e-01
2298, 8.448901e-01, 2.187293e-01
2299, 8.450335e-01, 1.595615e-01
2300, 8.437749e-01, 3.776934e-01
2301, 8.423660e-01, 4.615614e-01
2302, 8.420334e-01, 4.070009e-01
2303, 8.466424e-01, 5.670714e-01
2304, 1.500000e-01, 8.080589e-01
2305, 1.500000e-01, 8.188795e-01
2306, 1.500000e-01, 6.669782e-01
2307, 1.500000e-01, 6.807280e-01
2308, 1.500000e-01, 7.056232e-01
2309, 1.500000e-01, 6.966988e-01
2310, 1.500000e-01, 4.001255e-01
2311, 1.500000e-01, 4.103284e-01
2312, 1.500000e-01, 4.404307e-01
2313, 1.500000e-01, 4.294765e-01
2314, 1.500000e-01, 5.139823e-01
2315, 1.500000e-01, 5.105576e-01
2316, 1.500000e-01, 5.724917e-01
2317, 1.500000e-01, 5.634688e-01
2318, 1.500000e-01, 6.278938e-01
2319, 1.500000e-01, 6.131474e-01
2320, 1.500000e-01, 2.460711e-01
2321, 1.500000e-01, 2.378922e-01
2322, 1.500000e-01, 3.422566e-01
2323, 1.500000e-01, 3.551655e-01
2324, 1.500000e-01, 4.912880e-01
2325, 1.500000e-01, 4.800415e-01
2326, 1.500000e-01, 1.815863e-01
2327, 1.500000e-01, 1.956624e-01
2328, 1.500000e-01, 1.664715e-01
2329, 1.500000e-01, 2.657736e-01
2330, 1.500000e-01, 2.810000e-01
2331, 1.500000e-01, 2.214593e-01
2332, 1.500000e-01, 2.078459e-01
2333, 1.500000e-01, 3.050321e-01
2334, 1.500000e-01, 2.899814e-01
2335, 1.500000e-01, 3.175480e-01
2336, 1.500000e-01, 3.291837e-01
2337, 1.500000e-01, 3.780199e-01
2338, 1.500000e-01, 3.668969e-01
2339, 1.500000e-01, 4.572436e-01
2340, 1.500000e-01, 4.623884e-01
2341, 1.500000e-01, 7.742965e-01
2342, 1.500000e-01, 7.894681e-01
2343, 1.500000e-01, 5.906965e-01
2344, 1.500000e-01, 6.018379e-01
2345, 1.500000e-01, 7.280489e-01
2346, 1.500000e-01, 7.282983e-01
2347, 1.500000e-01, 5.304493e-01
2348, 1.500000e-01, 5.473960e-01
2349, 1.500000e-01, 6.404255e-01
2350, 1.500000e-01, 6.542017e-01
2351, 1.500000e-01, 7.511309e-01
2352, 1.500000e-01, 7.619433e-01
2353, 1.500000e-01, 8.349797e-01
2354, 1.637125e-01, 1.500000e-01
2355, 1.665431e-01, 1.500000e-01
2356, 1.647895e-01, 8.500000e-01
2357, 1.897192e-01, 8.500000e-01
2358, 1.882588e-01, 1.500000e-01
2359, 1.988908e-01, 1.500000e-01
2360, 2.057872e-01, 8.500000e-01
2361, 2.142403e-01, 1.500000e-01
2362, 2.315318e-01, 1.500000e-01
2363, 2.323634e-01, 8.500000e-01
2364, 2.493279e-01, 8.500000e-01
2365, 2.536274e-01, 1.500000e-01
2366, 2.587044e-01, 1.500000e-01
2367, 2.568389e-01, 8.500000e-01
2368, 2.607256e-01, 8.500000e-01
2369, 2.622517e-01, 1.500000e-01
2370, 2.797143e-01, 1.500000e-01
2371, 2.792501e-01, 8.500000e-01
2372, 3.019451e-01, 8.500000e-01
2373, 3.001741e-01, 1.500000e-01
2374, 3.025521e-01, 8.500000e-01
2375, 3.053405e-01, 1.500000e-01
2376, 3.059299e-01, 8.500000e-01
2377, 3.060240e-01, 1.500000e-01
2378, 3.287558e-01, 1.500000e-01
2379, 3.271548e-01, 8.500000e-01
2380, 3.469442e-01, 1.500000e-01
2381, 3.481661e-01, 8.500000e-01
2382, 3.508102e-01, 1.500000e-01
2383, 3.503801e-01, 8.500000e-01
2384, 3.540320e-01, 8.500000e-01
2385, 3.567352e-01, 1.500000e-01
2386, 3.718168e-01, 8.500000e-01
2387, 3.719826e-01, 1.500000e-01
2388, 3.965325e-01, 8.500000e-01
2389, 4.020139e-01, 8.500000e-01
2390, 4.217055e-01, 8.500000e-01
2391, 4.214789e-01, 1.500000e-01
2392, 4.385262e-01, 8.500000e-01
2393, 4.450793e-01, 8.500000e-01
2394, 4.422724e-01, 1.500000e-01
2395, 4.490590e-01, 8.500000e-01
2396, 4.698105e-01, 1.500000e-01
2397, 4.677611e-01, 8.500000e-01
2398, 4.868716e-01, 8.500000e-01
2399, 4.893624e-01, 8.500000e-01
2400, 4.942157e-01, 1.500000e-01
2401, 5.142716e-01, 8.500000e-01
2402, 5.179807e-01, 1.500000e-01
2403, 5.315079e-01, 1.500000e-01
2404, 5.350908e-01, 8.500000e-01
2405, 5.372453e-01, 1.500000e-01
2406, 5.486486e-01, 1.500000e-01
2407, 5.426449e-01, 8.500000e-01
2408, 5.615514e-01, 8.500000e-01
2409, 5.617379e-01, 1.500000e-01
2410, 5.816444e-01, 1.500000e-01
2411, 5.851965e-01, 8.500000e-01
2412, 5.851889e-01, 1.500000e-01
2413, 5.949026e-01, 8.500000e-01
2414, 5.878715e-01, 1.500000e-01
2415, 6.079895e-01, 1.500000e-01
2416, 6.114597e-01, 8.500000e-01
2417, 6.235654e-01, 8.500000e-01
2418, 6.341112e-01, 8.500000e-01
2419, 6.297730e-01, 1.500000e-01
2420, 6.352427e-01, 8.500000e-01
2421, 6.338749e-01, 1.500000e-01
2422, 6.531494e-01, 1.500000e-01
2423, 6.563132e-01, 8.500000e-01
2424, 6.783814e-01, 8.500000e-01
2425, 6.768874e-01, 1.500000e-01
2426, 6.772980e-01, 1.500000e-01
2427, 6.817468e-01, 1.500000e-01
2428, 6.869049e-01, 8.500000e-01
2429, 7.021877e-01, 1.500000e-01
2430, 7.012507e-01, 8.500000e-01
2431, 7.230099e-01, 1.500000e-01
2432, 7.266144e-01, 1.500000e-01
2433, 7.274778e-01, 1.500000e-01
2434, 7.509382e-01, 8.500000e-01
2435, 7.486304e-01, 1.500000e-01
2436, 7.676397e-01, 1.500000e-01
2437, 7.631720e-01, 8.500000e-01
2438, 7.727066e-01, 8.500000e-01
2439, 7.745723e-01, 1.500000e-01
2440, 7.760796e-01, 8.500000e-01
2441, 7.939957e-01, 8.500000e-01
2442, 7.922571e-01, 1.500000e-01
2443, 8.137474e-01, 1.500000e-01
2444, 8.115429e-01, 8.500000e-01
2445, 8.150070e-01, 8.500000e-01
2446, 8.208005e-01, 1.500000e-01
2447, 8.258342e-01, 8.500000e-01
2448, 8.425986e-01, 1.500000e-01
2449, 8.500000e-01, 2.422282e-01
2450, 8.500000e-01, 6.032729e-01
2451, 8.385467e-01, 8.500000e-01
2452, 8.500000e-01, 8.350571e-01
2453, 8.500000e-01, 8.413764e-01
2454, 8.500000e-01, 3.725293e-01
2455, 8.500000e-01, 3.821843e-01
2456, 8.500000e-01, 4.672350e-01
2457, 8.500000e-01, 4.575977e-01
2458, 8.500000e-01, 6.476207e-01
2459, 8.500000e-01, 6.556991e-01
2460, 8.500000e-01, 7.215670e-01
2461, 8.500000e-01, 7.317714e-01
2462, 8.500000e-01, 3.326116e-01
2463, 8.500000e-01, 3.176503e-01
2464, 8.500000e-01, 4.104268e-01
2465, 8.500000e-01, 4.016765e-01
2466, 8.500000e-01, 5.144092e-01
2467, 8.500000e-01, 5.186781e-01
2468, 8.500000e-01, 5.340602e-01
2469, 8.500000e-01, 5.417933e-01
2470, 8.500000e-01, 1.924723e-01
2471, 8.500000e-01, 5.698379e-01
2472, 8.500000e-01, 5.643837e-01
2473, 8.500000e-01, 6.272603e-01
2474, 8.500000e-01, 6.181155e-01
2475, 8.500000e-01, 6.693582e-01
2476, 8.500000e-01, 6.804622e-01
2477, 8.500000e-01, 8.066915e-01
2478, 8.500000e-01, 8.141106e-01
2479, 8.500000e-01, 2.742358e-01
2480, 8.500000e-01, 2.678039e-01
2481, 8.500000e-01, 2.228684e-01
2482, 8.500000e-01, 2.141510e-01
2483, 8.500000e-01, 2.930054e-01
2484, 8.500000e-01, 3.004410e-01
2485, 8.500000e-01, 1.572442e-01
2486, 8.500000e-01, 1.643337e-01
2487, 8.500000e-01, 4.261574e-01
2488, 8.500000e-01, 4.379557e-01
2489, 8.500000e-01, 6.004992e-01
2490, 8.500000e-01, 5.906814e-01
2491, 8.500000e-01, 3.567660e-01
2492, 8.500000e-01, 3.490627e-01
2493, 8.500000e-01, 7.522983e-01
2494, 8.500000e-01, 7.585967e-01
2495, 8.500000e-01, 7.768284e-01
2496, 8.500000e-01, 7.888619e-01
2497, 8.500000e-01, 7.078332e-01
2498, 8.500000e-01, 6.982945e-01
2499, 2.135203e-01, 8.493822e-01
2500, 3.961067e-01, 1.506804e-01
2501, 4.850347e-01, 1.502527e-01
2502, 4.993069e-01, 8.498026e-01
2503, 7.269994e-01, 8.499165e-01
2504, 8.494138e-01, 1.810907e-01
2505, 8.498979e-01, 4.893724e-01
