1, 1.519937e-01, 7.934097e-01
2, 1.528337e-01, 3.392717e-01
3, 1.530268e-01, 3.090011e-01
4, 1.530268e-01, 2.765161e-01
5, 1.653324e-01, 4.703147e-01
6, 1.665818e-01, 6.628137e-01
7, 1.665818e-01, 6.370720e-01
8, 1.669072e-01, 3.794129e-01
9, 1.669072e-01, 4.017529e-01
10, 1.669479e-01, 6.956172e-01
11, 1.669557e-01, 2.193183e-01
12, 1.674815e-01, 7.301973e-01
13, 1.674815e-01, 7.366345e-01
14, 1.686531e-01, 1.805097e-01
15, 1.687205e-01, 4.655043e-01
16, 1.700702e-01, 4.049159e-01
17, 1.702468e-01, 3.751784e-01
18, 1.702468e-01, 3.694339e-01
19, 1.703479e-01, 6.990172e-01
20, 1.703479e-01, 7.265627e-01
21, 1.818208e-01, 5.070614e-01
22, 1.818208e-01, 5.339485e-01
23, 1.823869e-01, 3.484053e-01
24, 1.831699e-01, 2.765161e-01
25, 1.838692e-01, 7.934097e-01
26, 1.839804e-01, 3.090011e-01
27, 1.843471e-01, 5.364748e-01
28, 1.845609e-01, 5.035871e-01
29, 1.848165e-01, 6.035395e-01
30, 1.867530e-01, 2.426578e-01
31, 1.945877e-01, 4.989348e-01
32, 1.989374e-01, 4.049159e-01
33, 1.989374e-01, 4.392569e-01
34, 2.001003e-01, 1.798595e-01
35, 2.004073e-01, 6.305454e-01
36, 2.009155e-01, 6.990172e-01
37, 2.014426e-01, 2.172130e-01
38, 2.019134e-01, 4.422329e-01
39, 2.019134e-01, 4.655043e-01
40, 2.032725e-01, 6.966602e-01
41, 2.041439e-01, 4.683326e-01
42, 2.041439e-01, 4.823989e-01
43, 2.048945e-01, 3.734717e-01
44, 2.159296e-01, 5.681007e-01
45, 2.159296e-01, 5.364748e-01
46, 2.161322e-01, 2.426578e-01
47, 2.162271e-01, 2.774387e-01
48, 2.164709e-01, 7.655807e-01
49, 2.168312e-01, 8.287756e-01
50, 2.186306e-01, 2.450877e-01
51, 2.186306e-01, 2.750352e-01
52, 2.193206e-01, 7.619673e-01
53, 2.193206e-01, 7.547269e-01
54, 2.197816e-01, 5.719527e-01
55, 2.197847e-01, 5.326197e-01
56, 2.197847e-01, 5.042954e-01
57, 2.201380e-01, 3.470675e-01
58, 2.296823e-01, 4.777056e-01
59, 2.296823e-01, 4.683326e-01
60, 2.317839e-01, 4.422329e-01
61, 2.317839e-01, 4.656678e-01
62, 2.328051e-01, 1.790396e-01
63, 2.329156e-01, 7.292275e-01
64, 2.334875e-01, 6.652752e-01
65, 2.352506e-01, 6.293051e-01
66, 2.353814e-01, 3.734717e-01
67, 2.366513e-01, 7.314840e-01
68, 2.380169e-01, 4.359999e-01
69, 2.383329e-01, 2.146482e-01
70, 2.450488e-01, 5.042954e-01
71, 2.491406e-01, 5.719527e-01
72, 2.491406e-01, 5.966752e-01
73, 2.502000e-01, 3.394440e-01
74, 2.502000e-01, 3.488477e-01
75, 2.503947e-01, 3.110704e-01
76, 2.507313e-01, 7.558729e-01
77, 2.507313e-01, 7.619673e-01
78, 2.507405e-01, 5.326197e-01
79, 2.507405e-01, 5.069363e-01
80, 2.511461e-01, 7.946774e-01
81, 2.515836e-01, 5.695097e-01
82, 2.515875e-01, 2.376075e-01
83, 2.517699e-01, 8.279062e-01
84, 2.532068e-01, 2.750352e-01
85, 2.536588e-01, 3.078063e-01
86, 2.578394e-01, 5.036425e-01
87, 2.646918e-01, 4.359999e-01
88, 2.646918e-01, 4.059845e-01
89, 2.648114e-01, 7.314840e-01
90, 2.648422e-01, 2.146482e-01
91, 2.671896e-01, 4.034867e-01
92, 2.675517e-01, 6.659631e-01
93, 2.678053e-01, 2.132730e-01
94, 2.701423e-01, 6.331376e-01
95, 2.701423e-01, 6.290992e-01
96, 2.703599e-01, 2.100338e-01
97, 2.705775e-01, 6.629373e-01
98, 2.706585e-01, 4.419666e-01
99, 2.717402e-01, 4.795888e-01
100, 2.816536e-01, 8.288401e-01
101, 2.834539e-01, 5.036425e-01
102, 2.834539e-01, 5.334628e-01
103, 2.835065e-01, 6.012594e-01
104, 2.835065e-01, 6.059502e-01
105, 2.837100e-01, 5.003010e-01
106, 2.846906e-01, 2.471409e-01
107, 2.846906e-01, 2.754873e-01
108, 2.850420e-01, 2.431299e-01
109, 2.852254e-01, 8.252683e-01
110, 2.852254e-01, 7.953012e-01
111, 2.852436e-01, 3.078063e-01
112, 2.859383e-01, 5.981760e-01
113, 2.871845e-01, 5.371934e-01
114, 2.877813e-01, 7.927453e-01
115, 2.877813e-01, 7.660646e-01
116, 2.989729e-01, 2.100338e-01
117, 2.989729e-01, 2.189994e-01
118, 2.997719e-01, 4.034867e-01
119, 3.007110e-01, 4.419666e-01
120, 3.009804e-01, 6.629373e-01
121, 3.015206e-01, 3.674738e-01
122, 3.021189e-01, 2.060448e-01
123, 3.038043e-01, 4.075190e-01
124, 3.038043e-01, 4.388733e-01
125, 3.148540e-01, 5.682634e-01
126, 3.148540e-01, 5.371934e-01
127, 3.150674e-01, 5.981760e-01
128, 3.161399e-01, 7.660646e-01
129, 3.165758e-01, 3.086547e-01
130, 3.171391e-01, 8.252683e-01
131, 3.172091e-01, 2.760403e-01
132, 3.172863e-01, 6.009895e-01
133, 3.172863e-01, 6.047895e-01
134, 3.183346e-01, 7.632818e-01
135, 3.183346e-01, 7.592391e-01
136, 3.190616e-01, 4.992579e-01
137, 3.194924e-01, 8.276217e-01
138, 3.206637e-01, 5.313837e-01
139, 3.250488e-01, 2.444550e-01
140, 3.326230e-01, 6.313551e-01
141, 3.326230e-01, 6.348547e-01
142, 3.337600e-01, 4.388733e-01
143, 3.342873e-01, 7.316066e-01
144, 3.343413e-01, 3.709462e-01
145, 3.343413e-01, 3.742382e-01
146, 3.350879e-01, 6.379802e-01
147, 3.350879e-01, 6.634964e-01
148, 3.357287e-01, 1.818201e-01
149, 3.357287e-01, 2.060448e-01
150, 3.359288e-01, 6.947385e-01
151, 3.361854e-01, 4.364479e-01
152, 3.361854e-01, 4.075190e-01
153, 3.364888e-01, 3.769612e-01
154, 3.379430e-01, 2.221202e-01
155, 3.379430e-01, 2.088526e-01
156, 3.387069e-01, 7.265090e-01
157, 3.387069e-01, 6.975165e-01
158, 3.487293e-01, 2.408037e-01
159, 3.492883e-01, 5.053493e-01
160, 3.492883e-01, 4.966055e-01
161, 3.496217e-01, 2.756575e-01
162, 3.506064e-01, 7.584907e-01
163, 3.508737e-01, 3.080214e-01
164, 3.517585e-01, 8.276217e-01
165, 3.522289e-01, 7.937445e-01
166, 3.528514e-01, 5.684768e-01
167, 3.529055e-01, 5.313837e-01
168, 3.529055e-01, 5.099357e-01
169, 3.533766e-01, 3.055185e-01
170, 3.533766e-01, 2.794123e-01
171, 3.565794e-01, 5.350577e-01
172, 3.565794e-01, 5.647488e-01
173, 3.582533e-01, 3.435057e-01
174, 3.647938e-01, 4.697752e-01
175, 3.655527e-01, 6.975165e-01
176, 3.668468e-01, 6.379802e-01
177, 3.671751e-01, 2.088526e-01
178, 3.673640e-01, 3.592870e-01
179, 3.675004e-01, 1.810551e-01
180, 3.684840e-01, 7.004478e-01
181, 3.685100e-01, 4.680509e-01
182, 3.696776e-01, 6.343909e-01
183, 3.696776e-01, 6.302885e-01
184, 3.701949e-01, 1.783607e-01
185, 3.764748e-01, 3.435057e-01
186, 3.831293e-01, 5.350577e-01
187, 3.831293e-01, 5.647488e-01
188, 3.833458e-01, 2.794123e-01
189, 3.833458e-01, 3.055185e-01
190, 3.834772e-01, 5.099357e-01
191, 3.836662e-01, 7.653390e-01
192, 3.836662e-01, 7.578883e-01
193, 3.838402e-01, 4.935918e-01
194, 3.851812e-01, 3.394649e-01
195, 3.856950e-01, 8.267622e-01
196, 3.857089e-01, 5.992230e-01
197, 3.857089e-01, 6.025196e-01
198, 3.863081e-01, 5.679275e-01
199, 3.864772e-01, 2.762809e-01
200, 3.864772e-01, 2.455866e-01
201, 3.868197e-01, 2.418102e-01
202, 3.883384e-01, 3.105112e-01
203, 3.883384e-01, 3.354616e-01
204, 3.983917e-01, 4.684122e-01
205, 4.004240e-01, 1.783607e-01
206, 4.013072e-01, 3.784485e-01
207, 4.013072e-01, 4.056886e-01
208, 4.016396e-01, 6.343909e-01
209, 4.016396e-01, 6.301142e-01
210, 4.020136e-01, 4.379479e-01
211, 4.020136e-01, 4.667317e-01
212, 4.047411e-01, 3.740943e-01
213, 4.122766e-01, 4.714937e-01
214, 4.158274e-01, 3.105112e-01
215, 4.158274e-01, 3.354616e-01
216, 4.168180e-01, 6.038227e-01
217, 4.168180e-01, 5.984633e-01
218, 4.180296e-01, 8.265200e-01
219, 4.180547e-01, 2.451523e-01
220, 4.184966e-01, 2.413242e-01
221, 4.193793e-01, 5.094755e-01
222, 4.193793e-01, 5.347098e-01
223, 4.194996e-01, 5.679275e-01
224, 4.196369e-01, 3.067017e-01
225, 4.200655e-01, 3.468014e-01
226, 4.200655e-01, 3.408355e-01
227, 4.200666e-01, 5.943441e-01
228, 4.208227e-01, 7.575197e-01
229, 4.220048e-01, 5.061464e-01
230, 4.220048e-01, 4.883271e-01
231, 4.317330e-01, 4.714937e-01
232, 4.327018e-01, 6.647894e-01
233, 4.327018e-01, 6.985707e-01
234, 4.331528e-01, 4.065646e-01
235, 4.344904e-01, 6.344342e-01
236, 4.353492e-01, 6.621420e-01
237, 4.353691e-01, 1.788946e-01
238, 4.361666e-01, 7.020355e-01
239, 4.376738e-01, 4.020436e-01
240, 4.419888e-01, 6.317512e-01
241, 4.471455e-01, 5.348301e-01
242, 4.471455e-01, 5.061464e-01
243, 4.503907e-01, 3.067017e-01
244, 4.503907e-01, 2.778631e-01
245, 4.515003e-01, 4.972510e-01
246, 4.515003e-01, 5.006246e-01
247, 4.523311e-01, 5.943441e-01
248, 4.523311e-01, 5.684946e-01
249, 4.525480e-01, 7.952386e-01
250, 4.528924e-01, 5.405770e-01
251, 4.530236e-01, 7.633912e-01
252, 4.532273e-01, 2.445920e-01
253, 4.532273e-01, 2.400071e-01
254, 4.534851e-01, 7.569183e-01
255, 4.535056e-01, 3.474077e-01
256, 4.535812e-01, 2.746726e-01
257, 4.545146e-01, 3.108256e-01
258, 4.545358e-01, 5.971396e-01
259, 4.545358e-01, 6.100179e-01
260, 4.658586e-01, 4.020436e-01
261, 4.658586e-01, 3.749987e-01
262, 4.669271e-01, 4.705568e-01
263, 4.670827e-01, 6.317512e-01
264, 4.677812e-01, 4.395382e-01
265, 4.678532e-01, 7.020355e-01
266, 4.679230e-01, 3.723810e-01
267, 4.691024e-01, 1.790622e-01
268, 4.698844e-01, 6.346386e-01
269, 4.698844e-01, 6.621420e-01
270, 4.712132e-01, 3.708539e-01
271, 4.714019e-01, 4.359175e-01
272, 4.714019e-01, 4.075870e-01
273, 4.726175e-01, 6.648751e-01
274, 4.726175e-01, 6.972712e-01
275, 4.836330e-01, 3.108256e-01
276, 4.839448e-01, 2.746726e-01
277, 4.840226e-01, 5.405770e-01
278, 4.840226e-01, 5.679333e-01
279, 4.841650e-01, 5.971396e-01
280, 4.844305e-01, 8.278656e-01
281, 4.849639e-01, 3.470354e-01
282, 4.852940e-01, 7.564284e-01
283, 4.853394e-01, 5.006246e-01
284, 4.863230e-01, 6.002410e-01
285, 4.865197e-01, 2.720978e-01
286, 4.865197e-01, 2.484379e-01
287, 4.890637e-01, 5.023526e-01
288, 4.919969e-01, 5.326027e-01
289, 4.919969e-01, 5.060719e-01
290, 4.987147e-01, 3.708539e-01
291, 5.011024e-01, 6.346386e-01
292, 5.018229e-01, 6.270894e-01
293, 5.020824e-01, 6.972712e-01
294, 5.031960e-01, 4.075870e-01
295, 5.034488e-01, 4.774610e-01
296, 5.034488e-01, 4.701305e-01
297, 5.038622e-01, 4.359175e-01
298, 5.061666e-01, 4.666843e-01
299, 5.061666e-01, 4.382220e-01
300, 5.155878e-01, 5.326027e-01
301, 5.155878e-01, 5.060719e-01
302, 5.168108e-01, 7.959089e-01
303, 5.168688e-01, 2.720978e-01
304, 5.173254e-01, 5.998759e-01
305, 5.185372e-01, 2.340871e-01
306, 5.188804e-01, 5.358953e-01
307, 5.198276e-01, 7.928921e-01
308, 5.206789e-01, 5.956238e-01
309, 5.214359e-01, 3.105137e-01
310, 5.214359e-01, 3.379338e-01
311, 5.222156e-01, 2.774446e-01
312, 5.319922e-01, 2.107807e-01
313, 5.331863e-01, 4.382220e-01
314, 5.331863e-01, 4.082532e-01
315, 5.336615e-01, 7.276854e-01
316, 5.336615e-01, 6.981824e-01
317, 5.338212e-01, 7.336091e-01
318, 5.344925e-01, 6.658551e-01
319, 5.353574e-01, 4.751299e-01
320, 5.357707e-01, 1.814228e-01
321, 5.374465e-01, 4.039929e-01
322, 5.382384e-01, 6.621092e-01
323, 5.383910e-01, 1.788025e-01
324, 5.501044e-01, 7.618353e-01
325, 5.514576e-01, 2.774446e-01
326, 5.518023e-01, 5.956238e-01
327, 5.526281e-01, 3.379338e-01
328, 5.529570e-01, 5.358953e-01
329, 5.531418e-01, 3.490347e-01
330, 5.536372e-01, 8.291539e-01
331, 5.549579e-01, 2.401909e-01
332, 5.550671e-01, 5.997634e-01
333, 5.550671e-01, 6.039172e-01
334, 5.555120e-01, 7.686921e-01
335, 5.557208e-01, 2.731814e-01
336, 5.669047e-01, 1.788025e-01
337, 5.684680e-01, 2.167892e-01
338, 5.685356e-01, 6.272468e-01
339, 5.692586e-01, 4.754740e-01
340, 5.769639e-01, 7.299684e-01
341, 5.841905e-01, 2.472897e-01
342, 5.841905e-01, 2.440230e-01
343, 5.842890e-01, 5.365674e-01
344, 5.842890e-01, 5.680474e-01
345, 5.844022e-01, 5.997634e-01
346, 5.844309e-01, 2.731814e-01
347, 5.863857e-01, 3.435382e-01
348, 5.864474e-01, 7.686921e-01
349, 5.866836e-01, 5.970659e-01
350, 5.866836e-01, 5.704419e-01
351, 5.878686e-01, 3.109046e-01
352, 5.884311e-01, 2.771816e-01
353, 5.884918e-01, 5.323646e-01
354, 5.892158e-01, 7.651818e-01
355, 5.892158e-01, 7.511908e-01
356, 6.005417e-01, 4.672751e-01
357, 6.005417e-01, 4.404441e-01
358, 6.020533e-01, 6.637036e-01
359, 6.028234e-01, 4.701682e-01
360, 6.028234e-01, 4.767742e-01
361, 6.031209e-01, 6.996135e-01
362, 6.045741e-01, 1.793213e-01
363, 6.047455e-01, 4.051922e-01
364, 6.047455e-01, 4.362402e-01
365, 6.059642e-01, 6.676146e-01
366, 6.059642e-01, 6.967701e-01
367, 6.154715e-01, 3.103421e-01
368, 6.154715e-01, 3.367049e-01
369, 6.166946e-01, 7.651818e-01
370, 6.166946e-01, 7.925853e-01
371, 6.179037e-01, 5.704419e-01
372, 6.179037e-01, 5.970659e-01
373, 6.192264e-01, 3.065872e-01
374, 6.192264e-01, 2.771816e-01
375, 6.196290e-01, 3.461212e-01
376, 6.196290e-01, 3.419765e-01
377, 6.205617e-01, 7.964524e-01
378, 6.205918e-01, 6.004743e-01
379, 6.205918e-01, 6.051493e-01
380, 6.213217e-01, 5.670240e-01
381, 6.333578e-01, 7.407453e-01
382, 6.333578e-01, 7.289441e-01
383, 6.333888e-01, 6.273159e-01
384, 6.333888e-01, 6.305818e-01
385, 6.357332e-01, 6.676146e-01
386, 6.357332e-01, 6.967701e-01
387, 6.363107e-01, 4.049265e-01
388, 6.365584e-01, 2.180819e-01
389, 6.365584e-01, 2.089974e-01
390, 6.366304e-01, 7.247945e-01
391, 6.368393e-01, 4.362402e-01
392, 6.372801e-01, 1.791972e-01
393, 6.403009e-01, 6.393461e-01
394, 6.403009e-01, 6.630469e-01
395, 6.405018e-01, 4.399028e-01
396, 6.405018e-01, 4.648196e-01
397, 6.440436e-01, 7.592549e-01
398, 6.488848e-01, 6.004743e-01
399, 6.498046e-01, 2.410265e-01
400, 6.498046e-01, 2.456349e-01
401, 6.525883e-01, 5.346452e-01
402, 6.527215e-01, 3.065872e-01
403, 6.528293e-01, 3.419765e-01
404, 6.529375e-01, 3.474437e-01
405, 6.537947e-01, 2.506943e-01
406, 6.549943e-01, 5.670240e-01
407, 6.551355e-01, 5.371924e-01
408, 6.676347e-01, 4.648196e-01
409, 6.676347e-01, 4.399028e-01
410, 6.682505e-01, 3.739683e-01
411, 6.687525e-01, 6.393461e-01
412, 6.701320e-01, 4.679861e-01
413, 6.701320e-01, 4.764984e-01
414, 6.708343e-01, 4.367032e-01
415, 6.719865e-01, 7.328394e-01
416, 6.742160e-01, 6.324185e-01
417, 6.742160e-01, 6.281324e-01
418, 6.768214e-01, 2.107912e-01
419, 6.835596e-01, 3.495178e-01
420, 6.835596e-01, 3.421137e-01
421, 6.850652e-01, 7.554938e-01
422, 6.856997e-01, 2.506943e-01
423, 6.856997e-01, 2.752762e-01
424, 6.857474e-01, 7.942338e-01
425, 6.861311e-01, 6.074934e-01
426, 6.862051e-01, 3.066951e-01
427, 6.897391e-01, 3.342783e-01
428, 6.897391e-01, 3.102290e-01
429, 6.905306e-01, 2.345379e-01
430, 6.905306e-01, 2.445688e-01
431, 6.978811e-01, 3.743249e-01
432, 7.005207e-01, 6.324185e-01
433, 7.008556e-01, 2.166533e-01
434, 7.012960e-01, 7.260802e-01
435, 7.012960e-01, 6.987965e-01
436, 7.024226e-01, 4.071609e-01
437, 7.024226e-01, 3.764327e-01
438, 7.028111e-01, 1.800806e-01
439, 7.028318e-01, 4.367032e-01
440, 7.028841e-01, 6.346644e-01
441, 7.042827e-01, 6.958098e-01
442, 7.047255e-01, 4.748400e-01
443, 7.047255e-01, 4.679861e-01
444, 7.052626e-01, 4.391339e-01
445, 7.057174e-01, 7.284804e-01
446, 7.086859e-01, 3.735257e-01
447, 7.169716e-01, 2.445688e-01
448, 7.180429e-01, 8.257828e-01
449, 7.194829e-01, 3.342783e-01
450, 7.198410e-01, 5.689220e-01
451, 7.200675e-01, 7.673054e-01
452, 7.204837e-01, 8.282236e-01
453, 7.207745e-01, 2.757816e-01
454, 7.221424e-01, 5.666206e-01
455, 7.225330e-01, 7.576076e-01
456, 7.225330e-01, 7.641792e-01
457, 7.227631e-01, 3.384375e-01
458, 7.227631e-01, 3.491418e-01
459, 7.335919e-01, 4.075702e-01
460, 7.335919e-01, 4.391339e-01
461, 7.354332e-01, 6.958098e-01
462, 7.354332e-01, 7.284804e-01
463, 7.361997e-01, 4.744353e-01
464, 7.362464e-01, 6.655364e-01
465, 7.372471e-01, 4.427891e-01
466, 7.376938e-01, 7.313467e-01
467, 7.378947e-01, 4.032673e-01
468, 7.380810e-01, 6.346644e-01
469, 7.380810e-01, 6.300869e-01
470, 7.385939e-01, 6.631889e-01
471, 7.392731e-01, 1.799111e-01
472, 7.393330e-01, 2.083118e-01
473, 7.396645e-01, 2.153297e-01
474, 7.497850e-01, 5.666206e-01
475, 7.527103e-01, 2.759332e-01
476, 7.527103e-01, 3.087858e-01
477, 7.527912e-01, 2.457055e-01
478, 7.528744e-01, 7.568757e-01
479, 7.532799e-01, 2.389138e-01
480, 7.534218e-01, 3.384375e-01
481, 7.534218e-01, 3.472372e-01
482, 7.539531e-01, 6.025939e-01
483, 7.540202e-01, 7.914590e-01
484, 7.556601e-01, 5.724958e-01
485, 7.559530e-01, 8.282236e-01
486, 7.563819e-01, 7.938208e-01
487, 7.575644e-01, 5.015404e-01
488, 7.674508e-01, 7.316272e-01
489, 7.694190e-01, 4.427891e-01
490, 7.694190e-01, 4.659771e-01
491, 7.697901e-01, 6.631889e-01
492, 7.698181e-01, 6.949965e-01
493, 7.720290e-01, 4.692866e-01
494, 7.720290e-01, 4.765112e-01
495, 7.727712e-01, 4.394370e-01
496, 7.740255e-01, 6.992039e-01
497, 7.849656e-01, 5.724958e-01
498, 7.852977e-01, 3.383181e-01
499, 7.852977e-01, 3.095915e-01
500, 7.861413e-01, 7.656320e-01
501, 7.862329e-01, 5.015404e-01
502, 7.864304e-01, 6.060914e-01
503, 7.879686e-01, 3.069206e-01
504, 7.885425e-01, 2.450858e-01
505, 7.885425e-01, 2.412437e-01
506, 7.890281e-01, 5.050846e-01
507, 7.890386e-01, 7.619583e-01
508, 7.890386e-01, 7.582639e-01
509, 7.890667e-01, 3.430972e-01
510, 7.911385e-01, 5.663229e-01
511, 8.013536e-01, 7.272277e-01
512, 8.017043e-01, 6.335254e-01
513, 8.019437e-01, 1.785770e-01
514, 8.019785e-01, 4.738437e-01
515, 8.019785e-01, 4.692866e-01
516, 8.046630e-01, 4.658827e-01
517, 8.046900e-01, 6.318779e-01
518, 8.183244e-01, 3.480446e-01
519, 8.183244e-01, 3.433320e-01
520, 8.183463e-01, 2.412741e-01
521, 8.183542e-01, 3.069206e-01
522, 8.200092e-01, 5.050846e-01
523, 8.202627e-01, 6.049034e-01
524, 8.202627e-01, 5.981348e-01
525, 8.204764e-01, 7.957141e-01
526, 8.204764e-01, 8.259906e-01
527, 8.228310e-01, 3.113974e-01
528, 8.228310e-01, 3.376177e-01
529, 8.232193e-01, 8.287334e-01
530, 8.282566e-01, 5.012468e-01
531, 8.331790e-01, 3.737752e-01
532, 8.333331e-01, 7.302786e-01
533, 8.333331e-01, 7.434298e-01
534, 8.348546e-01, 2.126790e-01
535, 8.361437e-01, 4.658827e-01
536, 8.361609e-01, 1.780296e-01
537, 8.365305e-01, 3.753307e-01
538, 8.393797e-01, 4.699859e-01
539, 8.393797e-01, 4.819999e-01
540, 8.394666e-01, 7.225014e-01
541, 8.406340e-01, 1.825027e-01
542, 8.435708e-01, 7.611631e-01
543, 2.698811e-01, 1.795023e-01
544, 3.011994e-01, 1.809006e-01
545, 5.018825e-01, 1.805177e-01
546, 6.693521e-01, 1.795284e-01
547, 7.693148e-01, 1.792740e-01
548, 1.678044e-01, 2.100987e-01
549, 2.007714e-01, 2.098735e-01
550, 2.336500e-01, 2.117957e-01
551, 4.023383e-01, 2.120655e-01
552, 4.682580e-01, 2.128288e-01
553, 5.679458e-01, 2.104475e-01
554, 6.037411e-01, 2.100536e-01
555, 7.018334e-01, 2.095515e-01
556, 8.030626e-01, 2.135898e-01
557, 8.399235e-01, 2.097553e-01
558, 4.363148e-01, 2.116126e-01
559, 5.039349e-01, 2.102413e-01
560, 4.838405e-01, 2.438072e-01
561, 5.365875e-01, 2.094062e-01
562, 6.693640e-01, 2.078316e-01
563, 7.700898e-01, 2.101415e-01
564, 1.819542e-01, 2.437564e-01
565, 2.523971e-01, 2.461143e-01
566, 3.162771e-01, 2.473056e-01
567, 3.491755e-01, 2.450208e-01
568, 5.177030e-01, 2.473802e-01
569, 5.553394e-01, 2.468061e-01
570, 6.208313e-01, 2.462023e-01
571, 7.214513e-01, 2.460196e-01
572, 8.193139e-01, 2.470374e-01
573, 4.188458e-01, 2.770720e-01
574, 6.532581e-01, 2.758128e-01
575, 7.885413e-01, 2.752796e-01
576, 8.193179e-01, 2.737433e-01
577, 2.173179e-01, 3.099797e-01
578, 5.520429e-01, 3.103193e-01
579, 7.202045e-01, 3.095074e-01
580, 1.831836e-01, 3.382615e-01
581, 2.192733e-01, 3.383476e-01
582, 2.857927e-01, 3.397138e-01
583, 3.513811e-01, 3.399083e-01
584, 3.167522e-01, 3.398011e-01
585, 4.540101e-01, 3.401958e-01
586, 4.842985e-01, 3.403999e-01
587, 5.188255e-01, 3.423432e-01
588, 5.871271e-01, 3.376451e-01
589, 1.986868e-01, 3.755699e-01
590, 2.660489e-01, 3.753900e-01
591, 3.006463e-01, 3.753469e-01
592, 3.679505e-01, 3.777048e-01
593, 4.367200e-01, 3.745111e-01
594, 5.026455e-01, 3.731208e-01
595, 5.379244e-01, 3.738487e-01
596, 5.684095e-01, 3.732246e-01
597, 6.041515e-01, 3.736199e-01
598, 6.367947e-01, 3.741930e-01
599, 7.373675e-01, 3.737704e-01
600, 7.697971e-01, 3.744088e-01
601, 8.048766e-01, 3.735270e-01
602, 2.371862e-01, 4.051538e-01
603, 3.677734e-01, 4.064521e-01
604, 5.681421e-01, 4.045926e-01
605, 6.699814e-01, 4.063080e-01
606, 7.717648e-01, 4.042737e-01
607, 8.035357e-01, 4.043714e-01
608, 8.374098e-01, 4.041179e-01
609, 1.693954e-01, 4.399317e-01
610, 3.677599e-01, 4.371979e-01
611, 4.340328e-01, 4.386582e-01
612, 5.695454e-01, 4.396403e-01
613, 8.036450e-01, 4.404549e-01
614, 8.371043e-01, 4.405122e-01
615, 2.711993e-01, 4.663536e-01
616, 3.011991e-01, 4.676583e-01
617, 3.346460e-01, 4.704031e-01
618, 5.345791e-01, 4.676712e-01
619, 5.698039e-01, 4.679666e-01
620, 6.362836e-01, 4.715762e-01
621, 7.367234e-01, 4.666411e-01
622, 4.354931e-01, 4.702875e-01
623, 6.184583e-01, 5.046225e-01
624, 7.203457e-01, 5.030571e-01
625, 2.151644e-01, 4.996141e-01
626, 3.198626e-01, 5.043336e-01
627, 5.189512e-01, 5.024718e-01
628, 5.519470e-01, 5.025569e-01
629, 5.873089e-01, 5.043523e-01
630, 6.865757e-01, 5.043155e-01
631, 6.534058e-01, 5.050909e-01
632, 7.524571e-01, 5.044023e-01
633, 6.201814e-01, 5.335049e-01
634, 6.860352e-01, 5.361493e-01
635, 7.216119e-01, 5.356365e-01
636, 7.508149e-01, 5.351370e-01
637, 7.900833e-01, 5.351623e-01
638, 8.192088e-01, 5.354171e-01
639, 1.837286e-01, 5.687192e-01
640, 2.865614e-01, 5.688866e-01
641, 5.197797e-01, 5.689750e-01
642, 5.527157e-01, 5.689608e-01
643, 6.860117e-01, 5.679024e-01
644, 8.194240e-01, 5.673385e-01
645, 1.839633e-01, 5.976154e-01
646, 2.185856e-01, 5.987172e-01
647, 6.865812e-01, 5.980935e-01
648, 7.202035e-01, 5.986354e-01
649, 7.548066e-01, 5.973598e-01
650, 7.856980e-01, 5.972061e-01
651, 1.686913e-01, 6.329341e-01
652, 2.530336e-01, 6.007784e-01
653, 3.511825e-01, 6.005120e-01
654, 6.560989e-01, 5.981515e-01
655, 2.007923e-01, 6.348852e-01
656, 2.343690e-01, 6.342555e-01
657, 3.002506e-01, 6.342721e-01
658, 5.374486e-01, 6.343462e-01
659, 5.678825e-01, 6.341391e-01
660, 6.033095e-01, 6.322582e-01
661, 7.704957e-01, 6.341564e-01
662, 8.384326e-01, 6.335170e-01
663, 2.022248e-01, 6.642275e-01
664, 3.661998e-01, 6.636903e-01
665, 4.025468e-01, 6.639163e-01
666, 5.015924e-01, 6.653651e-01
667, 5.680265e-01, 6.629064e-01
668, 6.692979e-01, 6.635923e-01
669, 7.035834e-01, 6.648371e-01
670, 8.025975e-01, 6.641101e-01
671, 8.388142e-01, 6.641595e-01
672, 2.335455e-01, 6.960303e-01
673, 2.682566e-01, 6.961053e-01
674, 3.005036e-01, 6.957744e-01
675, 4.024814e-01, 6.995092e-01
676, 5.699547e-01, 6.984824e-01
677, 6.704079e-01, 6.982319e-01
678, 8.024221e-01, 6.981354e-01
679, 8.387185e-01, 6.978150e-01
680, 2.684628e-01, 7.293883e-01
681, 3.676036e-01, 7.276609e-01
682, 4.686054e-01, 7.284709e-01
683, 4.370373e-01, 7.278559e-01
684, 6.714795e-01, 7.254374e-01
685, 7.731870e-01, 7.282909e-01
686, 8.037597e-01, 7.315215e-01
687, 2.030545e-01, 7.282717e-01
688, 3.013908e-01, 7.307720e-01
689, 2.849647e-01, 7.609810e-01
690, 4.020974e-01, 7.255329e-01
691, 5.015888e-01, 7.290281e-01
692, 5.191252e-01, 7.600048e-01
693, 5.703883e-01, 7.275640e-01
694, 6.021344e-01, 7.296590e-01
695, 1.830946e-01, 7.642788e-01
696, 3.514177e-01, 7.643104e-01
697, 4.200247e-01, 7.644029e-01
698, 4.845600e-01, 7.618753e-01
699, 6.216443e-01, 7.597318e-01
700, 6.546805e-01, 7.646951e-01
701, 6.857813e-01, 7.663973e-01
702, 7.534473e-01, 7.649056e-01
703, 8.218545e-01, 7.615607e-01
704, 2.170857e-01, 7.940626e-01
705, 3.166395e-01, 7.932449e-01
706, 3.848315e-01, 7.952392e-01
707, 4.186737e-01, 7.957917e-01
708, 4.843990e-01, 7.953359e-01
709, 5.548337e-01, 7.922137e-01
710, 5.869724e-01, 7.920603e-01
711, 6.541974e-01, 7.953431e-01
712, 7.190552e-01, 7.924713e-01
713, 7.870879e-01, 7.947675e-01
714, 1.846203e-01, 8.280626e-01
715, 4.532663e-01, 8.271473e-01
716, 5.177257e-01, 8.282390e-01
717, 5.869834e-01, 8.281218e-01
718, 6.195916e-01, 8.266376e-01
719, 6.536736e-01, 8.262530e-01
720, 6.852196e-01, 8.263107e-01
721, 7.871325e-01, 8.268927e-01
722, 1.687158e-01, 1.500000e-01
723, 2.008149e-01, 1.500000e-01
724, 2.333224e-01, 1.500000e-01
725, 2.694325e-01, 1.500000e-01
726, 3.003353e-01, 1.500000e-01
727, 3.357777e-01, 1.500000e-01
728, 3.693950e-01, 1.500000e-01
729, 4.011693e-01, 1.500000e-01
730, 4.348464e-01, 1.500000e-01
731, 4.688704e-01, 1.500000e-01
732, 5.010722e-01, 1.500000e-01
733, 5.377244e-01, 1.500000e-01
734, 5.669047e-01, 1.500000e-01
735, 6.046876e-01, 1.500000e-01
736, 7.025036e-01, 1.500000e-01
737, 7.392731e-01, 1.500000e-01
738, 7.694753e-01, 1.500000e-01
739, 8.032084e-01, 1.500000e-01
740, 8.361609e-01, 1.500000e-01
741, 1.500000e-01, 1.799081e-01
742, 8.500000e-01, 1.825027e-01
743, 1.500000e-01, 2.106775e-01
744, 8.500000e-01, 2.094552e-01
745, 1.500000e-01, 2.412562e-01
746, 8.500000e-01, 2.287167e-01
747, 8.500000e-01, 2.481174e-01
748, 8.500000e-01, 2.728959e-01
749, 1.500000e-01, 3.120279e-01
750, 8.500000e-01, 3.113974e-01
751, 8.500000e-01, 3.390325e-01
752, 1.500000e-01, 3.378030e-01
753, 8.500000e-01, 3.509935e-01
754, 1.500000e-01, 3.794129e-01
755, 8.500000e-01, 3.754401e-01
756, 1.500000e-01, 4.017529e-01
757, 8.500000e-01, 4.046132e-01
758, 1.500000e-01, 4.400248e-01
759, 8.500000e-01, 4.399294e-01
760, 1.500000e-01, 4.696044e-01
761, 8.500000e-01, 4.697040e-01
762, 8.500000e-01, 5.003770e-01
763, 1.500000e-01, 5.209495e-01
764, 8.500000e-01, 5.012468e-01
765, 1.500000e-01, 5.342455e-01
766, 8.500000e-01, 5.346834e-01
767, 1.500000e-01, 5.686314e-01
768, 1.500000e-01, 5.745194e-01
769, 8.500000e-01, 5.677921e-01
770, 8.500000e-01, 5.979229e-01
771, 8.500000e-01, 6.134059e-01
772, 1.500000e-01, 6.370720e-01
773, 8.500000e-01, 6.336582e-01
774, 1.500000e-01, 6.628137e-01
775, 8.500000e-01, 6.638514e-01
776, 1.500000e-01, 6.960402e-01
777, 8.500000e-01, 6.980716e-01
778, 1.500000e-01, 7.299143e-01
779, 8.500000e-01, 7.225014e-01
780, 1.500000e-01, 7.821011e-01
781, 8.500000e-01, 7.641471e-01
782, 1.500000e-01, 7.914160e-01
783, 8.500000e-01, 7.951958e-01
784, 1.508564e-01, 8.500000e-01
785, 1.851859e-01, 8.500000e-01
786, 2.167184e-01, 8.500000e-01
787, 2.525596e-01, 8.500000e-01
788, 2.816536e-01, 8.500000e-01
789, 3.194924e-01, 8.500000e-01
790, 3.514730e-01, 8.500000e-01
791, 3.851746e-01, 8.500000e-01
792, 4.180296e-01, 8.500000e-01
793, 4.535533e-01, 8.500000e-01
794, 4.848663e-01, 8.500000e-01
795, 5.185158e-01, 8.500000e-01
796, 5.536372e-01, 8.500000e-01
797, 5.858348e-01, 8.500000e-01
798, 6.194993e-01, 8.500000e-01
799, 6.541783e-01, 8.500000e-01
800, 6.847647e-01, 8.500000e-01
801, 7.201484e-01, 8.500000e-01
802, 7.559530e-01, 8.500000e-01
803, 7.880087e-01, 8.500000e-01
804, 8.500000e-01, 8.292262e-01
805, 8.232193e-01, 8.500000e-01
806, 6.372053e-01, 1.502957e-01
807, 6.690956e-01, 1.502957e-01
808, 1.508279e-01, 2.436268e-01
809, 1.503471e-01, 2.741836e-01
810, 1.503397e-01, 4.951151e-01
811, 1.500744e-01, 5.077341e-01
812, 1.502785e-01, 5.964458e-01
813, 1.503160e-01, 6.007368e-01
814, 1.501901e-01, 7.641112e-01
815, 1.506873e-01, 8.279817e-01
