1, 1.519668e-01, 2.558241e-01
2, 1.522965e-01, 4.957489e-01
3, 1.525282e-01, 6.468651e-01
4, 1.543201e-01, 5.255857e-01
5, 1.570294e-01, 3.185419e-01
6, 1.572420e-01, 6.788981e-01
7, 1.579149e-01, 6.819603e-01
8, 1.580261e-01, 4.393397e-01
9, 1.584178e-01, 5.552624e-01
10, 1.610199e-01, 6.500089e-01
11, 1.612591e-01, 7.709368e-01
12, 1.616466e-01, 7.957671e-01
13, 1.617809e-01, 2.810914e-01
14, 1.622197e-01, 3.165999e-01
15, 1.622500e-01, 4.368622e-01
16, 1.623084e-01, 5.533183e-01
17, 1.629718e-01, 7.645216e-01
18, 1.634129e-01, 7.682887e-01
19, 1.643207e-01, 6.708290e-01
20, 1.653653e-01, 3.137125e-01
21, 1.654943e-01, 5.555544e-01
22, 1.658454e-01, 6.455755e-01
23, 1.662821e-01, 4.385092e-01
24, 1.667307e-01, 6.194196e-01
25, 1.669831e-01, 1.701122e-01
26, 1.696122e-01, 2.243529e-01
27, 1.725291e-01, 8.275930e-01
28, 1.729377e-01, 4.976051e-01
29, 1.734830e-01, 5.846515e-01
30, 1.753895e-01, 3.840479e-01
31, 1.755112e-01, 3.776094e-01
32, 1.761556e-01, 7.060707e-01
33, 1.762256e-01, 8.211772e-01
34, 1.765663e-01, 3.477911e-01
35, 1.768476e-01, 4.961116e-01
36, 1.770859e-01, 2.539060e-01
37, 1.776955e-01, 5.866471e-01
38, 1.778369e-01, 7.354881e-01
39, 1.782646e-01, 3.746778e-01
40, 1.785023e-01, 4.656243e-01
41, 1.790747e-01, 7.403284e-01
42, 1.793340e-01, 2.269582e-01
43, 1.795245e-01, 3.514667e-01
44, 1.798017e-01, 2.620042e-01
45, 1.800203e-01, 7.319719e-01
46, 1.800814e-01, 6.139036e-01
47, 1.801146e-01, 2.573208e-01
48, 1.810503e-01, 4.988181e-01
49, 1.812222e-01, 7.116865e-01
50, 1.840668e-01, 5.832623e-01
51, 1.876406e-01, 2.022730e-01
52, 1.881337e-01, 6.415802e-01
53, 1.883580e-01, 5.257234e-01
54, 1.905234e-01, 5.581073e-01
55, 1.912294e-01, 1.587112e-01
56, 1.913358e-01, 1.664539e-01
57, 1.914243e-01, 3.228717e-01
58, 1.918408e-01, 2.841740e-01
59, 1.922566e-01, 6.432855e-01
60, 1.933334e-01, 7.927940e-01
61, 1.934242e-01, 1.998544e-01
62, 1.935069e-01, 4.316791e-01
63, 1.941921e-01, 7.661990e-01
64, 1.943563e-01, 7.618564e-01
65, 1.944629e-01, 2.854026e-01
66, 1.959953e-01, 4.340035e-01
67, 1.961343e-01, 2.877872e-01
68, 1.961635e-01, 6.800982e-01
69, 1.963097e-01, 6.494167e-01
70, 1.963936e-01, 5.287990e-01
71, 1.965075e-01, 7.980232e-01
72, 1.978967e-01, 5.546638e-01
73, 1.984949e-01, 1.937859e-01
74, 1.987624e-01, 5.273262e-01
75, 1.989884e-01, 4.029580e-01
76, 2.002072e-01, 7.997348e-01
77, 2.011427e-01, 5.564068e-01
78, 2.018789e-01, 5.837371e-01
79, 2.039358e-01, 3.809253e-01
80, 2.049433e-01, 5.004713e-01
81, 2.058020e-01, 2.303246e-01
82, 2.072347e-01, 4.682192e-01
83, 2.082197e-01, 6.147778e-01
84, 2.097846e-01, 8.296749e-01
85, 2.100996e-01, 8.251835e-01
86, 2.104124e-01, 4.577626e-01
87, 2.106628e-01, 3.484607e-01
88, 2.106877e-01, 3.430921e-01
89, 2.110004e-01, 2.238441e-01
90, 2.112887e-01, 3.773061e-01
91, 2.114906e-01, 8.327155e-01
92, 2.121715e-01, 7.096980e-01
93, 2.124277e-01, 7.390217e-01
94, 2.126569e-01, 4.966316e-01
95, 2.130797e-01, 4.749346e-01
96, 2.133210e-01, 3.517138e-01
97, 2.146436e-01, 2.594256e-01
98, 2.190216e-01, 1.611333e-01
99, 2.202835e-01, 5.594998e-01
100, 2.211408e-01, 6.735777e-01
101, 2.217984e-01, 4.310772e-01
102, 2.227487e-01, 2.868413e-01
103, 2.229007e-01, 6.519914e-01
104, 2.243373e-01, 5.581987e-01
105, 2.247145e-01, 7.704158e-01
106, 2.247387e-01, 4.064910e-01
107, 2.247786e-01, 6.451198e-01
108, 2.252028e-01, 6.494853e-01
109, 2.257760e-01, 7.945856e-01
110, 2.260903e-01, 4.466043e-01
111, 2.268455e-01, 4.044957e-01
112, 2.270264e-01, 4.369138e-01
113, 2.272241e-01, 2.891754e-01
114, 2.281912e-01, 1.662349e-01
115, 2.286883e-01, 7.975628e-01
116, 2.287316e-01, 8.033242e-01
117, 2.295768e-01, 5.525441e-01
118, 2.306298e-01, 2.005229e-01
119, 2.306550e-01, 4.032314e-01
120, 2.312408e-01, 1.652617e-01
121, 2.327720e-01, 2.866725e-01
122, 2.339238e-01, 2.553662e-01
123, 2.364951e-01, 2.260447e-01
124, 2.370535e-01, 3.794017e-01
125, 2.372809e-01, 2.216668e-01
126, 2.396317e-01, 7.407143e-01
127, 2.397990e-01, 4.687298e-01
128, 2.398825e-01, 2.517113e-01
129, 2.405022e-01, 7.440324e-01
130, 2.405661e-01, 2.316381e-01
131, 2.407362e-01, 7.092097e-01
132, 2.408342e-01, 5.001548e-01
133, 2.409791e-01, 5.037448e-01
134, 2.409905e-01, 3.509507e-01
135, 2.425775e-01, 7.358701e-01
136, 2.431547e-01, 6.161886e-01
137, 2.433181e-01, 7.077805e-01
138, 2.434370e-01, 6.201266e-01
139, 2.442902e-01, 3.749698e-01
140, 2.448026e-01, 3.456905e-01
141, 2.454628e-01, 6.127657e-01
142, 2.457275e-01, 4.943378e-01
143, 2.475328e-01, 8.233884e-01
144, 2.476214e-01, 3.766866e-01
145, 2.490933e-01, 2.581886e-01
146, 2.531195e-01, 2.848318e-01
147, 2.535395e-01, 4.074902e-01
148, 2.537172e-01, 3.165521e-01
149, 2.549031e-01, 6.777313e-01
150, 2.559704e-01, 6.833952e-01
151, 2.564632e-01, 4.092814e-01
152, 2.567425e-01, 7.955589e-01
153, 2.567670e-01, 6.517913e-01
154, 2.571074e-01, 5.547444e-01
155, 2.573374e-01, 5.583058e-01
156, 2.573820e-01, 6.731067e-01
157, 2.575696e-01, 6.449306e-01
158, 2.579330e-01, 7.614725e-01
159, 2.585559e-01, 3.138633e-01
160, 2.598574e-01, 5.271662e-01
161, 2.610372e-01, 1.931312e-01
162, 2.610723e-01, 2.006085e-01
163, 2.630484e-01, 7.975794e-01
164, 2.699464e-01, 4.957256e-01
165, 2.715590e-01, 2.255500e-01
166, 2.719865e-01, 3.772741e-01
167, 2.722501e-01, 4.932010e-01
168, 2.724643e-01, 5.797859e-01
169, 2.724758e-01, 4.671459e-01
170, 2.727311e-01, 5.838714e-01
171, 2.728641e-01, 4.639819e-01
172, 2.735521e-01, 7.334407e-01
173, 2.736689e-01, 2.551862e-01
174, 2.738826e-01, 7.090519e-01
175, 2.744706e-01, 7.012527e-01
176, 2.747629e-01, 6.141609e-01
177, 2.748602e-01, 2.273111e-01
178, 2.752212e-01, 2.528637e-01
179, 2.752474e-01, 2.637438e-01
180, 2.765749e-01, 6.219755e-01
181, 2.765771e-01, 7.378789e-01
182, 2.766787e-01, 6.166887e-01
183, 2.767921e-01, 3.431556e-01
184, 2.770939e-01, 5.888199e-01
185, 2.774165e-01, 8.324965e-01
186, 2.778583e-01, 2.261865e-01
187, 2.817440e-01, 7.401937e-01
188, 2.857657e-01, 1.607637e-01
189, 2.857824e-01, 4.044594e-01
190, 2.859424e-01, 3.168290e-01
191, 2.875143e-01, 1.926705e-01
192, 2.878832e-01, 7.683853e-01
193, 2.887113e-01, 6.512090e-01
194, 2.891250e-01, 2.032455e-01
195, 2.892797e-01, 4.062177e-01
196, 2.893675e-01, 6.826827e-01
197, 2.900773e-01, 4.364350e-01
198, 2.901517e-01, 4.409104e-01
199, 2.904099e-01, 2.791020e-01
200, 2.906388e-01, 3.140749e-01
201, 2.909454e-01, 1.629913e-01
202, 2.913692e-01, 5.538488e-01
203, 2.917972e-01, 5.570300e-01
204, 2.919791e-01, 4.342555e-01
205, 2.922321e-01, 1.885761e-01
206, 2.939337e-01, 3.156298e-01
207, 2.939615e-01, 6.756657e-01
208, 2.949546e-01, 4.036418e-01
209, 2.954047e-01, 1.709082e-01
210, 2.995967e-01, 3.749649e-01
211, 3.031982e-01, 7.370705e-01
212, 3.034014e-01, 5.837429e-01
213, 3.045502e-01, 4.632542e-01
214, 3.045654e-01, 3.728242e-01
215, 3.046818e-01, 4.673429e-01
216, 3.051951e-01, 2.598545e-01
217, 3.054452e-01, 2.277757e-01
218, 3.071731e-01, 2.175188e-01
219, 3.071825e-01, 6.141588e-01
220, 3.073433e-01, 4.707122e-01
221, 3.077763e-01, 5.858161e-01
222, 3.081940e-01, 4.921025e-01
223, 3.082844e-01, 7.103235e-01
224, 3.083305e-01, 6.266046e-01
225, 3.083443e-01, 7.055122e-01
226, 3.087466e-01, 3.754962e-01
227, 3.090210e-01, 6.163506e-01
228, 3.112156e-01, 8.326036e-01
229, 3.159825e-01, 4.017381e-01
230, 3.191415e-01, 6.747397e-01
231, 3.201800e-01, 6.806212e-01
232, 3.204064e-01, 3.156096e-01
233, 3.209863e-01, 3.183809e-01
234, 3.214827e-01, 6.718031e-01
235, 3.229174e-01, 5.521001e-01
236, 3.234008e-01, 7.651221e-01
237, 3.235693e-01, 3.106424e-01
238, 3.240791e-01, 5.619107e-01
239, 3.241353e-01, 6.435709e-01
240, 3.242576e-01, 5.285235e-01
241, 3.242701e-01, 7.968454e-01
242, 3.248225e-01, 5.544949e-01
243, 3.275320e-01, 2.825328e-01
244, 3.284479e-01, 1.911909e-01
245, 3.358478e-01, 7.114093e-01
246, 3.366616e-01, 5.897805e-01
247, 3.368801e-01, 3.355616e-01
248, 3.371972e-01, 3.468154e-01
249, 3.383537e-01, 6.168357e-01
250, 3.386065e-01, 3.745562e-01
251, 3.386132e-01, 3.800637e-01
252, 3.388072e-01, 6.222959e-01
253, 3.389242e-01, 7.075859e-01
254, 3.393101e-01, 4.958135e-01
255, 3.394243e-01, 5.001653e-01
256, 3.400961e-01, 7.353766e-01
257, 3.403586e-01, 6.999926e-01
258, 3.406294e-01, 2.570327e-01
259, 3.409206e-01, 7.396756e-01
260, 3.414174e-01, 3.706990e-01
261, 3.416886e-01, 4.684305e-01
262, 3.421394e-01, 4.924006e-01
263, 3.509540e-01, 5.565720e-01
264, 3.521597e-01, 1.936860e-01
265, 3.522174e-01, 2.070515e-01
266, 3.523208e-01, 5.654866e-01
267, 3.530318e-01, 6.491841e-01
268, 3.538071e-01, 6.404605e-01
269, 3.539685e-01, 3.122453e-01
270, 3.542623e-01, 5.207762e-01
271, 3.543116e-01, 3.173873e-01
272, 3.544673e-01, 6.828370e-01
273, 3.544810e-01, 5.248370e-01
274, 3.548933e-01, 5.524932e-01
275, 3.552034e-01, 3.996154e-01
276, 3.552604e-01, 8.016755e-01
277, 3.552683e-01, 2.803011e-01
278, 3.554489e-01, 4.320001e-01
279, 3.554883e-01, 8.053846e-01
280, 3.560391e-01, 6.536586e-01
281, 3.562960e-01, 5.269917e-01
282, 3.575207e-01, 7.669619e-01
283, 3.579158e-01, 4.437091e-01
284, 3.587772e-01, 7.971879e-01
285, 3.588972e-01, 4.353532e-01
286, 3.665503e-01, 2.327347e-01
287, 3.673814e-01, 3.731252e-01
288, 3.679799e-01, 6.120561e-01
289, 3.689591e-01, 2.612912e-01
290, 3.690909e-01, 3.391310e-01
291, 3.701491e-01, 3.845641e-01
292, 3.701939e-01, 5.913559e-01
293, 3.703627e-01, 7.469439e-01
294, 3.707070e-01, 4.656820e-01
295, 3.709089e-01, 3.769351e-01
296, 3.709710e-01, 4.942983e-01
297, 3.720005e-01, 5.892288e-01
298, 3.721562e-01, 5.780076e-01
299, 3.723196e-01, 3.454417e-01
300, 3.727690e-01, 4.974468e-01
301, 3.729641e-01, 2.190077e-01
302, 3.730274e-01, 7.025767e-01
303, 3.732208e-01, 2.236616e-01
304, 3.739646e-01, 7.118311e-01
305, 3.770867e-01, 5.002104e-01
306, 3.804683e-01, 5.267317e-01
307, 3.807378e-01, 4.339992e-01
308, 3.825855e-01, 1.951488e-01
309, 3.843855e-01, 4.326220e-01
310, 3.846605e-01, 1.990365e-01
311, 3.848380e-01, 4.051495e-01
312, 3.852535e-01, 7.728939e-01
313, 3.853288e-01, 1.552684e-01
314, 3.857446e-01, 6.773408e-01
315, 3.860788e-01, 6.455637e-01
316, 3.865702e-01, 6.496532e-01
317, 3.866473e-01, 6.839209e-01
318, 3.867007e-01, 1.681605e-01
319, 3.869593e-01, 5.307840e-01
320, 3.873060e-01, 3.133029e-01
321, 3.873470e-01, 2.867366e-01
322, 3.880683e-01, 5.539721e-01
323, 3.881647e-01, 2.788645e-01
324, 3.886102e-01, 6.729888e-01
325, 3.897958e-01, 4.351459e-01
326, 3.901975e-01, 2.013940e-01
327, 3.902277e-01, 4.024959e-01
328, 3.917741e-01, 5.277475e-01
329, 3.918092e-01, 7.632531e-01
330, 3.957319e-01, 4.654574e-01
331, 3.994256e-01, 3.520768e-01
332, 3.997646e-01, 3.744600e-01
333, 3.998961e-01, 2.626112e-01
334, 3.999312e-01, 7.111575e-01
335, 4.002976e-01, 8.294388e-01
336, 4.007978e-01, 7.403302e-01
337, 4.017621e-01, 5.897425e-01
338, 4.027268e-01, 6.146741e-01
339, 4.028177e-01, 3.466828e-01
340, 4.039326e-01, 4.682460e-01
341, 4.041945e-01, 7.012249e-01
342, 4.042239e-01, 2.226677e-01
343, 4.045827e-01, 7.045400e-01
344, 4.052459e-01, 6.170337e-01
345, 4.058138e-01, 6.247913e-01
346, 4.082831e-01, 4.926360e-01
347, 4.082992e-01, 3.449804e-01
348, 4.087806e-01, 3.782431e-01
349, 4.154676e-01, 4.076028e-01
350, 4.164129e-01, 4.324148e-01
351, 4.164453e-01, 6.476527e-01
352, 4.173614e-01, 7.942600e-01
353, 4.181096e-01, 5.560883e-01
354, 4.186202e-01, 6.450534e-01
355, 4.189427e-01, 4.420736e-01
356, 4.191085e-01, 4.359471e-01
357, 4.191919e-01, 7.694171e-01
358, 4.193844e-01, 5.262285e-01
359, 4.205178e-01, 1.946377e-01
360, 4.206536e-01, 2.759344e-01
361, 4.206602e-01, 1.991000e-01
362, 4.210682e-01, 5.570411e-01
363, 4.212197e-01, 2.889215e-01
364, 4.215059e-01, 3.226868e-01
365, 4.218192e-01, 5.289144e-01
366, 4.223464e-01, 1.914694e-01
367, 4.252319e-01, 1.611358e-01
368, 4.253199e-01, 6.429522e-01
369, 4.289764e-01, 8.320456e-01
370, 4.320181e-01, 6.155909e-01
371, 4.323946e-01, 4.977757e-01
372, 4.324279e-01, 2.593909e-01
373, 4.331743e-01, 2.274247e-01
374, 4.334017e-01, 8.274680e-01
375, 4.335430e-01, 7.348046e-01
376, 4.340020e-01, 2.221334e-01
377, 4.348041e-01, 3.859468e-01
378, 4.349258e-01, 6.991441e-01
379, 4.353191e-01, 4.607809e-01
380, 4.359576e-01, 3.507721e-01
381, 4.360120e-01, 4.668450e-01
382, 4.360353e-01, 3.429916e-01
383, 4.360832e-01, 6.217037e-01
384, 4.367062e-01, 2.573388e-01
385, 4.369775e-01, 7.381123e-01
386, 4.373395e-01, 4.935208e-01
387, 4.386047e-01, 4.695150e-01
388, 4.386311e-01, 2.544374e-01
389, 4.414732e-01, 7.390857e-01
390, 4.424714e-01, 8.249618e-01
391, 4.431094e-01, 6.234906e-01
392, 4.453876e-01, 7.972770e-01
393, 4.465655e-01, 1.914139e-01
394, 4.474930e-01, 5.593412e-01
395, 4.481298e-01, 6.542287e-01
396, 4.504927e-01, 6.791064e-01
397, 4.506895e-01, 7.943655e-01
398, 4.507270e-01, 4.088267e-01
399, 4.509565e-01, 1.637204e-01
400, 4.511162e-01, 1.986282e-01
401, 4.511918e-01, 4.369261e-01
402, 4.514994e-01, 2.833640e-01
403, 4.529478e-01, 5.566883e-01
404, 4.540710e-01, 6.385802e-01
405, 4.541077e-01, 6.469320e-01
406, 4.542019e-01, 4.037890e-01
407, 4.543075e-01, 1.702286e-01
408, 4.556818e-01, 5.580078e-01
409, 4.566466e-01, 2.016771e-01
410, 4.575996e-01, 7.992996e-01
411, 4.588168e-01, 4.648708e-01
412, 4.619076e-01, 8.282694e-01
413, 4.640153e-01, 5.912678e-01
414, 4.650884e-01, 8.302515e-01
415, 4.652010e-01, 3.435269e-01
416, 4.652669e-01, 3.474042e-01
417, 4.666732e-01, 5.022254e-01
418, 4.668121e-01, 4.983171e-01
419, 4.669836e-01, 2.236974e-01
420, 4.670513e-01, 2.196045e-01
421, 4.676598e-01, 6.130500e-01
422, 4.677236e-01, 2.525124e-01
423, 4.679132e-01, 3.501072e-01
424, 4.685276e-01, 7.007611e-01
425, 4.688608e-01, 4.959410e-01
426, 4.691697e-01, 7.475681e-01
427, 4.694703e-01, 7.082277e-01
428, 4.694832e-01, 2.275233e-01
429, 4.699948e-01, 3.748012e-01
430, 4.707287e-01, 8.275750e-01
431, 4.712250e-01, 2.572321e-01
432, 4.714243e-01, 6.254910e-01
433, 4.716900e-01, 6.170915e-01
434, 4.770791e-01, 4.377597e-01
435, 4.795457e-01, 4.485556e-01
436, 4.803664e-01, 8.008167e-01
437, 4.806120e-01, 1.721858e-01
438, 4.810689e-01, 7.737322e-01
439, 4.816767e-01, 1.918959e-01
440, 4.818172e-01, 4.094580e-01
441, 4.819271e-01, 1.597100e-01
442, 4.819342e-01, 2.869587e-01
443, 4.824036e-01, 3.229029e-01
444, 4.829092e-01, 3.147549e-01
445, 4.833948e-01, 1.689792e-01
446, 4.837223e-01, 4.301629e-01
447, 4.843934e-01, 2.885585e-01
448, 4.853857e-01, 7.978747e-01
449, 4.855865e-01, 3.122485e-01
450, 4.858146e-01, 5.301059e-01
451, 4.866480e-01, 6.530685e-01
452, 4.868612e-01, 5.273769e-01
453, 4.871144e-01, 2.869845e-01
454, 4.872841e-01, 7.950747e-01
455, 4.925786e-01, 3.447758e-01
456, 4.934848e-01, 3.782102e-01
457, 4.941689e-01, 5.871941e-01
458, 4.943225e-01, 7.056600e-01
459, 4.943354e-01, 6.815202e-01
460, 4.976799e-01, 4.596311e-01
461, 4.978353e-01, 7.072923e-01
462, 4.983698e-01, 4.678284e-01
463, 4.991686e-01, 6.149076e-01
464, 4.992142e-01, 5.902094e-01
465, 4.993611e-01, 8.291371e-01
466, 4.996044e-01, 3.472773e-01
467, 4.996933e-01, 7.415237e-01
468, 4.997688e-01, 7.450950e-01
469, 4.997695e-01, 8.261917e-01
470, 4.999580e-01, 3.757030e-01
471, 4.999660e-01, 6.225762e-01
472, 5.003757e-01, 2.259249e-01
473, 5.005338e-01, 2.564320e-01
474, 5.010948e-01, 8.315033e-01
475, 5.041124e-01, 2.244777e-01
476, 5.049332e-01, 5.871103e-01
477, 5.050100e-01, 3.781284e-01
478, 5.052311e-01, 3.435780e-01
479, 5.054793e-01, 7.345239e-01
480, 5.055728e-01, 2.583151e-01
481, 5.091996e-01, 3.177165e-01
482, 5.107289e-01, 4.036530e-01
483, 5.108099e-01, 7.943110e-01
484, 5.117317e-01, 7.013810e-01
485, 5.131463e-01, 1.674235e-01
486, 5.131874e-01, 6.802720e-01
487, 5.145560e-01, 3.152882e-01
488, 5.148990e-01, 1.649764e-01
489, 5.151855e-01, 1.931121e-01
490, 5.159334e-01, 6.431008e-01
491, 5.165628e-01, 8.019650e-01
492, 5.166295e-01, 4.077468e-01
493, 5.169183e-01, 7.620732e-01
494, 5.175849e-01, 2.895233e-01
495, 5.183979e-01, 4.402353e-01
496, 5.204222e-01, 4.064139e-01
497, 5.209833e-01, 1.997627e-01
498, 5.252471e-01, 3.190376e-01
499, 5.279441e-01, 7.323349e-01
500, 5.294560e-01, 5.874400e-01
501, 5.300035e-01, 3.470767e-01
502, 5.304269e-01, 3.439390e-01
503, 5.308273e-01, 2.535101e-01
504, 5.314779e-01, 5.796837e-01
505, 5.316767e-01, 8.258059e-01
506, 5.318208e-01, 5.844118e-01
507, 5.319137e-01, 8.292346e-01
508, 5.320771e-01, 7.369352e-01
509, 5.321269e-01, 7.071423e-01
510, 5.321621e-01, 7.456414e-01
511, 5.323377e-01, 2.304447e-01
512, 5.326781e-01, 6.213947e-01
513, 5.330308e-01, 7.031187e-01
514, 5.337466e-01, 3.518669e-01
515, 5.346683e-01, 2.574012e-01
516, 5.348719e-01, 2.665215e-01
517, 5.348931e-01, 4.637744e-01
518, 5.353716e-01, 8.328561e-01
519, 5.356960e-01, 2.264618e-01
520, 5.387364e-01, 2.254969e-01
521, 5.392378e-01, 3.812718e-01
522, 5.422742e-01, 5.277185e-01
523, 5.427079e-01, 5.520214e-01
524, 5.441422e-01, 2.862299e-01
525, 5.449484e-01, 7.729786e-01
526, 5.449577e-01, 1.947077e-01
527, 5.456942e-01, 5.242049e-01
528, 5.466856e-01, 4.333314e-01
529, 5.467278e-01, 1.682140e-01
530, 5.468539e-01, 5.568915e-01
531, 5.469616e-01, 4.088966e-01
532, 5.484049e-01, 5.232590e-01
533, 5.485170e-01, 3.133877e-01
534, 5.487185e-01, 2.888594e-01
535, 5.488394e-01, 7.654401e-01
536, 5.490249e-01, 1.982419e-01
537, 5.495164e-01, 6.431196e-01
538, 5.496739e-01, 2.034939e-01
539, 5.497010e-01, 4.108852e-01
540, 5.497354e-01, 4.376493e-01
541, 5.499435e-01, 3.239648e-01
542, 5.502618e-01, 3.110047e-01
543, 5.508550e-01, 6.497340e-01
544, 5.516064e-01, 1.595161e-01
545, 5.522058e-01, 1.634847e-01
546, 5.528650e-01, 5.590095e-01
547, 5.558031e-01, 4.087067e-01
548, 5.585919e-01, 6.129826e-01
549, 5.599517e-01, 7.356711e-01
550, 5.615363e-01, 2.298296e-01
551, 5.615650e-01, 5.860361e-01
552, 5.615798e-01, 3.777384e-01
553, 5.616783e-01, 6.162342e-01
554, 5.627782e-01, 7.396460e-01
555, 5.630113e-01, 5.811647e-01
556, 5.634443e-01, 2.562475e-01
557, 5.636437e-01, 4.987188e-01
558, 5.637898e-01, 4.935184e-01
559, 5.644456e-01, 3.760132e-01
560, 5.659463e-01, 4.700316e-01
561, 5.661896e-01, 3.731117e-01
562, 5.672993e-01, 2.237014e-01
563, 5.677026e-01, 2.201588e-01
564, 5.680476e-01, 8.251200e-01
565, 5.692004e-01, 7.421412e-01
566, 5.692474e-01, 6.194764e-01
567, 5.702281e-01, 7.064078e-01
568, 5.751360e-01, 6.459616e-01
569, 5.766231e-01, 1.684169e-01
570, 5.767309e-01, 6.817820e-01
571, 5.774259e-01, 4.081816e-01
572, 5.780556e-01, 5.475514e-01
573, 5.781175e-01, 1.615803e-01
574, 5.788859e-01, 3.983786e-01
575, 5.796608e-01, 3.169614e-01
576, 5.797747e-01, 2.031462e-01
577, 5.798910e-01, 5.328976e-01
578, 5.798975e-01, 1.935125e-01
579, 5.802085e-01, 7.936330e-01
580, 5.804234e-01, 4.109105e-01
581, 5.805354e-01, 1.733739e-01
582, 5.808449e-01, 6.480397e-01
583, 5.809975e-01, 4.437588e-01
584, 5.812207e-01, 7.605436e-01
585, 5.812685e-01, 7.672800e-01
586, 5.816997e-01, 4.393338e-01
587, 5.820326e-01, 1.900187e-01
588, 5.823548e-01, 5.299426e-01
589, 5.824881e-01, 5.664295e-01
590, 5.826510e-01, 2.870149e-01
591, 5.827159e-01, 5.258680e-01
592, 5.828588e-01, 6.783053e-01
593, 5.835910e-01, 7.705896e-01
594, 5.847228e-01, 5.584831e-01
595, 5.849065e-01, 7.959298e-01
596, 5.849428e-01, 4.353302e-01
597, 5.851362e-01, 3.107771e-01
598, 5.868253e-01, 6.455114e-01
599, 5.920992e-01, 4.642245e-01
600, 5.921616e-01, 5.933316e-01
601, 5.933405e-01, 8.294398e-01
602, 5.937391e-01, 3.752233e-01
603, 5.938521e-01, 3.469168e-01
604, 5.940263e-01, 3.814882e-01
605, 5.952874e-01, 5.877368e-01
606, 5.964567e-01, 2.502117e-01
607, 5.965539e-01, 2.631536e-01
608, 5.972457e-01, 5.048828e-01
609, 5.976302e-01, 7.304861e-01
610, 5.976805e-01, 3.409235e-01
611, 5.981958e-01, 4.951758e-01
612, 5.982512e-01, 2.329312e-01
613, 5.982922e-01, 3.690452e-01
614, 5.983602e-01, 2.214228e-01
615, 5.984157e-01, 2.536530e-01
616, 5.989019e-01, 7.031865e-01
617, 5.991718e-01, 8.272687e-01
618, 5.998587e-01, 2.305818e-01
619, 5.999031e-01, 6.150296e-01
620, 6.007177e-01, 4.680445e-01
621, 6.011201e-01, 7.401047e-01
622, 6.013755e-01, 7.371773e-01
623, 6.028931e-01, 3.384696e-01
624, 6.053885e-01, 4.647225e-01
625, 6.059545e-01, 5.810433e-01
626, 6.063040e-01, 7.996127e-01
627, 6.082688e-01, 4.386291e-01
628, 6.082973e-01, 4.041353e-01
629, 6.083028e-01, 2.832570e-01
630, 6.087195e-01, 3.971017e-01
631, 6.090305e-01, 5.619691e-01
632, 6.096338e-01, 1.615606e-01
633, 6.097085e-01, 3.121910e-01
634, 6.112949e-01, 1.971117e-01
635, 6.115680e-01, 6.762409e-01
636, 6.116840e-01, 5.601735e-01
637, 6.118123e-01, 5.327301e-01
638, 6.126055e-01, 2.851453e-01
639, 6.127044e-01, 4.360735e-01
640, 6.139618e-01, 6.442875e-01
641, 6.140637e-01, 4.103583e-01
642, 6.141575e-01, 3.172604e-01
643, 6.153604e-01, 1.667443e-01
644, 6.155514e-01, 2.837244e-01
645, 6.158712e-01, 5.546554e-01
646, 6.162951e-01, 7.958422e-01
647, 6.169521e-01, 5.255888e-01
648, 6.173821e-01, 4.374510e-01
649, 6.194720e-01, 5.243110e-01
650, 6.195942e-01, 2.004373e-01
651, 6.223675e-01, 2.606270e-01
652, 6.238495e-01, 8.255520e-01
653, 6.242665e-01, 2.262165e-01
654, 6.245473e-01, 7.066813e-01
655, 6.249954e-01, 3.825998e-01
656, 6.252249e-01, 3.713319e-01
657, 6.266370e-01, 8.268300e-01
658, 6.266530e-01, 3.739054e-01
659, 6.277772e-01, 6.120559e-01
660, 6.295969e-01, 2.285375e-01
661, 6.297337e-01, 6.219156e-01
662, 6.297384e-01, 6.147302e-01
663, 6.306643e-01, 7.390214e-01
664, 6.310263e-01, 5.789565e-01
665, 6.312061e-01, 7.446968e-01
666, 6.312373e-01, 3.408729e-01
667, 6.312571e-01, 5.900566e-01
668, 6.330860e-01, 2.570542e-01
669, 6.331724e-01, 7.353219e-01
670, 6.344332e-01, 2.262523e-01
671, 6.368485e-01, 8.213214e-01
672, 6.376505e-01, 1.958066e-01
673, 6.402605e-01, 4.063001e-01
674, 6.402876e-01, 2.874029e-01
675, 6.414536e-01, 4.354980e-01
676, 6.414608e-01, 5.559263e-01
677, 6.422946e-01, 3.116822e-01
678, 6.425801e-01, 2.891709e-01
679, 6.427384e-01, 6.406921e-01
680, 6.433245e-01, 1.927162e-01
681, 6.438618e-01, 5.305566e-01
682, 6.445643e-01, 4.078757e-01
683, 6.451380e-01, 7.982588e-01
684, 6.459049e-01, 7.578983e-01
685, 6.474230e-01, 7.956181e-01
686, 6.482914e-01, 5.217065e-01
687, 6.486232e-01, 5.261561e-01
688, 6.490186e-01, 2.859707e-01
689, 6.508422e-01, 5.603608e-01
690, 6.512575e-01, 1.975482e-01
691, 6.544813e-01, 2.229836e-01
692, 6.611026e-01, 7.051520e-01
693, 6.612885e-01, 3.517751e-01
694, 6.614353e-01, 7.080950e-01
695, 6.614752e-01, 4.711984e-01
696, 6.620911e-01, 4.983592e-01
697, 6.625153e-01, 5.879662e-01
698, 6.630156e-01, 8.295258e-01
699, 6.642993e-01, 7.110268e-01
700, 6.671948e-01, 6.442423e-01
701, 6.716081e-01, 7.664637e-01
702, 6.719976e-01, 5.301211e-01
703, 6.721982e-01, 6.740802e-01
704, 6.734693e-01, 1.940655e-01
705, 6.741781e-01, 6.766552e-01
706, 6.750856e-01, 5.518031e-01
707, 6.757996e-01, 3.259685e-01
708, 6.763114e-01, 1.927518e-01
709, 6.768387e-01, 5.240411e-01
710, 6.771849e-01, 1.654151e-01
711, 6.774247e-01, 1.570302e-01
712, 6.775711e-01, 4.407182e-01
713, 6.775824e-01, 6.493731e-01
714, 6.777853e-01, 7.674103e-01
715, 6.800210e-01, 7.699869e-01
716, 6.800434e-01, 1.949252e-01
717, 6.802883e-01, 6.480085e-01
718, 6.826780e-01, 5.587113e-01
719, 6.832004e-01, 7.928729e-01
720, 6.835208e-01, 6.818681e-01
721, 6.844263e-01, 4.626998e-01
722, 6.856120e-01, 6.202892e-01
723, 6.892756e-01, 2.591695e-01
724, 6.893859e-01, 7.439079e-01
725, 6.904158e-01, 7.064834e-01
726, 6.906648e-01, 3.513151e-01
727, 6.914912e-01, 3.401547e-01
728, 6.918611e-01, 3.771712e-01
729, 6.923281e-01, 3.488638e-01
730, 6.927798e-01, 8.307351e-01
731, 6.932794e-01, 5.889768e-01
732, 6.937662e-01, 6.161783e-01
733, 6.937979e-01, 5.857256e-01
734, 6.938447e-01, 4.992978e-01
735, 6.949865e-01, 7.410473e-01
736, 6.950385e-01, 4.677587e-01
737, 6.967263e-01, 2.232079e-01
738, 6.970903e-01, 8.253965e-01
739, 6.971119e-01, 8.207360e-01
740, 6.971326e-01, 7.385022e-01
741, 6.971402e-01, 7.041880e-01
742, 6.977156e-01, 3.787464e-01
743, 6.983278e-01, 2.550876e-01
744, 6.987995e-01, 4.723379e-01
745, 7.033029e-01, 4.385867e-01
746, 7.055986e-01, 2.884365e-01
747, 7.060308e-01, 6.506739e-01
748, 7.064176e-01, 4.374463e-01
749, 7.070488e-01, 8.004395e-01
750, 7.071418e-01, 6.428491e-01
751, 7.073844e-01, 5.215794e-01
752, 7.074755e-01, 5.505668e-01
753, 7.076433e-01, 5.283261e-01
754, 7.077469e-01, 1.679444e-01
755, 7.080351e-01, 6.730102e-01
756, 7.084290e-01, 4.075818e-01
757, 7.090342e-01, 6.544775e-01
758, 7.095493e-01, 1.653899e-01
759, 7.102224e-01, 7.964062e-01
760, 7.102436e-01, 5.531107e-01
761, 7.105687e-01, 4.011405e-01
762, 7.108286e-01, 5.598859e-01
763, 7.111502e-01, 4.050264e-01
764, 7.114021e-01, 6.780667e-01
765, 7.126171e-01, 3.114360e-01
766, 7.141838e-01, 1.633505e-01
767, 7.159760e-01, 6.806821e-01
768, 7.208497e-01, 4.672091e-01
769, 7.233917e-01, 2.528934e-01
770, 7.245497e-01, 3.431112e-01
771, 7.245818e-01, 3.482956e-01
772, 7.247930e-01, 6.956031e-01
773, 7.253866e-01, 7.078873e-01
774, 7.260993e-01, 4.975545e-01
775, 7.264392e-01, 8.290717e-01
776, 7.265876e-01, 4.722023e-01
777, 7.285979e-01, 8.194523e-01
778, 7.294006e-01, 8.245452e-01
779, 7.295381e-01, 5.834314e-01
780, 7.340260e-01, 3.798686e-01
781, 7.355837e-01, 4.066052e-01
782, 7.358426e-01, 5.236284e-01
783, 7.361158e-01, 5.549283e-01
784, 7.366272e-01, 6.503778e-01
785, 7.384652e-01, 2.828864e-01
786, 7.396986e-01, 6.459645e-01
787, 7.405744e-01, 2.049310e-01
788, 7.411894e-01, 5.255049e-01
789, 7.421659e-01, 5.516724e-01
790, 7.421683e-01, 7.644684e-01
791, 7.422750e-01, 3.129704e-01
792, 7.423740e-01, 3.184631e-01
793, 7.425901e-01, 6.749912e-01
794, 7.428948e-01, 4.118147e-01
795, 7.454869e-01, 5.323596e-01
796, 7.456849e-01, 4.105146e-01
797, 7.485791e-01, 5.567160e-01
798, 7.500534e-01, 6.440995e-01
799, 7.521787e-01, 8.241921e-01
800, 7.522359e-01, 7.999033e-01
801, 7.541008e-01, 5.838055e-01
802, 7.543830e-01, 2.554338e-01
803, 7.554275e-01, 2.313918e-01
804, 7.563007e-01, 3.447246e-01
805, 7.566537e-01, 3.485512e-01
806, 7.566798e-01, 4.711819e-01
807, 7.571162e-01, 2.560803e-01
808, 7.573061e-01, 3.724104e-01
809, 7.577269e-01, 7.347910e-01
810, 7.579992e-01, 4.685838e-01
811, 7.580607e-01, 4.615446e-01
812, 7.581801e-01, 5.859858e-01
813, 7.593193e-01, 3.512007e-01
814, 7.599050e-01, 7.121693e-01
815, 7.600013e-01, 2.188455e-01
816, 7.603228e-01, 2.263106e-01
817, 7.603687e-01, 4.915073e-01
818, 7.617808e-01, 6.162887e-01
819, 7.642911e-01, 5.834568e-01
820, 7.685464e-01, 2.821992e-01
821, 7.698121e-01, 7.983434e-01
822, 7.706885e-01, 4.068539e-01
823, 7.712699e-01, 7.698783e-01
824, 7.714059e-01, 6.725858e-01
825, 7.719506e-01, 8.067888e-01
826, 7.722470e-01, 6.498031e-01
827, 7.733816e-01, 6.466491e-01
828, 7.738171e-01, 3.128178e-01
829, 7.740141e-01, 6.848963e-01
830, 7.740251e-01, 5.594624e-01
831, 7.741907e-01, 7.601442e-01
832, 7.742988e-01, 6.765423e-01
833, 7.745335e-01, 7.649048e-01
834, 7.746522e-01, 5.286377e-01
835, 7.746963e-01, 5.255062e-01
836, 7.748649e-01, 7.927436e-01
837, 7.756872e-01, 4.011013e-01
838, 7.761042e-01, 1.635497e-01
839, 7.773897e-01, 2.862275e-01
840, 7.775809e-01, 4.435589e-01
841, 7.777513e-01, 5.320757e-01
842, 7.786693e-01, 1.988303e-01
843, 7.799697e-01, 2.845037e-01
844, 7.855241e-01, 2.561583e-01
845, 7.859127e-01, 3.808793e-01
846, 7.861721e-01, 8.305262e-01
847, 7.866047e-01, 3.469399e-01
848, 7.881779e-01, 2.291139e-01
849, 7.892726e-01, 2.532176e-01
850, 7.896440e-01, 3.461331e-01
851, 7.900042e-01, 7.332687e-01
852, 7.903884e-01, 6.259840e-01
853, 7.912625e-01, 4.564609e-01
854, 7.915346e-01, 4.963090e-01
855, 7.923553e-01, 4.673500e-01
856, 7.933856e-01, 3.757687e-01
857, 7.940216e-01, 5.899528e-01
858, 7.943130e-01, 2.261431e-01
859, 7.946821e-01, 7.424404e-01
860, 7.953034e-01, 7.393814e-01
861, 7.955686e-01, 5.797829e-01
862, 7.978722e-01, 3.774529e-01
863, 7.979180e-01, 2.563671e-01
864, 7.998508e-01, 7.953468e-01
865, 8.016229e-01, 7.662890e-01
866, 8.034895e-01, 6.766939e-01
867, 8.035311e-01, 4.079964e-01
868, 8.038866e-01, 6.508424e-01
869, 8.047981e-01, 4.286015e-01
870, 8.054751e-01, 3.989455e-01
871, 8.059337e-01, 7.694964e-01
872, 8.084369e-01, 4.412424e-01
873, 8.088202e-01, 4.330761e-01
874, 8.098100e-01, 5.635283e-01
875, 8.101491e-01, 7.681273e-01
876, 8.108520e-01, 5.549501e-01
877, 8.126553e-01, 3.185684e-01
878, 8.196332e-01, 3.733917e-01
879, 8.196818e-01, 3.463643e-01
880, 8.204348e-01, 7.380624e-01
881, 8.204449e-01, 7.086163e-01
882, 8.209214e-01, 5.906914e-01
883, 8.211937e-01, 2.529037e-01
884, 8.218865e-01, 4.613817e-01
885, 8.219827e-01, 6.210521e-01
886, 8.223564e-01, 8.247355e-01
887, 8.223829e-01, 8.282407e-01
888, 8.226563e-01, 2.623183e-01
889, 8.237611e-01, 5.870476e-01
890, 8.243937e-01, 2.283275e-01
891, 8.246624e-01, 3.797967e-01
892, 8.248355e-01, 3.872083e-01
893, 8.248450e-01, 3.498326e-01
894, 8.248981e-01, 5.799137e-01
895, 8.249080e-01, 2.479974e-01
896, 8.254498e-01, 6.197990e-01
897, 8.281810e-01, 3.488207e-01
898, 8.284836e-01, 6.154436e-01
899, 8.348940e-01, 6.521240e-01
900, 8.349290e-01, 4.037927e-01
901, 8.350931e-01, 4.319022e-01
902, 8.363889e-01, 6.703571e-01
903, 8.372252e-01, 1.709074e-01
904, 8.375755e-01, 7.744459e-01
905, 8.377931e-01, 6.479923e-01
906, 8.384267e-01, 6.429892e-01
907, 8.385875e-01, 7.964048e-01
908, 8.386767e-01, 6.730867e-01
909, 8.390968e-01, 6.781131e-01
910, 8.392110e-01, 4.061186e-01
911, 8.397484e-01, 2.791868e-01
912, 8.403596e-01, 7.929688e-01
913, 8.405598e-01, 5.658994e-01
914, 8.431993e-01, 1.974333e-01
915, 8.076790e-01, 1.662101e-01
916, 8.426459e-01, 1.630983e-01
917, 1.607617e-01, 1.630450e-01
918, 2.549997e-01, 1.675033e-01
919, 3.231468e-01, 1.674839e-01
920, 3.554278e-01, 1.633354e-01
921, 4.137327e-01, 1.674904e-01
922, 6.420416e-01, 1.676385e-01
923, 7.427909e-01, 1.662516e-01
924, 7.755320e-01, 1.673408e-01
925, 1.622916e-01, 1.947443e-01
926, 2.207064e-01, 1.939217e-01
927, 7.405990e-01, 1.925294e-01
928, 3.197506e-01, 2.005484e-01
929, 4.888728e-01, 2.009748e-01
930, 7.092005e-01, 1.944797e-01
931, 7.727755e-01, 1.966179e-01
932, 8.056681e-01, 1.962574e-01
933, 8.398107e-01, 1.967176e-01
934, 3.388857e-01, 2.262987e-01
935, 4.042500e-01, 2.298850e-01
936, 6.659964e-01, 2.293544e-01
937, 6.905851e-01, 2.257379e-01
938, 7.271081e-01, 2.241241e-01
939, 8.217465e-01, 2.254771e-01
940, 2.076841e-01, 2.567495e-01
941, 3.064694e-01, 2.552868e-01
942, 3.687859e-01, 2.533555e-01
943, 4.002925e-01, 2.511375e-01
944, 6.605148e-01, 2.555951e-01
945, 7.275406e-01, 2.581789e-01
946, 3.348832e-01, 2.555226e-01
947, 5.131154e-01, 2.823888e-01
948, 5.792397e-01, 2.813703e-01
949, 8.074877e-01, 2.844941e-01
950, 1.621194e-01, 2.848655e-01
951, 2.567539e-01, 2.872153e-01
952, 2.902042e-01, 2.874774e-01
953, 3.223776e-01, 2.861292e-01
954, 3.552475e-01, 2.862371e-01
955, 4.510210e-01, 2.867606e-01
956, 6.790061e-01, 2.867620e-01
957, 7.082160e-01, 2.855941e-01
958, 7.433613e-01, 2.847209e-01
959, 8.385761e-01, 2.856315e-01
960, 1.918783e-01, 3.148747e-01
961, 2.253516e-01, 3.195402e-01
962, 4.202852e-01, 3.158495e-01
963, 3.906939e-01, 3.206011e-01
964, 4.533733e-01, 3.187871e-01
965, 6.742062e-01, 3.146340e-01
966, 6.453475e-01, 3.143972e-01
967, 6.568642e-01, 3.442065e-01
968, 7.077523e-01, 3.188397e-01
969, 8.073748e-01, 3.168024e-01
970, 8.406525e-01, 3.158909e-01
971, 2.714103e-01, 3.451831e-01
972, 3.058341e-01, 3.462586e-01
973, 5.632980e-01, 3.468546e-01
974, 6.310124e-01, 3.479811e-01
975, 4.333264e-01, 3.742402e-01
976, 5.308091e-01, 3.761043e-01
977, 7.253246e-01, 3.740117e-01
978, 7.555963e-01, 3.769465e-01
979, 2.758760e-01, 3.767417e-01
980, 4.662217e-01, 3.782806e-01
981, 6.585907e-01, 3.790167e-01
982, 1.565113e-01, 4.084608e-01
983, 1.918157e-01, 4.080579e-01
984, 3.232291e-01, 4.048200e-01
985, 3.549837e-01, 4.064552e-01
986, 4.195523e-01, 4.097002e-01
987, 4.844717e-01, 4.063741e-01
988, 6.794431e-01, 4.047095e-01
989, 3.238138e-01, 4.351592e-01
990, 5.127133e-01, 4.371473e-01
991, 6.467211e-01, 4.322332e-01
992, 6.777439e-01, 4.368195e-01
993, 7.406700e-01, 4.374943e-01
994, 7.781738e-01, 4.370347e-01
995, 8.386890e-01, 4.386317e-01
996, 2.576946e-01, 4.338734e-01
997, 5.624730e-01, 4.628806e-01
998, 6.310659e-01, 4.656308e-01
999, 6.561734e-01, 4.636199e-01
1000, 1.822362e-01, 4.671736e-01
1001, 2.430858e-01, 4.644642e-01
1002, 3.375077e-01, 4.630547e-01
1003, 3.753375e-01, 4.682651e-01
1004, 4.682965e-01, 4.700420e-01
1005, 5.297776e-01, 4.648011e-01
1006, 8.223560e-01, 4.670139e-01
1007, 5.307871e-01, 4.933413e-01
1008, 6.295132e-01, 4.985932e-01
1009, 6.627705e-01, 4.936386e-01
1010, 6.934427e-01, 4.954851e-01
1011, 7.236482e-01, 5.012648e-01
1012, 7.529190e-01, 5.020218e-01
1013, 2.575279e-01, 5.234251e-01
1014, 3.043495e-01, 4.968017e-01
1015, 3.217983e-01, 5.234805e-01
1016, 4.010188e-01, 5.009701e-01
1017, 4.507423e-01, 5.269143e-01
1018, 4.999114e-01, 4.957611e-01
1019, 7.872360e-01, 4.996832e-01
1020, 8.213455e-01, 4.953159e-01
1021, 1.629038e-01, 5.303659e-01
1022, 2.252546e-01, 5.254511e-01
1023, 2.886846e-01, 5.249617e-01
1024, 5.160148e-01, 5.246092e-01
1025, 8.085873e-01, 5.291439e-01
1026, 8.392858e-01, 5.248488e-01
1027, 3.851166e-01, 5.587310e-01
1028, 8.405144e-01, 5.571362e-01
1029, 4.872470e-01, 5.560159e-01
1030, 5.132090e-01, 5.585142e-01
1031, 7.783111e-01, 5.580691e-01
1032, 2.122225e-01, 5.892420e-01
1033, 2.411889e-01, 5.871961e-01
1034, 3.419886e-01, 5.841484e-01
1035, 4.055020e-01, 5.856906e-01
1036, 4.354584e-01, 5.892540e-01
1037, 4.678463e-01, 5.873375e-01
1038, 6.593720e-01, 5.849327e-01
1039, 7.242579e-01, 5.856455e-01
1040, 2.111133e-01, 6.200009e-01
1041, 3.746231e-01, 6.227598e-01
1042, 5.322118e-01, 6.156385e-01
1043, 5.956778e-01, 6.133949e-01
1044, 6.608571e-01, 6.193315e-01
1045, 7.582327e-01, 6.144400e-01
1046, 7.287532e-01, 6.190604e-01
1047, 7.905354e-01, 6.149912e-01
1048, 2.924317e-01, 6.443533e-01
1049, 4.822022e-01, 6.451600e-01
1050, 8.077298e-01, 6.447953e-01
1051, 3.237857e-01, 6.498187e-01
1052, 5.154441e-01, 6.482292e-01
1053, 6.129698e-01, 6.487147e-01
1054, 6.438256e-01, 6.474700e-01
1055, 3.544415e-01, 6.785950e-01
1056, 4.497036e-01, 6.719372e-01
1057, 4.827910e-01, 6.730130e-01
1058, 5.486207e-01, 6.770612e-01
1059, 6.451974e-01, 6.763249e-01
1060, 7.446570e-01, 6.780064e-01
1061, 1.881479e-01, 6.768572e-01
1062, 2.277710e-01, 6.824132e-01
1063, 2.077727e-01, 7.045106e-01
1064, 4.169451e-01, 6.772643e-01
1065, 5.199682e-01, 6.762597e-01
1066, 6.153708e-01, 6.751890e-01
1067, 8.070289e-01, 6.796215e-01
1068, 8.240633e-01, 7.040599e-01
1069, 4.336705e-01, 7.051728e-01
1070, 5.623938e-01, 7.085929e-01
1071, 5.983234e-01, 7.126772e-01
1072, 6.304411e-01, 7.079628e-01
1073, 7.524530e-01, 7.023556e-01
1074, 7.898090e-01, 7.073592e-01
1075, 3.695499e-01, 7.380841e-01
1076, 4.056135e-01, 7.366541e-01
1077, 4.674994e-01, 7.326530e-01
1078, 6.605037e-01, 7.354014e-01
1079, 7.610660e-01, 7.396452e-01
1080, 3.100666e-01, 7.437299e-01
1081, 4.873831e-01, 7.635885e-01
1082, 7.247652e-01, 7.357712e-01
1083, 8.232749e-01, 7.404407e-01
1084, 2.585310e-01, 7.688068e-01
1085, 2.917441e-01, 7.701720e-01
1086, 3.249218e-01, 7.717704e-01
1087, 3.534286e-01, 7.679097e-01
1088, 4.223813e-01, 7.664177e-01
1089, 4.548052e-01, 7.704709e-01
1090, 5.169862e-01, 7.709919e-01
1091, 6.146292e-01, 7.676715e-01
1092, 6.496984e-01, 7.703333e-01
1093, 7.127745e-01, 7.688359e-01
1094, 7.412398e-01, 7.692237e-01
1095, 8.411439e-01, 7.693252e-01
1096, 1.603330e-01, 7.994922e-01
1097, 2.895869e-01, 7.989431e-01
1098, 5.489154e-01, 7.975083e-01
1099, 6.755908e-01, 8.032538e-01
1100, 3.050989e-01, 8.255121e-01
1101, 3.870036e-01, 7.963800e-01
1102, 4.207722e-01, 7.979328e-01
1103, 4.031038e-01, 8.262282e-01
1104, 6.663539e-01, 8.250329e-01
1105, 7.412430e-01, 7.955460e-01
1106, 8.030643e-01, 7.991111e-01
1107, 7.904708e-01, 8.229670e-01
1108, 2.724570e-01, 8.259798e-01
1109, 2.421547e-01, 8.267029e-01
1110, 3.385780e-01, 8.286315e-01
1111, 3.737382e-01, 8.262191e-01
1112, 5.639203e-01, 8.255391e-01
1113, 7.610007e-01, 8.286833e-01
1114, 1.550949e-01, 1.500000e-01
1115, 1.715691e-01, 1.500000e-01
1116, 1.858919e-01, 1.500000e-01
1117, 1.981353e-01, 1.500000e-01
1118, 2.154230e-01, 1.500000e-01
1119, 2.342069e-01, 1.500000e-01
1120, 2.497040e-01, 1.500000e-01
1121, 2.633567e-01, 1.500000e-01
1122, 2.811213e-01, 1.500000e-01
1123, 3.002092e-01, 1.500000e-01
1124, 3.117321e-01, 1.500000e-01
1125, 3.314956e-01, 1.500000e-01
1126, 3.478517e-01, 1.500000e-01
1127, 3.664007e-01, 1.500000e-01
1128, 3.814155e-01, 1.500000e-01
1129, 3.910975e-01, 1.500000e-01
1130, 4.095607e-01, 1.500000e-01
1131, 4.285665e-01, 1.500000e-01
1132, 4.470963e-01, 1.500000e-01
1133, 4.664379e-01, 1.500000e-01
1134, 4.723773e-01, 1.500000e-01
1135, 4.884427e-01, 1.500000e-01
1136, 5.055097e-01, 1.500000e-01
1137, 5.237390e-01, 1.500000e-01
1138, 5.429623e-01, 1.500000e-01
1139, 5.558741e-01, 1.500000e-01
1140, 5.736451e-01, 1.500000e-01
1141, 5.875016e-01, 1.500000e-01
1142, 6.011890e-01, 1.500000e-01
1143, 6.176473e-01, 1.500000e-01
1144, 6.338479e-01, 1.500000e-01
1145, 6.521882e-01, 1.500000e-01
1146, 6.709158e-01, 1.500000e-01
1147, 6.841757e-01, 1.500000e-01
1148, 7.017265e-01, 1.500000e-01
1149, 7.206833e-01, 1.500000e-01
1150, 7.330873e-01, 1.500000e-01
1151, 7.517662e-01, 1.500000e-01
1152, 7.661004e-01, 1.500000e-01
1153, 7.826141e-01, 1.500000e-01
1154, 8.001669e-01, 1.500000e-01
1155, 8.193570e-01, 1.500000e-01
1156, 8.310686e-01, 1.500000e-01
1157, 8.484101e-01, 1.500000e-01
1158, 1.500000e-01, 1.645003e-01
1159, 8.500000e-01, 1.641184e-01
1160, 1.500000e-01, 1.939426e-01
1161, 8.500000e-01, 1.960419e-01
1162, 1.500000e-01, 2.151226e-01
1163, 8.500000e-01, 2.109496e-01
1164, 8.500000e-01, 2.245602e-01
1165, 8.500000e-01, 2.569970e-01
1166, 1.500000e-01, 2.547895e-01
1167, 8.500000e-01, 2.642458e-01
1168, 1.500000e-01, 2.854437e-01
1169, 8.500000e-01, 2.865100e-01
1170, 1.500000e-01, 3.173064e-01
1171, 8.500000e-01, 3.152778e-01
1172, 8.500000e-01, 3.363577e-01
1173, 8.500000e-01, 3.517285e-01
1174, 1.500000e-01, 3.762956e-01
1175, 8.500000e-01, 3.775987e-01
1176, 1.500000e-01, 3.916941e-01
1177, 8.500000e-01, 3.879402e-01
1178, 1.500000e-01, 4.092108e-01
1179, 8.500000e-01, 4.077567e-01
1180, 1.500000e-01, 4.392578e-01
1181, 8.500000e-01, 4.371718e-01
1182, 1.500000e-01, 4.591246e-01
1183, 8.500000e-01, 4.550263e-01
1184, 1.500000e-01, 4.665331e-01
1185, 8.500000e-01, 4.658653e-01
1186, 8.500000e-01, 4.957160e-01
1187, 1.500000e-01, 4.946186e-01
1188, 8.500000e-01, 5.065425e-01
1189, 1.500000e-01, 5.251469e-01
1190, 8.500000e-01, 5.262511e-01
1191, 1.500000e-01, 5.553814e-01
1192, 8.500000e-01, 5.553443e-01
1193, 1.500000e-01, 5.727425e-01
1194, 8.500000e-01, 5.769195e-01
1195, 1.500000e-01, 5.873770e-01
1196, 8.500000e-01, 5.870134e-01
1197, 1.500000e-01, 6.154650e-01
1198, 8.500000e-01, 6.118866e-01
1199, 1.500000e-01, 6.369188e-01
1200, 8.500000e-01, 6.331071e-01
1201, 1.500000e-01, 6.470849e-01
1202, 8.500000e-01, 6.483791e-01
1203, 1.500000e-01, 6.794638e-01
1204, 8.500000e-01, 6.731395e-01
1205, 1.500000e-01, 7.052745e-01
1206, 8.500000e-01, 6.912705e-01
1207, 1.500000e-01, 7.092360e-01
1208, 8.500000e-01, 7.093367e-01
1209, 1.500000e-01, 7.388831e-01
1210, 8.500000e-01, 7.372681e-01
1211, 1.500000e-01, 7.412578e-01
1212, 8.500000e-01, 7.484957e-01
1213, 1.500000e-01, 7.700723e-01
1214, 8.500000e-01, 7.679695e-01
1215, 1.500000e-01, 7.979523e-01
1216, 8.500000e-01, 7.940641e-01
1217, 1.500000e-01, 8.127536e-01
1218, 8.500000e-01, 8.173871e-01
1219, 1.500000e-01, 8.293478e-01
1220, 1.749985e-01, 8.500000e-01
1221, 2.092714e-01, 8.500000e-01
1222, 2.466655e-01, 8.500000e-01
1223, 2.747030e-01, 8.500000e-01
1224, 3.106070e-01, 8.500000e-01
1225, 3.447890e-01, 8.500000e-01
1226, 3.695996e-01, 8.500000e-01
1227, 3.994007e-01, 8.500000e-01
1228, 4.303709e-01, 8.500000e-01
1229, 4.646764e-01, 8.500000e-01
1230, 5.010361e-01, 8.500000e-01
1231, 5.365018e-01, 8.500000e-01
1232, 5.633750e-01, 8.500000e-01
1233, 5.944950e-01, 8.500000e-01
1234, 6.310790e-01, 8.500000e-01
1235, 6.595786e-01, 8.500000e-01
1236, 6.939505e-01, 8.500000e-01
1237, 7.271584e-01, 8.500000e-01
1238, 7.571152e-01, 8.500000e-01
1239, 7.884528e-01, 8.500000e-01
1240, 8.500000e-01, 8.294362e-01
1241, 8.190273e-01, 8.500000e-01
1242, 1.500100e-01, 2.283059e-01
1243, 1.501514e-01, 3.461358e-01
