1, 1.523311e-01, 4.116774e-01
2, 1.535599e-01, 2.653325e-01
3, 1.538149e-01, 6.499797e-01
4, 1.546576e-01, 6.228706e-01
5, 1.547229e-01, 5.366043e-01
6, 1.561104e-01, 5.946705e-01
7, 1.567971e-01, 6.830228e-01
8, 1.593715e-01, 6.915255e-01
9, 1.594609e-01, 6.271913e-01
10, 1.598333e-01, 4.021138e-01
11, 1.602924e-01, 3.100555e-01
12, 1.608716e-01, 1.970449e-01
13, 1.615150e-01, 5.691509e-01
14, 1.625273e-01, 7.662149e-01
15, 1.628388e-01, 4.585730e-01
16, 1.636112e-01, 4.012292e-01
17, 1.643367e-01, 2.016392e-01
18, 1.650819e-01, 1.677107e-01
19, 1.655338e-01, 7.528552e-01
20, 1.658646e-01, 2.928964e-01
21, 1.663531e-01, 8.111630e-01
22, 1.668590e-01, 3.975232e-01
23, 1.675584e-01, 5.821669e-01
24, 1.675678e-01, 2.426945e-01
25, 1.679658e-01, 2.558329e-01
26, 1.686367e-01, 3.594749e-01
27, 1.699975e-01, 2.367133e-01
28, 1.712328e-01, 4.840596e-01
29, 1.722344e-01, 2.993875e-01
30, 1.726897e-01, 8.471790e-01
31, 1.737357e-01, 5.053979e-01
32, 1.742978e-01, 4.839813e-01
33, 1.759105e-01, 7.669941e-01
34, 1.759313e-01, 8.467985e-01
35, 1.777497e-01, 3.733162e-01
36, 1.786549e-01, 8.121227e-01
37, 1.787885e-01, 5.167067e-01
38, 1.790449e-01, 7.609932e-01
39, 1.790700e-01, 7.459502e-01
40, 1.798804e-01, 1.526543e-01
41, 1.804068e-01, 4.498261e-01
42, 1.809728e-01, 6.609572e-01
43, 1.810839e-01, 3.441025e-01
44, 1.815336e-01, 6.328139e-01
45, 1.822809e-01, 2.998740e-01
46, 1.826788e-01, 1.598427e-01
47, 1.827608e-01, 2.075861e-01
48, 1.837667e-01, 8.385749e-01
49, 1.838436e-01, 5.869548e-01
50, 1.848446e-01, 7.374095e-01
51, 1.849683e-01, 2.266415e-01
52, 1.856378e-01, 2.692366e-01
53, 1.863575e-01, 8.063756e-01
54, 1.869085e-01, 6.981378e-01
55, 1.880041e-01, 2.714622e-01
56, 1.881501e-01, 4.695656e-01
57, 1.891251e-01, 6.273682e-01
58, 1.898185e-01, 1.999795e-01
59, 1.898528e-01, 6.652172e-01
60, 1.904635e-01, 5.563020e-01
61, 1.905448e-01, 4.187256e-01
62, 1.910994e-01, 4.387600e-01
63, 1.922826e-01, 5.939720e-01
64, 1.934332e-01, 7.931820e-01
65, 1.935444e-01, 6.887254e-01
66, 1.949354e-01, 3.493469e-01
67, 1.958732e-01, 2.309740e-01
68, 1.973118e-01, 3.836247e-01
69, 1.974370e-01, 1.971100e-01
70, 1.974686e-01, 3.794656e-01
71, 1.981978e-01, 5.611416e-01
72, 1.988998e-01, 1.611116e-01
73, 1.994917e-01, 3.487939e-01
74, 2.000201e-01, 7.314641e-01
75, 2.004546e-01, 3.762060e-01
76, 2.017257e-01, 4.389491e-01
77, 2.032571e-01, 3.564661e-01
78, 2.051132e-01, 5.617286e-01
79, 2.051330e-01, 8.418024e-01
80, 2.056673e-01, 4.062601e-01
81, 2.063726e-01, 6.353854e-01
82, 2.064526e-01, 7.907726e-01
83, 2.067681e-01, 2.688266e-01
84, 2.083448e-01, 2.780535e-01
85, 2.083519e-01, 5.589835e-01
86, 2.086277e-01, 5.916848e-01
87, 2.086281e-01, 8.401896e-01
88, 2.087121e-01, 8.156170e-01
89, 2.089281e-01, 2.657458e-01
90, 2.091300e-01, 2.449547e-01
91, 2.099965e-01, 2.007798e-01
92, 2.109860e-01, 6.448885e-01
93, 2.112594e-01, 5.929448e-01
94, 2.118491e-01, 5.725740e-01
95, 2.119693e-01, 4.448202e-01
96, 2.125251e-01, 5.063000e-01
97, 2.126646e-01, 4.758040e-01
98, 2.139327e-01, 7.600183e-01
99, 2.144037e-01, 6.913890e-01
100, 2.147260e-01, 7.644413e-01
101, 2.162897e-01, 7.673273e-01
102, 2.164733e-01, 8.031251e-01
103, 2.164959e-01, 2.125482e-01
104, 2.167172e-01, 5.343617e-01
105, 2.180201e-01, 6.743695e-01
106, 2.200545e-01, 4.828052e-01
107, 2.208439e-01, 4.128715e-01
108, 2.223544e-01, 6.165779e-01
109, 2.252348e-01, 4.130508e-01
110, 2.264704e-01, 2.154957e-01
111, 2.280760e-01, 7.115022e-01
112, 2.281732e-01, 6.457952e-01
113, 2.305923e-01, 1.755462e-01
114, 2.313852e-01, 4.824601e-01
115, 2.316966e-01, 5.754126e-01
116, 2.316988e-01, 5.686274e-01
117, 2.319125e-01, 4.069080e-01
118, 2.323182e-01, 8.468814e-01
119, 2.331227e-01, 3.320468e-01
120, 2.335216e-01, 4.349929e-01
121, 2.343666e-01, 3.569128e-01
122, 2.345289e-01, 2.386267e-01
123, 2.347263e-01, 5.812290e-01
124, 2.347705e-01, 1.893338e-01
125, 2.351033e-01, 5.261969e-01
126, 2.361835e-01, 2.928804e-01
127, 2.368254e-01, 6.229902e-01
128, 2.377032e-01, 7.684636e-01
129, 2.377141e-01, 2.426595e-01
130, 2.385665e-01, 3.407483e-01
131, 2.387487e-01, 3.659317e-01
132, 2.389441e-01, 7.382492e-01
133, 2.400849e-01, 1.565862e-01
134, 2.403978e-01, 4.760257e-01
135, 2.413088e-01, 5.263592e-01
136, 2.417073e-01, 8.023794e-01
137, 2.419118e-01, 7.375473e-01
138, 2.421692e-01, 1.947359e-01
139, 2.423861e-01, 6.704814e-01
140, 2.424586e-01, 3.099496e-01
141, 2.438563e-01, 5.869713e-01
142, 2.442130e-01, 7.737763e-01
143, 2.443307e-01, 5.465940e-01
144, 2.449431e-01, 7.928227e-01
145, 2.454709e-01, 5.235220e-01
146, 2.487647e-01, 6.009759e-01
147, 2.488981e-01, 8.139460e-01
148, 2.489487e-01, 4.440233e-01
149, 2.497719e-01, 5.232583e-01
150, 2.513507e-01, 8.487199e-01
151, 2.524389e-01, 1.954568e-01
152, 2.533697e-01, 4.435570e-01
153, 2.544088e-01, 1.568497e-01
154, 2.551043e-01, 2.828863e-01
155, 2.558964e-01, 6.521577e-01
156, 2.562060e-01, 6.019253e-01
157, 2.563904e-01, 8.172434e-01
158, 2.574887e-01, 7.105071e-01
159, 2.580053e-01, 7.140120e-01
160, 2.593035e-01, 4.749965e-01
161, 2.593694e-01, 2.108524e-01
162, 2.597718e-01, 3.144590e-01
163, 2.616510e-01, 4.618452e-01
164, 2.617771e-01, 3.821572e-01
165, 2.644626e-01, 3.548944e-01
166, 2.644724e-01, 6.830452e-01
167, 2.644773e-01, 5.794177e-01
168, 2.655101e-01, 7.538257e-01
169, 2.655764e-01, 4.350295e-01
170, 2.661857e-01, 5.278190e-01
171, 2.666811e-01, 7.643805e-01
172, 2.669465e-01, 6.951749e-01
173, 2.669567e-01, 6.328558e-01
174, 2.673678e-01, 2.521330e-01
175, 2.674672e-01, 1.690003e-01
176, 2.690345e-01, 3.086990e-01
177, 2.691776e-01, 5.527034e-01
178, 2.711042e-01, 5.838346e-01
179, 2.721917e-01, 7.884247e-01
180, 2.725808e-01, 5.013552e-01
181, 2.747503e-01, 6.294109e-01
182, 2.756630e-01, 4.880119e-01
183, 2.759732e-01, 3.697779e-01
184, 2.768740e-01, 6.708597e-01
185, 2.777731e-01, 2.701826e-01
186, 2.780261e-01, 7.720761e-01
187, 2.785336e-01, 8.131933e-01
188, 2.794966e-01, 6.299461e-01
189, 2.799624e-01, 4.113145e-01
190, 2.804367e-01, 2.251556e-01
191, 2.820619e-01, 1.659925e-01
192, 2.830551e-01, 6.977181e-01
193, 2.841088e-01, 7.357602e-01
194, 2.848467e-01, 3.298102e-01
195, 2.849069e-01, 7.322870e-01
196, 2.849332e-01, 7.716177e-01
197, 2.851079e-01, 5.568689e-01
198, 2.858526e-01, 5.185974e-01
199, 2.858957e-01, 3.695388e-01
200, 2.859243e-01, 2.388478e-01
201, 2.862678e-01, 5.827909e-01
202, 2.862965e-01, 4.870973e-01
203, 2.882096e-01, 8.165643e-01
204, 2.882110e-01, 1.696825e-01
205, 2.904697e-01, 3.087106e-01
206, 2.912417e-01, 4.400277e-01
207, 2.912674e-01, 5.546049e-01
208, 2.914861e-01, 8.399259e-01
209, 2.914923e-01, 6.388962e-01
210, 2.916718e-01, 7.280045e-01
211, 2.916761e-01, 2.629521e-01
212, 2.919846e-01, 1.806982e-01
213, 2.921579e-01, 8.143688e-01
214, 2.926688e-01, 2.927471e-01
215, 2.931010e-01, 3.437087e-01
216, 2.934964e-01, 5.855188e-01
217, 2.936727e-01, 4.517516e-01
218, 2.941629e-01, 6.649106e-01
219, 2.964871e-01, 4.006226e-01
220, 2.972092e-01, 7.567333e-01
221, 2.972374e-01, 3.750010e-01
222, 2.989522e-01, 6.685761e-01
223, 2.995525e-01, 7.926422e-01
224, 3.005743e-01, 6.711598e-01
225, 3.007037e-01, 6.851712e-01
226, 3.008255e-01, 3.824829e-01
227, 3.010263e-01, 6.059031e-01
228, 3.014699e-01, 1.916794e-01
229, 3.029054e-01, 7.282363e-01
230, 3.036907e-01, 2.352341e-01
231, 3.043754e-01, 4.301376e-01
232, 3.044907e-01, 2.724250e-01
233, 3.045927e-01, 7.543075e-01
234, 3.048242e-01, 3.151359e-01
235, 3.065524e-01, 1.577151e-01
236, 3.073274e-01, 5.771658e-01
237, 3.094185e-01, 6.288915e-01
238, 3.098726e-01, 6.094994e-01
239, 3.101268e-01, 2.303936e-01
240, 3.101981e-01, 5.632019e-01
241, 3.105529e-01, 4.108013e-01
242, 3.106674e-01, 4.846248e-01
243, 3.115378e-01, 2.266918e-01
244, 3.119338e-01, 5.075085e-01
245, 3.125881e-01, 3.447833e-01
246, 3.129779e-01, 3.612960e-01
247, 3.130380e-01, 7.559663e-01
248, 3.131924e-01, 2.697403e-01
249, 3.132755e-01, 3.901804e-01
250, 3.144361e-01, 8.435737e-01
251, 3.145351e-01, 4.073316e-01
252, 3.145666e-01, 2.038203e-01
253, 3.160322e-01, 4.553446e-01
254, 3.165724e-01, 3.411642e-01
255, 3.166087e-01, 7.216123e-01
256, 3.176857e-01, 2.703521e-01
257, 3.192323e-01, 5.369435e-01
258, 3.206192e-01, 6.990667e-01
259, 3.208373e-01, 7.933625e-01
260, 3.216635e-01, 8.372820e-01
261, 3.216927e-01, 8.173975e-01
262, 3.231104e-01, 5.538319e-01
263, 3.250648e-01, 5.981479e-01
264, 3.275052e-01, 6.956051e-01
265, 3.280007e-01, 7.765537e-01
266, 3.297858e-01, 5.218397e-01
267, 3.299326e-01, 7.271954e-01
268, 3.302246e-01, 3.430406e-01
269, 3.308806e-01, 5.176789e-01
270, 3.331335e-01, 3.598747e-01
271, 3.335076e-01, 6.435740e-01
272, 3.340366e-01, 1.687977e-01
273, 3.341568e-01, 5.537480e-01
274, 3.343819e-01, 6.495122e-01
275, 3.352342e-01, 3.804651e-01
276, 3.367730e-01, 5.982892e-01
277, 3.369857e-01, 1.987026e-01
278, 3.370229e-01, 2.840480e-01
279, 3.374357e-01, 4.100273e-01
280, 3.377728e-01, 8.477422e-01
281, 3.377992e-01, 1.631841e-01
282, 3.391976e-01, 6.000518e-01
283, 3.404640e-01, 4.746536e-01
284, 3.405126e-01, 2.576654e-01
285, 3.414072e-01, 7.461706e-01
286, 3.414827e-01, 1.923078e-01
287, 3.416877e-01, 3.702146e-01
288, 3.424383e-01, 2.409789e-01
289, 3.424604e-01, 7.395394e-01
290, 3.427423e-01, 4.148903e-01
291, 3.432912e-01, 8.410193e-01
292, 3.436328e-01, 6.645871e-01
293, 3.445581e-01, 5.140876e-01
294, 3.445652e-01, 2.309716e-01
295, 3.455548e-01, 2.640672e-01
296, 3.456017e-01, 2.185083e-01
297, 3.456023e-01, 2.379920e-01
298, 3.470771e-01, 8.164684e-01
299, 3.473468e-01, 5.582952e-01
300, 3.485613e-01, 6.263646e-01
301, 3.486788e-01, 5.632556e-01
302, 3.501313e-01, 7.700289e-01
303, 3.502050e-01, 7.358685e-01
304, 3.502530e-01, 7.753580e-01
305, 3.505801e-01, 3.117361e-01
306, 3.547747e-01, 6.601797e-01
307, 3.553942e-01, 3.149805e-01
308, 3.562198e-01, 4.980377e-01
309, 3.567054e-01, 4.903527e-01
310, 3.574569e-01, 3.707921e-01
311, 3.583070e-01, 6.540436e-01
312, 3.602899e-01, 4.536035e-01
313, 3.604751e-01, 8.414548e-01
314, 3.606402e-01, 6.922922e-01
315, 3.636527e-01, 5.382190e-01
316, 3.642419e-01, 5.417684e-01
317, 3.645672e-01, 4.167728e-01
318, 3.660686e-01, 4.279119e-01
319, 3.662962e-01, 1.756072e-01
320, 3.663132e-01, 2.892520e-01
321, 3.670629e-01, 3.662241e-01
322, 3.674012e-01, 6.011559e-01
323, 3.675875e-01, 8.022145e-01
324, 3.680299e-01, 2.021506e-01
325, 3.684134e-01, 8.310869e-01
326, 3.686357e-01, 7.173818e-01
327, 3.689927e-01, 2.466682e-01
328, 3.706282e-01, 4.091008e-01
329, 3.708691e-01, 7.371295e-01
330, 3.719263e-01, 4.752076e-01
331, 3.720973e-01, 7.676056e-01
332, 3.736768e-01, 8.302251e-01
333, 3.742192e-01, 3.943876e-01
334, 3.743121e-01, 6.874791e-01
335, 3.761857e-01, 3.385729e-01
336, 3.794928e-01, 4.377571e-01
337, 3.803196e-01, 5.899386e-01
338, 3.804417e-01, 5.178907e-01
339, 3.830121e-01, 5.447227e-01
340, 3.843741e-01, 6.735454e-01
341, 3.845409e-01, 7.722148e-01
342, 3.848020e-01, 2.373400e-01
343, 3.854587e-01, 8.035757e-01
344, 3.855039e-01, 5.889965e-01
345, 3.878011e-01, 5.186014e-01
346, 3.883105e-01, 8.140428e-01
347, 3.884670e-01, 1.519182e-01
348, 3.889588e-01, 4.387429e-01
349, 3.900404e-01, 3.679515e-01
350, 3.901312e-01, 5.820668e-01
351, 3.904000e-01, 6.729252e-01
352, 3.906407e-01, 2.164185e-01
353, 3.909039e-01, 1.917464e-01
354, 3.910991e-01, 6.323549e-01
355, 3.915287e-01, 6.500944e-01
356, 3.929659e-01, 2.273623e-01
357, 3.931868e-01, 7.902472e-01
358, 3.933194e-01, 7.840674e-01
359, 3.941407e-01, 3.827340e-01
360, 3.945667e-01, 2.948958e-01
361, 3.948341e-01, 6.002827e-01
362, 3.954054e-01, 3.741029e-01
363, 3.959995e-01, 4.108212e-01
364, 3.961253e-01, 3.785931e-01
365, 3.964605e-01, 1.571986e-01
366, 3.964653e-01, 8.206148e-01
367, 3.966061e-01, 5.578794e-01
368, 3.970767e-01, 4.741559e-01
369, 3.973671e-01, 2.037216e-01
370, 3.999337e-01, 4.727345e-01
371, 3.999889e-01, 5.112600e-01
372, 4.012473e-01, 6.251298e-01
373, 4.024351e-01, 2.703381e-01
374, 4.025215e-01, 3.083127e-01
375, 4.038093e-01, 2.302014e-01
376, 4.050044e-01, 7.366364e-01
377, 4.052754e-01, 2.682428e-01
378, 4.056372e-01, 8.423443e-01
379, 4.080595e-01, 7.370228e-01
380, 4.111079e-01, 8.448049e-01
381, 4.122657e-01, 6.277504e-01
382, 4.133936e-01, 4.348266e-01
383, 4.136603e-01, 2.498106e-01
384, 4.145605e-01, 8.478027e-01
385, 4.150872e-01, 4.149257e-01
386, 4.154636e-01, 2.590719e-01
387, 4.155456e-01, 5.094609e-01
388, 4.157968e-01, 4.899100e-01
389, 4.159907e-01, 2.067993e-01
390, 4.173187e-01, 3.874098e-01
391, 4.180740e-01, 2.866047e-01
392, 4.193145e-01, 3.416660e-01
393, 4.203577e-01, 4.113455e-01
394, 4.208322e-01, 7.272916e-01
395, 4.210323e-01, 7.665831e-01
396, 4.211656e-01, 6.946247e-01
397, 4.212012e-01, 2.158357e-01
398, 4.214429e-01, 6.522762e-01
399, 4.230828e-01, 3.585939e-01
400, 4.243204e-01, 7.637373e-01
401, 4.246703e-01, 3.203245e-01
402, 4.255279e-01, 3.473350e-01
403, 4.264840e-01, 6.181980e-01
404, 4.265953e-01, 6.838353e-01
405, 4.272445e-01, 6.892479e-01
406, 4.277664e-01, 4.483539e-01
407, 4.286798e-01, 7.647142e-01
408, 4.303285e-01, 1.801434e-01
409, 4.340849e-01, 5.153171e-01
410, 4.345813e-01, 8.037664e-01
411, 4.350876e-01, 6.579454e-01
412, 4.354497e-01, 2.205466e-01
413, 4.361928e-01, 2.611969e-01
414, 4.372945e-01, 3.200786e-01
415, 4.374991e-01, 4.794692e-01
416, 4.377465e-01, 4.104916e-01
417, 4.393079e-01, 1.777728e-01
418, 4.393693e-01, 7.770873e-01
419, 4.396981e-01, 2.666585e-01
420, 4.413775e-01, 5.159189e-01
421, 4.417103e-01, 2.892139e-01
422, 4.420402e-01, 3.390788e-01
423, 4.427502e-01, 6.936382e-01
424, 4.443594e-01, 5.092124e-01
425, 4.457355e-01, 6.548857e-01
426, 4.462038e-01, 3.419147e-01
427, 4.463141e-01, 2.457653e-01
428, 4.479374e-01, 3.047923e-01
429, 4.479883e-01, 2.980924e-01
430, 4.484055e-01, 5.486853e-01
431, 4.494242e-01, 8.368282e-01
432, 4.511295e-01, 4.448492e-01
433, 4.521462e-01, 6.886154e-01
434, 4.523455e-01, 3.883011e-01
435, 4.524653e-01, 6.435547e-01
436, 4.529330e-01, 6.378950e-01
437, 4.530226e-01, 3.848357e-01
438, 4.540174e-01, 2.004183e-01
439, 4.543807e-01, 5.624256e-01
440, 4.545382e-01, 7.301485e-01
441, 4.573973e-01, 8.027775e-01
442, 4.575333e-01, 6.825090e-01
443, 4.576752e-01, 7.531743e-01
444, 4.581663e-01, 7.326763e-01
445, 4.590368e-01, 6.744412e-01
446, 4.621642e-01, 6.265050e-01
447, 4.629533e-01, 5.928104e-01
448, 4.635701e-01, 3.872819e-01
449, 4.648504e-01, 7.423667e-01
450, 4.668728e-01, 8.422338e-01
451, 4.670545e-01, 5.702312e-01
452, 4.679569e-01, 2.004405e-01
453, 4.689844e-01, 7.945432e-01
454, 4.694879e-01, 7.201945e-01
455, 4.704624e-01, 4.941587e-01
456, 4.706653e-01, 5.696940e-01
457, 4.709159e-01, 7.143003e-01
458, 4.712416e-01, 2.847780e-01
459, 4.714672e-01, 2.659332e-01
460, 4.717954e-01, 4.620065e-01
461, 4.718557e-01, 6.204988e-01
462, 4.720377e-01, 4.896431e-01
463, 4.729597e-01, 4.262113e-01
464, 4.731212e-01, 2.475933e-01
465, 4.743877e-01, 6.454987e-01
466, 4.746711e-01, 8.418535e-01
467, 4.750589e-01, 6.013964e-01
468, 4.750908e-01, 2.600900e-01
469, 4.761478e-01, 3.229823e-01
470, 4.771068e-01, 1.924742e-01
471, 4.775808e-01, 5.168285e-01
472, 4.785651e-01, 1.644890e-01
473, 4.790198e-01, 5.997504e-01
474, 4.797289e-01, 8.154027e-01
475, 4.797767e-01, 4.820954e-01
476, 4.807088e-01, 6.986202e-01
477, 4.809455e-01, 7.724025e-01
478, 4.836397e-01, 6.283531e-01
479, 4.857579e-01, 5.638843e-01
480, 4.874821e-01, 7.679689e-01
481, 4.876125e-01, 1.916517e-01
482, 4.877209e-01, 6.700309e-01
483, 4.909088e-01, 3.117549e-01
484, 4.909941e-01, 6.940767e-01
485, 4.912296e-01, 7.467060e-01
486, 4.917061e-01, 5.554606e-01
487, 4.929172e-01, 2.973615e-01
488, 4.936414e-01, 6.592005e-01
489, 4.936422e-01, 2.280335e-01
490, 4.939041e-01, 8.123918e-01
491, 4.941922e-01, 4.458320e-01
492, 4.951173e-01, 3.036281e-01
493, 4.953799e-01, 5.960458e-01
494, 4.955545e-01, 2.610152e-01
495, 4.970100e-01, 3.756696e-01
496, 4.973688e-01, 3.721979e-01
497, 4.986888e-01, 6.555040e-01
498, 4.986896e-01, 7.665128e-01
499, 4.988690e-01, 7.959242e-01
500, 5.002383e-01, 1.645719e-01
501, 5.004519e-01, 3.645743e-01
502, 5.005283e-01, 2.181755e-01
503, 5.010359e-01, 2.231282e-01
504, 5.012243e-01, 8.413451e-01
505, 5.013057e-01, 8.021990e-01
506, 5.016927e-01, 7.013167e-01
507, 5.030352e-01, 3.425223e-01
508, 5.034270e-01, 4.149359e-01
509, 5.034886e-01, 2.700950e-01
510, 5.046007e-01, 5.485828e-01
511, 5.048084e-01, 5.202319e-01
512, 5.048541e-01, 7.710953e-01
513, 5.048747e-01, 7.250110e-01
514, 5.050522e-01, 3.844560e-01
515, 5.050960e-01, 4.890212e-01
516, 5.074922e-01, 5.300630e-01
517, 5.078690e-01, 6.568110e-01
518, 5.090931e-01, 2.241588e-01
519, 5.109620e-01, 8.010596e-01
520, 5.132158e-01, 4.819016e-01
521, 5.134215e-01, 3.426289e-01
522, 5.158303e-01, 1.745648e-01
523, 5.166988e-01, 3.057450e-01
524, 5.171461e-01, 1.831859e-01
525, 5.176811e-01, 7.723340e-01
526, 5.179590e-01, 3.476150e-01
527, 5.196332e-01, 4.148756e-01
528, 5.204213e-01, 7.268294e-01
529, 5.217100e-01, 2.707427e-01
530, 5.217783e-01, 6.279758e-01
531, 5.217802e-01, 5.757408e-01
532, 5.229786e-01, 4.797579e-01
533, 5.229807e-01, 4.117496e-01
534, 5.234780e-01, 5.658128e-01
535, 5.238114e-01, 7.778611e-01
536, 5.240227e-01, 6.187845e-01
537, 5.242532e-01, 2.183495e-01
538, 5.242668e-01, 3.509899e-01
539, 5.243917e-01, 2.675180e-01
540, 5.245792e-01, 1.909264e-01
541, 5.245925e-01, 6.736585e-01
542, 5.248470e-01, 8.402060e-01
543, 5.253922e-01, 6.927180e-01
544, 5.256578e-01, 7.473675e-01
545, 5.260847e-01, 7.949854e-01
546, 5.264280e-01, 4.380903e-01
547, 5.268933e-01, 3.876657e-01
548, 5.282418e-01, 3.164477e-01
549, 5.286422e-01, 6.443267e-01
550, 5.289912e-01, 6.389665e-01
551, 5.295848e-01, 2.445978e-01
552, 5.300176e-01, 7.251763e-01
553, 5.304172e-01, 7.767958e-01
554, 5.306545e-01, 8.154870e-01
555, 5.318368e-01, 4.745163e-01
556, 5.319526e-01, 5.325385e-01
557, 5.330160e-01, 4.425460e-01
558, 5.355395e-01, 2.892151e-01
559, 5.355961e-01, 6.970726e-01
560, 5.368333e-01, 8.057108e-01
561, 5.377990e-01, 5.150531e-01
562, 5.392890e-01, 7.310413e-01
563, 5.399444e-01, 2.904262e-01
564, 5.402549e-01, 3.127337e-01
565, 5.427437e-01, 2.752171e-01
566, 5.442964e-01, 5.570934e-01
567, 5.446847e-01, 5.173282e-01
568, 5.452579e-01, 8.070087e-01
569, 5.469042e-01, 3.992587e-01
570, 5.472775e-01, 2.989750e-01
571, 5.476219e-01, 5.993998e-01
572, 5.476344e-01, 1.701633e-01
573, 5.479597e-01, 2.152810e-01
574, 5.479896e-01, 6.914622e-01
575, 5.485672e-01, 6.639596e-01
576, 5.490987e-01, 8.405907e-01
577, 5.491013e-01, 3.828180e-01
578, 5.493608e-01, 3.796687e-01
579, 5.495135e-01, 6.679790e-01
580, 5.495176e-01, 1.745359e-01
581, 5.496416e-01, 3.902713e-01
582, 5.502152e-01, 5.168303e-01
583, 5.507014e-01, 1.991356e-01
584, 5.515053e-01, 6.708345e-01
585, 5.518198e-01, 1.556805e-01
586, 5.522488e-01, 2.205569e-01
587, 5.525117e-01, 7.327267e-01
588, 5.531712e-01, 6.383045e-01
589, 5.532613e-01, 2.992089e-01
590, 5.535947e-01, 5.569509e-01
591, 5.536012e-01, 4.400303e-01
592, 5.542160e-01, 8.449151e-01
593, 5.545069e-01, 1.920739e-01
594, 5.546030e-01, 3.525183e-01
595, 5.547295e-01, 7.614934e-01
596, 5.549292e-01, 6.465305e-01
597, 5.564979e-01, 3.312815e-01
598, 5.566389e-01, 2.375115e-01
599, 5.568343e-01, 4.764967e-01
600, 5.573774e-01, 5.598344e-01
601, 5.577686e-01, 3.600504e-01
602, 5.579296e-01, 5.307367e-01
603, 5.579503e-01, 4.359019e-01
604, 5.588270e-01, 7.020330e-01
605, 5.593754e-01, 5.652322e-01
606, 5.598609e-01, 2.552577e-01
607, 5.600629e-01, 2.406090e-01
608, 5.613915e-01, 4.964437e-01
609, 5.631371e-01, 4.360500e-01
610, 5.638564e-01, 6.245521e-01
611, 5.710180e-01, 2.942924e-01
612, 5.712666e-01, 5.693382e-01
613, 5.721993e-01, 7.053120e-01
614, 5.723614e-01, 3.201408e-01
615, 5.731991e-01, 4.968911e-01
616, 5.737378e-01, 2.428607e-01
617, 5.742112e-01, 6.432020e-01
618, 5.747642e-01, 8.110761e-01
619, 5.756317e-01, 7.823525e-01
620, 5.764294e-01, 7.737740e-01
621, 5.768363e-01, 8.422244e-01
622, 5.773114e-01, 2.635261e-01
623, 5.775030e-01, 6.275847e-01
624, 5.792240e-01, 3.557915e-01
625, 5.792334e-01, 2.661995e-01
626, 5.792494e-01, 2.111900e-01
627, 5.799616e-01, 3.875859e-01
628, 5.804758e-01, 6.688080e-01
629, 5.809057e-01, 6.004777e-01
630, 5.811308e-01, 3.998061e-01
631, 5.812051e-01, 3.190699e-01
632, 5.821432e-01, 8.378697e-01
633, 5.823885e-01, 7.680401e-01
634, 5.830313e-01, 3.429927e-01
635, 5.845854e-01, 7.003902e-01
636, 5.854843e-01, 6.247403e-01
637, 5.861425e-01, 4.222912e-01
638, 5.861723e-01, 5.345584e-01
639, 5.868823e-01, 7.544638e-01
640, 5.880431e-01, 4.099853e-01
641, 5.899334e-01, 6.263882e-01
642, 5.900142e-01, 2.363231e-01
643, 5.900986e-01, 6.623928e-01
644, 5.920368e-01, 7.511313e-01
645, 5.921758e-01, 5.505286e-01
646, 5.923148e-01, 7.972174e-01
647, 5.926029e-01, 5.582720e-01
648, 5.935234e-01, 3.098677e-01
649, 5.938309e-01, 7.016981e-01
650, 5.949849e-01, 2.379477e-01
651, 5.952089e-01, 6.613441e-01
652, 5.971055e-01, 3.095832e-01
653, 5.976967e-01, 8.399684e-01
654, 5.981432e-01, 2.657412e-01
655, 5.984550e-01, 5.157704e-01
656, 5.985253e-01, 5.480031e-01
657, 5.991502e-01, 7.973569e-01
658, 5.995600e-01, 3.073878e-01
659, 6.005884e-01, 6.210731e-01
660, 6.008579e-01, 7.346306e-01
661, 6.010713e-01, 7.746994e-01
662, 6.016261e-01, 5.152460e-01
663, 6.018594e-01, 1.579224e-01
664, 6.020659e-01, 2.699418e-01
665, 6.027585e-01, 4.301505e-01
666, 6.042842e-01, 2.994247e-01
667, 6.044881e-01, 8.479144e-01
668, 6.050993e-01, 5.964919e-01
669, 6.056427e-01, 3.264723e-01
670, 6.061100e-01, 4.108516e-01
671, 6.069959e-01, 7.304187e-01
672, 6.070150e-01, 4.438310e-01
673, 6.075169e-01, 7.677204e-01
674, 6.076608e-01, 1.564240e-01
675, 6.078384e-01, 4.390752e-01
676, 6.080737e-01, 7.260390e-01
677, 6.093958e-01, 1.946109e-01
678, 6.101518e-01, 6.798984e-01
679, 6.112678e-01, 6.669201e-01
680, 6.131785e-01, 3.817889e-01
681, 6.136672e-01, 1.973056e-01
682, 6.144890e-01, 6.653229e-01
683, 6.166558e-01, 4.025483e-01
684, 6.206928e-01, 6.349398e-01
685, 6.219090e-01, 5.556191e-01
686, 6.245780e-01, 6.940937e-01
687, 6.248469e-01, 5.261844e-01
688, 6.253514e-01, 7.618174e-01
689, 6.254671e-01, 7.505690e-01
690, 6.259415e-01, 1.622452e-01
691, 6.262751e-01, 6.979813e-01
692, 6.264175e-01, 4.873979e-01
693, 6.277805e-01, 4.323491e-01
694, 6.283587e-01, 5.800070e-01
695, 6.285279e-01, 3.608968e-01
696, 6.292959e-01, 4.623857e-01
697, 6.296540e-01, 5.643046e-01
698, 6.298323e-01, 6.672668e-01
699, 6.299889e-01, 8.207966e-01
700, 6.300455e-01, 1.953011e-01
701, 6.301502e-01, 8.295973e-01
702, 6.304381e-01, 4.986325e-01
703, 6.311678e-01, 2.890703e-01
704, 6.312460e-01, 4.805124e-01
705, 6.324680e-01, 1.678870e-01
706, 6.328045e-01, 4.058748e-01
707, 6.334861e-01, 2.216715e-01
708, 6.336174e-01, 7.951127e-01
709, 6.336821e-01, 1.915615e-01
710, 6.345314e-01, 2.425094e-01
711, 6.375366e-01, 4.110600e-01
712, 6.385642e-01, 4.540949e-01
713, 6.392217e-01, 6.152596e-01
714, 6.397454e-01, 6.245353e-01
715, 6.403988e-01, 3.828810e-01
716, 6.424487e-01, 7.762398e-01
717, 6.473399e-01, 4.098817e-01
718, 6.473553e-01, 7.758048e-01
719, 6.508206e-01, 5.924406e-01
720, 6.509988e-01, 5.971676e-01
721, 6.511596e-01, 4.053562e-01
722, 6.514708e-01, 4.747081e-01
723, 6.521201e-01, 7.114388e-01
724, 6.524035e-01, 2.963596e-01
725, 6.533642e-01, 6.629519e-01
726, 6.535062e-01, 4.598850e-01
727, 6.536384e-01, 3.340645e-01
728, 6.539302e-01, 2.725895e-01
729, 6.541886e-01, 3.766279e-01
730, 6.543884e-01, 2.320720e-01
731, 6.544972e-01, 5.243334e-01
732, 6.547957e-01, 7.235898e-01
733, 6.549572e-01, 5.133279e-01
734, 6.551772e-01, 3.120730e-01
735, 6.558882e-01, 5.168369e-01
736, 6.560016e-01, 7.358049e-01
737, 6.561078e-01, 7.662661e-01
738, 6.564623e-01, 5.470282e-01
739, 6.567032e-01, 8.388262e-01
740, 6.572452e-01, 3.301567e-01
741, 6.575363e-01, 2.296671e-01
742, 6.578606e-01, 6.388052e-01
743, 6.580766e-01, 1.943474e-01
744, 6.582420e-01, 3.047125e-01
745, 6.585319e-01, 5.353103e-01
746, 6.587132e-01, 6.439816e-01
747, 6.588462e-01, 8.013774e-01
748, 6.600350e-01, 7.421815e-01
749, 6.609265e-01, 6.929707e-01
750, 6.631619e-01, 5.826649e-01
751, 6.636650e-01, 5.588993e-01
752, 6.640830e-01, 1.630309e-01
753, 6.643928e-01, 8.031026e-01
754, 6.647400e-01, 6.767165e-01
755, 6.650065e-01, 2.586405e-01
756, 6.662654e-01, 1.579065e-01
757, 6.666801e-01, 1.608527e-01
758, 6.678510e-01, 4.890655e-01
759, 6.689010e-01, 3.046741e-01
760, 6.749981e-01, 6.187872e-01
761, 6.750463e-01, 2.292640e-01
762, 6.765961e-01, 4.452899e-01
763, 6.783606e-01, 4.302454e-01
764, 6.798640e-01, 6.812844e-01
765, 6.803400e-01, 1.923222e-01
766, 6.819670e-01, 4.861973e-01
767, 6.825213e-01, 4.263168e-01
768, 6.829115e-01, 3.403629e-01
769, 6.831483e-01, 7.138776e-01
770, 6.831789e-01, 3.857123e-01
771, 6.833292e-01, 1.666247e-01
772, 6.841037e-01, 6.858440e-01
773, 6.842866e-01, 3.547676e-01
774, 6.843912e-01, 3.442411e-01
775, 6.846059e-01, 1.848927e-01
776, 6.848723e-01, 5.404851e-01
777, 6.852595e-01, 5.625965e-01
778, 6.872983e-01, 6.160580e-01
779, 6.877412e-01, 5.829908e-01
780, 6.878541e-01, 2.468314e-01
781, 6.879417e-01, 4.798093e-01
782, 6.889717e-01, 7.479230e-01
783, 6.890524e-01, 3.205999e-01
784, 6.911175e-01, 7.695729e-01
785, 6.916671e-01, 5.530423e-01
786, 6.928104e-01, 8.424606e-01
787, 6.928579e-01, 6.924828e-01
788, 6.932719e-01, 7.948421e-01
789, 6.934185e-01, 2.141045e-01
790, 6.935494e-01, 1.630682e-01
791, 6.937249e-01, 7.727370e-01
792, 6.946603e-01, 2.884380e-01
793, 6.951881e-01, 4.296746e-01
794, 6.952517e-01, 6.459708e-01
795, 6.955825e-01, 5.107647e-01
796, 6.982177e-01, 6.485489e-01
797, 6.983997e-01, 4.391593e-01
798, 6.989020e-01, 4.788886e-01
799, 6.997023e-01, 8.148554e-01
800, 7.000995e-01, 1.630519e-01
801, 7.007017e-01, 6.541430e-01
802, 7.009220e-01, 5.928417e-01
803, 7.020767e-01, 5.302914e-01
804, 7.022004e-01, 8.047346e-01
805, 7.027893e-01, 2.921799e-01
806, 7.028204e-01, 7.360860e-01
807, 7.048675e-01, 8.031284e-01
808, 7.050520e-01, 6.920578e-01
809, 7.063538e-01, 7.733444e-01
810, 7.063843e-01, 5.490188e-01
811, 7.066103e-01, 3.768781e-01
812, 7.070333e-01, 8.464449e-01
813, 7.072271e-01, 2.625862e-01
814, 7.087191e-01, 3.140579e-01
815, 7.087197e-01, 7.351850e-01
816, 7.096854e-01, 1.578894e-01
817, 7.102616e-01, 4.876346e-01
818, 7.108208e-01, 7.372664e-01
819, 7.111075e-01, 3.913396e-01
820, 7.111142e-01, 2.748330e-01
821, 7.112406e-01, 1.936192e-01
822, 7.115858e-01, 7.292514e-01
823, 7.117672e-01, 5.531012e-01
824, 7.118737e-01, 2.141896e-01
825, 7.120451e-01, 6.873780e-01
826, 7.128143e-01, 3.322988e-01
827, 7.128222e-01, 2.267992e-01
828, 7.137921e-01, 5.168760e-01
829, 7.140154e-01, 1.874618e-01
830, 7.141662e-01, 6.639974e-01
831, 7.144580e-01, 4.141870e-01
832, 7.152932e-01, 8.033951e-01
833, 7.179822e-01, 4.540600e-01
834, 7.184690e-01, 3.389973e-01
835, 7.192680e-01, 6.004959e-01
836, 7.197224e-01, 1.588062e-01
837, 7.220802e-01, 2.427074e-01
838, 7.239662e-01, 4.539590e-01
839, 7.247088e-01, 8.359784e-01
840, 7.264737e-01, 3.888276e-01
841, 7.281258e-01, 4.815935e-01
842, 7.298454e-01, 4.436297e-01
843, 7.299033e-01, 7.229593e-01
844, 7.309539e-01, 1.797243e-01
845, 7.318973e-01, 4.233188e-01
846, 7.321258e-01, 5.802952e-01
847, 7.324319e-01, 5.496225e-01
848, 7.334107e-01, 2.439428e-01
849, 7.339457e-01, 4.668409e-01
850, 7.341167e-01, 5.363802e-01
851, 7.349026e-01, 5.523162e-01
852, 7.366274e-01, 6.362560e-01
853, 7.372848e-01, 1.817711e-01
854, 7.381020e-01, 3.372894e-01
855, 7.381828e-01, 2.091966e-01
856, 7.383765e-01, 3.205500e-01
857, 7.398788e-01, 7.410676e-01
858, 7.402051e-01, 6.922504e-01
859, 7.411343e-01, 8.178732e-01
860, 7.415853e-01, 5.012642e-01
861, 7.429672e-01, 6.940968e-01
862, 7.430561e-01, 7.932758e-01
863, 7.432544e-01, 3.600083e-01
864, 7.436314e-01, 7.395195e-01
865, 7.439915e-01, 2.020014e-01
866, 7.443357e-01, 7.813762e-01
867, 7.447632e-01, 3.420719e-01
868, 7.453493e-01, 2.825112e-01
869, 7.462032e-01, 6.131014e-01
870, 7.464637e-01, 2.895494e-01
871, 7.468364e-01, 4.131057e-01
872, 7.474812e-01, 2.769518e-01
873, 7.476020e-01, 2.324344e-01
874, 7.496644e-01, 6.232518e-01
875, 7.506343e-01, 8.075820e-01
876, 7.524959e-01, 1.666564e-01
877, 7.527962e-01, 2.948114e-01
878, 7.540005e-01, 5.036165e-01
879, 7.549235e-01, 3.381318e-01
880, 7.559099e-01, 5.228268e-01
881, 7.570514e-01, 4.132978e-01
882, 7.571485e-01, 3.107319e-01
883, 7.585532e-01, 5.551627e-01
884, 7.587631e-01, 3.080948e-01
885, 7.592395e-01, 6.962346e-01
886, 7.595112e-01, 4.745863e-01
887, 7.600272e-01, 5.153338e-01
888, 7.601444e-01, 2.041380e-01
889, 7.602567e-01, 7.732846e-01
890, 7.618982e-01, 5.582525e-01
891, 7.621032e-01, 8.402093e-01
892, 7.623007e-01, 4.838651e-01
893, 7.623814e-01, 4.620162e-01
894, 7.626654e-01, 4.089080e-01
895, 7.639530e-01, 6.288284e-01
896, 7.650271e-01, 4.470794e-01
897, 7.657087e-01, 8.439776e-01
898, 7.665092e-01, 4.387979e-01
899, 7.668930e-01, 3.856467e-01
900, 7.669546e-01, 4.559739e-01
901, 7.670708e-01, 7.779338e-01
902, 7.670837e-01, 7.073914e-01
903, 7.680799e-01, 2.341885e-01
904, 7.684266e-01, 5.159584e-01
905, 7.688286e-01, 7.197535e-01
906, 7.695116e-01, 3.752250e-01
907, 7.707507e-01, 3.787183e-01
908, 7.717875e-01, 6.738099e-01
909, 7.737440e-01, 2.294921e-01
910, 7.758377e-01, 3.517256e-01
911, 7.761153e-01, 8.106957e-01
912, 7.761650e-01, 2.661970e-01
913, 7.799630e-01, 3.791795e-01
914, 7.804743e-01, 7.055817e-01
915, 7.806879e-01, 6.212541e-01
916, 7.808342e-01, 3.074965e-01
917, 7.813505e-01, 2.692807e-01
918, 7.822212e-01, 4.580972e-01
919, 7.826968e-01, 1.954842e-01
920, 7.831794e-01, 4.831182e-01
921, 7.834494e-01, 4.312177e-01
922, 7.847068e-01, 5.063494e-01
923, 7.850590e-01, 2.373395e-01
924, 7.853140e-01, 1.857721e-01
925, 7.862680e-01, 5.782090e-01
926, 7.867758e-01, 4.191238e-01
927, 7.875840e-01, 1.813798e-01
928, 7.878690e-01, 7.774708e-01
929, 7.886376e-01, 8.456066e-01
930, 7.888015e-01, 2.066661e-01
931, 7.893779e-01, 4.788441e-01
932, 7.894099e-01, 3.143344e-01
933, 7.907080e-01, 2.704827e-01
934, 7.911108e-01, 5.571069e-01
935, 7.924822e-01, 2.762542e-01
936, 7.926377e-01, 6.444750e-01
937, 7.930663e-01, 7.475213e-01
938, 7.933710e-01, 3.455538e-01
939, 7.934925e-01, 7.960923e-01
940, 7.940232e-01, 6.346596e-01
941, 7.941225e-01, 4.477476e-01
942, 7.945134e-01, 8.223775e-01
943, 7.952600e-01, 7.693564e-01
944, 7.955470e-01, 2.645417e-01
945, 7.965686e-01, 5.340639e-01
946, 7.971881e-01, 1.753344e-01
947, 7.977583e-01, 6.734551e-01
948, 7.983230e-01, 8.384949e-01
949, 7.985601e-01, 3.778861e-01
950, 7.993804e-01, 5.496300e-01
951, 7.995350e-01, 6.967663e-01
952, 7.996695e-01, 3.956500e-01
953, 8.014873e-01, 3.362657e-01
954, 8.022139e-01, 1.798767e-01
955, 8.025125e-01, 4.137208e-01
956, 8.041036e-01, 1.540524e-01
957, 8.054738e-01, 1.586362e-01
958, 8.054918e-01, 6.953799e-01
959, 8.058405e-01, 7.161338e-01
960, 8.058819e-01, 2.108659e-01
961, 8.060051e-01, 7.287530e-01
962, 8.061627e-01, 6.305299e-01
963, 8.071823e-01, 8.037390e-01
964, 8.074645e-01, 5.513480e-01
965, 8.077460e-01, 7.328095e-01
966, 8.086374e-01, 3.360190e-01
967, 8.088072e-01, 4.839264e-01
968, 8.088746e-01, 5.926786e-01
969, 8.089914e-01, 7.039195e-01
970, 8.092187e-01, 2.576093e-01
971, 8.103046e-01, 2.050530e-01
972, 8.106742e-01, 5.113041e-01
973, 8.116807e-01, 4.186190e-01
974, 8.120863e-01, 8.427485e-01
975, 8.130700e-01, 3.337351e-01
976, 8.140187e-01, 2.306628e-01
977, 8.156132e-01, 2.936438e-01
978, 8.160612e-01, 5.081355e-01
979, 8.170564e-01, 7.734521e-01
980, 8.173923e-01, 2.980348e-01
981, 8.176128e-01, 6.695816e-01
982, 8.176498e-01, 2.344622e-01
983, 8.177453e-01, 8.011192e-01
984, 8.182811e-01, 3.741326e-01
985, 8.207066e-01, 6.388194e-01
986, 8.208559e-01, 6.703289e-01
987, 8.226375e-01, 5.109443e-01
988, 8.227300e-01, 5.704164e-01
989, 8.236175e-01, 2.338084e-01
990, 8.239964e-01, 7.320689e-01
991, 8.253029e-01, 5.784497e-01
992, 8.253234e-01, 8.046516e-01
993, 8.265409e-01, 7.654088e-01
994, 8.267162e-01, 7.618723e-01
995, 8.290938e-01, 8.123554e-01
996, 8.291818e-01, 1.714512e-01
997, 8.294918e-01, 4.154372e-01
998, 8.296966e-01, 1.859244e-01
999, 8.297555e-01, 3.775944e-01
1000, 8.316718e-01, 7.693241e-01
1001, 8.319058e-01, 1.918912e-01
1002, 8.319835e-01, 5.329991e-01
1003, 8.321040e-01, 3.315629e-01
1004, 8.326668e-01, 3.236382e-01
1005, 8.332856e-01, 3.892224e-01
1006, 8.343672e-01, 6.831916e-01
1007, 8.382984e-01, 7.910847e-01
1008, 8.383727e-01, 8.181148e-01
1009, 8.389645e-01, 6.968305e-01
1010, 8.389668e-01, 2.632229e-01
1011, 8.397421e-01, 7.178495e-01
1012, 8.402842e-01, 7.404335e-01
1013, 8.405954e-01, 5.755940e-01
1014, 8.414734e-01, 1.974900e-01
1015, 8.422193e-01, 4.656445e-01
1016, 8.425307e-01, 6.998652e-01
1017, 8.427974e-01, 8.420010e-01
1018, 8.428909e-01, 4.264417e-01
1019, 8.432556e-01, 4.550800e-01
1020, 8.435066e-01, 2.171942e-01
1021, 8.437242e-01, 5.374578e-01
1022, 8.437356e-01, 4.326700e-01
1023, 8.437981e-01, 6.058549e-01
1024, 8.439297e-01, 6.342996e-01
1025, 8.446558e-01, 3.382925e-01
1026, 8.462058e-01, 3.684315e-01
1027, 8.465774e-01, 8.453673e-01
1028, 8.467845e-01, 6.253622e-01
1029, 8.472976e-01, 7.381246e-01
1030, 8.474611e-01, 5.559609e-01
1031, 8.479331e-01, 6.429780e-01
1032, 1.532964e-01, 3.526511e-01
1033, 1.604135e-01, 4.929592e-01
1034, 1.604365e-01, 5.590301e-01
1035, 1.767373e-01, 2.988649e-01
1036, 1.853911e-01, 7.304421e-01
1037, 1.937488e-01, 5.208257e-01
1038, 2.104622e-01, 3.213241e-01
1039, 2.309404e-01, 2.995488e-01
1040, 2.266897e-01, 7.344186e-01
1041, 2.394952e-01, 2.636153e-01
1042, 2.292694e-01, 7.019895e-01
1043, 2.385017e-01, 3.799022e-01
1044, 2.385457e-01, 6.620423e-01
1045, 2.647589e-01, 4.107818e-01
1046, 2.609521e-01, 2.663145e-01
1047, 2.620218e-01, 3.373670e-01
1048, 2.994772e-01, 4.759261e-01
1049, 2.907563e-01, 5.175132e-01
1050, 3.317685e-01, 8.082022e-01
1051, 3.432098e-01, 4.473497e-01
1052, 3.394143e-01, 6.793755e-01
1053, 3.497155e-01, 3.076482e-01
1054, 3.638487e-01, 6.267893e-01
1055, 3.685544e-01, 2.707752e-01
1056, 3.643456e-01, 1.892922e-01
1057, 3.866269e-01, 7.228969e-01
1058, 3.936308e-01, 6.940240e-01
1059, 4.046601e-01, 4.491232e-01
1060, 3.976505e-01, 6.649733e-01
1061, 4.005891e-01, 3.050143e-01
1062, 3.891617e-01, 3.419816e-01
1063, 4.171635e-01, 5.514743e-01
1064, 4.317947e-01, 5.986326e-01
1065, 4.402783e-01, 5.931156e-01
1066, 4.497651e-01, 3.805868e-01
1067, 4.454265e-01, 4.654099e-01
1068, 4.510105e-01, 1.551227e-01
1069, 4.396706e-01, 2.219995e-01
1070, 4.435318e-01, 8.049738e-01
1071, 4.601585e-01, 7.402736e-01
1072, 4.490951e-01, 4.529783e-01
1073, 4.545287e-01, 5.316405e-01
1074, 4.756741e-01, 3.393140e-01
1075, 4.755065e-01, 4.153625e-01
1076, 4.862013e-01, 2.279011e-01
1077, 4.985753e-01, 6.305605e-01
1078, 4.994677e-01, 5.977178e-01
1079, 4.987858e-01, 1.600275e-01
1080, 4.970546e-01, 4.392229e-01
1081, 5.585743e-01, 5.986611e-01
1082, 5.575563e-01, 8.018770e-01
1083, 5.681150e-01, 7.322309e-01
1084, 5.818123e-01, 1.953343e-01
1085, 5.847507e-01, 4.706891e-01
1086, 5.882999e-01, 4.638520e-01
1087, 5.992177e-01, 3.599979e-01
1088, 6.144707e-01, 4.872306e-01
1089, 6.147877e-01, 5.209799e-01
1090, 6.157786e-01, 2.286556e-01
1091, 6.130281e-01, 8.092682e-01
1092, 6.037149e-01, 3.658938e-01
1093, 6.085872e-01, 5.928944e-01
1094, 6.290650e-01, 2.692877e-01
1095, 6.318127e-01, 3.281054e-01
1096, 6.500494e-01, 3.713124e-01
1097, 6.433832e-01, 8.125175e-01
1098, 6.864820e-01, 8.295719e-01
1099, 6.817599e-01, 4.160880e-01
1100, 6.882638e-01, 2.611504e-01
1101, 7.165691e-01, 6.250769e-01
1102, 7.064920e-01, 5.162330e-01
1103, 7.122209e-01, 5.910814e-01
1104, 7.211644e-01, 7.641133e-01
1105, 7.117118e-01, 3.077423e-01
1106, 7.125567e-01, 3.800432e-01
1107, 7.366272e-01, 6.544132e-01
1108, 7.352659e-01, 8.357427e-01
1109, 7.651633e-01, 8.093665e-01
1110, 7.647774e-01, 5.859948e-01
1111, 7.661058e-01, 6.542628e-01
1112, 7.611303e-01, 7.393389e-01
1113, 8.089941e-01, 6.713353e-01
1114, 8.102264e-01, 4.463216e-01
1115, 8.237677e-01, 3.032037e-01
1116, 8.200327e-01, 4.634137e-01
1117, 8.187381e-01, 5.940540e-01
1118, 8.306895e-01, 2.705308e-01
1119, 1.500000e-01, 6.227362e-01
1120, 1.500000e-01, 5.607147e-01
1121, 1.500000e-01, 3.509006e-01
1122, 1.500000e-01, 4.854818e-01
1123, 1.500000e-01, 2.650316e-01
1124, 1.500000e-01, 1.949298e-01
1125, 1.500000e-01, 4.121868e-01
1126, 1.500000e-01, 7.432941e-01
1127, 1.500000e-01, 6.503609e-01
1128, 1.500000e-01, 6.823866e-01
1129, 1.500000e-01, 4.586103e-01
1130, 1.500000e-01, 3.094286e-01
1131, 1.500000e-01, 2.848569e-01
1132, 1.500000e-01, 2.505965e-01
1133, 1.500000e-01, 1.624212e-01
1134, 1.500000e-01, 3.555267e-01
1135, 1.500000e-01, 3.954284e-01
1136, 1.500000e-01, 5.959345e-01
1137, 1.500000e-01, 5.767369e-01
1138, 1.500000e-01, 5.347131e-01
1139, 1.500000e-01, 5.003399e-01
1140, 1.500000e-01, 8.314976e-01
1141, 1.500000e-01, 6.992612e-01
1142, 1.500000e-01, 7.219974e-01
1143, 1.500000e-01, 4.246089e-01
1144, 1.500000e-01, 4.337015e-01
1145, 1.772668e-01, 1.500000e-01
1146, 1.500000e-01, 7.746516e-01
1147, 1.500000e-01, 8.012140e-01
1148, 1.715281e-01, 8.500000e-01
1149, 1.785356e-01, 8.500000e-01
1150, 1.803607e-01, 1.500000e-01
1151, 1.995827e-01, 8.500000e-01
1152, 2.352480e-01, 8.500000e-01
1153, 2.461740e-01, 8.500000e-01
1154, 2.576801e-01, 1.500000e-01
1155, 2.535075e-01, 8.500000e-01
1156, 2.776139e-01, 1.500000e-01
1157, 2.857636e-01, 8.500000e-01
1158, 3.093723e-01, 1.500000e-01
1159, 3.163002e-01, 8.500000e-01
1160, 3.377311e-01, 8.500000e-01
1161, 3.398048e-01, 1.500000e-01
1162, 3.622886e-01, 8.500000e-01
1163, 3.857227e-01, 8.500000e-01
1164, 3.844876e-01, 1.500000e-01
1165, 3.945768e-01, 8.500000e-01
1166, 4.149183e-01, 8.500000e-01
1167, 4.390020e-01, 1.500000e-01
1168, 4.478633e-01, 8.500000e-01
1169, 4.503095e-01, 1.500000e-01
1170, 4.594990e-01, 8.500000e-01
1171, 4.550896e-01, 1.500000e-01
1172, 4.974385e-01, 1.500000e-01
1173, 5.206759e-01, 1.500000e-01
1174, 5.254474e-01, 8.500000e-01
1175, 5.536370e-01, 8.500000e-01
1176, 5.772208e-01, 8.500000e-01
1177, 6.074710e-01, 1.500000e-01
1178, 6.049099e-01, 8.500000e-01
1179, 6.426358e-01, 1.500000e-01
1180, 6.612682e-01, 1.500000e-01
1181, 6.694084e-01, 1.500000e-01
1182, 6.886093e-01, 8.500000e-01
1183, 6.852503e-01, 1.500000e-01
1184, 7.095099e-01, 8.500000e-01
1185, 7.097315e-01, 1.500000e-01
1186, 7.298078e-01, 1.500000e-01
1187, 7.331823e-01, 8.500000e-01
1188, 7.644712e-01, 8.500000e-01
1189, 7.627494e-01, 1.500000e-01
1190, 7.627910e-01, 1.500000e-01
1191, 7.882752e-01, 8.500000e-01
1192, 7.993301e-01, 1.500000e-01
1193, 8.134189e-01, 8.500000e-01
1194, 8.084418e-01, 1.500000e-01
1195, 8.500000e-01, 6.830028e-01
1196, 8.500000e-01, 7.886602e-01
1197, 8.500000e-01, 3.808235e-01
1198, 8.500000e-01, 4.434673e-01
1199, 8.500000e-01, 4.241536e-01
1200, 8.500000e-01, 4.762361e-01
1201, 8.500000e-01, 4.452735e-01
1202, 8.500000e-01, 3.217123e-01
1203, 8.500000e-01, 6.007678e-01
1204, 8.463672e-01, 8.500000e-01
1205, 8.500000e-01, 2.190683e-01
1206, 8.500000e-01, 2.652081e-01
1207, 8.500000e-01, 3.697182e-01
1208, 8.500000e-01, 3.367670e-01
1209, 8.500000e-01, 5.826544e-01
1210, 8.500000e-01, 6.437115e-01
1211, 8.500000e-01, 6.255301e-01
1212, 8.500000e-01, 1.617300e-01
1213, 8.500000e-01, 1.941067e-01
1214, 8.500000e-01, 5.301467e-01
1215, 8.500000e-01, 5.002058e-01
1216, 8.500000e-01, 6.984581e-01
1217, 8.500000e-01, 8.142950e-01
1218, 8.500000e-01, 8.441589e-01
1219, 8.500000e-01, 7.721319e-01
1220, 8.500000e-01, 7.386803e-01
1221, 1.506644e-01, 2.252307e-01
1222, 1.500784e-01, 8.406931e-01
1223, 2.075177e-01, 1.508713e-01
1224, 2.355982e-01, 1.500416e-01
1225, 3.954065e-01, 1.501533e-01
1226, 4.929084e-01, 8.494872e-01
1227, 5.496043e-01, 1.502526e-01
1228, 5.810060e-01, 1.501902e-01
1229, 6.495749e-01, 8.498189e-01
1230, 8.019332e-01, 1.505444e-01
1231, 8.493777e-01, 2.874081e-01
1232, 8.499608e-01, 5.522106e-01
1233, 8.493835e-01, 5.055556e-01
