1, 1.514064e-01, 6.246248e-01
2, 1.523181e-01, 3.993413e-01
3, 1.526495e-01, 4.744437e-01
4, 1.533562e-01, 7.019800e-01
5, 1.534230e-01, 6.988400e-01
6, 1.555359e-01, 1.745975e-01
7, 1.590054e-01, 4.446873e-01
8, 1.597130e-01, 3.528943e-01
9, 1.601221e-01, 2.035163e-01
10, 1.603149e-01, 5.032741e-01
11, 1.604956e-01, 6.606858e-01
12, 1.607868e-01, 2.066445e-01
13, 1.609441e-01, 5.061916e-01
14, 1.610465e-01, 8.096248e-01
15, 1.614192e-01, 4.444559e-01
16, 1.615478e-01, 2.305424e-01
17, 1.615721e-01, 7.161959e-01
18, 1.618180e-01, 2.955748e-01
19, 1.618193e-01, 6.843925e-01
20, 1.618879e-01, 4.187509e-01
21, 1.620449e-01, 3.826497e-01
22, 1.621266e-01, 8.055046e-01
23, 1.621345e-01, 5.302210e-01
24, 1.623508e-01, 6.527791e-01
25, 1.624585e-01, 2.678304e-01
26, 1.625202e-01, 2.926128e-01
27, 1.631152e-01, 2.329098e-01
28, 1.631205e-01, 6.556589e-01
29, 1.635336e-01, 5.084988e-01
30, 1.635454e-01, 4.421794e-01
31, 1.637511e-01, 5.332255e-01
32, 1.643097e-01, 2.908341e-01
33, 1.644220e-01, 3.815102e-01
34, 1.644992e-01, 7.176900e-01
35, 1.656757e-01, 6.821598e-01
36, 1.696231e-01, 1.628019e-01
37, 1.707257e-01, 6.367168e-01
38, 1.709808e-01, 4.625070e-01
39, 1.711181e-01, 7.875605e-01
40, 1.714516e-01, 3.123689e-01
41, 1.720047e-01, 7.638151e-01
42, 1.721367e-01, 4.861643e-01
43, 1.728553e-01, 3.349502e-01
44, 1.728773e-01, 1.876478e-01
45, 1.740604e-01, 3.131523e-01
46, 1.747230e-01, 4.856524e-01
47, 1.749175e-01, 6.381307e-01
48, 1.756757e-01, 1.842586e-01
49, 1.758475e-01, 4.616331e-01
50, 1.815709e-01, 2.320512e-01
51, 1.817833e-01, 3.827256e-01
52, 1.820286e-01, 4.165969e-01
53, 1.823260e-01, 6.815819e-01
54, 1.825647e-01, 8.321504e-01
55, 1.829350e-01, 2.085760e-01
56, 1.832830e-01, 7.423591e-01
57, 1.833895e-01, 3.565187e-01
58, 1.834551e-01, 4.188276e-01
59, 1.834561e-01, 3.802015e-01
60, 1.835367e-01, 5.916230e-01
61, 1.835884e-01, 8.087621e-01
62, 1.836803e-01, 2.332852e-01
63, 1.838436e-01, 2.920121e-01
64, 1.843022e-01, 3.517102e-01
65, 1.844546e-01, 4.417027e-01
66, 1.846498e-01, 7.444985e-01
67, 1.850577e-01, 2.031025e-01
68, 1.856689e-01, 4.450469e-01
69, 1.858919e-01, 8.027744e-01
70, 1.859690e-01, 2.978469e-01
71, 1.909649e-01, 3.995301e-01
72, 1.922707e-01, 5.509665e-01
73, 1.926542e-01, 3.251242e-01
74, 1.935485e-01, 6.981077e-01
75, 1.937121e-01, 2.493959e-01
76, 1.940550e-01, 3.996035e-01
77, 1.941880e-01, 4.753333e-01
78, 1.957578e-01, 5.510188e-01
79, 1.958064e-01, 6.254028e-01
80, 1.967449e-01, 1.741443e-01
81, 1.974942e-01, 4.752829e-01
82, 1.982807e-01, 3.248189e-01
83, 2.031376e-01, 3.712690e-01
84, 2.032601e-01, 4.271997e-01
85, 2.041122e-01, 5.219650e-01
86, 2.042300e-01, 2.185739e-01
87, 2.042856e-01, 4.313319e-01
88, 2.043203e-01, 8.202709e-01
89, 2.045781e-01, 6.090365e-01
90, 2.048186e-01, 2.809297e-01
91, 2.049620e-01, 8.176463e-01
92, 2.052081e-01, 5.799639e-01
93, 2.055620e-01, 5.169780e-01
94, 2.056355e-01, 5.826160e-01
95, 2.056379e-01, 6.426016e-01
96, 2.056586e-01, 7.562093e-01
97, 2.059505e-01, 6.681009e-01
98, 2.060776e-01, 3.068893e-01
99, 2.062246e-01, 2.162370e-01
100, 2.065273e-01, 8.158019e-01
101, 2.067765e-01, 7.947954e-01
102, 2.070467e-01, 4.917921e-01
103, 2.075712e-01, 6.073458e-01
104, 2.081707e-01, 7.923781e-01
105, 2.081742e-01, 4.350006e-01
106, 2.136210e-01, 4.108606e-01
107, 2.141215e-01, 7.117962e-01
108, 2.173593e-01, 7.107178e-01
109, 2.175467e-01, 3.901944e-01
110, 2.187385e-01, 4.127597e-01
111, 2.192521e-01, 8.385130e-01
112, 2.258463e-01, 3.058623e-01
113, 2.261914e-01, 2.825284e-01
114, 2.262106e-01, 1.568485e-01
115, 2.263792e-01, 3.428740e-01
116, 2.264662e-01, 7.561914e-01
117, 2.267854e-01, 6.424494e-01
118, 2.267950e-01, 7.333839e-01
119, 2.268866e-01, 5.841916e-01
120, 2.269205e-01, 2.157468e-01
121, 2.271650e-01, 3.682607e-01
122, 2.272947e-01, 3.038007e-01
123, 2.273996e-01, 4.576461e-01
124, 2.278131e-01, 1.927972e-01
125, 2.283630e-01, 1.535040e-01
126, 2.286923e-01, 6.459607e-01
127, 2.288102e-01, 4.554728e-01
128, 2.288221e-01, 7.280565e-01
129, 2.364443e-01, 3.251664e-01
130, 2.372551e-01, 2.497201e-01
131, 2.377668e-01, 4.753260e-01
132, 2.390002e-01, 6.987125e-01
133, 2.396848e-01, 3.249005e-01
134, 2.397468e-01, 2.498207e-01
135, 2.402955e-01, 5.486324e-01
136, 2.404267e-01, 5.526288e-01
137, 2.467738e-01, 5.969879e-01
138, 2.469031e-01, 5.302270e-01
139, 2.469784e-01, 7.189564e-01
140, 2.472161e-01, 3.529202e-01
141, 2.472297e-01, 2.958411e-01
142, 2.475814e-01, 6.547914e-01
143, 2.476776e-01, 2.098743e-01
144, 2.478100e-01, 3.829217e-01
145, 2.478639e-01, 6.830068e-01
146, 2.481416e-01, 3.572925e-01
147, 2.481771e-01, 2.928588e-01
148, 2.484335e-01, 7.165565e-01
149, 2.488623e-01, 5.336365e-01
150, 2.489763e-01, 5.052435e-01
151, 2.490983e-01, 2.682382e-01
152, 2.499964e-01, 4.176530e-01
153, 2.502906e-01, 2.904355e-01
154, 2.511660e-01, 3.608845e-01
155, 2.514092e-01, 8.314036e-01
156, 2.558589e-01, 1.629835e-01
157, 2.573080e-01, 4.855033e-01
158, 2.573278e-01, 4.625615e-01
159, 2.574737e-01, 3.141630e-01
160, 2.577315e-01, 7.877029e-01
161, 2.579214e-01, 6.155484e-01
162, 2.580123e-01, 6.372075e-01
163, 2.591296e-01, 6.134502e-01
164, 2.608127e-01, 3.123130e-01
165, 2.609811e-01, 6.363550e-01
166, 2.613182e-01, 4.638461e-01
167, 2.617822e-01, 7.878215e-01
168, 2.625180e-01, 6.120966e-01
169, 2.626490e-01, 3.353604e-01
170, 2.634671e-01, 4.874798e-01
171, 2.686033e-01, 7.403524e-01
172, 2.686519e-01, 5.090305e-01
173, 2.687376e-01, 2.099893e-01
174, 2.689968e-01, 4.178496e-01
175, 2.701659e-01, 6.823307e-01
176, 2.706926e-01, 3.592102e-01
177, 2.707109e-01, 2.319831e-01
178, 2.709221e-01, 7.427606e-01
179, 2.709672e-01, 4.428534e-01
180, 2.712600e-01, 5.071027e-01
181, 2.716346e-01, 7.463486e-01
182, 2.720060e-01, 4.460635e-01
183, 2.721975e-01, 5.906119e-01
184, 2.723953e-01, 5.039687e-01
185, 2.726723e-01, 2.958719e-01
186, 2.727234e-01, 3.570400e-01
187, 2.731045e-01, 8.043882e-01
188, 2.780991e-01, 7.750466e-01
189, 2.794433e-01, 7.001371e-01
190, 2.794681e-01, 6.973019e-01
191, 2.800167e-01, 2.489422e-01
192, 2.804207e-01, 4.748963e-01
193, 2.826580e-01, 1.742248e-01
194, 2.830802e-01, 3.257983e-01
195, 2.834047e-01, 4.748674e-01
196, 2.834456e-01, 6.253557e-01
197, 2.837752e-01, 7.748298e-01
198, 2.904308e-01, 7.282706e-01
199, 2.908397e-01, 8.201781e-01
200, 2.914005e-01, 4.939356e-01
201, 2.914751e-01, 2.784481e-01
202, 2.915107e-01, 3.448193e-01
203, 2.915435e-01, 6.047363e-01
204, 2.918864e-01, 2.824820e-01
205, 2.921356e-01, 7.343364e-01
206, 2.922572e-01, 7.930868e-01
207, 2.925145e-01, 6.430479e-01
208, 2.925888e-01, 1.955002e-01
209, 2.927852e-01, 4.918920e-01
210, 2.928346e-01, 3.074683e-01
211, 2.930027e-01, 3.425692e-01
212, 2.933665e-01, 8.172214e-01
213, 2.933940e-01, 1.574010e-01
214, 2.937097e-01, 4.335481e-01
215, 2.937659e-01, 6.083527e-01
216, 2.939235e-01, 5.196860e-01
217, 2.946585e-01, 1.922831e-01
218, 2.987763e-01, 4.126762e-01
219, 3.009514e-01, 8.382889e-01
220, 3.013994e-01, 5.617117e-01
221, 3.016330e-01, 6.896736e-01
222, 3.041723e-01, 4.113253e-01
223, 3.054085e-01, 6.882663e-01
224, 3.060944e-01, 5.375817e-01
225, 3.064612e-01, 3.886339e-01
226, 3.064834e-01, 5.622090e-01
227, 3.067141e-01, 8.361733e-01
228, 3.110282e-01, 3.069889e-01
229, 3.112289e-01, 1.929822e-01
230, 3.114623e-01, 6.430322e-01
231, 3.117098e-01, 3.667572e-01
232, 3.118077e-01, 4.932602e-01
233, 3.120798e-01, 5.155003e-01
234, 3.126507e-01, 1.570207e-01
235, 3.128867e-01, 4.321196e-01
236, 3.129534e-01, 7.934100e-01
237, 3.137198e-01, 6.665109e-01
238, 3.137598e-01, 7.582761e-01
239, 3.140656e-01, 1.914797e-01
240, 3.141716e-01, 2.209656e-01
241, 3.142915e-01, 3.091040e-01
242, 3.144452e-01, 8.170369e-01
243, 3.144610e-01, 1.540990e-01
244, 3.145178e-01, 3.697964e-01
245, 3.145480e-01, 7.958772e-01
246, 3.147044e-01, 4.304446e-01
247, 3.147330e-01, 6.412220e-01
248, 3.152474e-01, 7.553636e-01
249, 3.153478e-01, 5.180901e-01
250, 3.153871e-01, 6.712734e-01
251, 3.156830e-01, 2.786909e-01
252, 3.157545e-01, 8.222889e-01
253, 3.160208e-01, 5.789044e-01
254, 3.168258e-01, 5.224219e-01
255, 3.232044e-01, 5.512398e-01
256, 3.236647e-01, 6.250156e-01
257, 3.237061e-01, 1.745914e-01
258, 3.239516e-01, 7.739141e-01
259, 3.264355e-01, 7.013119e-01
260, 3.265805e-01, 5.510366e-01
261, 3.266523e-01, 2.511818e-01
262, 3.267453e-01, 2.474848e-01
263, 3.278673e-01, 3.995029e-01
264, 3.332452e-01, 4.201163e-01
265, 3.334242e-01, 2.048079e-01
266, 3.335632e-01, 8.019824e-01
267, 3.336308e-01, 5.030173e-01
268, 3.338029e-01, 2.073204e-01
269, 3.339750e-01, 4.461902e-01
270, 3.340601e-01, 8.098818e-01
271, 3.342110e-01, 2.953461e-01
272, 3.345763e-01, 2.923255e-01
273, 3.350286e-01, 7.158193e-01
274, 3.350805e-01, 6.587985e-01
275, 3.351321e-01, 5.724025e-01
276, 3.351354e-01, 2.329469e-01
277, 3.351441e-01, 7.449288e-01
278, 3.352924e-01, 8.074652e-01
279, 3.357284e-01, 3.794715e-01
280, 3.358462e-01, 2.683537e-01
281, 3.358771e-01, 4.152569e-01
282, 3.361030e-01, 8.315705e-01
283, 3.369014e-01, 5.323863e-01
284, 3.371436e-01, 6.821928e-01
285, 3.371874e-01, 7.173071e-01
286, 3.375214e-01, 5.684155e-01
287, 3.377026e-01, 3.829627e-01
288, 3.383643e-01, 4.414138e-01
289, 3.431003e-01, 3.378121e-01
290, 3.439169e-01, 6.126676e-01
291, 3.449237e-01, 7.632235e-01
292, 3.451391e-01, 6.373407e-01
293, 3.453953e-01, 4.628810e-01
294, 3.455139e-01, 1.873630e-01
295, 3.483287e-01, 1.631126e-01
296, 3.485098e-01, 6.124756e-01
297, 3.485606e-01, 6.379880e-01
298, 3.490794e-01, 4.623759e-01
299, 3.497260e-01, 4.868786e-01
300, 3.498572e-01, 7.620859e-01
301, 3.546569e-01, 8.310646e-01
302, 3.552268e-01, 8.073950e-01
303, 3.553878e-01, 7.178770e-01
304, 3.555413e-01, 4.401906e-01
305, 3.555920e-01, 2.680308e-01
306, 3.556932e-01, 2.084829e-01
307, 3.560199e-01, 6.818953e-01
308, 3.560249e-01, 2.327094e-01
309, 3.561143e-01, 5.328632e-01
310, 3.562224e-01, 5.913437e-01
311, 3.564912e-01, 3.814822e-01
312, 3.565389e-01, 5.063526e-01
313, 3.566007e-01, 6.554760e-01
314, 3.569695e-01, 3.579421e-01
315, 3.570768e-01, 2.703890e-01
316, 3.570896e-01, 7.414164e-01
317, 3.573583e-01, 2.303625e-01
318, 3.576313e-01, 8.326123e-01
319, 3.580245e-01, 5.298259e-01
320, 3.584687e-01, 3.548073e-01
321, 3.585720e-01, 7.459947e-01
322, 3.585984e-01, 2.965507e-01
323, 3.588574e-01, 6.569250e-01
324, 3.589466e-01, 5.941615e-01
325, 3.591492e-01, 4.437642e-01
326, 3.593608e-01, 7.157631e-01
327, 3.594023e-01, 5.054362e-01
328, 3.597563e-01, 5.967030e-01
329, 3.658027e-01, 7.750093e-01
330, 3.658362e-01, 8.477045e-01
331, 3.662520e-01, 3.255507e-01
332, 3.668995e-01, 6.264150e-01
333, 3.695478e-01, 7.752201e-01
334, 3.698988e-01, 6.264445e-01
335, 3.702580e-01, 3.253822e-01
336, 3.769095e-01, 6.709572e-01
337, 3.777212e-01, 5.804537e-01
338, 3.778183e-01, 7.540409e-01
339, 3.778457e-01, 2.820490e-01
340, 3.781495e-01, 4.952072e-01
341, 3.783231e-01, 3.069020e-01
342, 3.787871e-01, 1.570226e-01
343, 3.788591e-01, 2.797719e-01
344, 3.796691e-01, 2.165717e-01
345, 3.796945e-01, 5.826145e-01
346, 3.798451e-01, 4.918784e-01
347, 3.798754e-01, 7.928484e-01
348, 3.799510e-01, 4.578539e-01
349, 3.799944e-01, 7.583914e-01
350, 3.804246e-01, 7.342021e-01
351, 3.806067e-01, 5.166730e-01
352, 3.807215e-01, 8.159381e-01
353, 3.809765e-01, 6.422157e-01
354, 3.873806e-01, 4.121183e-01
355, 3.875814e-01, 8.402015e-01
356, 3.876398e-01, 5.618313e-01
357, 3.886500e-01, 7.117173e-01
358, 3.890697e-01, 8.382150e-01
359, 3.908003e-01, 4.111350e-01
360, 3.917564e-01, 7.122758e-01
361, 3.917811e-01, 2.613983e-01
362, 3.922959e-01, 2.370928e-01
363, 3.923379e-01, 5.606688e-01
364, 3.923780e-01, 3.872222e-01
365, 3.927602e-01, 8.373349e-01
366, 3.935340e-01, 5.370111e-01
367, 3.981556e-01, 3.065706e-01
368, 3.982931e-01, 7.338641e-01
369, 3.986198e-01, 3.685175e-01
370, 3.996345e-01, 1.921629e-01
371, 3.997017e-01, 5.181898e-01
372, 3.997712e-01, 3.425545e-01
373, 3.998142e-01, 4.573872e-01
374, 3.998661e-01, 2.165045e-01
375, 4.000007e-01, 7.321481e-01
376, 4.001694e-01, 5.823973e-01
377, 4.002819e-01, 3.078168e-01
378, 4.003595e-01, 6.063253e-01
379, 4.010334e-01, 7.585809e-01
380, 4.010999e-01, 3.447779e-01
381, 4.011042e-01, 7.291061e-01
382, 4.011375e-01, 4.919883e-01
383, 4.011439e-01, 7.916717e-01
384, 4.012294e-01, 8.180474e-01
385, 4.014519e-01, 5.796463e-01
386, 4.017979e-01, 2.211329e-01
387, 4.018195e-01, 3.689728e-01
388, 4.023627e-01, 8.216562e-01
389, 4.024204e-01, 7.561192e-01
390, 4.036377e-01, 2.775447e-01
391, 4.094097e-01, 2.492053e-01
392, 4.098663e-01, 6.998867e-01
393, 4.099601e-01, 3.246831e-01
394, 4.103334e-01, 4.747210e-01
395, 4.103450e-01, 1.730772e-01
396, 4.104112e-01, 1.758332e-01
397, 4.127742e-01, 6.999109e-01
398, 4.141330e-01, 2.493617e-01
399, 4.195024e-01, 2.964846e-01
400, 4.196838e-01, 6.554587e-01
401, 4.197360e-01, 3.542046e-01
402, 4.202261e-01, 6.793150e-01
403, 4.202330e-01, 2.926187e-01
404, 4.207612e-01, 5.292076e-01
405, 4.211045e-01, 7.465847e-01
406, 4.214869e-01, 5.720435e-01
407, 4.218491e-01, 4.454169e-01
408, 4.218862e-01, 4.418532e-01
409, 4.220594e-01, 4.174557e-01
410, 4.222916e-01, 2.301292e-01
411, 4.224265e-01, 6.833346e-01
412, 4.224900e-01, 8.314960e-01
413, 4.225657e-01, 3.828336e-01
414, 4.226926e-01, 6.586057e-01
415, 4.228319e-01, 2.901972e-01
416, 4.228413e-01, 5.912984e-01
417, 4.231749e-01, 5.331083e-01
418, 4.239995e-01, 5.679031e-01
419, 4.245658e-01, 2.338450e-01
420, 4.289730e-01, 6.359405e-01
421, 4.292356e-01, 1.614646e-01
422, 4.296464e-01, 3.149061e-01
423, 4.302118e-01, 3.369605e-01
424, 4.310744e-01, 1.861534e-01
425, 4.318366e-01, 3.118347e-01
426, 4.330322e-01, 7.873840e-01
427, 4.330496e-01, 3.361981e-01
428, 4.336106e-01, 1.632097e-01
429, 4.339006e-01, 4.867402e-01
430, 4.346471e-01, 1.866313e-01
431, 4.350346e-01, 6.139123e-01
432, 4.365517e-01, 3.106283e-01
433, 4.370007e-01, 3.370899e-01
434, 4.412784e-01, 6.577416e-01
435, 4.420438e-01, 5.320231e-01
436, 4.421423e-01, 2.335627e-01
437, 4.421937e-01, 3.828794e-01
438, 4.423274e-01, 5.097609e-01
439, 4.425686e-01, 7.169979e-01
440, 4.428912e-01, 8.323737e-01
441, 4.429935e-01, 4.183280e-01
442, 4.433863e-01, 4.400663e-01
443, 4.434272e-01, 6.828735e-01
444, 4.435032e-01, 8.090180e-01
445, 4.436753e-01, 6.554573e-01
446, 4.442938e-01, 2.690968e-01
447, 4.444048e-01, 7.201812e-01
448, 4.450124e-01, 5.070971e-01
449, 4.454696e-01, 8.070414e-01
450, 4.454840e-01, 7.405458e-01
451, 4.455034e-01, 4.423588e-01
452, 4.457935e-01, 5.041057e-01
453, 4.461547e-01, 4.453835e-01
454, 4.518000e-01, 3.250414e-01
455, 4.523232e-01, 7.018756e-01
456, 4.523291e-01, 6.977917e-01
457, 4.562011e-01, 4.749800e-01
458, 4.566449e-01, 6.226502e-01
459, 4.566653e-01, 6.258946e-01
460, 4.568109e-01, 3.250553e-01
461, 4.618005e-01, 5.812896e-01
462, 4.634358e-01, 8.214594e-01
463, 4.639574e-01, 7.917456e-01
464, 4.639860e-01, 3.700359e-01
465, 4.642734e-01, 8.167434e-01
466, 4.643268e-01, 6.442091e-01
467, 4.644839e-01, 4.562350e-01
468, 4.645871e-01, 2.791750e-01
469, 4.645956e-01, 5.191988e-01
470, 4.649678e-01, 6.069989e-01
471, 4.649913e-01, 7.292063e-01
472, 4.653603e-01, 3.042020e-01
473, 4.656287e-01, 4.583877e-01
474, 4.657955e-01, 3.678764e-01
475, 4.658623e-01, 7.331383e-01
476, 4.659792e-01, 6.411180e-01
477, 4.663491e-01, 5.853812e-01
478, 4.666052e-01, 6.667798e-01
479, 4.667103e-01, 2.160010e-01
480, 4.672071e-01, 5.161937e-01
481, 4.673555e-01, 3.441806e-01
482, 4.678201e-01, 3.086675e-01
483, 4.687363e-01, 7.947419e-01
484, 4.730809e-01, 7.121183e-01
485, 4.737282e-01, 2.373293e-01
486, 4.738293e-01, 3.857459e-01
487, 4.744942e-01, 5.383215e-01
488, 4.750366e-01, 8.378607e-01
489, 4.751894e-01, 6.893394e-01
490, 4.752606e-01, 5.627581e-01
491, 4.754051e-01, 2.598702e-01
492, 4.761130e-01, 3.865895e-01
493, 4.770846e-01, 5.390316e-01
494, 4.779061e-01, 7.128513e-01
495, 4.783781e-01, 2.616216e-01
496, 4.798205e-01, 6.883640e-01
497, 4.845369e-01, 6.666064e-01
498, 4.845632e-01, 5.168883e-01
499, 4.850358e-01, 7.945190e-01
500, 4.857095e-01, 4.583942e-01
501, 4.857844e-01, 4.352060e-01
502, 4.858107e-01, 6.414597e-01
503, 4.861523e-01, 3.087205e-01
504, 4.866829e-01, 2.836243e-01
505, 4.870818e-01, 5.195716e-01
506, 4.871547e-01, 6.074699e-01
507, 4.872088e-01, 4.918579e-01
508, 4.881837e-01, 6.460347e-01
509, 4.882953e-01, 3.661320e-01
510, 4.884626e-01, 7.310011e-01
511, 4.885765e-01, 3.040928e-01
512, 4.892319e-01, 4.323030e-01
513, 4.893359e-01, 3.711852e-01
514, 4.893515e-01, 4.963121e-01
515, 4.894069e-01, 7.284078e-01
516, 4.897549e-01, 4.293602e-01
517, 4.942902e-01, 6.992949e-01
518, 4.951454e-01, 1.739805e-01
519, 4.951919e-01, 7.746129e-01
520, 4.965929e-01, 6.249908e-01
521, 4.968401e-01, 3.246911e-01
522, 4.989628e-01, 6.996509e-01
523, 4.990577e-01, 5.485103e-01
524, 4.991692e-01, 5.528723e-01
525, 5.001942e-01, 6.250951e-01
526, 5.005884e-01, 2.533046e-01
527, 5.006648e-01, 1.741369e-01
528, 5.007313e-01, 2.478445e-01
529, 5.012240e-01, 7.748851e-01
530, 5.065702e-01, 5.658582e-01
531, 5.065766e-01, 8.028365e-01
532, 5.067236e-01, 5.069398e-01
533, 5.071768e-01, 2.020041e-01
534, 5.074671e-01, 8.058746e-01
535, 5.083568e-01, 4.181711e-01
536, 5.084829e-01, 6.780769e-01
537, 5.084882e-01, 2.953524e-01
538, 5.085117e-01, 5.088323e-01
539, 5.086297e-01, 5.310898e-01
540, 5.091026e-01, 2.076473e-01
541, 5.093145e-01, 2.673719e-01
542, 5.099204e-01, 8.083882e-01
543, 5.102824e-01, 5.681056e-01
544, 5.104760e-01, 6.806492e-01
545, 5.108966e-01, 7.419966e-01
546, 5.157479e-01, 7.874067e-01
547, 5.168337e-01, 4.619569e-01
548, 5.168367e-01, 7.630358e-01
549, 5.168811e-01, 6.382532e-01
550, 5.174800e-01, 3.118189e-01
551, 5.175738e-01, 1.619299e-01
552, 5.176344e-01, 6.132088e-01
553, 5.180974e-01, 1.854323e-01
554, 5.202163e-01, 7.637248e-01
555, 5.206028e-01, 1.627553e-01
556, 5.210469e-01, 6.141156e-01
557, 5.215400e-01, 3.114621e-01
558, 5.223377e-01, 6.367987e-01
559, 5.237144e-01, 7.625072e-01
560, 5.271218e-01, 8.083279e-01
561, 5.277040e-01, 6.813573e-01
562, 5.282811e-01, 4.401260e-01
563, 5.287405e-01, 3.826427e-01
564, 5.291786e-01, 5.916603e-01
565, 5.294525e-01, 2.681984e-01
566, 5.297014e-01, 4.182010e-01
567, 5.297800e-01, 5.674809e-01
568, 5.297993e-01, 7.162973e-01
569, 5.299788e-01, 8.312715e-01
570, 5.300769e-01, 3.578984e-01
571, 5.300792e-01, 5.329402e-01
572, 5.302042e-01, 5.084591e-01
573, 5.305779e-01, 7.432680e-01
574, 5.306719e-01, 8.044907e-01
575, 5.307162e-01, 6.583044e-01
576, 5.309232e-01, 6.834809e-01
577, 5.311951e-01, 8.286370e-01
578, 5.312163e-01, 2.076887e-01
579, 5.312758e-01, 5.700821e-01
580, 5.314694e-01, 2.910891e-01
581, 5.319201e-01, 4.437159e-01
582, 5.320635e-01, 5.943646e-01
583, 5.322627e-01, 3.558513e-01
584, 5.324552e-01, 5.058097e-01
585, 5.329711e-01, 2.955361e-01
586, 5.329747e-01, 3.529171e-01
587, 5.378164e-01, 3.246558e-01
588, 5.387862e-01, 5.506272e-01
589, 5.407326e-01, 2.489281e-01
590, 5.416836e-01, 5.507587e-01
591, 5.427198e-01, 3.247347e-01
592, 5.478620e-01, 2.190078e-01
593, 5.487758e-01, 8.181975e-01
594, 5.493716e-01, 3.689116e-01
595, 5.504127e-01, 5.214988e-01
596, 5.508710e-01, 7.305430e-01
597, 5.512038e-01, 6.059137e-01
598, 5.512505e-01, 2.785521e-01
599, 5.512978e-01, 1.956524e-01
600, 5.521688e-01, 2.819727e-01
601, 5.521969e-01, 4.938057e-01
602, 5.522472e-01, 3.662568e-01
603, 5.525921e-01, 6.433946e-01
604, 5.526018e-01, 7.327727e-01
605, 5.528141e-01, 7.949963e-01
606, 5.530258e-01, 2.181710e-01
607, 5.530706e-01, 6.090799e-01
608, 5.531250e-01, 3.077109e-01
609, 5.533862e-01, 4.345773e-01
610, 5.534610e-01, 1.917125e-01
611, 5.540100e-01, 7.928214e-01
612, 5.540703e-01, 4.904725e-01
613, 5.541192e-01, 7.550596e-01
614, 5.546501e-01, 2.841120e-01
615, 5.587645e-01, 8.370158e-01
616, 5.592955e-01, 2.628072e-01
617, 5.598108e-01, 3.872836e-01
618, 5.599192e-01, 4.104820e-01
619, 5.609922e-01, 2.390844e-01
620, 5.610409e-01, 6.915178e-01
621, 5.617056e-01, 4.134717e-01
622, 5.627751e-01, 5.627918e-01
623, 5.644381e-01, 5.605152e-01
624, 5.645950e-01, 4.142760e-01
625, 5.647861e-01, 8.384537e-01
626, 5.657308e-01, 5.370610e-01
627, 5.660190e-01, 2.380687e-01
628, 5.704369e-01, 7.565367e-01
629, 5.717009e-01, 5.159875e-01
630, 5.721926e-01, 6.665770e-01
631, 5.722235e-01, 6.083339e-01
632, 5.724691e-01, 5.847908e-01
633, 5.724747e-01, 2.166644e-01
634, 5.725145e-01, 4.565055e-01
635, 5.731816e-01, 3.092760e-01
636, 5.733273e-01, 3.426729e-01
637, 5.736668e-01, 1.916472e-01
638, 5.737536e-01, 4.924545e-01
639, 5.743901e-01, 6.038201e-01
640, 5.745234e-01, 2.786053e-01
641, 5.748357e-01, 4.947429e-01
642, 5.748606e-01, 2.183529e-01
643, 5.749599e-01, 3.461870e-01
644, 5.750755e-01, 5.811803e-01
645, 5.750942e-01, 3.060854e-01
646, 5.757681e-01, 4.581668e-01
647, 5.758030e-01, 7.345989e-01
648, 5.784825e-01, 3.695461e-01
649, 5.823626e-01, 7.746509e-01
650, 5.826306e-01, 6.227238e-01
651, 5.829157e-01, 3.255559e-01
652, 5.829620e-01, 6.271424e-01
653, 5.838403e-01, 1.753904e-01
654, 5.847191e-01, 4.765364e-01
655, 5.848345e-01, 4.737305e-01
656, 5.854937e-01, 2.491847e-01
657, 5.856921e-01, 6.988667e-01
658, 5.859934e-01, 7.743827e-01
659, 5.910378e-01, 2.049084e-01
660, 5.935927e-01, 4.437719e-01
661, 5.938937e-01, 7.455953e-01
662, 5.939388e-01, 2.292092e-01
663, 5.940307e-01, 7.216252e-01
664, 5.941756e-01, 2.052935e-01
665, 5.944070e-01, 3.558434e-01
666, 5.944216e-01, 8.030030e-01
667, 5.945012e-01, 2.953038e-01
668, 5.946833e-01, 2.917735e-01
669, 5.950300e-01, 8.073393e-01
670, 5.955306e-01, 6.831704e-01
671, 5.955399e-01, 8.327450e-01
672, 5.955495e-01, 5.317610e-01
673, 5.955825e-01, 5.668983e-01
674, 5.959401e-01, 2.329620e-01
675, 5.961166e-01, 7.182699e-01
676, 5.962647e-01, 4.416523e-01
677, 5.965318e-01, 3.580862e-01
678, 5.966796e-01, 2.083074e-01
679, 5.967169e-01, 7.422234e-01
680, 5.975241e-01, 8.101463e-01
681, 5.978162e-01, 5.110507e-01
682, 6.019641e-01, 7.619841e-01
683, 6.037847e-01, 6.130017e-01
684, 6.038256e-01, 6.366027e-01
685, 6.042254e-01, 7.864628e-01
686, 6.049324e-01, 1.623989e-01
687, 6.049347e-01, 4.637526e-01
688, 6.054784e-01, 7.887825e-01
689, 6.056347e-01, 1.869931e-01
690, 6.068247e-01, 6.141260e-01
691, 6.076133e-01, 1.660583e-01
692, 6.079909e-01, 4.633423e-01
693, 6.082108e-01, 3.372897e-01
694, 6.084938e-01, 7.637332e-01
695, 6.093114e-01, 6.383283e-01
696, 6.154946e-01, 2.089258e-01
697, 6.157500e-01, 2.920932e-01
698, 6.157728e-01, 6.581267e-01
699, 6.158137e-01, 4.176703e-01
700, 6.158811e-01, 5.334728e-01
701, 6.161587e-01, 3.834183e-01
702, 6.163946e-01, 8.095668e-01
703, 6.166105e-01, 7.181286e-01
704, 6.166803e-01, 5.919207e-01
705, 6.167314e-01, 6.843119e-01
706, 6.168273e-01, 8.334136e-01
707, 6.172219e-01, 4.199982e-01
708, 6.177021e-01, 6.561951e-01
709, 6.178871e-01, 2.940239e-01
710, 6.180200e-01, 3.553558e-01
711, 6.180532e-01, 7.442851e-01
712, 6.183673e-01, 5.296969e-01
713, 6.184786e-01, 5.935427e-01
714, 6.186401e-01, 8.295240e-01
715, 6.189914e-01, 6.803691e-01
716, 6.245583e-01, 5.513000e-01
717, 6.258632e-01, 3.994686e-01
718, 6.260391e-01, 2.486236e-01
719, 6.264705e-01, 8.479916e-01
720, 6.284964e-01, 4.763665e-01
721, 6.285269e-01, 3.246036e-01
722, 6.285408e-01, 7.745500e-01
723, 6.295570e-01, 5.509282e-01
724, 6.361368e-01, 2.807920e-01
725, 6.364175e-01, 5.222552e-01
726, 6.365016e-01, 1.586074e-01
727, 6.365547e-01, 5.794042e-01
728, 6.369467e-01, 3.667555e-01
729, 6.372394e-01, 5.193153e-01
730, 6.373681e-01, 7.525747e-01
731, 6.376662e-01, 4.949953e-01
732, 6.378822e-01, 5.836597e-01
733, 6.378971e-01, 6.102623e-01
734, 6.380856e-01, 3.697901e-01
735, 6.381978e-01, 7.290291e-01
736, 6.384894e-01, 1.904800e-01
737, 6.386870e-01, 4.568136e-01
738, 6.387586e-01, 3.070392e-01
739, 6.388274e-01, 7.321770e-01
740, 6.388730e-01, 7.926797e-01
741, 6.388797e-01, 2.835081e-01
742, 6.390868e-01, 6.434028e-01
743, 6.391998e-01, 4.914566e-01
744, 6.396437e-01, 7.571791e-01
745, 6.399588e-01, 1.564700e-01
746, 6.405557e-01, 5.158475e-01
747, 6.405649e-01, 6.085991e-01
748, 6.406864e-01, 7.344956e-01
749, 6.418776e-01, 1.923615e-01
750, 6.453722e-01, 5.369262e-01
751, 6.457544e-01, 4.121668e-01
752, 6.458166e-01, 7.098068e-01
753, 6.458938e-01, 8.377906e-01
754, 6.479131e-01, 5.612256e-01
755, 6.480775e-01, 2.609503e-01
756, 6.484508e-01, 2.370638e-01
757, 6.503648e-01, 2.396237e-01
758, 6.505557e-01, 8.394100e-01
759, 6.506233e-01, 5.381496e-01
760, 6.521885e-01, 5.622335e-01
761, 6.530513e-01, 6.903045e-01
762, 6.573903e-01, 4.562069e-01
763, 6.577438e-01, 3.432842e-01
764, 6.585005e-01, 3.669539e-01
765, 6.587567e-01, 5.172107e-01
766, 6.587747e-01, 4.319638e-01
767, 6.587881e-01, 6.653104e-01
768, 6.588338e-01, 7.344078e-01
769, 6.593495e-01, 1.565608e-01
770, 6.595244e-01, 6.435046e-01
771, 6.598614e-01, 4.286523e-01
772, 6.598974e-01, 4.910342e-01
773, 6.599144e-01, 2.170445e-01
774, 6.599192e-01, 4.344070e-01
775, 6.603147e-01, 6.079461e-01
776, 6.604434e-01, 3.073248e-01
777, 6.604944e-01, 2.815704e-01
778, 6.610369e-01, 3.416309e-01
779, 6.612545e-01, 4.584927e-01
780, 6.612996e-01, 2.792182e-01
781, 6.615979e-01, 1.581422e-01
782, 6.622934e-01, 6.687864e-01
783, 6.625929e-01, 6.715220e-01
784, 6.628050e-01, 4.964673e-01
785, 6.630127e-01, 7.299372e-01
786, 6.684828e-01, 6.996645e-01
787, 6.700011e-01, 1.763070e-01
788, 6.702507e-01, 1.737205e-01
789, 6.702911e-01, 4.743515e-01
790, 6.725758e-01, 4.008087e-01
791, 6.727937e-01, 2.488718e-01
792, 6.731647e-01, 6.998898e-01
793, 6.789242e-01, 4.424252e-01
794, 6.790146e-01, 3.552152e-01
795, 6.803094e-01, 2.358266e-01
796, 6.810186e-01, 5.944977e-01
797, 6.810467e-01, 5.314202e-01
798, 6.811458e-01, 3.820008e-01
799, 6.812180e-01, 7.440733e-01
800, 6.815214e-01, 4.418798e-01
801, 6.815478e-01, 7.160731e-01
802, 6.815795e-01, 8.025447e-01
803, 6.817880e-01, 5.693261e-01
804, 6.825041e-01, 6.829719e-01
805, 6.830676e-01, 5.920002e-01
806, 6.834154e-01, 5.664326e-01
807, 6.835125e-01, 3.595349e-01
808, 6.838920e-01, 5.091685e-01
809, 6.841638e-01, 7.417758e-01
810, 6.847892e-01, 2.331067e-01
811, 6.852330e-01, 6.812562e-01
812, 6.895856e-01, 7.846555e-01
813, 6.905918e-01, 3.121304e-01
814, 6.910188e-01, 6.123256e-01
815, 6.911072e-01, 7.871421e-01
816, 6.923489e-01, 4.624545e-01
817, 6.924705e-01, 1.885938e-01
818, 6.925453e-01, 3.345961e-01
819, 6.947534e-01, 6.131892e-01
820, 6.949146e-01, 1.879789e-01
821, 6.957978e-01, 7.875671e-01
822, 6.966945e-01, 6.372335e-01
823, 7.014487e-01, 7.417999e-01
824, 7.020148e-01, 8.101778e-01
825, 7.020588e-01, 5.093033e-01
826, 7.020645e-01, 8.317488e-01
827, 7.021431e-01, 2.085183e-01
828, 7.027823e-01, 3.587985e-01
829, 7.028898e-01, 2.691887e-01
830, 7.035392e-01, 3.560226e-01
831, 7.037159e-01, 7.165410e-01
832, 7.037269e-01, 3.837666e-01
833, 7.037285e-01, 6.542451e-01
834, 7.041576e-01, 5.330363e-01
835, 7.044118e-01, 8.080394e-01
836, 7.051697e-01, 2.055047e-01
837, 7.053348e-01, 6.583543e-01
838, 7.059226e-01, 7.218190e-01
839, 7.060350e-01, 8.026991e-01
840, 7.064120e-01, 4.452403e-01
841, 7.110487e-01, 7.741014e-01
842, 7.115658e-01, 5.493480e-01
843, 7.134418e-01, 4.751050e-01
844, 7.134586e-01, 6.236680e-01
845, 7.152496e-01, 3.235161e-01
846, 7.153388e-01, 3.267636e-01
847, 7.160354e-01, 5.493947e-01
848, 7.160515e-01, 7.737550e-01
849, 7.167022e-01, 1.748423e-01
850, 7.176399e-01, 4.752624e-01
851, 7.179638e-01, 6.233217e-01
852, 7.207440e-01, 2.199411e-01
853, 7.221338e-01, 4.296520e-01
854, 7.224894e-01, 5.780333e-01
855, 7.230563e-01, 3.074564e-01
856, 7.230820e-01, 1.559072e-01
857, 7.240365e-01, 3.702295e-01
858, 7.240822e-01, 1.961852e-01
859, 7.241192e-01, 2.775467e-01
860, 7.242308e-01, 2.196460e-01
861, 7.246480e-01, 6.464985e-01
862, 7.247070e-01, 8.203839e-01
863, 7.247602e-01, 1.589526e-01
864, 7.248539e-01, 6.711288e-01
865, 7.249526e-01, 4.551036e-01
866, 7.249980e-01, 3.666802e-01
867, 7.254285e-01, 3.060430e-01
868, 7.257073e-01, 4.924835e-01
869, 7.257382e-01, 7.935423e-01
870, 7.257524e-01, 2.829897e-01
871, 7.262333e-01, 6.091555e-01
872, 7.263371e-01, 3.423722e-01
873, 7.263449e-01, 4.332664e-01
874, 7.266001e-01, 4.577063e-01
875, 7.270462e-01, 6.676589e-01
876, 7.272490e-01, 6.424104e-01
877, 7.272666e-01, 1.913657e-01
878, 7.325042e-01, 6.855833e-01
879, 7.328517e-01, 7.105039e-01
880, 7.339008e-01, 5.620143e-01
881, 7.346901e-01, 7.130274e-01
882, 7.347448e-01, 2.387290e-01
883, 7.362347e-01, 5.613622e-01
884, 7.366481e-01, 6.870028e-01
885, 7.380057e-01, 7.139730e-01
886, 7.388704e-01, 2.377881e-01
887, 7.395856e-01, 3.875678e-01
888, 7.396241e-01, 5.624271e-01
889, 7.397525e-01, 6.909463e-01
890, 7.445222e-01, 7.347414e-01
891, 7.461233e-01, 2.822599e-01
892, 7.466314e-01, 6.657713e-01
893, 7.466508e-01, 4.311089e-01
894, 7.467325e-01, 7.918699e-01
895, 7.469460e-01, 3.407592e-01
896, 7.471043e-01, 6.074857e-01
897, 7.477942e-01, 8.158286e-01
898, 7.482109e-01, 7.304452e-01
899, 7.484380e-01, 2.798129e-01
900, 7.494215e-01, 8.191488e-01
901, 7.494842e-01, 4.312564e-01
902, 7.560738e-01, 3.257820e-01
903, 7.563022e-01, 7.753596e-01
904, 7.577029e-01, 4.776006e-01
905, 7.577140e-01, 4.751133e-01
906, 7.579601e-01, 1.743010e-01
907, 7.581120e-01, 5.479724e-01
908, 7.581388e-01, 5.504843e-01
909, 7.582578e-01, 6.263954e-01
910, 7.592315e-01, 6.986154e-01
911, 7.650145e-01, 4.456693e-01
912, 7.664662e-01, 5.346843e-01
913, 7.669396e-01, 6.566563e-01
914, 7.669682e-01, 2.092277e-01
915, 7.670300e-01, 5.970538e-01
916, 7.672059e-01, 2.034353e-01
917, 7.672064e-01, 3.781642e-01
918, 7.676890e-01, 2.949677e-01
919, 7.677488e-01, 4.457948e-01
920, 7.679403e-01, 2.067750e-01
921, 7.680749e-01, 8.300431e-01
922, 7.682138e-01, 5.700784e-01
923, 7.684594e-01, 5.055302e-01
924, 7.685712e-01, 7.176892e-01
925, 7.687993e-01, 4.185428e-01
926, 7.689192e-01, 6.836185e-01
927, 7.692855e-01, 5.100983e-01
928, 7.693920e-01, 8.320753e-01
929, 7.696353e-01, 6.585388e-01
930, 7.696868e-01, 5.678132e-01
931, 7.699977e-01, 2.924490e-01
932, 7.704357e-01, 4.430309e-01
933, 7.705625e-01, 3.843275e-01
934, 7.722370e-01, 5.313779e-01
935, 7.757629e-01, 4.624614e-01
936, 7.759443e-01, 1.882511e-01
937, 7.767073e-01, 7.635963e-01
938, 7.772922e-01, 3.126505e-01
939, 7.781263e-01, 6.353916e-01
940, 7.792861e-01, 7.644919e-01
941, 7.793457e-01, 4.636424e-01
942, 7.807683e-01, 1.870683e-01
943, 7.808859e-01, 6.365082e-01
944, 7.809672e-01, 1.626232e-01
945, 7.815713e-01, 3.118435e-01
946, 7.822142e-01, 7.638144e-01
947, 7.828823e-01, 4.872785e-01
948, 7.878056e-01, 8.308070e-01
949, 7.881633e-01, 7.420657e-01
950, 7.882877e-01, 5.682128e-01
951, 7.887794e-01, 2.670422e-01
952, 7.890620e-01, 2.314672e-01
953, 7.892138e-01, 6.837372e-01
954, 7.894033e-01, 8.081022e-01
955, 7.894373e-01, 4.194409e-01
956, 7.900389e-01, 6.578897e-01
957, 7.905057e-01, 8.323810e-01
958, 7.906825e-01, 5.962105e-01
959, 7.907109e-01, 6.813049e-01
960, 7.912706e-01, 2.960327e-01
961, 7.912911e-01, 2.072618e-01
962, 7.917591e-01, 8.055981e-01
963, 7.918508e-01, 2.041491e-01
964, 7.919751e-01, 6.559514e-01
965, 7.981451e-01, 5.483690e-01
966, 7.982337e-01, 1.756434e-01
967, 7.997185e-01, 6.999632e-01
968, 7.998053e-01, 7.028959e-01
969, 8.014036e-01, 6.250256e-01
970, 8.026474e-01, 5.488306e-01
971, 8.030029e-01, 1.753757e-01
972, 8.083361e-01, 7.309960e-01
973, 8.090297e-01, 3.726986e-01
974, 8.099108e-01, 8.183402e-01
975, 8.100625e-01, 5.778450e-01
976, 8.107063e-01, 4.577647e-01
977, 8.110753e-01, 3.427856e-01
978, 8.115339e-01, 7.311196e-01
979, 8.116058e-01, 2.213810e-01
980, 8.116658e-01, 4.952432e-01
981, 8.120086e-01, 3.044446e-01
982, 8.122789e-01, 1.581936e-01
983, 8.127671e-01, 6.076162e-01
984, 8.129669e-01, 2.835039e-01
985, 8.131457e-01, 4.924641e-01
986, 8.133457e-01, 3.442093e-01
987, 8.133717e-01, 7.327554e-01
988, 8.135356e-01, 8.158322e-01
989, 8.135754e-01, 3.071387e-01
990, 8.149433e-01, 5.165644e-01
991, 8.192130e-01, 6.901546e-01
992, 8.196226e-01, 4.118859e-01
993, 8.209504e-01, 2.627367e-01
994, 8.213402e-01, 6.869005e-01
995, 8.216782e-01, 2.390552e-01
996, 8.225284e-01, 4.110860e-01
997, 8.236079e-01, 2.619317e-01
998, 8.247159e-01, 2.381148e-01
999, 8.261985e-01, 6.864465e-01
1000, 8.263248e-01, 2.626441e-01
1001, 8.264644e-01, 4.120023e-01
1002, 8.306215e-01, 1.582752e-01
1003, 8.316690e-01, 6.077108e-01
1004, 8.317214e-01, 7.329883e-01
1005, 8.317660e-01, 3.433541e-01
1006, 8.318416e-01, 4.578992e-01
1007, 8.320132e-01, 3.088761e-01
1008, 8.322221e-01, 4.906800e-01
1009, 8.323642e-01, 5.155947e-01
1010, 8.324722e-01, 1.551930e-01
1011, 8.326688e-01, 7.911773e-01
1012, 8.329009e-01, 5.829599e-01
1013, 8.330605e-01, 2.167872e-01
1014, 8.332403e-01, 7.572280e-01
1015, 8.335300e-01, 3.068026e-01
1016, 8.337190e-01, 3.657202e-01
1017, 8.340279e-01, 1.935247e-01
1018, 8.340351e-01, 7.934490e-01
1019, 8.344930e-01, 2.215432e-01
1020, 8.345823e-01, 7.548181e-01
1021, 8.347203e-01, 2.813831e-01
1022, 8.347341e-01, 4.947163e-01
1023, 8.355623e-01, 6.721377e-01
1024, 8.356661e-01, 5.804601e-01
1025, 8.364305e-01, 5.189164e-01
1026, 8.409633e-01, 4.744124e-01
1027, 8.414414e-01, 3.257595e-01
1028, 8.414722e-01, 6.995932e-01
1029, 8.423434e-01, 6.265212e-01
1030, 8.448809e-01, 4.005006e-01
1031, 8.449022e-01, 4.744597e-01
1032, 8.453891e-01, 6.261470e-01
1033, 8.458058e-01, 3.260199e-01
1034, 8.459370e-01, 5.482086e-01
1035, 8.459617e-01, 5.506846e-01
1036, 8.465810e-01, 6.995866e-01
1037, 1.514121e-01, 7.747117e-01
1038, 1.529555e-01, 2.499937e-01
1039, 1.616366e-01, 3.578871e-01
1040, 1.528402e-01, 5.495598e-01
1041, 1.621691e-01, 5.690312e-01
1042, 1.618590e-01, 5.930073e-01
1043, 1.626249e-01, 7.436067e-01
1044, 1.639105e-01, 8.322845e-01
1045, 1.752194e-01, 1.628834e-01
1046, 1.748441e-01, 3.373462e-01
1047, 1.751410e-01, 7.643787e-01
1048, 1.746189e-01, 7.869231e-01
1049, 1.741152e-01, 6.149286e-01
1050, 1.858982e-01, 5.941947e-01
1051, 1.835072e-01, 5.066514e-01
1052, 1.848326e-01, 6.571853e-01
1053, 1.846916e-01, 2.678266e-01
1054, 1.839840e-01, 5.331018e-01
1055, 1.842625e-01, 5.679805e-01
1056, 1.836094e-01, 7.184221e-01
1057, 2.069400e-01, 1.564205e-01
1058, 2.052999e-01, 1.930867e-01
1059, 2.172703e-01, 2.360542e-01
1060, 2.072023e-01, 3.430363e-01
1061, 2.042257e-01, 3.659435e-01
1062, 2.145707e-01, 3.869766e-01
1063, 2.063436e-01, 4.565237e-01
1064, 2.168076e-01, 5.385758e-01
1065, 2.054802e-01, 7.312009e-01
1066, 1.969799e-01, 7.742350e-01
1067, 2.159394e-01, 8.388312e-01
1068, 2.163914e-01, 2.615563e-01
1069, 2.155702e-01, 6.879326e-01
1070, 2.160514e-01, 5.621067e-01
1071, 2.280389e-01, 4.314884e-01
1072, 2.292736e-01, 2.196228e-01
1073, 2.281913e-01, 5.184241e-01
1074, 2.270044e-01, 6.683108e-01
1075, 2.295024e-01, 8.189359e-01
1076, 2.284330e-01, 2.792816e-01
1077, 2.291848e-01, 5.810552e-01
1078, 2.384058e-01, 1.756571e-01
1079, 2.277275e-01, 4.929224e-01
1080, 2.276093e-01, 6.065356e-01
1081, 2.269213e-01, 7.916325e-01
1082, 2.360951e-01, 6.260161e-01
1083, 2.370343e-01, 7.751497e-01
1084, 2.486422e-01, 2.064578e-01
1085, 2.502175e-01, 2.327627e-01
1086, 2.602572e-01, 3.385571e-01
1087, 2.394562e-01, 3.999976e-01
1088, 2.482213e-01, 4.448431e-01
1089, 2.492807e-01, 5.676647e-01
1090, 2.492119e-01, 5.918775e-01
1091, 2.485881e-01, 6.592745e-01
1092, 2.480729e-01, 7.428021e-01
1093, 2.584900e-01, 7.634980e-01
1094, 2.496448e-01, 8.066647e-01
1095, 2.619746e-01, 1.636010e-01
1096, 2.615540e-01, 1.879532e-01
1097, 2.714143e-01, 2.919659e-01
1098, 2.689924e-01, 5.324807e-01
1099, 2.687088e-01, 5.673201e-01
1100, 2.707197e-01, 7.175535e-01
1101, 2.692183e-01, 8.331154e-01
1102, 2.728833e-01, 2.047165e-01
1103, 2.706109e-01, 5.949849e-01
1104, 2.704287e-01, 6.562062e-01
1105, 2.724444e-01, 8.077746e-01
1106, 2.718771e-01, 2.666323e-01
1107, 2.713951e-01, 3.829440e-01
1108, 2.809703e-01, 3.998194e-01
1109, 2.903955e-01, 5.183802e-01
1110, 2.795353e-01, 5.480031e-01
1111, 2.914355e-01, 2.181978e-01
1112, 2.920637e-01, 3.696451e-01
1113, 3.028371e-01, 3.892052e-01
1114, 2.913589e-01, 4.307589e-01
1115, 2.924163e-01, 4.570987e-01
1116, 3.008357e-01, 5.378380e-01
1117, 2.918078e-01, 5.806560e-01
1118, 2.927066e-01, 6.682127e-01
1119, 2.922939e-01, 7.592303e-01
1120, 3.041138e-01, 7.114320e-01
1121, 3.038198e-01, 2.395891e-01
1122, 3.042022e-01, 2.620289e-01
1123, 3.138275e-01, 5.840866e-01
1124, 3.142407e-01, 7.325729e-01
1125, 3.133594e-01, 2.164983e-01
1126, 3.147882e-01, 2.845106e-01
1127, 3.122638e-01, 3.446185e-01
1128, 3.142331e-01, 4.576024e-01
1129, 3.233053e-01, 4.744507e-01
1130, 3.126517e-01, 6.064601e-01
1131, 3.232504e-01, 3.255962e-01
1132, 3.444127e-01, 1.634933e-01
1133, 3.348970e-01, 3.575550e-01
1134, 3.352296e-01, 5.066514e-01
1135, 3.435593e-01, 4.856966e-01
1136, 3.351332e-01, 5.944649e-01
1137, 3.330718e-01, 6.560296e-01
1138, 3.356070e-01, 7.407787e-01
1139, 3.452705e-01, 3.130966e-01
1140, 3.476270e-01, 3.369491e-01
1141, 3.462176e-01, 7.874591e-01
1142, 3.686867e-01, 4.754769e-01
1143, 3.596384e-01, 2.049863e-01
1144, 3.571043e-01, 2.925124e-01
1145, 3.577716e-01, 8.053081e-01
1146, 3.571870e-01, 4.183301e-01
1147, 3.573713e-01, 5.690597e-01
1148, 3.674567e-01, 5.502035e-01
1149, 3.770991e-01, 7.317887e-01
1150, 3.768264e-01, 8.192867e-01
1151, 3.653570e-01, 2.492240e-01
1152, 3.681490e-01, 3.999440e-01
1153, 3.677240e-01, 7.006670e-01
1154, 3.695014e-01, 1.740820e-01
1155, 3.796227e-01, 1.913234e-01
1156, 3.776799e-01, 2.187958e-01
1157, 3.875544e-01, 2.614527e-01
1158, 3.793120e-01, 3.431126e-01
1159, 3.784872e-01, 3.679470e-01
1160, 3.868494e-01, 3.886367e-01
1161, 3.782945e-01, 4.312548e-01
1162, 3.774637e-01, 5.198128e-01
1163, 3.880098e-01, 5.387601e-01
1164, 3.790461e-01, 6.057629e-01
1165, 3.785813e-01, 6.667314e-01
1166, 3.882953e-01, 2.386636e-01
1167, 3.898493e-01, 6.879120e-01
1168, 4.008984e-01, 2.835946e-01
1169, 4.003425e-01, 6.690158e-01
1170, 4.011564e-01, 4.325354e-01
1171, 3.995463e-01, 1.563424e-01
1172, 3.982168e-01, 6.431785e-01
1173, 4.111381e-01, 6.249682e-01
1174, 4.108126e-01, 7.772338e-01
1175, 4.215254e-01, 2.070575e-01
1176, 4.225882e-01, 2.685873e-01
1177, 4.215468e-01, 3.578384e-01
1178, 4.123940e-01, 4.000468e-01
1179, 4.215573e-01, 5.064066e-01
1180, 4.128896e-01, 5.495728e-01
1181, 4.209537e-01, 5.945049e-01
1182, 4.322691e-01, 6.108444e-01
1183, 4.222301e-01, 7.188705e-01
1184, 4.227470e-01, 7.430422e-01
1185, 4.218514e-01, 8.074405e-01
1186, 4.338016e-01, 6.355285e-01
1187, 4.339061e-01, 7.639655e-01
1188, 4.549428e-01, 1.757008e-01
1189, 4.325278e-01, 4.622629e-01
1190, 4.439426e-01, 3.562692e-01
1191, 4.427828e-01, 5.672327e-01
1192, 4.440962e-01, 2.944774e-01
1193, 4.443546e-01, 5.933000e-01
1194, 4.446268e-01, 7.435669e-01
1195, 4.442984e-01, 2.057957e-01
1196, 4.626823e-01, 2.190691e-01
1197, 4.653328e-01, 4.320204e-01
1198, 4.634480e-01, 6.690685e-01
1199, 4.533301e-01, 2.495310e-01
1200, 4.532296e-01, 4.015714e-01
1201, 4.532353e-01, 5.502457e-01
1202, 4.653319e-01, 1.579297e-01
1203, 4.648570e-01, 1.934120e-01
1204, 4.663241e-01, 2.833253e-01
1205, 4.656153e-01, 4.933465e-01
1206, 4.557971e-01, 7.757649e-01
1207, 4.673184e-01, 7.577853e-01
1208, 4.764598e-01, 4.115451e-01
1209, 4.775186e-01, 2.390910e-01
1210, 4.982349e-01, 4.000737e-01
1211, 4.860623e-01, 3.431163e-01
1212, 4.867484e-01, 5.822829e-01
1213, 4.865112e-01, 2.180880e-01
1214, 4.879071e-01, 6.706835e-01
1215, 4.880558e-01, 8.194779e-01
1216, 4.869097e-01, 1.574877e-01
1217, 4.875322e-01, 1.930835e-01
1218, 4.975153e-01, 4.761426e-01
1219, 4.858507e-01, 7.572605e-01
1220, 5.096070e-01, 2.326111e-01
1221, 5.089517e-01, 2.916270e-01
1222, 5.086956e-01, 3.564545e-01
1223, 5.103121e-01, 3.824037e-01
1224, 5.078477e-01, 4.430849e-01
1225, 5.082798e-01, 5.927525e-01
1226, 5.082415e-01, 6.549819e-01
1227, 5.085880e-01, 7.187296e-01
1228, 5.071432e-01, 7.461801e-01
1229, 5.073816e-01, 8.320266e-01
1230, 5.212219e-01, 1.851382e-01
1231, 5.192906e-01, 3.371752e-01
1232, 5.215412e-01, 4.625998e-01
1233, 5.204707e-01, 4.882885e-01
1234, 5.218620e-01, 7.866746e-01
1235, 5.434887e-01, 4.746012e-01
1236, 5.295559e-01, 2.330470e-01
1237, 5.304915e-01, 2.046787e-01
1238, 5.336551e-01, 6.549240e-01
1239, 5.406111e-01, 3.995152e-01
1240, 5.380525e-01, 7.004510e-01
1241, 5.516573e-01, 1.564399e-01
1242, 5.435107e-01, 1.737487e-01
1243, 5.511470e-01, 3.429244e-01
1244, 5.501193e-01, 4.305025e-01
1245, 5.532383e-01, 4.567819e-01
1246, 5.519976e-01, 5.176679e-01
1247, 5.513664e-01, 5.818165e-01
1248, 5.436734e-01, 6.238687e-01
1249, 5.526267e-01, 6.690735e-01
1250, 5.428978e-01, 7.744781e-01
1251, 5.526434e-01, 8.173510e-01
1252, 5.626212e-01, 5.385685e-01
1253, 5.635779e-01, 6.886402e-01
1254, 5.637919e-01, 7.125279e-01
1255, 5.644601e-01, 2.607291e-01
1256, 5.658178e-01, 3.890127e-01
1257, 5.715166e-01, 3.679365e-01
1258, 5.745872e-01, 4.324757e-01
1259, 5.759117e-01, 5.200167e-01
1260, 5.741773e-01, 2.825806e-01
1261, 5.747274e-01, 6.693409e-01
1262, 5.750923e-01, 7.301636e-01
1263, 5.749589e-01, 8.187959e-01
1264, 5.739912e-01, 1.561240e-01
1265, 5.740633e-01, 6.445496e-01
1266, 5.737294e-01, 7.926250e-01
1267, 5.954053e-01, 2.677916e-01
1268, 6.054534e-01, 3.129611e-01
1269, 6.049481e-01, 3.366995e-01
1270, 5.951191e-01, 3.826783e-01
1271, 5.850572e-01, 3.994619e-01
1272, 5.960934e-01, 4.180667e-01
1273, 5.937154e-01, 5.063319e-01
1274, 5.852949e-01, 5.506227e-01
1275, 5.957089e-01, 5.920956e-01
1276, 5.955350e-01, 6.584321e-01
1277, 6.061155e-01, 4.879592e-01
1278, 6.161465e-01, 2.676783e-01
1279, 6.168605e-01, 3.583271e-01
1280, 6.170189e-01, 5.079757e-01
1281, 6.187869e-01, 2.050594e-01
1282, 6.167698e-01, 4.441373e-01
1283, 6.174941e-01, 7.413021e-01
1284, 6.191525e-01, 8.056026e-01
1285, 6.166764e-01, 2.326029e-01
1286, 6.161630e-01, 5.671636e-01
1287, 6.273187e-01, 7.003918e-01
1288, 6.298124e-01, 1.747479e-01
1289, 6.380754e-01, 2.176051e-01
1290, 6.399991e-01, 3.424925e-01
1291, 6.371279e-01, 4.306777e-01
1292, 6.295480e-01, 6.251129e-01
1293, 6.376269e-01, 6.688576e-01
1294, 6.497793e-01, 6.861702e-01
1295, 6.390017e-01, 8.183542e-01
1296, 6.512397e-01, 4.112663e-01
1297, 6.492364e-01, 7.136588e-01
1298, 6.493514e-01, 3.886667e-01
1299, 6.718862e-01, 5.506734e-01
1300, 6.629815e-01, 2.198101e-01
1301, 6.599721e-01, 5.814134e-01
1302, 6.620923e-01, 3.710825e-01
1303, 6.611825e-01, 5.206812e-01
1304, 6.614395e-01, 8.188154e-01
1305, 6.601405e-01, 1.927601e-01
1306, 6.709364e-01, 3.245790e-01
1307, 6.714987e-01, 6.246252e-01
1308, 6.609883e-01, 7.572323e-01
1309, 6.594104e-01, 7.925656e-01
1310, 6.695064e-01, 7.733427e-01
1311, 6.805466e-01, 2.075730e-01
1312, 6.816560e-01, 2.671288e-01
1313, 6.814990e-01, 2.931835e-01
1314, 6.825622e-01, 4.193644e-01
1315, 6.816699e-01, 5.061576e-01
1316, 6.919509e-01, 4.877019e-01
1317, 6.810295e-01, 6.576032e-01
1318, 6.906535e-01, 6.355195e-01
1319, 6.810101e-01, 8.324997e-01
1320, 6.818465e-01, 8.061971e-01
1321, 6.919254e-01, 1.640321e-01
1322, 6.928249e-01, 7.637044e-01
1323, 6.939396e-01, 3.134168e-01
1324, 6.940778e-01, 3.371784e-01
1325, 7.025922e-01, 2.326870e-01
1326, 7.026230e-01, 4.170144e-01
1327, 7.050595e-01, 4.419702e-01
1328, 7.024199e-01, 5.658540e-01
1329, 7.034092e-01, 5.924445e-01
1330, 7.045908e-01, 7.446716e-01
1331, 7.037684e-01, 2.931091e-01
1332, 7.053588e-01, 5.057682e-01
1333, 7.135562e-01, 4.001837e-01
1334, 7.024795e-01, 6.814570e-01
1335, 7.141818e-01, 7.021562e-01
1336, 7.131173e-01, 2.488311e-01
1337, 7.357522e-01, 3.884473e-01
1338, 7.357552e-01, 4.117601e-01
1339, 7.239418e-01, 5.197522e-01
1340, 7.242630e-01, 5.824746e-01
1341, 7.250726e-01, 7.328643e-01
1342, 7.241426e-01, 7.579447e-01
1343, 7.258184e-01, 8.165240e-01
1344, 7.364430e-01, 8.373151e-01
1345, 7.359186e-01, 2.609945e-01
1346, 7.353977e-01, 5.387637e-01
1347, 7.448710e-01, 4.566550e-01
1348, 7.461688e-01, 4.936094e-01
1349, 7.473538e-01, 6.431845e-01
1350, 7.463689e-01, 2.175100e-01
1351, 7.472020e-01, 3.684024e-01
1352, 7.479671e-01, 5.170412e-01
1353, 7.468626e-01, 5.815125e-01
1354, 7.488867e-01, 6.681879e-01
1355, 7.462123e-01, 1.559388e-01
1356, 7.447018e-01, 1.943959e-01
1357, 7.470406e-01, 3.055710e-01
1358, 7.466337e-01, 7.565395e-01
1359, 7.768769e-01, 1.629233e-01
1360, 7.581359e-01, 2.487326e-01
1361, 7.697089e-01, 2.312003e-01
1362, 7.695005e-01, 2.681081e-01
1363, 7.685038e-01, 3.567257e-01
1364, 7.605985e-01, 3.999398e-01
1365, 7.783073e-01, 4.862479e-01
1366, 7.676665e-01, 5.928867e-01
1367, 7.797311e-01, 6.120158e-01
1368, 7.685152e-01, 7.439819e-01
1369, 7.678083e-01, 8.058848e-01
1370, 7.802317e-01, 3.362258e-01
1371, 7.802421e-01, 7.873440e-01
1372, 8.008901e-01, 3.251628e-01
1373, 8.011857e-01, 7.748239e-01
1374, 7.905615e-01, 5.338802e-01
1375, 7.894606e-01, 5.920316e-01
1376, 7.905136e-01, 7.188075e-01
1377, 7.932482e-01, 7.454642e-01
1378, 7.906761e-01, 2.922170e-01
1379, 7.904631e-01, 3.560044e-01
1380, 7.908597e-01, 4.428121e-01
1381, 7.916000e-01, 5.061426e-01
1382, 7.993677e-01, 2.501154e-01
1383, 7.905703e-01, 3.823685e-01
1384, 8.114199e-01, 5.197972e-01
1385, 8.005645e-01, 4.015290e-01
1386, 8.124540e-01, 1.934073e-01
1387, 8.123562e-01, 2.165422e-01
1388, 8.108421e-01, 2.804163e-01
1389, 8.112820e-01, 3.657315e-01
1390, 8.116234e-01, 4.323479e-01
1391, 8.014247e-01, 4.736171e-01
1392, 8.239980e-01, 5.381309e-01
1393, 8.213629e-01, 5.614060e-01
1394, 8.111400e-01, 5.838160e-01
1395, 8.128810e-01, 6.422722e-01
1396, 8.118859e-01, 6.693915e-01
1397, 8.123141e-01, 7.568908e-01
1398, 8.128358e-01, 7.927855e-01
1399, 8.218780e-01, 8.383589e-01
1400, 8.231646e-01, 3.878589e-01
1401, 8.238988e-01, 7.118663e-01
1402, 8.462811e-01, 2.501419e-01
1403, 8.338161e-01, 6.422487e-01
1404, 8.362135e-01, 7.290172e-01
1405, 8.337449e-01, 8.186059e-01
1406, 8.323488e-01, 3.696047e-01
1407, 8.332803e-01, 4.322135e-01
1408, 8.341357e-01, 6.646506e-01
1409, 8.430394e-01, 7.740903e-01
1410, 8.421516e-01, 1.755906e-01
1411, 1.500000e-01, 2.484002e-01
1412, 1.500000e-01, 2.516305e-01
1413, 1.500000e-01, 3.993655e-01
1414, 1.500000e-01, 5.476958e-01
1415, 1.500000e-01, 5.510209e-01
1416, 1.500000e-01, 6.973428e-01
1417, 1.500000e-01, 7.033018e-01
1418, 1.500000e-01, 2.244879e-01
1419, 1.500000e-01, 2.125231e-01
1420, 1.500000e-01, 3.747146e-01
1421, 1.500000e-01, 3.657115e-01
1422, 1.500000e-01, 5.235778e-01
1423, 1.500000e-01, 5.119911e-01
1424, 1.500000e-01, 6.757400e-01
1425, 1.500000e-01, 6.643720e-01
1426, 1.500000e-01, 8.248502e-01
1427, 1.500000e-01, 8.153116e-01
1428, 1.500000e-01, 2.759401e-01
1429, 1.500000e-01, 2.858945e-01
1430, 1.500000e-01, 4.241856e-01
1431, 1.500000e-01, 4.379678e-01
1432, 1.500000e-01, 5.743784e-01
1433, 1.500000e-01, 5.872911e-01
1434, 1.500000e-01, 7.262751e-01
1435, 1.500000e-01, 7.346518e-01
1436, 1.500000e-01, 3.014942e-01
1437, 1.500000e-01, 4.516194e-01
1438, 1.500000e-01, 6.222886e-01
1439, 1.500000e-01, 6.005063e-01
1440, 1.500000e-01, 7.723424e-01
1441, 1.500000e-01, 7.514474e-01
1442, 1.500000e-01, 1.977428e-01
1443, 1.500000e-01, 1.749373e-01
1444, 1.500000e-01, 3.479499e-01
1445, 1.500000e-01, 4.969673e-01
1446, 1.500000e-01, 4.745051e-01
1447, 1.500000e-01, 6.270426e-01
1448, 1.500000e-01, 6.477124e-01
1449, 1.500000e-01, 7.769963e-01
1450, 1.500000e-01, 7.998249e-01
1451, 1.621023e-01, 1.500000e-01
1452, 1.525941e-01, 8.500000e-01
1453, 1.806291e-01, 1.500000e-01
1454, 1.944549e-01, 1.500000e-01
1455, 1.919123e-01, 8.500000e-01
1456, 1.955971e-01, 8.500000e-01
1457, 2.064373e-01, 1.500000e-01
1458, 2.160894e-01, 8.500000e-01
1459, 2.376663e-01, 8.500000e-01
1460, 2.282285e-01, 1.500000e-01
1461, 2.358429e-01, 1.500000e-01
1462, 2.500552e-01, 1.500000e-01
1463, 2.388740e-01, 8.500000e-01
1464, 2.665935e-01, 1.500000e-01
1465, 2.803508e-01, 1.500000e-01
1466, 2.796030e-01, 8.500000e-01
1467, 2.814404e-01, 8.500000e-01
1468, 2.927281e-01, 1.500000e-01
1469, 3.027930e-01, 8.500000e-01
1470, 3.220275e-01, 8.500000e-01
1471, 3.144005e-01, 1.500000e-01
1472, 3.245533e-01, 1.500000e-01
1473, 3.372753e-01, 1.500000e-01
1474, 3.276232e-01, 8.500000e-01
1475, 3.543968e-01, 1.500000e-01
1476, 3.679524e-01, 1.500000e-01
1477, 3.657743e-01, 8.500000e-01
1478, 3.787974e-01, 1.500000e-01
1479, 3.879937e-01, 8.500000e-01
1480, 4.083344e-01, 8.500000e-01
1481, 4.001630e-01, 1.500000e-01
1482, 4.112115e-01, 1.500000e-01
1483, 4.254295e-01, 1.500000e-01
1484, 4.125120e-01, 8.500000e-01
1485, 4.444694e-01, 1.500000e-01
1486, 4.519293e-01, 1.500000e-01
1487, 4.516932e-01, 8.500000e-01
1488, 4.529822e-01, 8.500000e-01
1489, 4.654467e-01, 1.500000e-01
1490, 4.756456e-01, 8.500000e-01
1491, 4.868383e-01, 1.500000e-01
1492, 4.996558e-01, 1.500000e-01
1493, 5.105358e-01, 1.500000e-01
1494, 5.269875e-01, 1.500000e-01
1495, 5.424325e-01, 1.500000e-01
1496, 5.415516e-01, 8.500000e-01
1497, 5.416021e-01, 8.500000e-01
1498, 5.524201e-01, 1.500000e-01
1499, 5.632155e-01, 8.500000e-01
1500, 5.734594e-01, 1.500000e-01
1501, 5.843785e-01, 1.500000e-01
1502, 5.964540e-01, 1.500000e-01
1503, 6.147683e-01, 1.500000e-01
1504, 6.245441e-01, 1.500000e-01
1505, 6.264508e-01, 8.500000e-01
1506, 6.395799e-01, 1.500000e-01
1507, 6.500685e-01, 8.500000e-01
1508, 6.600988e-01, 1.500000e-01
1509, 6.724677e-01, 1.500000e-01
1510, 6.850514e-01, 1.500000e-01
1511, 7.014958e-01, 1.500000e-01
1512, 7.126393e-01, 1.500000e-01
1513, 7.127714e-01, 8.500000e-01
1514, 7.177415e-01, 8.500000e-01
1515, 7.238297e-01, 1.500000e-01
1516, 7.363775e-01, 8.500000e-01
1517, 7.584326e-01, 8.500000e-01
1518, 7.465276e-01, 1.500000e-01
1519, 7.586776e-01, 1.500000e-01
1520, 7.718711e-01, 1.500000e-01
1521, 7.584996e-01, 8.500000e-01
1522, 7.910560e-01, 1.500000e-01
1523, 7.981419e-01, 1.500000e-01
1524, 8.019973e-01, 8.500000e-01
1525, 8.120835e-01, 1.500000e-01
1526, 8.229482e-01, 8.500000e-01
1527, 8.327197e-01, 1.500000e-01
1528, 8.500000e-01, 2.284199e-01
1529, 8.500000e-01, 2.107581e-01
1530, 8.500000e-01, 2.737412e-01
1531, 8.500000e-01, 2.926766e-01
1532, 8.500000e-01, 3.787718e-01
1533, 8.500000e-01, 3.592512e-01
1534, 8.500000e-01, 4.240050e-01
1535, 8.500000e-01, 4.421924e-01
1536, 8.500000e-01, 5.288504e-01
1537, 8.500000e-01, 5.076428e-01
1538, 8.500000e-01, 5.692786e-01
1539, 8.500000e-01, 5.921495e-01
1540, 8.500000e-01, 6.778485e-01
1541, 8.500000e-01, 6.610630e-01
1542, 8.500000e-01, 7.233417e-01
1543, 8.500000e-01, 7.440421e-01
1544, 8.500000e-01, 8.298549e-01
1545, 8.500000e-01, 8.108604e-01
1546, 8.444604e-01, 1.500000e-01
1547, 8.500000e-01, 2.022931e-01
1548, 8.500000e-01, 2.983684e-01
1549, 8.500000e-01, 3.531219e-01
1550, 8.500000e-01, 4.477117e-01
1551, 8.500000e-01, 5.028735e-01
1552, 8.500000e-01, 5.976365e-01
1553, 8.500000e-01, 6.511266e-01
1554, 8.500000e-01, 7.462404e-01
1555, 8.500000e-01, 8.016162e-01
1556, 8.500000e-01, 1.707455e-01
1557, 8.500000e-01, 1.789017e-01
1558, 8.500000e-01, 3.232663e-01
1559, 8.500000e-01, 3.291197e-01
1560, 8.500000e-01, 4.715809e-01
1561, 8.500000e-01, 4.779790e-01
1562, 8.500000e-01, 6.224856e-01
1563, 8.500000e-01, 6.284064e-01
1564, 8.500000e-01, 7.708463e-01
1565, 8.500000e-01, 7.779817e-01
1566, 8.500000e-01, 2.440341e-01
1567, 8.500000e-01, 2.558961e-01
1568, 8.500000e-01, 3.907825e-01
1569, 8.500000e-01, 4.075693e-01
1570, 8.500000e-01, 5.421591e-01
1571, 8.500000e-01, 5.591207e-01
1572, 8.500000e-01, 6.932230e-01
1573, 8.500000e-01, 7.054411e-01
1574, 8.500000e-01, 8.411959e-01
1575, 1.501474e-01, 3.247762e-01
1576, 4.995992e-01, 8.499224e-01
1577, 5.851662e-01, 8.499934e-01
1578, 6.730949e-01, 8.493223e-01
1579, 7.998875e-01, 8.493287e-01
1580, 8.444404e-01, 8.499373e-01
