1, 1.519611e-01, 1.945991e-01
2, 1.519613e-01, 4.918446e-01
3, 1.529468e-01, 2.836052e-01
4, 1.534621e-01, 8.131025e-01
5, 1.535871e-01, 4.066708e-01
6, 1.538295e-01, 5.277529e-01
7, 1.543333e-01, 7.005130e-01
8, 1.546073e-01, 6.100302e-01
9, 1.549157e-01, 1.557176e-01
10, 1.561740e-01, 1.653560e-01
11, 1.570917e-01, 7.397366e-01
12, 1.602883e-01, 3.272044e-01
13, 1.624159e-01, 3.188491e-01
14, 1.643317e-01, 5.717460e-01
15, 1.704907e-01, 3.471677e-01
16, 1.713535e-01, 5.580496e-01
17, 1.731709e-01, 6.060135e-01
18, 1.751864e-01, 7.014015e-01
19, 1.755277e-01, 5.839779e-01
20, 1.759993e-01, 5.164828e-01
21, 1.760811e-01, 7.553276e-01
22, 1.761656e-01, 4.970964e-01
23, 1.764734e-01, 8.174344e-01
24, 1.770329e-01, 2.832555e-01
25, 1.782382e-01, 4.461103e-01
26, 1.786510e-01, 7.920442e-01
27, 1.786616e-01, 1.971265e-01
28, 1.787627e-01, 2.417406e-01
29, 1.792973e-01, 3.110832e-01
30, 1.797884e-01, 7.239076e-01
31, 1.798585e-01, 7.056243e-01
32, 1.799197e-01, 1.734095e-01
33, 1.801782e-01, 4.918723e-01
34, 1.801799e-01, 4.046601e-01
35, 1.813154e-01, 8.230725e-01
36, 1.815610e-01, 3.849980e-01
37, 1.819552e-01, 6.136674e-01
38, 1.829027e-01, 4.076082e-01
39, 1.841972e-01, 6.602227e-01
40, 1.843705e-01, 2.894612e-01
41, 1.845663e-01, 6.484136e-01
42, 1.852995e-01, 2.420286e-01
43, 1.868725e-01, 3.497593e-01
44, 1.893837e-01, 5.520547e-01
45, 1.902109e-01, 7.543751e-01
46, 1.989994e-01, 7.429838e-01
47, 1.999058e-01, 3.214125e-01
48, 2.007861e-01, 8.191157e-01
49, 2.014406e-01, 3.276079e-01
50, 2.016662e-01, 5.762089e-01
51, 2.024573e-01, 1.981507e-01
52, 2.029707e-01, 5.716030e-01
53, 2.036596e-01, 2.866149e-01
54, 2.047771e-01, 6.075189e-01
55, 2.048504e-01, 7.045216e-01
56, 2.054195e-01, 7.403357e-01
57, 2.088636e-01, 4.071639e-01
58, 2.095186e-01, 7.995425e-01
59, 2.108141e-01, 1.783565e-01
60, 2.108514e-01, 4.935082e-01
61, 2.119265e-01, 5.967814e-01
62, 2.122982e-01, 2.658860e-01
63, 2.128358e-01, 7.173520e-01
64, 2.132030e-01, 3.014163e-01
65, 2.152092e-01, 2.226045e-01
66, 2.155619e-01, 6.788379e-01
67, 2.163141e-01, 4.718159e-01
68, 2.163668e-01, 2.178139e-01
69, 2.166743e-01, 6.343664e-01
70, 2.166875e-01, 8.466522e-01
71, 2.185361e-01, 3.927051e-01
72, 2.191024e-01, 8.311586e-01
73, 2.191665e-01, 5.042904e-01
74, 2.192553e-01, 2.640727e-01
75, 2.198523e-01, 4.354261e-01
76, 2.202013e-01, 6.779204e-01
77, 2.202112e-01, 6.349500e-01
78, 2.210651e-01, 4.268004e-01
79, 2.247512e-01, 4.679128e-01
80, 2.293640e-01, 2.419889e-01
81, 2.301914e-01, 6.489744e-01
82, 2.309584e-01, 3.038599e-01
83, 2.330050e-01, 4.505445e-01
84, 2.340698e-01, 2.072334e-01
85, 2.351008e-01, 3.905304e-01
86, 2.359170e-01, 6.859627e-01
87, 2.362262e-01, 5.065811e-01
88, 2.371699e-01, 1.801931e-01
89, 2.375084e-01, 8.209713e-01
90, 2.378921e-01, 5.995960e-01
91, 2.384429e-01, 7.133338e-01
92, 2.385683e-01, 6.160065e-01
93, 2.389855e-01, 5.042750e-01
94, 2.390735e-01, 2.969305e-01
95, 2.391134e-01, 7.670634e-01
96, 2.391217e-01, 2.772651e-01
97, 2.402571e-01, 1.775325e-01
98, 2.417845e-01, 7.162918e-01
99, 2.425000e-01, 3.950176e-01
100, 2.425185e-01, 5.445186e-01
101, 2.431450e-01, 5.944214e-01
102, 2.432133e-01, 4.143707e-01
103, 2.434364e-01, 4.871191e-01
104, 2.467273e-01, 4.497019e-01
105, 2.476787e-01, 6.486692e-01
106, 2.504120e-01, 2.413522e-01
107, 2.559387e-01, 8.369397e-01
108, 2.573603e-01, 5.947235e-01
109, 2.584650e-01, 4.265943e-01
110, 2.588590e-01, 6.771691e-01
111, 2.592196e-01, 2.662150e-01
112, 2.604145e-01, 2.167896e-01
113, 2.605049e-01, 4.753218e-01
114, 2.615045e-01, 6.313732e-01
115, 2.622831e-01, 4.664122e-01
116, 2.625118e-01, 2.246803e-01
117, 2.627339e-01, 1.828631e-01
118, 2.627824e-01, 3.033370e-01
119, 2.634286e-01, 4.254121e-01
120, 2.647212e-01, 6.786864e-01
121, 2.648506e-01, 3.891546e-01
122, 2.656660e-01, 6.303562e-01
123, 2.664985e-01, 7.997747e-01
124, 2.670555e-01, 7.154232e-01
125, 2.679719e-01, 8.368520e-01
126, 2.681792e-01, 5.071782e-01
127, 2.688369e-01, 3.226294e-01
128, 2.712041e-01, 1.963070e-01
129, 2.712395e-01, 4.024500e-01
130, 2.715062e-01, 6.115811e-01
131, 2.737774e-01, 7.347107e-01
132, 2.749206e-01, 4.954230e-01
133, 2.751070e-01, 2.834085e-01
134, 2.751552e-01, 7.029882e-01
135, 2.772962e-01, 7.359579e-01
136, 2.776499e-01, 8.189338e-01
137, 2.778815e-01, 1.579436e-01
138, 2.786050e-01, 7.762358e-01
139, 2.801805e-01, 7.832447e-01
140, 2.829449e-01, 3.268485e-01
141, 2.835323e-01, 1.555303e-01
142, 2.888525e-01, 3.418558e-01
143, 2.894732e-01, 5.850900e-01
144, 2.901390e-01, 5.515930e-01
145, 2.915978e-01, 7.594435e-01
146, 2.918917e-01, 6.036343e-01
147, 2.930757e-01, 3.789930e-01
148, 2.937227e-01, 1.958061e-01
149, 2.954016e-01, 6.475597e-01
150, 2.959874e-01, 2.808398e-01
151, 2.961566e-01, 4.914052e-01
152, 2.969399e-01, 6.604550e-01
153, 2.972855e-01, 6.508923e-01
154, 2.973030e-01, 4.062562e-01
155, 2.973473e-01, 4.421410e-01
156, 2.978545e-01, 7.018643e-01
157, 2.978929e-01, 2.000349e-01
158, 2.980782e-01, 2.373591e-01
159, 2.982067e-01, 4.509328e-01
160, 2.984248e-01, 4.882288e-01
161, 2.985300e-01, 1.678893e-01
162, 2.991686e-01, 2.776662e-01
163, 3.000603e-01, 7.273166e-01
164, 3.000889e-01, 4.022893e-01
165, 3.002953e-01, 6.652662e-01
166, 3.008491e-01, 7.944747e-01
167, 3.012371e-01, 8.131241e-01
168, 3.020545e-01, 3.135813e-01
169, 3.028578e-01, 6.117823e-01
170, 3.031106e-01, 5.164307e-01
171, 3.048238e-01, 7.583771e-01
172, 3.064918e-01, 8.183718e-01
173, 3.096833e-01, 5.524300e-01
174, 3.109004e-01, 3.509797e-01
175, 3.156222e-01, 8.208716e-01
176, 3.165802e-01, 3.641118e-01
177, 3.166820e-01, 7.809899e-01
178, 3.171042e-01, 5.223668e-01
179, 3.195052e-01, 5.345188e-01
180, 3.195239e-01, 6.086571e-01
181, 3.199741e-01, 3.173613e-01
182, 3.203616e-01, 5.736966e-01
183, 3.206972e-01, 1.615473e-01
184, 3.211106e-01, 3.658110e-01
185, 3.233348e-01, 3.245540e-01
186, 3.236281e-01, 7.818315e-01
187, 3.236549e-01, 7.034085e-01
188, 3.247783e-01, 1.995854e-01
189, 3.254163e-01, 4.009632e-01
190, 3.255850e-01, 5.765673e-01
191, 3.261426e-01, 4.918544e-01
192, 3.266240e-01, 2.844501e-01
193, 3.275216e-01, 1.634415e-01
194, 3.282385e-01, 7.095686e-01
195, 3.307236e-01, 5.917442e-01
196, 3.315687e-01, 6.784681e-01
197, 3.318501e-01, 8.405465e-01
198, 3.325551e-01, 6.363121e-01
199, 3.326321e-01, 2.961281e-01
200, 3.334747e-01, 3.885861e-01
201, 3.334864e-01, 4.312138e-01
202, 3.336999e-01, 1.754840e-01
203, 3.337153e-01, 5.086602e-01
204, 3.355027e-01, 8.406771e-01
205, 3.367551e-01, 4.725830e-01
206, 3.371478e-01, 8.013733e-01
207, 3.375128e-01, 4.320944e-01
208, 3.381165e-01, 2.181247e-01
209, 3.394164e-01, 6.388291e-01
210, 3.397887e-01, 6.756245e-01
211, 3.411035e-01, 4.716521e-01
212, 3.416335e-01, 2.602728e-01
213, 3.470816e-01, 6.559747e-01
214, 3.490891e-01, 2.364889e-01
215, 3.500040e-01, 8.293167e-01
216, 3.500411e-01, 4.440706e-01
217, 3.502735e-01, 7.505511e-01
218, 3.519807e-01, 8.055666e-01
219, 3.534148e-01, 2.095172e-01
220, 3.537263e-01, 7.565531e-01
221, 3.539429e-01, 6.863444e-01
222, 3.543788e-01, 5.107724e-01
223, 3.567121e-01, 2.982489e-01
224, 3.570330e-01, 5.470654e-01
225, 3.573021e-01, 5.514231e-01
226, 3.573487e-01, 8.021387e-01
227, 3.590961e-01, 5.423028e-01
228, 3.591252e-01, 6.246409e-01
229, 3.592187e-01, 4.121002e-01
230, 3.596950e-01, 4.828813e-01
231, 3.611556e-01, 2.712556e-01
232, 3.615086e-01, 3.033857e-01
233, 3.619522e-01, 7.610732e-01
234, 3.654852e-01, 4.458621e-01
235, 3.658785e-01, 7.676750e-01
236, 3.666083e-01, 5.624431e-01
237, 3.687039e-01, 2.332273e-01
238, 3.732664e-01, 6.563263e-01
239, 3.761726e-01, 2.210070e-01
240, 3.774250e-01, 6.790804e-01
241, 3.779998e-01, 8.398376e-01
242, 3.787346e-01, 6.288957e-01
243, 3.796705e-01, 6.705702e-01
244, 3.804306e-01, 4.244368e-01
245, 3.806184e-01, 4.285457e-01
246, 3.811921e-01, 3.913197e-01
247, 3.819340e-01, 3.015063e-01
248, 3.819932e-01, 6.380041e-01
249, 3.821870e-01, 6.009434e-01
250, 3.822898e-01, 8.377741e-01
251, 3.825971e-01, 2.634979e-01
252, 3.831479e-01, 7.136288e-01
253, 3.837289e-01, 5.076765e-01
254, 3.843293e-01, 1.833552e-01
255, 3.855511e-01, 2.180334e-01
256, 3.868883e-01, 6.124539e-01
257, 3.873836e-01, 8.101981e-01
258, 3.882692e-01, 4.874055e-01
259, 3.887076e-01, 5.705245e-01
260, 3.903571e-01, 6.994384e-01
261, 3.911870e-01, 5.788100e-01
262, 3.918760e-01, 7.781149e-01
263, 3.923700e-01, 8.175376e-01
264, 3.924531e-01, 4.030841e-01
265, 3.924957e-01, 1.972273e-01
266, 3.945598e-01, 2.831103e-01
267, 3.947511e-01, 5.340305e-01
268, 3.958257e-01, 7.376823e-01
269, 3.963654e-01, 3.212314e-01
270, 3.989657e-01, 5.226223e-01
271, 4.009221e-01, 3.220100e-01
272, 4.020733e-01, 7.741382e-01
273, 4.023688e-01, 5.526106e-01
274, 4.053747e-01, 7.677623e-01
275, 4.084548e-01, 3.431339e-01
276, 4.125391e-01, 2.407822e-01
277, 4.126533e-01, 6.465353e-01
278, 4.149490e-01, 5.161908e-01
279, 4.153041e-01, 3.122118e-01
280, 4.160033e-01, 4.045245e-01
281, 4.164170e-01, 5.901415e-01
282, 4.166625e-01, 4.467549e-01
283, 4.177267e-01, 4.917047e-01
284, 4.182314e-01, 1.733283e-01
285, 4.187385e-01, 4.412873e-01
286, 4.203151e-01, 7.931983e-01
287, 4.224883e-01, 3.785274e-01
288, 4.235761e-01, 6.582177e-01
289, 4.251257e-01, 7.290404e-01
290, 4.263863e-01, 2.307804e-01
291, 4.266094e-01, 5.523835e-01
292, 4.275674e-01, 3.446262e-01
293, 4.287191e-01, 7.604716e-01
294, 4.357808e-01, 3.677920e-01
295, 4.366843e-01, 3.241105e-01
296, 4.369954e-01, 5.307708e-01
297, 4.376013e-01, 5.748582e-01
298, 4.379345e-01, 1.619607e-01
299, 4.379667e-01, 3.288297e-01
300, 4.388028e-01, 8.187279e-01
301, 4.393756e-01, 4.054976e-01
302, 4.403539e-01, 4.874267e-01
303, 4.415437e-01, 5.766917e-01
304, 4.432324e-01, 5.287455e-01
305, 4.436174e-01, 1.632349e-01
306, 4.438111e-01, 7.870823e-01
307, 4.438358e-01, 2.845455e-01
308, 4.446542e-01, 7.790068e-01
309, 4.451750e-01, 1.972176e-01
310, 4.454606e-01, 6.974181e-01
311, 4.456480e-01, 6.118712e-01
312, 4.484861e-01, 7.199053e-01
313, 4.495540e-01, 2.197726e-01
314, 4.499914e-01, 8.405771e-01
315, 4.505822e-01, 4.271990e-01
316, 4.510914e-01, 3.049818e-01
317, 4.518762e-01, 5.974888e-01
318, 4.519140e-01, 7.986415e-01
319, 4.519625e-01, 5.086277e-01
320, 4.534687e-01, 1.826037e-01
321, 4.543001e-01, 6.360261e-01
322, 4.551923e-01, 6.286589e-01
323, 4.575438e-01, 6.758590e-01
324, 4.579068e-01, 8.408147e-01
325, 4.592289e-01, 3.888094e-01
326, 4.593009e-01, 6.822959e-01
327, 4.603735e-01, 2.226124e-01
328, 4.612513e-01, 4.314033e-01
329, 4.668636e-01, 4.474383e-01
330, 4.682432e-01, 7.583135e-01
331, 4.684251e-01, 3.398990e-01
332, 4.690616e-01, 6.547301e-01
333, 4.707879e-01, 3.895527e-01
334, 4.710893e-01, 2.743231e-01
335, 4.718336e-01, 2.382874e-01
336, 4.733709e-01, 3.072425e-01
337, 4.743780e-01, 6.901900e-01
338, 4.746903e-01, 4.156567e-01
339, 4.749434e-01, 3.935668e-01
340, 4.751346e-01, 5.578163e-01
341, 4.757003e-01, 5.436371e-01
342, 4.757184e-01, 7.189893e-01
343, 4.757514e-01, 8.268480e-01
344, 4.759713e-01, 1.878903e-01
345, 4.763392e-01, 4.848306e-01
346, 4.768396e-01, 3.021840e-01
347, 4.769905e-01, 5.016350e-01
348, 4.770442e-01, 2.029641e-01
349, 4.785880e-01, 6.211365e-01
350, 4.787512e-01, 3.392333e-01
351, 4.793830e-01, 5.481131e-01
352, 4.794835e-01, 7.573741e-01
353, 4.796431e-01, 5.042429e-01
354, 4.802802e-01, 6.539798e-01
355, 4.813855e-01, 7.126629e-01
356, 4.817484e-01, 5.941378e-01
357, 4.832069e-01, 7.596159e-01
358, 4.835543e-01, 3.421557e-01
359, 4.838094e-01, 5.477318e-01
360, 4.843115e-01, 1.801770e-01
361, 4.868800e-01, 3.510044e-01
362, 4.873031e-01, 2.370036e-01
363, 4.875910e-01, 7.597100e-01
364, 4.878008e-01, 4.492883e-01
365, 4.945131e-01, 6.750864e-01
366, 4.948881e-01, 6.358568e-01
367, 4.969128e-01, 4.293785e-01
368, 4.995071e-01, 2.174295e-01
369, 4.999163e-01, 8.021980e-01
370, 5.002063e-01, 2.694505e-01
371, 5.005278e-01, 2.213651e-01
372, 5.010898e-01, 5.939962e-01
373, 5.015177e-01, 7.131242e-01
374, 5.027792e-01, 3.924351e-01
375, 5.028463e-01, 4.262134e-01
376, 5.030686e-01, 2.608517e-01
377, 5.032772e-01, 6.763690e-01
378, 5.040224e-01, 1.801490e-01
379, 5.043191e-01, 5.078000e-01
380, 5.047758e-01, 2.996055e-01
381, 5.069459e-01, 3.658462e-01
382, 5.079066e-01, 6.342421e-01
383, 5.097090e-01, 1.933581e-01
384, 5.097559e-01, 2.870274e-01
385, 5.111398e-01, 8.194469e-01
386, 5.113243e-01, 7.783155e-01
387, 5.117976e-01, 4.021862e-01
388, 5.121806e-01, 7.837489e-01
389, 5.131113e-01, 6.979103e-01
390, 5.137554e-01, 4.883911e-01
391, 5.160608e-01, 6.158101e-01
392, 5.171151e-01, 1.603377e-01
393, 5.255752e-01, 3.615627e-01
394, 5.277182e-01, 6.556633e-01
395, 5.283374e-01, 5.515991e-01
396, 5.293713e-01, 7.603414e-01
397, 5.318015e-01, 3.515403e-01
398, 5.318388e-01, 4.031014e-01
399, 5.327776e-01, 2.314016e-01
400, 5.340505e-01, 4.873925e-01
401, 5.353812e-01, 6.963539e-01
402, 5.364919e-01, 4.465493e-01
403, 5.367273e-01, 8.008296e-01
404, 5.372890e-01, 8.138741e-01
405, 5.381879e-01, 5.854130e-01
406, 5.388288e-01, 1.681298e-01
407, 5.399668e-01, 5.173982e-01
408, 5.408912e-01, 7.245027e-01
409, 5.409875e-01, 2.022402e-01
410, 5.414209e-01, 3.944538e-01
411, 5.414560e-01, 4.941293e-01
412, 5.415026e-01, 4.463090e-01
413, 5.415622e-01, 3.783997e-01
414, 5.417006e-01, 6.647572e-01
415, 5.421844e-01, 3.151104e-01
416, 5.434037e-01, 4.414841e-01
417, 5.434488e-01, 8.198439e-01
418, 5.455126e-01, 5.514507e-01
419, 5.476173e-01, 7.628735e-01
420, 5.482114e-01, 3.455363e-01
421, 5.507589e-01, 3.203007e-01
422, 5.562073e-01, 5.298590e-01
423, 5.565196e-01, 7.772154e-01
424, 5.580855e-01, 5.748496e-01
425, 5.585450e-01, 7.327181e-01
426, 5.587448e-01, 3.667371e-01
427, 5.593614e-01, 5.704856e-01
428, 5.596902e-01, 6.139289e-01
429, 5.598407e-01, 7.364617e-01
430, 5.599616e-01, 2.010080e-01
431, 5.605897e-01, 5.292467e-01
432, 5.611900e-01, 3.176007e-01
433, 5.618763e-01, 8.207469e-01
434, 5.624792e-01, 3.576658e-01
435, 5.637905e-01, 3.988448e-01
436, 5.657957e-01, 6.978373e-01
437, 5.663303e-01, 2.820643e-01
438, 5.672442e-01, 4.890382e-01
439, 5.673201e-01, 7.797221e-01
440, 5.684760e-01, 3.927725e-01
441, 5.699710e-01, 6.350389e-01
442, 5.711732e-01, 3.004442e-01
443, 5.713468e-01, 4.209714e-01
444, 5.714080e-01, 5.973141e-01
445, 5.718724e-01, 1.774522e-01
446, 5.724467e-01, 7.123806e-01
447, 5.728706e-01, 2.209800e-01
448, 5.728999e-01, 6.777586e-01
449, 5.732257e-01, 2.166849e-01
450, 5.738917e-01, 4.662936e-01
451, 5.738990e-01, 7.947695e-01
452, 5.768468e-01, 2.658140e-01
453, 5.776601e-01, 6.373436e-01
454, 5.777226e-01, 5.030293e-01
455, 5.780955e-01, 6.759318e-01
456, 5.795029e-01, 4.230832e-01
457, 5.880562e-01, 3.513011e-01
458, 5.889021e-01, 6.579682e-01
459, 5.904895e-01, 4.487114e-01
460, 5.906616e-01, 2.384673e-01
461, 5.917015e-01, 7.506046e-01
462, 5.932831e-01, 5.536002e-01
463, 5.943892e-01, 7.131295e-01
464, 5.952326e-01, 1.789187e-01
465, 5.959461e-01, 3.849871e-01
466, 5.967013e-01, 6.919807e-01
467, 5.969232e-01, 5.976295e-01
468, 5.977074e-01, 4.779280e-01
469, 5.977118e-01, 5.066914e-01
470, 5.979845e-01, 2.745993e-01
471, 5.990259e-01, 7.185861e-01
472, 5.990464e-01, 3.875373e-01
473, 5.994863e-01, 7.995005e-01
474, 5.995448e-01, 8.247911e-01
475, 5.996210e-01, 6.173663e-01
476, 6.001497e-01, 4.137215e-01
477, 6.014670e-01, 3.026275e-01
478, 6.015494e-01, 8.026442e-01
479, 6.018409e-01, 2.061211e-01
480, 6.024465e-01, 3.400755e-01
481, 6.026024e-01, 1.877078e-01
482, 6.039343e-01, 2.996075e-01
483, 6.053173e-01, 6.583045e-01
484, 6.054860e-01, 7.628947e-01
485, 6.055649e-01, 2.346599e-01
486, 6.056867e-01, 4.486193e-01
487, 6.129415e-01, 2.211086e-01
488, 6.154630e-01, 4.674353e-01
489, 6.157691e-01, 8.354456e-01
490, 6.159658e-01, 4.243936e-01
491, 6.173616e-01, 4.294746e-01
492, 6.176341e-01, 6.807078e-01
493, 6.177058e-01, 6.734008e-01
494, 6.177720e-01, 2.988777e-01
495, 6.194047e-01, 1.837070e-01
496, 6.207053e-01, 6.295354e-01
497, 6.207209e-01, 7.197404e-01
498, 6.213845e-01, 4.701739e-01
499, 6.216675e-01, 5.912325e-01
500, 6.219212e-01, 6.341719e-01
501, 6.252264e-01, 5.033191e-01
502, 6.255510e-01, 3.831251e-01
503, 6.258772e-01, 8.002574e-01
504, 6.261467e-01, 2.197463e-01
505, 6.289722e-01, 5.757566e-01
506, 6.296490e-01, 4.959468e-01
507, 6.315060e-01, 8.130300e-01
508, 6.316732e-01, 2.828078e-01
509, 6.322868e-01, 5.319443e-01
510, 6.327180e-01, 6.957547e-01
511, 6.335581e-01, 7.381907e-01
512, 6.335597e-01, 2.001858e-01
513, 6.339254e-01, 5.261612e-01
514, 6.346061e-01, 1.638480e-01
515, 6.348041e-01, 3.650856e-01
516, 6.352258e-01, 6.096916e-01
517, 6.374768e-01, 4.008304e-01
518, 6.385783e-01, 5.727050e-01
519, 6.398514e-01, 3.240944e-01
520, 6.403914e-01, 7.392799e-01
521, 6.412837e-01, 1.636650e-01
522, 6.419423e-01, 3.624880e-01
523, 6.488936e-01, 5.550319e-01
524, 6.497887e-01, 3.470844e-01
525, 6.515266e-01, 6.095298e-01
526, 6.516299e-01, 2.841661e-01
527, 6.522800e-01, 7.540538e-01
528, 6.534571e-01, 2.367643e-01
529, 6.539476e-01, 4.028693e-01
530, 6.543799e-01, 2.882881e-01
531, 6.550159e-01, 2.400321e-01
532, 6.550231e-01, 3.113665e-01
533, 6.553336e-01, 7.264136e-01
534, 6.561104e-01, 6.058259e-01
535, 6.567822e-01, 1.740420e-01
536, 6.568822e-01, 7.938384e-01
537, 6.569381e-01, 5.914083e-01
538, 6.569983e-01, 4.911114e-01
539, 6.577430e-01, 3.776655e-01
540, 6.582239e-01, 5.197407e-01
541, 6.584304e-01, 1.889412e-01
542, 6.591924e-01, 2.432328e-01
543, 6.600044e-01, 8.170127e-01
544, 6.603594e-01, 5.530569e-01
545, 6.604859e-01, 4.541606e-01
546, 6.612220e-01, 6.681964e-01
547, 6.619153e-01, 4.871200e-01
548, 6.625833e-01, 2.505434e-01
549, 6.627412e-01, 7.551095e-01
550, 6.649067e-01, 1.969283e-01
551, 6.707464e-01, 3.465551e-01
552, 6.770926e-01, 5.301138e-01
553, 6.775094e-01, 5.778516e-01
554, 6.785608e-01, 5.679699e-01
555, 6.786775e-01, 8.197591e-01
556, 6.808246e-01, 3.705376e-01
557, 6.809090e-01, 4.920471e-01
558, 6.817858e-01, 1.597443e-01
559, 6.823192e-01, 1.983956e-01
560, 6.831366e-01, 5.288234e-01
561, 6.838071e-01, 3.606940e-01
562, 6.838632e-01, 4.054284e-01
563, 6.850229e-01, 6.132482e-01
564, 6.859995e-01, 2.859333e-01
565, 6.862768e-01, 7.022885e-01
566, 6.889052e-01, 7.188394e-01
567, 6.892032e-01, 8.059657e-01
568, 6.892911e-01, 4.203067e-01
569, 6.895995e-01, 8.378447e-01
570, 6.898783e-01, 5.105130e-01
571, 6.898801e-01, 2.643338e-01
572, 6.912026e-01, 2.978256e-01
573, 6.912273e-01, 6.330995e-01
574, 6.912298e-01, 3.928375e-01
575, 6.915138e-01, 2.673447e-01
576, 6.940630e-01, 4.629503e-01
577, 6.943169e-01, 5.969684e-01
578, 6.948336e-01, 1.864934e-01
579, 6.950288e-01, 6.786867e-01
580, 6.965798e-01, 4.732109e-01
581, 6.973174e-01, 6.838066e-01
582, 6.975012e-01, 8.406102e-01
583, 6.978515e-01, 4.249839e-01
584, 6.979204e-01, 2.248382e-01
585, 6.992523e-01, 6.370810e-01
586, 7.035962e-01, 5.494251e-01
587, 7.050809e-01, 4.489038e-01
588, 7.054270e-01, 2.355738e-01
589, 7.055565e-01, 6.530073e-01
590, 7.116751e-01, 3.909053e-01
591, 7.117086e-01, 7.650950e-01
592, 7.122251e-01, 8.330707e-01
593, 7.134989e-01, 7.622130e-01
594, 7.141153e-01, 2.733698e-01
595, 7.152179e-01, 5.051155e-01
596, 7.153442e-01, 1.879357e-01
597, 7.161395e-01, 6.909181e-01
598, 7.162191e-01, 3.444369e-01
599, 7.170544e-01, 2.985192e-01
600, 7.172592e-01, 2.036689e-01
601, 7.174096e-01, 7.599030e-01
602, 7.176552e-01, 4.156492e-01
603, 7.183798e-01, 4.853126e-01
604, 7.187481e-01, 3.482263e-01
605, 7.193112e-01, 7.567045e-01
606, 7.195775e-01, 3.010046e-01
607, 7.201358e-01, 5.103826e-01
608, 7.203445e-01, 1.823652e-01
609, 7.208550e-01, 3.818354e-01
610, 7.237919e-01, 6.245767e-01
611, 7.289829e-01, 2.425348e-01
612, 7.292188e-01, 4.491539e-01
613, 7.300627e-01, 6.584803e-01
614, 7.351931e-01, 8.443619e-01
615, 7.360102e-01, 8.067590e-01
616, 7.370501e-01, 4.761712e-01
617, 7.375798e-01, 6.789979e-01
618, 7.383755e-01, 4.716054e-01
619, 7.384608e-01, 1.791090e-01
620, 7.386759e-01, 6.284220e-01
621, 7.388063e-01, 4.240807e-01
622, 7.397695e-01, 2.167916e-01
623, 7.402874e-01, 5.920775e-01
624, 7.406025e-01, 4.307989e-01
625, 7.412342e-01, 2.218754e-01
626, 7.414745e-01, 6.802628e-01
627, 7.421088e-01, 2.980910e-01
628, 7.423960e-01, 5.109145e-01
629, 7.424263e-01, 3.888210e-01
630, 7.429207e-01, 6.383321e-01
631, 7.442812e-01, 7.209614e-01
632, 7.447365e-01, 8.408051e-01
633, 7.465927e-01, 4.896666e-01
634, 7.487645e-01, 8.250445e-01
635, 7.492423e-01, 2.862097e-01
636, 7.501666e-01, 4.040877e-01
637, 7.505593e-01, 1.960305e-01
638, 7.508525e-01, 6.115865e-01
639, 7.526321e-01, 6.941706e-01
640, 7.545770e-01, 7.817351e-01
641, 7.562492e-01, 5.667881e-01
642, 7.570392e-01, 3.609142e-01
643, 7.576491e-01, 5.730966e-01
644, 7.584414e-01, 3.679052e-01
645, 7.587208e-01, 7.808684e-01
646, 7.661162e-01, 3.481977e-01
647, 7.666465e-01, 5.536457e-01
648, 7.701812e-01, 7.570112e-01
649, 7.729231e-01, 5.831909e-01
650, 7.730060e-01, 1.971062e-01
651, 7.732543e-01, 4.015675e-01
652, 7.733613e-01, 2.327521e-01
653, 7.743156e-01, 1.749003e-01
654, 7.750352e-01, 6.494275e-01
655, 7.752064e-01, 7.228106e-01
656, 7.752261e-01, 6.952123e-01
657, 7.752519e-01, 1.997236e-01
658, 7.753326e-01, 6.548860e-01
659, 7.755500e-01, 4.455298e-01
660, 7.758489e-01, 4.524986e-01
661, 7.762879e-01, 2.431566e-01
662, 7.764192e-01, 7.953599e-01
663, 7.766293e-01, 2.384974e-01
664, 7.767478e-01, 5.164403e-01
665, 7.769095e-01, 2.852900e-01
666, 7.772824e-01, 3.106042e-01
667, 7.775230e-01, 3.839182e-01
668, 7.794353e-01, 4.399372e-01
669, 7.794427e-01, 6.628814e-01
670, 7.795382e-01, 2.492224e-01
671, 7.804985e-01, 7.008513e-01
672, 7.811137e-01, 4.602554e-01
673, 7.833442e-01, 3.489142e-01
674, 7.845273e-01, 5.525155e-01
675, 7.892582e-01, 7.569869e-01
676, 7.915900e-01, 5.260260e-01
677, 7.924082e-01, 5.683231e-01
678, 7.935250e-01, 5.310205e-01
679, 7.959308e-01, 1.592312e-01
680, 7.988107e-01, 6.080164e-01
681, 7.989066e-01, 7.015970e-01
682, 7.992421e-01, 7.800580e-01
683, 7.992612e-01, 8.178827e-01
684, 8.000255e-01, 1.981039e-01
685, 8.004382e-01, 3.240129e-01
686, 8.013384e-01, 7.386478e-01
687, 8.015672e-01, 7.430285e-01
688, 8.021962e-01, 5.722097e-01
689, 8.037038e-01, 4.088413e-01
690, 8.042402e-01, 4.928172e-01
691, 8.070123e-01, 2.852508e-01
692, 8.089304e-01, 1.815141e-01
693, 8.098644e-01, 5.957283e-01
694, 8.099400e-01, 7.216006e-01
695, 8.100577e-01, 8.364080e-01
696, 8.102269e-01, 5.098602e-01
697, 8.109748e-01, 8.024973e-01
698, 8.115478e-01, 3.891269e-01
699, 8.119313e-01, 6.383484e-01
700, 8.122905e-01, 4.679362e-01
701, 8.128243e-01, 6.343314e-01
702, 8.132282e-01, 2.198147e-01
703, 8.134470e-01, 8.378110e-01
704, 8.147275e-01, 6.781154e-01
705, 8.153993e-01, 3.039293e-01
706, 8.155320e-01, 2.620250e-01
707, 8.156603e-01, 4.767545e-01
708, 8.177236e-01, 2.692701e-01
709, 8.232981e-01, 6.539526e-01
710, 8.244503e-01, 4.483302e-01
711, 8.247800e-01, 2.450732e-01
712, 8.257031e-01, 3.460442e-01
713, 8.274651e-01, 5.391020e-01
714, 8.286782e-01, 5.118767e-01
715, 8.310664e-01, 8.312392e-01
716, 8.319568e-01, 4.867676e-01
717, 8.332571e-01, 6.888082e-01
718, 8.336679e-01, 1.841648e-01
719, 8.341453e-01, 2.092514e-01
720, 8.349342e-01, 7.184358e-01
721, 8.356981e-01, 5.972285e-01
722, 8.358835e-01, 2.772414e-01
723, 8.359748e-01, 5.042856e-01
724, 8.369773e-01, 3.926994e-01
725, 8.376634e-01, 4.118368e-01
726, 8.385085e-01, 7.153478e-01
727, 8.386401e-01, 6.162671e-01
728, 8.401112e-01, 1.775219e-01
729, 8.401732e-01, 3.894990e-01
730, 8.421964e-01, 7.686938e-01
731, 8.424442e-01, 4.500928e-01
732, 8.430946e-01, 6.528754e-01
733, 8.441403e-01, 5.537485e-01
734, 8.457949e-01, 2.421348e-01
735, 1.589742e-01, 7.809957e-01
736, 1.797706e-01, 6.547230e-01
737, 1.741171e-01, 2.400510e-01
738, 1.543453e-01, 3.677009e-01
739, 1.995966e-01, 1.587594e-01
740, 1.804420e-01, 4.525879e-01
741, 1.989748e-01, 7.821981e-01
742, 1.985951e-01, 3.665872e-01
743, 1.960777e-01, 5.308445e-01
744, 2.385289e-01, 5.512180e-01
745, 2.383135e-01, 3.439749e-01
746, 2.392547e-01, 8.010445e-01
747, 2.424807e-01, 7.560128e-01
748, 2.766930e-01, 5.286720e-01
749, 2.777585e-01, 5.746395e-01
750, 2.739292e-01, 3.724104e-01
751, 3.016010e-01, 4.470861e-01
752, 3.003630e-01, 2.422459e-01
753, 3.158138e-01, 7.389789e-01
754, 3.545944e-01, 7.148890e-01
755, 3.614251e-01, 3.879549e-01
756, 3.600738e-01, 1.816809e-01
757, 3.555858e-01, 5.974396e-01
758, 3.618333e-01, 3.441331e-01
759, 3.794774e-01, 4.716503e-01
760, 3.956376e-01, 1.633812e-01
761, 3.954974e-01, 3.592528e-01
762, 4.152505e-01, 6.927265e-01
763, 4.186387e-01, 2.407919e-01
764, 4.148515e-01, 8.181008e-01
765, 4.117904e-01, 4.505404e-01
766, 4.171656e-01, 6.141849e-01
767, 4.164422e-01, 2.859326e-01
768, 4.191615e-01, 6.597264e-01
769, 4.162685e-01, 1.932434e-01
770, 4.360361e-01, 7.338011e-01
771, 4.526116e-01, 4.672827e-01
772, 4.597760e-01, 2.659723e-01
773, 4.748832e-01, 8.019119e-01
774, 5.138398e-01, 5.276144e-01
775, 5.000426e-01, 4.672613e-01
776, 5.004567e-01, 8.422305e-01
777, 5.132555e-01, 3.209702e-01
778, 5.166273e-01, 5.725909e-01
779, 5.157124e-01, 7.377673e-01
780, 5.373020e-01, 6.116255e-01
781, 5.369916e-01, 6.573225e-01
782, 5.372190e-01, 2.832743e-01
783, 5.395075e-01, 2.439236e-01
784, 5.586416e-01, 1.603983e-01
785, 5.780061e-01, 8.353989e-01
786, 5.959367e-01, 5.500990e-01
787, 5.961180e-01, 3.400999e-01
788, 5.986823e-01, 7.626627e-01
789, 6.366928e-01, 7.833775e-01
790, 6.179538e-01, 2.609949e-01
791, 6.521389e-01, 6.932816e-01
792, 6.552963e-01, 4.470397e-01
793, 6.813415e-01, 7.791623e-01
794, 6.548779e-01, 6.524473e-01
795, 6.797807e-01, 7.330141e-01
796, 6.826489e-01, 3.208683e-01
797, 7.173578e-01, 5.887861e-01
798, 7.188626e-01, 7.200623e-01
799, 7.155517e-01, 3.396264e-01
800, 7.178994e-01, 8.056420e-01
801, 7.178837e-01, 5.516088e-01
802, 7.551035e-01, 5.250798e-01
803, 7.355886e-01, 2.581141e-01
804, 7.561109e-01, 3.218269e-01
805, 7.553980e-01, 7.367764e-01
806, 7.494080e-01, 1.599633e-01
807, 7.795746e-01, 8.148484e-01
808, 7.754225e-01, 6.095463e-01
809, 7.770314e-01, 4.934379e-01
810, 8.114036e-01, 4.268174e-01
811, 7.998773e-01, 3.705045e-01
812, 8.373343e-01, 7.619640e-01
813, 8.364193e-01, 8.024839e-01
814, 8.385295e-01, 5.541539e-01
815, 8.391396e-01, 3.036544e-01
816, 8.371269e-01, 3.450283e-01
817, 1.500000e-01, 7.760998e-01
818, 1.500000e-01, 7.432293e-01
819, 1.500000e-01, 5.304170e-01
820, 1.500000e-01, 3.300666e-01
821, 1.500000e-01, 3.655740e-01
822, 1.500000e-01, 1.535381e-01
823, 1.500000e-01, 6.046780e-01
824, 1.500000e-01, 5.736311e-01
825, 1.500000e-01, 8.073303e-01
826, 1.500000e-01, 7.998322e-01
827, 1.500000e-01, 6.897751e-01
828, 1.500000e-01, 6.750994e-01
829, 1.500000e-01, 6.195837e-01
830, 1.500000e-01, 6.372766e-01
831, 1.500000e-01, 7.075717e-01
832, 1.500000e-01, 7.162310e-01
833, 1.500000e-01, 4.151434e-01
834, 1.500000e-01, 4.298107e-01
835, 1.500000e-01, 4.879859e-01
836, 1.500000e-01, 4.654760e-01
837, 1.500000e-01, 8.183285e-01
838, 1.500000e-01, 8.455767e-01
839, 1.500000e-01, 2.905110e-01
840, 1.500000e-01, 3.014373e-01
841, 1.500000e-01, 4.017047e-01
842, 1.500000e-01, 3.764680e-01
843, 1.500000e-01, 1.993211e-01
844, 1.500000e-01, 2.218295e-01
845, 1.500000e-01, 1.908279e-01
846, 1.500000e-01, 1.748342e-01
847, 1.500000e-01, 4.950576e-01
848, 1.500000e-01, 5.216317e-01
849, 1.500000e-01, 2.752763e-01
850, 1.500000e-01, 2.586147e-01
851, 1.592297e-01, 1.500000e-01
852, 1.937571e-01, 1.500000e-01
853, 2.101778e-01, 8.500000e-01
854, 2.167423e-01, 1.500000e-01
855, 2.189637e-01, 8.500000e-01
856, 2.383479e-01, 1.500000e-01
857, 2.488400e-01, 8.500000e-01
858, 2.540611e-01, 1.500000e-01
859, 2.802177e-01, 8.500000e-01
860, 2.848407e-01, 1.500000e-01
861, 2.944605e-01, 8.500000e-01
862, 3.163581e-01, 1.500000e-01
863, 3.216986e-01, 8.500000e-01
864, 3.406581e-01, 1.500000e-01
865, 3.420615e-01, 8.500000e-01
866, 3.628932e-01, 1.500000e-01
867, 3.734335e-01, 8.500000e-01
868, 3.803097e-01, 1.500000e-01
869, 3.962909e-01, 8.500000e-01
870, 4.025507e-01, 1.500000e-01
871, 4.217885e-01, 8.500000e-01
872, 4.322768e-01, 1.500000e-01
873, 4.400491e-01, 8.500000e-01
874, 4.630209e-01, 1.500000e-01
875, 4.656664e-01, 8.500000e-01
876, 4.766754e-01, 1.500000e-01
877, 4.932808e-01, 8.500000e-01
878, 5.038617e-01, 1.500000e-01
879, 5.106639e-01, 8.500000e-01
880, 5.222794e-01, 1.500000e-01
881, 5.370147e-01, 8.500000e-01
882, 5.543467e-01, 1.500000e-01
883, 5.598273e-01, 8.500000e-01
884, 5.726602e-01, 1.500000e-01
885, 5.832660e-01, 8.500000e-01
886, 6.032379e-01, 1.500000e-01
887, 6.091150e-01, 8.500000e-01
888, 6.161712e-01, 1.500000e-01
889, 6.426180e-01, 8.500000e-01
890, 6.450430e-01, 1.500000e-01
891, 6.489067e-01, 8.500000e-01
892, 6.773804e-01, 1.500000e-01
893, 6.746712e-01, 8.500000e-01
894, 7.041500e-01, 1.500000e-01
895, 7.006228e-01, 8.500000e-01
896, 7.100796e-01, 1.500000e-01
897, 7.322327e-01, 8.500000e-01
898, 7.374486e-01, 1.500000e-01
899, 7.562712e-01, 8.500000e-01
900, 7.594455e-01, 1.500000e-01
901, 7.779137e-01, 8.500000e-01
902, 7.905658e-01, 1.500000e-01
903, 7.897977e-01, 8.500000e-01
904, 8.142218e-01, 1.500000e-01
905, 8.173354e-01, 8.500000e-01
906, 8.500000e-01, 6.260709e-01
907, 8.500000e-01, 4.710421e-01
908, 8.500000e-01, 8.422484e-01
909, 8.500000e-01, 2.684575e-01
910, 8.500000e-01, 5.954249e-01
911, 8.500000e-01, 4.198407e-01
912, 8.500000e-01, 5.064582e-01
913, 8.500000e-01, 3.025156e-01
914, 8.346353e-01, 1.500000e-01
915, 8.500000e-01, 2.185580e-01
916, 8.500000e-01, 1.776838e-01
917, 8.500000e-01, 3.891933e-01
918, 8.500000e-01, 6.793667e-01
919, 8.500000e-01, 7.163812e-01
920, 8.500000e-01, 8.068363e-01
921, 8.500000e-01, 6.413785e-01
922, 8.500000e-01, 6.633544e-01
923, 8.500000e-01, 2.482229e-01
924, 8.500000e-01, 2.291147e-01
925, 8.500000e-01, 4.622347e-01
926, 8.500000e-01, 4.370663e-01
927, 8.500000e-01, 7.511095e-01
928, 8.500000e-01, 7.710564e-01
929, 8.500000e-01, 3.381763e-01
930, 8.500000e-01, 3.510769e-01
931, 8.500000e-01, 5.579029e-01
932, 8.500000e-01, 5.477616e-01
933, 1.763691e-01, 8.497200e-01
