1, 1.511728e-01, 3.507486e-01
2, 1.536675e-01, 2.959692e-01
3, 1.554635e-01, 1.923908e-01
4, 1.561886e-01, 7.028443e-01
5, 1.566573e-01, 4.216828e-01
6, 1.592029e-01, 8.282294e-01
7, 1.623346e-01, 6.699771e-01
8, 1.625733e-01, 2.813022e-01
9, 1.630433e-01, 7.744343e-01
10, 1.633309e-01, 3.156098e-01
11, 1.634524e-01, 5.110637e-01
12, 1.636370e-01, 5.329257e-01
13, 1.640225e-01, 6.472492e-01
14, 1.644409e-01, 6.202314e-01
15, 1.648861e-01, 5.585625e-01
16, 1.650728e-01, 4.053804e-01
17, 1.667348e-01, 3.166756e-01
18, 1.693108e-01, 3.509226e-01
19, 1.700130e-01, 2.007181e-01
20, 1.707177e-01, 2.487438e-01
21, 1.709592e-01, 4.768727e-01
22, 1.729504e-01, 7.583104e-01
23, 1.737738e-01, 7.927452e-01
24, 1.767484e-01, 6.131630e-01
25, 1.769497e-01, 3.365883e-01
26, 1.776645e-01, 8.289555e-01
27, 1.779536e-01, 5.666974e-01
28, 1.780805e-01, 7.255111e-01
29, 1.791568e-01, 6.792535e-01
30, 1.792811e-01, 7.041774e-01
31, 1.799704e-01, 4.641373e-01
32, 1.826915e-01, 4.982635e-01
33, 1.843120e-01, 4.050143e-01
34, 1.855855e-01, 2.579527e-01
35, 1.858450e-01, 1.698894e-01
36, 1.859706e-01, 3.052289e-01
37, 1.860337e-01, 1.908740e-01
38, 1.862159e-01, 4.990679e-01
39, 1.864671e-01, 8.140294e-01
40, 1.882490e-01, 5.335908e-01
41, 1.914931e-01, 3.917214e-01
42, 1.923419e-01, 7.586369e-01
43, 1.931113e-01, 7.799288e-01
44, 1.933257e-01, 7.355067e-01
45, 1.933315e-01, 6.467498e-01
46, 1.933726e-01, 6.706482e-01
47, 1.940114e-01, 6.222787e-01
48, 1.954768e-01, 4.273974e-01
49, 1.977977e-01, 5.196692e-01
50, 1.979133e-01, 4.644872e-01
51, 1.999820e-01, 2.245571e-01
52, 2.012108e-01, 3.129303e-01
53, 2.013404e-01, 2.484085e-01
54, 2.015083e-01, 2.006024e-01
55, 2.021434e-01, 3.363326e-01
56, 2.025570e-01, 3.606998e-01
57, 2.026567e-01, 5.888195e-01
58, 2.077818e-01, 4.480818e-01
59, 2.086243e-01, 6.793203e-01
60, 2.090563e-01, 8.376791e-01
61, 2.091737e-01, 7.027655e-01
62, 2.100280e-01, 7.899496e-01
63, 2.106309e-01, 7.257128e-01
64, 2.114082e-01, 1.683260e-01
65, 2.115008e-01, 5.740059e-01
66, 2.125745e-01, 5.191005e-01
67, 2.149012e-01, 6.098904e-01
68, 2.150914e-01, 2.780980e-01
69, 2.153287e-01, 2.570340e-01
70, 2.161524e-01, 3.685514e-01
71, 2.161891e-01, 3.910569e-01
72, 2.165427e-01, 4.155814e-01
73, 2.173544e-01, 6.463527e-01
74, 2.173738e-01, 3.038620e-01
75, 2.176357e-01, 2.806187e-01
76, 2.182989e-01, 1.549651e-01
77, 2.210333e-01, 1.908435e-01
78, 2.220292e-01, 5.030725e-01
79, 2.223788e-01, 1.860160e-01
80, 2.226547e-01, 8.473939e-01
81, 2.228286e-01, 2.250832e-01
82, 2.247889e-01, 7.336820e-01
83, 2.252773e-01, 7.805786e-01
84, 2.256148e-01, 5.410292e-01
85, 2.268062e-01, 6.315555e-01
86, 2.281299e-01, 5.736197e-01
87, 2.294206e-01, 3.348895e-01
88, 2.300454e-01, 3.116658e-01
89, 2.312027e-01, 3.595073e-01
90, 2.315433e-01, 2.079706e-01
91, 2.315767e-01, 4.734777e-01
92, 2.321008e-01, 4.240026e-01
93, 2.322507e-01, 7.022235e-01
94, 2.360167e-01, 5.600197e-01
95, 2.368388e-01, 1.550158e-01
96, 2.379449e-01, 8.384882e-01
97, 2.379773e-01, 5.973122e-01
98, 2.390331e-01, 7.887471e-01
99, 2.391358e-01, 5.935675e-01
100, 2.396590e-01, 2.810660e-01
101, 2.418248e-01, 6.877716e-01
102, 2.426193e-01, 6.326454e-01
103, 2.434424e-01, 5.022706e-01
104, 2.442663e-01, 4.807395e-01
105, 2.447456e-01, 4.170403e-01
106, 2.462586e-01, 3.670132e-01
107, 2.466281e-01, 5.052435e-01
108, 2.467702e-01, 1.729580e-01
109, 2.473984e-01, 7.579803e-01
110, 2.475045e-01, 5.275345e-01
111, 2.479053e-01, 2.660477e-01
112, 2.503418e-01, 2.080671e-01
113, 2.507456e-01, 2.990157e-01
114, 2.511910e-01, 6.170148e-01
115, 2.520800e-01, 8.470967e-01
116, 2.539386e-01, 3.363051e-01
117, 2.556285e-01, 7.430995e-01
118, 2.577261e-01, 1.937563e-01
119, 2.581448e-01, 6.879542e-01
120, 2.597456e-01, 4.483935e-01
121, 2.599866e-01, 4.267105e-01
122, 2.606936e-01, 5.608195e-01
123, 2.608351e-01, 5.823460e-01
124, 2.608540e-01, 4.713573e-01
125, 2.613822e-01, 5.351254e-01
126, 2.629022e-01, 3.207074e-01
127, 2.630291e-01, 2.290092e-01
128, 2.632227e-01, 8.143332e-01
129, 2.668077e-01, 1.615128e-01
130, 2.673303e-01, 2.669209e-01
131, 2.676052e-01, 6.717312e-01
132, 2.691307e-01, 3.916383e-01
133, 2.695756e-01, 7.078771e-01
134, 2.720470e-01, 7.994065e-01
135, 2.735972e-01, 7.424495e-01
136, 2.747510e-01, 4.792311e-01
137, 2.749032e-01, 8.344595e-01
138, 2.751226e-01, 5.920686e-01
139, 2.754645e-01, 5.043556e-01
140, 2.760251e-01, 2.846169e-01
141, 2.760276e-01, 5.262333e-01
142, 2.760488e-01, 6.397092e-01
143, 2.761484e-01, 3.778206e-01
144, 2.766760e-01, 2.511369e-01
145, 2.800702e-01, 2.857316e-01
146, 2.811716e-01, 7.282637e-01
147, 2.814222e-01, 3.211616e-01
148, 2.822439e-01, 1.693515e-01
149, 2.823459e-01, 2.173822e-01
150, 2.849906e-01, 4.482307e-01
151, 2.886210e-01, 7.977485e-01
152, 2.903651e-01, 6.717614e-01
153, 2.907855e-01, 3.044523e-01
154, 2.910774e-01, 6.481342e-01
155, 2.915273e-01, 5.837521e-01
156, 2.919356e-01, 3.406473e-01
157, 2.921469e-01, 5.351864e-01
158, 2.921855e-01, 6.945250e-01
159, 2.932953e-01, 4.319577e-01
160, 2.951205e-01, 3.775001e-01
161, 2.964166e-01, 7.827623e-01
162, 2.968203e-01, 1.611541e-01
163, 2.969712e-01, 2.250383e-01
164, 2.971677e-01, 2.746396e-01
165, 3.020800e-01, 5.049564e-01
166, 3.023316e-01, 8.194010e-01
167, 3.035518e-01, 6.414976e-01
168, 3.041408e-01, 3.620790e-01
169, 3.042625e-01, 6.173266e-01
170, 3.058598e-01, 7.508517e-01
171, 3.061959e-01, 7.019281e-01
172, 3.072905e-01, 6.144153e-01
173, 3.073388e-01, 5.930792e-01
174, 3.094184e-01, 5.251994e-01
175, 3.097676e-01, 4.918184e-01
176, 3.105623e-01, 5.214565e-01
177, 3.110509e-01, 4.317583e-01
178, 3.119522e-01, 2.159993e-01
179, 3.127830e-01, 3.296679e-01
180, 3.129890e-01, 8.379029e-01
181, 3.130653e-01, 1.704299e-01
182, 3.134456e-01, 3.050581e-01
183, 3.137760e-01, 1.932101e-01
184, 3.141812e-01, 2.834345e-01
185, 3.160787e-01, 5.615931e-01
186, 3.191686e-01, 6.951701e-01
187, 3.197119e-01, 4.172159e-01
188, 3.198052e-01, 6.512822e-01
189, 3.199305e-01, 7.589393e-01
190, 3.202009e-01, 8.085875e-01
191, 3.238386e-01, 5.474204e-01
192, 3.251323e-01, 4.908153e-01
193, 3.270233e-01, 5.808455e-01
194, 3.285524e-01, 2.744691e-01
195, 3.286044e-01, 3.615670e-01
196, 3.294765e-01, 3.402209e-01
197, 3.297725e-01, 2.269065e-01
198, 3.297835e-01, 3.856679e-01
199, 3.307737e-01, 6.153909e-01
200, 3.342671e-01, 4.731745e-01
201, 3.349867e-01, 1.934139e-01
202, 3.350973e-01, 8.385790e-01
203, 3.352456e-01, 7.479683e-01
204, 3.362162e-01, 7.061824e-01
205, 3.363082e-01, 8.177145e-01
206, 3.373729e-01, 5.089121e-01
207, 3.392854e-01, 6.012103e-01
208, 3.418396e-01, 6.386041e-01
209, 3.422525e-01, 4.409341e-01
210, 3.422678e-01, 3.922572e-01
211, 3.426934e-01, 6.354238e-01
212, 3.429091e-01, 5.465419e-01
213, 3.441049e-01, 2.816277e-01
214, 3.446077e-01, 1.786556e-01
215, 3.446782e-01, 3.308240e-01
216, 3.451572e-01, 6.731407e-01
217, 3.488708e-01, 2.157048e-01
218, 3.491159e-01, 7.867934e-01
219, 3.501733e-01, 8.094551e-01
220, 3.504633e-01, 5.313524e-01
221, 3.525500e-01, 2.493340e-01
222, 3.529660e-01, 6.570400e-01
223, 3.532883e-01, 7.830276e-01
224, 3.536140e-01, 7.581507e-01
225, 3.566409e-01, 3.842353e-01
226, 3.567254e-01, 6.940194e-01
227, 3.571533e-01, 6.013691e-01
228, 3.572643e-01, 3.628557e-01
229, 3.575465e-01, 4.978905e-01
230, 3.576238e-01, 6.900937e-01
231, 3.581685e-01, 4.734262e-01
232, 3.584410e-01, 3.375842e-01
233, 3.593128e-01, 4.511838e-01
234, 3.594306e-01, 7.282898e-01
235, 3.612637e-01, 2.348602e-01
236, 3.630620e-01, 2.707624e-01
237, 3.630759e-01, 1.794962e-01
238, 3.648224e-01, 5.869143e-01
239, 3.658954e-01, 8.173556e-01
240, 3.666998e-01, 6.224889e-01
241, 3.669637e-01, 3.053723e-01
242, 3.677057e-01, 6.188740e-01
243, 3.677094e-01, 8.402356e-01
244, 3.678007e-01, 7.138683e-01
245, 3.700726e-01, 6.572004e-01
246, 3.716197e-01, 5.538185e-01
247, 3.725541e-01, 1.649522e-01
248, 3.730210e-01, 5.060635e-01
249, 3.736781e-01, 2.009244e-01
250, 3.737333e-01, 4.180796e-01
251, 3.744699e-01, 4.428950e-01
252, 3.747948e-01, 2.907959e-01
253, 3.748102e-01, 3.951397e-01
254, 3.750957e-01, 7.828269e-01
255, 3.759089e-01, 2.347911e-01
256, 3.764718e-01, 3.283982e-01
257, 3.773296e-01, 3.252680e-01
258, 3.786319e-01, 6.423705e-01
259, 3.821631e-01, 3.626494e-01
260, 3.823563e-01, 7.702742e-01
261, 3.844585e-01, 2.206251e-01
262, 3.863939e-01, 7.133420e-01
263, 3.864250e-01, 8.042547e-01
264, 3.866186e-01, 4.496020e-01
265, 3.867386e-01, 4.736897e-01
266, 3.868504e-01, 4.975187e-01
267, 3.868516e-01, 6.096292e-01
268, 3.869873e-01, 2.534973e-01
269, 3.874601e-01, 5.631228e-01
270, 3.876449e-01, 5.857057e-01
271, 3.897678e-01, 8.404474e-01
272, 3.899593e-01, 3.483208e-01
273, 3.916571e-01, 2.545767e-01
274, 3.944775e-01, 2.907637e-01
275, 3.950436e-01, 1.863328e-01
276, 3.953704e-01, 6.975167e-01
277, 3.956885e-01, 4.184256e-01
278, 3.982660e-01, 8.251563e-01
279, 4.006538e-01, 7.696863e-01
280, 4.015316e-01, 6.654063e-01
281, 4.023509e-01, 6.188316e-01
282, 4.036191e-01, 5.535474e-01
283, 4.039303e-01, 2.758507e-01
284, 4.045221e-01, 5.075731e-01
285, 4.051257e-01, 4.022674e-01
286, 4.067922e-01, 3.480667e-01
287, 4.090865e-01, 7.547509e-01
288, 4.100227e-01, 2.208242e-01
289, 4.100755e-01, 2.437919e-01
290, 4.118016e-01, 1.963942e-01
291, 4.122176e-01, 7.896680e-01
292, 4.136421e-01, 4.741987e-01
293, 4.147988e-01, 8.247133e-01
294, 4.164499e-01, 3.317686e-01
295, 4.165971e-01, 5.845238e-01
296, 4.175355e-01, 5.623683e-01
297, 4.181274e-01, 6.750659e-01
298, 4.182100e-01, 3.670987e-01
299, 4.183158e-01, 6.094978e-01
300, 4.190884e-01, 5.870092e-01
301, 4.200018e-01, 7.224687e-01
302, 4.212925e-01, 3.679942e-01
303, 4.219667e-01, 4.023699e-01
304, 4.222926e-01, 4.595129e-01
305, 4.229039e-01, 4.962989e-01
306, 4.237713e-01, 8.082267e-01
307, 4.238263e-01, 4.928103e-01
308, 4.243674e-01, 1.640329e-01
309, 4.251613e-01, 2.525784e-01
310, 4.252778e-01, 1.885656e-01
311, 4.253898e-01, 2.754294e-01
312, 4.263808e-01, 2.977166e-01
313, 4.264382e-01, 5.278688e-01
314, 4.309930e-01, 3.863418e-01
315, 4.315054e-01, 7.544806e-01
316, 4.323421e-01, 7.784589e-01
317, 4.323566e-01, 7.293284e-01
318, 4.324476e-01, 6.666010e-01
319, 4.335640e-01, 5.148575e-01
320, 4.336292e-01, 6.185255e-01
321, 4.345061e-01, 4.230298e-01
322, 4.354356e-01, 4.590704e-01
323, 4.379723e-01, 2.447188e-01
324, 4.381145e-01, 2.205472e-01
325, 4.389880e-01, 5.512923e-01
326, 4.393161e-01, 3.575390e-01
327, 4.396131e-01, 1.964379e-01
328, 4.405397e-01, 5.868072e-01
329, 4.415411e-01, 3.069957e-01
330, 4.452578e-01, 4.431365e-01
331, 4.471361e-01, 7.217843e-01
332, 4.473588e-01, 6.757454e-01
333, 4.479555e-01, 7.875917e-01
334, 4.479923e-01, 8.329449e-01
335, 4.492604e-01, 5.688926e-01
336, 4.500040e-01, 1.630294e-01
337, 4.541308e-01, 2.752561e-01
338, 4.543440e-01, 4.118561e-01
339, 4.544666e-01, 2.531528e-01
340, 4.546914e-01, 3.863826e-01
341, 4.546981e-01, 3.662912e-01
342, 4.554316e-01, 5.139016e-01
343, 4.558817e-01, 2.993144e-01
344, 4.564016e-01, 6.413666e-01
345, 4.571436e-01, 2.781199e-01
346, 4.603632e-01, 1.865236e-01
347, 4.615273e-01, 1.827153e-01
348, 4.623122e-01, 8.419757e-01
349, 4.625261e-01, 7.308168e-01
350, 4.632216e-01, 5.007239e-01
351, 4.634549e-01, 7.545374e-01
352, 4.635309e-01, 7.787216e-01
353, 4.641698e-01, 5.379508e-01
354, 4.653195e-01, 6.269903e-01
355, 4.657768e-01, 5.326250e-01
356, 4.660674e-01, 2.204685e-01
357, 4.696284e-01, 5.680344e-01
358, 4.699682e-01, 4.204978e-01
359, 4.705300e-01, 3.572925e-01
360, 4.707283e-01, 3.082354e-01
361, 4.709907e-01, 4.658271e-01
362, 4.721686e-01, 6.980896e-01
363, 4.728589e-01, 2.069537e-01
364, 4.756645e-01, 5.569821e-01
365, 4.772820e-01, 7.872212e-01
366, 4.781932e-01, 2.768384e-01
367, 4.802061e-01, 5.941336e-01
368, 4.802645e-01, 8.328370e-01
369, 4.808131e-01, 6.834736e-01
370, 4.811852e-01, 5.910440e-01
371, 4.822948e-01, 5.238002e-01
372, 4.825853e-01, 5.004993e-01
373, 4.831629e-01, 6.275073e-01
374, 4.833128e-01, 7.206263e-01
375, 4.842292e-01, 4.730301e-01
376, 4.847356e-01, 3.656457e-01
377, 4.856970e-01, 4.122524e-01
378, 4.862831e-01, 1.685939e-01
379, 4.866571e-01, 2.607981e-01
380, 4.874674e-01, 7.531462e-01
381, 4.904584e-01, 2.064260e-01
382, 4.915768e-01, 6.120787e-01
383, 4.922916e-01, 8.405454e-01
384, 4.938493e-01, 3.322024e-01
385, 4.941565e-01, 7.408837e-01
386, 4.942768e-01, 6.469865e-01
387, 4.972741e-01, 6.843811e-01
388, 4.975786e-01, 4.649408e-01
389, 4.980813e-01, 4.474138e-01
390, 4.989899e-01, 1.898052e-01
391, 4.990653e-01, 5.549032e-01
392, 4.991808e-01, 4.198994e-01
393, 4.994603e-01, 5.348484e-01
394, 5.012097e-01, 3.172961e-01
395, 5.014754e-01, 4.438144e-01
396, 5.016559e-01, 5.573724e-01
397, 5.020224e-01, 5.801259e-01
398, 5.021615e-01, 8.100319e-01
399, 5.046181e-01, 2.609788e-01
400, 5.064663e-01, 1.573546e-01
401, 5.071097e-01, 6.686611e-01
402, 5.094329e-01, 7.038903e-01
403, 5.095497e-01, 3.876102e-01
404, 5.106291e-01, 7.955954e-01
405, 5.113809e-01, 7.404674e-01
406, 5.139382e-01, 6.121387e-01
407, 5.140736e-01, 6.358933e-01
408, 5.141365e-01, 2.452825e-01
409, 5.143085e-01, 5.875947e-01
410, 5.151515e-01, 4.997045e-01
411, 5.153011e-01, 5.256677e-01
412, 5.162420e-01, 4.763973e-01
413, 5.173726e-01, 3.739622e-01
414, 5.200710e-01, 2.141016e-01
415, 5.205832e-01, 7.241042e-01
416, 5.209998e-01, 3.174835e-01
417, 5.218980e-01, 1.905465e-01
418, 5.226626e-01, 1.658666e-01
419, 5.230400e-01, 4.439293e-01
420, 5.264285e-01, 7.956059e-01
421, 5.287538e-01, 3.022570e-01
422, 5.296251e-01, 6.444013e-01
423, 5.297508e-01, 5.338639e-01
424, 5.298460e-01, 6.691808e-01
425, 5.300645e-01, 5.558931e-01
426, 5.303257e-01, 5.789734e-01
427, 5.306589e-01, 6.915687e-01
428, 5.316235e-01, 3.378875e-01
429, 5.329393e-01, 3.729092e-01
430, 5.334226e-01, 4.272028e-01
431, 5.356904e-01, 2.233462e-01
432, 5.359265e-01, 2.442764e-01
433, 5.360710e-01, 7.777173e-01
434, 5.364271e-01, 1.579752e-01
435, 5.370415e-01, 2.707322e-01
436, 5.382166e-01, 4.990733e-01
437, 5.389139e-01, 8.156179e-01
438, 5.415419e-01, 3.567802e-01
439, 5.447747e-01, 6.993219e-01
440, 5.453420e-01, 6.113971e-01
441, 5.453677e-01, 6.350740e-01
442, 5.454487e-01, 7.242749e-01
443, 5.455663e-01, 4.855750e-01
444, 5.462431e-01, 5.883114e-01
445, 5.469307e-01, 7.472339e-01
446, 5.497538e-01, 4.266744e-01
447, 5.511686e-01, 1.657316e-01
448, 5.513595e-01, 1.909668e-01
449, 5.520630e-01, 2.773639e-01
450, 5.523484e-01, 2.116770e-01
451, 5.529881e-01, 3.029528e-01
452, 5.530023e-01, 8.385410e-01
453, 5.532054e-01, 5.555121e-01
454, 5.534401e-01, 3.256758e-01
455, 5.577383e-01, 4.126963e-01
456, 5.586521e-01, 7.783367e-01
457, 5.592323e-01, 7.543885e-01
458, 5.594883e-01, 6.918105e-01
459, 5.607219e-01, 4.509693e-01
460, 5.612034e-01, 8.042043e-01
461, 5.612975e-01, 6.447759e-01
462, 5.614732e-01, 5.405336e-01
463, 5.617290e-01, 7.813429e-01
464, 5.618910e-01, 4.470683e-01
465, 5.641555e-01, 5.785010e-01
466, 5.652784e-01, 5.743101e-01
467, 5.657342e-01, 4.856336e-01
468, 5.667120e-01, 2.684726e-01
469, 5.668301e-01, 3.329744e-01
470, 5.672547e-01, 3.575644e-01
471, 5.672797e-01, 3.826070e-01
472, 5.679687e-01, 6.115961e-01
473, 5.694528e-01, 2.208405e-01
474, 5.706715e-01, 1.535811e-01
475, 5.731338e-01, 8.116737e-01
476, 5.732685e-01, 4.723047e-01
477, 5.745542e-01, 7.229857e-01
478, 5.748900e-01, 7.467769e-01
479, 5.753601e-01, 7.010840e-01
480, 5.760868e-01, 5.971660e-01
481, 5.762498e-01, 1.906210e-01
482, 5.764966e-01, 5.043103e-01
483, 5.799319e-01, 5.406456e-01
484, 5.804873e-01, 4.378083e-01
485, 5.808685e-01, 6.325697e-01
486, 5.810405e-01, 3.247065e-01
487, 5.815036e-01, 4.127200e-01
488, 5.826449e-01, 3.913640e-01
489, 5.826746e-01, 2.777565e-01
490, 5.828988e-01, 6.672059e-01
491, 5.844673e-01, 1.766779e-01
492, 5.873309e-01, 2.105686e-01
493, 5.876594e-01, 5.280771e-01
494, 5.886856e-01, 5.600860e-01
495, 5.893311e-01, 7.787475e-01
496, 5.894570e-01, 7.560036e-01
497, 5.894783e-01, 2.460536e-01
498, 5.902085e-01, 8.036208e-01
499, 5.925720e-01, 6.515814e-01
500, 5.935900e-01, 5.615667e-01
501, 5.951905e-01, 6.904099e-01
502, 5.955204e-01, 5.976715e-01
503, 5.969109e-01, 4.925330e-01
504, 5.972524e-01, 3.827901e-01
505, 5.975508e-01, 3.576963e-01
506, 5.979655e-01, 4.485693e-01
507, 5.981346e-01, 3.354340e-01
508, 5.994329e-01, 2.300100e-01
509, 5.998039e-01, 7.234422e-01
510, 6.011154e-01, 1.760553e-01
511, 6.041204e-01, 8.361093e-01
512, 6.046157e-01, 5.833828e-01
513, 6.049933e-01, 8.124917e-01
514, 6.049956e-01, 3.012555e-01
515, 6.067701e-01, 7.105974e-01
516, 6.089587e-01, 6.518684e-01
517, 6.095220e-01, 7.440311e-01
518, 6.096771e-01, 1.593784e-01
519, 6.123408e-01, 5.276059e-01
520, 6.123590e-01, 3.911756e-01
521, 6.125903e-01, 7.449017e-01
522, 6.126265e-01, 5.009095e-01
523, 6.126945e-01, 4.135299e-01
524, 6.128501e-01, 1.960946e-01
525, 6.133555e-01, 5.499131e-01
526, 6.137107e-01, 7.803380e-01
527, 6.140344e-01, 4.384904e-01
528, 6.145576e-01, 5.253255e-01
529, 6.149593e-01, 2.869301e-01
530, 6.171285e-01, 2.301156e-01
531, 6.181347e-01, 6.384917e-01
532, 6.197978e-01, 3.568399e-01
533, 6.234986e-01, 7.646521e-01
534, 6.241997e-01, 2.171794e-01
535, 6.243341e-01, 7.101267e-01
536, 6.259937e-01, 4.684879e-01
537, 6.260603e-01, 4.934053e-01
538, 6.265867e-01, 4.452468e-01
539, 6.278368e-01, 5.573128e-01
540, 6.283613e-01, 3.417301e-01
541, 6.288627e-01, 2.510473e-01
542, 6.290168e-01, 8.356684e-01
543, 6.290258e-01, 6.059149e-01
544, 6.308463e-01, 2.876332e-01
545, 6.332504e-01, 6.926161e-01
546, 6.348711e-01, 1.837440e-01
547, 6.349516e-01, 4.137542e-01
548, 6.369026e-01, 8.213795e-01
549, 6.372194e-01, 7.310716e-01
550, 6.396121e-01, 5.253985e-01
551, 6.401896e-01, 2.714795e-01
552, 6.404262e-01, 7.649798e-01
553, 6.407347e-01, 5.024339e-01
554, 6.414485e-01, 5.495661e-01
555, 6.414615e-01, 6.123365e-01
556, 6.423373e-01, 5.282332e-01
557, 6.424389e-01, 6.611179e-01
558, 6.434607e-01, 3.990720e-01
559, 6.453595e-01, 3.416362e-01
560, 6.457271e-01, 4.338928e-01
561, 6.488908e-01, 7.492013e-01
562, 6.497713e-01, 1.930602e-01
563, 6.498488e-01, 4.694186e-01
564, 6.510343e-01, 7.849488e-01
565, 6.515274e-01, 2.394199e-01
566, 6.537603e-01, 3.271236e-01
567, 6.552552e-01, 8.205326e-01
568, 6.564907e-01, 5.585167e-01
569, 6.566110e-01, 6.035027e-01
570, 6.569187e-01, 6.712787e-01
571, 6.576351e-01, 7.185455e-01
572, 6.587310e-01, 4.551154e-01
573, 6.590784e-01, 3.631273e-01
574, 6.625464e-01, 1.590561e-01
575, 6.632181e-01, 2.462933e-01
576, 6.634712e-01, 2.958254e-01
577, 6.635253e-01, 3.996928e-01
578, 6.637716e-01, 8.067482e-01
579, 6.638921e-01, 2.716794e-01
580, 6.654547e-01, 1.618136e-01
581, 6.657418e-01, 5.284852e-01
582, 6.658305e-01, 1.849030e-01
583, 6.663654e-01, 8.455026e-01
584, 6.676105e-01, 8.408444e-01
585, 6.724861e-01, 7.266926e-01
586, 6.726889e-01, 3.841761e-01
587, 6.729459e-01, 7.757407e-01
588, 6.737449e-01, 6.621806e-01
589, 6.739620e-01, 6.142836e-01
590, 6.753245e-01, 5.110658e-01
591, 6.761255e-01, 3.276129e-01
592, 6.765187e-01, 4.551325e-01
593, 6.767921e-01, 5.464631e-01
594, 6.772718e-01, 2.380445e-01
595, 6.773895e-01, 3.040400e-01
596, 6.781641e-01, 1.917025e-01
597, 6.794696e-01, 3.311698e-01
598, 6.798230e-01, 3.514967e-01
599, 6.813439e-01, 5.827468e-01
600, 6.847737e-01, 7.828348e-01
601, 6.850705e-01, 4.407443e-01
602, 6.864071e-01, 6.692437e-01
603, 6.865956e-01, 4.773694e-01
604, 6.871996e-01, 7.184392e-01
605, 6.873826e-01, 1.618881e-01
606, 6.875087e-01, 8.298896e-01
607, 6.875195e-01, 4.732278e-01
608, 6.880124e-01, 6.938506e-01
609, 6.901125e-01, 5.685571e-01
610, 6.918638e-01, 5.106068e-01
611, 6.919755e-01, 6.051439e-01
612, 6.924850e-01, 3.590911e-01
613, 6.928752e-01, 6.019842e-01
614, 6.937357e-01, 4.062971e-01
615, 6.938446e-01, 6.390490e-01
616, 6.945444e-01, 2.736639e-01
617, 6.945732e-01, 2.951616e-01
618, 6.964669e-01, 2.474882e-01
619, 6.992672e-01, 4.963616e-01
620, 7.006174e-01, 8.382563e-01
621, 7.013139e-01, 7.270742e-01
622, 7.014825e-01, 7.744083e-01
623, 7.016231e-01, 2.145017e-01
624, 7.028130e-01, 6.224499e-01
625, 7.039048e-01, 5.322780e-01
626, 7.043999e-01, 5.686595e-01
627, 7.077083e-01, 4.414105e-01
628, 7.087976e-01, 4.147175e-01
629, 7.088671e-01, 4.608468e-01
630, 7.095597e-01, 3.511500e-01
631, 7.098949e-01, 3.292951e-01
632, 7.099509e-01, 3.039955e-01
633, 7.100254e-01, 2.001378e-01
634, 7.111885e-01, 6.935926e-01
635, 7.142205e-01, 5.497521e-01
636, 7.147165e-01, 2.375650e-01
637, 7.155407e-01, 7.830082e-01
638, 7.167501e-01, 8.285205e-01
639, 7.167950e-01, 8.060391e-01
640, 7.175658e-01, 2.725556e-01
641, 7.191355e-01, 6.796669e-01
642, 7.205682e-01, 6.226181e-01
643, 7.225898e-01, 3.602940e-01
644, 7.228573e-01, 3.837526e-01
645, 7.232399e-01, 4.072499e-01
646, 7.253236e-01, 5.202026e-01
647, 7.254736e-01, 4.718214e-01
648, 7.262928e-01, 2.555825e-01
649, 7.266895e-01, 7.503449e-01
650, 7.273840e-01, 2.003334e-01
651, 7.297716e-01, 6.067900e-01
652, 7.318320e-01, 8.376537e-01
653, 7.336772e-01, 3.296861e-01
654, 7.339073e-01, 7.353371e-01
655, 7.359601e-01, 1.851018e-01
656, 7.371323e-01, 6.786491e-01
657, 7.374588e-01, 7.706869e-01
658, 7.377579e-01, 8.064728e-01
659, 7.383636e-01, 5.283042e-01
660, 7.383924e-01, 5.499418e-01
661, 7.388509e-01, 5.756679e-01
662, 7.390685e-01, 4.167093e-01
663, 7.391919e-01, 4.643962e-01
664, 7.397857e-01, 2.217667e-01
665, 7.419536e-01, 3.127350e-01
666, 7.420096e-01, 2.564378e-01
667, 7.424598e-01, 1.545507e-01
668, 7.455236e-01, 6.649179e-01
669, 7.477164e-01, 7.897355e-01
670, 7.489999e-01, 3.840805e-01
671, 7.515326e-01, 2.418854e-01
672, 7.525055e-01, 4.718851e-01
673, 7.533548e-01, 7.338040e-01
674, 7.536721e-01, 6.080578e-01
675, 7.539528e-01, 5.196544e-01
676, 7.543042e-01, 6.311730e-01
677, 7.544888e-01, 5.839920e-01
678, 7.563985e-01, 3.705002e-01
679, 7.581329e-01, 3.123096e-01
680, 7.592957e-01, 1.842649e-01
681, 7.599040e-01, 1.654010e-01
682, 7.599921e-01, 7.219988e-01
683, 7.603219e-01, 2.093671e-01
684, 7.615324e-01, 4.412022e-01
685, 7.617934e-01, 1.869961e-01
686, 7.648409e-01, 8.467088e-01
687, 7.651877e-01, 7.559922e-01
688, 7.660788e-01, 2.980354e-01
689, 7.663240e-01, 7.908047e-01
690, 7.686586e-01, 6.648438e-01
691, 7.688891e-01, 5.282699e-01
692, 7.690867e-01, 6.876466e-01
693, 7.693356e-01, 5.756204e-01
694, 7.695365e-01, 3.348708e-01
695, 7.698154e-01, 6.402086e-01
696, 7.704754e-01, 4.266453e-01
697, 7.733365e-01, 3.691300e-01
698, 7.734060e-01, 4.594532e-01
699, 7.761688e-01, 7.742067e-01
700, 7.766680e-01, 2.197011e-01
701, 7.769347e-01, 4.974352e-01
702, 7.770997e-01, 1.545735e-01
703, 7.784400e-01, 2.662466e-01
704, 7.809408e-01, 3.548619e-01
705, 7.811387e-01, 8.461596e-01
706, 7.832742e-01, 7.216536e-01
707, 7.833242e-01, 5.840715e-01
708, 7.835571e-01, 6.323308e-01
709, 7.838286e-01, 6.070671e-01
710, 7.850816e-01, 7.440345e-01
711, 7.855909e-01, 6.962317e-01
712, 7.861272e-01, 3.904804e-01
713, 7.865591e-01, 4.802241e-01
714, 7.868583e-01, 7.176366e-01
715, 7.889310e-01, 4.268953e-01
716, 7.900910e-01, 1.617439e-01
717, 7.901252e-01, 8.314846e-01
718, 7.914220e-01, 5.523708e-01
719, 7.915260e-01, 2.751582e-01
720, 7.923295e-01, 2.092254e-01
721, 7.923956e-01, 2.970142e-01
722, 7.928167e-01, 3.220780e-01
723, 7.971160e-01, 4.109193e-01
724, 7.973405e-01, 7.736576e-01
725, 7.977704e-01, 6.403878e-01
726, 7.980955e-01, 7.520991e-01
727, 7.984123e-01, 4.427271e-01
728, 7.997755e-01, 6.870967e-01
729, 8.004973e-01, 7.995819e-01
730, 8.005207e-01, 7.767629e-01
731, 8.006694e-01, 5.357468e-01
732, 8.018063e-01, 4.435786e-01
733, 8.018830e-01, 5.725658e-01
734, 8.024645e-01, 4.808797e-01
735, 8.059385e-01, 3.293573e-01
736, 8.060001e-01, 2.423926e-01
737, 8.062649e-01, 5.736902e-01
738, 8.069386e-01, 3.551104e-01
739, 8.075192e-01, 3.782455e-01
740, 8.076114e-01, 2.172586e-01
741, 8.076400e-01, 6.077622e-01
742, 8.078081e-01, 2.654669e-01
743, 8.126224e-01, 4.651602e-01
744, 8.128366e-01, 1.871511e-01
745, 8.137051e-01, 7.176736e-01
746, 8.139981e-01, 6.956063e-01
747, 8.139999e-01, 8.314846e-01
748, 8.146467e-01, 5.027878e-01
749, 8.153259e-01, 7.433709e-01
750, 8.153408e-01, 8.084291e-01
751, 8.164091e-01, 7.203767e-01
752, 8.165626e-01, 5.929213e-01
753, 8.192740e-01, 5.359130e-01
754, 8.201359e-01, 4.332985e-01
755, 8.202907e-01, 3.862047e-01
756, 8.205852e-01, 2.977591e-01
757, 8.207022e-01, 2.725567e-01
758, 8.209568e-01, 6.652618e-01
759, 8.216630e-01, 3.203461e-01
760, 8.241956e-01, 1.691125e-01
761, 8.252801e-01, 2.074630e-01
762, 8.261521e-01, 5.244016e-01
763, 8.278313e-01, 2.408117e-01
764, 8.282076e-01, 8.002925e-01
765, 8.301333e-01, 7.518583e-01
766, 8.315366e-01, 6.489498e-01
767, 8.331781e-01, 5.923261e-01
768, 8.334348e-01, 6.851173e-01
769, 8.353952e-01, 3.780226e-01
770, 8.358833e-01, 3.535791e-01
771, 8.362164e-01, 2.247056e-01
772, 8.364524e-01, 3.295596e-01
773, 8.366259e-01, 4.421700e-01
774, 8.368238e-01, 4.652844e-01
775, 8.371414e-01, 4.901875e-01
776, 8.388305e-01, 7.202199e-01
777, 8.399178e-01, 1.698534e-01
778, 8.400398e-01, 2.612244e-01
779, 8.418510e-01, 5.762448e-01
780, 8.437301e-01, 2.619856e-01
781, 8.438408e-01, 8.083175e-01
782, 8.444336e-01, 2.981143e-01
783, 8.465569e-01, 7.071367e-01
784, 8.489090e-01, 6.501238e-01
785, 1.547642e-01, 1.689357e-01
786, 1.545298e-01, 3.851977e-01
787, 1.598710e-01, 7.370201e-01
788, 1.796550e-01, 3.715179e-01
789, 1.709529e-01, 2.241482e-01
790, 1.691509e-01, 4.422515e-01
791, 1.777055e-01, 5.885258e-01
792, 1.858657e-01, 2.793171e-01
793, 1.993176e-01, 5.546004e-01
794, 1.890907e-01, 8.480921e-01
795, 2.102167e-01, 4.853093e-01
796, 2.104530e-01, 8.141192e-01
797, 2.295427e-01, 6.656003e-01
798, 2.245613e-01, 7.586059e-01
799, 2.362634e-01, 2.449208e-01
800, 2.309340e-01, 4.478989e-01
801, 2.387010e-01, 8.146972e-01
802, 2.548192e-01, 6.511135e-01
803, 2.457525e-01, 3.926700e-01
804, 2.430451e-01, 7.229291e-01
805, 2.598743e-01, 7.784317e-01
806, 2.643663e-01, 3.569477e-01
807, 2.758488e-01, 6.164887e-01
808, 2.832824e-01, 1.944920e-01
809, 2.953074e-01, 4.678841e-01
810, 2.830400e-01, 4.136790e-01
811, 2.858121e-01, 7.641046e-01
812, 2.918430e-01, 5.602313e-01
813, 2.967800e-01, 2.503931e-01
814, 3.076180e-01, 3.990310e-01
815, 3.058667e-01, 7.292257e-01
816, 3.206024e-01, 7.840937e-01
817, 3.205427e-01, 6.725814e-01
818, 3.339945e-01, 1.580482e-01
819, 3.233657e-01, 4.531400e-01
820, 3.286406e-01, 2.498864e-01
821, 3.358687e-01, 7.293740e-01
822, 3.416329e-01, 4.187230e-01
823, 3.437452e-01, 3.057436e-01
824, 3.524300e-01, 5.645530e-01
825, 3.708936e-01, 7.491286e-01
826, 3.811634e-01, 6.770330e-01
827, 3.724435e-01, 5.302354e-01
828, 3.945244e-01, 1.646540e-01
829, 3.930199e-01, 3.833688e-01
830, 4.077912e-01, 4.384744e-01
831, 3.985063e-01, 7.345260e-01
832, 4.038799e-01, 5.290285e-01
833, 4.017923e-01, 6.418159e-01
834, 4.055299e-01, 3.105741e-01
835, 4.185102e-01, 6.969567e-01
836, 4.337293e-01, 6.416966e-01
837, 4.273049e-01, 8.460290e-01
838, 4.488807e-01, 4.790876e-01
839, 4.399742e-01, 3.310787e-01
840, 4.543574e-01, 6.064608e-01
841, 4.468132e-01, 6.979240e-01
842, 4.486166e-01, 8.096382e-01
843, 4.707686e-01, 3.315130e-01
844, 4.697365e-01, 4.453359e-01
845, 4.689731e-01, 6.631415e-01
846, 4.783219e-01, 8.100683e-01
847, 4.756785e-01, 2.401815e-01
848, 4.853595e-01, 3.870243e-01
849, 4.903308e-01, 2.968094e-01
850, 4.988523e-01, 7.743986e-01
851, 5.145402e-01, 8.304609e-01
852, 5.172007e-01, 2.822567e-01
853, 5.018152e-01, 2.238410e-01
854, 5.212850e-01, 4.070863e-01
855, 5.056393e-01, 3.520839e-01
856, 5.244218e-01, 7.605180e-01
857, 5.468179e-01, 3.943701e-01
858, 5.349668e-01, 4.659781e-01
859, 5.496466e-01, 5.207364e-01
860, 5.604586e-01, 6.668635e-01
861, 5.683441e-01, 2.465159e-01
862, 5.734461e-01, 8.374781e-01
863, 5.825749e-01, 3.023661e-01
864, 6.023568e-01, 2.664481e-01
865, 6.065522e-01, 6.175508e-01
866, 5.975453e-01, 4.699299e-01
867, 6.328612e-01, 3.792987e-01
868, 6.187531e-01, 3.242794e-01
869, 6.208948e-01, 6.747159e-01
870, 6.275067e-01, 5.830461e-01
871, 6.247090e-01, 8.008295e-01
872, 6.344564e-01, 1.593447e-01
873, 6.426523e-01, 6.384722e-01
874, 6.431339e-01, 3.078698e-01
875, 6.504638e-01, 2.167715e-01
876, 6.625822e-01, 4.906785e-01
877, 6.572160e-01, 5.826269e-01
878, 6.558725e-01, 6.920770e-01
879, 6.723487e-01, 7.485187e-01
880, 6.726462e-01, 6.386487e-01
881, 6.733915e-01, 4.185988e-01
882, 6.788378e-01, 2.154854e-01
883, 6.859994e-01, 8.068667e-01
884, 6.994522e-01, 1.805629e-01
885, 6.928559e-01, 3.843074e-01
886, 7.068289e-01, 6.591618e-01
887, 7.007047e-01, 7.498127e-01
888, 7.176188e-01, 5.881340e-01
889, 7.250144e-01, 4.955077e-01
890, 7.331634e-01, 6.442029e-01
891, 7.222722e-01, 7.152408e-01
892, 7.245276e-01, 1.653279e-01
893, 7.289587e-01, 2.925089e-01
894, 7.406832e-01, 4.404947e-01
895, 7.516259e-01, 8.262943e-01
896, 7.542090e-01, 2.784056e-01
897, 7.453315e-01, 3.478666e-01
898, 7.492899e-01, 6.999053e-01
899, 7.534066e-01, 4.968622e-01
900, 7.590585e-01, 4.043560e-01
901, 7.684001e-01, 5.522786e-01
902, 7.777933e-01, 8.117941e-01
903, 7.775370e-01, 2.420544e-01
904, 7.894956e-01, 5.172279e-01
905, 7.915971e-01, 1.871515e-01
906, 7.991763e-01, 6.652095e-01
907, 8.201860e-01, 6.279210e-01
908, 8.208262e-01, 4.100268e-01
909, 8.294215e-01, 7.763568e-01
910, 8.315184e-01, 5.579691e-01
911, 8.436182e-01, 8.334132e-01
912, 8.463543e-01, 6.141255e-01
913, 1.500000e-01, 1.689145e-01
914, 1.500000e-01, 2.957162e-01
915, 1.500000e-01, 5.334142e-01
916, 1.500000e-01, 6.467171e-01
917, 1.500000e-01, 3.879022e-01
918, 1.500000e-01, 4.222392e-01
919, 1.500000e-01, 7.428936e-01
920, 1.500000e-01, 7.744211e-01
921, 1.500000e-01, 1.953664e-01
922, 1.500000e-01, 2.229521e-01
923, 1.500000e-01, 3.486574e-01
924, 1.500000e-01, 3.230623e-01
925, 1.500000e-01, 3.529853e-01
926, 1.500000e-01, 3.783886e-01
927, 1.500000e-01, 6.915877e-01
928, 1.500000e-01, 6.770615e-01
929, 1.500000e-01, 5.030005e-01
930, 1.500000e-01, 6.090120e-01
931, 1.500000e-01, 7.127697e-01
932, 1.500000e-01, 7.205275e-01
933, 1.500000e-01, 4.548774e-01
934, 1.500000e-01, 4.762838e-01
935, 1.500000e-01, 5.669153e-01
936, 1.500000e-01, 5.893352e-01
937, 1.500000e-01, 8.135337e-01
938, 1.500000e-01, 8.083023e-01
939, 1.500000e-01, 8.429762e-01
940, 1.500000e-01, 2.604448e-01
941, 1.500000e-01, 2.594805e-01
942, 1.546951e-01, 1.500000e-01
943, 1.861227e-01, 8.500000e-01
944, 1.862715e-01, 1.500000e-01
945, 1.902496e-01, 8.500000e-01
946, 2.155338e-01, 1.500000e-01
947, 2.226799e-01, 8.500000e-01
948, 2.397883e-01, 1.500000e-01
949, 2.520288e-01, 8.500000e-01
950, 2.670753e-01, 1.500000e-01
951, 2.836992e-01, 8.500000e-01
952, 2.964666e-01, 1.500000e-01
953, 3.057514e-01, 8.500000e-01
954, 3.295339e-01, 1.500000e-01
955, 3.349323e-01, 8.500000e-01
956, 3.485509e-01, 1.500000e-01
957, 3.627081e-01, 1.500000e-01
958, 3.676111e-01, 8.500000e-01
959, 3.959236e-01, 8.500000e-01
960, 3.954449e-01, 1.500000e-01
961, 4.201080e-01, 8.500000e-01
962, 4.243632e-01, 1.500000e-01
963, 4.294884e-01, 8.500000e-01
964, 4.569217e-01, 1.500000e-01
965, 4.621975e-01, 8.500000e-01
966, 4.759894e-01, 1.500000e-01
967, 4.923807e-01, 8.500000e-01
968, 5.065685e-01, 1.500000e-01
969, 5.281738e-01, 8.500000e-01
970, 5.361635e-01, 1.500000e-01
971, 5.455263e-01, 8.500000e-01
972, 5.686657e-01, 1.500000e-01
973, 5.737884e-01, 8.500000e-01
974, 5.772373e-01, 1.500000e-01
975, 6.036678e-01, 1.500000e-01
976, 6.037683e-01, 8.500000e-01
977, 6.372897e-01, 8.500000e-01
978, 6.341663e-01, 1.500000e-01
979, 6.574269e-01, 8.500000e-01
980, 6.628342e-01, 1.500000e-01
981, 6.692236e-01, 8.500000e-01
982, 6.941275e-01, 1.500000e-01
983, 7.014705e-01, 8.500000e-01
984, 7.164236e-01, 1.500000e-01
985, 7.312157e-01, 8.500000e-01
986, 7.426812e-01, 1.500000e-01
987, 7.631016e-01, 8.500000e-01
988, 7.768074e-01, 1.500000e-01
989, 7.832517e-01, 8.500000e-01
990, 8.137547e-01, 8.500000e-01
991, 8.500000e-01, 5.250210e-01
992, 8.500000e-01, 4.101178e-01
993, 8.500000e-01, 7.768025e-01
994, 8.500000e-01, 1.922692e-01
995, 8.500000e-01, 2.256147e-01
996, 8.500000e-01, 3.852243e-01
997, 8.500000e-01, 4.970221e-01
998, 8.500000e-01, 3.226543e-01
999, 8.500000e-01, 3.545823e-01
1000, 8.500000e-01, 4.340243e-01
1001, 8.500000e-01, 4.661425e-01
1002, 8.500000e-01, 5.446392e-01
1003, 8.500000e-01, 5.768136e-01
1004, 8.500000e-01, 6.738903e-01
1005, 8.500000e-01, 7.071400e-01
1006, 8.500000e-01, 1.876703e-01
1007, 8.458127e-01, 1.500000e-01
1008, 8.500000e-01, 8.045626e-01
1009, 8.442739e-01, 8.500000e-01
1010, 8.500000e-01, 8.334300e-01
1011, 8.500000e-01, 3.077871e-01
1012, 8.500000e-01, 2.898742e-01
1013, 8.500000e-01, 2.745684e-01
1014, 8.500000e-01, 2.579505e-01
1015, 8.500000e-01, 6.519551e-01
1016, 8.500000e-01, 6.480948e-01
1017, 8.500000e-01, 6.200303e-01
1018, 8.500000e-01, 6.116555e-01
1019, 8.500000e-01, 7.426748e-01
1020, 1.501486e-01, 6.129669e-01
1021, 5.245179e-01, 8.498916e-01
1022, 8.120485e-01, 1.500110e-01
1023, 8.491888e-01, 1.549118e-01
1024, 8.493076e-01, 7.399028e-01
