1, 1.522444e-01, 5.200323e-01
2, 1.527540e-01, 8.453361e-01
3, 1.550752e-01, 3.708967e-01
4, 1.557007e-01, 4.921734e-01
5, 1.574493e-01, 3.952594e-01
6, 1.576920e-01, 1.532617e-01
7, 1.625095e-01, 2.423251e-01
8, 1.631959e-01, 5.283981e-01
9, 1.648398e-01, 5.584706e-01
10, 1.683029e-01, 7.959617e-01
11, 1.692073e-01, 1.989050e-01
12, 1.714045e-01, 7.681689e-01
13, 1.727928e-01, 5.655570e-01
14, 1.732034e-01, 3.261936e-01
15, 1.741528e-01, 5.833262e-01
16, 1.742698e-01, 3.595316e-01
17, 1.743197e-01, 1.946978e-01
18, 1.746951e-01, 6.400078e-01
19, 1.750715e-01, 1.658063e-01
20, 1.756040e-01, 4.059663e-01
21, 1.759493e-01, 2.929569e-01
22, 1.766206e-01, 8.300716e-01
23, 1.770132e-01, 8.056277e-01
24, 1.787398e-01, 7.184057e-01
25, 1.789611e-01, 4.777545e-01
26, 1.790180e-01, 3.193126e-01
27, 1.790576e-01, 4.388976e-01
28, 1.895456e-01, 4.827026e-01
29, 1.909445e-01, 3.710241e-01
30, 1.912306e-01, 3.973109e-01
31, 1.925895e-01, 8.439017e-01
32, 1.946556e-01, 7.257300e-01
33, 1.957572e-01, 5.083179e-01
34, 1.962620e-01, 2.614805e-01
35, 1.978104e-01, 2.768174e-01
36, 1.978941e-01, 7.525087e-01
37, 2.053712e-01, 6.308718e-01
38, 2.080925e-01, 6.004835e-01
39, 2.116790e-01, 4.089586e-01
40, 2.131310e-01, 3.143862e-01
41, 2.140858e-01, 4.693718e-01
42, 2.156906e-01, 5.648633e-01
43, 2.158114e-01, 7.604882e-01
44, 2.171530e-01, 3.100321e-01
45, 2.175761e-01, 5.943441e-01
46, 2.177321e-01, 1.988323e-01
47, 2.182639e-01, 2.917669e-01
48, 2.185704e-01, 5.619615e-01
49, 2.192408e-01, 7.140045e-01
50, 2.194262e-01, 3.596742e-01
51, 2.206566e-01, 8.332724e-01
52, 2.210259e-01, 2.022919e-01
53, 2.227415e-01, 2.422254e-01
54, 2.227907e-01, 6.440147e-01
55, 2.229202e-01, 5.228687e-01
56, 2.246365e-01, 1.597923e-01
57, 2.247668e-01, 5.979832e-01
58, 2.301452e-01, 6.401596e-01
59, 2.310425e-01, 1.567792e-01
60, 2.327362e-01, 7.475522e-01
61, 2.338055e-01, 7.227363e-01
62, 2.380883e-01, 8.434707e-01
63, 2.384237e-01, 3.686563e-01
64, 2.393725e-01, 5.110372e-01
65, 2.394723e-01, 2.498445e-01
66, 2.401410e-01, 3.912303e-01
67, 2.411457e-01, 2.801277e-01
68, 2.441891e-01, 4.867457e-01
69, 2.554365e-01, 5.814714e-01
70, 2.564396e-01, 5.653275e-01
71, 2.568560e-01, 4.409999e-01
72, 2.571320e-01, 7.103672e-01
73, 2.572116e-01, 8.326825e-01
74, 2.577120e-01, 3.979059e-01
75, 2.590584e-01, 7.961638e-01
76, 2.592643e-01, 2.879697e-01
77, 2.592826e-01, 2.037789e-01
78, 2.593569e-01, 6.520244e-01
79, 2.595695e-01, 6.816559e-01
80, 2.602138e-01, 1.736039e-01
81, 2.608394e-01, 2.376949e-01
82, 2.614204e-01, 3.143345e-01
83, 2.624710e-01, 4.758223e-01
84, 2.628593e-01, 2.078431e-01
85, 2.634367e-01, 3.573786e-01
86, 2.636315e-01, 6.774571e-01
87, 2.639977e-01, 4.495626e-01
88, 2.646274e-01, 7.915297e-01
89, 2.655367e-01, 7.665364e-01
90, 2.683580e-01, 3.214889e-01
91, 2.697773e-01, 5.285615e-01
92, 2.721022e-01, 5.515019e-01
93, 2.762859e-01, 2.791924e-01
94, 2.763556e-01, 3.856162e-01
95, 2.771980e-01, 2.522241e-01
96, 2.787738e-01, 3.674921e-01
97, 2.808051e-01, 8.436045e-01
98, 2.847188e-01, 1.595008e-01
99, 2.868249e-01, 5.151924e-01
100, 2.871174e-01, 7.274920e-01
101, 2.873727e-01, 4.884675e-01
102, 2.879394e-01, 7.523697e-01
103, 2.889629e-01, 6.317535e-01
104, 2.922369e-01, 3.210805e-01
105, 2.923456e-01, 3.602684e-01
106, 2.924654e-01, 6.060538e-01
107, 3.022237e-01, 3.112871e-01
108, 3.022403e-01, 2.979364e-01
109, 3.027802e-01, 7.614861e-01
110, 3.046717e-01, 8.291851e-01
111, 3.046876e-01, 6.808654e-01
112, 3.048419e-01, 1.687301e-01
113, 3.054309e-01, 4.809945e-01
114, 3.059001e-01, 4.468221e-01
115, 3.071066e-01, 5.968521e-01
116, 3.075418e-01, 7.150320e-01
117, 3.106525e-01, 6.753312e-01
118, 3.108137e-01, 2.353415e-01
119, 3.113814e-01, 5.315874e-01
120, 3.114391e-01, 6.463729e-01
121, 3.118343e-01, 4.030708e-01
122, 3.124509e-01, 4.402621e-01
123, 3.135736e-01, 4.850213e-01
124, 3.196686e-01, 5.265678e-01
125, 3.240389e-01, 7.233357e-01
126, 3.243476e-01, 8.406563e-01
127, 3.247779e-01, 7.491302e-01
128, 3.258928e-01, 1.570923e-01
129, 3.295848e-01, 3.916921e-01
130, 3.296346e-01, 3.797852e-01
131, 3.317663e-01, 2.474528e-01
132, 3.325116e-01, 6.077681e-01
133, 3.328360e-01, 2.790888e-01
134, 3.349468e-01, 6.308947e-01
135, 3.382883e-01, 7.168050e-01
136, 3.389396e-01, 3.998529e-01
137, 3.404266e-01, 4.383288e-01
138, 3.409654e-01, 8.290452e-01
139, 3.423108e-01, 5.364108e-01
140, 3.435379e-01, 5.526305e-01
141, 3.448476e-01, 2.057423e-01
142, 3.460081e-01, 7.968171e-01
143, 3.460353e-01, 2.871176e-01
144, 3.460840e-01, 2.371336e-01
145, 3.465044e-01, 3.156026e-01
146, 3.488450e-01, 5.977389e-01
147, 3.492442e-01, 6.379574e-01
148, 3.495040e-01, 4.472276e-01
149, 3.499696e-01, 4.677282e-01
150, 3.503062e-01, 5.608282e-01
151, 3.508037e-01, 1.754157e-01
152, 3.518780e-01, 1.981865e-01
153, 3.519403e-01, 7.912875e-01
154, 3.522693e-01, 7.628614e-01
155, 3.532382e-01, 3.620110e-01
156, 3.535080e-01, 3.233619e-01
157, 3.602431e-01, 7.571597e-01
158, 3.603263e-01, 6.315136e-01
159, 3.619708e-01, 6.058734e-01
160, 3.638270e-01, 7.299622e-01
161, 3.669890e-01, 3.679354e-01
162, 3.675886e-01, 3.848820e-01
163, 3.706122e-01, 4.833065e-01
164, 3.721748e-01, 2.707141e-01
165, 3.730543e-01, 5.107140e-01
166, 3.730952e-01, 2.529677e-01
167, 3.758601e-01, 1.636058e-01
168, 3.857303e-01, 3.246384e-01
169, 3.874209e-01, 1.699255e-01
170, 3.876526e-01, 6.809377e-01
171, 3.878400e-01, 4.444410e-01
172, 3.888459e-01, 7.151625e-01
173, 3.894641e-01, 3.564424e-01
174, 3.897104e-01, 3.983145e-01
175, 3.902911e-01, 7.700971e-01
176, 3.908496e-01, 7.935409e-01
177, 3.921203e-01, 5.661146e-01
178, 3.923019e-01, 5.885220e-01
179, 3.943421e-01, 6.507727e-01
180, 3.947385e-01, 2.411839e-01
181, 3.948526e-01, 4.508771e-01
182, 3.952754e-01, 4.743616e-01
183, 3.955300e-01, 6.739430e-01
184, 3.973781e-01, 5.613001e-01
185, 3.980438e-01, 3.130872e-01
186, 3.982708e-01, 7.999269e-01
187, 3.984828e-01, 2.848055e-01
188, 3.990514e-01, 8.320634e-01
189, 4.028606e-01, 3.625529e-01
190, 4.041993e-01, 7.235019e-01
191, 4.043741e-01, 3.895450e-01
192, 4.052238e-01, 4.806526e-01
193, 4.076851e-01, 2.470491e-01
194, 4.094743e-01, 7.558392e-01
195, 4.108209e-01, 2.751663e-01
196, 4.129075e-01, 1.560330e-01
197, 4.174798e-01, 6.345290e-01
198, 4.184252e-01, 6.040146e-01
199, 4.214218e-01, 8.401976e-01
200, 4.254829e-01, 7.091649e-01
201, 4.256482e-01, 3.518710e-01
202, 4.267321e-01, 8.015210e-01
203, 4.279635e-01, 5.327313e-01
204, 4.281118e-01, 6.772647e-01
205, 4.294387e-01, 8.347969e-01
206, 4.301370e-01, 7.980438e-01
207, 4.302060e-01, 7.674026e-01
208, 4.314188e-01, 3.194785e-01
209, 4.319205e-01, 5.601148e-01
210, 4.319430e-01, 1.635778e-01
211, 4.336560e-01, 2.851778e-01
212, 4.347338e-01, 3.169572e-01
213, 4.349859e-01, 4.606215e-01
214, 4.350877e-01, 2.288161e-01
215, 4.351799e-01, 6.721396e-01
216, 4.353436e-01, 4.541795e-01
217, 4.357939e-01, 4.048136e-01
218, 4.370395e-01, 6.495220e-01
219, 4.371208e-01, 5.651757e-01
220, 4.379394e-01, 5.911096e-01
221, 4.397782e-01, 4.491856e-01
222, 4.483446e-01, 1.532554e-01
223, 4.548230e-01, 8.469593e-01
224, 4.553633e-01, 2.711739e-01
225, 4.563248e-01, 5.991407e-01
226, 4.588327e-01, 2.432984e-01
227, 4.605859e-01, 6.390352e-01
228, 4.606180e-01, 3.773073e-01
229, 4.606575e-01, 3.881486e-01
230, 4.632154e-01, 7.489794e-01
231, 4.638352e-01, 5.124996e-01
232, 4.642033e-01, 7.318670e-01
233, 4.651488e-01, 4.828520e-01
234, 4.677388e-01, 2.051204e-01
235, 4.732792e-01, 1.735142e-01
236, 4.749147e-01, 8.342569e-01
237, 4.758334e-01, 5.883826e-01
238, 4.759499e-01, 6.759559e-01
239, 4.761399e-01, 7.571462e-01
240, 4.769691e-01, 5.630538e-01
241, 4.770873e-01, 7.213727e-01
242, 4.781043e-01, 7.987735e-01
243, 4.787032e-01, 4.765451e-01
244, 4.789322e-01, 6.492748e-01
245, 4.793891e-01, 2.294309e-01
246, 4.801999e-01, 2.183653e-01
247, 4.804539e-01, 6.720584e-01
248, 4.817074e-01, 4.058719e-01
249, 4.833372e-01, 2.886534e-01
250, 4.856734e-01, 5.275581e-01
251, 4.866764e-01, 5.532578e-01
252, 4.874746e-01, 3.557335e-01
253, 4.938275e-01, 1.616897e-01
254, 4.972399e-01, 7.447740e-01
255, 4.974446e-01, 7.312010e-01
256, 4.978191e-01, 5.200471e-01
257, 4.982572e-01, 4.863124e-01
258, 4.990100e-01, 8.464640e-01
259, 5.014412e-01, 3.962222e-01
260, 5.030915e-01, 2.421644e-01
261, 5.032616e-01, 3.631562e-01
262, 5.033777e-01, 6.051562e-01
263, 5.043005e-01, 2.777647e-01
264, 5.043128e-01, 6.355031e-01
265, 5.128072e-01, 5.536482e-01
266, 5.152139e-01, 5.332113e-01
267, 5.155089e-01, 2.160683e-01
268, 5.163916e-01, 2.341507e-01
269, 5.169329e-01, 8.011124e-01
270, 5.170189e-01, 4.748366e-01
271, 5.178542e-01, 8.324229e-01
272, 5.179861e-01, 3.547658e-01
273, 5.182300e-01, 6.741956e-01
274, 5.182680e-01, 7.588262e-01
275, 5.199954e-01, 2.879870e-01
276, 5.200813e-01, 6.434159e-01
277, 5.209056e-01, 7.977358e-01
278, 5.210634e-01, 4.074826e-01
279, 5.211006e-01, 5.621292e-01
280, 5.219127e-01, 5.952784e-01
281, 5.250427e-01, 6.812145e-01
282, 5.273809e-01, 7.096131e-01
283, 5.299217e-01, 1.999375e-01
284, 5.306050e-01, 1.838206e-01
285, 5.376907e-01, 7.458989e-01
286, 5.380010e-01, 7.166255e-01
287, 5.443620e-01, 2.730123e-01
288, 5.448419e-01, 2.519193e-01
289, 5.451036e-01, 8.462223e-01
290, 5.451267e-01, 6.116481e-01
291, 5.458360e-01, 6.274597e-01
292, 5.493565e-01, 3.848391e-01
293, 5.507187e-01, 3.719530e-01
294, 5.514416e-01, 1.692645e-01
295, 5.547896e-01, 4.902286e-01
296, 5.558054e-01, 5.157934e-01
297, 5.566046e-01, 7.113089e-01
298, 5.568615e-01, 7.991049e-01
299, 5.571620e-01, 2.797355e-01
300, 5.580648e-01, 6.779115e-01
301, 5.585288e-01, 3.277576e-01
302, 5.603537e-01, 6.350196e-01
303, 5.621711e-01, 6.740067e-01
304, 5.628412e-01, 2.415293e-01
305, 5.632791e-01, 5.204435e-01
306, 5.635711e-01, 4.442187e-01
307, 5.636914e-01, 8.074629e-01
308, 5.644960e-01, 2.013497e-01
309, 5.651283e-01, 7.616605e-01
310, 5.653794e-01, 5.972355e-01
311, 5.656723e-01, 3.648507e-01
312, 5.659484e-01, 8.326282e-01
313, 5.664416e-01, 4.813433e-01
314, 5.666867e-01, 1.757992e-01
315, 5.675079e-01, 4.414188e-01
316, 5.696274e-01, 1.964255e-01
317, 5.698681e-01, 3.387417e-01
318, 5.764312e-01, 3.705965e-01
319, 5.775994e-01, 8.387809e-01
320, 5.793736e-01, 6.259940e-01
321, 5.811440e-01, 6.045636e-01
322, 5.834471e-01, 1.618097e-01
323, 5.871278e-01, 7.317422e-01
324, 5.875022e-01, 7.450669e-01
325, 5.876777e-01, 2.549502e-01
326, 5.880378e-01, 2.638166e-01
327, 5.884639e-01, 5.092856e-01
328, 5.910302e-01, 4.438901e-01
329, 5.955583e-01, 3.387729e-01
330, 5.983296e-01, 3.546214e-01
331, 6.004484e-01, 2.004943e-01
332, 6.028106e-01, 1.747513e-01
333, 6.035045e-01, 1.978737e-01
334, 6.039571e-01, 4.125059e-01
335, 6.056948e-01, 2.410525e-01
336, 6.070507e-01, 5.189658e-01
337, 6.074368e-01, 4.258995e-01
338, 6.105203e-01, 5.634187e-01
339, 6.105448e-01, 8.129092e-01
340, 6.108710e-01, 6.748399e-01
341, 6.110837e-01, 8.236504e-01
342, 6.120874e-01, 5.818387e-01
343, 6.126710e-01, 7.157124e-01
344, 6.130032e-01, 6.510235e-01
345, 6.137577e-01, 5.677123e-01
346, 6.143256e-01, 6.788720e-01
347, 6.201654e-01, 3.144636e-01
348, 6.201716e-01, 2.853995e-01
349, 6.205850e-01, 5.110436e-01
350, 6.289426e-01, 7.906765e-01
351, 6.292721e-01, 7.269187e-01
352, 6.295945e-01, 5.109913e-01
353, 6.307381e-01, 2.795586e-01
354, 6.308090e-01, 8.367501e-01
355, 6.315534e-01, 3.972617e-01
356, 6.329868e-01, 2.522394e-01
357, 6.340480e-01, 3.716062e-01
358, 6.378610e-01, 5.930719e-01
359, 6.386721e-01, 1.574005e-01
360, 6.400635e-01, 6.383457e-01
361, 6.462022e-01, 8.301069e-01
362, 6.473667e-01, 4.219827e-01
363, 6.478899e-01, 4.100779e-01
364, 6.497763e-01, 5.857103e-01
365, 6.498086e-01, 6.799091e-01
366, 6.498815e-01, 5.695957e-01
367, 6.502565e-01, 8.131992e-01
368, 6.506444e-01, 7.153513e-01
369, 6.518479e-01, 1.982133e-01
370, 6.523329e-01, 1.680815e-01
371, 6.534959e-01, 2.914638e-01
372, 6.551762e-01, 5.251313e-01
373, 6.562296e-01, 2.390629e-01
374, 6.580053e-01, 3.585907e-01
375, 6.582746e-01, 5.611366e-01
376, 6.590710e-01, 2.069417e-01
377, 6.593962e-01, 6.459091e-01
378, 6.614630e-01, 6.675421e-01
379, 6.661043e-01, 8.438444e-01
380, 6.669258e-01, 3.632987e-01
381, 6.680443e-01, 3.958153e-01
382, 6.682305e-01, 4.393834e-01
383, 6.716832e-01, 4.833428e-01
384, 6.733935e-01, 2.491141e-01
385, 6.749858e-01, 2.755034e-01
386, 6.757684e-01, 6.346987e-01
387, 6.761622e-01, 7.316660e-01
388, 6.771790e-01, 7.423355e-01
389, 6.806006e-01, 6.071227e-01
390, 6.821274e-01, 5.107415e-01
391, 6.858522e-01, 4.387952e-01
392, 6.907216e-01, 3.538662e-01
393, 6.922288e-01, 2.841773e-01
394, 6.936409e-01, 5.997648e-01
395, 6.938466e-01, 8.097913e-01
396, 6.942284e-01, 8.267417e-01
397, 6.967077e-01, 4.295655e-01
398, 6.973308e-01, 2.104940e-01
399, 6.980527e-01, 4.123648e-01
400, 6.982736e-01, 6.492895e-01
401, 6.986971e-01, 6.667504e-01
402, 6.991145e-01, 2.341439e-01
403, 7.006343e-01, 2.071960e-01
404, 7.013883e-01, 1.607753e-01
405, 7.018030e-01, 5.248980e-01
406, 7.018640e-01, 6.695907e-01
407, 7.034242e-01, 7.592995e-01
408, 7.043793e-01, 7.995257e-01
409, 7.086780e-01, 2.705536e-01
410, 7.090703e-01, 7.158128e-01
411, 7.097995e-01, 2.412317e-01
412, 7.125064e-01, 3.657103e-01
413, 7.131905e-01, 6.090728e-01
414, 7.142256e-01, 4.009252e-01
415, 7.159643e-01, 6.354115e-01
416, 7.160625e-01, 7.534422e-01
417, 7.173049e-01, 1.526056e-01
418, 7.174170e-01, 7.196756e-01
419, 7.185972e-01, 8.407109e-01
420, 7.195700e-01, 5.195247e-01
421, 7.212812e-01, 4.994142e-01
422, 7.329638e-01, 5.269224e-01
423, 7.342076e-01, 5.553380e-01
424, 7.346215e-01, 6.746405e-01
425, 7.352806e-01, 4.329667e-01
426, 7.357853e-01, 3.523002e-01
427, 7.364280e-01, 6.466754e-01
428, 7.369880e-01, 4.113798e-01
429, 7.376832e-01, 7.073098e-01
430, 7.391744e-01, 7.986628e-01
431, 7.394513e-01, 1.661535e-01
432, 7.398667e-01, 6.807318e-01
433, 7.402460e-01, 2.274331e-01
434, 7.416862e-01, 5.913260e-01
435, 7.418466e-01, 8.256830e-01
436, 7.419020e-01, 7.725289e-01
437, 7.422415e-01, 5.638367e-01
438, 7.423034e-01, 2.880886e-01
439, 7.429013e-01, 7.943511e-01
440, 7.433097e-01, 4.422309e-01
441, 7.452372e-01, 4.831236e-01
442, 7.506462e-01, 5.160781e-01
443, 7.521819e-01, 4.874443e-01
444, 7.584365e-01, 3.688964e-01
445, 7.587009e-01, 2.394023e-01
446, 7.606966e-01, 3.972437e-01
447, 7.623414e-01, 2.778682e-01
448, 7.624272e-01, 6.003797e-01
449, 7.627767e-01, 6.322135e-01
450, 7.628082e-01, 1.536952e-01
451, 7.639182e-01, 8.414864e-01
452, 7.672470e-01, 2.072062e-01
453, 7.673403e-01, 7.557823e-01
454, 7.678095e-01, 7.201209e-01
455, 7.700159e-01, 2.321201e-01
456, 7.734855e-01, 4.033339e-01
457, 7.770701e-01, 7.952141e-01
458, 7.781616e-01, 5.685912e-01
459, 7.784335e-01, 5.877541e-01
460, 7.791465e-01, 7.639080e-01
461, 7.792211e-01, 7.117200e-01
462, 7.800071e-01, 3.568666e-01
463, 7.802538e-01, 3.244553e-01
464, 7.806932e-01, 6.832971e-01
465, 7.834321e-01, 5.320976e-01
466, 7.839044e-01, 1.897341e-01
467, 7.857071e-01, 6.783527e-01
468, 7.857908e-01, 6.465605e-01
469, 7.860369e-01, 8.046540e-01
470, 7.861280e-01, 8.313348e-01
471, 7.861592e-01, 5.602520e-01
472, 7.865706e-01, 1.682581e-01
473, 7.869648e-01, 4.720788e-01
474, 7.889058e-01, 3.159643e-01
475, 7.890898e-01, 2.956610e-01
476, 7.999944e-01, 3.854671e-01
477, 8.002037e-01, 3.681788e-01
478, 8.028604e-01, 2.891750e-01
479, 8.045768e-01, 8.415161e-01
480, 8.053346e-01, 1.594229e-01
481, 8.067386e-01, 4.815592e-01
482, 8.074670e-01, 7.251758e-01
483, 8.080314e-01, 2.513708e-01
484, 8.083207e-01, 6.355560e-01
485, 8.083279e-01, 6.053638e-01
486, 8.101149e-01, 4.879021e-01
487, 8.107553e-01, 7.472573e-01
488, 8.117805e-01, 5.140538e-01
489, 8.127578e-01, 4.440496e-01
490, 8.143124e-01, 3.177749e-01
491, 8.146339e-01, 1.629189e-01
492, 8.150733e-01, 2.971437e-01
493, 8.171987e-01, 5.574290e-01
494, 8.172666e-01, 8.339317e-01
495, 8.187224e-01, 8.070966e-01
496, 8.187398e-01, 1.915454e-01
497, 8.201029e-01, 5.987839e-01
498, 8.215623e-01, 3.252105e-01
499, 8.233702e-01, 3.520914e-01
500, 8.241863e-01, 5.499650e-01
501, 8.252511e-01, 5.247341e-01
502, 8.261196e-01, 6.756508e-01
503, 8.276894e-01, 6.474954e-01
504, 8.280772e-01, 4.319285e-01
505, 8.281931e-01, 7.110431e-01
506, 8.306872e-01, 7.960482e-01
507, 8.336080e-01, 7.579909e-01
508, 8.341202e-01, 4.051508e-01
509, 8.387479e-01, 2.348540e-01
510, 8.405094e-01, 2.151717e-01
511, 8.435889e-01, 6.380229e-01
512, 8.451599e-01, 3.981771e-01
513, 8.459260e-01, 6.128632e-01
514, 8.471715e-01, 5.074074e-01
515, 8.475101e-01, 5.160846e-01
516, 1.715766e-01, 6.796052e-01
517, 2.204886e-01, 6.779162e-01
518, 2.110502e-01, 4.368833e-01
519, 2.199340e-01, 7.952717e-01
520, 3.063849e-01, 5.530157e-01
521, 3.022755e-01, 7.947263e-01
522, 3.082835e-01, 2.043778e-01
523, 3.461289e-01, 6.760574e-01
524, 3.879547e-01, 1.996778e-01
525, 4.029082e-01, 5.191466e-01
526, 4.370661e-01, 2.053325e-01
527, 4.845245e-01, 3.237719e-01
528, 4.779338e-01, 4.414947e-01
529, 5.230830e-01, 4.402381e-01
530, 5.168670e-01, 3.247503e-01
531, 5.611460e-01, 5.614056e-01
532, 5.794836e-01, 4.023453e-01
533, 5.884140e-01, 4.898489e-01
534, 6.272671e-01, 7.639000e-01
535, 6.557525e-01, 3.203812e-01
536, 6.823824e-01, 4.873748e-01
537, 6.937799e-01, 3.230411e-01
538, 6.954443e-01, 5.593301e-01
539, 7.364305e-01, 3.300778e-01
540, 7.403936e-01, 2.069407e-01
541, 7.838938e-01, 4.408346e-01
542, 1.500000e-01, 8.437155e-01
543, 1.500000e-01, 7.966630e-01
544, 1.500000e-01, 3.988359e-01
545, 1.500000e-01, 4.887831e-01
546, 1.500000e-01, 4.411580e-01
547, 1.500000e-01, 3.683482e-01
548, 1.500000e-01, 3.248181e-01
549, 1.500000e-01, 6.788417e-01
550, 1.500000e-01, 1.590911e-01
551, 1.500000e-01, 1.982122e-01
552, 1.500000e-01, 5.215391e-01
553, 1.500000e-01, 5.567678e-01
554, 1.500000e-01, 6.239476e-01
555, 1.500000e-01, 6.070158e-01
556, 1.500000e-01, 7.383861e-01
557, 1.500000e-01, 7.547126e-01
558, 1.530178e-01, 8.500000e-01
559, 1.500000e-01, 2.530356e-01
560, 1.500000e-01, 2.802301e-01
561, 1.572701e-01, 1.500000e-01
562, 2.035812e-01, 1.500000e-01
563, 1.919864e-01, 8.500000e-01
564, 2.078095e-01, 1.500000e-01
565, 2.379860e-01, 8.500000e-01
566, 2.318884e-01, 1.500000e-01
567, 2.809256e-01, 8.500000e-01
568, 2.834821e-01, 1.500000e-01
569, 3.253807e-01, 8.500000e-01
570, 3.261840e-01, 1.500000e-01
571, 3.681656e-01, 8.500000e-01
572, 3.740896e-01, 8.500000e-01
573, 3.749275e-01, 1.500000e-01
574, 4.207603e-01, 8.500000e-01
575, 4.124603e-01, 1.500000e-01
576, 4.490292e-01, 1.500000e-01
577, 4.552090e-01, 8.500000e-01
578, 4.988421e-01, 8.500000e-01
579, 4.940688e-01, 1.500000e-01
580, 5.451116e-01, 8.500000e-01
581, 5.502752e-01, 1.500000e-01
582, 5.779512e-01, 8.500000e-01
583, 5.838983e-01, 1.500000e-01
584, 6.300639e-01, 8.500000e-01
585, 6.378172e-01, 1.500000e-01
586, 6.660434e-01, 8.500000e-01
587, 7.192113e-01, 8.500000e-01
588, 7.175266e-01, 1.500000e-01
589, 7.633341e-01, 8.500000e-01
590, 7.627367e-01, 1.500000e-01
591, 8.049453e-01, 8.500000e-01
592, 8.049268e-01, 1.500000e-01
593, 8.500000e-01, 7.261817e-01
594, 8.500000e-01, 6.756595e-01
595, 8.500000e-01, 4.342822e-01
596, 8.454055e-01, 8.500000e-01
597, 8.500000e-01, 7.974835e-01
598, 8.500000e-01, 5.489125e-01
599, 8.500000e-01, 3.696188e-01
600, 8.500000e-01, 3.211658e-01
601, 8.500000e-01, 2.143848e-01
602, 8.500000e-01, 3.721931e-01
603, 8.500000e-01, 4.003449e-01
604, 8.500000e-01, 7.411743e-01
605, 8.500000e-01, 5.056466e-01
606, 8.500000e-01, 5.175431e-01
607, 8.500000e-01, 6.419205e-01
608, 8.500000e-01, 6.105615e-01
609, 8.500000e-01, 1.597465e-01
610, 1.506191e-01, 7.298660e-01
611, 1.503447e-01, 2.472201e-01
612, 6.806158e-01, 1.502624e-01
613, 8.494816e-01, 7.503710e-01
614, 8.496021e-01, 2.815137e-01
615, 8.497976e-01, 2.416635e-01
616, 8.340962e-01, 1.501358e-01
