1, 1.604288e-01, 8.357860e-01
2, 1.604288e-01, 8.140380e-01
3, 1.607407e-01, 7.178069e-01
4, 1.608039e-01, 6.939071e-01
5, 1.608137e-01, 1.635553e-01
6, 1.610042e-01, 7.737615e-01
7, 1.614030e-01, 3.082182e-01
8, 1.614286e-01, 2.803075e-01
9, 1.617642e-01, 6.333704e-01
10, 1.617714e-01, 3.985445e-01
11, 1.618805e-01, 6.017785e-01
12, 1.620710e-01, 6.601347e-01
13, 1.622260e-01, 2.488501e-01
14, 1.626571e-01, 8.370725e-01
15, 1.631159e-01, 2.832291e-01
16, 1.631159e-01, 3.052504e-01
17, 1.634411e-01, 7.751685e-01
18, 1.639282e-01, 8.120177e-01
19, 1.703811e-01, 2.074409e-01
20, 1.708887e-01, 6.175608e-01
21, 1.709081e-01, 2.638829e-01
22, 1.709199e-01, 3.246964e-01
23, 1.710650e-01, 4.978001e-01
24, 1.710650e-01, 5.010219e-01
25, 1.714234e-01, 6.765564e-01
26, 1.714237e-01, 5.581439e-01
27, 1.743221e-01, 7.940087e-01
28, 1.754190e-01, 2.074409e-01
29, 1.768996e-01, 7.940087e-01
30, 1.813857e-01, 1.753540e-01
31, 1.821867e-01, 2.942360e-01
32, 1.823055e-01, 7.052878e-01
33, 1.833714e-01, 7.636577e-01
34, 1.838596e-01, 2.358077e-01
35, 1.849438e-01, 2.942360e-01
36, 1.849932e-01, 6.471314e-01
37, 1.850128e-01, 5.289698e-01
38, 1.852481e-01, 3.541393e-01
39, 1.852481e-01, 3.509495e-01
40, 1.852670e-01, 7.052878e-01
41, 1.852789e-01, 1.753540e-01
42, 1.866156e-01, 7.636577e-01
43, 1.925254e-01, 4.854141e-01
44, 1.927692e-01, 7.848494e-01
45, 1.932028e-01, 8.417353e-01
46, 1.933762e-01, 6.043972e-01
47, 1.935426e-01, 4.548592e-01
48, 1.936915e-01, 3.941563e-01
49, 1.936915e-01, 3.700197e-01
50, 1.936921e-01, 2.179874e-01
51, 1.939819e-01, 3.113859e-01
52, 1.940144e-01, 4.280915e-01
53, 1.940478e-01, 5.451529e-01
54, 1.942468e-01, 6.897290e-01
55, 1.942756e-01, 6.629036e-01
56, 1.944850e-01, 2.770881e-01
57, 1.946874e-01, 1.963124e-01
58, 1.947867e-01, 1.588914e-01
59, 1.951165e-01, 7.489385e-01
60, 1.953775e-01, 7.227938e-01
61, 1.957006e-01, 4.872474e-01
62, 1.958088e-01, 7.795864e-01
63, 1.960349e-01, 1.939778e-01
64, 2.116065e-01, 1.939778e-01
65, 2.116065e-01, 2.174128e-01
66, 2.120944e-01, 5.128468e-01
67, 2.121833e-01, 7.487420e-01
68, 2.121833e-01, 7.228397e-01
69, 2.124052e-01, 7.795864e-01
70, 2.126780e-01, 3.370973e-01
71, 2.128254e-01, 4.282111e-01
72, 2.131500e-01, 5.450278e-01
73, 2.131716e-01, 5.725724e-01
74, 2.134096e-01, 3.950552e-01
75, 2.137759e-01, 2.774020e-01
76, 2.138589e-01, 8.421017e-01
77, 2.139171e-01, 3.106412e-01
78, 2.140073e-01, 3.347956e-01
79, 2.140608e-01, 7.824532e-01
80, 2.146907e-01, 5.699423e-01
81, 2.146907e-01, 5.476972e-01
82, 2.148542e-01, 1.921027e-01
83, 2.218931e-01, 3.530639e-01
84, 2.219118e-01, 5.298570e-01
85, 2.226888e-01, 4.111328e-01
86, 2.232282e-01, 2.371309e-01
87, 2.250903e-01, 5.298570e-01
88, 2.340489e-01, 6.162997e-01
89, 2.340489e-01, 6.191627e-01
90, 2.347974e-01, 3.227964e-01
91, 2.348479e-01, 7.944506e-01
92, 2.348719e-01, 6.764790e-01
93, 2.348719e-01, 6.793527e-01
94, 2.355488e-01, 4.988258e-01
95, 2.358108e-01, 7.355755e-01
96, 2.359379e-01, 2.644585e-01
97, 2.362060e-01, 4.419697e-01
98, 2.381356e-01, 7.944506e-01
99, 2.422642e-01, 6.921522e-01
100, 2.431504e-01, 6.349324e-01
101, 2.438015e-01, 8.354490e-01
102, 2.440310e-01, 5.751854e-01
103, 2.441598e-01, 3.068958e-01
104, 2.441794e-01, 4.840407e-01
105, 2.443393e-01, 4.569377e-01
106, 2.448782e-01, 2.809748e-01
107, 2.449022e-01, 6.591119e-01
108, 2.452946e-01, 2.243864e-01
109, 2.453104e-01, 1.632324e-01
110, 2.453117e-01, 4.241438e-01
111, 2.453117e-01, 3.981130e-01
112, 2.453344e-01, 1.901117e-01
113, 2.453846e-01, 5.415700e-01
114, 2.454386e-01, 7.766982e-01
115, 2.454386e-01, 7.515421e-01
116, 2.454769e-01, 6.362756e-01
117, 2.457884e-01, 7.188896e-01
118, 2.457884e-01, 6.941869e-01
119, 2.458153e-01, 3.671534e-01
120, 2.469130e-01, 7.792528e-01
121, 2.471737e-01, 2.211306e-01
122, 2.628096e-01, 6.941869e-01
123, 2.628716e-01, 2.804621e-01
124, 2.628784e-01, 4.251736e-01
125, 2.628925e-01, 8.080525e-01
126, 2.629196e-01, 7.792528e-01
127, 2.629196e-01, 7.511532e-01
128, 2.630271e-01, 3.406905e-01
129, 2.632041e-01, 5.169218e-01
130, 2.632182e-01, 1.899124e-01
131, 2.633174e-01, 3.668688e-01
132, 2.634392e-01, 2.489975e-01
133, 2.635253e-01, 1.634455e-01
134, 2.635555e-01, 2.211306e-01
135, 2.641577e-01, 7.193299e-01
136, 2.643687e-01, 6.968882e-01
137, 2.645930e-01, 5.744535e-01
138, 2.646695e-01, 4.839484e-01
139, 2.649373e-01, 2.464035e-01
140, 2.649373e-01, 2.235248e-01
141, 2.650817e-01, 3.442504e-01
142, 2.650817e-01, 3.638140e-01
143, 2.650838e-01, 6.362756e-01
144, 2.650838e-01, 6.587801e-01
145, 2.651217e-01, 2.843583e-01
146, 2.653182e-01, 6.005153e-01
147, 2.654951e-01, 5.155991e-01
148, 2.656137e-01, 7.495982e-01
149, 2.656620e-01, 8.348770e-01
150, 2.660125e-01, 8.134547e-01
151, 2.672218e-01, 5.972170e-01
152, 2.672218e-01, 5.790052e-01
153, 2.714008e-01, 7.933105e-01
154, 2.722383e-01, 2.642328e-01
155, 2.724407e-01, 4.417305e-01
156, 2.730396e-01, 4.984410e-01
157, 2.730396e-01, 5.025360e-01
158, 2.733513e-01, 7.362008e-01
159, 2.734876e-01, 3.225784e-01
160, 2.737174e-01, 5.578302e-01
161, 2.742629e-01, 6.743559e-01
162, 2.752987e-01, 6.186562e-01
163, 2.755245e-01, 7.933105e-01
164, 2.762258e-01, 4.417305e-01
165, 2.768513e-01, 3.225784e-01
166, 2.776164e-01, 2.642328e-01
167, 2.820241e-01, 3.540355e-01
168, 2.828834e-01, 2.946096e-01
169, 2.829935e-01, 5.881080e-01
170, 2.834873e-01, 7.079302e-01
171, 2.840451e-01, 8.238624e-01
172, 2.855625e-01, 1.764131e-01
173, 2.862610e-01, 4.711463e-01
174, 2.867211e-01, 3.540355e-01
175, 2.876933e-01, 8.238624e-01
176, 2.877522e-01, 7.079302e-01
177, 2.879163e-01, 5.881080e-01
178, 2.882770e-01, 2.946096e-01
179, 2.882841e-01, 7.652312e-01
180, 2.882841e-01, 7.626826e-01
181, 2.883679e-01, 1.764131e-01
182, 2.938876e-01, 1.577918e-01
183, 2.939451e-01, 3.715542e-01
184, 2.939451e-01, 3.945201e-01
185, 2.943500e-01, 5.148499e-01
186, 2.946298e-01, 6.066262e-01
187, 2.950094e-01, 4.857460e-01
188, 2.953427e-01, 8.047700e-01
189, 2.953427e-01, 7.818588e-01
190, 2.953895e-01, 3.690506e-01
191, 2.956311e-01, 5.451590e-01
192, 2.956368e-01, 7.490783e-01
193, 2.956368e-01, 7.223728e-01
194, 2.957311e-01, 2.185214e-01
195, 2.962793e-01, 2.750243e-01
196, 2.962793e-01, 2.534487e-01
197, 2.962903e-01, 4.301365e-01
198, 2.962903e-01, 4.533324e-01
199, 2.964925e-01, 5.718151e-01
200, 2.964993e-01, 6.870195e-01
201, 2.965021e-01, 1.623234e-01
202, 2.966102e-01, 7.796632e-01
203, 2.966155e-01, 6.031867e-01
204, 2.969925e-01, 8.399701e-01
205, 2.970286e-01, 8.076922e-01
206, 2.974376e-01, 4.871480e-01
207, 2.974376e-01, 5.130673e-01
208, 2.975219e-01, 3.106342e-01
209, 2.977007e-01, 3.346260e-01
210, 2.979310e-01, 2.778873e-01
211, 2.981583e-01, 6.898930e-01
212, 3.129074e-01, 3.348151e-01
213, 3.129074e-01, 3.107374e-01
214, 3.132200e-01, 7.796632e-01
215, 3.136751e-01, 1.913028e-01
216, 3.137254e-01, 7.219801e-01
217, 3.143465e-01, 1.623234e-01
218, 3.146001e-01, 6.898930e-01
219, 3.147432e-01, 2.529009e-01
220, 3.147432e-01, 2.778873e-01
221, 3.147772e-01, 7.495124e-01
222, 3.148200e-01, 2.183555e-01
223, 3.149249e-01, 8.076922e-01
224, 3.149249e-01, 7.826151e-01
225, 3.151413e-01, 7.244334e-01
226, 3.153756e-01, 4.871480e-01
227, 3.154319e-01, 3.092799e-01
228, 3.157025e-01, 3.690506e-01
229, 3.160950e-01, 3.366554e-01
230, 3.161842e-01, 4.301353e-01
231, 3.162687e-01, 1.957966e-01
232, 3.162687e-01, 2.158472e-01
233, 3.163486e-01, 3.947705e-01
234, 3.177677e-01, 3.923133e-01
235, 3.177677e-01, 3.726287e-01
236, 3.180091e-01, 1.559774e-01
237, 3.223792e-01, 1.762318e-01
238, 3.227021e-01, 7.632341e-01
239, 3.234255e-01, 7.051845e-01
240, 3.238352e-01, 5.881590e-01
241, 3.240291e-01, 2.933653e-01
242, 3.246165e-01, 6.477436e-01
243, 3.247618e-01, 2.355812e-01
244, 3.248273e-01, 5.274428e-01
245, 3.249400e-01, 4.705762e-01
246, 3.251208e-01, 3.522939e-01
247, 3.254579e-01, 7.632341e-01
248, 3.266239e-01, 5.881590e-01
249, 3.271921e-01, 1.762318e-01
250, 3.282901e-01, 2.355812e-01
251, 3.296303e-01, 7.051845e-01
252, 3.336328e-01, 2.058253e-01
253, 3.348149e-01, 3.824744e-01
254, 3.363142e-01, 7.366618e-01
255, 3.363375e-01, 3.249723e-01
256, 3.363375e-01, 3.213457e-01
257, 3.368942e-01, 7.952949e-01
258, 3.369255e-01, 2.656765e-01
259, 3.374733e-01, 3.824744e-01
260, 3.379785e-01, 6.761239e-01
261, 3.386417e-01, 5.008676e-01
262, 3.387758e-01, 2.058253e-01
263, 3.398253e-01, 7.952949e-01
264, 3.449356e-01, 3.064584e-01
265, 3.450300e-01, 4.010314e-01
266, 3.451378e-01, 7.141347e-01
267, 3.451378e-01, 6.962281e-01
268, 3.453239e-01, 7.517682e-01
269, 3.453267e-01, 5.773645e-01
270, 3.453267e-01, 5.989609e-01
271, 3.453644e-01, 3.406021e-01
272, 3.455126e-01, 2.256343e-01
273, 3.455126e-01, 2.455213e-01
274, 3.461230e-01, 4.825494e-01
275, 3.466024e-01, 6.604416e-01
276, 3.466098e-01, 3.982941e-01
277, 3.467979e-01, 5.748173e-01
278, 3.472584e-01, 3.655201e-01
279, 3.473629e-01, 6.923728e-01
280, 3.473701e-01, 7.179998e-01
281, 3.474636e-01, 2.488994e-01
282, 3.475391e-01, 5.411804e-01
283, 3.475612e-01, 3.418704e-01
284, 3.476716e-01, 4.852325e-01
285, 3.478637e-01, 2.215607e-01
286, 3.482589e-01, 3.045397e-01
287, 3.485579e-01, 7.536348e-01
288, 3.639185e-01, 7.536348e-01
289, 3.647904e-01, 5.155396e-01
290, 3.654491e-01, 8.360780e-01
291, 3.656797e-01, 2.816112e-01
292, 3.657677e-01, 1.634667e-01
293, 3.658642e-01, 4.852325e-01
294, 3.658664e-01, 1.896710e-01
295, 3.660479e-01, 4.601590e-01
296, 3.660907e-01, 6.605358e-01
297, 3.662297e-01, 3.653453e-01
298, 3.663627e-01, 5.748173e-01
299, 3.665907e-01, 2.488994e-01
300, 3.667052e-01, 7.520264e-01
301, 3.667877e-01, 6.923728e-01
302, 3.670175e-01, 7.179998e-01
303, 3.671272e-01, 5.998672e-01
304, 3.677171e-01, 5.771623e-01
305, 3.679059e-01, 4.230870e-01
306, 3.679422e-01, 3.982941e-01
307, 3.686058e-01, 4.586822e-01
308, 3.757451e-01, 2.647499e-01
309, 3.770942e-01, 3.219666e-01
310, 3.776365e-01, 6.181501e-01
311, 3.777942e-01, 4.402083e-01
312, 3.777942e-01, 4.427619e-01
313, 3.805209e-01, 3.219666e-01
314, 3.860458e-01, 3.544083e-01
315, 3.864949e-01, 5.880001e-01
316, 3.874707e-01, 1.767431e-01
317, 3.880619e-01, 2.939514e-01
318, 3.881725e-01, 7.058646e-01
319, 3.886969e-01, 2.360649e-01
320, 3.887763e-01, 4.106633e-01
321, 3.892042e-01, 7.650119e-01
322, 3.893218e-01, 5.294812e-01
323, 3.896624e-01, 5.880001e-01
324, 3.908916e-01, 3.544083e-01
325, 3.932243e-01, 3.292984e-01
326, 3.932243e-01, 3.146347e-01
327, 3.957076e-01, 8.414271e-01
328, 3.967990e-01, 6.900423e-01
329, 3.968660e-01, 6.640345e-01
330, 3.969045e-01, 6.069432e-01
331, 3.969045e-01, 6.292783e-01
332, 3.969316e-01, 4.875552e-01
333, 3.970526e-01, 3.080060e-01
334, 3.973411e-01, 1.938335e-01
335, 3.973782e-01, 3.958530e-01
336, 3.975190e-01, 5.442860e-01
337, 3.976781e-01, 8.380129e-01
338, 3.977788e-01, 1.579774e-01
339, 3.980130e-01, 2.521955e-01
340, 3.980347e-01, 7.808488e-01
341, 3.980454e-01, 2.773316e-01
342, 3.980965e-01, 5.728462e-01
343, 3.981442e-01, 2.181202e-01
344, 3.984037e-01, 6.613721e-01
345, 3.985256e-01, 7.484781e-01
346, 3.985808e-01, 6.321827e-01
347, 3.987506e-01, 6.037468e-01
348, 3.988689e-01, 4.280448e-01
349, 3.989194e-01, 8.068933e-01
350, 3.993061e-01, 3.398289e-01
351, 4.147795e-01, 2.777595e-01
352, 4.157421e-01, 3.681779e-01
353, 4.158046e-01, 5.136216e-01
354, 4.160409e-01, 8.069651e-01
355, 4.162193e-01, 2.185771e-01
356, 4.162472e-01, 2.752165e-01
357, 4.162472e-01, 2.522142e-01
358, 4.164033e-01, 1.583474e-01
359, 4.164119e-01, 6.900036e-01
360, 4.166580e-01, 1.942972e-01
361, 4.167333e-01, 4.878728e-01
362, 4.169733e-01, 7.486752e-01
363, 4.170680e-01, 3.704751e-01
364, 4.171937e-01, 5.446194e-01
365, 4.177829e-01, 6.037468e-01
366, 4.180442e-01, 6.871773e-01
367, 4.182174e-01, 8.380129e-01
368, 4.183380e-01, 3.398289e-01
369, 4.185006e-01, 5.468837e-01
370, 4.186528e-01, 4.911963e-01
371, 4.186528e-01, 5.086900e-01
372, 4.192146e-01, 3.080060e-01
373, 4.205697e-01, 8.420887e-01
374, 4.205909e-01, 3.103891e-01
375, 4.205909e-01, 3.359280e-01
376, 4.253492e-01, 6.460677e-01
377, 4.254471e-01, 5.303288e-01
378, 4.254597e-01, 4.116622e-01
379, 4.257015e-01, 7.060993e-01
380, 4.257291e-01, 2.967186e-01
381, 4.260362e-01, 2.355864e-01
382, 4.262141e-01, 8.241668e-01
383, 4.265478e-01, 7.649497e-01
384, 4.271009e-01, 4.699094e-01
385, 4.283737e-01, 5.303288e-01
386, 4.300826e-01, 4.116622e-01
387, 4.303553e-01, 2.355864e-01
388, 4.309278e-01, 7.060993e-01
389, 4.338078e-01, 4.999431e-01
390, 4.379368e-01, 7.947325e-01
391, 4.379368e-01, 7.922032e-01
392, 4.381686e-01, 6.755623e-01
393, 4.388288e-01, 6.189188e-01
394, 4.388288e-01, 6.162176e-01
395, 4.388759e-01, 4.999431e-01
396, 4.399295e-01, 5.592599e-01
397, 4.400189e-01, 3.216022e-01
398, 4.400189e-01, 3.247150e-01
399, 4.468912e-01, 7.766990e-01
400, 4.472844e-01, 3.090222e-01
401, 4.473541e-01, 6.014562e-01
402, 4.475109e-01, 2.256781e-01
403, 4.481200e-01, 4.220726e-01
404, 4.483410e-01, 3.391245e-01
405, 4.486290e-01, 7.163157e-01
406, 4.488820e-01, 8.368270e-01
407, 4.488935e-01, 3.647059e-01
408, 4.494085e-01, 5.181802e-01
409, 4.494543e-01, 5.424956e-01
410, 4.495657e-01, 3.077050e-01
411, 4.495657e-01, 2.831067e-01
412, 4.495760e-01, 1.892868e-01
413, 4.497357e-01, 2.218234e-01
414, 4.500150e-01, 4.253538e-01
415, 4.505505e-01, 7.196428e-01
416, 4.665283e-01, 8.131114e-01
417, 4.668012e-01, 2.218234e-01
418, 4.668970e-01, 1.631422e-01
419, 4.674225e-01, 3.077050e-01
420, 4.676352e-01, 7.196428e-01
421, 4.678387e-01, 6.344366e-01
422, 4.678443e-01, 6.583448e-01
423, 4.679761e-01, 3.394520e-01
424, 4.680546e-01, 5.739683e-01
425, 4.680759e-01, 2.240329e-01
426, 4.683878e-01, 6.009110e-01
427, 4.688727e-01, 4.831924e-01
428, 4.689953e-01, 7.172868e-01
429, 4.690184e-01, 3.049390e-01
430, 4.707975e-01, 8.106465e-01
431, 4.766736e-01, 2.047229e-01
432, 4.767016e-01, 5.589903e-01
433, 4.768633e-01, 3.240580e-01
434, 4.777391e-01, 6.172760e-01
435, 4.783132e-01, 3.834502e-01
436, 4.788237e-01, 4.995289e-01
437, 4.789712e-01, 2.632870e-01
438, 4.790606e-01, 6.777732e-01
439, 4.793322e-01, 2.047229e-01
440, 4.796706e-01, 3.240580e-01
441, 4.867815e-01, 2.946677e-01
442, 4.907506e-01, 1.771135e-01
443, 4.908740e-01, 5.305693e-01
444, 4.913878e-01, 4.710743e-01
445, 4.925990e-01, 2.946677e-01
446, 4.956459e-01, 8.416775e-01
447, 4.974928e-01, 3.137717e-01
448, 4.974928e-01, 3.343442e-01
449, 4.982639e-01, 2.749135e-01
450, 4.982651e-01, 7.461118e-01
451, 4.982651e-01, 7.231854e-01
452, 4.984581e-01, 8.368050e-01
453, 4.984779e-01, 5.715586e-01
454, 4.988340e-01, 6.294594e-01
455, 4.989631e-01, 6.044952e-01
456, 4.990691e-01, 5.110719e-01
457, 4.991018e-01, 3.371301e-01
458, 4.991567e-01, 1.585748e-01
459, 4.994588e-01, 2.163391e-01
460, 4.994588e-01, 1.930987e-01
461, 4.995914e-01, 4.291148e-01
462, 4.996014e-01, 3.715300e-01
463, 4.996496e-01, 6.905417e-01
464, 4.996602e-01, 8.076010e-01
465, 4.998194e-01, 7.204923e-01
466, 5.001041e-01, 6.656278e-01
467, 5.004332e-01, 7.498658e-01
468, 5.004849e-01, 4.548814e-01
469, 5.005102e-01, 5.135672e-01
470, 5.005549e-01, 1.609973e-01
471, 5.005599e-01, 3.084611e-01
472, 5.008952e-01, 3.692883e-01
473, 5.011350e-01, 2.798880e-01
474, 5.014868e-01, 2.198506e-01
475, 5.169113e-01, 4.548696e-01
476, 5.180627e-01, 7.803931e-01
477, 5.181792e-01, 1.922149e-01
478, 5.187449e-01, 6.902793e-01
479, 5.187644e-01, 3.084611e-01
480, 5.189972e-01, 5.135672e-01
481, 5.190268e-01, 2.500879e-01
482, 5.190510e-01, 7.204923e-01
483, 5.190575e-01, 3.371301e-01
484, 5.190671e-01, 6.045334e-01
485, 5.190980e-01, 2.798880e-01
486, 5.192842e-01, 7.498658e-01
487, 5.194809e-01, 1.944703e-01
488, 5.194809e-01, 2.198506e-01
489, 5.195929e-01, 4.502234e-01
490, 5.196779e-01, 7.831898e-01
491, 5.198057e-01, 3.692883e-01
492, 5.198958e-01, 3.940355e-01
493, 5.200301e-01, 8.368050e-01
494, 5.203288e-01, 6.293467e-01
495, 5.203288e-01, 6.067180e-01
496, 5.205710e-01, 3.345095e-01
497, 5.205710e-01, 3.115891e-01
498, 5.207431e-01, 2.770377e-01
499, 5.207431e-01, 2.530596e-01
500, 5.210059e-01, 7.468847e-01
501, 5.210059e-01, 7.238795e-01
502, 5.232218e-01, 8.423352e-01
503, 5.268075e-01, 4.720046e-01
504, 5.271794e-01, 2.938808e-01
505, 5.272625e-01, 7.636801e-01
506, 5.277261e-01, 8.230633e-01
507, 5.279170e-01, 2.346947e-01
508, 5.279254e-01, 5.290368e-01
509, 5.284455e-01, 5.882841e-01
510, 5.304097e-01, 6.466611e-01
511, 5.306127e-01, 4.720046e-01
512, 5.312356e-01, 5.882841e-01
513, 5.359168e-01, 4.407955e-01
514, 5.398249e-01, 7.948178e-01
515, 5.400473e-01, 6.180987e-01
516, 5.404272e-01, 3.230493e-01
517, 5.407538e-01, 6.768012e-01
518, 5.409989e-01, 4.407955e-01
519, 5.416146e-01, 2.072536e-01
520, 5.434773e-01, 3.230493e-01
521, 5.492559e-01, 3.650934e-01
522, 5.492953e-01, 6.924171e-01
523, 5.493707e-01, 8.105709e-01
524, 5.495304e-01, 1.865409e-01
525, 5.496643e-01, 5.776478e-01
526, 5.498499e-01, 8.362486e-01
527, 5.499790e-01, 2.215478e-01
528, 5.500951e-01, 3.998365e-01
529, 5.501282e-01, 3.421205e-01
530, 5.501736e-01, 7.776853e-01
531, 5.502927e-01, 3.068285e-01
532, 5.507589e-01, 5.420616e-01
533, 5.509007e-01, 4.220539e-01
534, 5.509381e-01, 5.158996e-01
535, 5.509827e-01, 5.753650e-01
536, 5.512096e-01, 7.199397e-01
537, 5.515686e-01, 3.090393e-01
538, 5.516048e-01, 1.901327e-01
539, 5.519230e-01, 6.939342e-01
540, 5.523092e-01, 3.383416e-01
541, 5.523895e-01, 7.764059e-01
542, 5.687967e-01, 4.851606e-01
543, 5.691905e-01, 6.939342e-01
544, 5.691943e-01, 4.003016e-01
545, 5.691943e-01, 4.228523e-01
546, 5.693782e-01, 7.764059e-01
547, 5.694845e-01, 7.195278e-01
548, 5.695839e-01, 6.007332e-01
549, 5.696612e-01, 3.090393e-01
550, 5.697177e-01, 5.150259e-01
551, 5.697695e-01, 6.598434e-01
552, 5.697959e-01, 2.220651e-01
553, 5.698138e-01, 1.901327e-01
554, 5.698316e-01, 1.628478e-01
555, 5.700452e-01, 2.459861e-01
556, 5.701438e-01, 3.645898e-01
557, 5.706776e-01, 4.819016e-01
558, 5.711265e-01, 1.650898e-01
559, 5.711265e-01, 1.878598e-01
560, 5.713642e-01, 3.060885e-01
561, 5.714437e-01, 8.108476e-01
562, 5.714710e-01, 4.241663e-01
563, 5.715389e-01, 3.989479e-01
564, 5.724862e-01, 3.659422e-01
565, 5.733365e-01, 6.028998e-01
566, 5.778814e-01, 5.008906e-01
567, 5.785241e-01, 7.341419e-01
568, 5.787858e-01, 2.056781e-01
569, 5.793245e-01, 6.763875e-01
570, 5.793464e-01, 5.598216e-01
571, 5.801658e-01, 6.147246e-01
572, 5.801658e-01, 6.188559e-01
573, 5.802352e-01, 7.947173e-01
574, 5.808063e-01, 4.403301e-01
575, 5.808063e-01, 4.430973e-01
576, 5.808408e-01, 2.646785e-01
577, 5.808561e-01, 5.008906e-01
578, 5.833976e-01, 6.763875e-01
579, 5.835796e-01, 2.646785e-01
580, 5.897065e-01, 2.954949e-01
581, 5.907573e-01, 4.100475e-01
582, 5.907573e-01, 4.130351e-01
583, 5.908101e-01, 3.553665e-01
584, 5.908101e-01, 3.522920e-01
585, 5.919082e-01, 5.921737e-01
586, 5.919082e-01, 5.868896e-01
587, 5.919281e-01, 7.076220e-01
588, 5.919581e-01, 5.281489e-01
589, 5.923249e-01, 8.230489e-01
590, 5.926571e-01, 2.954949e-01
591, 5.987372e-01, 6.040059e-01
592, 6.000771e-01, 7.217319e-01
593, 6.001124e-01, 3.938383e-01
594, 6.001754e-01, 3.350569e-01
595, 6.005240e-01, 6.306138e-01
596, 6.010344e-01, 4.892445e-01
597, 6.010344e-01, 5.125367e-01
598, 6.010711e-01, 6.865879e-01
599, 6.013881e-01, 2.749638e-01
600, 6.015862e-01, 4.550988e-01
601, 6.017538e-01, 8.080430e-01
602, 6.018290e-01, 1.923695e-01
603, 6.021494e-01, 1.607431e-01
604, 6.024715e-01, 5.459810e-01
605, 6.025076e-01, 6.890752e-01
606, 6.026716e-01, 7.817679e-01
607, 6.027896e-01, 4.862054e-01
608, 6.029248e-01, 6.292276e-01
609, 6.029248e-01, 6.064237e-01
610, 6.029508e-01, 2.776715e-01
611, 6.189911e-01, 2.776715e-01
612, 6.189911e-01, 2.532987e-01
613, 6.190939e-01, 4.862054e-01
614, 6.191848e-01, 8.075131e-01
615, 6.198707e-01, 1.604015e-01
616, 6.198977e-01, 6.641907e-01
617, 6.203339e-01, 5.707940e-01
618, 6.205591e-01, 3.098345e-01
619, 6.207591e-01, 4.550977e-01
620, 6.210677e-01, 3.705673e-01
621, 6.210677e-01, 3.937150e-01
622, 6.211753e-01, 5.126656e-01
623, 6.216989e-01, 4.907157e-01
624, 6.219364e-01, 3.122192e-01
625, 6.219666e-01, 5.679670e-01
626, 6.225303e-01, 2.512561e-01
627, 6.227918e-01, 6.625198e-01
628, 6.238018e-01, 3.952936e-01
629, 6.290256e-01, 4.689972e-01
630, 6.290958e-01, 2.950433e-01
631, 6.292628e-01, 1.766638e-01
632, 6.301323e-01, 7.056426e-01
633, 6.302976e-01, 7.648661e-01
634, 6.311531e-01, 5.895271e-01
635, 6.314393e-01, 3.534025e-01
636, 6.319608e-01, 4.689972e-01
637, 6.325158e-01, 2.950433e-01
638, 6.326681e-01, 4.106575e-01
639, 6.326937e-01, 1.766638e-01
640, 6.328891e-01, 7.056426e-01
641, 6.391242e-01, 5.580644e-01
642, 6.399289e-01, 5.012374e-01
643, 6.404665e-01, 6.163194e-01
644, 6.408390e-01, 2.049339e-01
645, 6.409660e-01, 3.232023e-01
646, 6.436954e-01, 5.580644e-01
647, 6.437440e-01, 2.634997e-01
648, 6.438971e-01, 3.232023e-01
649, 6.439205e-01, 5.012374e-01
650, 6.439332e-01, 3.829793e-01
651, 6.445222e-01, 6.163194e-01
652, 6.445266e-01, 6.750642e-01
653, 6.449159e-01, 2.049339e-01
654, 6.487353e-01, 4.013763e-01
655, 6.487353e-01, 4.199307e-01
656, 6.514451e-01, 3.966811e-01
657, 6.516207e-01, 6.372151e-01
658, 6.519142e-01, 1.877570e-01
659, 6.519142e-01, 1.655705e-01
660, 6.519847e-01, 7.770985e-01
661, 6.519847e-01, 7.526419e-01
662, 6.520922e-01, 4.257432e-01
663, 6.524566e-01, 8.110137e-01
664, 6.526126e-01, 3.066502e-01
665, 6.526126e-01, 2.834442e-01
666, 6.528411e-01, 4.810566e-01
667, 6.530292e-01, 7.172666e-01
668, 6.531294e-01, 8.367825e-01
669, 6.532286e-01, 2.481969e-01
670, 6.533076e-01, 2.241770e-01
671, 6.533724e-01, 1.902818e-01
672, 6.535056e-01, 3.659448e-01
673, 6.535056e-01, 3.408516e-01
674, 6.541023e-01, 6.329183e-01
675, 6.541881e-01, 5.762322e-01
676, 6.542080e-01, 4.834249e-01
677, 6.542576e-01, 2.805959e-01
678, 6.546681e-01, 2.218197e-01
679, 6.680895e-01, 5.763710e-01
680, 6.680895e-01, 6.011582e-01
681, 6.698820e-01, 2.218197e-01
682, 6.699370e-01, 6.923784e-01
683, 6.700030e-01, 8.368347e-01
684, 6.706451e-01, 5.165263e-01
685, 6.708613e-01, 4.834249e-01
686, 6.711294e-01, 4.584298e-01
687, 6.712600e-01, 1.902818e-01
688, 6.714715e-01, 7.176918e-01
689, 6.714715e-01, 6.950382e-01
690, 6.716465e-01, 8.339880e-01
691, 6.719965e-01, 6.034152e-01
692, 6.720424e-01, 2.255644e-01
693, 6.720699e-01, 6.329183e-01
694, 6.720719e-01, 6.612714e-01
695, 6.724450e-01, 7.522060e-01
696, 6.724650e-01, 7.772293e-01
697, 6.725933e-01, 4.257432e-01
698, 6.733716e-01, 6.351732e-01
699, 6.733716e-01, 6.590185e-01
700, 6.734267e-01, 4.571027e-01
701, 6.741385e-01, 4.230666e-01
702, 6.743043e-01, 5.727820e-01
703, 6.798277e-01, 2.045922e-01
704, 6.804709e-01, 5.000702e-01
705, 6.813091e-01, 4.434398e-01
706, 6.813091e-01, 4.408403e-01
707, 6.816335e-01, 5.597518e-01
708, 6.820199e-01, 7.356208e-01
709, 6.840527e-01, 2.045922e-01
710, 6.849088e-01, 5.000702e-01
711, 6.919867e-01, 7.068868e-01
712, 6.932308e-01, 8.215304e-01
713, 6.933067e-01, 2.937036e-01
714, 6.940221e-01, 6.470918e-01
715, 6.946706e-01, 4.693638e-01
716, 6.952663e-01, 5.899757e-01
717, 6.952663e-01, 5.848804e-01
718, 6.954557e-01, 4.100325e-01
719, 7.025686e-01, 2.533426e-01
720, 7.025790e-01, 4.557243e-01
721, 7.026916e-01, 4.898067e-01
722, 7.026916e-01, 5.103337e-01
723, 7.028677e-01, 3.971899e-01
724, 7.028684e-01, 3.703344e-01
725, 7.029091e-01, 2.771612e-01
726, 7.031006e-01, 6.872404e-01
727, 7.031006e-01, 6.627115e-01
728, 7.035018e-01, 6.322088e-01
729, 7.035018e-01, 6.042514e-01
730, 7.040010e-01, 3.349630e-01
731, 7.041146e-01, 2.161711e-01
732, 7.043125e-01, 1.928911e-01
733, 7.045965e-01, 4.865083e-01
734, 7.047758e-01, 1.609684e-01
735, 7.051636e-01, 5.146139e-01
736, 7.206989e-01, 5.146139e-01
737, 7.208308e-01, 3.116071e-01
738, 7.212526e-01, 2.535391e-01
739, 7.212706e-01, 2.160569e-01
740, 7.217934e-01, 4.552678e-01
741, 7.220738e-01, 7.246736e-01
742, 7.222139e-01, 4.262869e-01
743, 7.228284e-01, 2.562675e-01
744, 7.228284e-01, 2.774284e-01
745, 7.228708e-01, 8.407268e-01
746, 7.229826e-01, 5.106598e-01
747, 7.229867e-01, 7.824288e-01
748, 7.229867e-01, 8.060845e-01
749, 7.231048e-01, 6.619431e-01
750, 7.236578e-01, 3.099749e-01
751, 7.247655e-01, 4.307051e-01
752, 7.247655e-01, 4.501181e-01
753, 7.250763e-01, 2.787263e-01
754, 7.253576e-01, 7.227777e-01
755, 7.255951e-01, 8.075906e-01
756, 7.296571e-01, 5.301352e-01
757, 7.306392e-01, 1.780469e-01
758, 7.310157e-01, 4.712360e-01
759, 7.310566e-01, 6.481654e-01
760, 7.312568e-01, 5.884602e-01
761, 7.322749e-01, 2.344543e-01
762, 7.325499e-01, 2.945679e-01
763, 7.325499e-01, 2.916666e-01
764, 7.329957e-01, 3.538325e-01
765, 7.332574e-01, 7.647873e-01
766, 7.332738e-01, 8.208859e-01
767, 7.332738e-01, 8.236149e-01
768, 7.340103e-01, 7.044061e-01
769, 7.340103e-01, 7.077957e-01
770, 7.354938e-01, 5.301352e-01
771, 7.355639e-01, 4.712360e-01
772, 7.358363e-01, 5.884602e-01
773, 7.393105e-01, 2.344543e-01
774, 7.415776e-01, 4.404083e-01
775, 7.416443e-01, 5.581361e-01
776, 7.427333e-01, 4.992605e-01
777, 7.441342e-01, 6.180185e-01
778, 7.444501e-01, 4.404083e-01
779, 7.444995e-01, 5.581361e-01
780, 7.456286e-01, 7.344852e-01
781, 7.456305e-01, 7.960191e-01
782, 7.470489e-01, 4.992605e-01
783, 7.527216e-01, 2.800244e-01
784, 7.529268e-01, 1.905129e-01
785, 7.529571e-01, 6.604408e-01
786, 7.537003e-01, 2.261434e-01
787, 7.537003e-01, 2.427595e-01
788, 7.537543e-01, 4.242983e-01
789, 7.538134e-01, 6.929688e-01
790, 7.542283e-01, 3.992851e-01
791, 7.542803e-01, 7.194947e-01
792, 7.542929e-01, 6.351274e-01
793, 7.543406e-01, 5.192503e-01
794, 7.543406e-01, 5.410128e-01
795, 7.552592e-01, 6.591117e-01
796, 7.552650e-01, 8.363073e-01
797, 7.555561e-01, 3.969845e-01
798, 7.555761e-01, 4.596858e-01
799, 7.559998e-01, 4.830388e-01
800, 7.561201e-01, 2.219508e-01
801, 7.562998e-01, 1.885655e-01
802, 7.564665e-01, 5.155668e-01
803, 7.571117e-01, 2.486662e-01
804, 7.719506e-01, 5.155668e-01
805, 7.722743e-01, 1.885655e-01
806, 7.723465e-01, 4.240247e-01
807, 7.723726e-01, 6.356853e-01
808, 7.724236e-01, 5.410489e-01
809, 7.724626e-01, 8.104722e-01
810, 7.725716e-01, 2.219508e-01
811, 7.726035e-01, 3.969845e-01
812, 7.728150e-01, 3.677787e-01
813, 7.730405e-01, 7.788475e-01
814, 7.730846e-01, 3.392036e-01
815, 7.733240e-01, 6.003866e-01
816, 7.734600e-01, 6.933679e-01
817, 7.736245e-01, 7.193652e-01
818, 7.738827e-01, 2.486662e-01
819, 7.738827e-01, 2.242224e-01
820, 7.743212e-01, 7.766285e-01
821, 7.744703e-01, 3.649126e-01
822, 7.744703e-01, 3.416045e-01
823, 7.744882e-01, 1.898437e-01
824, 7.750154e-01, 5.425453e-01
825, 7.750596e-01, 6.341340e-01
826, 7.751178e-01, 4.192263e-01
827, 7.751178e-01, 4.013410e-01
828, 7.774300e-01, 6.027572e-01
829, 7.809981e-01, 4.999013e-01
830, 7.811402e-01, 3.822034e-01
831, 7.821449e-01, 3.235158e-01
832, 7.836582e-01, 5.601518e-01
833, 7.836582e-01, 5.575203e-01
834, 7.842627e-01, 6.181882e-01
835, 7.842627e-01, 6.145880e-01
836, 7.849959e-01, 3.822034e-01
837, 7.853942e-01, 3.235158e-01
838, 7.860508e-01, 4.999013e-01
839, 7.906068e-01, 4.102867e-01
840, 7.932699e-01, 4.102867e-01
841, 7.933472e-01, 4.696817e-01
842, 7.949627e-01, 7.647070e-01
843, 7.958114e-01, 7.065135e-01
844, 7.958204e-01, 1.775317e-01
845, 7.959068e-01, 2.369425e-01
846, 7.959928e-01, 5.872076e-01
847, 7.959928e-01, 5.920362e-01
848, 7.982537e-01, 4.696817e-01
849, 8.024218e-01, 2.764282e-01
850, 8.024218e-01, 2.534194e-01
851, 8.028252e-01, 6.038745e-01
852, 8.033607e-01, 3.928028e-01
853, 8.033943e-01, 8.405681e-01
854, 8.036290e-01, 6.293732e-01
855, 8.039199e-01, 2.508255e-01
856, 8.041227e-01, 2.793752e-01
857, 8.043495e-01, 6.876291e-01
858, 8.043495e-01, 6.649423e-01
859, 8.045938e-01, 4.319124e-01
860, 8.046285e-01, 5.722550e-01
861, 8.047838e-01, 8.061101e-01
862, 8.047900e-01, 1.594680e-01
863, 8.054122e-01, 5.449563e-01
864, 8.054221e-01, 7.818375e-01
865, 8.055922e-01, 3.351732e-01
866, 8.056222e-01, 3.702906e-01
867, 8.056871e-01, 3.914596e-01
868, 8.057240e-01, 6.900091e-01
869, 8.057819e-01, 4.885133e-01
870, 8.057819e-01, 5.112893e-01
871, 8.066496e-01, 2.171555e-01
872, 8.074007e-01, 5.140923e-01
873, 8.074527e-01, 4.856203e-01
874, 8.229925e-01, 2.177420e-01
875, 8.231386e-01, 5.439232e-01
876, 8.232474e-01, 7.216130e-01
877, 8.237332e-01, 3.703281e-01
878, 8.239661e-01, 8.056907e-01
879, 8.239713e-01, 3.914596e-01
880, 8.239980e-01, 2.508255e-01
881, 8.242611e-01, 3.104321e-01
882, 8.243504e-01, 4.565911e-01
883, 8.252935e-01, 5.718027e-01
884, 8.256656e-01, 7.258029e-01
885, 8.256656e-01, 7.479910e-01
886, 8.257637e-01, 6.303843e-01
887, 8.258693e-01, 5.486544e-01
888, 8.261671e-01, 2.195748e-01
889, 8.266638e-01, 4.525829e-01
890, 8.266638e-01, 4.309031e-01
891, 8.267593e-01, 3.930693e-01
892, 8.270045e-01, 2.560312e-01
893, 8.317723e-01, 5.289741e-01
894, 8.323548e-01, 4.704504e-01
895, 8.328273e-01, 7.050255e-01
896, 8.334270e-01, 1.743624e-01
897, 8.342168e-01, 2.939398e-01
898, 8.345597e-01, 3.515823e-01
899, 8.346099e-01, 5.879337e-01
900, 8.349731e-01, 6.458645e-01
901, 8.349731e-01, 6.492580e-01
902, 8.354042e-01, 4.704504e-01
903, 8.354988e-01, 8.249164e-01
904, 8.364887e-01, 4.099269e-01
905, 8.364887e-01, 4.147676e-01
906, 8.375413e-01, 1.743624e-01
907, 8.378114e-01, 5.289741e-01
908, 8.382265e-01, 7.050255e-01
909, 8.447020e-01, 3.827136e-01
910, 8.450528e-01, 5.597339e-01
911, 8.461977e-01, 4.413011e-01
912, 8.466282e-01, 3.225844e-01
913, 8.466282e-01, 3.252995e-01
914, 8.471979e-01, 6.177862e-01
915, 8.483106e-01, 5.597339e-01
916, 1.623469e-01, 3.388170e-01
917, 1.621971e-01, 3.665226e-01
918, 1.624023e-01, 4.246165e-01
919, 1.614438e-01, 5.165196e-01
920, 1.613758e-01, 5.418181e-01
921, 1.616253e-01, 7.518238e-01
922, 1.602888e-01, 1.881361e-01
923, 1.624077e-01, 2.222873e-01
924, 1.722518e-01, 3.820921e-01
925, 1.638961e-01, 4.578753e-01
926, 1.638812e-01, 4.841843e-01
927, 1.619323e-01, 5.763222e-01
928, 1.841438e-01, 5.890011e-01
929, 1.719074e-01, 7.359459e-01
930, 1.721259e-01, 4.416073e-01
931, 1.937229e-01, 2.520061e-01
932, 1.934277e-01, 3.374173e-01
933, 1.849215e-01, 4.117487e-01
934, 1.846621e-01, 4.710127e-01
935, 1.946640e-01, 5.134453e-01
936, 1.944655e-01, 5.718492e-01
937, 1.937889e-01, 6.312636e-01
938, 1.933751e-01, 8.042240e-01
939, 1.835466e-01, 8.241783e-01
940, 2.130493e-01, 1.589730e-01
941, 2.146552e-01, 2.520103e-01
942, 2.136706e-01, 4.548231e-01
943, 2.132572e-01, 4.868182e-01
944, 2.144858e-01, 6.901812e-01
945, 2.145727e-01, 8.055693e-01
946, 2.364057e-01, 2.040336e-01
947, 2.130777e-01, 3.701685e-01
948, 2.354766e-01, 3.829035e-01
949, 2.346910e-01, 5.588235e-01
950, 2.141807e-01, 6.043451e-01
951, 2.141456e-01, 6.311862e-01
952, 2.132171e-01, 6.634537e-01
953, 2.225843e-01, 6.465123e-01
954, 2.224935e-01, 7.641159e-01
955, 2.233367e-01, 1.766651e-01
956, 2.230990e-01, 2.941385e-01
957, 2.225618e-01, 4.705311e-01
958, 2.220183e-01, 5.885962e-01
959, 2.226896e-01, 7.045077e-01
960, 2.243544e-01, 8.230701e-01
961, 2.445253e-01, 2.494415e-01
962, 2.455603e-01, 3.402587e-01
963, 2.457428e-01, 5.175262e-01
964, 2.433814e-01, 6.008903e-01
965, 2.453891e-01, 8.090859e-01
966, 2.638476e-01, 3.975991e-01
967, 2.640482e-01, 5.420519e-01
968, 2.730736e-01, 2.058190e-01
969, 2.854967e-01, 2.349680e-01
970, 2.646562e-01, 3.056744e-01
971, 2.733654e-01, 3.830411e-01
972, 2.643574e-01, 4.578125e-01
973, 2.856440e-01, 6.476430e-01
974, 2.964911e-01, 1.921223e-01
975, 2.856041e-01, 4.105514e-01
976, 2.868142e-01, 5.288994e-01
977, 2.951352e-01, 6.307101e-01
978, 2.957407e-01, 6.630071e-01
979, 3.163047e-01, 5.134580e-01
980, 3.153755e-01, 6.631355e-01
981, 3.157278e-01, 4.530444e-01
982, 3.151207e-01, 5.464345e-01
983, 3.151904e-01, 5.718770e-01
984, 3.370754e-01, 5.592204e-01
985, 3.157732e-01, 6.042449e-01
986, 3.160444e-01, 6.309971e-01
987, 3.148410e-01, 8.409730e-01
988, 3.262290e-01, 4.127558e-01
989, 3.236706e-01, 8.231323e-01
990, 3.473101e-01, 1.641590e-01
991, 3.475048e-01, 1.886417e-01
992, 3.472930e-01, 2.810536e-01
993, 3.345459e-01, 4.407514e-01
994, 3.444297e-01, 4.234335e-01
995, 3.454527e-01, 4.597720e-01
996, 3.470135e-01, 5.152362e-01
997, 3.361289e-01, 6.178517e-01
998, 3.459912e-01, 6.353864e-01
999, 3.490774e-01, 7.774756e-01
1000, 3.482880e-01, 8.091467e-01
1001, 3.480132e-01, 8.366421e-01
1002, 3.666922e-01, 3.051242e-01
1003, 3.658718e-01, 5.423786e-01
1004, 3.672502e-01, 6.353329e-01
1005, 3.646877e-01, 7.788198e-01
1006, 3.663352e-01, 2.221172e-01
1007, 3.759278e-01, 2.057491e-01
1008, 3.659143e-01, 3.424170e-01
1009, 3.751298e-01, 4.995696e-01
1010, 3.894052e-01, 6.469258e-01
1011, 3.650502e-01, 8.104303e-01
1012, 3.748326e-01, 7.936113e-01
1013, 3.881034e-01, 8.235995e-01
1014, 3.763586e-01, 3.830581e-01
1015, 3.751500e-01, 5.584038e-01
1016, 3.753000e-01, 6.770577e-01
1017, 3.761973e-01, 7.347108e-01
1018, 3.983114e-01, 3.691007e-01
1019, 3.880676e-01, 4.710558e-01
1020, 3.982136e-01, 4.534508e-01
1021, 3.979785e-01, 5.127616e-01
1022, 3.979072e-01, 7.220062e-01
1023, 4.175116e-01, 4.533006e-01
1024, 4.168177e-01, 7.809111e-01
1025, 4.277746e-01, 1.770371e-01
1026, 4.391152e-01, 2.055669e-01
1027, 4.375895e-01, 2.635506e-01
1028, 4.258436e-01, 3.517600e-01
1029, 4.166349e-01, 3.948718e-01
1030, 4.381421e-01, 3.823026e-01
1031, 4.163566e-01, 4.290132e-01
1032, 4.392589e-01, 4.421530e-01
1033, 4.180693e-01, 5.723746e-01
1034, 4.176968e-01, 6.315473e-01
1035, 4.175338e-01, 6.622558e-01
1036, 4.166409e-01, 7.229393e-01
1037, 4.402110e-01, 7.366256e-01
1038, 4.261672e-01, 5.885546e-01
1039, 4.500511e-01, 1.639648e-01
1040, 4.479244e-01, 2.462038e-01
1041, 4.485092e-01, 4.005703e-01
1042, 4.480763e-01, 4.566472e-01
1043, 4.481627e-01, 4.825211e-01
1044, 4.486300e-01, 5.745423e-01
1045, 4.480704e-01, 6.339423e-01
1046, 4.479659e-01, 6.588993e-01
1047, 4.489468e-01, 6.953253e-01
1048, 4.482778e-01, 7.511603e-01
1049, 4.488497e-01, 8.125826e-01
1050, 4.676534e-01, 1.897741e-01
1051, 4.691603e-01, 2.475456e-01
1052, 4.684881e-01, 3.993231e-01
1053, 4.677927e-01, 5.177770e-01
1054, 4.675875e-01, 5.434026e-01
1055, 4.695662e-01, 6.944450e-01
1056, 4.687950e-01, 7.765224e-01
1057, 4.675548e-01, 8.369095e-01
1058, 4.908915e-01, 2.367331e-01
1059, 4.685306e-01, 2.835586e-01
1060, 4.679379e-01, 3.639290e-01
1061, 4.894984e-01, 3.516615e-01
1062, 4.671746e-01, 4.247971e-01
1063, 4.684407e-01, 4.568744e-01
1064, 4.770173e-01, 4.417358e-01
1065, 4.884614e-01, 6.463914e-01
1066, 4.903491e-01, 7.053750e-01
1067, 4.676720e-01, 7.512337e-01
1068, 4.773526e-01, 7.346525e-01
1069, 4.910315e-01, 7.648469e-01
1070, 4.793290e-01, 7.949396e-01
1071, 4.988600e-01, 2.511199e-01
1072, 4.894497e-01, 4.109260e-01
1073, 4.990268e-01, 3.943672e-01
1074, 4.995890e-01, 4.870855e-01
1075, 4.988049e-01, 5.454341e-01
1076, 4.899192e-01, 5.879061e-01
1077, 5.002069e-01, 7.813396e-01
1078, 4.912841e-01, 8.234340e-01
1079, 5.193872e-01, 6.652109e-01
1080, 5.199038e-01, 1.603151e-01
1081, 5.290902e-01, 1.754541e-01
1082, 5.292559e-01, 3.538627e-01
1083, 5.190928e-01, 4.305081e-01
1084, 5.303901e-01, 4.107164e-01
1085, 5.190008e-01, 4.868391e-01
1086, 5.421375e-01, 5.002000e-01
1087, 5.193755e-01, 5.458950e-01
1088, 5.194651e-01, 5.709916e-01
1089, 5.406575e-01, 5.585251e-01
1090, 5.416118e-01, 7.353860e-01
1091, 5.192919e-01, 8.071225e-01
1092, 5.273300e-01, 7.056303e-01
1093, 5.499691e-01, 1.636075e-01
1094, 5.394295e-01, 2.650450e-01
1095, 5.500264e-01, 2.464759e-01
1096, 5.493997e-01, 2.824884e-01
1097, 5.399845e-01, 3.817439e-01
1098, 5.510737e-01, 4.597096e-01
1099, 5.511092e-01, 4.843697e-01
1100, 5.501853e-01, 5.998304e-01
1101, 5.497406e-01, 6.350788e-01
1102, 5.499599e-01, 6.588249e-01
1103, 5.515910e-01, 7.505605e-01
1104, 5.713986e-01, 4.585645e-01
1105, 5.701730e-01, 5.750250e-01
1106, 5.708263e-01, 6.338443e-01
1107, 5.919581e-01, 1.764748e-01
1108, 5.904340e-01, 2.342456e-01
1109, 5.708142e-01, 2.839562e-01
1110, 5.695624e-01, 3.393489e-01
1111, 5.786222e-01, 3.231017e-01
1112, 5.925889e-01, 4.696046e-01
1113, 5.696373e-01, 5.414022e-01
1114, 5.690768e-01, 7.515432e-01
1115, 5.918512e-01, 7.644749e-01
1116, 5.711279e-01, 8.357968e-01
1117, 5.808956e-01, 3.816299e-01
1118, 6.009023e-01, 2.181941e-01
1119, 6.017061e-01, 2.538494e-01
1120, 6.005543e-01, 3.104905e-01
1121, 5.997733e-01, 3.702481e-01
1122, 6.008404e-01, 4.296305e-01
1123, 6.015600e-01, 5.714101e-01
1124, 5.922170e-01, 6.459244e-01
1125, 6.016476e-01, 6.651889e-01
1126, 6.013906e-01, 7.478861e-01
1127, 6.018835e-01, 8.396799e-01
1128, 6.212857e-01, 4.297581e-01
1129, 6.212788e-01, 6.060307e-01
1130, 6.204022e-01, 6.893665e-01
1131, 6.202523e-01, 7.810379e-01
1132, 6.208836e-01, 1.928494e-01
1133, 6.209384e-01, 2.169155e-01
1134, 6.318421e-01, 2.362139e-01
1135, 6.215392e-01, 3.348731e-01
1136, 6.213652e-01, 5.471131e-01
1137, 6.201846e-01, 6.285109e-01
1138, 6.314941e-01, 6.484841e-01
1139, 6.211977e-01, 7.232838e-01
1140, 6.214108e-01, 7.480465e-01
1141, 6.422506e-01, 7.358539e-01
1142, 6.207618e-01, 8.399433e-01
1143, 6.297484e-01, 8.237040e-01
1144, 6.302424e-01, 5.290175e-01
1145, 6.429147e-01, 4.421747e-01
1146, 6.521985e-01, 4.580588e-01
1147, 6.529993e-01, 5.160950e-01
1148, 6.531888e-01, 5.422595e-01
1149, 6.535658e-01, 6.016564e-01
1150, 6.520566e-01, 6.605161e-01
1151, 6.535002e-01, 6.931946e-01
1152, 6.429923e-01, 7.937727e-01
1153, 6.717714e-01, 1.645193e-01
1154, 6.711784e-01, 5.422458e-01
1155, 6.726707e-01, 8.108106e-01
1156, 6.954162e-01, 1.772277e-01
1157, 6.716040e-01, 2.473919e-01
1158, 6.914496e-01, 2.361021e-01
1159, 6.724353e-01, 2.812328e-01
1160, 6.815452e-01, 2.651495e-01
1161, 6.722735e-01, 3.064634e-01
1162, 6.710122e-01, 3.413889e-01
1163, 6.816800e-01, 3.227080e-01
1164, 6.712280e-01, 3.655001e-01
1165, 6.921180e-01, 3.536356e-01
1166, 6.738386e-01, 3.972009e-01
1167, 6.953693e-01, 5.295704e-01
1168, 6.809173e-01, 6.749760e-01
1169, 6.806485e-01, 3.837667e-01
1170, 6.802326e-01, 6.182255e-01
1171, 6.821759e-01, 7.942904e-01
1172, 7.042462e-01, 3.111751e-01
1173, 7.038954e-01, 4.271974e-01
1174, 7.049363e-01, 5.457506e-01
1175, 7.035321e-01, 5.716470e-01
1176, 7.029735e-01, 7.240616e-01
1177, 6.929236e-01, 7.652251e-01
1178, 7.032723e-01, 7.470084e-01
1179, 7.023705e-01, 7.820881e-01
1180, 7.023379e-01, 8.064440e-01
1181, 7.037027e-01, 8.417922e-01
1182, 7.221497e-01, 1.917317e-01
1183, 7.215382e-01, 3.347980e-01
1184, 7.232633e-01, 3.700294e-01
1185, 7.242180e-01, 6.880563e-01
1186, 7.227959e-01, 7.469859e-01
1187, 7.215409e-01, 1.607403e-01
1188, 7.448412e-01, 2.034717e-01
1189, 7.446331e-01, 2.681420e-01
1190, 7.455240e-01, 3.221832e-01
1191, 7.223214e-01, 3.965488e-01
1192, 7.465911e-01, 3.824780e-01
1193, 7.314167e-01, 4.119328e-01
1194, 7.225919e-01, 4.871848e-01
1195, 7.216882e-01, 5.459409e-01
1196, 7.217514e-01, 5.702135e-01
1197, 7.226120e-01, 6.050574e-01
1198, 7.224768e-01, 6.312227e-01
1199, 7.557529e-01, 1.645811e-01
1200, 7.539682e-01, 3.074033e-01
1201, 7.555036e-01, 3.401813e-01
1202, 7.553005e-01, 3.671533e-01
1203, 7.542625e-01, 5.771291e-01
1204, 7.541305e-01, 5.995702e-01
1205, 7.445536e-01, 6.759635e-01
1206, 7.544133e-01, 7.515049e-01
1207, 7.545469e-01, 7.777888e-01
1208, 7.543042e-01, 8.098974e-01
1209, 7.729757e-01, 1.644919e-01
1210, 7.746193e-01, 2.801185e-01
1211, 7.734170e-01, 4.593464e-01
1212, 7.741732e-01, 5.755946e-01
1213, 7.731486e-01, 6.595597e-01
1214, 7.730505e-01, 8.366106e-01
1215, 7.835378e-01, 2.042429e-01
1216, 7.735903e-01, 3.074980e-01
1217, 7.952216e-01, 3.532625e-01
1218, 7.842342e-01, 4.431907e-01
1219, 7.719369e-01, 4.825886e-01
1220, 7.972333e-01, 5.302185e-01
1221, 7.840107e-01, 6.762857e-01
1222, 7.737103e-01, 7.517359e-01
1223, 7.832733e-01, 7.345724e-01
1224, 7.829815e-01, 7.941540e-01
1225, 7.835079e-01, 2.649201e-01
1226, 8.055754e-01, 1.931825e-01
1227, 7.967654e-01, 2.929126e-01
1228, 8.060040e-01, 3.111452e-01
1229, 8.052039e-01, 4.555339e-01
1230, 7.953001e-01, 6.467391e-01
1231, 8.045029e-01, 7.223341e-01
1232, 8.046380e-01, 7.470364e-01
1233, 7.948001e-01, 8.240505e-01
1234, 8.251775e-01, 1.607266e-01
1235, 8.253373e-01, 3.363452e-01
1236, 8.260630e-01, 6.635887e-01
1237, 8.248217e-01, 7.813944e-01
1238, 8.225959e-01, 1.944898e-01
1239, 8.467159e-01, 2.082964e-01
1240, 8.352725e-01, 2.333270e-01
1241, 8.264048e-01, 2.783362e-01
1242, 8.463207e-01, 2.666606e-01
1243, 8.239651e-01, 4.862535e-01
1244, 8.237570e-01, 5.130987e-01
1245, 8.473852e-01, 4.994959e-01
1246, 8.254528e-01, 6.048769e-01
1247, 8.246325e-01, 6.891920e-01
1248, 8.466735e-01, 7.373040e-01
1249, 8.477045e-01, 7.931689e-01
1250, 8.271778e-01, 8.408293e-01
1251, 8.347863e-01, 7.640474e-01
1252, 8.470194e-01, 6.751519e-01
1253, 1.500000e-01, 1.636973e-01
1254, 1.500000e-01, 1.884268e-01
1255, 1.500000e-01, 2.219386e-01
1256, 1.500000e-01, 2.488501e-01
1257, 1.500000e-01, 2.807755e-01
1258, 1.500000e-01, 3.076844e-01
1259, 1.500000e-01, 3.392100e-01
1260, 1.500000e-01, 3.665263e-01
1261, 1.500000e-01, 3.983158e-01
1262, 1.500000e-01, 4.247255e-01
1263, 1.500000e-01, 4.575071e-01
1264, 1.500000e-01, 4.846116e-01
1265, 1.500000e-01, 5.166297e-01
1266, 1.500000e-01, 5.414283e-01
1267, 1.500000e-01, 5.755053e-01
1268, 1.500000e-01, 6.019207e-01
1269, 1.500000e-01, 6.333704e-01
1270, 1.500000e-01, 6.597987e-01
1271, 1.500000e-01, 6.939071e-01
1272, 1.500000e-01, 7.178069e-01
1273, 1.500000e-01, 7.517120e-01
1274, 1.500000e-01, 7.737615e-01
1275, 1.500000e-01, 8.140380e-01
1276, 1.500000e-01, 8.357910e-01
1277, 1.686714e-01, 1.500000e-01
1278, 1.701182e-01, 8.500000e-01
1279, 1.793917e-01, 1.500000e-01
1280, 1.788929e-01, 8.500000e-01
1281, 1.950047e-01, 1.500000e-01
1282, 1.934161e-01, 8.500000e-01
1283, 2.125785e-01, 1.500000e-01
1284, 2.138589e-01, 8.500000e-01
1285, 2.307629e-01, 1.500000e-01
1286, 2.279066e-01, 8.500000e-01
1287, 2.366374e-01, 1.500000e-01
1288, 2.350085e-01, 8.500000e-01
1289, 2.717670e-01, 1.500000e-01
1290, 2.740321e-01, 8.500000e-01
1291, 2.799927e-01, 1.500000e-01
1292, 2.806361e-01, 8.500000e-01
1293, 2.940945e-01, 1.500000e-01
1294, 2.970060e-01, 8.500000e-01
1295, 3.180091e-01, 1.500000e-01
1296, 3.150940e-01, 8.500000e-01
1297, 3.283587e-01, 1.500000e-01
1298, 3.295057e-01, 8.500000e-01
1299, 3.397690e-01, 1.500000e-01
1300, 3.397212e-01, 8.500000e-01
1301, 3.745264e-01, 1.500000e-01
1302, 3.730600e-01, 8.500000e-01
1303, 3.831011e-01, 1.500000e-01
1304, 3.819769e-01, 8.500000e-01
1305, 3.975700e-01, 1.500000e-01
1306, 3.958525e-01, 8.500000e-01
1307, 4.164823e-01, 1.500000e-01
1308, 4.205697e-01, 8.500000e-01
1309, 4.305780e-01, 1.500000e-01
1310, 4.342678e-01, 8.500000e-01
1311, 4.427262e-01, 1.500000e-01
1312, 4.405953e-01, 8.500000e-01
1313, 4.744791e-01, 1.500000e-01
1314, 4.756973e-01, 8.500000e-01
1315, 4.843099e-01, 1.500000e-01
1316, 4.807395e-01, 8.500000e-01
1317, 4.991567e-01, 1.500000e-01
1318, 4.956459e-01, 8.500000e-01
1319, 5.200742e-01, 1.500000e-01
1320, 5.232218e-01, 8.500000e-01
1321, 5.377401e-01, 1.500000e-01
1322, 5.357966e-01, 8.500000e-01
1323, 5.422186e-01, 1.500000e-01
1324, 5.424804e-01, 8.500000e-01
1325, 5.772467e-01, 1.500000e-01
1326, 5.783454e-01, 8.500000e-01
1327, 5.835482e-01, 1.500000e-01
1328, 5.853501e-01, 8.500000e-01
1329, 6.020914e-01, 1.500000e-01
1330, 6.017264e-01, 8.500000e-01
1331, 6.204613e-01, 1.500000e-01
1332, 6.210236e-01, 8.500000e-01
1333, 6.360285e-01, 1.500000e-01
1334, 6.371729e-01, 8.500000e-01
1335, 6.440530e-01, 1.500000e-01
1336, 6.455565e-01, 8.500000e-01
1337, 6.802392e-01, 1.500000e-01
1338, 6.775984e-01, 8.500000e-01
1339, 6.863448e-01, 1.500000e-01
1340, 6.902931e-01, 8.500000e-01
1341, 7.047758e-01, 1.500000e-01
1342, 7.034682e-01, 8.500000e-01
1343, 7.215181e-01, 1.500000e-01
1344, 7.231408e-01, 8.500000e-01
1345, 7.398317e-01, 1.500000e-01
1346, 7.391727e-01, 8.500000e-01
1347, 7.466094e-01, 1.500000e-01
1348, 7.476820e-01, 8.500000e-01
1349, 7.826790e-01, 1.500000e-01
1350, 7.810917e-01, 8.500000e-01
1351, 7.875245e-01, 1.500000e-01
1352, 7.870635e-01, 8.500000e-01
1353, 8.047900e-01, 1.500000e-01
1354, 8.035548e-01, 8.500000e-01
1355, 8.249544e-01, 1.500000e-01
1356, 8.272099e-01, 8.500000e-01
1357, 8.429713e-01, 1.500000e-01
1358, 8.423354e-01, 8.500000e-01
1359, 8.500000e-01, 1.671718e-01
1360, 8.500000e-01, 1.815531e-01
1361, 8.500000e-01, 2.253067e-01
1362, 8.500000e-01, 2.413547e-01
1363, 8.500000e-01, 2.850370e-01
1364, 8.500000e-01, 3.028501e-01
1365, 8.500000e-01, 3.422818e-01
1366, 8.500000e-01, 3.604938e-01
1367, 8.500000e-01, 4.017823e-01
1368, 8.500000e-01, 4.219626e-01
1369, 8.500000e-01, 4.617210e-01
1370, 8.500000e-01, 4.788802e-01
1371, 8.500000e-01, 5.219346e-01
1372, 8.500000e-01, 5.360089e-01
1373, 8.500000e-01, 5.792977e-01
1374, 8.500000e-01, 5.965756e-01
1375, 8.500000e-01, 6.377921e-01
1376, 8.500000e-01, 6.579368e-01
1377, 8.500000e-01, 6.982257e-01
1378, 8.500000e-01, 7.118206e-01
1379, 8.500000e-01, 7.553222e-01
1380, 8.500000e-01, 7.735607e-01
1381, 8.500000e-01, 8.167807e-01
1382, 8.500000e-01, 8.330517e-01
1383, 8.500000e-01, 2.030896e-01
1384, 8.500000e-01, 2.133498e-01
1385, 8.500000e-01, 2.607752e-01
1386, 8.500000e-01, 2.724393e-01
1387, 8.500000e-01, 3.167439e-01
1388, 8.500000e-01, 3.311400e-01
1389, 8.500000e-01, 4.352459e-01
1390, 8.500000e-01, 4.481930e-01
1391, 8.500000e-01, 4.955358e-01
1392, 8.500000e-01, 5.035039e-01
1393, 8.500000e-01, 5.568056e-01
1394, 8.500000e-01, 5.628290e-01
1395, 8.500000e-01, 6.127666e-01
1396, 8.500000e-01, 6.225887e-01
1397, 8.500000e-01, 6.697736e-01
1398, 8.500000e-01, 6.804901e-01
1399, 8.500000e-01, 7.320942e-01
1400, 8.500000e-01, 7.420492e-01
1401, 8.500000e-01, 7.895154e-01
1402, 8.500000e-01, 7.968404e-01
1403, 8.499958e-01, 3.827228e-01
