1, 1.535528e-01, 6.542533e-01
2, 1.676090e-01, 2.485330e-01
3, 1.690973e-01, 4.686144e-01
4, 1.703057e-01, 1.674119e-01
5, 1.735556e-01, 3.225789e-01
6, 1.743665e-01, 6.204681e-01
7, 1.751237e-01, 4.649690e-01
8, 1.786667e-01, 2.493410e-01
9, 1.890497e-01, 2.875105e-01
10, 1.908115e-01, 7.311332e-01
11, 1.911720e-01, 2.048286e-01
12, 1.914758e-01, 4.311037e-01
13, 1.923045e-01, 4.352259e-01
14, 1.925508e-01, 7.275024e-01
15, 1.930611e-01, 2.742804e-01
16, 1.969399e-01, 7.249689e-01
17, 2.074555e-01, 2.493410e-01
18, 2.080190e-01, 1.756398e-01
19, 2.094854e-01, 4.649690e-01
20, 2.114447e-01, 7.668528e-01
21, 2.115273e-01, 5.414136e-01
22, 2.127483e-01, 3.960486e-01
23, 2.135796e-01, 3.173390e-01
24, 2.135928e-01, 6.895723e-01
25, 2.138090e-01, 1.722977e-01
26, 2.140688e-01, 6.953158e-01
27, 2.141779e-01, 4.716549e-01
28, 2.165878e-01, 3.939704e-01
29, 2.311419e-01, 2.868968e-01
30, 2.311897e-01, 7.249689e-01
31, 2.347291e-01, 7.985016e-01
32, 2.350734e-01, 7.272117e-01
33, 2.354081e-01, 2.110811e-01
34, 2.354578e-01, 3.612880e-01
35, 2.368904e-01, 7.303593e-01
36, 2.415877e-01, 2.070654e-01
37, 2.526518e-01, 7.674491e-01
38, 2.578490e-01, 1.788915e-01
39, 2.593800e-01, 5.464912e-01
40, 2.596093e-01, 6.192629e-01
41, 2.601905e-01, 7.673815e-01
42, 2.610788e-01, 3.983120e-01
43, 2.721612e-01, 5.090648e-01
44, 2.741102e-01, 2.070654e-01
45, 2.749854e-01, 2.825719e-01
46, 2.750638e-01, 8.034786e-01
47, 2.755206e-01, 7.306758e-01
48, 2.772285e-01, 2.088657e-01
49, 2.778268e-01, 5.057937e-01
50, 2.780241e-01, 6.511421e-01
51, 2.830401e-01, 5.088052e-01
52, 2.960935e-01, 3.983120e-01
53, 2.961891e-01, 5.464912e-01
54, 2.974952e-01, 6.904240e-01
55, 2.981073e-01, 6.946476e-01
56, 2.985271e-01, 3.254647e-01
57, 3.164647e-01, 3.565179e-01
58, 3.174404e-01, 2.862720e-01
59, 3.190693e-01, 5.091791e-01
60, 3.200276e-01, 2.093186e-01
61, 3.202518e-01, 5.799209e-01
62, 3.202622e-01, 2.134062e-01
63, 3.213750e-01, 5.048120e-01
64, 3.232986e-01, 8.036901e-01
65, 3.243600e-01, 5.772932e-01
66, 3.247839e-01, 5.028444e-01
67, 3.250146e-01, 2.067102e-01
68, 3.384575e-01, 5.427706e-01
69, 3.406221e-01, 3.902504e-01
70, 3.410116e-01, 4.667200e-01
71, 3.426703e-01, 1.691430e-01
72, 3.433043e-01, 4.707822e-01
73, 3.452564e-01, 5.429853e-01
74, 3.457003e-01, 3.987489e-01
75, 3.577968e-01, 3.605039e-01
76, 3.597192e-01, 5.772932e-01
77, 3.607531e-01, 6.568511e-01
78, 3.620014e-01, 2.842768e-01
79, 3.645459e-01, 5.800813e-01
80, 3.651548e-01, 2.822371e-01
81, 3.652915e-01, 5.073455e-01
82, 3.666292e-01, 3.597170e-01
83, 3.803805e-01, 3.987489e-01
84, 3.836808e-01, 5.469287e-01
85, 3.838448e-01, 7.698346e-01
86, 3.853037e-01, 6.871563e-01
87, 3.895215e-01, 3.174526e-01
88, 3.897036e-01, 6.939630e-01
89, 4.033590e-01, 2.082827e-01
90, 4.060201e-01, 3.597170e-01
91, 4.066350e-01, 2.878020e-01
92, 4.237406e-01, 3.174526e-01
93, 4.246335e-01, 2.386869e-01
94, 4.251871e-01, 7.633007e-01
95, 4.268851e-01, 1.764213e-01
96, 4.289729e-01, 7.712285e-01
97, 4.401905e-01, 2.117550e-01
98, 4.448025e-01, 7.262451e-01
99, 4.475906e-01, 5.002179e-01
100, 4.489129e-01, 4.309494e-01
101, 4.490763e-01, 5.769111e-01
102, 4.490763e-01, 5.810445e-01
103, 4.517633e-01, 6.572420e-01
104, 4.522941e-01, 5.831052e-01
105, 4.584570e-01, 2.142566e-01
106, 4.635815e-01, 4.725349e-01
107, 4.655852e-01, 1.697962e-01
108, 4.670163e-01, 6.171354e-01
109, 4.708876e-01, 2.509103e-01
110, 4.720549e-01, 3.181947e-01
111, 4.736048e-01, 2.404801e-01
112, 4.736048e-01, 2.470595e-01
113, 4.772034e-01, 4.724761e-01
114, 4.887455e-01, 2.142566e-01
115, 4.891309e-01, 3.574464e-01
116, 4.899157e-01, 7.308419e-01
117, 4.901685e-01, 6.572420e-01
118, 4.917886e-01, 4.977373e-01
119, 4.952837e-01, 7.997993e-01
120, 4.973528e-01, 4.362031e-01
121, 5.063806e-01, 4.724761e-01
122, 5.090100e-01, 8.381754e-01
123, 5.095937e-01, 3.973714e-01
124, 5.099094e-01, 3.181947e-01
125, 5.111337e-01, 1.704468e-01
126, 5.129092e-01, 6.199288e-01
127, 5.136132e-01, 1.756956e-01
128, 5.136409e-01, 8.408484e-01
129, 5.172209e-01, 1.777780e-01
130, 5.304436e-01, 5.086536e-01
131, 5.306297e-01, 4.362031e-01
132, 5.334821e-01, 3.541021e-01
133, 5.515362e-01, 3.228329e-01
134, 5.521309e-01, 8.412139e-01
135, 5.527400e-01, 1.777780e-01
136, 5.548061e-01, 7.687223e-01
137, 5.558085e-01, 3.203656e-01
138, 5.560754e-01, 1.758519e-01
139, 5.575160e-01, 7.643487e-01
140, 5.596051e-01, 6.939447e-01
141, 5.618020e-01, 3.174418e-01
142, 5.744080e-01, 3.609243e-01
143, 5.755927e-01, 4.267972e-01
144, 5.759089e-01, 5.808812e-01
145, 5.770073e-01, 5.103983e-01
146, 5.770073e-01, 5.066419e-01
147, 5.772846e-01, 5.026356e-01
148, 5.780526e-01, 2.892865e-01
149, 5.789181e-01, 4.351420e-01
150, 5.792358e-01, 5.827747e-01
151, 5.929883e-01, 3.966579e-01
152, 5.965188e-01, 6.939447e-01
153, 5.966530e-01, 1.712465e-01
154, 5.983882e-01, 2.487621e-01
155, 5.984253e-01, 3.264263e-01
156, 5.990025e-01, 2.434907e-01
157, 6.018160e-01, 2.500327e-01
158, 6.024506e-01, 4.704975e-01
159, 6.160955e-01, 3.570307e-01
160, 6.186097e-01, 2.791427e-01
161, 6.187893e-01, 7.994469e-01
162, 6.203923e-01, 4.300838e-01
163, 6.230207e-01, 3.568902e-01
164, 6.354113e-01, 2.500327e-01
165, 6.374858e-01, 8.384958e-01
166, 6.402192e-01, 6.174223e-01
167, 6.411135e-01, 8.381018e-01
168, 6.413052e-01, 5.469171e-01
169, 6.426408e-01, 2.456384e-01
170, 6.431182e-01, 6.197380e-01
171, 6.460054e-01, 8.409254e-01
172, 6.464069e-01, 3.919120e-01
173, 6.614812e-01, 6.566060e-01
174, 6.619663e-01, 7.258639e-01
175, 6.619911e-01, 3.568902e-01
176, 6.623162e-01, 6.529730e-01
177, 6.626908e-01, 2.096163e-01
178, 6.632585e-01, 7.983125e-01
179, 6.652332e-01, 7.315229e-01
180, 6.656885e-01, 6.580719e-01
181, 6.675902e-01, 4.301184e-01
182, 6.815052e-01, 6.197380e-01
183, 6.826046e-01, 2.504207e-01
184, 6.837217e-01, 4.021562e-01
185, 6.851400e-01, 6.176389e-01
186, 6.892142e-01, 6.198794e-01
187, 6.899850e-01, 4.720432e-01
188, 6.903916e-01, 7.684695e-01
189, 6.993244e-01, 7.320386e-01
190, 6.998608e-01, 4.301184e-01
191, 7.023996e-01, 6.580719e-01
192, 7.052463e-01, 8.031178e-01
193, 7.061053e-01, 4.999503e-01
194, 7.062281e-01, 6.558615e-01
195, 7.065635e-01, 6.499141e-01
196, 7.098012e-01, 2.833079e-01
197, 7.222256e-01, 4.720432e-01
198, 7.225212e-01, 3.916040e-01
199, 7.245703e-01, 5.404134e-01
200, 7.249206e-01, 7.684695e-01
201, 7.265994e-01, 3.939580e-01
202, 7.266109e-01, 4.650814e-01
203, 7.268840e-01, 6.137857e-01
204, 7.274048e-01, 2.528082e-01
205, 7.279165e-01, 5.478398e-01
206, 7.279977e-01, 7.638249e-01
207, 7.306967e-01, 6.203662e-01
208, 7.317930e-01, 8.376008e-01
209, 7.437338e-01, 7.997078e-01
210, 7.455883e-01, 4.322129e-01
211, 7.481393e-01, 6.505766e-01
212, 7.515962e-01, 2.820974e-01
213, 7.655901e-01, 6.203662e-01
214, 7.662804e-01, 3.993680e-01
215, 7.696399e-01, 6.180286e-01
216, 7.701216e-01, 6.144359e-01
217, 7.745157e-01, 8.401063e-01
218, 7.748611e-01, 2.444670e-01
219, 7.865896e-01, 3.557452e-01
220, 7.886391e-01, 2.077615e-01
221, 7.904130e-01, 4.308849e-01
222, 7.908110e-01, 3.581819e-01
223, 7.908562e-01, 4.353203e-01
224, 7.945551e-01, 3.606883e-01
225, 8.121153e-01, 3.911023e-01
226, 8.153941e-01, 8.372703e-01
227, 8.155398e-01, 7.630442e-01
228, 8.162362e-01, 3.227641e-01
229, 8.287887e-01, 2.878330e-01
230, 8.296837e-01, 3.606883e-01
231, 8.345903e-01, 5.020480e-01
232, 8.392074e-01, 4.292899e-01
233, 8.140237e-01, 1.702678e-01
234, 2.574514e-01, 1.729831e-01
235, 3.429672e-01, 1.737122e-01
236, 3.845026e-01, 1.725424e-01
237, 4.274121e-01, 1.706162e-01
238, 5.589164e-01, 1.715606e-01
239, 5.989180e-01, 1.749870e-01
240, 6.422930e-01, 1.735579e-01
241, 6.843062e-01, 1.730732e-01
242, 8.122119e-01, 1.762748e-01
243, 1.727495e-01, 1.742292e-01
244, 2.980572e-01, 1.733683e-01
245, 4.711237e-01, 1.720382e-01
246, 7.287213e-01, 1.731484e-01
247, 7.680842e-01, 1.748078e-01
248, 1.914942e-01, 2.104041e-01
249, 3.635092e-01, 2.089669e-01
250, 4.926828e-01, 2.111522e-01
251, 5.344644e-01, 2.104148e-01
252, 7.041353e-01, 2.100598e-01
253, 7.484783e-01, 2.086351e-01
254, 7.930322e-01, 2.116536e-01
255, 1.724370e-01, 2.451277e-01
256, 4.081512e-01, 2.111331e-01
257, 4.471568e-01, 2.086860e-01
258, 5.774942e-01, 2.090994e-01
259, 6.198079e-01, 2.092653e-01
260, 8.333589e-01, 2.096790e-01
261, 2.552769e-01, 2.478125e-01
262, 3.857807e-01, 2.473131e-01
263, 5.127760e-01, 2.475204e-01
264, 7.256236e-01, 2.448565e-01
265, 6.834635e-01, 2.454782e-01
266, 7.700654e-01, 2.480510e-01
267, 2.153413e-01, 2.468269e-01
268, 3.010277e-01, 2.473896e-01
269, 3.410121e-01, 2.482825e-01
270, 4.272077e-01, 2.494240e-01
271, 5.563249e-01, 2.479012e-01
272, 8.128974e-01, 2.462203e-01
273, 2.357847e-01, 2.832178e-01
274, 4.057876e-01, 2.826942e-01
275, 4.501081e-01, 2.849052e-01
276, 4.912747e-01, 2.838430e-01
277, 5.344272e-01, 2.829127e-01
278, 5.777746e-01, 2.831472e-01
279, 6.645975e-01, 2.847699e-01
280, 7.899044e-01, 2.824777e-01
281, 8.344403e-01, 2.838707e-01
282, 1.945351e-01, 2.860459e-01
283, 2.795442e-01, 2.853768e-01
284, 3.224375e-01, 2.833936e-01
285, 6.184304e-01, 2.832040e-01
286, 7.048216e-01, 2.848180e-01
287, 7.469326e-01, 2.838566e-01
288, 7.939505e-01, 2.869415e-01
289, 8.121376e-01, 3.183287e-01
290, 1.695652e-01, 3.196898e-01
291, 2.988201e-01, 3.197681e-01
292, 3.429822e-01, 3.198958e-01
293, 4.295812e-01, 3.201925e-01
294, 5.140181e-01, 3.212954e-01
295, 4.688962e-01, 3.212098e-01
296, 5.970668e-01, 3.197951e-01
297, 6.429695e-01, 3.221676e-01
298, 7.694452e-01, 3.235791e-01
299, 2.127140e-01, 3.222453e-01
300, 2.565160e-01, 3.212383e-01
301, 3.832205e-01, 3.207439e-01
302, 3.628934e-01, 3.563051e-01
303, 6.834358e-01, 3.203296e-01
304, 7.281116e-01, 3.222730e-01
305, 2.340562e-01, 3.568918e-01
306, 4.491891e-01, 3.580847e-01
307, 5.795843e-01, 3.578191e-01
308, 6.194356e-01, 3.596600e-01
309, 6.638288e-01, 3.609126e-01
310, 7.053993e-01, 3.587386e-01
311, 8.349193e-01, 3.571795e-01
312, 1.909806e-01, 3.585846e-01
313, 2.777383e-01, 3.577021e-01
314, 3.223104e-01, 3.598722e-01
315, 4.951634e-01, 3.584366e-01
316, 5.346286e-01, 3.599700e-01
317, 5.151981e-01, 3.932021e-01
318, 7.491444e-01, 3.565400e-01
319, 7.708587e-01, 3.951698e-01
320, 1.712574e-01, 3.947967e-01
321, 2.548801e-01, 3.942842e-01
322, 3.002574e-01, 3.953052e-01
323, 3.412685e-01, 3.954425e-01
324, 3.856280e-01, 3.949411e-01
325, 5.997080e-01, 3.929831e-01
326, 6.846089e-01, 3.921159e-01
327, 4.282342e-01, 3.952455e-01
328, 4.697606e-01, 3.963601e-01
329, 5.567928e-01, 3.956214e-01
330, 6.409222e-01, 3.938373e-01
331, 7.300108e-01, 3.988679e-01
332, 8.109363e-01, 3.960191e-01
333, 2.344022e-01, 4.326572e-01
334, 3.213899e-01, 4.328327e-01
335, 2.781084e-01, 4.324687e-01
336, 4.905068e-01, 4.316225e-01
337, 6.636799e-01, 4.333195e-01
338, 8.333069e-01, 4.338488e-01
339, 3.636963e-01, 4.325346e-01
340, 4.057496e-01, 4.325023e-01
341, 4.704450e-01, 4.680619e-01
342, 5.366873e-01, 4.328976e-01
343, 5.137324e-01, 4.666945e-01
344, 5.748716e-01, 4.336387e-01
345, 6.192293e-01, 4.345497e-01
346, 7.069219e-01, 4.328578e-01
347, 7.491034e-01, 4.305723e-01
348, 2.149523e-01, 4.672304e-01
349, 2.569521e-01, 4.674305e-01
350, 6.421698e-01, 4.699728e-01
351, 3.000055e-01, 4.677270e-01
352, 3.832295e-01, 4.697215e-01
353, 4.296820e-01, 4.710743e-01
354, 5.569693e-01, 4.680674e-01
355, 5.973048e-01, 4.689816e-01
356, 6.827619e-01, 4.691184e-01
357, 7.277933e-01, 4.701948e-01
358, 7.695476e-01, 4.696802e-01
359, 8.142117e-01, 4.692327e-01
360, 2.354755e-01, 5.076255e-01
361, 3.625231e-01, 5.031391e-01
362, 6.215357e-01, 5.055121e-01
363, 7.053885e-01, 5.074310e-01
364, 7.481650e-01, 5.071772e-01
365, 7.911346e-01, 5.071423e-01
366, 8.343202e-01, 5.066936e-01
367, 1.919854e-01, 5.075503e-01
368, 2.543321e-01, 5.416852e-01
369, 4.043420e-01, 5.065010e-01
370, 3.834742e-01, 5.413724e-01
371, 4.491951e-01, 5.067205e-01
372, 4.926605e-01, 5.081502e-01
373, 5.354615e-01, 5.063467e-01
374, 6.630496e-01, 5.069962e-01
375, 2.158206e-01, 5.450180e-01
376, 3.007898e-01, 5.427690e-01
377, 3.420437e-01, 5.457477e-01
378, 5.567440e-01, 5.436169e-01
379, 6.418944e-01, 5.424701e-01
380, 6.842906e-01, 5.426551e-01
381, 7.285357e-01, 5.419873e-01
382, 1.689837e-01, 5.440458e-01
383, 4.291674e-01, 5.431951e-01
384, 4.709257e-01, 5.434456e-01
385, 5.130610e-01, 5.434372e-01
386, 5.980991e-01, 5.427472e-01
387, 7.696911e-01, 5.427655e-01
388, 8.123634e-01, 5.432889e-01
389, 1.936653e-01, 5.795892e-01
390, 2.351842e-01, 5.797620e-01
391, 2.779385e-01, 5.798342e-01
392, 2.552522e-01, 6.156777e-01
393, 4.048846e-01, 5.808917e-01
394, 4.913611e-01, 5.817028e-01
395, 5.346869e-01, 5.806853e-01
396, 6.190214e-01, 5.813804e-01
397, 5.981127e-01, 6.164670e-01
398, 6.617836e-01, 5.790541e-01
399, 7.069560e-01, 5.801052e-01
400, 7.491927e-01, 5.805412e-01
401, 7.914272e-01, 5.802077e-01
402, 8.350291e-01, 5.804420e-01
403, 3.858544e-01, 6.182273e-01
404, 4.276658e-01, 6.176751e-01
405, 5.131609e-01, 6.156596e-01
406, 5.564017e-01, 6.163684e-01
407, 8.133299e-01, 6.176967e-01
408, 1.696140e-01, 6.187974e-01
409, 2.129844e-01, 6.187996e-01
410, 2.980120e-01, 6.180042e-01
411, 3.425590e-01, 6.163531e-01
412, 4.716203e-01, 6.152525e-01
413, 4.938803e-01, 6.539220e-01
414, 7.253984e-01, 6.190219e-01
415, 8.325154e-01, 6.528368e-01
416, 2.782370e-01, 6.567871e-01
417, 4.475480e-01, 6.538157e-01
418, 6.208131e-01, 6.550088e-01
419, 1.936387e-01, 6.544870e-01
420, 2.347913e-01, 6.555333e-01
421, 3.208806e-01, 6.562746e-01
422, 3.654484e-01, 6.545560e-01
423, 4.050187e-01, 6.541704e-01
424, 5.336046e-01, 6.545963e-01
425, 5.767974e-01, 6.537580e-01
426, 5.552751e-01, 6.909317e-01
427, 7.487886e-01, 6.556782e-01
428, 7.899464e-01, 6.553437e-01
429, 6.008463e-01, 6.917254e-01
430, 7.273887e-01, 6.899394e-01
431, 7.692195e-01, 6.903460e-01
432, 1.709777e-01, 6.923806e-01
433, 2.575551e-01, 6.904800e-01
434, 3.430054e-01, 6.912532e-01
435, 3.846470e-01, 6.918024e-01
436, 4.251751e-01, 6.928501e-01
437, 4.716577e-01, 6.908581e-01
438, 5.133481e-01, 6.908974e-01
439, 4.923884e-01, 7.265433e-01
440, 6.407901e-01, 6.909432e-01
441, 6.830348e-01, 6.899881e-01
442, 8.139734e-01, 6.922327e-01
443, 2.792386e-01, 7.275959e-01
444, 3.193491e-01, 7.289602e-01
445, 4.497827e-01, 7.295907e-01
446, 5.773155e-01, 7.293986e-01
447, 6.196150e-01, 7.282528e-01
448, 7.918491e-01, 7.280228e-01
449, 8.351289e-01, 7.281790e-01
450, 2.564797e-01, 7.644390e-01
451, 3.642383e-01, 7.297605e-01
452, 4.045308e-01, 7.285117e-01
453, 3.840151e-01, 7.633253e-01
454, 5.357521e-01, 7.279903e-01
455, 7.074155e-01, 7.286112e-01
456, 6.827214e-01, 7.622776e-01
457, 7.478661e-01, 7.293101e-01
458, 4.296409e-01, 7.651013e-01
459, 4.703794e-01, 7.663924e-01
460, 5.974639e-01, 7.648374e-01
461, 6.453735e-01, 7.644838e-01
462, 7.701340e-01, 7.654241e-01
463, 1.719156e-01, 7.661705e-01
464, 2.163127e-01, 7.671591e-01
465, 2.985335e-01, 7.666941e-01
466, 3.413626e-01, 7.645238e-01
467, 5.138596e-01, 7.676255e-01
468, 6.388600e-01, 7.657146e-01
469, 7.076561e-01, 7.990447e-01
470, 8.106342e-01, 7.657369e-01
471, 2.350547e-01, 8.028899e-01
472, 3.189551e-01, 8.007474e-01
473, 2.786307e-01, 8.007595e-01
474, 4.037257e-01, 8.036853e-01
475, 4.096245e-01, 8.031987e-01
476, 5.345403e-01, 8.006092e-01
477, 4.900481e-01, 8.042504e-01
478, 6.194938e-01, 8.050631e-01
479, 7.500470e-01, 8.044765e-01
480, 1.931895e-01, 8.016048e-01
481, 3.645671e-01, 8.032903e-01
482, 3.427502e-01, 8.381263e-01
483, 4.487923e-01, 8.031036e-01
484, 5.763925e-01, 8.026185e-01
485, 6.618157e-01, 8.039276e-01
486, 6.842674e-01, 8.401807e-01
487, 7.884567e-01, 8.024490e-01
488, 8.360378e-01, 8.022053e-01
489, 1.711905e-01, 8.409078e-01
490, 2.545153e-01, 8.409756e-01
491, 2.992870e-01, 8.391219e-01
492, 3.857972e-01, 8.392799e-01
493, 4.705962e-01, 8.386891e-01
494, 8.109788e-01, 8.415703e-01
495, 2.142665e-01, 8.396523e-01
496, 4.266564e-01, 8.401347e-01
497, 5.577466e-01, 8.389916e-01
498, 5.978593e-01, 8.395304e-01
499, 7.260421e-01, 8.407233e-01
500, 7.669821e-01, 8.370252e-01
501, 1.602607e-01, 1.500000e-01
502, 1.803554e-01, 1.500000e-01
503, 2.017000e-01, 1.500000e-01
504, 2.264900e-01, 1.500000e-01
505, 2.436233e-01, 1.500000e-01
506, 2.695045e-01, 1.500000e-01
507, 2.847626e-01, 1.500000e-01
508, 3.137535e-01, 1.500000e-01
509, 3.307290e-01, 1.500000e-01
510, 3.537139e-01, 1.500000e-01
511, 3.723827e-01, 1.500000e-01
512, 3.962129e-01, 1.500000e-01
513, 4.162400e-01, 1.500000e-01
514, 4.396293e-01, 1.500000e-01
515, 4.534654e-01, 1.500000e-01
516, 4.841077e-01, 1.500000e-01
517, 4.996532e-01, 1.500000e-01
518, 5.239022e-01, 1.500000e-01
519, 5.435658e-01, 1.500000e-01
520, 5.707115e-01, 1.500000e-01
521, 5.849276e-01, 1.500000e-01
522, 6.096203e-01, 1.500000e-01
523, 6.293178e-01, 1.500000e-01
524, 6.552755e-01, 1.500000e-01
525, 6.701903e-01, 1.500000e-01
526, 6.982068e-01, 1.500000e-01
527, 7.149803e-01, 1.500000e-01
528, 7.418067e-01, 1.500000e-01
529, 7.519190e-01, 1.500000e-01
530, 7.844699e-01, 1.500000e-01
531, 8.024389e-01, 1.500000e-01
532, 8.257399e-01, 1.500000e-01
533, 1.500000e-01, 1.738096e-01
534, 8.500000e-01, 1.724192e-01
535, 1.500000e-01, 2.076462e-01
536, 8.500000e-01, 1.825175e-01
537, 1.500000e-01, 2.100168e-01
538, 8.500000e-01, 2.092596e-01
539, 1.500000e-01, 2.123449e-01
540, 8.500000e-01, 2.377466e-01
541, 1.500000e-01, 2.485330e-01
542, 8.500000e-01, 2.459994e-01
543, 1.500000e-01, 2.790562e-01
544, 8.500000e-01, 2.550132e-01
545, 1.500000e-01, 2.877251e-01
546, 8.500000e-01, 2.835940e-01
547, 1.500000e-01, 2.902663e-01
548, 8.500000e-01, 3.126130e-01
549, 1.500000e-01, 3.194175e-01
550, 8.500000e-01, 3.224606e-01
551, 8.500000e-01, 3.314605e-01
552, 8.500000e-01, 3.577694e-01
553, 8.500000e-01, 3.834846e-01
554, 1.500000e-01, 3.953710e-01
555, 8.500000e-01, 3.949097e-01
556, 8.500000e-01, 4.105909e-01
557, 8.500000e-01, 4.297157e-01
558, 8.500000e-01, 4.615521e-01
559, 1.500000e-01, 4.685816e-01
560, 8.500000e-01, 4.697308e-01
561, 8.500000e-01, 4.776642e-01
562, 8.500000e-01, 5.067299e-01
563, 8.500000e-01, 5.334423e-01
564, 1.500000e-01, 5.445280e-01
565, 8.500000e-01, 5.437840e-01
566, 1.500000e-01, 5.764014e-01
567, 8.500000e-01, 5.544650e-01
568, 1.500000e-01, 5.786244e-01
569, 8.500000e-01, 5.808219e-01
570, 1.500000e-01, 5.810725e-01
571, 8.500000e-01, 6.064094e-01
572, 1.500000e-01, 6.184959e-01
573, 8.500000e-01, 6.182992e-01
574, 1.500000e-01, 6.504027e-01
575, 8.500000e-01, 6.212839e-01
576, 8.500000e-01, 6.534266e-01
577, 1.500000e-01, 6.526357e-01
578, 8.500000e-01, 6.845122e-01
579, 1.500000e-01, 6.929166e-01
580, 8.500000e-01, 6.933549e-01
581, 1.500000e-01, 7.295324e-01
582, 8.500000e-01, 7.021894e-01
583, 1.500000e-01, 7.295789e-01
584, 8.500000e-01, 7.279789e-01
585, 1.500000e-01, 7.296208e-01
586, 8.500000e-01, 7.546325e-01
587, 1.500000e-01, 7.657172e-01
588, 8.500000e-01, 7.630442e-01
589, 1.500000e-01, 8.011046e-01
590, 8.500000e-01, 7.806809e-01
591, 1.500000e-01, 8.025626e-01
592, 8.500000e-01, 8.023330e-01
593, 1.500000e-01, 8.041903e-01
594, 8.500000e-01, 8.261663e-01
595, 1.500000e-01, 8.403463e-01
596, 8.500000e-01, 8.366353e-01
597, 1.656149e-01, 8.500000e-01
598, 1.764301e-01, 8.500000e-01
599, 2.077984e-01, 8.500000e-01
600, 2.201617e-01, 8.500000e-01
601, 2.495748e-01, 8.500000e-01
602, 2.593463e-01, 8.500000e-01
603, 2.931381e-01, 8.500000e-01
604, 3.056833e-01, 8.500000e-01
605, 3.358373e-01, 8.500000e-01
606, 3.491385e-01, 8.500000e-01
607, 3.800030e-01, 8.500000e-01
608, 3.920438e-01, 8.500000e-01
609, 4.207698e-01, 8.500000e-01
610, 4.330411e-01, 8.500000e-01
611, 4.642088e-01, 8.500000e-01
612, 4.766292e-01, 8.500000e-01
613, 5.085318e-01, 8.500000e-01
614, 5.188665e-01, 8.500000e-01
615, 5.469071e-01, 8.500000e-01
616, 5.643003e-01, 8.500000e-01
617, 5.913714e-01, 8.500000e-01
618, 6.049943e-01, 8.500000e-01
619, 6.308404e-01, 8.500000e-01
620, 6.512473e-01, 8.500000e-01
621, 6.786113e-01, 8.500000e-01
622, 6.902707e-01, 8.500000e-01
623, 7.204969e-01, 8.500000e-01
624, 7.320388e-01, 8.500000e-01
625, 7.592398e-01, 8.500000e-01
626, 7.797284e-01, 8.500000e-01
627, 8.065671e-01, 8.500000e-01
628, 8.156375e-01, 8.500000e-01
629, 1.505065e-01, 3.542988e-01
630, 1.503175e-01, 3.605254e-01
631, 1.500368e-01, 4.316309e-01
632, 1.501503e-01, 5.078470e-01
