1, 1.518671e-01, 5.255590e-01
2, 1.533139e-01, 6.696811e-01
3, 1.537232e-01, 4.977980e-01
4, 1.538187e-01, 2.128920e-01
5, 1.541196e-01, 6.441959e-01
6, 1.541636e-01, 1.859806e-01
7, 1.544764e-01, 7.781239e-01
8, 1.545599e-01, 6.147205e-01
9, 1.545672e-01, 3.565641e-01
10, 1.548257e-01, 7.583430e-01
11, 1.550021e-01, 5.290199e-01
12, 1.553970e-01, 7.929704e-01
13, 1.559700e-01, 3.275853e-01
14, 1.562631e-01, 3.873996e-01
15, 1.563497e-01, 2.418045e-01
16, 1.567764e-01, 1.835663e-01
17, 1.567913e-01, 8.127967e-01
18, 1.572128e-01, 6.442970e-01
19, 1.608561e-01, 8.170409e-01
20, 1.611029e-01, 8.200484e-01
21, 1.613942e-01, 3.261054e-01
22, 1.620465e-01, 6.120017e-01
23, 1.622040e-01, 1.823273e-01
24, 1.629437e-01, 5.310151e-01
25, 1.636507e-01, 7.557837e-01
26, 1.657981e-01, 3.887565e-01
27, 1.660343e-01, 4.690438e-01
28, 1.660486e-01, 1.544065e-01
29, 1.679110e-01, 3.005184e-01
30, 1.683203e-01, 2.718902e-01
31, 1.690634e-01, 7.029221e-01
32, 1.700954e-01, 7.232690e-01
33, 1.707356e-01, 5.602872e-01
34, 1.708065e-01, 4.402946e-01
35, 1.709516e-01, 4.206149e-01
36, 1.712762e-01, 5.843651e-01
37, 1.724371e-01, 8.399154e-01
38, 1.730004e-01, 6.983220e-01
39, 1.731178e-01, 3.054326e-01
40, 1.742093e-01, 1.615851e-01
41, 1.742540e-01, 8.435167e-01
42, 1.744176e-01, 5.564512e-01
43, 1.749117e-01, 4.443345e-01
44, 1.752950e-01, 5.879219e-01
45, 1.753882e-01, 2.657642e-01
46, 1.755841e-01, 4.160924e-01
47, 1.756576e-01, 4.475054e-01
48, 1.757371e-01, 5.509462e-01
49, 1.768117e-01, 3.057573e-01
50, 1.773962e-01, 7.652705e-01
51, 1.774058e-01, 6.980124e-01
52, 1.777832e-01, 4.063085e-01
53, 1.781156e-01, 6.605361e-01
54, 1.801017e-01, 4.758306e-01
55, 1.801077e-01, 8.079618e-01
56, 1.811514e-01, 8.036541e-01
57, 1.824895e-01, 7.662588e-01
58, 1.825455e-01, 6.602404e-01
59, 1.826822e-01, 6.208119e-01
60, 1.829083e-01, 4.837399e-01
61, 1.832037e-01, 3.364607e-01
62, 1.837180e-01, 5.164130e-01
63, 1.840726e-01, 3.404085e-01
64, 1.845641e-01, 6.269470e-01
65, 1.851145e-01, 3.774283e-01
66, 1.870108e-01, 5.127369e-01
67, 1.874832e-01, 4.881599e-01
68, 1.876007e-01, 2.008582e-01
69, 1.904598e-01, 6.324035e-01
70, 1.908299e-01, 4.576485e-01
71, 1.908409e-01, 6.525063e-01
72, 1.911324e-01, 3.478095e-01
73, 1.911702e-01, 7.934296e-01
74, 1.917278e-01, 8.263669e-01
75, 1.923544e-01, 7.777596e-01
76, 1.939799e-01, 3.171540e-01
77, 1.945127e-01, 6.009843e-01
78, 1.950733e-01, 3.965545e-01
79, 1.953848e-01, 1.732054e-01
80, 1.969548e-01, 4.295419e-01
81, 1.979680e-01, 8.280151e-01
82, 1.981930e-01, 6.866623e-01
83, 1.986051e-01, 7.433513e-01
84, 1.988858e-01, 3.157446e-01
85, 1.993890e-01, 3.978148e-01
86, 2.004181e-01, 2.889753e-01
87, 2.015429e-01, 5.990076e-01
88, 2.015812e-01, 3.132789e-01
89, 2.019041e-01, 4.004374e-01
90, 2.023140e-01, 2.603165e-01
91, 2.027598e-01, 2.829753e-01
92, 2.031020e-01, 5.422882e-01
93, 2.035842e-01, 4.540439e-01
94, 2.040467e-01, 5.965259e-01
95, 2.044911e-01, 8.250235e-01
96, 2.063929e-01, 6.831473e-01
97, 2.092046e-01, 3.807014e-01
98, 2.092581e-01, 3.693498e-01
99, 2.102937e-01, 3.486390e-01
100, 2.114549e-01, 3.666288e-01
101, 2.129419e-01, 4.900403e-01
102, 2.133589e-01, 5.119277e-01
103, 2.137889e-01, 3.442522e-01
104, 2.138784e-01, 7.778675e-01
105, 2.139206e-01, 2.321003e-01
106, 2.144310e-01, 5.179019e-01
107, 2.149072e-01, 5.141928e-01
108, 2.150698e-01, 7.947264e-01
109, 2.155846e-01, 2.026695e-01
110, 2.162794e-01, 1.924652e-01
111, 2.169589e-01, 6.618373e-01
112, 2.173518e-01, 8.037670e-01
113, 2.173589e-01, 7.700939e-01
114, 2.173762e-01, 7.976433e-01
115, 2.174774e-01, 3.423773e-01
116, 2.174810e-01, 7.730877e-01
117, 2.223774e-01, 3.124599e-01
118, 2.225893e-01, 4.013649e-01
119, 2.235594e-01, 2.858037e-01
120, 2.257149e-01, 4.027258e-01
121, 2.258901e-01, 4.523807e-01
122, 2.264785e-01, 7.131224e-01
123, 2.266334e-01, 5.989636e-01
124, 2.268153e-01, 5.423074e-01
125, 2.273287e-01, 2.578139e-01
126, 2.275603e-01, 2.828693e-01
127, 2.279705e-01, 3.180242e-01
128, 2.281118e-01, 8.247688e-01
129, 2.285066e-01, 6.008368e-01
130, 2.290641e-01, 7.150873e-01
131, 2.324129e-01, 7.148791e-01
132, 2.330684e-01, 4.002996e-01
133, 2.333294e-01, 1.734407e-01
134, 2.337784e-01, 5.408760e-01
135, 2.344404e-01, 6.026669e-01
136, 2.346046e-01, 2.829496e-01
137, 2.351538e-01, 3.203423e-01
138, 2.365692e-01, 6.306202e-01
139, 2.368533e-01, 7.443302e-01
140, 2.368872e-01, 6.553912e-01
141, 2.374919e-01, 7.956500e-01
142, 2.383297e-01, 7.752122e-01
143, 2.399150e-01, 2.011681e-01
144, 2.414367e-01, 3.683994e-01
145, 2.421024e-01, 5.161969e-01
146, 2.421666e-01, 4.819365e-01
147, 2.427672e-01, 2.283176e-01
148, 2.433232e-01, 4.769443e-01
149, 2.434772e-01, 5.203773e-01
150, 2.437522e-01, 2.257330e-01
151, 2.437876e-01, 3.707298e-01
152, 2.438355e-01, 3.366967e-01
153, 2.446132e-01, 3.739993e-01
154, 2.448269e-01, 2.357570e-01
155, 2.465203e-01, 7.680607e-01
156, 2.477516e-01, 7.646099e-01
157, 2.503506e-01, 4.490193e-01
158, 2.504208e-01, 4.975289e-01
159, 2.521134e-01, 7.353284e-01
160, 2.541866e-01, 7.288357e-01
161, 2.541929e-01, 6.991777e-01
162, 2.541933e-01, 2.654504e-01
163, 2.542371e-01, 5.908270e-01
164, 2.551469e-01, 5.542898e-01
165, 2.551608e-01, 4.486048e-01
166, 2.555015e-01, 3.087237e-01
167, 2.577359e-01, 2.972825e-01
168, 2.585880e-01, 7.035415e-01
169, 2.586154e-01, 7.246956e-01
170, 2.588865e-01, 1.546878e-01
171, 2.599744e-01, 4.177908e-01
172, 2.610830e-01, 5.836457e-01
173, 2.615958e-01, 5.608169e-01
174, 2.618387e-01, 3.554063e-01
175, 2.621851e-01, 4.410336e-01
176, 2.641016e-01, 6.741410e-01
177, 2.652630e-01, 2.454850e-01
178, 2.652881e-01, 4.658996e-01
179, 2.660360e-01, 6.102267e-01
180, 2.664396e-01, 7.565808e-01
181, 2.666202e-01, 1.795790e-01
182, 2.669158e-01, 3.258987e-01
183, 2.670348e-01, 1.822596e-01
184, 2.683756e-01, 5.331302e-01
185, 2.685323e-01, 8.155206e-01
186, 2.691510e-01, 7.572861e-01
187, 2.701630e-01, 3.910412e-01
188, 2.704192e-01, 3.268867e-01
189, 2.706045e-01, 7.831000e-01
190, 2.709231e-01, 6.115423e-01
191, 2.711759e-01, 7.594761e-01
192, 2.715630e-01, 2.122535e-01
193, 2.716921e-01, 7.858157e-01
194, 2.724750e-01, 3.541510e-01
195, 2.738837e-01, 4.968995e-01
196, 2.743637e-01, 7.878567e-01
197, 2.744493e-01, 6.709253e-01
198, 2.752125e-01, 2.123493e-01
199, 2.752854e-01, 3.901320e-01
200, 2.758197e-01, 6.166059e-01
201, 2.759017e-01, 1.903991e-01
202, 2.761289e-01, 4.768414e-01
203, 2.765192e-01, 5.251660e-01
204, 2.774004e-01, 2.142869e-01
205, 2.777022e-01, 5.003346e-01
206, 2.788034e-01, 3.585889e-01
207, 2.790625e-01, 3.863405e-01
208, 2.835241e-01, 5.629439e-01
209, 2.836640e-01, 7.041306e-01
210, 2.836991e-01, 5.812320e-01
211, 2.841511e-01, 3.050712e-01
212, 2.848385e-01, 7.258704e-01
213, 2.850467e-01, 2.968108e-01
214, 2.853407e-01, 4.169438e-01
215, 2.854256e-01, 2.675186e-01
216, 2.854377e-01, 4.097436e-01
217, 2.854885e-01, 2.732318e-01
218, 2.855459e-01, 7.329380e-01
219, 2.858206e-01, 5.887218e-01
220, 2.858896e-01, 5.842387e-01
221, 2.861333e-01, 7.009541e-01
222, 2.864023e-01, 6.956864e-01
223, 2.875029e-01, 5.572555e-01
224, 2.899664e-01, 1.547966e-01
225, 2.941062e-01, 2.144607e-01
226, 2.942905e-01, 1.904269e-01
227, 2.947638e-01, 7.601817e-01
228, 2.958945e-01, 8.135663e-01
229, 2.962751e-01, 6.431288e-01
230, 2.965237e-01, 7.877564e-01
231, 2.967327e-01, 2.166173e-01
232, 2.970749e-01, 5.240587e-01
233, 2.970930e-01, 3.587083e-01
234, 2.972507e-01, 5.014274e-01
235, 2.978019e-01, 6.172940e-01
236, 2.979089e-01, 8.158107e-01
237, 2.983641e-01, 4.744668e-01
238, 2.985854e-01, 3.557188e-01
239, 2.989524e-01, 3.626965e-01
240, 2.999102e-01, 3.843838e-01
241, 3.000256e-01, 7.539335e-01
242, 3.000735e-01, 4.953795e-01
243, 3.015015e-01, 4.709796e-01
244, 3.021944e-01, 7.881992e-01
245, 3.023786e-01, 6.127295e-01
246, 3.028917e-01, 1.824389e-01
247, 3.037650e-01, 3.860448e-01
248, 3.052465e-01, 8.178707e-01
249, 3.057880e-01, 4.698382e-01
250, 3.059658e-01, 7.520844e-01
251, 3.060290e-01, 2.165547e-01
252, 3.063534e-01, 6.732371e-01
253, 3.064114e-01, 3.262521e-01
254, 3.069939e-01, 2.438325e-01
255, 3.101021e-01, 4.393492e-01
256, 3.105760e-01, 4.165698e-01
257, 3.108752e-01, 8.431820e-01
258, 3.125175e-01, 5.559596e-01
259, 3.136649e-01, 2.756048e-01
260, 3.138973e-01, 5.864483e-01
261, 3.140123e-01, 8.402694e-01
262, 3.142489e-01, 5.499927e-01
263, 3.149472e-01, 7.276069e-01
264, 3.150668e-01, 2.984783e-01
265, 3.151179e-01, 5.611265e-01
266, 3.152405e-01, 8.364179e-01
267, 3.156274e-01, 5.916842e-01
268, 3.161916e-01, 7.321570e-01
269, 3.164664e-01, 3.024630e-01
270, 3.176306e-01, 1.577602e-01
271, 3.177118e-01, 2.716700e-01
272, 3.185249e-01, 6.941896e-01
273, 3.195244e-01, 2.657865e-01
274, 3.219240e-01, 4.782012e-01
275, 3.229949e-01, 4.822958e-01
276, 3.244423e-01, 1.937732e-01
277, 3.246827e-01, 6.254845e-01
278, 3.252113e-01, 6.627077e-01
279, 3.256553e-01, 2.248211e-01
280, 3.257291e-01, 2.076971e-01
281, 3.258466e-01, 3.777781e-01
282, 3.266436e-01, 3.382931e-01
283, 3.267726e-01, 5.209493e-01
284, 3.267959e-01, 6.562296e-01
285, 3.268287e-01, 3.744864e-01
286, 3.270842e-01, 2.328229e-01
287, 3.271636e-01, 7.635306e-01
288, 3.276773e-01, 3.416497e-01
289, 3.277396e-01, 2.033094e-01
290, 3.279385e-01, 2.296769e-01
291, 3.286022e-01, 6.543308e-01
292, 3.288609e-01, 5.121687e-01
293, 3.289630e-01, 6.301549e-01
294, 3.292881e-01, 7.735802e-01
295, 3.297109e-01, 3.435984e-01
296, 3.307056e-01, 4.905023e-01
297, 3.319277e-01, 3.689020e-01
298, 3.353563e-01, 8.247704e-01
299, 3.359358e-01, 3.960286e-01
300, 3.360095e-01, 1.696750e-01
301, 3.360383e-01, 4.588214e-01
302, 3.363245e-01, 6.040623e-01
303, 3.375157e-01, 5.698883e-01
304, 3.376905e-01, 6.831973e-01
305, 3.399198e-01, 7.146582e-01
306, 3.401627e-01, 3.160357e-01
307, 3.402167e-01, 2.862006e-01
308, 3.403063e-01, 8.264247e-01
309, 3.404418e-01, 7.433121e-01
310, 3.408824e-01, 7.458987e-01
311, 3.410551e-01, 4.576859e-01
312, 3.414769e-01, 3.975355e-01
313, 3.420510e-01, 6.027720e-01
314, 3.424231e-01, 5.424750e-01
315, 3.426416e-01, 4.276715e-01
316, 3.428389e-01, 7.118264e-01
317, 3.431124e-01, 2.861911e-01
318, 3.438930e-01, 5.692374e-01
319, 3.439653e-01, 3.149806e-01
320, 3.454709e-01, 4.015763e-01
321, 3.455175e-01, 4.277209e-01
322, 3.458576e-01, 8.322811e-01
323, 3.466784e-01, 2.835249e-01
324, 3.467387e-01, 1.672122e-01
325, 3.467760e-01, 2.600981e-01
326, 3.474912e-01, 4.515121e-01
327, 3.478237e-01, 4.294682e-01
328, 3.493912e-01, 5.960627e-01
329, 3.498360e-01, 5.741597e-01
330, 3.514915e-01, 1.698530e-01
331, 3.545544e-01, 2.304141e-01
332, 3.552786e-01, 7.990824e-01
333, 3.557909e-01, 6.517243e-01
334, 3.564111e-01, 3.678150e-01
335, 3.565437e-01, 3.728516e-01
336, 3.567385e-01, 4.886315e-01
337, 3.571111e-01, 7.740238e-01
338, 3.575576e-01, 2.290254e-01
339, 3.578837e-01, 7.977949e-01
340, 3.582792e-01, 4.856932e-01
341, 3.582850e-01, 3.445609e-01
342, 3.583642e-01, 3.416074e-01
343, 3.590446e-01, 1.925873e-01
344, 3.591135e-01, 5.156727e-01
345, 3.595521e-01, 2.263655e-01
346, 3.595766e-01, 6.604330e-01
347, 3.596510e-01, 6.567664e-01
348, 3.669848e-01, 3.128101e-01
349, 3.673497e-01, 4.276226e-01
350, 3.681133e-01, 6.878512e-01
351, 3.681350e-01, 2.852148e-01
352, 3.686031e-01, 4.024807e-01
353, 3.688218e-01, 2.598331e-01
354, 3.692872e-01, 7.093062e-01
355, 3.697252e-01, 4.541140e-01
356, 3.699808e-01, 8.323450e-01
357, 3.700422e-01, 5.743751e-01
358, 3.702300e-01, 5.965833e-01
359, 3.710510e-01, 3.170756e-01
360, 3.713251e-01, 5.772414e-01
361, 3.717625e-01, 3.995080e-01
362, 3.721248e-01, 6.837630e-01
363, 3.721974e-01, 7.468268e-01
364, 3.726548e-01, 5.692616e-01
365, 3.730058e-01, 2.849265e-01
366, 3.733473e-01, 4.579480e-01
367, 3.746071e-01, 3.990230e-01
368, 3.757909e-01, 3.182598e-01
369, 3.763019e-01, 8.258201e-01
370, 3.766498e-01, 7.223032e-01
371, 3.771990e-01, 6.824679e-01
372, 3.787984e-01, 1.722954e-01
373, 3.813499e-01, 2.051530e-01
374, 3.813583e-01, 2.250213e-01
375, 3.820952e-01, 6.332567e-01
376, 3.824985e-01, 6.540363e-01
377, 3.834582e-01, 3.458571e-01
378, 3.834804e-01, 4.878356e-01
379, 3.848053e-01, 7.705261e-01
380, 3.853839e-01, 8.008501e-01
381, 3.863358e-01, 7.733029e-01
382, 3.865528e-01, 3.427858e-01
383, 3.867723e-01, 7.624241e-01
384, 3.872552e-01, 2.306608e-01
385, 3.874651e-01, 6.586935e-01
386, 3.876274e-01, 3.392741e-01
387, 3.886295e-01, 6.265461e-01
388, 3.891357e-01, 6.653175e-01
389, 3.891656e-01, 1.976900e-01
390, 3.898204e-01, 3.775182e-01
391, 3.899454e-01, 6.210377e-01
392, 3.903241e-01, 1.942679e-01
393, 3.933354e-01, 2.314750e-01
394, 3.939086e-01, 2.670402e-01
395, 3.945883e-01, 4.440418e-01
396, 3.948175e-01, 5.902469e-01
397, 3.950697e-01, 5.545590e-01
398, 3.952841e-01, 8.335958e-01
399, 3.955012e-01, 2.714612e-01
400, 3.965297e-01, 4.118996e-01
401, 3.965911e-01, 7.343816e-01
402, 3.971413e-01, 3.062738e-01
403, 3.971717e-01, 7.316467e-01
404, 3.973887e-01, 8.423526e-01
405, 3.982302e-01, 5.897952e-01
406, 3.983243e-01, 4.435799e-01
407, 3.986033e-01, 6.931753e-01
408, 3.987286e-01, 2.978849e-01
409, 3.989057e-01, 1.567657e-01
410, 3.994923e-01, 6.973699e-01
411, 4.008075e-01, 7.277799e-01
412, 4.012110e-01, 4.157834e-01
413, 4.018628e-01, 4.400935e-01
414, 4.021261e-01, 2.777785e-01
415, 4.021403e-01, 5.860703e-01
416, 4.038715e-01, 7.028461e-01
417, 4.054938e-01, 8.171538e-01
418, 4.075688e-01, 3.558266e-01
419, 4.081317e-01, 7.501597e-01
420, 4.083268e-01, 4.576577e-01
421, 4.083631e-01, 2.414805e-01
422, 4.092714e-01, 4.725063e-01
423, 4.095115e-01, 6.769860e-01
424, 4.096273e-01, 3.898515e-01
425, 4.098919e-01, 3.259958e-01
426, 4.101504e-01, 6.124389e-01
427, 4.105144e-01, 8.160548e-01
428, 4.113820e-01, 5.017264e-01
429, 4.115343e-01, 1.831036e-01
430, 4.124775e-01, 5.306869e-01
431, 4.129939e-01, 6.761118e-01
432, 4.130052e-01, 3.266429e-01
433, 4.130682e-01, 7.517897e-01
434, 4.136057e-01, 4.768312e-01
435, 4.140140e-01, 3.886828e-01
436, 4.140192e-01, 6.136178e-01
437, 4.151593e-01, 1.874900e-01
438, 4.152483e-01, 5.017380e-01
439, 4.153644e-01, 3.558534e-01
440, 4.159478e-01, 5.259110e-01
441, 4.161749e-01, 2.102743e-01
442, 4.163073e-01, 3.299017e-01
443, 4.168277e-01, 2.177972e-01
444, 4.172308e-01, 8.095285e-01
445, 4.176506e-01, 7.883105e-01
446, 4.181883e-01, 2.144348e-01
447, 4.186603e-01, 7.578612e-01
448, 4.188585e-01, 6.704828e-01
449, 4.190638e-01, 7.843287e-01
450, 4.194455e-01, 4.414179e-01
451, 4.199345e-01, 6.443423e-01
452, 4.208500e-01, 3.605776e-01
453, 4.213937e-01, 3.809821e-01
454, 4.259928e-01, 2.994300e-01
455, 4.260771e-01, 7.261511e-01
456, 4.268527e-01, 7.038952e-01
457, 4.270069e-01, 5.861170e-01
458, 4.272462e-01, 5.898328e-01
459, 4.283686e-01, 8.370555e-01
460, 4.284127e-01, 5.496309e-01
461, 4.284324e-01, 2.771156e-01
462, 4.284581e-01, 4.377625e-01
463, 4.290504e-01, 5.837500e-01
464, 4.290832e-01, 5.584451e-01
465, 4.298284e-01, 4.156360e-01
466, 4.302356e-01, 2.618794e-01
467, 4.350264e-01, 3.811517e-01
468, 4.371363e-01, 3.603118e-01
469, 4.374828e-01, 7.848000e-01
470, 4.381393e-01, 4.422522e-01
471, 4.387874e-01, 6.448601e-01
472, 4.389504e-01, 6.714351e-01
473, 4.395059e-01, 1.894456e-01
474, 4.395991e-01, 7.864081e-01
475, 4.397743e-01, 5.257699e-01
476, 4.398426e-01, 7.577267e-01
477, 4.399967e-01, 2.139641e-01
478, 4.405821e-01, 3.304430e-01
479, 4.410780e-01, 6.107663e-01
480, 4.410936e-01, 8.119978e-01
481, 4.412165e-01, 2.417635e-01
482, 4.413927e-01, 6.499510e-01
483, 4.420974e-01, 5.284417e-01
484, 4.421208e-01, 6.698833e-01
485, 4.421428e-01, 6.389320e-01
486, 4.423592e-01, 7.921064e-01
487, 4.427255e-01, 7.551171e-01
488, 4.430977e-01, 3.560184e-01
489, 4.436035e-01, 2.441029e-01
490, 4.436764e-01, 6.137277e-01
491, 4.437523e-01, 4.752673e-01
492, 4.437797e-01, 2.147274e-01
493, 4.438042e-01, 1.858045e-01
494, 4.443635e-01, 3.901703e-01
495, 4.444326e-01, 8.160473e-01
496, 4.467259e-01, 3.561525e-01
497, 4.478374e-01, 7.534950e-01
498, 4.497778e-01, 4.692141e-01
499, 4.499249e-01, 4.595713e-01
500, 4.499796e-01, 6.721738e-01
501, 4.503701e-01, 1.843825e-01
502, 4.510748e-01, 5.311736e-01
503, 4.537954e-01, 4.158643e-01
504, 4.538381e-01, 8.451054e-01
505, 4.550824e-01, 2.751173e-01
506, 4.552647e-01, 4.411286e-01
507, 4.568666e-01, 4.464379e-01
508, 4.569753e-01, 5.596226e-01
509, 4.569896e-01, 7.003168e-01
510, 4.576844e-01, 3.053913e-01
511, 4.578089e-01, 2.719160e-01
512, 4.583933e-01, 2.690516e-01
513, 4.596297e-01, 6.936616e-01
514, 4.599803e-01, 5.565605e-01
515, 4.621399e-01, 5.500618e-01
516, 4.622373e-01, 1.600568e-01
517, 4.632679e-01, 2.315135e-01
518, 4.634132e-01, 1.639575e-01
519, 4.682119e-01, 3.395889e-01
520, 4.685335e-01, 1.980555e-01
521, 4.687967e-01, 5.206240e-01
522, 4.688859e-01, 3.427708e-01
523, 4.692923e-01, 4.808477e-01
524, 4.701592e-01, 5.148595e-01
525, 4.703606e-01, 7.663549e-01
526, 4.711212e-01, 7.692349e-01
527, 4.726521e-01, 1.962362e-01
528, 4.729354e-01, 3.467618e-01
529, 4.736162e-01, 5.110949e-01
530, 4.742540e-01, 6.312561e-01
531, 4.746187e-01, 7.728074e-01
532, 4.756059e-01, 7.965203e-01
533, 4.764685e-01, 6.527251e-01
534, 4.782340e-01, 6.820199e-01
535, 4.789699e-01, 2.858611e-01
536, 4.791184e-01, 8.260978e-01
537, 4.793860e-01, 5.409017e-01
538, 4.799004e-01, 7.514488e-01
539, 4.810637e-01, 7.437452e-01
540, 4.819390e-01, 3.181485e-01
541, 4.820906e-01, 1.725432e-01
542, 4.820985e-01, 4.613242e-01
543, 4.823392e-01, 6.042818e-01
544, 4.826365e-01, 5.417708e-01
545, 4.839062e-01, 6.833488e-01
546, 4.846174e-01, 1.718158e-01
547, 4.849959e-01, 2.524523e-01
548, 4.863276e-01, 2.864662e-01
549, 4.865634e-01, 8.332816e-01
550, 4.869651e-01, 6.033126e-01
551, 4.876050e-01, 3.116468e-01
552, 4.878540e-01, 1.733819e-01
553, 4.885713e-01, 5.722462e-01
554, 4.888536e-01, 5.475357e-01
555, 4.890120e-01, 6.809373e-01
556, 4.892247e-01, 7.359456e-01
557, 4.911394e-01, 5.992171e-01
558, 4.914765e-01, 5.695430e-01
559, 4.918219e-01, 4.525988e-01
560, 4.918412e-01, 4.312306e-01
561, 4.925610e-01, 2.598258e-01
562, 4.930342e-01, 7.741862e-01
563, 4.935913e-01, 2.806269e-01
564, 4.951942e-01, 1.970813e-01
565, 4.962472e-01, 6.288869e-01
566, 4.970562e-01, 3.756648e-01
567, 4.970977e-01, 3.704771e-01
568, 4.983381e-01, 2.302515e-01
569, 4.990120e-01, 5.112063e-01
570, 4.990924e-01, 7.772064e-01
571, 4.992297e-01, 7.966357e-01
572, 4.994886e-01, 1.995489e-01
573, 5.000947e-01, 6.531552e-01
574, 5.009144e-01, 6.313255e-01
575, 5.009799e-01, 2.288022e-01
576, 5.016962e-01, 3.632138e-01
577, 5.018840e-01, 6.563572e-01
578, 5.022559e-01, 2.032007e-01
579, 5.040874e-01, 4.861675e-01
580, 5.051704e-01, 5.696845e-01
581, 5.054628e-01, 3.456481e-01
582, 5.062961e-01, 5.150268e-01
583, 5.075670e-01, 5.471032e-01
584, 5.091486e-01, 8.320002e-01
585, 5.092594e-01, 2.812569e-01
586, 5.094496e-01, 7.369556e-01
587, 5.099807e-01, 7.198465e-01
588, 5.107416e-01, 3.994509e-01
589, 5.107510e-01, 5.737327e-01
590, 5.112706e-01, 2.605489e-01
591, 5.113145e-01, 4.319312e-01
592, 5.113677e-01, 6.799139e-01
593, 5.115459e-01, 7.702514e-01
594, 5.124517e-01, 4.532389e-01
595, 5.125280e-01, 1.704664e-01
596, 5.125450e-01, 3.107842e-01
597, 5.131736e-01, 4.005545e-01
598, 5.134917e-01, 4.370679e-01
599, 5.141564e-01, 5.735693e-01
600, 5.147859e-01, 4.236124e-01
601, 5.149376e-01, 1.726495e-01
602, 5.150088e-01, 2.865393e-01
603, 5.167072e-01, 8.231541e-01
604, 5.167336e-01, 7.149156e-01
605, 5.170634e-01, 5.389079e-01
606, 5.174291e-01, 6.827782e-01
607, 5.174644e-01, 4.590052e-01
608, 5.183021e-01, 7.114759e-01
609, 5.185008e-01, 1.736818e-01
610, 5.189454e-01, 6.853506e-01
611, 5.196233e-01, 7.472059e-01
612, 5.197694e-01, 8.223210e-01
613, 5.198643e-01, 2.867085e-01
614, 5.210414e-01, 3.186772e-01
615, 5.214262e-01, 3.989342e-01
616, 5.219897e-01, 4.602636e-01
617, 5.249134e-01, 2.022296e-01
618, 5.254585e-01, 6.320211e-01
619, 5.263405e-01, 6.556659e-01
620, 5.268151e-01, 3.643561e-01
621, 5.275663e-01, 7.709557e-01
622, 5.284949e-01, 4.853376e-01
623, 5.288627e-01, 5.152161e-01
624, 5.291941e-01, 8.069055e-01
625, 5.293518e-01, 6.582524e-01
626, 5.301163e-01, 6.609285e-01
627, 5.304541e-01, 5.206629e-01
628, 5.304927e-01, 4.896471e-01
629, 5.306463e-01, 6.271877e-01
630, 5.310626e-01, 4.767186e-01
631, 5.312325e-01, 3.372459e-01
632, 5.319507e-01, 1.951683e-01
633, 5.322130e-01, 3.701381e-01
634, 5.325275e-01, 5.074806e-01
635, 5.337087e-01, 6.268894e-01
636, 5.345382e-01, 3.786534e-01
637, 5.378350e-01, 4.080125e-01
638, 5.383448e-01, 7.350862e-01
639, 5.387182e-01, 1.623340e-01
640, 5.393207e-01, 5.521405e-01
641, 5.395825e-01, 6.971026e-01
642, 5.399102e-01, 7.282414e-01
643, 5.399670e-01, 2.648869e-01
644, 5.402527e-01, 1.572839e-01
645, 5.404983e-01, 5.569624e-01
646, 5.407475e-01, 3.067833e-01
647, 5.407807e-01, 8.363060e-01
648, 5.417594e-01, 2.706081e-01
649, 5.418035e-01, 4.081831e-01
650, 5.419124e-01, 8.420317e-01
651, 5.425655e-01, 2.997587e-01
652, 5.429101e-01, 1.549613e-01
653, 5.431608e-01, 5.598784e-01
654, 5.432196e-01, 7.248419e-01
655, 5.438537e-01, 7.025212e-01
656, 5.445369e-01, 2.979741e-01
657, 5.452274e-01, 8.456097e-01
658, 5.458185e-01, 5.010655e-01
659, 5.471212e-01, 5.882496e-01
660, 5.478985e-01, 2.769924e-01
661, 5.501283e-01, 4.408357e-01
662, 5.501828e-01, 2.472022e-01
663, 5.503060e-01, 8.189166e-01
664, 5.505086e-01, 5.330297e-01
665, 5.507051e-01, 1.840754e-01
666, 5.508047e-01, 4.173826e-01
667, 5.508306e-01, 3.235801e-01
668, 5.509379e-01, 4.655910e-01
669, 5.513505e-01, 7.567659e-01
670, 5.528730e-01, 6.745670e-01
671, 5.532423e-01, 7.844908e-01
672, 5.532502e-01, 2.465389e-01
673, 5.532811e-01, 3.892055e-01
674, 5.535246e-01, 5.324098e-01
675, 5.538664e-01, 3.577862e-01
676, 5.550636e-01, 6.046707e-01
677, 5.551529e-01, 4.664411e-01
678, 5.552346e-01, 6.129794e-01
679, 5.559533e-01, 6.736719e-01
680, 5.577417e-01, 7.581674e-01
681, 5.581435e-01, 3.850554e-01
682, 5.592957e-01, 6.702958e-01
683, 5.597858e-01, 6.486677e-01
684, 5.600602e-01, 3.254198e-01
685, 5.606963e-01, 7.848688e-01
686, 5.622518e-01, 2.386585e-01
687, 5.622890e-01, 5.014462e-01
688, 5.626139e-01, 8.070885e-01
689, 5.628009e-01, 5.233871e-01
690, 5.642576e-01, 2.153166e-01
691, 5.644812e-01, 3.298614e-01
692, 5.649838e-01, 4.752245e-01
693, 5.650601e-01, 4.993742e-01
694, 5.657567e-01, 5.598977e-01
695, 5.665371e-01, 5.858602e-01
696, 5.670447e-01, 4.427299e-01
697, 5.692065e-01, 4.172690e-01
698, 5.694315e-01, 2.758418e-01
699, 5.700418e-01, 3.057764e-01
700, 5.701658e-01, 4.412844e-01
701, 5.707998e-01, 6.956582e-01
702, 5.711089e-01, 7.014836e-01
703, 5.722382e-01, 5.636173e-01
704, 5.730073e-01, 5.767702e-01
705, 5.730638e-01, 7.319775e-01
706, 5.731343e-01, 1.617161e-01
707, 5.732534e-01, 1.565846e-01
708, 5.732694e-01, 7.268296e-01
709, 5.736931e-01, 7.044240e-01
710, 5.737545e-01, 4.429587e-01
711, 5.760619e-01, 4.142552e-01
712, 5.761094e-01, 2.731242e-01
713, 5.777818e-01, 5.606326e-01
714, 5.797633e-01, 5.216863e-01
715, 5.807808e-01, 4.740038e-01
716, 5.810766e-01, 5.014246e-01
717, 5.811905e-01, 2.167859e-01
718, 5.816652e-01, 6.700368e-01
719, 5.818475e-01, 3.567807e-01
720, 5.819800e-01, 6.477454e-01
721, 5.821849e-01, 2.374919e-01
722, 5.828108e-01, 3.850949e-01
723, 5.829633e-01, 7.862563e-01
724, 5.835203e-01, 4.997366e-01
725, 5.836213e-01, 3.320927e-01
726, 5.837459e-01, 8.065790e-01
727, 5.841594e-01, 6.459442e-01
728, 5.841769e-01, 1.867716e-01
729, 5.842803e-01, 6.727463e-01
730, 5.844397e-01, 7.825133e-01
731, 5.845454e-01, 7.581193e-01
732, 5.850498e-01, 7.908649e-01
733, 5.852730e-01, 3.537753e-01
734, 5.853021e-01, 4.695645e-01
735, 5.872776e-01, 1.834428e-01
736, 5.884300e-01, 6.170742e-01
737, 5.891795e-01, 2.440430e-01
738, 5.893603e-01, 3.540876e-01
739, 5.900930e-01, 2.506224e-01
740, 5.901935e-01, 6.334837e-01
741, 5.901992e-01, 1.826869e-01
742, 5.904441e-01, 7.568151e-01
743, 5.909967e-01, 5.318660e-01
744, 5.911062e-01, 6.156510e-01
745, 5.918495e-01, 4.677567e-01
746, 5.926546e-01, 3.286609e-01
747, 5.930113e-01, 6.755166e-01
748, 5.954081e-01, 1.580766e-01
749, 5.964833e-01, 8.477276e-01
750, 5.967596e-01, 2.965264e-01
751, 5.975026e-01, 7.276918e-01
752, 5.976011e-01, 2.742680e-01
753, 5.976203e-01, 5.784837e-01
754, 5.976446e-01, 7.010518e-01
755, 5.980300e-01, 4.424622e-01
756, 5.984799e-01, 5.588980e-01
757, 6.000530e-01, 4.146744e-01
758, 6.009498e-01, 1.636993e-01
759, 6.012314e-01, 4.103097e-01
760, 6.016021e-01, 5.559141e-01
761, 6.022097e-01, 3.014473e-01
762, 6.023414e-01, 5.531329e-01
763, 6.026161e-01, 5.832207e-01
764, 6.029470e-01, 3.039473e-01
765, 6.029829e-01, 4.477818e-01
766, 6.033715e-01, 8.403551e-01
767, 6.037378e-01, 6.943913e-01
768, 6.041746e-01, 8.373483e-01
769, 6.043079e-01, 5.894999e-01
770, 6.049020e-01, 7.349957e-01
771, 6.080006e-01, 6.940964e-01
772, 6.082827e-01, 7.655772e-01
773, 6.100580e-01, 6.271544e-01
774, 6.104946e-01, 4.803141e-01
775, 6.108760e-01, 5.214137e-01
776, 6.110663e-01, 3.366094e-01
777, 6.114366e-01, 4.838467e-01
778, 6.116137e-01, 1.960129e-01
779, 6.120596e-01, 6.612995e-01
780, 6.121265e-01, 5.127763e-01
781, 6.123554e-01, 3.741307e-01
782, 6.125178e-01, 3.410367e-01
783, 6.126154e-01, 6.586477e-01
784, 6.133557e-01, 4.858621e-01
785, 6.135035e-01, 7.657059e-01
786, 6.135910e-01, 3.694237e-01
787, 6.147166e-01, 6.315082e-01
788, 6.157013e-01, 3.440222e-01
789, 6.165236e-01, 6.540999e-01
790, 6.171484e-01, 2.207207e-01
791, 6.174479e-01, 7.964558e-01
792, 6.183150e-01, 2.037732e-01
793, 6.192514e-01, 7.722261e-01
794, 6.212475e-01, 5.697376e-01
795, 6.214688e-01, 5.389652e-01
796, 6.214836e-01, 4.577553e-01
797, 6.222706e-01, 1.759131e-01
798, 6.223085e-01, 8.276729e-01
799, 6.224289e-01, 3.165741e-01
800, 6.228710e-01, 7.467160e-01
801, 6.236383e-01, 2.577488e-01
802, 6.249396e-01, 6.829503e-01
803, 6.250590e-01, 2.869189e-01
804, 6.250646e-01, 6.855493e-01
805, 6.250758e-01, 6.016535e-01
806, 6.260631e-01, 4.278746e-01
807, 6.264021e-01, 7.457304e-01
808, 6.277006e-01, 4.563166e-01
809, 6.281080e-01, 6.007772e-01
810, 6.282910e-01, 1.740614e-01
811, 6.290400e-01, 2.589571e-01
812, 6.295207e-01, 3.144109e-01
813, 6.298891e-01, 7.225582e-01
814, 6.300283e-01, 4.278364e-01
815, 6.302989e-01, 4.574039e-01
816, 6.303549e-01, 5.410263e-01
817, 6.305834e-01, 7.414635e-01
818, 6.307413e-01, 5.696742e-01
819, 6.307637e-01, 6.910349e-01
820, 6.317968e-01, 7.087685e-01
821, 6.327771e-01, 4.259508e-01
822, 6.341526e-01, 4.055909e-01
823, 6.342794e-01, 7.138085e-01
824, 6.359144e-01, 6.046222e-01
825, 6.405907e-01, 6.327805e-01
826, 6.406523e-01, 6.545333e-01
827, 6.414557e-01, 7.735150e-01
828, 6.419952e-01, 7.949417e-01
829, 6.422581e-01, 2.222603e-01
830, 6.428112e-01, 2.046405e-01
831, 6.431638e-01, 5.124976e-01
832, 6.432966e-01, 5.186514e-01
833, 6.434028e-01, 4.874046e-01
834, 6.437669e-01, 6.563371e-01
835, 6.452191e-01, 2.344561e-01
836, 6.455746e-01, 8.091071e-01
837, 6.456820e-01, 6.270687e-01
838, 6.456823e-01, 2.270937e-01
839, 6.457186e-01, 6.203211e-01
840, 6.459448e-01, 7.995237e-01
841, 6.472183e-01, 4.852597e-01
842, 6.484136e-01, 2.612997e-01
843, 6.487719e-01, 2.845892e-01
844, 6.487943e-01, 2.016826e-01
845, 6.522485e-01, 7.140967e-01
846, 6.527159e-01, 6.059663e-01
847, 6.528455e-01, 6.915639e-01
848, 6.532131e-01, 4.045276e-01
849, 6.541850e-01, 4.286323e-01
850, 6.544675e-01, 5.687813e-01
851, 6.544679e-01, 2.883684e-01
852, 6.545287e-01, 1.708807e-01
853, 6.549555e-01, 7.162481e-01
854, 6.550498e-01, 4.552319e-01
855, 6.558178e-01, 2.537177e-01
856, 6.559403e-01, 3.153052e-01
857, 6.576168e-01, 4.288787e-01
858, 6.576461e-01, 7.161616e-01
859, 6.580445e-01, 3.996016e-01
860, 6.583093e-01, 6.031338e-01
861, 6.587095e-01, 5.720286e-01
862, 6.594502e-01, 1.753316e-01
863, 6.605242e-01, 7.431985e-01
864, 6.614902e-01, 5.419248e-01
865, 6.624421e-01, 3.173657e-01
866, 6.626497e-01, 6.819093e-01
867, 6.640339e-01, 1.765039e-01
868, 6.640566e-01, 8.250080e-01
869, 6.646768e-01, 2.869981e-01
870, 6.666809e-01, 2.020653e-01
871, 6.669823e-01, 6.053545e-01
872, 6.674900e-01, 3.973200e-01
873, 6.684018e-01, 2.514204e-01
874, 6.685138e-01, 5.118814e-01
875, 6.689674e-01, 2.255661e-01
876, 6.726167e-01, 6.298678e-01
877, 6.728323e-01, 8.045166e-01
878, 6.730903e-01, 4.787848e-01
879, 6.731308e-01, 3.421179e-01
880, 6.739307e-01, 1.953976e-01
881, 6.739873e-01, 3.392408e-01
882, 6.743773e-01, 5.166894e-01
883, 6.745309e-01, 6.346686e-01
884, 6.747049e-01, 6.630213e-01
885, 6.754528e-01, 6.220343e-01
886, 6.755221e-01, 5.203606e-01
887, 6.761280e-01, 2.312637e-01
888, 6.776425e-01, 2.365391e-01
889, 6.784700e-01, 3.804416e-01
890, 6.813761e-01, 6.910844e-01
891, 6.818925e-01, 2.619412e-01
892, 6.823880e-01, 7.317253e-01
893, 6.829511e-01, 5.540130e-01
894, 6.831341e-01, 8.368230e-01
895, 6.835762e-01, 4.062724e-01
896, 6.836904e-01, 5.954521e-01
897, 6.839332e-01, 1.649397e-01
898, 6.839545e-01, 5.572043e-01
899, 6.841204e-01, 2.727942e-01
900, 6.841221e-01, 8.417256e-01
901, 6.843208e-01, 7.015430e-01
902, 6.845201e-01, 4.466301e-01
903, 6.849784e-01, 3.075352e-01
904, 6.855819e-01, 1.583310e-01
905, 6.862033e-01, 4.411515e-01
906, 6.862087e-01, 4.158375e-01
907, 6.872592e-01, 5.604988e-01
908, 6.875769e-01, 2.994134e-01
909, 6.879574e-01, 2.761789e-01
910, 6.879778e-01, 7.266228e-01
911, 6.888173e-01, 7.056897e-01
912, 6.890345e-01, 1.547861e-01
913, 6.894651e-01, 2.976291e-01
914, 6.899601e-01, 8.478296e-01
915, 6.907733e-01, 6.735860e-01
916, 6.912313e-01, 6.422171e-01
917, 6.915920e-01, 2.453249e-01
918, 6.916815e-01, 7.840367e-01
919, 6.927336e-01, 4.686732e-01
920, 6.933466e-01, 3.907481e-01
921, 6.935920e-01, 5.001908e-01
922, 6.939822e-01, 3.587827e-01
923, 6.941601e-01, 3.234893e-01
924, 6.942188e-01, 1.828785e-01
925, 6.943062e-01, 6.119688e-01
926, 6.944503e-01, 3.261069e-01
927, 6.965206e-01, 8.204697e-01
928, 6.971340e-01, 8.163116e-01
929, 6.976891e-01, 1.837466e-01
930, 6.976972e-01, 2.157532e-01
931, 6.991066e-01, 3.898495e-01
932, 7.004845e-01, 8.133917e-01
933, 7.007773e-01, 7.561361e-01
934, 7.008971e-01, 2.437605e-01
935, 7.010680e-01, 2.156585e-01
936, 7.010821e-01, 6.183306e-01
937, 7.012130e-01, 4.716234e-01
938, 7.014159e-01, 6.414567e-01
939, 7.027250e-01, 5.268381e-01
940, 7.029755e-01, 3.586985e-01
941, 7.032139e-01, 3.861769e-01
942, 7.035765e-01, 7.840664e-01
943, 7.036698e-01, 7.591146e-01
944, 7.040706e-01, 6.704077e-01
945, 7.042355e-01, 3.351482e-01
946, 7.042450e-01, 2.130997e-01
947, 7.043209e-01, 1.897091e-01
948, 7.044342e-01, 6.441214e-01
949, 7.056483e-01, 3.567389e-01
950, 7.085518e-01, 2.971102e-01
951, 7.113051e-01, 2.958409e-01
952, 7.127069e-01, 2.739165e-01
953, 7.128662e-01, 8.462191e-01
954, 7.129530e-01, 5.586164e-01
955, 7.134211e-01, 1.549346e-01
956, 7.134398e-01, 1.586168e-01
957, 7.138819e-01, 7.058425e-01
958, 7.140188e-01, 7.329978e-01
959, 7.144441e-01, 4.446066e-01
960, 7.144982e-01, 2.668154e-01
961, 7.145011e-01, 2.715464e-01
962, 7.162849e-01, 6.933349e-01
963, 7.166820e-01, 7.023201e-01
964, 7.171689e-01, 5.851791e-01
965, 7.219795e-01, 3.858157e-01
966, 7.222080e-01, 1.882710e-01
967, 7.225151e-01, 3.571201e-01
968, 7.228173e-01, 6.681491e-01
969, 7.229767e-01, 3.005928e-01
970, 7.230980e-01, 6.457747e-01
971, 7.237639e-01, 7.605775e-01
972, 7.239588e-01, 2.140871e-01
973, 7.244392e-01, 5.240420e-01
974, 7.252193e-01, 3.890831e-01
975, 7.254211e-01, 3.548906e-01
976, 7.255666e-01, 3.364061e-01
977, 7.263461e-01, 4.728506e-01
978, 7.274887e-01, 1.827966e-01
979, 7.275394e-01, 6.725084e-01
980, 7.275523e-01, 8.166342e-01
981, 7.292170e-01, 6.410737e-01
982, 7.293035e-01, 7.856227e-01
983, 7.297440e-01, 7.544499e-01
984, 7.303764e-01, 4.689128e-01
985, 7.304442e-01, 3.547963e-01
986, 7.309421e-01, 5.311937e-01
987, 7.331509e-01, 1.812218e-01
988, 7.336097e-01, 7.532322e-01
989, 7.338998e-01, 3.912120e-01
990, 7.344166e-01, 4.677721e-01
991, 7.348931e-01, 6.127251e-01
992, 7.350999e-01, 8.188180e-01
993, 7.352144e-01, 2.461294e-01
994, 7.365685e-01, 3.264604e-01
995, 7.366216e-01, 6.746253e-01
996, 7.370096e-01, 3.220277e-01
997, 7.383267e-01, 5.330867e-01
998, 7.385482e-01, 2.148659e-01
999, 7.388305e-01, 7.036913e-01
1000, 7.395543e-01, 4.998568e-01
1001, 7.398785e-01, 4.364852e-01
1002, 7.401085e-01, 1.526122e-01
1003, 7.401924e-01, 7.235980e-01
1004, 7.405735e-01, 5.623300e-01
1005, 7.419378e-01, 5.838334e-01
1006, 7.427671e-01, 8.454940e-01
1007, 7.441711e-01, 7.273356e-01
1008, 7.444527e-01, 2.739002e-01
1009, 7.445436e-01, 1.570978e-01
1010, 7.448788e-01, 4.104809e-01
1011, 7.449025e-01, 5.913635e-01
1012, 7.454383e-01, 8.357400e-01
1013, 7.454747e-01, 7.323697e-01
1014, 7.457608e-01, 1.607808e-01
1015, 7.464002e-01, 6.966918e-01
1016, 7.467075e-01, 3.069018e-01
1017, 7.468424e-01, 4.443708e-01
1018, 7.474939e-01, 6.936734e-01
1019, 7.475982e-01, 2.656827e-01
1020, 7.480405e-01, 5.549997e-01
1021, 7.491956e-01, 5.493855e-01
1022, 7.533277e-01, 2.081106e-01
1023, 7.540951e-01, 2.352259e-01
1024, 7.541914e-01, 8.064976e-01
1025, 7.542283e-01, 4.774176e-01
1026, 7.544186e-01, 2.243000e-01
1027, 7.544566e-01, 7.628649e-01
1028, 7.551232e-01, 5.244841e-01
1029, 7.554560e-01, 6.204933e-01
1030, 7.560790e-01, 6.648827e-01
1031, 7.560963e-01, 2.280672e-01
1032, 7.563578e-01, 1.927693e-01
1033, 7.565517e-01, 7.705589e-01
1034, 7.569884e-01, 3.765328e-01
1035, 7.577651e-01, 6.587758e-01
1036, 7.578831e-01, 1.976500e-01
1037, 7.586998e-01, 6.306407e-01
1038, 7.596561e-01, 3.464956e-01
1039, 7.614136e-01, 6.547200e-01
1040, 7.636458e-01, 5.392867e-01
1041, 7.645342e-01, 7.960276e-01
1042, 7.645584e-01, 7.781499e-01
1043, 7.651192e-01, 2.859049e-01
1044, 7.653306e-01, 6.819377e-01
1045, 7.657422e-01, 1.718837e-01
1046, 7.660318e-01, 7.441430e-01
1047, 7.665203e-01, 4.585762e-01
1048, 7.678754e-01, 3.159012e-01
1049, 7.680498e-01, 3.923441e-01
1050, 7.681297e-01, 7.145188e-01
1051, 7.683914e-01, 3.955793e-01
1052, 7.684743e-01, 1.690619e-01
1053, 7.685150e-01, 4.283370e-01
1054, 7.697903e-01, 6.829649e-01
1055, 7.710636e-01, 8.283167e-01
1056, 7.713440e-01, 3.149647e-01
1057, 7.719409e-01, 2.860169e-01
1058, 7.737844e-01, 3.125312e-01
1059, 7.738647e-01, 6.869133e-01
1060, 7.740670e-01, 7.417501e-01
1061, 7.747804e-01, 6.059586e-01
1062, 7.749581e-01, 2.884473e-01
1063, 7.758242e-01, 2.522917e-01
1064, 7.767967e-01, 4.050539e-01
1065, 7.802286e-01, 3.708047e-01
1066, 7.813463e-01, 1.984528e-01
1067, 7.816797e-01, 3.446397e-01
1068, 7.820444e-01, 3.340351e-01
1069, 7.827959e-01, 7.786720e-01
1070, 7.834370e-01, 3.693750e-01
1071, 7.834825e-01, 7.957801e-01
1072, 7.840381e-01, 6.596151e-01
1073, 7.846855e-01, 3.487779e-01
1074, 7.853342e-01, 6.314028e-01
1075, 7.854482e-01, 4.903673e-01
1076, 7.859695e-01, 4.817408e-01
1077, 7.865617e-01, 2.006467e-01
1078, 7.869674e-01, 5.111955e-01
1079, 7.871471e-01, 5.158888e-01
1080, 7.872138e-01, 2.341913e-01
1081, 7.874309e-01, 2.287670e-01
1082, 7.886577e-01, 7.711951e-01
1083, 7.886849e-01, 7.640114e-01
1084, 7.891950e-01, 3.719656e-01
1085, 7.934361e-01, 6.055465e-01
1086, 7.937094e-01, 4.301198e-01
1087, 7.947254e-01, 3.126646e-01
1088, 7.958935e-01, 4.536766e-01
1089, 7.964308e-01, 7.142820e-01
1090, 7.964829e-01, 2.885740e-01
1091, 7.969905e-01, 6.866871e-01
1092, 7.972142e-01, 3.114359e-01
1093, 7.975351e-01, 4.267223e-01
1094, 7.981560e-01, 2.528731e-01
1095, 7.983925e-01, 4.051461e-01
1096, 7.986946e-01, 8.275804e-01
1097, 7.990830e-01, 7.418258e-01
1098, 7.995568e-01, 5.448794e-01
1099, 7.995805e-01, 6.841027e-01
1100, 8.008762e-01, 8.253734e-01
1101, 8.010807e-01, 1.723112e-01
1102, 8.011216e-01, 7.438636e-01
1103, 8.036929e-01, 7.445434e-01
1104, 8.059802e-01, 8.239913e-01
1105, 8.065156e-01, 3.507274e-01
1106, 8.085082e-01, 3.717029e-01
1107, 8.086674e-01, 6.819978e-01
1108, 8.095096e-01, 1.732378e-01
1109, 8.104173e-01, 3.143592e-01
1110, 8.106653e-01, 5.118005e-01
1111, 8.113461e-01, 4.909424e-01
1112, 8.134157e-01, 6.520180e-01
1113, 8.138947e-01, 6.325561e-01
1114, 8.145412e-01, 2.010837e-01
1115, 8.162295e-01, 8.000637e-01
1116, 8.162730e-01, 4.859499e-01
1117, 8.163784e-01, 7.680109e-01
1118, 8.163888e-01, 3.788160e-01
1119, 8.170373e-01, 6.557225e-01
1120, 8.173051e-01, 6.288865e-01
1121, 8.174034e-01, 8.044034e-01
1122, 8.174916e-01, 4.800668e-01
1123, 8.181331e-01, 6.253444e-01
1124, 8.181891e-01, 1.974374e-01
1125, 8.193246e-01, 6.635325e-01
1126, 8.202276e-01, 1.912073e-01
1127, 8.232387e-01, 4.081251e-01
1128, 8.236820e-01, 3.793575e-01
1129, 8.238529e-01, 1.644834e-01
1130, 8.239611e-01, 3.333144e-01
1131, 8.242388e-01, 6.904296e-01
1132, 8.244474e-01, 4.117218e-01
1133, 8.252923e-01, 3.063016e-01
1134, 8.253824e-01, 1.598102e-01
1135, 8.257463e-01, 2.742114e-01
1136, 8.264895e-01, 2.683450e-01
1137, 8.267212e-01, 6.988783e-01
1138, 8.267230e-01, 3.014346e-01
1139, 8.272242e-01, 2.709492e-01
1140, 8.274718e-01, 8.367179e-01
1141, 8.291032e-01, 4.474231e-01
1142, 8.294373e-01, 2.984990e-01
1143, 8.297450e-01, 4.434538e-01
1144, 8.298913e-01, 4.173818e-01
1145, 8.314191e-01, 7.250106e-01
1146, 8.316503e-01, 7.033822e-01
1147, 8.342500e-01, 6.726983e-01
1148, 8.343503e-01, 1.522281e-01
1149, 8.347612e-01, 1.840609e-01
1150, 8.357057e-01, 3.874594e-01
1151, 8.358680e-01, 3.265156e-01
1152, 8.371579e-01, 5.304210e-01
1153, 8.378480e-01, 4.680711e-01
1154, 8.387270e-01, 3.273286e-01
1155, 8.388463e-01, 7.499900e-01
1156, 8.389044e-01, 6.067498e-01
1157, 8.394333e-01, 1.853548e-01
1158, 8.394930e-01, 6.133895e-01
1159, 8.396475e-01, 7.570279e-01
1160, 8.402032e-01, 5.010183e-01
1161, 8.403917e-01, 2.447199e-01
1162, 8.407648e-01, 6.391428e-01
1163, 8.413775e-01, 1.871169e-01
1164, 8.417812e-01, 6.158813e-01
1165, 8.422456e-01, 6.422275e-01
1166, 8.430308e-01, 2.423369e-01
1167, 8.433166e-01, 2.185294e-01
1168, 8.434750e-01, 4.701143e-01
1169, 8.438689e-01, 8.129579e-01
1170, 8.439598e-01, 3.678219e-01
1171, 8.444004e-01, 3.851615e-01
1172, 8.444658e-01, 3.332496e-01
1173, 8.446685e-01, 5.009053e-01
1174, 8.447493e-01, 6.442470e-01
1175, 8.449656e-01, 2.155219e-01
1176, 8.452054e-01, 3.478381e-01
1177, 8.468663e-01, 7.636980e-01
1178, 1.553294e-01, 4.720019e-01
1179, 1.602952e-01, 2.451287e-01
1180, 1.589730e-01, 3.535013e-01
1181, 1.586704e-01, 6.742824e-01
1182, 1.583256e-01, 2.170874e-01
1183, 1.752882e-01, 7.293121e-01
1184, 1.852988e-01, 1.977974e-01
1185, 1.854130e-01, 2.297028e-01
1186, 1.969942e-01, 2.550270e-01
1187, 1.876318e-01, 3.711766e-01
1188, 1.986008e-01, 5.386216e-01
1189, 2.027939e-01, 1.700647e-01
1190, 2.017686e-01, 4.299449e-01
1191, 2.020323e-01, 5.752869e-01
1192, 2.001379e-01, 7.136457e-01
1193, 2.021962e-01, 7.419861e-01
1194, 2.144086e-01, 2.280944e-01
1195, 2.183689e-01, 4.826874e-01
1196, 2.168910e-01, 6.310401e-01
1197, 2.161154e-01, 6.536641e-01
1198, 2.277341e-01, 7.427807e-01
1199, 2.279827e-01, 1.717170e-01
1200, 2.318233e-01, 2.535009e-01
1201, 2.264323e-01, 4.287500e-01
1202, 2.300258e-01, 6.829171e-01
1203, 2.282777e-01, 5.734441e-01
1204, 2.540612e-01, 4.130665e-01
1205, 2.334923e-01, 4.601636e-01
1206, 2.451638e-01, 8.018528e-01
1207, 2.448872e-01, 1.950152e-01
1208, 2.424995e-01, 3.425451e-01
1209, 2.439793e-01, 6.233302e-01
1210, 2.439081e-01, 6.634935e-01
1211, 2.546911e-01, 1.593539e-01
1212, 2.556714e-01, 2.731138e-01
1213, 2.572359e-01, 8.404886e-01
1214, 2.832612e-01, 1.520817e-01
1215, 2.729399e-01, 2.428277e-01
1216, 2.749872e-01, 6.431706e-01
1217, 2.741037e-01, 8.134081e-01
1218, 2.969874e-01, 2.417131e-01
1219, 2.973688e-01, 3.284496e-01
1220, 2.844387e-01, 4.416595e-01
1221, 2.887873e-01, 8.434765e-01
1222, 2.978677e-01, 6.706730e-01
1223, 3.001321e-01, 6.408016e-01
1224, 3.046576e-01, 5.338699e-01
1225, 3.171815e-01, 4.100328e-01
1226, 3.170642e-01, 4.464816e-01
1227, 3.173180e-01, 7.005951e-01
1228, 3.404805e-01, 2.544572e-01
1229, 3.390372e-01, 5.394845e-01
1230, 3.277329e-01, 8.023908e-01
1231, 3.439094e-01, 6.857048e-01
1232, 3.591993e-01, 2.039929e-01
1233, 3.688642e-01, 1.708444e-01
1234, 3.554853e-01, 5.134857e-01
1235, 3.566359e-01, 6.310617e-01
1236, 3.593223e-01, 7.697653e-01
1237, 3.715715e-01, 2.574189e-01
1238, 3.707229e-01, 4.294531e-01
1239, 3.762266e-01, 6.016719e-01
1240, 3.769877e-01, 7.452343e-01
1241, 3.739803e-01, 5.412231e-01
1242, 3.863546e-01, 5.158486e-01
1243, 3.864464e-01, 3.666302e-01
1244, 3.866271e-01, 4.840343e-01
1245, 4.152054e-01, 6.412308e-01
1246, 3.883373e-01, 8.047523e-01
1247, 3.958414e-01, 1.612407e-01
1248, 3.992305e-01, 5.557679e-01
1249, 4.183268e-01, 2.395483e-01
1250, 4.271162e-01, 1.573427e-01
1251, 4.320525e-01, 2.970274e-01
1252, 4.286009e-01, 7.001275e-01
1253, 4.298001e-01, 7.249202e-01
1254, 4.280962e-01, 8.478818e-01
1255, 4.459728e-01, 3.261279e-01
1256, 4.411759e-01, 5.023423e-01
1257, 4.681336e-01, 6.262700e-01
1258, 4.667906e-01, 8.043121e-01
1259, 4.543605e-01, 2.977693e-01
1260, 4.575054e-01, 4.129467e-01
1261, 4.570978e-01, 5.856607e-01
1262, 4.573328e-01, 7.279899e-01
1263, 4.603302e-01, 8.382321e-01
1264, 4.715708e-01, 2.313019e-01
1265, 4.703477e-01, 3.733544e-01
1266, 4.713557e-01, 4.863974e-01
1267, 4.674138e-01, 6.630865e-01
1268, 4.993379e-01, 3.477295e-01
1269, 4.849169e-01, 3.983366e-01
1270, 4.837300e-01, 4.240291e-01
1271, 4.994278e-01, 4.877053e-01
1272, 4.867975e-01, 7.187661e-01
1273, 5.120537e-01, 5.998427e-01
1274, 5.177501e-01, 2.536214e-01
1275, 5.389650e-01, 4.504935e-01
1276, 5.402743e-01, 5.851238e-01
1277, 5.294598e-01, 3.427084e-01
1278, 5.266979e-01, 7.981454e-01
1279, 5.313941e-01, 7.681445e-01
1280, 5.284649e-01, 2.321062e-01
1281, 5.546608e-01, 6.454405e-01
1282, 5.587619e-01, 1.866318e-01
1283, 5.586487e-01, 2.102488e-01
1284, 5.605823e-01, 3.579198e-01
1285, 5.709547e-01, 2.985127e-01
1286, 5.728656e-01, 8.476807e-01
1287, 5.872284e-01, 3.884066e-01
1288, 5.842549e-01, 2.139249e-01
1289, 5.906171e-01, 8.152628e-01
1290, 6.097109e-01, 8.030376e-01
1291, 6.017664e-01, 2.695517e-01
1292, 6.078625e-01, 2.300580e-01
1293, 6.304834e-01, 2.862933e-01
1294, 6.249580e-01, 3.955704e-01
1295, 6.315288e-01, 8.301735e-01
1296, 6.420915e-01, 3.421997e-01
1297, 6.397269e-01, 3.710816e-01
1298, 6.563506e-01, 5.426001e-01
1299, 6.449592e-01, 7.699303e-01
1300, 6.591789e-01, 4.586517e-01
1301, 6.572484e-01, 7.417703e-01
1302, 6.550354e-01, 8.283786e-01
1303, 6.716925e-01, 7.710854e-01
1304, 6.755146e-01, 3.700831e-01
1305, 6.703652e-01, 4.852948e-01
1306, 6.725985e-01, 6.559048e-01
1307, 6.710282e-01, 8.004417e-01
1308, 6.970993e-01, 5.322346e-01
1309, 6.860812e-01, 5.842171e-01
1310, 7.020463e-01, 5.003410e-01
1311, 7.118802e-01, 4.144516e-01
1312, 7.143795e-01, 4.377780e-01
1313, 7.141480e-01, 5.834409e-01
1314, 7.145247e-01, 7.250004e-01
1315, 7.270847e-01, 2.438553e-01
1316, 7.263883e-01, 5.011076e-01
1317, 7.292638e-01, 6.152949e-01
1318, 7.246050e-01, 7.844178e-01
1319, 7.441932e-01, 2.992785e-01
1320, 7.430987e-01, 4.171081e-01
1321, 7.700425e-01, 5.698022e-01
1322, 7.676970e-01, 2.559480e-01
1323, 7.536300e-01, 3.397307e-01
1324, 7.590728e-01, 3.690664e-01
1325, 7.579371e-01, 4.903985e-01
1326, 7.583763e-01, 5.093114e-01
1327, 7.661472e-01, 6.025595e-01
1328, 7.668204e-01, 8.250633e-01
1329, 7.740301e-01, 4.287511e-01
1330, 7.729696e-01, 4.564379e-01
1331, 7.729729e-01, 5.420874e-01
1332, 7.750896e-01, 7.142033e-01
1333, 7.834372e-01, 6.281443e-01
1334, 7.844702e-01, 6.552295e-01
1335, 7.867312e-01, 7.994446e-01
1336, 8.047920e-01, 4.001663e-01
1337, 8.000837e-01, 5.690231e-01
1338, 8.041242e-01, 6.008219e-01
1339, 8.000694e-01, 7.163590e-01
1340, 8.017894e-01, 2.840096e-01
1341, 8.026805e-01, 2.556728e-01
1342, 8.022417e-01, 4.603433e-01
1343, 8.023800e-01, 5.410228e-01
1344, 8.237732e-01, 7.312552e-01
1345, 8.158735e-01, 2.307350e-01
1346, 8.166843e-01, 5.183480e-01
1347, 8.160680e-01, 7.720514e-01
1348, 8.272017e-01, 5.555628e-01
1349, 8.278284e-01, 5.874973e-01
1350, 8.289913e-01, 8.419064e-01
1351, 8.399486e-01, 8.163963e-01
1352, 8.446018e-01, 5.287807e-01
1353, 8.462226e-01, 6.700424e-01
1354, 8.446825e-01, 7.865977e-01
1355, 1.500000e-01, 1.859174e-01
1356, 1.500000e-01, 2.132023e-01
1357, 1.500000e-01, 2.415170e-01
1358, 1.500000e-01, 3.278179e-01
1359, 1.500000e-01, 3.571020e-01
1360, 1.500000e-01, 3.867708e-01
1361, 1.500000e-01, 4.717722e-01
1362, 1.500000e-01, 5.254232e-01
1363, 1.500000e-01, 6.143227e-01
1364, 1.500000e-01, 6.441387e-01
1365, 1.500000e-01, 6.697419e-01
1366, 1.500000e-01, 7.584087e-01
1367, 1.500000e-01, 8.123278e-01
1368, 1.500000e-01, 1.611630e-01
1369, 1.500000e-01, 1.555032e-01
1370, 1.500000e-01, 2.656610e-01
1371, 1.500000e-01, 2.706260e-01
1372, 1.500000e-01, 3.162212e-01
1373, 1.500000e-01, 3.006763e-01
1374, 1.500000e-01, 3.968664e-01
1375, 1.500000e-01, 4.194236e-01
1376, 1.500000e-01, 4.632488e-01
1377, 1.500000e-01, 4.405352e-01
1378, 1.500000e-01, 5.366519e-01
1379, 1.500000e-01, 5.596182e-01
1380, 1.500000e-01, 6.039259e-01
1381, 1.500000e-01, 5.857824e-01
1382, 1.500000e-01, 6.861968e-01
1383, 1.500000e-01, 7.039793e-01
1384, 1.500000e-01, 7.482148e-01
1385, 1.500000e-01, 7.226093e-01
1386, 1.500000e-01, 8.399754e-01
1387, 1.500000e-01, 8.417454e-01
1388, 1.661890e-01, 1.500000e-01
1389, 1.734097e-01, 8.500000e-01
1390, 1.923018e-01, 1.500000e-01
1391, 1.860876e-01, 8.500000e-01
1392, 2.037524e-01, 1.500000e-01
1393, 1.962824e-01, 8.500000e-01
1394, 2.259630e-01, 1.500000e-01
1395, 2.277798e-01, 8.500000e-01
1396, 2.397846e-01, 1.500000e-01
1397, 2.426234e-01, 8.500000e-01
1398, 2.593138e-01, 1.500000e-01
1399, 2.577181e-01, 8.500000e-01
1400, 2.833590e-01, 1.500000e-01
1401, 2.885165e-01, 8.500000e-01
1402, 3.177540e-01, 1.500000e-01
1403, 3.117906e-01, 8.500000e-01
1404, 3.302462e-01, 1.500000e-01
1405, 3.270309e-01, 8.500000e-01
1406, 3.456886e-01, 1.500000e-01
1407, 3.462073e-01, 8.500000e-01
1408, 3.700010e-01, 1.500000e-01
1409, 3.690945e-01, 8.500000e-01
1410, 3.810938e-01, 1.500000e-01
1411, 3.851196e-01, 8.500000e-01
1412, 3.986941e-01, 1.500000e-01
1413, 4.044827e-01, 8.500000e-01
1414, 4.066688e-01, 8.500000e-01
1415, 4.320047e-01, 1.500000e-01
1416, 4.279560e-01, 8.500000e-01
1417, 4.539570e-01, 8.500000e-01
1418, 4.835920e-01, 1.500000e-01
1419, 4.804405e-01, 8.500000e-01
1420, 4.861064e-01, 1.500000e-01
1421, 4.864366e-01, 8.500000e-01
1422, 5.111686e-01, 1.500000e-01
1423, 5.103872e-01, 8.500000e-01
1424, 5.255656e-01, 1.500000e-01
1425, 5.255841e-01, 8.500000e-01
1426, 5.432130e-01, 1.500000e-01
1427, 5.453841e-01, 8.500000e-01
1428, 5.728709e-01, 1.500000e-01
1429, 5.729116e-01, 8.500000e-01
1430, 5.964263e-01, 1.500000e-01
1431, 5.965744e-01, 8.500000e-01
1432, 6.191215e-01, 1.500000e-01
1433, 6.218427e-01, 8.500000e-01
1434, 6.287958e-01, 1.500000e-01
1435, 6.302944e-01, 8.500000e-01
1436, 6.540439e-01, 1.500000e-01
1437, 6.553787e-01, 8.500000e-01
1438, 6.738656e-01, 1.500000e-01
1439, 6.688958e-01, 8.500000e-01
1440, 6.885850e-01, 1.500000e-01
1441, 6.898137e-01, 8.500000e-01
1442, 7.139210e-01, 1.500000e-01
1443, 7.130987e-01, 8.500000e-01
1444, 7.402410e-01, 1.500000e-01
1445, 7.428077e-01, 8.500000e-01
1446, 7.570189e-01, 1.500000e-01
1447, 7.523260e-01, 8.500000e-01
1448, 7.702031e-01, 1.500000e-01
1449, 7.722480e-01, 8.500000e-01
1450, 8.006888e-01, 1.500000e-01
1451, 7.977061e-01, 8.500000e-01
1452, 8.121833e-01, 1.500000e-01
1453, 8.174046e-01, 8.500000e-01
1454, 8.342979e-01, 1.500000e-01
1455, 8.500000e-01, 1.532420e-01
1456, 8.500000e-01, 2.687385e-01
1457, 8.500000e-01, 2.987581e-01
1458, 8.500000e-01, 4.188271e-01
1459, 8.500000e-01, 4.408282e-01
1460, 8.500000e-01, 5.558531e-01
1461, 8.500000e-01, 5.869690e-01
1462, 8.500000e-01, 7.030832e-01
1463, 8.500000e-01, 7.268033e-01
1464, 8.287473e-01, 8.500000e-01
1465, 8.500000e-01, 8.429823e-01
1466, 8.500000e-01, 1.634110e-01
1467, 8.500000e-01, 1.864923e-01
1468, 8.500000e-01, 2.156368e-01
1469, 8.500000e-01, 2.661758e-01
1470, 8.500000e-01, 2.417072e-01
1471, 8.500000e-01, 3.123751e-01
1472, 8.500000e-01, 3.326370e-01
1473, 8.500000e-01, 3.955548e-01
1474, 8.500000e-01, 3.853016e-01
1475, 8.500000e-01, 4.591416e-01
1476, 8.500000e-01, 4.699835e-01
1477, 8.500000e-01, 5.011592e-01
1478, 8.500000e-01, 5.396746e-01
1479, 8.500000e-01, 5.285981e-01
1480, 8.500000e-01, 5.890606e-01
1481, 8.500000e-01, 6.159581e-01
1482, 8.500000e-01, 6.441956e-01
1483, 8.500000e-01, 6.774741e-01
1484, 8.500000e-01, 6.701440e-01
1485, 8.500000e-01, 7.298461e-01
1486, 8.500000e-01, 7.635566e-01
1487, 8.500000e-01, 7.861096e-01
1488, 8.500000e-01, 8.299483e-01
1489, 8.500000e-01, 8.137001e-01
1490, 1.507828e-01, 4.994598e-01
1491, 1.505031e-01, 7.856293e-01
1492, 4.518682e-01, 1.500027e-01
1493, 8.496270e-01, 3.571151e-01
