1, 1.520629e-01, 7.242627e-01
2, 1.530744e-01, 4.914297e-01
3, 1.532205e-01, 6.946980e-01
4, 1.541150e-01, 4.640601e-01
5, 1.549558e-01, 6.912246e-01
6, 1.551821e-01, 5.780784e-01
7, 1.551876e-01, 7.241969e-01
8, 1.555253e-01, 6.044069e-01
9, 1.556359e-01, 4.593249e-01
10, 1.561024e-01, 5.736986e-01
11, 1.571164e-01, 7.220444e-01
12, 1.579240e-01, 2.577700e-01
13, 1.617355e-01, 8.265756e-01
14, 1.636258e-01, 1.770762e-01
15, 1.651961e-01, 3.865766e-01
16, 1.660976e-01, 5.231324e-01
17, 1.661790e-01, 5.461186e-01
18, 1.671279e-01, 4.218721e-01
19, 1.673955e-01, 3.910637e-01
20, 1.675857e-01, 7.473700e-01
21, 1.678242e-01, 6.666139e-01
22, 1.679886e-01, 6.342579e-01
23, 1.695763e-01, 7.819398e-01
24, 1.702719e-01, 5.191195e-01
25, 1.707172e-01, 5.506315e-01
26, 1.710668e-01, 5.154871e-01
27, 1.717132e-01, 7.520694e-01
28, 1.721577e-01, 6.357434e-01
29, 1.725329e-01, 6.647112e-01
30, 1.738317e-01, 5.512716e-01
31, 1.750667e-01, 6.342049e-01
32, 1.754636e-01, 3.529230e-01
33, 1.770119e-01, 3.152443e-01
34, 1.778700e-01, 2.280576e-01
35, 1.778880e-01, 2.309624e-01
36, 1.782329e-01, 2.052641e-01
37, 1.783773e-01, 1.988108e-01
38, 1.806066e-01, 3.139676e-01
39, 1.831328e-01, 6.050675e-01
40, 1.838463e-01, 5.784877e-01
41, 1.845816e-01, 4.456113e-01
42, 1.863364e-01, 7.236997e-01
43, 1.864486e-01, 7.208238e-01
44, 1.870528e-01, 3.737316e-01
45, 1.873201e-01, 6.096048e-01
46, 1.891069e-01, 8.093326e-01
47, 1.899384e-01, 1.713746e-01
48, 1.908042e-01, 4.074718e-01
49, 1.917622e-01, 5.013808e-01
50, 1.925152e-01, 2.597778e-01
51, 1.937493e-01, 4.070994e-01
52, 1.951685e-01, 1.769929e-01
53, 1.955651e-01, 2.583996e-01
54, 1.964737e-01, 4.040148e-01
55, 1.969764e-01, 5.036197e-01
56, 1.972236e-01, 6.649062e-01
57, 1.984407e-01, 5.061770e-01
58, 2.002275e-01, 7.752683e-01
59, 2.003829e-01, 7.531340e-01
60, 2.004600e-01, 6.633119e-01
61, 2.005545e-01, 6.350146e-01
62, 2.009072e-01, 7.491986e-01
63, 2.017558e-01, 6.313971e-01
64, 2.068152e-01, 6.650715e-01
65, 2.068831e-01, 4.283400e-01
66, 2.069203e-01, 4.644268e-01
67, 2.069836e-01, 2.012379e-01
68, 2.070685e-01, 2.292276e-01
69, 2.073013e-01, 3.456868e-01
70, 2.073450e-01, 4.331604e-01
71, 2.078703e-01, 4.612840e-01
72, 2.080699e-01, 1.961822e-01
73, 2.093568e-01, 5.615659e-01
74, 2.100230e-01, 5.563205e-01
75, 2.101222e-01, 3.422382e-01
76, 2.105825e-01, 4.363628e-01
77, 2.109216e-01, 4.585853e-01
78, 2.123636e-01, 5.656178e-01
79, 2.141275e-01, 8.378132e-01
80, 2.152578e-01, 8.087689e-01
81, 2.174449e-01, 6.930550e-01
82, 2.184233e-01, 8.077433e-01
83, 2.188840e-01, 6.890657e-01
84, 2.213669e-01, 2.888472e-01
85, 2.222771e-01, 7.247007e-01
86, 2.226262e-01, 4.002592e-01
87, 2.231162e-01, 3.767554e-01
88, 2.231937e-01, 5.210639e-01
89, 2.232389e-01, 3.714870e-01
90, 2.249051e-01, 4.032132e-01
91, 2.249264e-01, 4.062910e-01
92, 2.256954e-01, 6.186308e-01
93, 2.263806e-01, 6.149859e-01
94, 2.271494e-01, 2.907969e-01
95, 2.275117e-01, 5.170222e-01
96, 2.280769e-01, 4.912243e-01
97, 2.291850e-01, 6.493996e-01
98, 2.302519e-01, 6.522350e-01
99, 2.305985e-01, 7.771848e-01
100, 2.310155e-01, 7.522060e-01
101, 2.336415e-01, 7.451657e-01
102, 2.338592e-01, 3.407764e-01
103, 2.351200e-01, 5.439514e-01
104, 2.357801e-01, 3.187696e-01
105, 2.378711e-01, 4.369523e-01
106, 2.381397e-01, 2.179731e-01
107, 2.383157e-01, 3.161384e-01
108, 2.391178e-01, 3.123590e-01
109, 2.405885e-01, 4.317955e-01
110, 2.407251e-01, 5.461938e-01
111, 2.465875e-01, 8.081216e-01
112, 2.480193e-01, 8.041446e-01
113, 2.489286e-01, 2.428667e-01
114, 2.501445e-01, 2.396661e-01
115, 2.514210e-01, 2.756722e-01
116, 2.539786e-01, 6.389293e-01
117, 2.540694e-01, 3.760879e-01
118, 2.553216e-01, 6.340563e-01
119, 2.554267e-01, 3.709894e-01
120, 2.562870e-01, 7.349752e-01
121, 2.579066e-01, 6.312944e-01
122, 2.584370e-01, 6.074051e-01
123, 2.616972e-01, 2.972018e-01
124, 2.627917e-01, 1.733566e-01
125, 2.629278e-01, 1.990509e-01
126, 2.666421e-01, 4.583306e-01
127, 2.666639e-01, 2.993571e-01
128, 2.678915e-01, 4.339516e-01
129, 2.682906e-01, 3.027155e-01
130, 2.699825e-01, 4.614970e-01
131, 2.701191e-01, 7.877414e-01
132, 2.703801e-01, 2.276013e-01
133, 2.717750e-01, 5.498246e-01
134, 2.719761e-01, 6.647814e-01
135, 2.729529e-01, 5.763756e-01
136, 2.731466e-01, 6.896062e-01
137, 2.734944e-01, 7.890883e-01
138, 2.736051e-01, 4.624130e-01
139, 2.759418e-01, 7.939923e-01
140, 2.770604e-01, 2.295531e-01
141, 2.774201e-01, 3.867939e-01
142, 2.789611e-01, 3.896527e-01
143, 2.799350e-01, 3.574247e-01
144, 2.811355e-01, 2.553034e-01
145, 2.811437e-01, 2.338362e-01
146, 2.814936e-01, 3.602885e-01
147, 2.834853e-01, 3.916791e-01
148, 2.838053e-01, 5.185989e-01
149, 2.841629e-01, 7.550114e-01
150, 2.843144e-01, 4.922897e-01
151, 2.848042e-01, 6.310153e-01
152, 2.853581e-01, 6.065410e-01
153, 2.859086e-01, 5.993743e-01
154, 2.865346e-01, 4.850478e-01
155, 2.870535e-01, 6.338483e-01
156, 2.871369e-01, 7.471220e-01
157, 2.878670e-01, 7.214540e-01
158, 2.878725e-01, 8.465698e-01
159, 2.895218e-01, 5.199417e-01
160, 2.907277e-01, 1.982298e-01
161, 2.927506e-01, 3.183032e-01
162, 2.948128e-01, 4.144909e-01
163, 2.957495e-01, 3.153541e-01
164, 2.967296e-01, 7.761729e-01
165, 2.971794e-01, 5.480942e-01
166, 2.983097e-01, 4.199129e-01
167, 2.987534e-01, 6.872033e-01
168, 2.995551e-01, 6.619215e-01
169, 2.995723e-01, 6.583803e-01
170, 3.014578e-01, 5.438433e-01
171, 3.020904e-01, 7.772194e-01
172, 3.022493e-01, 6.917642e-01
173, 3.040070e-01, 8.047660e-01
174, 3.047356e-01, 7.798764e-01
175, 3.067760e-01, 3.765050e-01
176, 3.078530e-01, 2.313752e-01
177, 3.079609e-01, 2.579893e-01
178, 3.094426e-01, 2.258792e-01
179, 3.096598e-01, 2.290570e-01
180, 3.098607e-01, 3.722834e-01
181, 3.108643e-01, 3.461272e-01
182, 3.122532e-01, 5.050283e-01
183, 3.127153e-01, 4.756661e-01
184, 3.135691e-01, 6.316227e-01
185, 3.152756e-01, 6.013622e-01
186, 3.157210e-01, 7.242496e-01
187, 3.160491e-01, 6.342875e-01
188, 3.164628e-01, 7.460438e-01
189, 3.183446e-01, 7.159812e-01
190, 3.185724e-01, 7.204636e-01
191, 3.203820e-01, 8.374289e-01
192, 3.207649e-01, 2.040815e-01
193, 3.237387e-01, 1.701061e-01
194, 3.247918e-01, 1.654914e-01
195, 3.252604e-01, 5.310607e-01
196, 3.257749e-01, 2.016696e-01
197, 3.258647e-01, 5.266491e-01
198, 3.258695e-01, 3.109745e-01
199, 3.259366e-01, 1.744662e-01
200, 3.260271e-01, 2.902199e-01
201, 3.285238e-01, 6.921211e-01
202, 3.316030e-01, 7.751933e-01
203, 3.316444e-01, 6.905036e-01
204, 3.334786e-01, 2.326893e-01
205, 3.344216e-01, 6.913790e-01
206, 3.345799e-01, 2.564621e-01
207, 3.359921e-01, 4.538445e-01
208, 3.361312e-01, 4.567938e-01
209, 3.363499e-01, 4.925376e-01
210, 3.370664e-01, 2.588019e-01
211, 3.376608e-01, 4.879169e-01
212, 3.382798e-01, 3.439723e-01
213, 3.383328e-01, 3.394365e-01
214, 3.404038e-01, 4.853201e-01
215, 3.408541e-01, 4.615499e-01
216, 3.423092e-01, 5.861536e-01
217, 3.431314e-01, 2.601289e-01
218, 3.443107e-01, 5.890738e-01
219, 3.466534e-01, 7.487582e-01
220, 3.493677e-01, 5.131718e-01
221, 3.506831e-01, 2.897366e-01
222, 3.513031e-01, 1.897083e-01
223, 3.513764e-01, 4.024153e-01
224, 3.514129e-01, 7.504969e-01
225, 3.514567e-01, 3.136642e-01
226, 3.514735e-01, 1.847095e-01
227, 3.521527e-01, 4.299821e-01
228, 3.539520e-01, 5.486703e-01
229, 3.545516e-01, 5.448160e-01
230, 3.547249e-01, 5.143545e-01
231, 3.554083e-01, 1.529253e-01
232, 3.554155e-01, 4.041021e-01
233, 3.562147e-01, 6.735554e-01
234, 3.565776e-01, 6.434219e-01
235, 3.570536e-01, 5.168331e-01
236, 3.589080e-01, 6.466029e-01
237, 3.589948e-01, 6.789046e-01
238, 3.602012e-01, 7.793202e-01
239, 3.636323e-01, 2.125360e-01
240, 3.648682e-01, 2.433829e-01
241, 3.649991e-01, 2.467785e-01
242, 3.654449e-01, 3.728965e-01
243, 3.672752e-01, 3.446469e-01
244, 3.673377e-01, 6.078309e-01
245, 3.682290e-01, 3.713426e-01
246, 3.683194e-01, 3.413979e-01
247, 3.683992e-01, 4.627495e-01
248, 3.684152e-01, 6.037786e-01
249, 3.707307e-01, 4.540931e-01
250, 3.707536e-01, 4.596936e-01
251, 3.708634e-01, 6.013962e-01
252, 3.722262e-01, 7.336511e-01
253, 3.738781e-01, 7.362643e-01
254, 3.740872e-01, 3.722332e-01
255, 3.757803e-01, 1.723495e-01
256, 3.764479e-01, 1.692158e-01
257, 3.774033e-01, 8.365787e-01
258, 3.794593e-01, 3.033067e-01
259, 3.798796e-01, 6.296078e-01
260, 3.805610e-01, 8.335838e-01
261, 3.806199e-01, 4.047100e-01
262, 3.818962e-01, 4.280622e-01
263, 3.831594e-01, 3.031048e-01
264, 3.854282e-01, 4.313458e-01
265, 3.871030e-01, 5.454116e-01
266, 3.880678e-01, 7.934214e-01
267, 3.886316e-01, 4.323242e-01
268, 3.890272e-01, 7.604105e-01
269, 3.894179e-01, 1.971101e-01
270, 3.915415e-01, 3.578125e-01
271, 3.920231e-01, 7.871246e-01
272, 3.927479e-01, 3.605075e-01
273, 3.930915e-01, 1.982799e-01
274, 3.933544e-01, 3.298770e-01
275, 3.955251e-01, 3.267155e-01
276, 3.957712e-01, 3.237287e-01
277, 3.976558e-01, 4.852504e-01
278, 3.977419e-01, 3.626899e-01
279, 3.988205e-01, 6.061501e-01
280, 3.988205e-01, 6.005185e-01
281, 4.001969e-01, 4.878142e-01
282, 4.035225e-01, 8.168683e-01
283, 4.051397e-01, 4.892411e-01
284, 4.060299e-01, 2.902428e-01
285, 4.064613e-01, 8.177612e-01
286, 4.068410e-01, 2.871371e-01
287, 4.069361e-01, 1.676113e-01
288, 4.091870e-01, 4.106209e-01
289, 4.095274e-01, 1.707046e-01
290, 4.108831e-01, 3.847299e-01
291, 4.110088e-01, 2.569142e-01
292, 4.119898e-01, 2.824091e-01
293, 4.121422e-01, 5.193853e-01
294, 4.124114e-01, 3.875037e-01
295, 4.125913e-01, 6.330280e-01
296, 4.130924e-01, 5.405322e-01
297, 4.163271e-01, 5.436904e-01
298, 4.163363e-01, 6.348536e-01
299, 4.169961e-01, 5.507365e-01
300, 4.184415e-01, 5.122774e-01
301, 4.227249e-01, 3.358988e-01
302, 4.234551e-01, 3.507713e-01
303, 4.258860e-01, 3.410136e-01
304, 4.272198e-01, 8.308874e-01
305, 4.284663e-01, 4.748656e-01
306, 4.285611e-01, 5.984809e-01
307, 4.286172e-01, 5.755394e-01
308, 4.300483e-01, 5.702540e-01
309, 4.309699e-01, 6.904380e-01
310, 4.309932e-01, 6.861828e-01
311, 4.318062e-01, 7.146624e-01
312, 4.334429e-01, 6.039859e-01
313, 4.341256e-01, 6.114003e-01
314, 4.350170e-01, 3.704029e-01
315, 4.364994e-01, 1.681522e-01
316, 4.389730e-01, 5.024264e-01
317, 4.404832e-01, 1.717787e-01
318, 4.420070e-01, 3.953292e-01
319, 4.428285e-01, 7.489401e-01
320, 4.429879e-01, 5.303206e-01
321, 4.443005e-01, 7.755526e-01
322, 4.458880e-01, 7.446547e-01
323, 4.459601e-01, 7.403503e-01
324, 4.493374e-01, 3.118853e-01
325, 4.525249e-01, 4.268735e-01
326, 4.530666e-01, 1.933478e-01
327, 4.531883e-01, 4.630641e-01
328, 4.540534e-01, 3.147093e-01
329, 4.559457e-01, 5.828443e-01
330, 4.565586e-01, 4.307601e-01
331, 4.571742e-01, 2.286368e-01
332, 4.606894e-01, 5.906926e-01
333, 4.608549e-01, 7.152807e-01
334, 4.626050e-01, 8.351048e-01
335, 4.631242e-01, 7.181405e-01
336, 4.642248e-01, 4.833287e-01
337, 4.648198e-01, 8.319109e-01
338, 4.665227e-01, 7.193867e-01
339, 4.678415e-01, 2.840713e-01
340, 4.695000e-01, 3.712501e-01
341, 4.696087e-01, 3.657091e-01
342, 4.699375e-01, 6.417978e-01
343, 4.717770e-01, 2.850067e-01
344, 4.725832e-01, 5.125469e-01
345, 4.743768e-01, 6.162645e-01
346, 4.777094e-01, 7.432776e-01
347, 4.785602e-01, 1.837227e-01
348, 4.787686e-01, 2.075230e-01
349, 4.799545e-01, 7.490436e-01
350, 4.811779e-01, 1.805903e-01
351, 4.816714e-01, 1.776482e-01
352, 4.821372e-01, 4.321401e-01
353, 4.824081e-01, 4.533183e-01
354, 4.831405e-01, 3.138767e-01
355, 4.850448e-01, 4.565400e-01
356, 4.853825e-01, 5.438690e-01
357, 4.853888e-01, 3.118805e-01
358, 4.855672e-01, 4.279506e-01
359, 4.859200e-01, 3.431099e-01
360, 4.884426e-01, 3.116398e-01
361, 4.884737e-01, 4.267512e-01
362, 4.885140e-01, 6.714927e-01
363, 4.896295e-01, 8.073336e-01
364, 4.902718e-01, 7.073817e-01
365, 4.906649e-01, 7.038871e-01
366, 4.919885e-01, 8.049579e-01
367, 4.920588e-01, 6.710825e-01
368, 4.932260e-01, 7.988573e-01
369, 4.978445e-01, 3.703364e-01
370, 4.979912e-01, 4.850389e-01
371, 4.989441e-01, 5.137477e-01
372, 4.993022e-01, 5.169364e-01
373, 4.993573e-01, 3.983426e-01
374, 5.004981e-01, 3.675819e-01
375, 5.044171e-01, 1.641488e-01
376, 5.067640e-01, 7.340525e-01
377, 5.076448e-01, 1.647761e-01
378, 5.106501e-01, 1.679261e-01
379, 5.124649e-01, 2.995241e-01
380, 5.143489e-01, 6.932777e-01
381, 5.150207e-01, 5.373045e-01
382, 5.152225e-01, 5.440270e-01
383, 5.154533e-01, 5.708754e-01
384, 5.159907e-01, 6.876951e-01
385, 5.160901e-01, 5.742935e-01
386, 5.161698e-01, 4.634956e-01
387, 5.162981e-01, 4.224602e-01
388, 5.171750e-01, 8.185493e-01
389, 5.176123e-01, 7.850430e-01
390, 5.200514e-01, 6.842239e-01
391, 5.201131e-01, 8.181374e-01
392, 5.207314e-01, 6.623708e-01
393, 5.213953e-01, 7.914893e-01
394, 5.215280e-01, 2.591128e-01
395, 5.256270e-01, 3.532197e-01
396, 5.265059e-01, 2.226049e-01
397, 5.300673e-01, 6.293046e-01
398, 5.304787e-01, 2.795947e-01
399, 5.313387e-01, 5.962912e-01
400, 5.335451e-01, 7.178944e-01
401, 5.338095e-01, 6.310268e-01
402, 5.338872e-01, 7.412701e-01
403, 5.381882e-01, 1.692288e-01
404, 5.381984e-01, 1.639169e-01
405, 5.387299e-01, 3.141190e-01
406, 5.392601e-01, 3.097372e-01
407, 5.394364e-01, 4.100723e-01
408, 5.424010e-01, 4.145485e-01
409, 5.429912e-01, 8.050475e-01
410, 5.435713e-01, 7.708636e-01
411, 5.440525e-01, 5.706355e-01
412, 5.443943e-01, 6.866285e-01
413, 5.461168e-01, 6.610263e-01
414, 5.461227e-01, 8.048037e-01
415, 5.462954e-01, 5.732105e-01
416, 5.465898e-01, 4.441230e-01
417, 5.472544e-01, 6.884292e-01
418, 5.486641e-01, 6.541829e-01
419, 5.486761e-01, 5.385821e-01
420, 5.487584e-01, 6.580918e-01
421, 5.490547e-01, 5.740304e-01
422, 5.494484e-01, 8.014191e-01
423, 5.532049e-01, 3.723901e-01
424, 5.539958e-01, 2.588997e-01
425, 5.544569e-01, 3.674867e-01
426, 5.560919e-01, 5.024032e-01
427, 5.561705e-01, 3.410915e-01
428, 5.571487e-01, 4.673064e-01
429, 5.583967e-01, 8.275937e-01
430, 5.597899e-01, 4.713209e-01
431, 5.615163e-01, 7.095950e-01
432, 5.616645e-01, 8.284483e-01
433, 5.619195e-01, 7.182947e-01
434, 5.620090e-01, 5.047152e-01
435, 5.623839e-01, 7.417465e-01
436, 5.624246e-01, 7.449956e-01
437, 5.646302e-01, 8.310725e-01
438, 5.650086e-01, 1.699977e-01
439, 5.650519e-01, 3.131822e-01
440, 5.656463e-01, 3.971928e-01
441, 5.659171e-01, 1.958212e-01
442, 5.681871e-01, 3.117536e-01
443, 5.687984e-01, 1.664163e-01
444, 5.688788e-01, 4.305620e-01
445, 5.716175e-01, 5.550349e-01
446, 5.735499e-01, 6.601609e-01
447, 5.743169e-01, 3.141496e-01
448, 5.752365e-01, 5.607304e-01
449, 5.755175e-01, 6.859292e-01
450, 5.770601e-01, 6.567442e-01
451, 5.778137e-01, 6.539639e-01
452, 5.807095e-01, 6.879559e-01
453, 5.811965e-01, 2.569724e-01
454, 5.828490e-01, 4.907500e-01
455, 5.835524e-01, 3.715761e-01
456, 5.836128e-01, 4.867534e-01
457, 5.861883e-01, 2.546615e-01
458, 5.870362e-01, 4.832071e-01
459, 5.883866e-01, 6.131186e-01
460, 5.898960e-01, 8.323910e-01
461, 5.899762e-01, 6.155585e-01
462, 5.911306e-01, 7.160017e-01
463, 5.922416e-01, 7.430581e-01
464, 5.926946e-01, 7.472641e-01
465, 5.932503e-01, 5.090914e-01
466, 5.932923e-01, 8.310974e-01
467, 5.962744e-01, 2.824847e-01
468, 5.981216e-01, 4.006987e-01
469, 5.985414e-01, 5.101775e-01
470, 5.988040e-01, 4.244072e-01
471, 5.989274e-01, 4.292249e-01
472, 6.002410e-01, 3.980072e-01
473, 6.011680e-01, 5.127024e-01
474, 6.030473e-01, 5.393019e-01
475, 6.038600e-01, 8.031485e-01
476, 6.052209e-01, 6.436134e-01
477, 6.052582e-01, 3.120467e-01
478, 6.077971e-01, 8.015491e-01
479, 6.084804e-01, 7.708690e-01
480, 6.123071e-01, 2.042326e-01
481, 6.130186e-01, 8.033364e-01
482, 6.140310e-01, 3.400586e-01
483, 6.141525e-01, 4.874622e-01
484, 6.148957e-01, 2.367700e-01
485, 6.149849e-01, 6.007302e-01
486, 6.158642e-01, 3.341640e-01
487, 6.164327e-01, 4.500033e-01
488, 6.169483e-01, 6.999816e-01
489, 6.176258e-01, 7.278609e-01
490, 6.178483e-01, 5.985735e-01
491, 6.184293e-01, 3.702058e-01
492, 6.222408e-01, 8.309549e-01
493, 6.243976e-01, 8.261353e-01
494, 6.251371e-01, 1.635048e-01
495, 6.261464e-01, 2.996954e-01
496, 6.264267e-01, 2.947877e-01
497, 6.266022e-01, 4.260488e-01
498, 6.276128e-01, 2.684554e-01
499, 6.289395e-01, 3.977599e-01
500, 6.304637e-01, 3.947438e-01
501, 6.308016e-01, 5.066247e-01
502, 6.308971e-01, 5.369781e-01
503, 6.310119e-01, 7.570777e-01
504, 6.330575e-01, 7.833968e-01
505, 6.365609e-01, 7.890195e-01
506, 6.370902e-01, 4.291873e-01
507, 6.374765e-01, 1.946115e-01
508, 6.383568e-01, 7.560203e-01
509, 6.400425e-01, 3.511871e-01
510, 6.402284e-01, 3.212872e-01
511, 6.430099e-01, 3.565329e-01
512, 6.436074e-01, 3.263863e-01
513, 6.455004e-01, 4.831250e-01
514, 6.489395e-01, 6.883402e-01
515, 6.496306e-01, 4.841478e-01
516, 6.505026e-01, 1.649264e-01
517, 6.508370e-01, 8.476096e-01
518, 6.508559e-01, 7.127439e-01
519, 6.508709e-01, 2.496368e-01
520, 6.516024e-01, 2.824075e-01
521, 6.528951e-01, 1.627891e-01
522, 6.556128e-01, 2.509216e-01
523, 6.557033e-01, 4.064541e-01
524, 6.567167e-01, 2.767647e-01
525, 6.587074e-01, 4.172223e-01
526, 6.587696e-01, 6.254894e-01
527, 6.592326e-01, 4.112554e-01
528, 6.600903e-01, 6.613228e-01
529, 6.602304e-01, 5.133956e-01
530, 6.605976e-01, 7.759015e-01
531, 6.608723e-01, 7.417221e-01
532, 6.615955e-01, 6.268357e-01
533, 6.618976e-01, 5.079543e-01
534, 6.633276e-01, 7.438275e-01
535, 6.668748e-01, 3.365026e-01
536, 6.672641e-01, 3.068594e-01
537, 6.699325e-01, 3.057415e-01
538, 6.700180e-01, 4.646890e-01
539, 6.700887e-01, 2.218523e-01
540, 6.718769e-01, 5.710254e-01
541, 6.727205e-01, 7.989221e-01
542, 6.733441e-01, 8.300287e-01
543, 6.734980e-01, 4.729120e-01
544, 6.752372e-01, 7.129494e-01
545, 6.755883e-01, 7.167473e-01
546, 6.774053e-01, 6.829384e-01
547, 6.782108e-01, 7.091328e-01
548, 6.794173e-01, 8.011986e-01
549, 6.806920e-01, 3.964510e-01
550, 6.807740e-01, 3.641184e-01
551, 6.818298e-01, 2.524065e-01
552, 6.825424e-01, 7.998508e-01
553, 6.825835e-01, 2.474924e-01
554, 6.828017e-01, 5.990162e-01
555, 6.837609e-01, 3.961828e-01
556, 6.849068e-01, 5.210933e-01
557, 6.857895e-01, 3.939556e-01
558, 6.886501e-01, 4.932655e-01
559, 6.888560e-01, 7.443863e-01
560, 6.908053e-01, 7.418523e-01
561, 6.909402e-01, 6.542909e-01
562, 6.911145e-01, 7.373405e-01
563, 6.916267e-01, 6.285835e-01
564, 6.923990e-01, 7.741331e-01
565, 6.937508e-01, 6.221728e-01
566, 6.960609e-01, 6.554593e-01
567, 6.969732e-01, 3.081271e-01
568, 6.970537e-01, 3.401499e-01
569, 6.990134e-01, 4.201148e-01
570, 6.993153e-01, 4.231825e-01
571, 6.995120e-01, 4.554938e-01
572, 7.023870e-01, 5.812464e-01
573, 7.032067e-01, 5.873255e-01
574, 7.034478e-01, 6.902126e-01
575, 7.039144e-01, 5.840994e-01
576, 7.048196e-01, 7.106316e-01
577, 7.075274e-01, 1.519841e-01
578, 7.098355e-01, 6.836658e-01
579, 7.112538e-01, 6.789067e-01
580, 7.113359e-01, 4.804215e-01
581, 7.117132e-01, 3.908164e-01
582, 7.124465e-01, 2.513372e-01
583, 7.125731e-01, 2.800174e-01
584, 7.144777e-01, 6.095871e-01
585, 7.150374e-01, 3.952840e-01
586, 7.171015e-01, 2.507018e-01
587, 7.174625e-01, 3.657798e-01
588, 7.233896e-01, 2.062874e-01
589, 7.246162e-01, 7.360974e-01
590, 7.279249e-01, 3.110924e-01
591, 7.292863e-01, 4.253658e-01
592, 7.297616e-01, 5.705465e-01
593, 7.328638e-01, 6.634089e-01
594, 7.346342e-01, 6.969725e-01
595, 7.352207e-01, 8.025400e-01
596, 7.366166e-01, 8.254663e-01
597, 7.391801e-01, 2.648696e-01
598, 7.391806e-01, 8.282567e-01
599, 7.394739e-01, 7.978782e-01
600, 7.402784e-01, 7.950065e-01
601, 7.419819e-01, 2.377650e-01
602, 7.427012e-01, 2.667727e-01
603, 7.431286e-01, 5.127040e-01
604, 7.447163e-01, 3.666267e-01
605, 7.448024e-01, 5.906487e-01
606, 7.453748e-01, 7.262336e-01
607, 7.454234e-01, 6.282086e-01
608, 7.460699e-01, 6.253504e-01
609, 7.479224e-01, 7.225790e-01
610, 7.496010e-01, 6.207662e-01
611, 7.497360e-01, 1.610775e-01
612, 7.522894e-01, 7.221992e-01
613, 7.523535e-01, 1.971886e-01
614, 7.534964e-01, 1.648720e-01
615, 7.565799e-01, 2.946845e-01
616, 7.569467e-01, 6.496827e-01
617, 7.571357e-01, 4.508315e-01
618, 7.586252e-01, 5.653259e-01
619, 7.604550e-01, 6.865222e-01
620, 7.607122e-01, 4.543189e-01
621, 7.612206e-01, 6.510481e-01
622, 7.621311e-01, 8.099554e-01
623, 7.642932e-01, 6.543283e-01
624, 7.648300e-01, 8.146531e-01
625, 7.658802e-01, 2.523056e-01
626, 7.674578e-01, 7.814275e-01
627, 7.676344e-01, 8.157480e-01
628, 7.712176e-01, 5.075464e-01
629, 7.717618e-01, 2.235600e-01
630, 7.726952e-01, 3.782730e-01
631, 7.729196e-01, 4.828785e-01
632, 7.731904e-01, 7.099125e-01
633, 7.740095e-01, 6.217534e-01
634, 7.741332e-01, 3.852116e-01
635, 7.742021e-01, 2.443853e-01
636, 7.749300e-01, 3.812035e-01
637, 7.757482e-01, 7.451264e-01
638, 7.767511e-01, 5.127744e-01
639, 7.767547e-01, 6.253648e-01
640, 7.769595e-01, 3.486444e-01
641, 7.782181e-01, 7.113138e-01
642, 7.785881e-01, 8.396686e-01
643, 7.800316e-01, 6.267306e-01
644, 7.802283e-01, 1.937620e-01
645, 7.819452e-01, 8.455359e-01
646, 7.821098e-01, 1.629705e-01
647, 7.829841e-01, 1.925546e-01
648, 7.842077e-01, 3.113967e-01
649, 7.851592e-01, 3.066849e-01
650, 7.898032e-01, 6.552653e-01
651, 7.934253e-01, 5.354010e-01
652, 7.946958e-01, 3.712221e-01
653, 7.948576e-01, 7.963816e-01
654, 7.955067e-01, 2.200735e-01
655, 7.965837e-01, 3.327207e-01
656, 7.966816e-01, 3.648370e-01
657, 7.973288e-01, 6.518681e-01
658, 7.995662e-01, 4.944337e-01
659, 8.003828e-01, 2.221913e-01
660, 8.003836e-01, 3.334527e-01
661, 8.005701e-01, 2.518365e-01
662, 8.008977e-01, 3.611397e-01
663, 8.014170e-01, 4.978899e-01
664, 8.020150e-01, 4.632566e-01
665, 8.028105e-01, 5.996551e-01
666, 8.045622e-01, 8.241268e-01
667, 8.047734e-01, 6.239476e-01
668, 8.051862e-01, 4.993582e-01
669, 8.057229e-01, 7.371614e-01
670, 8.071708e-01, 5.950709e-01
671, 8.073149e-01, 6.261069e-01
672, 8.080207e-01, 7.455344e-01
673, 8.081104e-01, 7.402969e-01
674, 8.086817e-01, 3.920653e-01
675, 8.107548e-01, 4.263186e-01
676, 8.116147e-01, 8.307257e-01
677, 8.142840e-01, 4.261200e-01
678, 8.143571e-01, 2.814740e-01
679, 8.151354e-01, 2.705940e-01
680, 8.183196e-01, 5.520810e-01
681, 8.198983e-01, 4.203521e-01
682, 8.212172e-01, 7.947192e-01
683, 8.230255e-01, 7.656690e-01
684, 8.252141e-01, 2.487427e-01
685, 8.257478e-01, 2.230188e-01
686, 8.260687e-01, 4.493173e-01
687, 8.274469e-01, 2.507810e-01
688, 8.286281e-01, 3.365717e-01
689, 8.293634e-01, 3.309905e-01
690, 8.306033e-01, 2.186843e-01
691, 8.311925e-01, 3.690651e-01
692, 8.315036e-01, 2.154726e-01
693, 8.315383e-01, 3.407572e-01
694, 8.322210e-01, 2.516975e-01
695, 8.330630e-01, 5.794161e-01
696, 8.332821e-01, 8.262632e-01
697, 8.334148e-01, 5.764965e-01
698, 8.335301e-01, 7.131018e-01
699, 8.358891e-01, 7.380381e-01
700, 8.372129e-01, 8.280207e-01
701, 8.409242e-01, 8.265425e-01
702, 8.410511e-01, 5.079721e-01
703, 8.411705e-01, 2.812277e-01
704, 8.422563e-01, 3.044150e-01
705, 8.439715e-01, 5.087270e-01
706, 8.442022e-01, 5.406573e-01
707, 8.451610e-01, 6.640930e-01
708, 8.455672e-01, 2.767788e-01
709, 8.462603e-01, 3.080301e-01
710, 8.464714e-01, 4.275957e-01
711, 8.465174e-01, 3.118928e-01
712, 8.469678e-01, 2.706936e-01
713, 8.469849e-01, 5.070734e-01
714, 8.480846e-01, 6.398284e-01
715, 1.560141e-01, 4.938303e-01
716, 1.571860e-01, 8.205304e-01
717, 1.532232e-01, 6.086055e-01
718, 1.523018e-01, 3.647437e-01
719, 1.630017e-01, 1.714460e-01
720, 1.621140e-01, 2.594126e-01
721, 1.621870e-01, 2.901856e-01
722, 1.856374e-01, 6.915503e-01
723, 1.707762e-01, 7.782705e-01
724, 1.851902e-01, 8.061716e-01
725, 1.794497e-01, 4.465613e-01
726, 1.785360e-01, 3.443523e-01
727, 1.853906e-01, 8.376901e-01
728, 1.813904e-01, 4.792367e-01
729, 1.870636e-01, 5.749589e-01
730, 1.973953e-01, 5.363565e-01
731, 1.925862e-01, 2.890723e-01
732, 1.934268e-01, 3.754040e-01
733, 2.028356e-01, 7.781217e-01
734, 2.109645e-01, 2.323178e-01
735, 2.125316e-01, 5.934709e-01
736, 2.096466e-01, 3.169720e-01
737, 2.245422e-01, 4.885025e-01
738, 2.152604e-01, 7.221744e-01
739, 2.186324e-01, 8.362600e-01
740, 2.212493e-01, 1.591834e-01
741, 2.234597e-01, 2.564501e-01
742, 2.328311e-01, 2.153844e-01
743, 2.345220e-01, 1.844504e-01
744, 2.403974e-01, 3.472226e-01
745, 2.441859e-01, 7.091454e-01
746, 2.338959e-01, 7.812425e-01
747, 2.382186e-01, 4.586407e-01
748, 2.390850e-01, 5.757073e-01
749, 2.525478e-01, 6.020462e-01
750, 2.476830e-01, 8.375272e-01
751, 2.428054e-01, 6.767817e-01
752, 2.591120e-01, 7.317453e-01
753, 2.544597e-01, 4.933783e-01
754, 2.552708e-01, 5.151836e-01
755, 2.687760e-01, 5.752506e-01
756, 2.550471e-01, 4.058195e-01
757, 2.599188e-01, 1.693178e-01
758, 2.597187e-01, 2.029131e-01
759, 2.589634e-01, 7.670718e-01
760, 2.743187e-01, 8.230868e-01
761, 2.697300e-01, 5.460656e-01
762, 2.667516e-01, 6.593442e-01
763, 2.707089e-01, 6.933395e-01
764, 2.840986e-01, 7.180503e-01
765, 2.653802e-01, 3.334736e-01
766, 2.720640e-01, 4.291057e-01
767, 2.757564e-01, 2.612744e-01
768, 2.918199e-01, 1.720849e-01
769, 2.939161e-01, 2.034174e-01
770, 2.937269e-01, 2.854976e-01
771, 3.062689e-01, 3.423175e-01
772, 2.999129e-01, 8.094176e-01
773, 3.155342e-01, 8.334412e-01
774, 2.967772e-01, 4.469701e-01
775, 3.007160e-01, 5.788611e-01
776, 3.275934e-01, 5.620918e-01
777, 3.138493e-01, 6.059651e-01
778, 3.110350e-01, 4.716390e-01
779, 3.147131e-01, 7.496682e-01
780, 3.223199e-01, 2.842766e-01
781, 3.223031e-01, 3.169378e-01
782, 3.232804e-01, 4.011250e-01
783, 3.243732e-01, 4.312221e-01
784, 3.327157e-01, 6.616255e-01
785, 3.315095e-01, 8.067433e-01
786, 3.322721e-01, 7.792479e-01
787, 3.450309e-01, 6.199078e-01
788, 3.391743e-01, 3.721383e-01
789, 3.475597e-01, 1.533434e-01
790, 3.403198e-01, 2.257424e-01
791, 3.483527e-01, 8.352625e-01
792, 3.549388e-01, 3.166246e-01
793, 3.561717e-01, 2.848297e-01
794, 3.479233e-01, 7.197717e-01
795, 3.562981e-01, 4.275730e-01
796, 3.630400e-01, 8.060717e-01
797, 3.637064e-01, 7.753658e-01
798, 3.687616e-01, 4.873292e-01
799, 3.691045e-01, 5.734417e-01
800, 3.827950e-01, 5.445008e-01
801, 3.822182e-01, 2.703301e-01
802, 3.730635e-01, 7.024700e-01
803, 3.884808e-01, 3.976630e-01
804, 3.854026e-01, 6.320134e-01
805, 3.847022e-01, 6.590664e-01
806, 3.833272e-01, 5.167987e-01
807, 3.929285e-01, 2.275150e-01
808, 3.984429e-01, 4.577046e-01
809, 4.014836e-01, 6.897985e-01
810, 4.005751e-01, 7.182508e-01
811, 4.002785e-01, 5.738086e-01
812, 4.082985e-01, 2.537337e-01
813, 4.205470e-01, 3.113260e-01
814, 4.148596e-01, 7.461250e-01
815, 4.168174e-01, 7.743957e-01
816, 4.161176e-01, 6.600712e-01
817, 4.125916e-01, 4.191754e-01
818, 4.350780e-01, 4.020705e-01
819, 4.233486e-01, 1.978006e-01
820, 4.222794e-01, 2.280684e-01
821, 4.274718e-01, 4.407707e-01
822, 4.302478e-01, 8.367278e-01
823, 4.314126e-01, 8.023188e-01
824, 4.299660e-01, 7.181681e-01
825, 4.380935e-01, 2.555749e-01
826, 4.376628e-01, 2.845026e-01
827, 4.395443e-01, 3.708165e-01
828, 4.465099e-01, 6.617043e-01
829, 4.420112e-01, 4.978780e-01
830, 4.515102e-01, 1.976265e-01
831, 4.522577e-01, 2.261839e-01
832, 4.685686e-01, 5.154173e-01
833, 4.443528e-01, 6.303399e-01
834, 4.581350e-01, 5.563871e-01
835, 4.536061e-01, 3.392547e-01
836, 4.559977e-01, 4.544606e-01
837, 4.652126e-01, 1.551286e-01
838, 4.624875e-01, 8.033975e-01
839, 4.614791e-01, 6.882218e-01
840, 4.738893e-01, 6.476814e-01
841, 4.690084e-01, 3.993503e-01
842, 4.715961e-01, 4.856450e-01
843, 4.693431e-01, 2.543241e-01
844, 4.731604e-01, 6.126887e-01
845, 4.818494e-01, 3.415258e-01
846, 4.780455e-01, 7.767851e-01
847, 4.821174e-01, 5.401927e-01
848, 4.839536e-01, 5.741122e-01
849, 4.826421e-01, 2.156081e-01
850, 4.953614e-01, 2.702151e-01
851, 4.951322e-01, 2.383918e-01
852, 5.031325e-01, 4.008221e-01
853, 5.034920e-01, 7.292173e-01
854, 5.039800e-01, 7.624181e-01
855, 4.924703e-01, 8.333431e-01
856, 4.993321e-01, 5.997985e-01
857, 4.992069e-01, 6.295567e-01
858, 5.138249e-01, 6.562048e-01
859, 5.124506e-01, 3.281064e-01
860, 5.087730e-01, 1.959882e-01
861, 5.145392e-01, 4.568958e-01
862, 5.100179e-01, 2.944728e-01
863, 5.287894e-01, 7.138791e-01
864, 5.147656e-01, 4.290402e-01
865, 5.419962e-01, 4.425856e-01
866, 5.227911e-01, 2.250915e-01
867, 5.234059e-01, 2.542170e-01
868, 5.313602e-01, 5.147556e-01
869, 5.319425e-01, 6.007582e-01
870, 5.295049e-01, 7.466603e-01
871, 5.277589e-01, 3.870958e-01
872, 5.316383e-01, 4.840073e-01
873, 5.341388e-01, 8.434819e-01
874, 5.373982e-01, 1.960182e-01
875, 5.416352e-01, 2.828645e-01
876, 5.465815e-01, 5.442638e-01
877, 5.486875e-01, 7.729155e-01
878, 5.535251e-01, 2.236327e-01
879, 5.529320e-01, 2.524349e-01
880, 5.538368e-01, 3.373458e-01
881, 5.607085e-01, 6.027235e-01
882, 5.609783e-01, 6.295689e-01
883, 5.694100e-01, 1.986194e-01
884, 5.714497e-01, 5.244501e-01
885, 5.688950e-01, 2.797633e-01
886, 5.710601e-01, 3.996744e-01
887, 5.702959e-01, 4.267677e-01
888, 5.766052e-01, 7.730131e-01
889, 5.766843e-01, 8.008478e-01
890, 5.822813e-01, 2.223514e-01
891, 6.044537e-01, 6.717331e-01
892, 5.988636e-01, 3.110641e-01
893, 5.865710e-01, 3.413791e-01
894, 5.836072e-01, 3.656670e-01
895, 5.831774e-01, 4.543326e-01
896, 5.982544e-01, 1.813443e-01
897, 5.887637e-01, 5.818831e-01
898, 6.008480e-01, 2.781641e-01
899, 6.029837e-01, 6.405027e-01
900, 5.935675e-01, 7.125315e-01
901, 5.975283e-01, 5.443180e-01
902, 6.110858e-01, 2.080009e-01
903, 6.135502e-01, 3.680925e-01
904, 6.203502e-01, 6.969645e-01
905, 6.165032e-01, 4.553533e-01
906, 6.146209e-01, 4.825001e-01
907, 6.127105e-01, 5.695933e-01
908, 6.116642e-01, 2.420353e-01
909, 6.245753e-01, 2.640989e-01
910, 6.212655e-01, 1.681823e-01
911, 6.196730e-01, 7.321911e-01
912, 6.306813e-01, 5.129738e-01
913, 6.279869e-01, 5.416708e-01
914, 6.292002e-01, 6.268943e-01
915, 6.310867e-01, 6.581242e-01
916, 6.383135e-01, 2.240683e-01
917, 6.507466e-01, 8.429884e-01
918, 6.458195e-01, 5.687086e-01
919, 6.451260e-01, 5.980021e-01
920, 6.437429e-01, 6.823705e-01
921, 6.469114e-01, 7.172924e-01
922, 6.452891e-01, 4.529410e-01
923, 6.480274e-01, 8.125244e-01
924, 6.664405e-01, 2.208647e-01
925, 6.604141e-01, 5.407754e-01
926, 6.577314e-01, 3.801765e-01
927, 6.609330e-01, 6.538923e-01
928, 6.623536e-01, 7.722110e-01
929, 6.829649e-01, 1.646549e-01
930, 6.675752e-01, 1.943294e-01
931, 6.686271e-01, 3.409440e-01
932, 6.736130e-01, 5.967352e-01
933, 6.727778e-01, 4.386369e-01
934, 6.780995e-01, 6.874944e-01
935, 6.781334e-01, 8.298430e-01
936, 6.770151e-01, 5.653219e-01
937, 6.902348e-01, 5.286308e-01
938, 6.830101e-01, 2.807434e-01
939, 6.848385e-01, 3.657627e-01
940, 6.913150e-01, 7.703301e-01
941, 7.017711e-01, 5.517619e-01
942, 7.184162e-01, 6.420695e-01
943, 7.017282e-01, 3.095106e-01
944, 7.005327e-01, 3.391288e-01
945, 7.114030e-01, 3.675549e-01
946, 7.007010e-01, 4.519408e-01
947, 7.103261e-01, 7.158902e-01
948, 6.980144e-01, 1.934910e-01
949, 6.980429e-01, 2.250771e-01
950, 7.072769e-01, 8.003468e-01
951, 7.076593e-01, 8.282089e-01
952, 7.166906e-01, 2.827737e-01
953, 7.132986e-01, 5.124665e-01
954, 7.148118e-01, 4.808331e-01
955, 7.255641e-01, 7.712973e-01
956, 7.259212e-01, 2.098935e-01
957, 7.263431e-01, 1.763890e-01
958, 7.190730e-01, 6.123808e-01
959, 7.286170e-01, 3.372267e-01
960, 7.310518e-01, 3.084020e-01
961, 7.240864e-01, 7.409818e-01
962, 7.277306e-01, 4.221135e-01
963, 7.296636e-01, 4.515259e-01
964, 7.430539e-01, 4.815029e-01
965, 7.312204e-01, 5.373333e-01
966, 7.317669e-01, 5.654601e-01
967, 7.328798e-01, 6.676968e-01
968, 7.465264e-01, 3.967438e-01
969, 7.366594e-01, 7.013476e-01
970, 7.402256e-01, 2.335156e-01
971, 7.464765e-01, 5.101225e-01
972, 7.470103e-01, 6.014334e-01
973, 7.529129e-01, 1.928743e-01
974, 7.648931e-01, 2.179102e-01
975, 7.500378e-01, 7.582109e-01
976, 7.621603e-01, 7.828033e-01
977, 7.591929e-01, 2.903721e-01
978, 7.606163e-01, 5.377487e-01
979, 7.607411e-01, 5.688169e-01
980, 7.624642e-01, 6.821184e-01
981, 7.555668e-01, 3.233070e-01
982, 7.607190e-01, 4.242219e-01
983, 7.706936e-01, 3.501860e-01
984, 7.769924e-01, 4.797348e-01
985, 7.759562e-01, 5.973503e-01
986, 7.770566e-01, 7.382742e-01
987, 7.918537e-01, 7.673830e-01
988, 7.884027e-01, 4.388472e-01
989, 7.873482e-01, 4.067076e-01
990, 7.828486e-01, 2.771680e-01
991, 7.919265e-01, 5.681898e-01
992, 7.908461e-01, 6.828840e-01
993, 7.918513e-01, 8.005540e-01
994, 7.928274e-01, 5.409316e-01
995, 8.133059e-01, 1.927628e-01
996, 8.001978e-01, 2.466890e-01
997, 8.063908e-01, 7.116330e-01
998, 8.183696e-01, 5.213640e-01
999, 8.145101e-01, 3.054696e-01
1000, 8.178966e-01, 3.946095e-01
1001, 8.235573e-01, 6.840717e-01
1002, 8.227216e-01, 6.545615e-01
1003, 8.154310e-01, 1.623420e-01
1004, 8.220908e-01, 7.697269e-01
1005, 8.243006e-01, 7.992425e-01
1006, 8.201119e-01, 5.553347e-01
1007, 8.340498e-01, 6.114791e-01
1008, 8.311643e-01, 3.611951e-01
1009, 8.319877e-01, 4.517089e-01
1010, 8.307693e-01, 4.825172e-01
1011, 8.393851e-01, 7.080504e-01
1012, 8.402863e-01, 7.433715e-01
1013, 8.455601e-01, 4.198879e-01
1014, 8.457387e-01, 3.957180e-01
1015, 8.409013e-01, 1.787426e-01
1016, 1.500000e-01, 4.640925e-01
1017, 1.500000e-01, 4.911032e-01
1018, 1.500000e-01, 5.780392e-01
1019, 1.500000e-01, 6.082335e-01
1020, 1.500000e-01, 3.632217e-01
1021, 1.500000e-01, 3.660629e-01
1022, 1.500000e-01, 6.968965e-01
1023, 1.500000e-01, 7.228814e-01
1024, 1.500000e-01, 1.739311e-01
1025, 1.500000e-01, 7.256843e-01
1026, 1.500000e-01, 8.254330e-01
1027, 1.500000e-01, 2.620462e-01
1028, 1.500000e-01, 2.817438e-01
1029, 1.500000e-01, 5.033843e-01
1030, 1.500000e-01, 5.212642e-01
1031, 1.500000e-01, 5.650643e-01
1032, 1.500000e-01, 5.479823e-01
1033, 1.500000e-01, 6.150858e-01
1034, 1.500000e-01, 6.358462e-01
1035, 1.500000e-01, 6.825426e-01
1036, 1.500000e-01, 6.657002e-01
1037, 1.500000e-01, 2.958775e-01
1038, 1.500000e-01, 3.949067e-01
1039, 1.500000e-01, 4.126241e-01
1040, 1.500000e-01, 4.497284e-01
1041, 1.500000e-01, 4.311935e-01
1042, 1.500000e-01, 7.574227e-01
1043, 1.500000e-01, 7.692455e-01
1044, 1.500000e-01, 1.947252e-01
1045, 1.500000e-01, 2.025433e-01
1046, 1.500000e-01, 2.415790e-01
1047, 1.500000e-01, 2.302212e-01
1048, 1.500000e-01, 8.078868e-01
1049, 1.500000e-01, 7.933232e-01
1050, 1.594359e-01, 8.500000e-01
1051, 1.628853e-01, 1.500000e-01
1052, 1.656900e-01, 8.500000e-01
1053, 1.918261e-01, 8.500000e-01
1054, 1.907846e-01, 1.500000e-01
1055, 1.999816e-01, 1.500000e-01
1056, 2.093799e-01, 8.500000e-01
1057, 2.202766e-01, 1.500000e-01
1058, 2.258355e-01, 8.500000e-01
1059, 2.380837e-01, 1.500000e-01
1060, 2.408411e-01, 8.500000e-01
1061, 2.498423e-01, 1.500000e-01
1062, 2.550652e-01, 8.500000e-01
1063, 2.728402e-01, 1.500000e-01
1064, 2.809149e-01, 1.500000e-01
1065, 3.050913e-01, 1.500000e-01
1066, 3.139317e-01, 1.500000e-01
1067, 3.201908e-01, 8.500000e-01
1068, 3.457300e-01, 1.500000e-01
1069, 3.492016e-01, 8.500000e-01
1070, 3.590586e-01, 1.500000e-01
1071, 3.778408e-01, 8.500000e-01
1072, 3.776149e-01, 1.500000e-01
1073, 4.073171e-01, 1.500000e-01
1074, 4.105332e-01, 8.500000e-01
1075, 4.377259e-01, 8.500000e-01
1076, 4.359919e-01, 1.500000e-01
1077, 4.545498e-01, 1.500000e-01
1078, 4.540651e-01, 8.500000e-01
1079, 4.648246e-01, 1.500000e-01
1080, 4.709155e-01, 8.500000e-01
1081, 4.736226e-01, 1.500000e-01
1082, 4.813912e-01, 8.500000e-01
1083, 4.967230e-01, 1.500000e-01
1084, 5.034121e-01, 8.500000e-01
1085, 5.166499e-01, 1.500000e-01
1086, 5.234607e-01, 8.500000e-01
1087, 5.263794e-01, 1.500000e-01
1088, 5.340913e-01, 8.500000e-01
1089, 5.451487e-01, 8.500000e-01
1090, 5.473188e-01, 1.500000e-01
1091, 5.603623e-01, 1.500000e-01
1092, 5.635082e-01, 8.500000e-01
1093, 5.895867e-01, 8.500000e-01
1094, 6.236351e-01, 8.500000e-01
1095, 6.231221e-01, 1.500000e-01
1096, 6.458438e-01, 8.500000e-01
1097, 6.533254e-01, 1.500000e-01
1098, 6.519885e-01, 8.500000e-01
1099, 6.894713e-01, 8.500000e-01
1100, 6.826938e-01, 1.500000e-01
1101, 7.048051e-01, 1.500000e-01
1102, 6.975308e-01, 8.500000e-01
1103, 7.424005e-01, 1.500000e-01
1104, 7.541608e-01, 8.500000e-01
1105, 7.577292e-01, 1.500000e-01
1106, 7.570258e-01, 8.500000e-01
1107, 7.745375e-01, 1.500000e-01
1108, 7.817708e-01, 8.500000e-01
1109, 7.938367e-01, 8.500000e-01
1110, 7.885362e-01, 1.500000e-01
1111, 8.087413e-01, 1.500000e-01
1112, 8.333093e-01, 1.500000e-01
1113, 8.500000e-01, 7.701164e-01
1114, 8.500000e-01, 7.970035e-01
1115, 8.500000e-01, 3.389867e-01
1116, 8.500000e-01, 3.626612e-01
1117, 8.500000e-01, 4.531486e-01
1118, 8.500000e-01, 4.807019e-01
1119, 8.500000e-01, 2.027191e-01
1120, 8.500000e-01, 2.328033e-01
1121, 8.500000e-01, 2.397200e-01
1122, 8.500000e-01, 5.666693e-01
1123, 8.500000e-01, 5.877365e-01
1124, 8.500000e-01, 8.089775e-01
1125, 8.372044e-01, 8.500000e-01
1126, 8.500000e-01, 8.276028e-01
1127, 8.500000e-01, 6.353922e-01
1128, 8.500000e-01, 6.043061e-01
1129, 8.500000e-01, 7.002915e-01
1130, 8.500000e-01, 7.154077e-01
1131, 8.500000e-01, 6.365879e-01
1132, 8.500000e-01, 1.547454e-01
1133, 8.500000e-01, 7.578425e-01
1134, 8.500000e-01, 7.375538e-01
1135, 8.500000e-01, 3.868835e-01
1136, 8.500000e-01, 3.955515e-01
1137, 8.500000e-01, 4.323312e-01
1138, 8.500000e-01, 4.203024e-01
1139, 8.500000e-01, 5.004461e-01
1140, 8.500000e-01, 5.071323e-01
1141, 8.500000e-01, 5.523214e-01
1142, 8.500000e-01, 1.959496e-01
1143, 8.500000e-01, 1.742213e-01
1144, 8.500000e-01, 2.691958e-01
1145, 8.500000e-01, 2.795923e-01
1146, 8.500000e-01, 3.169411e-01
1147, 8.500000e-01, 3.059294e-01
1148, 8.500000e-01, 6.743604e-01
1149, 1.507409e-01, 3.323460e-01
1150, 2.873649e-01, 8.498743e-01
1151, 4.040987e-01, 8.499292e-01
1152, 5.943169e-01, 1.510581e-01
1153, 7.133143e-01, 1.502503e-01
1154, 7.225855e-01, 8.498966e-01
1155, 8.118388e-01, 8.499907e-01
1156, 8.424853e-01, 1.509541e-01
1157, 8.489405e-01, 5.367585e-01
1158, 8.493692e-01, 6.717760e-01
