1, 1.532729e-01, 5.651658e-01
2, 1.533362e-01, 4.489163e-01
3, 1.573745e-01, 6.392403e-01
4, 1.574699e-01, 4.278447e-01
5, 1.576096e-01, 5.668226e-01
6, 1.577824e-01, 7.528585e-01
7, 1.587690e-01, 7.680593e-01
8, 1.593429e-01, 3.528726e-01
9, 1.600074e-01, 7.024824e-01
10, 1.611263e-01, 3.269784e-01
11, 1.614854e-01, 6.174809e-01
12, 1.615944e-01, 3.644802e-01
13, 1.618027e-01, 4.285425e-01
14, 1.618944e-01, 6.346240e-01
15, 1.625389e-01, 1.657874e-01
16, 1.635137e-01, 4.932504e-01
17, 1.643860e-01, 4.972303e-01
18, 1.644757e-01, 8.327745e-01
19, 1.646037e-01, 2.118689e-01
20, 1.651915e-01, 6.339811e-01
21, 1.653477e-01, 4.303637e-01
22, 1.664584e-01, 5.671584e-01
23, 1.667748e-01, 7.601190e-01
24, 1.669406e-01, 4.328616e-01
25, 1.674189e-01, 3.676622e-01
26, 1.675277e-01, 1.643515e-01
27, 1.676890e-01, 2.240284e-01
28, 1.679996e-01, 8.370164e-01
29, 1.688310e-01, 3.108803e-01
30, 1.689459e-01, 2.998792e-01
31, 1.700710e-01, 1.555728e-01
32, 1.702924e-01, 1.663144e-01
33, 1.705715e-01, 2.450858e-01
34, 1.705926e-01, 4.173229e-01
35, 1.714462e-01, 5.713342e-01
36, 1.718455e-01, 3.803638e-01
37, 1.724853e-01, 5.769047e-01
38, 1.732216e-01, 1.852972e-01
39, 1.748103e-01, 4.405785e-01
40, 1.755507e-01, 5.548110e-01
41, 1.760448e-01, 4.483472e-01
42, 1.760908e-01, 4.996663e-01
43, 1.782690e-01, 3.574734e-01
44, 1.802199e-01, 1.648864e-01
45, 1.804044e-01, 7.099778e-01
46, 1.806583e-01, 6.877108e-01
47, 1.842220e-01, 8.325342e-01
48, 1.847159e-01, 7.715021e-01
49, 1.849675e-01, 4.663794e-01
50, 1.849857e-01, 7.370215e-01
51, 1.856428e-01, 3.993875e-01
52, 1.862644e-01, 3.703726e-01
53, 1.867393e-01, 5.335967e-01
54, 1.869007e-01, 6.678506e-01
55, 1.869667e-01, 2.030183e-01
56, 1.871689e-01, 3.037799e-01
57, 1.873199e-01, 2.636545e-01
58, 1.880895e-01, 5.999971e-01
59, 1.880925e-01, 3.348505e-01
60, 1.898362e-01, 4.438056e-01
61, 1.936297e-01, 7.961736e-01
62, 1.952155e-01, 7.491475e-01
63, 1.962532e-01, 6.663155e-01
64, 1.964549e-01, 7.385226e-01
65, 1.969700e-01, 5.475023e-01
66, 1.971928e-01, 2.801025e-01
67, 1.972884e-01, 4.796193e-01
68, 1.973254e-01, 2.654557e-01
69, 1.975926e-01, 2.051088e-01
70, 1.983257e-01, 6.489542e-01
71, 1.983384e-01, 7.962825e-01
72, 1.983679e-01, 4.703746e-01
73, 1.984183e-01, 2.090908e-01
74, 1.985181e-01, 3.483433e-01
75, 1.987046e-01, 6.821210e-01
76, 1.991789e-01, 5.864121e-01
77, 2.001563e-01, 2.539394e-01
78, 2.009374e-01, 5.996544e-01
79, 2.010471e-01, 6.712041e-01
80, 2.012896e-01, 2.003233e-01
81, 2.013132e-01, 7.155250e-01
82, 2.014937e-01, 7.846798e-01
83, 2.015748e-01, 4.673705e-01
84, 2.017401e-01, 3.995135e-01
85, 2.019499e-01, 1.868174e-01
86, 2.021571e-01, 3.215956e-01
87, 2.022176e-01, 4.515104e-01
88, 2.025413e-01, 6.153705e-01
89, 2.028590e-01, 5.183494e-01
90, 2.049340e-01, 3.850050e-01
91, 2.052795e-01, 8.142871e-01
92, 2.071714e-01, 7.307845e-01
93, 2.091212e-01, 3.354599e-01
94, 2.123211e-01, 5.339703e-01
95, 2.129330e-01, 7.316792e-01
96, 2.130382e-01, 8.026132e-01
97, 2.135029e-01, 2.950312e-01
98, 2.136060e-01, 7.628696e-01
99, 2.144942e-01, 4.678080e-01
100, 2.151226e-01, 2.683818e-01
101, 2.151424e-01, 6.014980e-01
102, 2.156117e-01, 6.690132e-01
103, 2.159501e-01, 4.012257e-01
104, 2.162694e-01, 1.960805e-01
105, 2.165218e-01, 8.341779e-01
106, 2.187767e-01, 8.204720e-01
107, 2.191197e-01, 7.007463e-01
108, 2.192687e-01, 5.648019e-01
109, 2.201723e-01, 3.586012e-01
110, 2.202200e-01, 5.107401e-01
111, 2.212928e-01, 4.467698e-01
112, 2.222005e-01, 1.579363e-01
113, 2.226879e-01, 6.276685e-01
114, 2.227509e-01, 3.610006e-01
115, 2.245188e-01, 1.676509e-01
116, 2.267100e-01, 7.728247e-01
117, 2.268504e-01, 3.123654e-01
118, 2.272873e-01, 6.422486e-01
119, 2.279664e-01, 8.306788e-01
120, 2.286371e-01, 2.973758e-01
121, 2.291286e-01, 6.971368e-01
122, 2.291999e-01, 4.230289e-01
123, 2.295764e-01, 3.104618e-01
124, 2.296798e-01, 6.241332e-01
125, 2.299949e-01, 6.868565e-01
126, 2.301504e-01, 2.480854e-01
127, 2.303262e-01, 7.697827e-01
128, 2.311833e-01, 6.297976e-01
129, 2.317568e-01, 7.664707e-01
130, 2.318042e-01, 5.505750e-01
131, 2.321434e-01, 2.386259e-01
132, 2.322918e-01, 8.370356e-01
133, 2.324418e-01, 3.762986e-01
134, 2.328073e-01, 4.266936e-01
135, 2.329582e-01, 2.995467e-01
136, 2.330270e-01, 5.743030e-01
137, 2.338252e-01, 4.351513e-01
138, 2.339844e-01, 4.937951e-01
139, 2.342857e-01, 3.693085e-01
140, 2.343077e-01, 7.078909e-01
141, 2.349310e-01, 5.771882e-01
142, 2.350401e-01, 1.578720e-01
143, 2.351812e-01, 7.662097e-01
144, 2.354454e-01, 4.422524e-01
145, 2.357812e-01, 4.320837e-01
146, 2.362316e-01, 1.521365e-01
147, 2.362686e-01, 1.715369e-01
148, 2.364904e-01, 5.215757e-01
149, 2.369971e-01, 2.918020e-01
150, 2.379207e-01, 2.860372e-01
151, 2.391620e-01, 6.979872e-01
152, 2.392247e-01, 6.328922e-01
153, 2.393414e-01, 1.763017e-01
154, 2.393815e-01, 2.230469e-01
155, 2.396393e-01, 3.596142e-01
156, 2.396772e-01, 7.511397e-01
157, 2.401605e-01, 5.813553e-01
158, 2.403629e-01, 8.286726e-01
159, 2.403846e-01, 4.889471e-01
160, 2.404515e-01, 5.557823e-01
161, 2.405748e-01, 3.052053e-01
162, 2.415476e-01, 3.730584e-01
163, 2.417592e-01, 7.746208e-01
164, 2.422477e-01, 4.302183e-01
165, 2.423162e-01, 7.647885e-01
166, 2.439457e-01, 1.807077e-01
167, 2.443857e-01, 8.475221e-01
168, 2.471958e-01, 3.782485e-01
169, 2.477454e-01, 6.303564e-01
170, 2.498444e-01, 7.984477e-01
171, 2.500186e-01, 5.325212e-01
172, 2.502253e-01, 1.994346e-01
173, 2.504243e-01, 3.314902e-01
174, 2.509226e-01, 6.016147e-01
175, 2.510280e-01, 2.640448e-01
176, 2.511363e-01, 6.671284e-01
177, 2.527022e-01, 2.380794e-01
178, 2.539797e-01, 7.361730e-01
179, 2.546734e-01, 4.682795e-01
180, 2.547483e-01, 5.059055e-01
181, 2.550882e-01, 4.027659e-01
182, 2.618746e-01, 3.844054e-01
183, 2.632730e-01, 6.172908e-01
184, 2.636645e-01, 4.663780e-01
185, 2.637839e-01, 5.302688e-01
186, 2.650700e-01, 3.312559e-01
187, 2.651325e-01, 6.505961e-01
188, 2.651736e-01, 7.851963e-01
189, 2.652028e-01, 6.027261e-01
190, 2.655239e-01, 7.508831e-01
191, 2.656131e-01, 4.519773e-01
192, 2.656155e-01, 7.347511e-01
193, 2.661125e-01, 3.199820e-01
194, 2.662667e-01, 5.158866e-01
195, 2.663498e-01, 7.189105e-01
196, 2.667516e-01, 2.786398e-01
197, 2.667660e-01, 2.036607e-01
198, 2.668588e-01, 4.088785e-01
199, 2.673012e-01, 4.784431e-01
200, 2.676878e-01, 7.991845e-01
201, 2.678151e-01, 2.503301e-01
202, 2.681533e-01, 5.420363e-01
203, 2.682301e-01, 2.640714e-01
204, 2.682818e-01, 4.722356e-01
205, 2.684870e-01, 5.371522e-01
206, 2.685062e-01, 5.997239e-01
207, 2.685251e-01, 2.121798e-01
208, 2.687732e-01, 1.858021e-01
209, 2.689154e-01, 6.750909e-01
210, 2.696330e-01, 8.092248e-01
211, 2.702218e-01, 1.983761e-01
212, 2.702942e-01, 2.663544e-01
213, 2.705309e-01, 8.015206e-01
214, 2.713149e-01, 5.878495e-01
215, 2.717409e-01, 3.374551e-01
216, 2.720961e-01, 3.516002e-01
217, 2.748002e-01, 3.985070e-01
218, 2.776327e-01, 8.013314e-01
219, 2.793140e-01, 7.380900e-01
220, 2.796182e-01, 6.643737e-01
221, 2.798559e-01, 4.703278e-01
222, 2.802122e-01, 8.349593e-01
223, 2.806080e-01, 2.966369e-01
224, 2.809266e-01, 2.001802e-01
225, 2.812369e-01, 7.702690e-01
226, 2.817078e-01, 1.637783e-01
227, 2.817359e-01, 4.176685e-01
228, 2.821208e-01, 5.375385e-01
229, 2.830030e-01, 5.973545e-01
230, 2.832541e-01, 2.680347e-01
231, 2.834966e-01, 7.034148e-01
232, 2.840099e-01, 3.619411e-01
233, 2.843786e-01, 3.347173e-01
234, 2.847778e-01, 7.557768e-01
235, 2.859925e-01, 2.311010e-01
236, 2.860299e-01, 5.521120e-01
237, 2.875592e-01, 4.976380e-01
238, 2.887439e-01, 5.781454e-01
239, 2.891317e-01, 2.281560e-01
240, 2.898895e-01, 6.364246e-01
241, 2.899564e-01, 3.755027e-01
242, 2.933765e-01, 5.726658e-01
243, 2.935094e-01, 4.408915e-01
244, 2.940764e-01, 6.356844e-01
245, 2.943003e-01, 7.676391e-01
246, 2.947216e-01, 1.886979e-01
247, 2.952555e-01, 3.127009e-01
248, 2.966525e-01, 6.894602e-01
249, 2.970402e-01, 6.434120e-01
250, 2.978895e-01, 5.120756e-01
251, 2.982047e-01, 4.855205e-01
252, 2.983778e-01, 2.895542e-01
253, 2.984218e-01, 1.672655e-01
254, 2.987203e-01, 8.277264e-01
255, 2.988714e-01, 6.971709e-01
256, 2.993005e-01, 3.679395e-01
257, 2.993172e-01, 2.307920e-01
258, 2.996330e-01, 2.863959e-01
259, 2.998139e-01, 3.623690e-01
260, 2.998527e-01, 6.270226e-01
261, 2.998933e-01, 5.018713e-01
262, 3.000011e-01, 8.235874e-01
263, 3.000291e-01, 7.041038e-01
264, 3.001251e-01, 4.407174e-01
265, 3.003241e-01, 2.460134e-01
266, 3.014466e-01, 2.328169e-01
267, 3.016304e-01, 4.964167e-01
268, 3.020052e-01, 8.350980e-01
269, 3.023530e-01, 6.194996e-01
270, 3.023661e-01, 2.168423e-01
271, 3.026513e-01, 7.652664e-01
272, 3.030719e-01, 7.067538e-01
273, 3.031662e-01, 1.661383e-01
274, 3.035219e-01, 7.619579e-01
275, 3.037256e-01, 3.677258e-01
276, 3.040646e-01, 6.358448e-01
277, 3.042004e-01, 5.772605e-01
278, 3.048290e-01, 5.050773e-01
279, 3.050998e-01, 3.475002e-01
280, 3.054325e-01, 5.571428e-01
281, 3.056338e-01, 3.874768e-01
282, 3.074144e-01, 7.182303e-01
283, 3.085512e-01, 4.356926e-01
284, 3.099738e-01, 7.636869e-01
285, 3.104954e-01, 7.791468e-01
286, 3.111910e-01, 4.882489e-01
287, 3.114755e-01, 1.709622e-01
288, 3.116706e-01, 5.065118e-01
289, 3.122517e-01, 6.326831e-01
290, 3.127927e-01, 2.993759e-01
291, 3.130059e-01, 8.297624e-01
292, 3.131088e-01, 4.208981e-01
293, 3.139152e-01, 6.839758e-01
294, 3.143457e-01, 1.714867e-01
295, 3.165981e-01, 5.962718e-01
296, 3.171878e-01, 7.311238e-01
297, 3.172796e-01, 7.988657e-01
298, 3.176058e-01, 3.334467e-01
299, 3.177271e-01, 4.051427e-01
300, 3.178878e-01, 2.977639e-01
301, 3.184266e-01, 5.308534e-01
302, 3.184866e-01, 7.096333e-01
303, 3.211614e-01, 4.675754e-01
304, 3.212501e-01, 2.412587e-01
305, 3.216908e-01, 1.962108e-01
306, 3.219946e-01, 6.654524e-01
307, 3.223789e-01, 2.640061e-01
308, 3.259192e-01, 3.329295e-01
309, 3.297039e-01, 4.555331e-01
310, 3.298494e-01, 4.157168e-01
311, 3.298507e-01, 5.982314e-01
312, 3.300108e-01, 4.029655e-01
313, 3.302906e-01, 6.651430e-01
314, 3.304771e-01, 4.656562e-01
315, 3.307665e-01, 5.828115e-01
316, 3.309879e-01, 5.310904e-01
317, 3.310593e-01, 2.650263e-01
318, 3.314364e-01, 6.574587e-01
319, 3.321503e-01, 7.199496e-01
320, 3.325250e-01, 2.528205e-01
321, 3.325442e-01, 3.158878e-01
322, 3.326054e-01, 3.448954e-01
323, 3.327347e-01, 3.390939e-01
324, 3.329195e-01, 1.893684e-01
325, 3.332182e-01, 6.780552e-01
326, 3.333145e-01, 6.021083e-01
327, 3.336093e-01, 2.680954e-01
328, 3.336791e-01, 6.687270e-01
329, 3.338021e-01, 7.992946e-01
330, 3.340114e-01, 5.204779e-01
331, 3.341191e-01, 5.479935e-01
332, 3.341413e-01, 2.763396e-01
333, 3.344877e-01, 3.995684e-01
334, 3.346824e-01, 7.495697e-01
335, 3.346943e-01, 6.170726e-01
336, 3.347557e-01, 4.679270e-01
337, 3.356366e-01, 2.152543e-01
338, 3.357091e-01, 8.168881e-01
339, 3.363823e-01, 4.836686e-01
340, 3.364045e-01, 5.385738e-01
341, 3.365368e-01, 7.840080e-01
342, 3.373308e-01, 3.879495e-01
343, 3.431486e-01, 4.667825e-01
344, 3.456093e-01, 5.608604e-01
345, 3.458191e-01, 5.385684e-01
346, 3.458544e-01, 1.990058e-01
347, 3.470108e-01, 1.629787e-01
348, 3.472007e-01, 6.016939e-01
349, 3.472141e-01, 6.693251e-01
350, 3.475434e-01, 4.906962e-01
351, 3.489547e-01, 8.003790e-01
352, 3.489945e-01, 2.674492e-01
353, 3.494484e-01, 3.362524e-01
354, 3.496058e-01, 4.047410e-01
355, 3.503198e-01, 2.217774e-01
356, 3.506611e-01, 7.737005e-01
357, 3.507046e-01, 7.325186e-01
358, 3.538324e-01, 3.784753e-01
359, 3.549959e-01, 3.065862e-01
360, 3.551299e-01, 2.261840e-01
361, 3.564955e-01, 3.668643e-01
362, 3.575510e-01, 3.037089e-01
363, 3.577234e-01, 5.144090e-01
364, 3.581403e-01, 2.472301e-01
365, 3.597060e-01, 3.456085e-01
366, 3.605336e-01, 8.312304e-01
367, 3.612771e-01, 7.184880e-01
368, 3.617891e-01, 2.890040e-01
369, 3.623146e-01, 8.343306e-01
370, 3.630022e-01, 5.708298e-01
371, 3.633399e-01, 7.055766e-01
372, 3.633477e-01, 4.901473e-01
373, 3.633526e-01, 2.961883e-01
374, 3.639846e-01, 6.207770e-01
375, 3.640356e-01, 5.553800e-01
376, 3.644737e-01, 5.104389e-01
377, 3.650542e-01, 2.301941e-01
378, 3.652150e-01, 3.001064e-01
379, 3.652835e-01, 8.464108e-01
380, 3.658843e-01, 2.409640e-01
381, 3.667528e-01, 5.629267e-01
382, 3.670001e-01, 3.660703e-01
383, 3.672172e-01, 2.333487e-01
384, 3.672889e-01, 1.786218e-01
385, 3.676584e-01, 2.192524e-01
386, 3.678098e-01, 2.456219e-01
387, 3.687524e-01, 4.931366e-01
388, 3.693589e-01, 8.292673e-01
389, 3.695885e-01, 5.712120e-01
390, 3.704845e-01, 8.233696e-01
391, 3.711653e-01, 6.959516e-01
392, 3.718290e-01, 3.633568e-01
393, 3.726668e-01, 1.689827e-01
394, 3.728764e-01, 2.964358e-01
395, 3.739555e-01, 3.728790e-01
396, 3.745711e-01, 5.748897e-01
397, 3.747706e-01, 7.087884e-01
398, 3.748184e-01, 7.487643e-01
399, 3.752947e-01, 6.909820e-01
400, 3.757120e-01, 5.543243e-01
401, 3.771986e-01, 2.302155e-01
402, 3.776215e-01, 8.291620e-01
403, 3.779920e-01, 3.034705e-01
404, 3.783519e-01, 5.151575e-01
405, 3.801105e-01, 4.469718e-01
406, 3.810953e-01, 3.608819e-01
407, 3.825056e-01, 3.293005e-01
408, 3.832917e-01, 3.956693e-01
409, 3.841248e-01, 6.665566e-01
410, 3.844619e-01, 7.986843e-01
411, 3.844710e-01, 2.636565e-01
412, 3.847886e-01, 5.301587e-01
413, 3.866987e-01, 7.327660e-01
414, 3.883941e-01, 4.659820e-01
415, 3.895351e-01, 6.041878e-01
416, 3.906950e-01, 1.988336e-01
417, 3.952473e-01, 3.288677e-01
418, 3.955016e-01, 7.316627e-01
419, 3.958922e-01, 7.178944e-01
420, 3.960793e-01, 7.847740e-01
421, 3.962927e-01, 6.528651e-01
422, 3.966805e-01, 3.196086e-01
423, 3.970925e-01, 4.684252e-01
424, 3.971674e-01, 5.197075e-01
425, 3.974561e-01, 2.634022e-01
426, 3.983012e-01, 5.483015e-01
427, 3.986756e-01, 8.006713e-01
428, 3.986756e-01, 8.095979e-01
429, 3.987028e-01, 4.789146e-01
430, 3.992103e-01, 4.131140e-01
431, 3.998823e-01, 7.491919e-01
432, 4.002135e-01, 2.004250e-01
433, 4.006125e-01, 6.793863e-01
434, 4.007044e-01, 1.881396e-01
435, 4.007952e-01, 3.887799e-01
436, 4.009885e-01, 2.800189e-01
437, 4.010045e-01, 7.352559e-01
438, 4.011176e-01, 3.976959e-01
439, 4.014307e-01, 2.691038e-01
440, 4.016549e-01, 2.064212e-01
441, 4.016823e-01, 7.975277e-01
442, 4.020438e-01, 6.049438e-01
443, 4.020721e-01, 2.026516e-01
444, 4.022264e-01, 3.480643e-01
445, 4.023693e-01, 6.133599e-01
446, 4.025451e-01, 2.503643e-01
447, 4.030618e-01, 4.493300e-01
448, 4.031311e-01, 4.646123e-01
449, 4.036406e-01, 3.406558e-01
450, 4.041400e-01, 6.019678e-01
451, 4.050863e-01, 5.874785e-01
452, 4.092831e-01, 4.655864e-01
453, 4.117536e-01, 7.323244e-01
454, 4.117719e-01, 5.612444e-01
455, 4.118950e-01, 6.014302e-01
456, 4.137509e-01, 7.978728e-01
457, 4.146130e-01, 2.709153e-01
458, 4.155958e-01, 3.982217e-01
459, 4.157406e-01, 5.362301e-01
460, 4.159811e-01, 2.005113e-01
461, 4.165619e-01, 6.654615e-01
462, 4.168209e-01, 4.387891e-01
463, 4.178568e-01, 1.631864e-01
464, 4.181648e-01, 7.651277e-01
465, 4.192461e-01, 3.398088e-01
466, 4.215827e-01, 4.956793e-01
467, 4.218560e-01, 6.364868e-01
468, 4.224802e-01, 7.637423e-01
469, 4.226369e-01, 2.362201e-01
470, 4.231563e-01, 5.782917e-01
471, 4.232036e-01, 6.944817e-01
472, 4.241185e-01, 7.052967e-01
473, 4.245420e-01, 4.963507e-01
474, 4.252297e-01, 4.365176e-01
475, 4.267190e-01, 2.368006e-01
476, 4.267367e-01, 3.508143e-01
477, 4.268904e-01, 5.648165e-01
478, 4.278957e-01, 6.528631e-01
479, 4.281636e-01, 6.285041e-01
480, 4.282301e-01, 3.058244e-01
481, 4.284720e-01, 4.276737e-01
482, 4.288669e-01, 8.476671e-01
483, 4.289301e-01, 4.989604e-01
484, 4.292281e-01, 5.731461e-01
485, 4.294391e-01, 8.236038e-01
486, 4.297401e-01, 3.606195e-01
487, 4.302618e-01, 8.287571e-01
488, 4.310021e-01, 1.773138e-01
489, 4.316286e-01, 5.118438e-01
490, 4.322874e-01, 5.686719e-01
491, 4.326047e-01, 6.277892e-01
492, 4.329282e-01, 1.712031e-01
493, 4.329328e-01, 2.354623e-01
494, 4.355871e-01, 6.880905e-01
495, 4.356508e-01, 7.067982e-01
496, 4.363309e-01, 7.686184e-01
497, 4.364619e-01, 2.407141e-01
498, 4.376294e-01, 5.659503e-01
499, 4.381559e-01, 5.056991e-01
500, 4.384972e-01, 4.908030e-01
501, 4.390573e-01, 3.768615e-01
502, 4.393921e-01, 2.281224e-01
503, 4.395683e-01, 2.426959e-01
504, 4.403632e-01, 5.537593e-01
505, 4.409379e-01, 7.019471e-01
506, 4.412002e-01, 8.369016e-01
507, 4.418527e-01, 2.957603e-01
508, 4.419187e-01, 1.796395e-01
509, 4.439881e-01, 3.104273e-01
510, 4.446160e-01, 5.641934e-01
511, 4.447619e-01, 2.271140e-01
512, 4.452637e-01, 8.229266e-01
513, 4.460544e-01, 7.550021e-01
514, 4.474772e-01, 4.829667e-01
515, 4.487737e-01, 7.722060e-01
516, 4.490502e-01, 6.016131e-01
517, 4.491566e-01, 2.939703e-01
518, 4.509774e-01, 6.977230e-01
519, 4.515526e-01, 3.626151e-01
520, 4.520006e-01, 2.012695e-01
521, 4.521562e-01, 4.013127e-01
522, 4.524020e-01, 6.691453e-01
523, 4.525697e-01, 8.004601e-01
524, 4.529572e-01, 3.322139e-01
525, 4.536782e-01, 7.340004e-01
526, 4.544235e-01, 5.329594e-01
527, 4.553521e-01, 1.601249e-01
528, 4.559394e-01, 2.685113e-01
529, 4.580431e-01, 6.280787e-01
530, 4.608788e-01, 4.661972e-01
531, 4.623538e-01, 3.153874e-01
532, 4.631740e-01, 3.871886e-01
533, 4.634820e-01, 7.804302e-01
534, 4.637414e-01, 4.005639e-01
535, 4.638652e-01, 7.974213e-01
536, 4.639347e-01, 2.706303e-01
537, 4.640997e-01, 7.184659e-01
538, 4.642827e-01, 2.803922e-01
539, 4.643851e-01, 7.310423e-01
540, 4.644824e-01, 4.126322e-01
541, 4.648096e-01, 6.479891e-01
542, 4.658496e-01, 1.871030e-01
543, 4.658997e-01, 2.116620e-01
544, 4.660937e-01, 3.374622e-01
545, 4.661307e-01, 4.025793e-01
546, 4.661644e-01, 3.441146e-01
547, 4.663255e-01, 4.546211e-01
548, 4.663793e-01, 6.700682e-01
549, 4.666643e-01, 5.906796e-01
550, 4.666910e-01, 5.187111e-01
551, 4.669632e-01, 7.498660e-01
552, 4.674835e-01, 6.822492e-01
553, 4.685761e-01, 4.716660e-01
554, 4.693948e-01, 5.493558e-01
555, 4.695964e-01, 8.189024e-01
556, 4.701438e-01, 6.164507e-01
557, 4.707611e-01, 8.022716e-01
558, 4.739829e-01, 2.606863e-01
559, 4.747786e-01, 2.458899e-01
560, 4.759836e-01, 4.011752e-01
561, 4.764875e-01, 4.314476e-01
562, 4.787265e-01, 6.709703e-01
563, 4.794938e-01, 2.028176e-01
564, 4.795275e-01, 6.387406e-01
565, 4.814682e-01, 3.350950e-01
566, 4.817089e-01, 7.321405e-01
567, 4.818380e-01, 4.662982e-01
568, 4.834147e-01, 4.788978e-01
569, 4.835451e-01, 5.969066e-01
570, 4.842154e-01, 2.594417e-01
571, 4.852634e-01, 8.029720e-01
572, 4.854309e-01, 5.279120e-01
573, 4.866457e-01, 3.051253e-01
574, 4.867235e-01, 8.315721e-01
575, 4.867246e-01, 3.732203e-01
576, 4.875016e-01, 5.062198e-01
577, 4.897676e-01, 2.360040e-01
578, 4.898008e-01, 7.560644e-01
579, 4.923248e-01, 8.332347e-01
580, 4.925937e-01, 5.754269e-01
581, 4.930368e-01, 6.940575e-01
582, 4.932959e-01, 5.050722e-01
583, 4.935850e-01, 2.305210e-01
584, 4.948266e-01, 2.739978e-01
585, 4.948367e-01, 4.428477e-01
586, 4.963362e-01, 5.032595e-01
587, 4.966526e-01, 3.047261e-01
588, 4.969494e-01, 2.956742e-01
589, 4.970809e-01, 1.550883e-01
590, 4.976160e-01, 8.212395e-01
591, 4.978689e-01, 6.205631e-01
592, 4.980994e-01, 3.566882e-01
593, 4.988027e-01, 4.214361e-01
594, 4.990159e-01, 5.006239e-01
595, 4.995546e-01, 5.618890e-01
596, 4.995909e-01, 3.671082e-01
597, 4.995954e-01, 2.338756e-01
598, 5.004226e-01, 3.639749e-01
599, 5.006052e-01, 3.028438e-01
600, 5.010430e-01, 4.267110e-01
601, 5.011764e-01, 7.693323e-01
602, 5.012790e-01, 5.564532e-01
603, 5.017148e-01, 3.695188e-01
604, 5.019997e-01, 4.335032e-01
605, 5.020101e-01, 3.075585e-01
606, 5.026708e-01, 2.309013e-01
607, 5.027301e-01, 3.740948e-01
608, 5.030060e-01, 6.398023e-01
609, 5.033328e-01, 2.259205e-01
610, 5.034348e-01, 1.726437e-01
611, 5.044896e-01, 8.290447e-01
612, 5.046207e-01, 5.015926e-01
613, 5.046580e-01, 7.820123e-01
614, 5.048666e-01, 6.459548e-01
615, 5.050765e-01, 5.791459e-01
616, 5.051456e-01, 4.845518e-01
617, 5.052659e-01, 3.014213e-01
618, 5.055963e-01, 5.677729e-01
619, 5.067009e-01, 4.334667e-01
620, 5.091109e-01, 6.943279e-01
621, 5.096163e-01, 7.635197e-01
622, 5.102639e-01, 6.286095e-01
623, 5.110128e-01, 2.974212e-01
624, 5.120873e-01, 8.271484e-01
625, 5.128324e-01, 4.309908e-01
626, 5.130395e-01, 2.284960e-01
627, 5.138931e-01, 1.935812e-01
628, 5.143696e-01, 3.523819e-01
629, 5.145750e-01, 2.917452e-01
630, 5.149287e-01, 3.974334e-01
631, 5.149591e-01, 3.723071e-01
632, 5.158432e-01, 2.630531e-01
633, 5.183789e-01, 6.924998e-01
634, 5.189281e-01, 3.346610e-01
635, 5.192411e-01, 5.964902e-01
636, 5.196607e-01, 8.001217e-01
637, 5.203524e-01, 4.667513e-01
638, 5.203625e-01, 5.309915e-01
639, 5.208741e-01, 6.645493e-01
640, 5.218401e-01, 7.325810e-01
641, 5.296507e-01, 3.493903e-01
642, 5.300411e-01, 3.808512e-01
643, 5.308314e-01, 7.869876e-01
644, 5.308436e-01, 2.797019e-01
645, 5.309548e-01, 2.157184e-01
646, 5.316382e-01, 7.304009e-01
647, 5.316471e-01, 8.133887e-01
648, 5.319952e-01, 7.218156e-01
649, 5.320307e-01, 5.950468e-01
650, 5.329864e-01, 6.659596e-01
651, 5.331473e-01, 7.489998e-01
652, 5.332007e-01, 5.195812e-01
653, 5.332420e-01, 1.818449e-01
654, 5.332457e-01, 4.550285e-01
655, 5.332472e-01, 6.542973e-01
656, 5.334277e-01, 5.297811e-01
657, 5.334352e-01, 3.171667e-01
658, 5.335433e-01, 2.674957e-01
659, 5.336513e-01, 6.165569e-01
660, 5.337222e-01, 4.825108e-01
661, 5.341430e-01, 2.521733e-01
662, 5.344253e-01, 5.864625e-01
663, 5.344779e-01, 4.021335e-01
664, 5.345653e-01, 4.071269e-01
665, 5.355235e-01, 6.784803e-01
666, 5.357832e-01, 5.320807e-01
667, 5.362587e-01, 5.506965e-01
668, 5.372829e-01, 2.639805e-01
669, 5.377088e-01, 6.030413e-01
670, 5.404803e-01, 8.000202e-01
671, 5.420054e-01, 6.041804e-01
672, 5.431890e-01, 2.022406e-01
673, 5.446773e-01, 1.611552e-01
674, 5.454229e-01, 5.583801e-01
675, 5.459688e-01, 2.641856e-01
676, 5.463970e-01, 5.318652e-01
677, 5.474768e-01, 3.318696e-01
678, 5.486118e-01, 2.375466e-01
679, 5.486320e-01, 6.656456e-01
680, 5.486934e-01, 3.987125e-01
681, 5.501835e-01, 4.679044e-01
682, 5.502074e-01, 4.947398e-01
683, 5.503646e-01, 7.286299e-01
684, 5.503827e-01, 3.661156e-01
685, 5.512480e-01, 5.122582e-01
686, 5.519282e-01, 8.192792e-01
687, 5.522890e-01, 6.244167e-01
688, 5.523570e-01, 7.753075e-01
689, 5.546742e-01, 3.047208e-01
690, 5.547494e-01, 1.645934e-01
691, 5.558742e-01, 3.637970e-01
692, 5.558775e-01, 4.485467e-01
693, 5.563833e-01, 8.386616e-01
694, 5.573519e-01, 7.698583e-01
695, 5.616019e-01, 7.475967e-01
696, 5.616075e-01, 3.037863e-01
697, 5.620137e-01, 6.344963e-01
698, 5.631595e-01, 1.574292e-01
699, 5.633289e-01, 6.963964e-01
700, 5.634271e-01, 3.815231e-01
701, 5.634599e-01, 5.560487e-01
702, 5.636991e-01, 5.760616e-01
703, 5.638068e-01, 2.276875e-01
704, 5.642982e-01, 5.730913e-01
705, 5.643441e-01, 2.941652e-01
706, 5.644652e-01, 7.009398e-01
707, 5.645741e-01, 2.305259e-01
708, 5.648354e-01, 1.637748e-01
709, 5.648776e-01, 1.879383e-01
710, 5.651792e-01, 3.635967e-01
711, 5.653025e-01, 4.384208e-01
712, 5.654853e-01, 8.362005e-01
713, 5.656118e-01, 4.267353e-01
714, 5.658039e-01, 8.403445e-01
715, 5.667250e-01, 4.337407e-01
716, 5.670628e-01, 2.846414e-01
717, 5.673111e-01, 3.671399e-01
718, 5.678316e-01, 8.313665e-01
719, 5.682794e-01, 4.986019e-01
720, 5.684173e-01, 4.156227e-01
721, 5.690770e-01, 8.263668e-01
722, 5.696759e-01, 3.582109e-01
723, 5.697274e-01, 4.505446e-01
724, 5.701363e-01, 5.663457e-01
725, 5.713549e-01, 6.236042e-01
726, 5.723607e-01, 8.321214e-01
727, 5.743182e-01, 5.090401e-01
728, 5.746684e-01, 2.350953e-01
729, 5.746835e-01, 7.557062e-01
730, 5.751847e-01, 4.945798e-01
731, 5.760554e-01, 5.193734e-01
732, 5.764863e-01, 3.719583e-01
733, 5.777290e-01, 3.129534e-01
734, 5.798359e-01, 1.634523e-01
735, 5.799223e-01, 3.726255e-01
736, 5.812757e-01, 2.671597e-01
737, 5.827406e-01, 4.928501e-01
738, 5.829092e-01, 6.971093e-01
739, 5.836159e-01, 5.324283e-01
740, 5.837541e-01, 4.282755e-01
741, 5.838272e-01, 4.677464e-01
742, 5.838706e-01, 7.330093e-01
743, 5.841158e-01, 2.942356e-01
744, 5.850541e-01, 3.967773e-01
745, 5.853747e-01, 3.317697e-01
746, 5.869303e-01, 5.974605e-01
747, 5.869798e-01, 7.988292e-01
748, 5.875973e-01, 6.646112e-01
749, 5.889994e-01, 6.403946e-01
750, 5.913292e-01, 2.293769e-01
751, 5.923738e-01, 2.003776e-01
752, 5.950479e-01, 6.670856e-01
753, 5.952479e-01, 6.855805e-01
754, 5.956330e-01, 6.139329e-01
755, 5.958115e-01, 5.998032e-01
756, 5.966329e-01, 3.843819e-01
757, 5.967721e-01, 5.347832e-01
758, 5.968945e-01, 3.971450e-01
759, 5.970272e-01, 4.796398e-01
760, 5.979141e-01, 5.446702e-01
761, 5.986266e-01, 4.527003e-01
762, 5.987273e-01, 7.857487e-01
763, 5.989789e-01, 2.788064e-01
764, 5.992238e-01, 2.506063e-01
765, 5.995018e-01, 2.211807e-01
766, 5.997749e-01, 7.986650e-01
767, 6.003619e-01, 7.201370e-01
768, 6.004240e-01, 3.463517e-01
769, 6.006577e-01, 3.344555e-01
770, 6.006647e-01, 4.149089e-01
771, 6.008518e-01, 4.655166e-01
772, 6.008779e-01, 8.153444e-01
773, 6.009644e-01, 5.303619e-01
774, 6.010512e-01, 6.504185e-01
775, 6.017876e-01, 5.187723e-01
776, 6.019045e-01, 6.610807e-01
777, 6.021368e-01, 5.947734e-01
778, 6.021511e-01, 3.183670e-01
779, 6.022892e-01, 7.384110e-01
780, 6.030714e-01, 8.018161e-01
781, 6.034247e-01, 4.037428e-01
782, 6.034713e-01, 5.828724e-01
783, 6.040909e-01, 1.869631e-01
784, 6.051868e-01, 3.300338e-01
785, 6.073833e-01, 8.013332e-01
786, 6.090194e-01, 3.295481e-01
787, 6.097928e-01, 4.666365e-01
788, 6.119192e-01, 7.327024e-01
789, 6.128590e-01, 2.009474e-01
790, 6.139340e-01, 6.621882e-01
791, 6.143024e-01, 2.679025e-01
792, 6.144825e-01, 5.990463e-01
793, 6.150379e-01, 4.986853e-01
794, 6.154185e-01, 5.309004e-01
795, 6.156738e-01, 5.721908e-01
796, 6.159744e-01, 4.030911e-01
797, 6.187614e-01, 6.470404e-01
798, 6.190376e-01, 3.038032e-01
799, 6.193728e-01, 8.323896e-01
800, 6.216324e-01, 8.426517e-01
801, 6.221935e-01, 2.379027e-01
802, 6.229430e-01, 3.630157e-01
803, 6.230444e-01, 4.340013e-01
804, 6.242179e-01, 7.626880e-01
805, 6.248723e-01, 5.027116e-01
806, 6.271372e-01, 5.677981e-01
807, 6.282218e-01, 2.273818e-01
808, 6.283627e-01, 6.167080e-01
809, 6.285204e-01, 4.323604e-01
810, 6.286277e-01, 5.477934e-01
811, 6.286913e-01, 8.357495e-01
812, 6.288647e-01, 1.575459e-01
813, 6.291382e-01, 6.884210e-01
814, 6.294786e-01, 1.836134e-01
815, 6.296012e-01, 5.621358e-01
816, 6.297241e-01, 2.947392e-01
817, 6.298189e-01, 6.918536e-01
818, 6.299666e-01, 7.798791e-01
819, 6.302699e-01, 2.880423e-01
820, 6.307670e-01, 3.756733e-01
821, 6.310474e-01, 5.654313e-01
822, 6.312946e-01, 3.012551e-01
823, 6.313514e-01, 3.064160e-01
824, 6.318281e-01, 7.735497e-01
825, 6.324082e-01, 6.961609e-01
826, 6.331945e-01, 4.454526e-01
827, 6.334777e-01, 2.798034e-01
828, 6.336961e-01, 7.708197e-01
829, 6.342507e-01, 7.616942e-01
830, 6.342568e-01, 7.662135e-01
831, 6.344466e-01, 2.437264e-01
832, 6.347808e-01, 5.667623e-01
833, 6.350293e-01, 2.325804e-01
834, 6.360426e-01, 7.101909e-01
835, 6.361507e-01, 5.023837e-01
836, 6.362481e-01, 8.298554e-01
837, 6.365733e-01, 4.947145e-01
838, 6.366391e-01, 2.294932e-01
839, 6.367902e-01, 4.341791e-01
840, 6.368360e-01, 6.328330e-01
841, 6.368674e-01, 7.513817e-01
842, 6.372045e-01, 2.251729e-01
843, 6.372823e-01, 4.169660e-01
844, 6.372913e-01, 3.189739e-01
845, 6.375118e-01, 3.715226e-01
846, 6.379459e-01, 4.888846e-01
847, 6.379905e-01, 5.733061e-01
848, 6.380393e-01, 8.210133e-01
849, 6.382764e-01, 3.581691e-01
850, 6.394256e-01, 5.209156e-01
851, 6.397118e-01, 7.130915e-01
852, 6.407420e-01, 5.758184e-01
853, 6.415231e-01, 4.401678e-01
854, 6.424085e-01, 3.554402e-01
855, 6.430837e-01, 2.349786e-01
856, 6.448656e-01, 7.640799e-01
857, 6.464606e-01, 3.808167e-01
858, 6.468392e-01, 7.339394e-01
859, 6.483154e-01, 3.012635e-01
860, 6.484109e-01, 8.067222e-01
861, 6.488145e-01, 4.312071e-01
862, 6.503152e-01, 8.393506e-01
863, 6.512219e-01, 3.274040e-01
864, 6.513278e-01, 5.338961e-01
865, 6.518199e-01, 2.638034e-01
866, 6.524630e-01, 2.015180e-01
867, 6.531419e-01, 3.970262e-01
868, 6.539117e-01, 5.985804e-01
869, 6.543724e-01, 4.659957e-01
870, 6.554766e-01, 2.984929e-01
871, 6.584687e-01, 6.676888e-01
872, 6.601832e-01, 2.643655e-01
873, 6.618455e-01, 1.795161e-01
874, 6.641356e-01, 5.997453e-01
875, 6.642114e-01, 3.989235e-01
876, 6.644597e-01, 3.863727e-01
877, 6.646493e-01, 5.849921e-01
878, 6.649739e-01, 3.222945e-01
879, 6.652407e-01, 2.597562e-01
880, 6.652408e-01, 6.807430e-01
881, 6.655493e-01, 3.181750e-01
882, 6.656380e-01, 2.563842e-01
883, 6.659891e-01, 2.852883e-01
884, 6.664823e-01, 7.193861e-01
885, 6.665538e-01, 5.326609e-01
886, 6.666229e-01, 6.149178e-01
887, 6.666907e-01, 5.197425e-01
888, 6.668799e-01, 8.091131e-01
889, 6.671934e-01, 6.675890e-01
890, 6.676515e-01, 4.024746e-01
891, 6.676776e-01, 2.120737e-01
892, 6.676975e-01, 8.142893e-01
893, 6.677552e-01, 4.170242e-01
894, 6.682404e-01, 6.542498e-01
895, 6.689294e-01, 6.042683e-01
896, 6.691529e-01, 4.753854e-01
897, 6.694470e-01, 4.567672e-01
898, 6.694874e-01, 6.657006e-01
899, 6.701190e-01, 5.494643e-01
900, 6.701941e-01, 4.673648e-01
901, 6.709029e-01, 7.847851e-01
902, 6.713255e-01, 7.462386e-01
903, 6.726450e-01, 3.542737e-01
904, 6.736063e-01, 8.025320e-01
905, 6.751104e-01, 3.315606e-01
906, 6.752337e-01, 6.673320e-01
907, 6.760500e-01, 4.679133e-01
908, 6.779232e-01, 7.325811e-01
909, 6.790519e-01, 6.045294e-01
910, 6.808880e-01, 3.320597e-01
911, 6.815675e-01, 8.029211e-01
912, 6.816828e-01, 1.988285e-01
913, 6.821733e-01, 5.301091e-01
914, 6.827740e-01, 2.639445e-01
915, 6.832915e-01, 4.024746e-01
916, 6.834093e-01, 7.529909e-01
917, 6.839076e-01, 1.627102e-01
918, 6.843159e-01, 2.202137e-01
919, 6.866947e-01, 5.057646e-01
920, 6.871988e-01, 3.035953e-01
921, 6.877316e-01, 8.273973e-01
922, 6.890715e-01, 3.652576e-01
923, 6.891673e-01, 4.344663e-01
924, 6.893736e-01, 7.664642e-01
925, 6.895932e-01, 2.889316e-01
926, 6.909625e-01, 5.613085e-01
927, 6.913053e-01, 8.278618e-01
928, 6.929497e-01, 2.318636e-01
929, 6.931903e-01, 1.554919e-01
930, 6.938712e-01, 5.883111e-01
931, 6.941909e-01, 7.651342e-01
932, 6.944907e-01, 1.798859e-01
933, 6.946907e-01, 7.137441e-01
934, 6.947563e-01, 4.257566e-01
935, 6.951584e-01, 6.995523e-01
936, 6.953516e-01, 1.668720e-01
937, 6.963592e-01, 6.934176e-01
938, 6.966230e-01, 1.697969e-01
939, 6.980674e-01, 5.033293e-01
940, 6.984097e-01, 3.100608e-01
941, 6.987286e-01, 2.357055e-01
942, 6.995410e-01, 3.628806e-01
943, 6.995896e-01, 4.889616e-01
944, 6.999223e-01, 7.794848e-01
945, 7.004272e-01, 3.724098e-01
946, 7.012180e-01, 4.924839e-01
947, 7.013324e-01, 3.568231e-01
948, 7.014736e-01, 4.998860e-01
949, 7.019490e-01, 7.734708e-01
950, 7.021587e-01, 2.883756e-01
951, 7.033976e-01, 4.439306e-01
952, 7.042320e-01, 2.328888e-01
953, 7.047790e-01, 1.687211e-01
954, 7.051159e-01, 6.408485e-01
955, 7.060999e-01, 7.766023e-01
956, 7.069610e-01, 3.031111e-01
957, 7.070917e-01, 6.303564e-01
958, 7.075052e-01, 8.284628e-01
959, 7.075082e-01, 5.600616e-01
960, 7.085254e-01, 2.246765e-01
961, 7.092860e-01, 2.152670e-01
962, 7.095086e-01, 6.450336e-01
963, 7.101504e-01, 7.072032e-01
964, 7.101594e-01, 5.004363e-01
965, 7.123189e-01, 1.643041e-01
966, 7.127108e-01, 6.971314e-01
967, 7.129349e-01, 8.474913e-01
968, 7.141085e-01, 1.619199e-01
969, 7.156611e-01, 4.683816e-01
970, 7.157535e-01, 5.989060e-01
971, 7.164043e-01, 4.974809e-01
972, 7.175996e-01, 7.300776e-01
973, 7.182271e-01, 6.600920e-01
974, 7.199420e-01, 2.385790e-01
975, 7.199828e-01, 3.316504e-01
976, 7.207972e-01, 1.966609e-01
977, 7.212087e-01, 5.307159e-01
978, 7.223493e-01, 4.025489e-01
979, 7.225207e-01, 8.012409e-01
980, 7.230640e-01, 2.665283e-01
981, 7.258621e-01, 2.851434e-01
982, 7.267143e-01, 2.665610e-01
983, 7.288918e-01, 4.041712e-01
984, 7.304764e-01, 5.303856e-01
985, 7.311668e-01, 2.630457e-01
986, 7.314556e-01, 7.342042e-01
987, 7.315217e-01, 2.503839e-01
988, 7.317218e-01, 7.487643e-01
989, 7.325040e-01, 4.690803e-01
990, 7.325637e-01, 5.901036e-01
991, 7.327002e-01, 5.211560e-01
992, 7.329721e-01, 5.422830e-01
993, 7.330953e-01, 8.016005e-01
994, 7.334322e-01, 6.154740e-01
995, 7.334505e-01, 6.624748e-01
996, 7.334893e-01, 5.983230e-01
997, 7.335809e-01, 5.366440e-01
998, 7.335878e-01, 6.544851e-01
999, 7.336223e-01, 4.800435e-01
1000, 7.339385e-01, 6.825871e-01
1001, 7.342579e-01, 1.980967e-01
1002, 7.346155e-01, 4.508785e-01
1003, 7.346341e-01, 2.131910e-01
1004, 7.346516e-01, 3.307406e-01
1005, 7.347751e-01, 7.307995e-01
1006, 7.351641e-01, 7.840274e-01
1007, 7.351876e-01, 7.168199e-01
1008, 7.354902e-01, 3.833051e-01
1009, 7.360065e-01, 3.190939e-01
1010, 7.361649e-01, 6.011504e-01
1011, 7.369670e-01, 3.329304e-01
1012, 7.380823e-01, 3.948023e-01
1013, 7.385915e-01, 8.175105e-01
1014, 7.396498e-01, 3.539825e-01
1015, 7.410343e-01, 4.689829e-01
1016, 7.453788e-01, 7.600304e-01
1017, 7.460260e-01, 6.012832e-01
1018, 7.479308e-01, 6.655576e-01
1019, 7.482936e-01, 5.374070e-01
1020, 7.485906e-01, 6.396005e-01
1021, 7.486555e-01, 3.334946e-01
1022, 7.491955e-01, 3.948461e-01
1023, 7.493517e-01, 7.345034e-01
1024, 7.496991e-01, 7.955948e-01
1025, 7.507048e-01, 2.675953e-01
1026, 7.511825e-01, 3.683322e-01
1027, 7.512763e-01, 1.523657e-01
1028, 7.525208e-01, 1.988516e-01
1029, 7.541393e-01, 4.377602e-01
1030, 7.546569e-01, 3.668508e-01
1031, 7.561533e-01, 5.152367e-01
1032, 7.578311e-01, 4.890814e-01
1033, 7.590638e-01, 7.730794e-01
1034, 7.593368e-01, 4.220597e-01
1035, 7.597291e-01, 2.232931e-01
1036, 7.601813e-01, 4.908043e-01
1037, 7.610303e-01, 5.119084e-01
1038, 7.615265e-01, 5.593235e-01
1039, 7.615946e-01, 4.935275e-01
1040, 7.616430e-01, 3.763168e-01
1041, 7.617437e-01, 1.794270e-01
1042, 7.619448e-01, 6.180664e-01
1043, 7.622062e-01, 3.134021e-01
1044, 7.635080e-01, 7.093908e-01
1045, 7.636627e-01, 3.673863e-01
1046, 7.641872e-01, 6.873094e-01
1047, 7.641960e-01, 7.015381e-01
1048, 7.648903e-01, 4.289830e-01
1049, 7.653870e-01, 8.226790e-01
1050, 7.654881e-01, 6.398824e-01
1051, 7.655957e-01, 2.453287e-01
1052, 7.664349e-01, 3.627419e-01
1053, 7.667001e-01, 2.410059e-01
1054, 7.667121e-01, 6.438932e-01
1055, 7.670516e-01, 2.218530e-01
1056, 7.673094e-01, 4.481734e-01
1057, 7.677531e-01, 8.347560e-01
1058, 7.690093e-01, 5.685160e-01
1059, 7.691923e-01, 8.079720e-01
1060, 7.696177e-01, 5.535452e-01
1061, 7.696215e-01, 4.151454e-01
1062, 7.697035e-01, 7.762598e-01
1063, 7.698074e-01, 3.526013e-01
1064, 7.716031e-01, 5.768154e-01
1065, 7.716813e-01, 3.648800e-01
1066, 7.722788e-01, 7.463686e-01
1067, 7.728859e-01, 1.646928e-01
1068, 7.738184e-01, 8.342873e-01
1069, 7.752869e-01, 4.983876e-01
1070, 7.753816e-01, 5.064882e-01
1071, 7.757354e-01, 3.747161e-01
1072, 7.776006e-01, 7.648399e-01
1073, 7.778552e-01, 6.215051e-01
1074, 7.779576e-01, 4.337873e-01
1075, 7.790658e-01, 8.360295e-01
1076, 7.809940e-01, 4.353035e-01
1077, 7.817483e-01, 2.387847e-01
1078, 7.818583e-01, 4.032579e-01
1079, 7.825847e-01, 7.943552e-01
1080, 7.826751e-01, 7.114206e-01
1081, 7.830994e-01, 5.368082e-01
1082, 7.832128e-01, 1.977381e-01
1083, 7.833197e-01, 6.926397e-01
1084, 7.843205e-01, 6.635989e-01
1085, 7.858244e-01, 7.313093e-01
1086, 7.878516e-01, 6.002549e-01
1087, 7.880364e-01, 2.661106e-01
1088, 7.880718e-01, 4.684167e-01
1089, 7.905815e-01, 5.732998e-01
1090, 7.924026e-01, 6.377756e-01
1091, 7.928662e-01, 3.304241e-01
1092, 7.933987e-01, 3.354668e-01
1093, 7.952349e-01, 2.652822e-01
1094, 7.960307e-01, 4.682145e-01
1095, 7.965752e-01, 4.781511e-01
1096, 7.971580e-01, 7.152068e-01
1097, 7.971909e-01, 2.001290e-01
1098, 7.972527e-01, 3.391431e-01
1099, 7.973694e-01, 2.533234e-01
1100, 7.976143e-01, 3.162935e-01
1101, 7.977200e-01, 6.639359e-01
1102, 7.982924e-01, 3.466186e-01
1103, 7.985100e-01, 5.205105e-01
1104, 7.987498e-01, 6.796997e-01
1105, 7.992987e-01, 4.592524e-01
1106, 7.994395e-01, 4.012122e-01
1107, 7.997485e-01, 4.639144e-01
1108, 7.997817e-01, 8.134160e-01
1109, 8.002215e-01, 6.674749e-01
1110, 8.003153e-01, 6.004446e-01
1111, 8.003166e-01, 3.883352e-01
1112, 8.003571e-01, 2.041658e-01
1113, 8.005327e-01, 7.986333e-01
1114, 8.006435e-01, 6.506293e-01
1115, 8.006825e-01, 1.829520e-01
1116, 8.010407e-01, 2.715935e-01
1117, 8.013861e-01, 3.984032e-01
1118, 8.014797e-01, 7.478399e-01
1119, 8.017059e-01, 2.145093e-01
1120, 8.019149e-01, 4.148534e-01
1121, 8.024214e-01, 7.892551e-01
1122, 8.025568e-01, 6.124803e-01
1123, 8.026060e-01, 7.961752e-01
1124, 8.029969e-01, 5.483750e-01
1125, 8.034370e-01, 2.794338e-01
1126, 8.035409e-01, 5.826479e-01
1127, 8.104180e-01, 5.997219e-01
1128, 8.106428e-01, 4.657709e-01
1129, 8.108769e-01, 7.326095e-01
1130, 8.118381e-01, 5.341630e-01
1131, 8.123859e-01, 7.970201e-01
1132, 8.139606e-01, 4.005367e-01
1133, 8.149752e-01, 6.649148e-01
1134, 8.150665e-01, 2.715354e-01
1135, 8.155003e-01, 3.345780e-01
1136, 8.163472e-01, 2.022520e-01
1137, 8.190736e-01, 7.704756e-01
1138, 8.190932e-01, 2.841557e-01
1139, 8.191645e-01, 2.232549e-01
1140, 8.201392e-01, 1.687167e-01
1141, 8.218080e-01, 7.537571e-01
1142, 8.219427e-01, 4.352608e-01
1143, 8.227789e-01, 6.301371e-01
1144, 8.229772e-01, 4.210945e-01
1145, 8.233230e-01, 2.461737e-01
1146, 8.241406e-01, 2.289944e-01
1147, 8.244514e-01, 8.269330e-01
1148, 8.245058e-01, 5.759590e-01
1149, 8.245956e-01, 5.591296e-01
1150, 8.246532e-01, 5.053668e-01
1151, 8.260049e-01, 3.080716e-01
1152, 8.271948e-01, 4.823229e-01
1153, 8.275885e-01, 6.399120e-01
1154, 8.286907e-01, 8.369425e-01
1155, 8.287092e-01, 4.259660e-01
1156, 8.289473e-01, 3.655787e-01
1157, 8.289742e-01, 6.155796e-01
1158, 8.303313e-01, 4.924381e-01
1159, 8.303399e-01, 1.808044e-01
1160, 8.306481e-01, 5.041413e-01
1161, 8.308746e-01, 7.855532e-01
1162, 8.317825e-01, 7.613283e-01
1163, 8.319345e-01, 4.428318e-01
1164, 8.319968e-01, 2.947557e-01
1165, 8.320660e-01, 6.894154e-01
1166, 8.322705e-01, 4.316533e-01
1167, 8.336962e-01, 6.938098e-01
1168, 8.337596e-01, 7.650033e-01
1169, 8.338384e-01, 5.024084e-01
1170, 8.342304e-01, 7.774787e-01
1171, 8.348658e-01, 6.335799e-01
1172, 8.348877e-01, 3.678678e-01
1173, 8.350678e-01, 5.073408e-01
1174, 8.355399e-01, 3.709127e-01
1175, 8.370550e-01, 1.698010e-01
1176, 8.370963e-01, 2.284660e-01
1177, 8.376081e-01, 8.241384e-01
1178, 8.382354e-01, 5.513296e-01
1179, 8.386407e-01, 3.539084e-01
1180, 8.388624e-01, 6.933744e-01
1181, 8.397044e-01, 6.392321e-01
1182, 8.397809e-01, 3.675231e-01
1183, 8.402264e-01, 4.305441e-01
1184, 8.402560e-01, 6.232253e-01
1185, 8.403084e-01, 7.230085e-01
1186, 8.406363e-01, 2.115589e-01
1187, 8.423395e-01, 3.005094e-01
1188, 8.429334e-01, 8.193064e-01
1189, 8.429687e-01, 7.630340e-01
1190, 8.441538e-01, 3.659373e-01
1191, 8.441776e-01, 7.002143e-01
1192, 8.475354e-01, 5.049485e-01
1193, 8.476417e-01, 4.448137e-01
1194, 8.478827e-01, 8.426183e-01
1195, 8.479003e-01, 7.569235e-01
1196, 1.585190e-01, 8.323817e-01
1197, 1.573541e-01, 1.684989e-01
1198, 1.658920e-01, 2.346747e-01
1199, 1.645730e-01, 8.249634e-01
1200, 1.685643e-01, 5.600668e-01
1201, 1.653419e-01, 2.965972e-01
1202, 1.696061e-01, 7.556094e-01
1203, 1.679213e-01, 7.760074e-01
1204, 1.665155e-01, 5.012039e-01
1205, 1.688876e-01, 6.986085e-01
1206, 1.716769e-01, 2.331986e-01
1207, 1.717333e-01, 4.976147e-01
1208, 1.672461e-01, 7.666439e-01
1209, 1.703170e-01, 6.345934e-01
1210, 1.991037e-01, 3.340530e-01
1211, 1.995319e-01, 5.340461e-01
1212, 2.298549e-01, 5.673790e-01
1213, 1.984688e-01, 4.030760e-01
1214, 2.299224e-01, 1.665628e-01
1215, 2.348044e-01, 6.328659e-01
1216, 2.319094e-01, 3.655848e-01
1217, 2.341078e-01, 6.977646e-01
1218, 2.355452e-01, 7.034063e-01
1219, 2.307553e-01, 4.984682e-01
1220, 2.353721e-01, 5.601417e-01
1221, 2.320208e-01, 2.309512e-01
1222, 2.354778e-01, 3.041092e-01
1223, 2.320504e-01, 8.300685e-01
1224, 2.681205e-01, 6.640888e-01
1225, 2.969018e-01, 7.003674e-01
1226, 2.664212e-01, 4.015187e-01
1227, 2.921814e-01, 1.661580e-01
1228, 2.981000e-01, 4.359873e-01
1229, 2.980436e-01, 7.689824e-01
1230, 3.004312e-01, 6.359464e-01
1231, 2.985323e-01, 8.318102e-01
1232, 2.980756e-01, 3.010919e-01
1233, 3.089725e-01, 1.551527e-01
1234, 3.032632e-01, 2.375655e-01
1235, 3.018394e-01, 5.680284e-01
1236, 3.031515e-01, 4.331683e-01
1237, 3.319804e-01, 1.970211e-01
1238, 3.330517e-01, 7.350733e-01
1239, 3.638301e-01, 7.699148e-01
1240, 3.648401e-01, 6.310992e-01
1241, 3.610504e-01, 8.384720e-01
1242, 3.630461e-01, 3.681591e-01
1243, 3.658675e-01, 6.377034e-01
1244, 3.662423e-01, 1.612460e-01
1245, 3.651935e-01, 4.948761e-01
1246, 3.653973e-01, 4.352097e-01
1247, 3.618976e-01, 6.961810e-01
1248, 3.686750e-01, 6.398985e-01
1249, 3.686932e-01, 3.007819e-01
1250, 3.648438e-01, 4.301036e-01
1251, 3.669688e-01, 1.671744e-01
1252, 3.680533e-01, 5.045897e-01
1253, 3.749516e-01, 6.281227e-01
1254, 3.662964e-01, 5.673753e-01
1255, 3.700006e-01, 7.756217e-01
1256, 3.737827e-01, 7.620997e-01
1257, 3.656992e-01, 7.001469e-01
1258, 4.000399e-01, 5.339770e-01
1259, 3.982804e-01, 6.659576e-01
1260, 4.278858e-01, 7.014365e-01
1261, 4.330522e-01, 7.641387e-01
1262, 4.292688e-01, 2.926228e-01
1263, 4.323375e-01, 3.730218e-01
1264, 4.348005e-01, 7.799128e-01
1265, 4.328988e-01, 8.351431e-01
1266, 4.354265e-01, 2.295030e-01
1267, 4.313439e-01, 1.648673e-01
1268, 4.332115e-01, 3.665012e-01
1269, 4.332638e-01, 7.015840e-01
1270, 4.338214e-01, 5.010916e-01
1271, 4.338703e-01, 3.009655e-01
1272, 4.372518e-01, 4.327086e-01
1273, 4.322109e-01, 6.344470e-01
1274, 4.668697e-01, 6.008199e-01
1275, 4.665631e-01, 2.031414e-01
1276, 4.657525e-01, 5.329621e-01
1277, 4.664626e-01, 4.651104e-01
1278, 4.952888e-01, 4.371905e-01
1279, 4.956918e-01, 2.343106e-01
1280, 5.006012e-01, 1.719165e-01
1281, 4.958888e-01, 7.614306e-01
1282, 4.965265e-01, 7.070122e-01
1283, 5.036141e-01, 6.351951e-01
1284, 4.997509e-01, 5.662848e-01
1285, 5.055667e-01, 2.455536e-01
1286, 5.092346e-01, 5.036607e-01
1287, 4.983971e-01, 1.636054e-01
1288, 5.002210e-01, 7.655590e-01
1289, 5.000597e-01, 8.319852e-01
1290, 4.987665e-01, 7.003713e-01
1291, 5.302063e-01, 8.004126e-01
1292, 5.354161e-01, 3.321764e-01
1293, 5.313116e-01, 4.677686e-01
1294, 5.361072e-01, 2.004355e-01
1295, 5.639058e-01, 4.975593e-01
1296, 5.644718e-01, 7.667996e-01
1297, 5.655477e-01, 6.367668e-01
1298, 5.635868e-01, 6.842558e-01
1299, 5.683106e-01, 7.026638e-01
1300, 5.650025e-01, 5.628656e-01
1301, 5.660587e-01, 2.342506e-01
1302, 5.682103e-01, 1.660262e-01
1303, 5.703043e-01, 1.742072e-01
1304, 5.663423e-01, 2.459669e-01
1305, 5.764537e-01, 7.718484e-01
1306, 5.668518e-01, 3.023119e-01
1307, 5.695386e-01, 6.339641e-01
1308, 5.676689e-01, 5.693308e-01
1309, 6.013504e-01, 7.336399e-01
1310, 6.000088e-01, 2.008144e-01
1311, 5.992465e-01, 2.697935e-01
1312, 6.298133e-01, 7.031941e-01
1313, 6.326757e-01, 6.297523e-01
1314, 6.330033e-01, 2.375558e-01
1315, 6.344102e-01, 4.305030e-01
1316, 6.428152e-01, 6.914397e-01
1317, 6.321536e-01, 3.690137e-01
1318, 6.343865e-01, 4.993510e-01
1319, 6.382988e-01, 1.655595e-01
1320, 6.401429e-01, 6.358931e-01
1321, 6.334907e-01, 8.351235e-01
1322, 6.433000e-01, 5.610476e-01
1323, 6.700693e-01, 7.341463e-01
1324, 6.949536e-01, 6.327489e-01
1325, 6.657217e-01, 2.017747e-01
1326, 6.952629e-01, 5.654525e-01
1327, 6.965528e-01, 2.407187e-01
1328, 6.957541e-01, 4.314854e-01
1329, 6.982483e-01, 5.108941e-01
1330, 7.019189e-01, 6.996917e-01
1331, 7.001133e-01, 3.011337e-01
1332, 7.045139e-01, 3.791193e-01
1333, 7.003405e-01, 6.287344e-01
1334, 7.017046e-01, 5.670429e-01
1335, 7.013462e-01, 4.374123e-01
1336, 7.076497e-01, 4.311505e-01
1337, 7.011586e-01, 7.639972e-01
1338, 6.981516e-01, 3.667902e-01
1339, 7.016449e-01, 8.345644e-01
1340, 7.643674e-01, 6.339510e-01
1341, 7.306255e-01, 1.928303e-01
1342, 7.631694e-01, 2.997146e-01
1343, 7.641835e-01, 8.323652e-01
1344, 7.644354e-01, 2.282569e-01
1345, 7.672359e-01, 8.399431e-01
1346, 7.642080e-01, 4.342963e-01
1347, 7.682987e-01, 6.312208e-01
1348, 7.666573e-01, 7.668333e-01
1349, 7.674788e-01, 6.972388e-01
1350, 7.669607e-01, 3.659482e-01
1351, 7.706457e-01, 2.358612e-01
1352, 7.690161e-01, 5.003103e-01
1353, 7.658105e-01, 1.678380e-01
1354, 7.773281e-01, 1.613013e-01
1355, 7.711058e-01, 2.978106e-01
1356, 7.665668e-01, 5.626066e-01
1357, 8.202676e-01, 7.050879e-01
1358, 8.011828e-01, 5.337465e-01
1359, 7.985942e-01, 7.328793e-01
1360, 8.307612e-01, 1.661859e-01
1361, 8.317535e-01, 8.330377e-01
1362, 8.348978e-01, 6.974481e-01
1363, 8.334843e-01, 4.977474e-01
1364, 8.380786e-01, 1.602188e-01
1365, 8.364362e-01, 2.976634e-01
1366, 8.384433e-01, 4.340247e-01
1367, 8.378536e-01, 5.683004e-01
1368, 8.343047e-01, 2.361926e-01
1369, 8.324728e-01, 6.315863e-01
1370, 1.500000e-01, 1.679010e-01
1371, 1.500000e-01, 4.304843e-01
1372, 1.500000e-01, 5.654029e-01
1373, 1.500000e-01, 6.332650e-01
1374, 1.500000e-01, 7.677913e-01
1375, 1.500000e-01, 8.332804e-01
1376, 1.500000e-01, 8.362697e-01
1377, 1.500000e-01, 7.749771e-01
1378, 1.500000e-01, 7.091934e-01
1379, 1.500000e-01, 8.267380e-01
1380, 1.500000e-01, 6.978121e-01
1381, 1.500000e-01, 5.716827e-01
1382, 1.500000e-01, 5.617231e-01
1383, 1.500000e-01, 6.232488e-01
1384, 1.500000e-01, 4.940202e-01
1385, 1.500000e-01, 5.105082e-01
1386, 1.500000e-01, 3.094524e-01
1387, 1.500000e-01, 2.938806e-01
1388, 1.500000e-01, 1.722275e-01
1389, 1.500000e-01, 4.492335e-01
1390, 1.500000e-01, 1.579517e-01
1391, 1.500000e-01, 3.569849e-01
1392, 1.500000e-01, 2.285691e-01
1393, 1.500000e-01, 4.237601e-01
1394, 1.500000e-01, 6.435415e-01
1395, 1.500000e-01, 7.514492e-01
1396, 1.500000e-01, 6.721850e-01
1397, 1.500000e-01, 6.545966e-01
1398, 1.500000e-01, 7.352553e-01
1399, 1.500000e-01, 7.361907e-01
1400, 1.500000e-01, 3.353655e-01
1401, 1.500000e-01, 3.383871e-01
1402, 1.580129e-01, 1.500000e-01
1403, 1.500000e-01, 1.956747e-01
1404, 1.500000e-01, 1.998411e-01
1405, 1.500000e-01, 3.917977e-01
1406, 1.500000e-01, 4.049513e-01
1407, 1.500000e-01, 2.724415e-01
1408, 1.500000e-01, 4.687882e-01
1409, 1.500000e-01, 4.606656e-01
1410, 1.500000e-01, 5.353875e-01
1411, 1.500000e-01, 5.281743e-01
1412, 1.500000e-01, 6.017464e-01
1413, 1.500000e-01, 6.022511e-01
1414, 1.500000e-01, 7.926724e-01
1415, 1.500000e-01, 8.008916e-01
1416, 1.693350e-01, 1.500000e-01
1417, 1.640688e-01, 8.500000e-01
1418, 1.746417e-01, 1.500000e-01
1419, 1.733962e-01, 8.500000e-01
1420, 1.935135e-01, 8.500000e-01
1421, 1.967852e-01, 1.500000e-01
1422, 2.016139e-01, 8.500000e-01
1423, 2.091868e-01, 1.500000e-01
1424, 2.189823e-01, 1.500000e-01
1425, 2.356961e-01, 1.500000e-01
1426, 2.265677e-01, 8.500000e-01
1427, 2.459325e-01, 8.500000e-01
1428, 2.382184e-01, 1.500000e-01
1429, 2.593107e-01, 1.500000e-01
1430, 2.654006e-01, 1.500000e-01
1431, 2.891332e-01, 8.500000e-01
1432, 2.861459e-01, 1.500000e-01
1433, 3.076882e-01, 1.500000e-01
1434, 3.122856e-01, 1.500000e-01
1435, 3.268591e-01, 1.500000e-01
1436, 3.272873e-01, 8.500000e-01
1437, 3.310251e-01, 8.500000e-01
1438, 3.319932e-01, 1.500000e-01
1439, 3.567318e-01, 8.500000e-01
1440, 3.568943e-01, 1.500000e-01
1441, 3.663870e-01, 1.500000e-01
1442, 3.654614e-01, 8.500000e-01
1443, 3.683706e-01, 8.500000e-01
1444, 3.880322e-01, 1.500000e-01
1445, 4.011068e-01, 1.500000e-01
1446, 4.271544e-01, 8.500000e-01
1447, 4.244456e-01, 1.500000e-01
1448, 4.287499e-01, 8.500000e-01
1449, 4.412881e-01, 8.500000e-01
1450, 4.654771e-01, 1.500000e-01
1451, 4.728023e-01, 1.500000e-01
1452, 4.924205e-01, 1.500000e-01
1453, 4.984882e-01, 1.500000e-01
1454, 5.273287e-01, 8.500000e-01
1455, 5.374031e-01, 8.500000e-01
1456, 5.590697e-01, 1.500000e-01
1457, 5.612167e-01, 8.500000e-01
1458, 5.642698e-01, 1.500000e-01
1459, 5.684205e-01, 8.500000e-01
1460, 5.765094e-01, 1.500000e-01
1461, 5.996778e-01, 8.500000e-01
1462, 6.067604e-01, 8.500000e-01
1463, 6.179481e-01, 8.500000e-01
1464, 6.370773e-01, 8.500000e-01
1465, 6.451141e-01, 1.500000e-01
1466, 6.607166e-01, 8.500000e-01
1467, 6.577699e-01, 1.500000e-01
1468, 6.733931e-01, 1.500000e-01
1469, 6.888743e-01, 1.500000e-01
1470, 6.944964e-01, 1.500000e-01
1471, 7.140090e-01, 8.500000e-01
1472, 7.187563e-01, 1.500000e-01
1473, 7.270735e-01, 1.500000e-01
1474, 7.220719e-01, 8.500000e-01
1475, 7.368987e-01, 8.500000e-01
1476, 7.464901e-01, 1.500000e-01
1477, 7.507173e-01, 1.500000e-01
1478, 7.594882e-01, 8.500000e-01
1479, 7.618003e-01, 1.500000e-01
1480, 7.668567e-01, 8.500000e-01
1481, 7.804623e-01, 1.500000e-01
1482, 7.754881e-01, 8.500000e-01
1483, 7.952735e-01, 1.500000e-01
1484, 7.974442e-01, 8.500000e-01
1485, 8.025099e-01, 8.500000e-01
1486, 8.036259e-01, 1.500000e-01
1487, 8.207308e-01, 1.500000e-01
1488, 8.264649e-01, 8.500000e-01
1489, 8.357881e-01, 1.500000e-01
1490, 8.500000e-01, 6.706676e-01
1491, 8.500000e-01, 5.984852e-01
1492, 8.500000e-01, 7.299381e-01
1493, 8.500000e-01, 8.499491e-01
1494, 8.500000e-01, 5.322576e-01
1495, 8.500000e-01, 3.418936e-01
1496, 8.500000e-01, 4.050315e-01
1497, 8.500000e-01, 4.702932e-01
1498, 8.500000e-01, 1.924257e-01
1499, 8.500000e-01, 2.706334e-01
1500, 8.500000e-01, 2.042541e-01
1501, 8.500000e-01, 2.613096e-01
1502, 8.500000e-01, 3.973613e-01
1503, 8.433666e-01, 1.500000e-01
1504, 8.500000e-01, 6.054643e-01
1505, 8.500000e-01, 4.516490e-01
1506, 8.500000e-01, 5.380862e-01
1507, 8.500000e-01, 7.476528e-01
1508, 8.500000e-01, 3.386310e-01
1509, 8.500000e-01, 6.698410e-01
1510, 8.500000e-01, 8.441076e-01
1511, 8.500000e-01, 6.879351e-01
1512, 8.500000e-01, 5.771098e-01
1513, 8.500000e-01, 4.468003e-01
1514, 8.500000e-01, 4.878607e-01
1515, 8.500000e-01, 5.066479e-01
1516, 8.500000e-01, 5.045956e-01
1517, 8.500000e-01, 6.436218e-01
1518, 8.500000e-01, 2.914542e-01
1519, 8.500000e-01, 3.059006e-01
1520, 8.500000e-01, 3.002761e-01
1521, 8.500000e-01, 1.559642e-01
1522, 8.500000e-01, 4.249512e-01
1523, 8.500000e-01, 4.323768e-01
1524, 8.500000e-01, 1.757544e-01
1525, 8.500000e-01, 1.653461e-01
1526, 8.500000e-01, 3.607485e-01
1527, 8.500000e-01, 5.590950e-01
1528, 8.500000e-01, 5.661812e-01
1529, 8.500000e-01, 2.225480e-01
1530, 8.500000e-01, 3.750097e-01
1531, 8.500000e-01, 3.652718e-01
1532, 8.500000e-01, 7.074290e-01
1533, 8.500000e-01, 7.006383e-01
1534, 8.500000e-01, 6.184183e-01
1535, 8.500000e-01, 6.328669e-01
1536, 8.500000e-01, 7.706750e-01
1537, 8.500000e-01, 7.556942e-01
1538, 8.500000e-01, 7.642177e-01
1539, 8.500000e-01, 8.167115e-01
1540, 8.500000e-01, 8.419168e-01
1541, 1.500234e-01, 3.689502e-01
1542, 1.500747e-01, 2.491880e-01
1543, 2.630007e-01, 8.498214e-01
1544, 3.042357e-01, 8.496498e-01
1545, 3.777413e-01, 1.504796e-01
1546, 4.059076e-01, 8.499408e-01
1547, 4.369822e-01, 1.500071e-01
1548, 4.677413e-01, 8.498291e-01
1549, 4.999882e-01, 8.497260e-01
1550, 5.129412e-01, 1.508760e-01
1551, 5.333417e-01, 1.504210e-01
1552, 6.005749e-01, 1.503243e-01
1553, 6.272299e-01, 1.500937e-01
1554, 6.944188e-01, 8.497057e-01
1555, 8.496994e-01, 7.968931e-01
1556, 8.498588e-01, 2.390554e-01
