1, 1.527695e-01, 6.014100e-01
2, 1.527782e-01, 7.457450e-01
3, 1.527782e-01, 1.683950e-01
4, 1.527782e-01, 5.532950e-01
5, 1.527790e-01, 6.495200e-01
6, 1.527790e-01, 5.051800e-01
7, 1.527800e-01, 8.419700e-01
8, 1.527800e-01, 6.976282e-01
9, 1.527800e-01, 4.570718e-01
10, 1.527800e-01, 2.646182e-01
11, 1.527800e-01, 3.127318e-01
12, 1.527800e-01, 4.089600e-01
13, 1.527818e-01, 7.938550e-01
14, 1.527818e-01, 2.165050e-01
15, 1.527818e-01, 3.608450e-01
16, 1.555862e-01, 3.078699e-01
17, 1.555862e-01, 4.138201e-01
18, 1.555873e-01, 1.635299e-01
19, 1.555873e-01, 7.408799e-01
20, 1.555873e-01, 5.581601e-01
21, 1.555896e-01, 8.468360e-01
22, 1.555896e-01, 5.965440e-01
23, 1.555896e-01, 7.024960e-01
24, 1.555896e-01, 2.694860e-01
25, 1.555896e-01, 4.522040e-01
26, 1.666595e-01, 8.179100e-01
27, 1.666595e-01, 2.405600e-01
28, 1.666595e-01, 6.254600e-01
29, 1.666682e-01, 6.735750e-01
30, 1.666682e-01, 4.811250e-01
31, 1.666700e-01, 7.698000e-01
32, 1.666700e-01, 3.367900e-01
33, 1.666700e-01, 3.849000e-01
34, 1.666700e-01, 5.292400e-01
35, 1.666700e-01, 1.924482e-01
36, 1.777444e-01, 4.522040e-01
37, 1.777444e-01, 7.024960e-01
38, 1.777444e-01, 2.694860e-01
39, 1.777444e-01, 5.965440e-01
40, 1.777444e-01, 8.468360e-01
41, 1.777467e-01, 5.581601e-01
42, 1.777467e-01, 7.408799e-01
43, 1.777467e-01, 1.635299e-01
44, 1.777478e-01, 3.078699e-01
45, 1.777478e-01, 4.138201e-01
46, 1.805495e-01, 2.165100e-01
47, 1.805495e-01, 7.938600e-01
48, 1.805522e-01, 6.014052e-01
49, 1.805550e-01, 8.419595e-01
50, 1.805550e-01, 6.976300e-01
51, 1.805550e-01, 4.089495e-01
52, 1.805550e-01, 7.457450e-01
53, 1.805550e-01, 1.684005e-01
54, 1.805550e-01, 5.532895e-01
55, 1.805550e-01, 2.646200e-01
56, 1.805550e-01, 3.127300e-01
57, 1.805550e-01, 4.570700e-01
58, 1.805582e-01, 3.608450e-01
59, 1.805610e-01, 5.051800e-01
60, 1.805610e-01, 6.495200e-01
61, 1.861692e-01, 6.495200e-01
62, 1.861692e-01, 5.051800e-01
63, 1.861721e-01, 3.608450e-01
64, 1.861721e-01, 2.165050e-01
65, 1.861721e-01, 7.938550e-01
66, 1.888279e-01, 4.330150e-01
67, 1.888279e-01, 2.886750e-01
68, 1.888308e-01, 5.773500e-01
69, 1.888308e-01, 7.216900e-01
70, 1.944390e-01, 7.216900e-01
71, 1.944390e-01, 5.773500e-01
72, 1.944395e-01, 6.254600e-01
73, 1.944418e-01, 2.886750e-01
74, 1.944418e-01, 4.330150e-01
75, 1.944450e-01, 8.179205e-01
76, 1.944450e-01, 3.849105e-01
77, 1.944450e-01, 4.811195e-01
78, 1.944450e-01, 5.292505e-01
79, 1.944450e-01, 1.924500e-01
80, 1.944450e-01, 2.405600e-01
81, 1.944450e-01, 3.367795e-01
82, 1.944450e-01, 7.697895e-01
83, 1.944450e-01, 6.735805e-01
84, 1.972522e-01, 2.356999e-01
85, 1.972522e-01, 3.416501e-01
86, 1.972522e-01, 8.130499e-01
87, 1.972533e-01, 6.687099e-01
88, 1.972533e-01, 4.859901e-01
89, 1.972556e-01, 7.746660e-01
90, 1.972556e-01, 1.973160e-01
91, 1.972556e-01, 3.800340e-01
92, 1.972556e-01, 6.303260e-01
93, 1.972556e-01, 5.243740e-01
94, 2.083195e-01, 6.014100e-01
95, 2.083195e-01, 4.089600e-01
96, 2.083282e-01, 5.532950e-01
97, 2.083282e-01, 7.457450e-01
98, 2.083282e-01, 1.683950e-01
99, 2.083300e-01, 3.127282e-01
100, 2.083300e-01, 4.570700e-01
101, 2.083300e-01, 2.646182e-01
102, 2.083300e-01, 8.419700e-01
103, 2.083300e-01, 6.976300e-01
104, 2.194104e-01, 5.243740e-01
105, 2.194104e-01, 6.303260e-01
106, 2.194104e-01, 3.800340e-01
107, 2.194104e-01, 1.973160e-01
108, 2.194104e-01, 7.746660e-01
109, 2.194127e-01, 4.859901e-01
110, 2.194127e-01, 6.687099e-01
111, 2.194138e-01, 8.130499e-01
112, 2.194138e-01, 3.416501e-01
113, 2.194138e-01, 2.356999e-01
114, 2.222095e-01, 4.330100e-01
115, 2.222147e-01, 6.254691e-01
116, 2.222182e-01, 2.886750e-01
117, 2.222191e-01, 6.735734e-01
118, 2.222191e-01, 4.811266e-01
119, 2.222200e-01, 5.292418e-01
120, 2.222200e-01, 7.697982e-01
121, 2.222200e-01, 3.367900e-01
122, 2.222200e-01, 8.179100e-01
123, 2.222200e-01, 1.924482e-01
124, 2.222200e-01, 2.405600e-01
125, 2.222200e-01, 3.849000e-01
126, 2.222210e-01, 7.216900e-01
127, 2.222210e-01, 5.773500e-01
128, 2.278372e-01, 7.216900e-01
129, 2.278372e-01, 5.773500e-01
130, 2.278400e-01, 4.330150e-01
131, 2.278400e-01, 2.886750e-01
132, 2.304900e-01, 2.165050e-01
133, 2.304900e-01, 3.608450e-01
134, 2.304900e-01, 7.938550e-01
135, 2.304928e-01, 5.051800e-01
136, 2.304928e-01, 6.495200e-01
137, 2.360995e-01, 6.014100e-01
138, 2.361082e-01, 5.532950e-01
139, 2.361082e-01, 7.457450e-01
140, 2.361082e-01, 1.683950e-01
141, 2.361090e-01, 6.495200e-01
142, 2.361090e-01, 5.051800e-01
143, 2.361100e-01, 6.976282e-01
144, 2.361100e-01, 4.570718e-01
145, 2.361100e-01, 8.419700e-01
146, 2.361100e-01, 4.089582e-01
147, 2.361100e-01, 2.646200e-01
148, 2.361100e-01, 3.127300e-01
149, 2.361118e-01, 7.938550e-01
150, 2.361118e-01, 3.608450e-01
151, 2.361118e-01, 2.165050e-01
152, 2.389162e-01, 3.078699e-01
153, 2.389162e-01, 4.138201e-01
154, 2.389173e-01, 7.408799e-01
155, 2.389173e-01, 5.581601e-01
156, 2.389173e-01, 1.635299e-01
157, 2.389196e-01, 8.468360e-01
158, 2.389196e-01, 4.522040e-01
159, 2.389196e-01, 2.694860e-01
160, 2.389196e-01, 5.965440e-01
161, 2.389196e-01, 7.024960e-01
162, 2.499895e-01, 2.405600e-01
163, 2.499895e-01, 6.254600e-01
164, 2.499895e-01, 8.179100e-01
165, 2.499982e-01, 6.735750e-01
166, 2.499982e-01, 4.811250e-01
167, 2.500000e-01, 7.698000e-01
168, 2.500000e-01, 3.367882e-01
169, 2.500000e-01, 3.849018e-01
170, 2.500000e-01, 1.924500e-01
171, 2.500000e-01, 5.292382e-01
172, 2.610804e-01, 7.024960e-01
173, 2.610804e-01, 5.965440e-01
174, 2.610804e-01, 2.694860e-01
175, 2.610804e-01, 4.522040e-01
176, 2.610804e-01, 8.468360e-01
177, 2.610827e-01, 1.635299e-01
178, 2.610827e-01, 5.581601e-01
179, 2.610827e-01, 7.408799e-01
180, 2.610838e-01, 4.138201e-01
181, 2.610838e-01, 3.078699e-01
182, 2.638795e-01, 7.938600e-01
183, 2.638795e-01, 2.165100e-01
184, 2.638847e-01, 6.014009e-01
185, 2.638882e-01, 3.608450e-01
186, 2.638891e-01, 7.457434e-01
187, 2.638891e-01, 1.683934e-01
188, 2.638891e-01, 5.532966e-01
189, 2.638900e-01, 8.419682e-01
190, 2.638900e-01, 6.976300e-01
191, 2.638900e-01, 4.570700e-01
192, 2.638900e-01, 3.127318e-01
193, 2.638900e-01, 2.646200e-01
194, 2.638900e-01, 4.089600e-01
195, 2.638910e-01, 5.051800e-01
196, 2.638910e-01, 6.495200e-01
197, 2.695072e-01, 6.495200e-01
198, 2.695072e-01, 5.051800e-01
199, 2.695100e-01, 2.165050e-01
200, 2.695100e-01, 3.608450e-01
201, 2.695100e-01, 7.938550e-01
202, 2.721600e-01, 2.886750e-01
203, 2.721600e-01, 4.330150e-01
204, 2.721628e-01, 5.773500e-01
205, 2.721628e-01, 7.216900e-01
206, 2.777695e-01, 6.254600e-01
207, 2.777782e-01, 6.735750e-01
208, 2.777782e-01, 4.811250e-01
209, 2.777790e-01, 7.216900e-01
210, 2.777790e-01, 5.773500e-01
211, 2.777800e-01, 3.367900e-01
212, 2.777800e-01, 5.292400e-01
213, 2.777800e-01, 7.698000e-01
214, 2.777800e-01, 1.924482e-01
215, 2.777800e-01, 2.405600e-01
216, 2.777800e-01, 3.849000e-01
217, 2.777800e-01, 8.179118e-01
218, 2.777818e-01, 2.886750e-01
219, 2.777818e-01, 4.330150e-01
220, 2.805862e-01, 2.356999e-01
221, 2.805862e-01, 3.416501e-01
222, 2.805862e-01, 8.130499e-01
223, 2.805873e-01, 4.859901e-01
224, 2.805873e-01, 6.687099e-01
225, 2.805896e-01, 7.746660e-01
226, 2.805896e-01, 3.800340e-01
227, 2.805896e-01, 5.243740e-01
228, 2.805896e-01, 6.303260e-01
229, 2.805896e-01, 1.973160e-01
230, 2.916595e-01, 6.014100e-01
231, 2.916595e-01, 4.089600e-01
232, 2.916682e-01, 7.457450e-01
233, 2.916682e-01, 5.532950e-01
234, 2.916682e-01, 1.683950e-01
235, 2.916700e-01, 8.419718e-01
236, 2.916700e-01, 6.976300e-01
237, 2.916700e-01, 2.646182e-01
238, 2.916700e-01, 4.570682e-01
239, 2.916700e-01, 3.127300e-01
240, 3.027444e-01, 7.746660e-01
241, 3.027444e-01, 3.800340e-01
242, 3.027444e-01, 1.973160e-01
243, 3.027444e-01, 6.303260e-01
244, 3.027444e-01, 5.243740e-01
245, 3.027467e-01, 6.687099e-01
246, 3.027467e-01, 4.859901e-01
247, 3.027478e-01, 8.130499e-01
248, 3.027478e-01, 3.416501e-01
249, 3.027478e-01, 2.356999e-01
250, 3.055495e-01, 4.330100e-01
251, 3.055522e-01, 6.254648e-01
252, 3.055550e-01, 7.697895e-01
253, 3.055550e-01, 8.179205e-01
254, 3.055550e-01, 6.735805e-01
255, 3.055550e-01, 3.849105e-01
256, 3.055550e-01, 5.292400e-01
257, 3.055550e-01, 2.405705e-01
258, 3.055550e-01, 3.367795e-01
259, 3.055550e-01, 4.811195e-01
260, 3.055550e-01, 1.924500e-01
261, 3.055582e-01, 2.886750e-01
262, 3.055610e-01, 7.216900e-01
263, 3.055610e-01, 5.773500e-01
264, 3.111692e-01, 7.216900e-01
265, 3.111692e-01, 5.773500e-01
266, 3.111721e-01, 2.886750e-01
267, 3.111721e-01, 4.330150e-01
268, 3.138279e-01, 7.938550e-01
269, 3.138279e-01, 3.608450e-01
270, 3.138279e-01, 2.165050e-01
271, 3.138308e-01, 5.051800e-01
272, 3.138308e-01, 6.495200e-01
273, 3.194390e-01, 6.495200e-01
274, 3.194390e-01, 5.051800e-01
275, 3.194395e-01, 6.014100e-01
276, 3.194418e-01, 3.608450e-01
277, 3.194418e-01, 2.165050e-01
278, 3.194418e-01, 7.938550e-01
279, 3.194450e-01, 6.976300e-01
280, 3.194450e-01, 7.457450e-01
281, 3.194450e-01, 8.419595e-01
282, 3.194450e-01, 4.089495e-01
283, 3.194450e-01, 4.570700e-01
284, 3.194450e-01, 5.532950e-01
285, 3.194450e-01, 1.684005e-01
286, 3.194450e-01, 2.646200e-01
287, 3.194450e-01, 3.127405e-01
288, 3.222522e-01, 3.078699e-01
289, 3.222522e-01, 4.138201e-01
290, 3.222533e-01, 7.408799e-01
291, 3.222533e-01, 1.635299e-01
292, 3.222533e-01, 5.581601e-01
293, 3.222556e-01, 5.965440e-01
294, 3.222556e-01, 4.522040e-01
295, 3.222556e-01, 2.694860e-01
296, 3.222556e-01, 8.468360e-01
297, 3.222556e-01, 7.024960e-01
298, 3.333195e-01, 2.405600e-01
299, 3.333195e-01, 6.254600e-01
300, 3.333195e-01, 8.179100e-01
301, 3.333282e-01, 6.735750e-01
302, 3.333282e-01, 4.811250e-01
303, 3.333300e-01, 5.292418e-01
304, 3.333300e-01, 7.698000e-01
305, 3.333300e-01, 3.849018e-01
306, 3.333300e-01, 3.367900e-01
307, 3.333300e-01, 1.924500e-01
308, 3.444104e-01, 7.024960e-01
309, 3.444104e-01, 2.694860e-01
310, 3.444104e-01, 8.468360e-01
311, 3.444104e-01, 4.522040e-01
312, 3.444104e-01, 5.965440e-01
313, 3.444127e-01, 5.581601e-01
314, 3.444127e-01, 1.635299e-01
315, 3.444127e-01, 7.408799e-01
316, 3.444138e-01, 3.078699e-01
317, 3.444138e-01, 4.138201e-01
318, 3.472095e-01, 7.938600e-01
319, 3.472095e-01, 2.165100e-01
320, 3.472147e-01, 6.014009e-01
321, 3.472182e-01, 3.608450e-01
322, 3.472191e-01, 1.683934e-01
323, 3.472191e-01, 7.457434e-01
324, 3.472191e-01, 5.532966e-01
325, 3.472200e-01, 6.976282e-01
326, 3.472200e-01, 8.419682e-01
327, 3.472200e-01, 4.570718e-01
328, 3.472200e-01, 3.127300e-01
329, 3.472200e-01, 2.646200e-01
330, 3.472200e-01, 4.089600e-01
331, 3.472210e-01, 5.051800e-01
332, 3.472210e-01, 6.495200e-01
333, 3.528372e-01, 5.051800e-01
334, 3.528372e-01, 6.495200e-01
335, 3.528400e-01, 3.608450e-01
336, 3.528400e-01, 2.165050e-01
337, 3.528400e-01, 7.938550e-01
338, 3.554900e-01, 4.330150e-01
339, 3.554900e-01, 2.886750e-01
340, 3.554928e-01, 5.773500e-01
341, 3.554928e-01, 7.216900e-01
342, 3.610995e-01, 6.254600e-01
343, 3.611082e-01, 4.811250e-01
344, 3.611082e-01, 6.735750e-01
345, 3.611090e-01, 7.216900e-01
346, 3.611090e-01, 5.773500e-01
347, 3.611100e-01, 8.179100e-01
348, 3.611100e-01, 2.405618e-01
349, 3.611100e-01, 3.367882e-01
350, 3.611100e-01, 5.292400e-01
351, 3.611100e-01, 3.849000e-01
352, 3.611100e-01, 7.698000e-01
353, 3.611100e-01, 1.924482e-01
354, 3.611118e-01, 2.886750e-01
355, 3.611118e-01, 4.330150e-01
356, 3.639162e-01, 8.130499e-01
357, 3.639162e-01, 2.356999e-01
358, 3.639162e-01, 3.416501e-01
359, 3.639173e-01, 4.859901e-01
360, 3.639173e-01, 6.687099e-01
361, 3.639196e-01, 7.746660e-01
362, 3.639196e-01, 5.243740e-01
363, 3.639196e-01, 3.800340e-01
364, 3.639196e-01, 1.973160e-01
365, 3.639196e-01, 6.303260e-01
366, 3.749895e-01, 6.014100e-01
367, 3.749895e-01, 4.089600e-01
368, 3.749982e-01, 7.457450e-01
369, 3.749982e-01, 5.532950e-01
370, 3.749982e-01, 1.683950e-01
371, 3.750000e-01, 4.570682e-01
372, 3.750000e-01, 6.976300e-01
373, 3.750000e-01, 2.646182e-01
374, 3.750000e-01, 8.419718e-01
375, 3.750000e-01, 3.127300e-01
376, 3.860804e-01, 1.973160e-01
377, 3.860804e-01, 6.303260e-01
378, 3.860804e-01, 3.800340e-01
379, 3.860804e-01, 5.243740e-01
380, 3.860804e-01, 7.746660e-01
381, 3.860827e-01, 6.687099e-01
382, 3.860827e-01, 4.859901e-01
383, 3.860838e-01, 8.130499e-01
384, 3.860838e-01, 2.356999e-01
385, 3.860838e-01, 3.416501e-01
386, 3.888795e-01, 4.330100e-01
387, 3.888847e-01, 6.254691e-01
388, 3.888882e-01, 2.886750e-01
389, 3.888891e-01, 6.735734e-01
390, 3.888891e-01, 4.811266e-01
391, 3.888900e-01, 7.697982e-01
392, 3.888900e-01, 8.179118e-01
393, 3.888900e-01, 5.292418e-01
394, 3.888900e-01, 1.924482e-01
395, 3.888900e-01, 2.405600e-01
396, 3.888900e-01, 3.367900e-01
397, 3.888900e-01, 3.849000e-01
398, 3.888910e-01, 5.773500e-01
399, 3.888910e-01, 7.216900e-01
400, 3.945072e-01, 7.216900e-01
401, 3.945072e-01, 5.773500e-01
402, 3.945100e-01, 2.886750e-01
403, 3.945100e-01, 4.330150e-01
404, 3.971600e-01, 7.938550e-01
405, 3.971600e-01, 2.165050e-01
406, 3.971600e-01, 3.608450e-01
407, 3.971628e-01, 6.495200e-01
408, 3.971628e-01, 5.051800e-01
409, 4.027695e-01, 6.014100e-01
410, 4.027782e-01, 5.532950e-01
411, 4.027782e-01, 1.683950e-01
412, 4.027782e-01, 7.457450e-01
413, 4.027790e-01, 6.495200e-01
414, 4.027790e-01, 5.051800e-01
415, 4.027800e-01, 3.127300e-01
416, 4.027800e-01, 4.089582e-01
417, 4.027800e-01, 4.570718e-01
418, 4.027800e-01, 8.419700e-01
419, 4.027800e-01, 2.646200e-01
420, 4.027800e-01, 6.976300e-01
421, 4.027818e-01, 3.608450e-01
422, 4.027818e-01, 7.938550e-01
423, 4.027818e-01, 2.165050e-01
424, 4.055862e-01, 4.138201e-01
425, 4.055862e-01, 3.078699e-01
426, 4.055873e-01, 5.581601e-01
427, 4.055873e-01, 1.635299e-01
428, 4.055873e-01, 7.408799e-01
429, 4.055896e-01, 7.024960e-01
430, 4.055896e-01, 4.522040e-01
431, 4.055896e-01, 2.694860e-01
432, 4.055896e-01, 5.965440e-01
433, 4.055896e-01, 8.468360e-01
434, 4.166595e-01, 8.179100e-01
435, 4.166595e-01, 6.254600e-01
436, 4.166595e-01, 2.405600e-01
437, 4.166682e-01, 6.735750e-01
438, 4.166682e-01, 4.811250e-01
439, 4.166700e-01, 5.292382e-01
440, 4.166700e-01, 3.849018e-01
441, 4.166700e-01, 3.367918e-01
442, 4.166700e-01, 1.924482e-01
443, 4.166700e-01, 7.697982e-01
444, 4.277444e-01, 5.965440e-01
445, 4.277444e-01, 2.694860e-01
446, 4.277444e-01, 4.522040e-01
447, 4.277444e-01, 7.024960e-01
448, 4.277444e-01, 8.468360e-01
449, 4.277467e-01, 1.635299e-01
450, 4.277467e-01, 5.581601e-01
451, 4.277467e-01, 7.408799e-01
452, 4.277478e-01, 3.078699e-01
453, 4.277478e-01, 4.138201e-01
454, 4.305495e-01, 7.938600e-01
455, 4.305495e-01, 2.165100e-01
456, 4.305522e-01, 6.014052e-01
457, 4.305550e-01, 7.457505e-01
458, 4.305550e-01, 5.532895e-01
459, 4.305550e-01, 6.976195e-01
460, 4.305550e-01, 8.419700e-01
461, 4.305550e-01, 2.646095e-01
462, 4.305550e-01, 4.570700e-01
463, 4.305550e-01, 4.089495e-01
464, 4.305550e-01, 1.684005e-01
465, 4.305550e-01, 3.127405e-01
466, 4.305582e-01, 3.608450e-01
467, 4.305610e-01, 5.051800e-01
468, 4.305610e-01, 6.495200e-01
469, 4.361692e-01, 6.495200e-01
470, 4.361692e-01, 5.051800e-01
471, 4.361721e-01, 7.938550e-01
472, 4.361721e-01, 2.165050e-01
473, 4.361721e-01, 3.608450e-01
474, 4.388279e-01, 4.330150e-01
475, 4.388279e-01, 2.886750e-01
476, 4.388308e-01, 5.773500e-01
477, 4.388308e-01, 7.216900e-01
478, 4.444390e-01, 7.216900e-01
479, 4.444390e-01, 5.773500e-01
480, 4.444395e-01, 6.254600e-01
481, 4.444418e-01, 2.886750e-01
482, 4.444418e-01, 4.330150e-01
483, 4.444450e-01, 8.179205e-01
484, 4.444450e-01, 7.698000e-01
485, 4.444450e-01, 6.735805e-01
486, 4.444450e-01, 4.811250e-01
487, 4.444450e-01, 5.292400e-01
488, 4.444450e-01, 3.367900e-01
489, 4.444450e-01, 2.405705e-01
490, 4.444450e-01, 3.849000e-01
491, 4.444450e-01, 1.924500e-01
492, 4.472522e-01, 2.356999e-01
493, 4.472522e-01, 3.416501e-01
494, 4.472522e-01, 8.130499e-01
495, 4.472533e-01, 4.859901e-01
496, 4.472533e-01, 6.687099e-01
497, 4.472556e-01, 5.243740e-01
498, 4.472556e-01, 1.973160e-01
499, 4.472556e-01, 3.800340e-01
500, 4.472556e-01, 6.303260e-01
501, 4.472556e-01, 7.746660e-01
502, 4.583195e-01, 4.089600e-01
503, 4.583195e-01, 6.014100e-01
504, 4.583282e-01, 7.457450e-01
505, 4.583282e-01, 5.532950e-01
506, 4.583282e-01, 1.683950e-01
507, 4.583300e-01, 6.976318e-01
508, 4.583300e-01, 8.419682e-01
509, 4.583300e-01, 4.570718e-01
510, 4.583300e-01, 2.646218e-01
511, 4.583300e-01, 3.127300e-01
512, 4.694104e-01, 6.303260e-01
513, 4.694104e-01, 7.746660e-01
514, 4.694104e-01, 1.973160e-01
515, 4.694104e-01, 5.243740e-01
516, 4.694104e-01, 3.800340e-01
517, 4.694127e-01, 6.687099e-01
518, 4.694127e-01, 4.859901e-01
519, 4.694138e-01, 8.130499e-01
520, 4.694138e-01, 2.356999e-01
521, 4.694138e-01, 3.416501e-01
522, 4.722095e-01, 4.330100e-01
523, 4.722147e-01, 6.254691e-01
524, 4.722182e-01, 2.886750e-01
525, 4.722191e-01, 6.735734e-01
526, 4.722191e-01, 4.811266e-01
527, 4.722200e-01, 5.292418e-01
528, 4.722200e-01, 7.697982e-01
529, 4.722200e-01, 8.179100e-01
530, 4.722200e-01, 1.924482e-01
531, 4.722200e-01, 3.367882e-01
532, 4.722200e-01, 3.849000e-01
533, 4.722200e-01, 2.405600e-01
534, 4.722210e-01, 7.216900e-01
535, 4.722210e-01, 5.773500e-01
536, 4.778372e-01, 7.216900e-01
537, 4.778372e-01, 5.773500e-01
538, 4.778400e-01, 4.330150e-01
539, 4.778400e-01, 2.886750e-01
540, 4.804900e-01, 3.608450e-01
541, 4.804900e-01, 2.165050e-01
542, 4.804900e-01, 7.938550e-01
543, 4.804928e-01, 6.495200e-01
544, 4.804928e-01, 5.051800e-01
545, 4.860995e-01, 6.014100e-01
546, 4.861082e-01, 7.457450e-01
547, 4.861082e-01, 1.683950e-01
548, 4.861082e-01, 5.532950e-01
549, 4.861090e-01, 5.051800e-01
550, 4.861090e-01, 6.495200e-01
551, 4.861100e-01, 8.419682e-01
552, 4.861100e-01, 2.646182e-01
553, 4.861100e-01, 3.127318e-01
554, 4.861100e-01, 4.089582e-01
555, 4.861100e-01, 6.976300e-01
556, 4.861100e-01, 4.570700e-01
557, 4.861118e-01, 7.938550e-01
558, 4.861118e-01, 3.608450e-01
559, 4.861118e-01, 2.165050e-01
560, 4.889162e-01, 3.078699e-01
561, 4.889162e-01, 4.138201e-01
562, 4.889173e-01, 7.408799e-01
563, 4.889173e-01, 1.635299e-01
564, 4.889173e-01, 5.581601e-01
565, 4.889196e-01, 5.965440e-01
566, 4.889196e-01, 4.522040e-01
567, 4.889196e-01, 7.024960e-01
568, 4.889196e-01, 2.694860e-01
569, 4.889196e-01, 8.468360e-01
570, 4.999895e-01, 2.405600e-01
571, 4.999895e-01, 6.254600e-01
572, 4.999895e-01, 8.179100e-01
573, 4.999982e-01, 6.735750e-01
574, 4.999982e-01, 4.811250e-01
575, 5.000000e-01, 7.698018e-01
576, 5.000000e-01, 3.849000e-01
577, 5.000000e-01, 1.924500e-01
578, 5.000000e-01, 3.367900e-01
579, 5.000000e-01, 5.292400e-01
580, 5.110804e-01, 8.468360e-01
581, 5.110804e-01, 5.965440e-01
582, 5.110804e-01, 7.024960e-01
583, 5.110804e-01, 2.694860e-01
584, 5.110804e-01, 4.522040e-01
585, 5.110827e-01, 7.408799e-01
586, 5.110827e-01, 1.635299e-01
587, 5.110827e-01, 5.581601e-01
588, 5.110838e-01, 4.138201e-01
589, 5.110838e-01, 3.078699e-01
590, 5.138795e-01, 7.938600e-01
591, 5.138795e-01, 2.165100e-01
592, 5.138847e-01, 6.014009e-01
593, 5.138882e-01, 3.608450e-01
594, 5.138891e-01, 1.683934e-01
595, 5.138891e-01, 5.532966e-01
596, 5.138891e-01, 7.457434e-01
597, 5.138900e-01, 6.976282e-01
598, 5.138900e-01, 4.089582e-01
599, 5.138900e-01, 8.419700e-01
600, 5.138900e-01, 3.127318e-01
601, 5.138900e-01, 2.646200e-01
602, 5.138900e-01, 4.570700e-01
603, 5.138910e-01, 6.495200e-01
604, 5.138910e-01, 5.051800e-01
605, 5.195072e-01, 5.051800e-01
606, 5.195072e-01, 6.495200e-01
607, 5.195100e-01, 2.165050e-01
608, 5.195100e-01, 3.608450e-01
609, 5.195100e-01, 7.938550e-01
610, 5.221600e-01, 4.330150e-01
611, 5.221600e-01, 2.886750e-01
612, 5.221628e-01, 5.773500e-01
613, 5.221628e-01, 7.216900e-01
614, 5.277695e-01, 6.254600e-01
615, 5.277782e-01, 4.811250e-01
616, 5.277782e-01, 6.735750e-01
617, 5.277790e-01, 7.216900e-01
618, 5.277790e-01, 5.773500e-01
619, 5.277800e-01, 8.179118e-01
620, 5.277800e-01, 5.292400e-01
621, 5.277800e-01, 3.367882e-01
622, 5.277800e-01, 3.849000e-01
623, 5.277800e-01, 1.924482e-01
624, 5.277800e-01, 2.405618e-01
625, 5.277800e-01, 7.698000e-01
626, 5.277818e-01, 2.886750e-01
627, 5.277818e-01, 4.330150e-01
628, 5.305862e-01, 2.356999e-01
629, 5.305862e-01, 3.416501e-01
630, 5.305862e-01, 8.130499e-01
631, 5.305873e-01, 4.859901e-01
632, 5.305873e-01, 6.687099e-01
633, 5.305896e-01, 5.243740e-01
634, 5.305896e-01, 7.746660e-01
635, 5.305896e-01, 6.303260e-01
636, 5.305896e-01, 3.800340e-01
637, 5.305896e-01, 1.973160e-01
638, 5.416595e-01, 4.089600e-01
639, 5.416595e-01, 6.014100e-01
640, 5.416682e-01, 5.532950e-01
641, 5.416682e-01, 7.457450e-01
642, 5.416682e-01, 1.683950e-01
643, 5.416700e-01, 8.419682e-01
644, 5.416700e-01, 6.976300e-01
645, 5.416700e-01, 2.646218e-01
646, 5.416700e-01, 3.127282e-01
647, 5.416700e-01, 4.570718e-01
648, 5.527444e-01, 6.303260e-01
649, 5.527444e-01, 1.973160e-01
650, 5.527444e-01, 3.800340e-01
651, 5.527444e-01, 5.243740e-01
652, 5.527444e-01, 7.746660e-01
653, 5.527467e-01, 6.687099e-01
654, 5.527467e-01, 4.859901e-01
655, 5.527478e-01, 3.416501e-01
656, 5.527478e-01, 8.130499e-01
657, 5.527478e-01, 2.356999e-01
658, 5.555495e-01, 4.330100e-01
659, 5.555522e-01, 6.254648e-01
660, 5.555550e-01, 5.292505e-01
661, 5.555550e-01, 6.735750e-01
662, 5.555550e-01, 3.367900e-01
663, 5.555550e-01, 2.405705e-01
664, 5.555550e-01, 4.811195e-01
665, 5.555550e-01, 7.698000e-01
666, 5.555550e-01, 1.924500e-01
667, 5.555550e-01, 3.849000e-01
668, 5.555550e-01, 8.179100e-01
669, 5.555582e-01, 2.886750e-01
670, 5.555610e-01, 5.773500e-01
671, 5.555610e-01, 7.216900e-01
672, 5.611692e-01, 5.773500e-01
673, 5.611692e-01, 7.216900e-01
674, 5.611721e-01, 4.330150e-01
675, 5.611721e-01, 2.886750e-01
676, 5.638279e-01, 7.938550e-01
677, 5.638279e-01, 2.165050e-01
678, 5.638279e-01, 3.608450e-01
679, 5.638308e-01, 5.051800e-01
680, 5.638308e-01, 6.495200e-01
681, 5.694390e-01, 5.051800e-01
682, 5.694390e-01, 6.495200e-01
683, 5.694395e-01, 6.014100e-01
684, 5.694418e-01, 7.938550e-01
685, 5.694418e-01, 3.608450e-01
686, 5.694418e-01, 2.165050e-01
687, 5.694450e-01, 6.976195e-01
688, 5.694450e-01, 5.532895e-01
689, 5.694450e-01, 2.646095e-01
690, 5.694450e-01, 4.570700e-01
691, 5.694450e-01, 8.419700e-01
692, 5.694450e-01, 4.089600e-01
693, 5.694450e-01, 1.683950e-01
694, 5.694450e-01, 7.457450e-01
695, 5.694450e-01, 3.127300e-01
696, 5.722522e-01, 4.138201e-01
697, 5.722522e-01, 3.078699e-01
698, 5.722533e-01, 7.408799e-01
699, 5.722533e-01, 5.581601e-01
700, 5.722533e-01, 1.635299e-01
701, 5.722556e-01, 7.024960e-01
702, 5.722556e-01, 4.522040e-01
703, 5.722556e-01, 2.694860e-01
704, 5.722556e-01, 5.965440e-01
705, 5.722556e-01, 8.468360e-01
706, 5.833195e-01, 8.179100e-01
707, 5.833195e-01, 2.405600e-01
708, 5.833195e-01, 6.254600e-01
709, 5.833282e-01, 4.811250e-01
710, 5.833282e-01, 6.735750e-01
711, 5.833300e-01, 3.367882e-01
712, 5.833300e-01, 5.292400e-01
713, 5.833300e-01, 3.849018e-01
714, 5.833300e-01, 1.924482e-01
715, 5.833300e-01, 7.697982e-01
716, 5.944104e-01, 8.468360e-01
717, 5.944104e-01, 4.522040e-01
718, 5.944104e-01, 2.694860e-01
719, 5.944104e-01, 5.965440e-01
720, 5.944104e-01, 7.024960e-01
721, 5.944127e-01, 7.408799e-01
722, 5.944127e-01, 5.581601e-01
723, 5.944127e-01, 1.635299e-01
724, 5.944138e-01, 3.078699e-01
725, 5.944138e-01, 4.138201e-01
726, 5.972095e-01, 7.938600e-01
727, 5.972095e-01, 2.165100e-01
728, 5.972147e-01, 6.014009e-01
729, 5.972182e-01, 3.608450e-01
730, 5.972191e-01, 1.683934e-01
731, 5.972191e-01, 5.532966e-01
732, 5.972191e-01, 7.457434e-01
733, 5.972200e-01, 4.089582e-01
734, 5.972200e-01, 3.127300e-01
735, 5.972200e-01, 4.570718e-01
736, 5.972200e-01, 6.976282e-01
737, 5.972200e-01, 8.419682e-01
738, 5.972200e-01, 2.646200e-01
739, 5.972210e-01, 6.495200e-01
740, 5.972210e-01, 5.051800e-01
741, 6.028372e-01, 5.051800e-01
742, 6.028372e-01, 6.495200e-01
743, 6.028400e-01, 2.165050e-01
744, 6.028400e-01, 3.608450e-01
745, 6.028400e-01, 7.938550e-01
746, 6.054900e-01, 2.886750e-01
747, 6.054900e-01, 4.330150e-01
748, 6.054928e-01, 5.773500e-01
749, 6.054928e-01, 7.216900e-01
750, 6.110995e-01, 6.254600e-01
751, 6.111082e-01, 6.735750e-01
752, 6.111082e-01, 4.811250e-01
753, 6.111090e-01, 5.773500e-01
754, 6.111090e-01, 7.216900e-01
755, 6.111100e-01, 7.697982e-01
756, 6.111100e-01, 8.179118e-01
757, 6.111100e-01, 2.405618e-01
758, 6.111100e-01, 3.849018e-01
759, 6.111100e-01, 5.292400e-01
760, 6.111100e-01, 1.924482e-01
761, 6.111100e-01, 3.367882e-01
762, 6.111118e-01, 2.886750e-01
763, 6.111118e-01, 4.330150e-01
764, 6.139162e-01, 3.416501e-01
765, 6.139162e-01, 2.356999e-01
766, 6.139162e-01, 8.130499e-01
767, 6.139173e-01, 6.687099e-01
768, 6.139173e-01, 4.859901e-01
769, 6.139196e-01, 7.746660e-01
770, 6.139196e-01, 1.973160e-01
771, 6.139196e-01, 3.800340e-01
772, 6.139196e-01, 5.243740e-01
773, 6.139196e-01, 6.303260e-01
774, 6.249895e-01, 6.014100e-01
775, 6.249895e-01, 4.089600e-01
776, 6.249982e-01, 1.683950e-01
777, 6.249982e-01, 5.532950e-01
778, 6.249982e-01, 7.457450e-01
779, 6.250000e-01, 8.419700e-01
780, 6.250000e-01, 3.127318e-01
781, 6.250000e-01, 4.570700e-01
782, 6.250000e-01, 2.646200e-01
783, 6.250000e-01, 6.976318e-01
784, 6.360804e-01, 5.243740e-01
785, 6.360804e-01, 6.303260e-01
786, 6.360804e-01, 3.800340e-01
787, 6.360804e-01, 1.973160e-01
788, 6.360804e-01, 7.746660e-01
789, 6.360827e-01, 6.687099e-01
790, 6.360827e-01, 4.859901e-01
791, 6.360838e-01, 8.130499e-01
792, 6.360838e-01, 2.356999e-01
793, 6.360838e-01, 3.416501e-01
794, 6.388795e-01, 4.330100e-01
795, 6.388847e-01, 6.254691e-01
796, 6.388882e-01, 2.886750e-01
797, 6.388891e-01, 6.735734e-01
798, 6.388891e-01, 4.811266e-01
799, 6.388900e-01, 5.292418e-01
800, 6.388900e-01, 7.697982e-01
801, 6.388900e-01, 8.179100e-01
802, 6.388900e-01, 1.924500e-01
803, 6.388900e-01, 2.405600e-01
804, 6.388900e-01, 3.849000e-01
805, 6.388900e-01, 3.367900e-01
806, 6.388910e-01, 7.216900e-01
807, 6.388910e-01, 5.773500e-01
808, 6.445072e-01, 7.216900e-01
809, 6.445072e-01, 5.773500e-01
810, 6.445100e-01, 2.886750e-01
811, 6.445100e-01, 4.330150e-01
812, 6.471600e-01, 3.608450e-01
813, 6.471600e-01, 2.165050e-01
814, 6.471600e-01, 7.938550e-01
815, 6.471628e-01, 6.495200e-01
816, 6.471628e-01, 5.051800e-01
817, 6.527695e-01, 6.014100e-01
818, 6.527782e-01, 5.532950e-01
819, 6.527782e-01, 1.683950e-01
820, 6.527782e-01, 7.457450e-01
821, 6.527790e-01, 5.051800e-01
822, 6.527790e-01, 6.495200e-01
823, 6.527800e-01, 8.419682e-01
824, 6.527800e-01, 6.976300e-01
825, 6.527800e-01, 2.646182e-01
826, 6.527800e-01, 4.089582e-01
827, 6.527800e-01, 4.570718e-01
828, 6.527800e-01, 3.127300e-01
829, 6.527818e-01, 7.938550e-01
830, 6.527818e-01, 2.165050e-01
831, 6.527818e-01, 3.608450e-01
832, 6.555862e-01, 3.078699e-01
833, 6.555862e-01, 4.138201e-01
834, 6.555873e-01, 5.581601e-01
835, 6.555873e-01, 1.635299e-01
836, 6.555873e-01, 7.408799e-01
837, 6.555896e-01, 5.965440e-01
838, 6.555896e-01, 8.468360e-01
839, 6.555896e-01, 7.024960e-01
840, 6.555896e-01, 2.694860e-01
841, 6.555896e-01, 4.522040e-01
842, 6.666595e-01, 6.254600e-01
843, 6.666595e-01, 2.405600e-01
844, 6.666595e-01, 8.179100e-01
845, 6.666682e-01, 4.811250e-01
846, 6.666682e-01, 6.735750e-01
847, 6.666700e-01, 3.367882e-01
848, 6.666700e-01, 3.849018e-01
849, 6.666700e-01, 1.924482e-01
850, 6.666700e-01, 7.698018e-01
851, 6.666700e-01, 5.292400e-01
852, 6.777444e-01, 8.468360e-01
853, 6.777444e-01, 2.694860e-01
854, 6.777444e-01, 4.522040e-01
855, 6.777444e-01, 5.965440e-01
856, 6.777444e-01, 7.024960e-01
857, 6.777467e-01, 7.408799e-01
858, 6.777467e-01, 1.635299e-01
859, 6.777467e-01, 5.581601e-01
860, 6.777478e-01, 3.078699e-01
861, 6.777478e-01, 4.138201e-01
862, 6.805495e-01, 7.938600e-01
863, 6.805495e-01, 2.165100e-01
864, 6.805522e-01, 6.014052e-01
865, 6.805550e-01, 6.976195e-01
866, 6.805550e-01, 4.089495e-01
867, 6.805550e-01, 2.646200e-01
868, 6.805550e-01, 4.570700e-01
869, 6.805550e-01, 5.532895e-01
870, 6.805550e-01, 7.457450e-01
871, 6.805550e-01, 1.684005e-01
872, 6.805550e-01, 3.127300e-01
873, 6.805550e-01, 8.419700e-01
874, 6.805582e-01, 3.608450e-01
875, 6.805610e-01, 6.495200e-01
876, 6.805610e-01, 5.051800e-01
877, 6.861692e-01, 6.495200e-01
878, 6.861692e-01, 5.051800e-01
879, 6.861721e-01, 2.165050e-01
880, 6.861721e-01, 3.608450e-01
881, 6.861721e-01, 7.938550e-01
882, 6.888279e-01, 4.330150e-01
883, 6.888279e-01, 2.886750e-01
884, 6.888308e-01, 7.216900e-01
885, 6.888308e-01, 5.773500e-01
886, 6.944390e-01, 5.773500e-01
887, 6.944390e-01, 7.216900e-01
888, 6.944395e-01, 6.254600e-01
889, 6.944418e-01, 2.886750e-01
890, 6.944418e-01, 4.330150e-01
891, 6.944450e-01, 2.405705e-01
892, 6.944450e-01, 6.735805e-01
893, 6.944450e-01, 4.811250e-01
894, 6.944450e-01, 3.849000e-01
895, 6.944450e-01, 3.367900e-01
896, 6.944450e-01, 1.924500e-01
897, 6.944450e-01, 5.292505e-01
898, 6.944450e-01, 7.698000e-01
899, 6.944450e-01, 8.179100e-01
900, 6.972522e-01, 3.416501e-01
901, 6.972522e-01, 2.356999e-01
902, 6.972522e-01, 8.130499e-01
903, 6.972533e-01, 4.859901e-01
904, 6.972533e-01, 6.687099e-01
905, 6.972556e-01, 7.746660e-01
906, 6.972556e-01, 1.973160e-01
907, 6.972556e-01, 5.243740e-01
908, 6.972556e-01, 6.303260e-01
909, 6.972556e-01, 3.800340e-01
910, 7.083195e-01, 4.089600e-01
911, 7.083195e-01, 6.014100e-01
912, 7.083282e-01, 7.457450e-01
913, 7.083282e-01, 5.532950e-01
914, 7.083282e-01, 1.683950e-01
915, 7.083300e-01, 8.419700e-01
916, 7.083300e-01, 6.976300e-01
917, 7.083300e-01, 4.570718e-01
918, 7.083300e-01, 2.646218e-01
919, 7.083300e-01, 3.127282e-01
920, 7.194104e-01, 3.800340e-01
921, 7.194104e-01, 1.973160e-01
922, 7.194104e-01, 5.243740e-01
923, 7.194104e-01, 6.303260e-01
924, 7.194104e-01, 7.746660e-01
925, 7.194127e-01, 6.687099e-01
926, 7.194127e-01, 4.859901e-01
927, 7.194138e-01, 8.130499e-01
928, 7.194138e-01, 2.356999e-01
929, 7.194138e-01, 3.416501e-01
930, 7.222095e-01, 4.330100e-01
931, 7.222147e-01, 6.254691e-01
932, 7.222182e-01, 2.886750e-01
933, 7.222191e-01, 4.811266e-01
934, 7.222191e-01, 6.735734e-01
935, 7.222200e-01, 3.849018e-01
936, 7.222200e-01, 8.179100e-01
937, 7.222200e-01, 1.924482e-01
938, 7.222200e-01, 3.367882e-01
939, 7.222200e-01, 7.697982e-01
940, 7.222200e-01, 2.405600e-01
941, 7.222200e-01, 5.292400e-01
942, 7.222210e-01, 5.773500e-01
943, 7.222210e-01, 7.216900e-01
944, 7.278372e-01, 5.773500e-01
945, 7.278372e-01, 7.216900e-01
946, 7.278400e-01, 4.330150e-01
947, 7.278400e-01, 2.886750e-01
948, 7.304900e-01, 7.938550e-01
949, 7.304900e-01, 3.608450e-01
950, 7.304900e-01, 2.165050e-01
951, 7.304928e-01, 6.495200e-01
952, 7.304928e-01, 5.051800e-01
953, 7.360995e-01, 6.014100e-01
954, 7.361082e-01, 7.457450e-01
955, 7.361082e-01, 1.683950e-01
956, 7.361082e-01, 5.532950e-01
957, 7.361090e-01, 5.051800e-01
958, 7.361090e-01, 6.495200e-01
959, 7.361100e-01, 8.419682e-01
960, 7.361100e-01, 2.646182e-01
961, 7.361100e-01, 3.127318e-01
962, 7.361100e-01, 4.089582e-01
963, 7.361100e-01, 4.570718e-01
964, 7.361100e-01, 6.976300e-01
965, 7.361118e-01, 2.165050e-01
966, 7.361118e-01, 3.608450e-01
967, 7.361118e-01, 7.938550e-01
968, 7.389162e-01, 4.138201e-01
969, 7.389162e-01, 3.078699e-01
970, 7.389173e-01, 7.408799e-01
971, 7.389173e-01, 1.635299e-01
972, 7.389173e-01, 5.581601e-01
973, 7.389196e-01, 8.468360e-01
974, 7.389196e-01, 7.024960e-01
975, 7.389196e-01, 2.694860e-01
976, 7.389196e-01, 4.522040e-01
977, 7.389196e-01, 5.965440e-01
978, 7.499895e-01, 6.254600e-01
979, 7.499895e-01, 8.179100e-01
980, 7.499895e-01, 2.405600e-01
981, 7.499982e-01, 4.811250e-01
982, 7.499982e-01, 6.735750e-01
983, 7.500000e-01, 7.698000e-01
984, 7.500000e-01, 3.849000e-01
985, 7.500000e-01, 5.292400e-01
986, 7.500000e-01, 3.367900e-01
987, 7.500000e-01, 1.924500e-01
988, 7.610804e-01, 2.694860e-01
989, 7.610804e-01, 4.522040e-01
990, 7.610804e-01, 5.965440e-01
991, 7.610804e-01, 7.024960e-01
992, 7.610804e-01, 8.468360e-01
993, 7.610827e-01, 7.408799e-01
994, 7.610827e-01, 1.635299e-01
995, 7.610827e-01, 5.581601e-01
996, 7.610838e-01, 3.078699e-01
997, 7.610838e-01, 4.138201e-01
998, 7.638795e-01, 7.938600e-01
999, 7.638795e-01, 2.165100e-01
1000, 7.638847e-01, 6.014009e-01
1001, 7.638882e-01, 3.608450e-01
1002, 7.638891e-01, 5.532966e-01
1003, 7.638891e-01, 1.683934e-01
1004, 7.638891e-01, 7.457434e-01
1005, 7.638900e-01, 8.419700e-01
1006, 7.638900e-01, 6.976282e-01
1007, 7.638900e-01, 4.089582e-01
1008, 7.638900e-01, 2.646182e-01
1009, 7.638900e-01, 3.127300e-01
1010, 7.638900e-01, 4.570700e-01
1011, 7.638910e-01, 5.051800e-01
1012, 7.638910e-01, 6.495200e-01
1013, 7.695072e-01, 5.051800e-01
1014, 7.695072e-01, 6.495200e-01
1015, 7.695100e-01, 3.608450e-01
1016, 7.695100e-01, 7.938550e-01
1017, 7.695100e-01, 2.165050e-01
1018, 7.721600e-01, 4.330150e-01
1019, 7.721600e-01, 2.886750e-01
1020, 7.721628e-01, 5.773500e-01
1021, 7.721628e-01, 7.216900e-01
1022, 7.777695e-01, 6.254600e-01
1023, 7.777782e-01, 4.811250e-01
1024, 7.777782e-01, 6.735750e-01
1025, 7.777790e-01, 7.216900e-01
1026, 7.777790e-01, 5.773500e-01
1027, 7.777800e-01, 3.849018e-01
1028, 7.777800e-01, 8.179100e-01
1029, 7.777800e-01, 2.405618e-01
1030, 7.777800e-01, 3.367882e-01
1031, 7.777800e-01, 1.924500e-01
1032, 7.777800e-01, 5.292418e-01
1033, 7.777800e-01, 7.698000e-01
1034, 7.777818e-01, 2.886750e-01
1035, 7.777818e-01, 4.330150e-01
1036, 7.805862e-01, 2.356999e-01
1037, 7.805862e-01, 3.416501e-01
1038, 7.805862e-01, 8.130499e-01
1039, 7.805873e-01, 6.687099e-01
1040, 7.805873e-01, 4.859901e-01
1041, 7.805896e-01, 7.746660e-01
1042, 7.805896e-01, 6.303260e-01
1043, 7.805896e-01, 1.973160e-01
1044, 7.805896e-01, 3.800340e-01
1045, 7.805896e-01, 5.243740e-01
1046, 7.916595e-01, 6.014100e-01
1047, 7.916595e-01, 4.089600e-01
1048, 7.916682e-01, 5.532950e-01
1049, 7.916682e-01, 1.683950e-01
1050, 7.916682e-01, 7.457450e-01
1051, 7.916700e-01, 6.976318e-01
1052, 7.916700e-01, 8.419700e-01
1053, 7.916700e-01, 4.570682e-01
1054, 7.916700e-01, 2.646218e-01
1055, 7.916700e-01, 3.127282e-01
1056, 8.027444e-01, 6.303260e-01
1057, 8.027444e-01, 3.800340e-01
1058, 8.027444e-01, 5.243740e-01
1059, 8.027444e-01, 1.973160e-01
1060, 8.027444e-01, 7.746660e-01
1061, 8.027467e-01, 4.859901e-01
1062, 8.027467e-01, 6.687099e-01
1063, 8.027478e-01, 8.130499e-01
1064, 8.027478e-01, 3.416501e-01
1065, 8.027478e-01, 2.356999e-01
1066, 8.055495e-01, 4.330100e-01
1067, 8.055522e-01, 6.254648e-01
1068, 8.055550e-01, 7.697895e-01
1069, 8.055550e-01, 8.179205e-01
1070, 8.055550e-01, 4.811250e-01
1071, 8.055550e-01, 5.292505e-01
1072, 8.055550e-01, 1.924395e-01
1073, 8.055550e-01, 6.735750e-01
1074, 8.055550e-01, 3.367795e-01
1075, 8.055550e-01, 3.849000e-01
1076, 8.055550e-01, 2.405705e-01
1077, 8.055582e-01, 2.886750e-01
1078, 8.055610e-01, 5.773500e-01
1079, 8.055610e-01, 7.216900e-01
1080, 8.111692e-01, 7.216900e-01
1081, 8.111692e-01, 5.773500e-01
1082, 8.111721e-01, 4.330150e-01
1083, 8.111721e-01, 2.886750e-01
1084, 8.138279e-01, 2.165050e-01
1085, 8.138279e-01, 3.608450e-01
1086, 8.138279e-01, 7.938550e-01
1087, 8.138308e-01, 6.495200e-01
1088, 8.138308e-01, 5.051800e-01
1089, 8.194390e-01, 5.051800e-01
1090, 8.194390e-01, 6.495200e-01
1091, 8.194395e-01, 6.014100e-01
1092, 8.194418e-01, 3.608450e-01
1093, 8.194418e-01, 7.938550e-01
1094, 8.194418e-01, 2.165050e-01
1095, 8.194450e-01, 4.089600e-01
1096, 8.194450e-01, 6.976300e-01
1097, 8.194450e-01, 2.646200e-01
1098, 8.194450e-01, 1.683950e-01
1099, 8.194450e-01, 5.532950e-01
1100, 8.194450e-01, 7.457450e-01
1101, 8.194450e-01, 4.570805e-01
1102, 8.194450e-01, 8.419700e-01
1103, 8.194450e-01, 3.127300e-01
1104, 8.222522e-01, 3.078699e-01
1105, 8.222522e-01, 4.138201e-01
1106, 8.222533e-01, 5.581601e-01
1107, 8.222533e-01, 7.408799e-01
1108, 8.222533e-01, 1.635299e-01
1109, 8.222556e-01, 5.965440e-01
1110, 8.222556e-01, 8.468360e-01
1111, 8.222556e-01, 7.024960e-01
1112, 8.222556e-01, 2.694860e-01
1113, 8.222556e-01, 4.522040e-01
1114, 8.333195e-01, 6.254600e-01
1115, 8.333195e-01, 2.405600e-01
1116, 8.333195e-01, 8.179100e-01
1117, 8.333282e-01, 6.735750e-01
1118, 8.333282e-01, 4.811250e-01
1119, 8.333300e-01, 7.697982e-01
1120, 8.333300e-01, 3.849000e-01
1121, 8.333300e-01, 5.292400e-01
1122, 8.333300e-01, 1.924500e-01
1123, 8.333300e-01, 3.367900e-01
1124, 8.444104e-01, 2.694860e-01
1125, 8.444104e-01, 4.522040e-01
1126, 8.444104e-01, 7.024960e-01
1127, 8.444104e-01, 5.965440e-01
1128, 8.444104e-01, 8.468360e-01
1129, 8.444127e-01, 5.581601e-01
1130, 8.444127e-01, 1.635299e-01
1131, 8.444127e-01, 7.408799e-01
1132, 8.444138e-01, 4.138201e-01
1133, 8.444138e-01, 3.078699e-01
1134, 8.472095e-01, 7.938600e-01
1135, 8.472095e-01, 2.165100e-01
1136, 8.472147e-01, 6.014009e-01
1137, 8.472182e-01, 3.608450e-01
1138, 8.472191e-01, 1.683934e-01
1139, 8.472191e-01, 5.532966e-01
1140, 8.472191e-01, 7.457434e-01
1141, 8.472200e-01, 8.419682e-01
1142, 8.472200e-01, 4.089582e-01
1143, 8.472200e-01, 3.127318e-01
1144, 8.472200e-01, 4.570700e-01
1145, 8.472200e-01, 2.646182e-01
1146, 8.472200e-01, 6.976300e-01
1147, 8.472210e-01, 5.051800e-01
1148, 8.472210e-01, 6.495200e-01
1149, 1.500000e-01, 1.683950e-01
1150, 1.500000e-01, 2.646184e-01
1151, 1.500000e-01, 3.127316e-01
1152, 1.500000e-01, 4.089600e-01
1153, 1.500000e-01, 4.570718e-01
1154, 1.500000e-01, 5.532950e-01
1155, 1.500000e-01, 6.014100e-01
1156, 1.500000e-01, 6.976285e-01
1157, 1.500000e-01, 7.457450e-01
1158, 1.500000e-01, 8.419702e-01
1159, 1.500000e-01, 1.732069e-01
1160, 1.500000e-01, 2.598031e-01
1161, 1.500000e-01, 3.175466e-01
1162, 1.500000e-01, 4.041445e-01
1163, 1.500000e-01, 4.618859e-01
1164, 1.500000e-01, 5.484831e-01
1165, 1.500000e-01, 6.062089e-01
1166, 1.500000e-01, 6.928141e-01
1167, 1.500000e-01, 7.505566e-01
1168, 1.500000e-01, 8.371545e-01
1169, 1.500000e-01, 1.924493e-01
1170, 1.500000e-01, 2.405600e-01
1171, 1.500000e-01, 2.165050e-01
1172, 1.500000e-01, 3.367889e-01
1173, 1.500000e-01, 3.849000e-01
1174, 1.500000e-01, 3.608450e-01
1175, 1.500000e-01, 4.811260e-01
1176, 1.500000e-01, 5.292400e-01
1177, 1.500000e-01, 5.051800e-01
1178, 1.500000e-01, 6.254655e-01
1179, 1.500000e-01, 6.735740e-01
1180, 1.500000e-01, 6.495200e-01
1181, 1.500000e-01, 7.697989e-01
1182, 1.500000e-01, 8.179100e-01
1183, 1.500000e-01, 7.938550e-01
1184, 1.500000e-01, 1.538532e-01
1185, 1.500000e-01, 2.791668e-01
1186, 1.500000e-01, 2.981891e-01
1187, 1.500000e-01, 4.235009e-01
1188, 1.500000e-01, 4.425232e-01
1189, 1.500000e-01, 5.678368e-01
1190, 1.500000e-01, 5.868632e-01
1191, 1.500000e-01, 7.121768e-01
1192, 1.500000e-01, 7.312032e-01
1193, 1.537628e-01, 8.500000e-01
1194, 1.855616e-01, 1.500000e-01
1195, 1.795719e-01, 8.500000e-01
1196, 1.977070e-01, 1.500000e-01
1197, 2.036939e-01, 8.500000e-01
1198, 2.189521e-01, 1.500000e-01
1199, 2.129661e-01, 8.500000e-01
1200, 2.311052e-01, 1.500000e-01
1201, 2.370928e-01, 8.500000e-01
1202, 2.688948e-01, 1.500000e-01
1203, 2.629072e-01, 8.500000e-01
1204, 2.810470e-01, 1.500000e-01
1205, 2.870346e-01, 8.500000e-01
1206, 3.022921e-01, 1.500000e-01
1207, 2.963054e-01, 8.500000e-01
1208, 3.144384e-01, 1.500000e-01
1209, 3.204281e-01, 8.500000e-01
1210, 3.522248e-01, 1.500000e-01
1211, 3.462372e-01, 8.500000e-01
1212, 3.643770e-01, 1.500000e-01
1213, 3.703646e-01, 8.500000e-01
1214, 3.856221e-01, 1.500000e-01
1215, 3.796354e-01, 8.500000e-01
1216, 3.977752e-01, 1.500000e-01
1217, 4.037628e-01, 8.500000e-01
1218, 4.355616e-01, 1.500000e-01
1219, 4.295719e-01, 8.500000e-01
1220, 4.477070e-01, 1.500000e-01
1221, 4.536932e-01, 8.500000e-01
1222, 4.689521e-01, 1.500000e-01
1223, 4.629668e-01, 8.500000e-01
1224, 4.811052e-01, 1.500000e-01
1225, 4.870928e-01, 8.500000e-01
1226, 5.188948e-01, 1.500000e-01
1227, 5.129072e-01, 8.500000e-01
1228, 5.310470e-01, 1.500000e-01
1229, 5.370332e-01, 8.500000e-01
1230, 5.522921e-01, 1.500000e-01
1231, 5.463068e-01, 8.500000e-01
1232, 5.644384e-01, 1.500000e-01
1233, 5.704281e-01, 8.500000e-01
1234, 6.022248e-01, 1.500000e-01
1235, 5.962372e-01, 8.500000e-01
1236, 6.143770e-01, 1.500000e-01
1237, 6.203639e-01, 8.500000e-01
1238, 6.356221e-01, 1.500000e-01
1239, 6.296361e-01, 8.500000e-01
1240, 6.477752e-01, 1.500000e-01
1241, 6.537628e-01, 8.500000e-01
1242, 6.855616e-01, 1.500000e-01
1243, 6.795719e-01, 8.500000e-01
1244, 6.977070e-01, 1.500000e-01
1245, 7.036939e-01, 8.500000e-01
1246, 7.189521e-01, 1.500000e-01
1247, 7.129661e-01, 8.500000e-01
1248, 7.311052e-01, 1.500000e-01
1249, 7.370928e-01, 8.500000e-01
1250, 7.688948e-01, 1.500000e-01
1251, 7.629072e-01, 8.500000e-01
1252, 7.810470e-01, 1.500000e-01
1253, 7.870339e-01, 8.500000e-01
1254, 8.022921e-01, 1.500000e-01
1255, 7.963061e-01, 8.500000e-01
1256, 8.144384e-01, 1.500000e-01
1257, 8.204281e-01, 8.500000e-01
1258, 8.500000e-01, 1.924489e-01
1259, 8.500000e-01, 2.405600e-01
1260, 8.500000e-01, 2.165075e-01
1261, 8.500000e-01, 3.367900e-01
1262, 8.500000e-01, 3.849011e-01
1263, 8.500000e-01, 3.608450e-01
1264, 8.500000e-01, 4.811250e-01
1265, 8.500000e-01, 5.292411e-01
1266, 8.500000e-01, 5.051800e-01
1267, 8.500000e-01, 6.254600e-01
1268, 8.500000e-01, 6.735750e-01
1269, 8.500000e-01, 6.495200e-01
1270, 8.500000e-01, 7.697993e-01
1271, 8.500000e-01, 8.179111e-01
1272, 8.500000e-01, 7.938575e-01
1273, 8.500000e-01, 1.538532e-01
1274, 8.500000e-01, 1.732091e-01
1275, 8.500000e-01, 1.683936e-01
1276, 8.500000e-01, 2.598031e-01
1277, 8.500000e-01, 2.791668e-01
1278, 8.500000e-01, 2.646182e-01
1279, 8.500000e-01, 2.981891e-01
1280, 8.500000e-01, 3.175469e-01
1281, 8.500000e-01, 3.127315e-01
1282, 8.500000e-01, 4.041434e-01
1283, 8.500000e-01, 4.235009e-01
1284, 8.500000e-01, 4.089584e-01
1285, 8.500000e-01, 4.425232e-01
1286, 8.500000e-01, 4.618851e-01
1287, 8.500000e-01, 4.570698e-01
1288, 8.500000e-01, 5.484809e-01
1289, 8.500000e-01, 5.678368e-01
1290, 8.500000e-01, 5.532964e-01
1291, 8.500000e-01, 5.868632e-01
1292, 8.500000e-01, 6.062271e-01
1293, 8.500000e-01, 6.014018e-01
1294, 8.500000e-01, 6.928149e-01
1295, 8.500000e-01, 7.121768e-01
1296, 8.500000e-01, 6.976298e-01
1297, 8.500000e-01, 7.312032e-01
1298, 8.500000e-01, 7.505595e-01
1299, 8.500000e-01, 7.457436e-01
1300, 8.500000e-01, 8.371534e-01
1301, 8.462372e-01, 8.500000e-01
1302, 8.500000e-01, 8.419684e-01
