1, 1.521461e-01, 6.612426e-01
2, 1.539970e-01, 5.490086e-01
3, 1.544524e-01, 4.307063e-01
4, 1.544765e-01, 3.431882e-01
5, 1.549928e-01, 2.689130e-01
6, 1.551278e-01, 2.369467e-01
7, 1.552165e-01, 6.924951e-01
8, 1.552406e-01, 8.473246e-01
9, 1.557538e-01, 4.596167e-01
10, 1.557605e-01, 2.253905e-01
11, 1.558493e-01, 8.056603e-01
12, 1.558939e-01, 6.086521e-01
13, 1.565682e-01, 6.260081e-01
14, 1.566478e-01, 1.926545e-01
15, 1.570351e-01, 7.659330e-01
16, 1.570371e-01, 1.691652e-01
17, 1.573917e-01, 7.459964e-01
18, 1.576976e-01, 2.231864e-01
19, 1.582527e-01, 6.616659e-01
20, 1.582955e-01, 5.530734e-01
21, 1.591224e-01, 2.727906e-01
22, 1.593096e-01, 7.684006e-01
23, 1.595111e-01, 6.282556e-01
24, 1.602010e-01, 2.855344e-01
25, 1.606328e-01, 5.137446e-01
26, 1.607950e-01, 3.141438e-01
27, 1.608551e-01, 3.366959e-01
28, 1.625377e-01, 3.823451e-01
29, 1.626215e-01, 7.962829e-01
30, 1.633786e-01, 5.265472e-01
31, 1.634579e-01, 5.689690e-01
32, 1.636315e-01, 8.378162e-01
33, 1.641043e-01, 7.033595e-01
34, 1.643577e-01, 8.187137e-01
35, 1.644126e-01, 7.243114e-01
36, 1.763953e-01, 5.339866e-01
37, 1.773336e-01, 7.295632e-01
38, 1.779953e-01, 1.636895e-01
39, 1.781442e-01, 4.446974e-01
40, 1.788821e-01, 7.049226e-01
41, 1.800826e-01, 7.905521e-01
42, 1.812290e-01, 2.728686e-01
43, 1.814803e-01, 7.682721e-01
44, 1.817640e-01, 3.058452e-01
45, 1.819713e-01, 1.643202e-01
46, 1.819934e-01, 5.547265e-01
47, 1.820185e-01, 4.815438e-01
48, 1.821625e-01, 3.903161e-01
49, 1.822209e-01, 3.016012e-01
50, 1.822344e-01, 8.228240e-01
51, 1.825169e-01, 5.732896e-01
52, 1.831496e-01, 3.362067e-01
53, 1.832302e-01, 3.593558e-01
54, 1.835127e-01, 1.896898e-01
55, 1.835729e-01, 4.992491e-01
56, 1.841802e-01, 5.992798e-01
57, 1.842972e-01, 6.524047e-01
58, 1.843236e-01, 2.436690e-01
59, 1.844320e-01, 2.981091e-01
60, 1.846289e-01, 1.701776e-01
61, 1.850853e-01, 4.075453e-01
62, 1.854425e-01, 2.769641e-01
63, 1.863895e-01, 3.137306e-01
64, 1.865978e-01, 6.790918e-01
65, 1.875948e-01, 1.571312e-01
66, 1.879202e-01, 2.147140e-01
67, 1.880297e-01, 6.950528e-01
68, 1.892274e-01, 4.120080e-01
69, 1.898053e-01, 5.927680e-01
70, 1.898134e-01, 5.859590e-01
71, 1.898200e-01, 1.974273e-01
72, 1.931960e-01, 7.341006e-01
73, 2.026902e-01, 1.756661e-01
74, 2.027723e-01, 2.292534e-01
75, 2.031664e-01, 4.125183e-01
76, 2.043566e-01, 4.814359e-01
77, 2.046627e-01, 1.979967e-01
78, 2.052944e-01, 8.068601e-01
79, 2.055131e-01, 5.503175e-01
80, 2.061593e-01, 3.382488e-01
81, 2.062624e-01, 3.234111e-01
82, 2.064538e-01, 2.294037e-01
83, 2.067561e-01, 4.566652e-01
84, 2.072964e-01, 8.424676e-01
85, 2.074324e-01, 4.305187e-01
86, 2.080633e-01, 3.689518e-01
87, 2.084599e-01, 3.413280e-01
88, 2.088477e-01, 5.133232e-01
89, 2.089374e-01, 6.042352e-01
90, 2.090568e-01, 5.540183e-01
91, 2.095889e-01, 5.741740e-01
92, 2.100966e-01, 2.315596e-01
93, 2.104028e-01, 6.231287e-01
94, 2.106709e-01, 2.026012e-01
95, 2.115947e-01, 5.078002e-01
96, 2.119164e-01, 8.167660e-01
97, 2.120484e-01, 3.773272e-01
98, 2.121162e-01, 7.976542e-01
99, 2.121554e-01, 7.663348e-01
100, 2.125074e-01, 7.213751e-01
101, 2.127513e-01, 4.028372e-01
102, 2.127693e-01, 6.254819e-01
103, 2.129435e-01, 4.901054e-01
104, 2.130948e-01, 6.556404e-01
105, 2.134290e-01, 2.886364e-01
106, 2.134860e-01, 6.737566e-01
107, 2.149381e-01, 7.702014e-01
108, 2.150090e-01, 7.513123e-01
109, 2.151390e-01, 2.382724e-01
110, 2.251871e-01, 1.563323e-01
111, 2.282092e-01, 5.957145e-01
112, 2.289462e-01, 8.225963e-01
113, 2.290079e-01, 6.246678e-01
114, 2.312501e-01, 4.427497e-01
115, 2.329449e-01, 5.828800e-01
116, 2.334335e-01, 8.454471e-01
117, 2.339181e-01, 6.823003e-01
118, 2.341516e-01, 7.894005e-01
119, 2.346175e-01, 6.968124e-01
120, 2.347014e-01, 4.426792e-01
121, 2.347668e-01, 5.868465e-01
122, 2.354075e-01, 5.580205e-01
123, 2.359148e-01, 3.906563e-01
124, 2.360855e-01, 4.057565e-01
125, 2.360867e-01, 7.676259e-01
126, 2.364848e-01, 3.578048e-01
127, 2.368017e-01, 1.577096e-01
128, 2.370004e-01, 7.421079e-01
129, 2.371021e-01, 7.352593e-01
130, 2.380187e-01, 7.652216e-01
131, 2.380482e-01, 4.079578e-01
132, 2.380726e-01, 2.014529e-01
133, 2.382167e-01, 3.421709e-01
134, 2.387123e-01, 6.325407e-01
135, 2.388058e-01, 6.475989e-01
136, 2.388706e-01, 4.450860e-01
137, 2.390373e-01, 5.319974e-01
138, 2.390577e-01, 2.459011e-01
139, 2.392219e-01, 3.106011e-01
140, 2.393415e-01, 2.170881e-01
141, 2.393732e-01, 2.986217e-01
142, 2.397531e-01, 1.520610e-01
143, 2.399238e-01, 7.313437e-01
144, 2.406042e-01, 4.855115e-01
145, 2.408015e-01, 1.986410e-01
146, 2.418880e-01, 4.947339e-01
147, 2.421186e-01, 4.514579e-01
148, 2.425106e-01, 3.378705e-01
149, 2.434382e-01, 1.683842e-01
150, 2.438099e-01, 4.812670e-01
151, 2.489324e-01, 5.888747e-01
152, 2.561380e-01, 2.350095e-01
153, 2.569931e-01, 8.072365e-01
154, 2.578946e-01, 7.542205e-01
155, 2.581379e-01, 2.888887e-01
156, 2.582482e-01, 5.208826e-01
157, 2.594283e-01, 6.295503e-01
158, 2.595221e-01, 6.623608e-01
159, 2.595401e-01, 7.669674e-01
160, 2.600735e-01, 1.761967e-01
161, 2.607028e-01, 1.948270e-01
162, 2.607156e-01, 2.354882e-01
163, 2.607350e-01, 6.014404e-01
164, 2.614613e-01, 8.479742e-01
165, 2.617335e-01, 3.758041e-01
166, 2.619126e-01, 6.320943e-01
167, 2.622636e-01, 4.335644e-01
168, 2.631703e-01, 3.403034e-01
169, 2.632180e-01, 7.191835e-01
170, 2.633692e-01, 8.457075e-01
171, 2.643231e-01, 4.797420e-01
172, 2.646574e-01, 7.722099e-01
173, 2.647189e-01, 3.759296e-01
174, 2.652508e-01, 3.187994e-01
175, 2.653911e-01, 3.383296e-01
176, 2.658911e-01, 5.576378e-01
177, 2.659618e-01, 2.325096e-01
178, 2.660761e-01, 3.731151e-01
179, 2.662170e-01, 4.633045e-01
180, 2.665491e-01, 4.822474e-01
181, 2.681524e-01, 2.284456e-01
182, 2.693407e-01, 5.163419e-01
183, 2.695641e-01, 5.787456e-01
184, 2.696696e-01, 5.604752e-01
185, 2.699894e-01, 6.628409e-01
186, 2.832183e-01, 6.974832e-01
187, 2.834036e-01, 7.273712e-01
188, 2.861689e-01, 4.459711e-01
189, 2.862956e-01, 6.756874e-01
190, 2.865475e-01, 6.945256e-01
191, 2.880188e-01, 3.366067e-01
192, 2.886782e-01, 5.305948e-01
193, 2.888440e-01, 4.851565e-01
194, 2.889261e-01, 7.358044e-01
195, 2.894267e-01, 8.465811e-01
196, 2.894628e-01, 5.063249e-01
197, 2.895726e-01, 3.037849e-01
198, 2.899815e-01, 7.715437e-01
199, 2.899968e-01, 2.740015e-01
200, 2.900534e-01, 3.877189e-01
201, 2.901536e-01, 4.109513e-01
202, 2.909889e-01, 7.950929e-01
203, 2.911066e-01, 3.614969e-01
204, 2.918932e-01, 1.917257e-01
205, 2.919083e-01, 8.167789e-01
206, 2.920230e-01, 2.485069e-01
207, 2.922455e-01, 2.176976e-01
208, 2.932075e-01, 7.680915e-01
209, 2.933488e-01, 6.506816e-01
210, 2.935025e-01, 1.562651e-01
211, 2.936975e-01, 4.077208e-01
212, 2.937163e-01, 2.941522e-01
213, 2.941546e-01, 4.508624e-01
214, 2.947761e-01, 3.417340e-01
215, 2.948096e-01, 1.938547e-01
216, 2.951046e-01, 2.674568e-01
217, 2.954402e-01, 4.806194e-01
218, 2.960486e-01, 8.417634e-01
219, 2.972953e-01, 5.988622e-01
220, 3.017179e-01, 7.357004e-01
221, 3.046258e-01, 3.746754e-01
222, 3.047652e-01, 4.083708e-01
223, 3.060433e-01, 8.050968e-01
224, 3.081307e-01, 6.634570e-01
225, 3.098536e-01, 4.318818e-01
226, 3.100544e-01, 8.443364e-01
227, 3.104421e-01, 2.664913e-01
228, 3.105558e-01, 6.930279e-01
229, 3.116601e-01, 2.888609e-01
230, 3.123722e-01, 4.025427e-01
231, 3.126928e-01, 6.052519e-01
232, 3.133815e-01, 6.265589e-01
233, 3.137267e-01, 1.897051e-01
234, 3.139670e-01, 3.201520e-01
235, 3.147647e-01, 4.601213e-01
236, 3.157058e-01, 6.283806e-01
237, 3.159741e-01, 5.766433e-01
238, 3.160364e-01, 2.620588e-01
239, 3.162661e-01, 5.555696e-01
240, 3.168839e-01, 6.997445e-01
241, 3.168922e-01, 8.049494e-01
242, 3.172038e-01, 6.649132e-01
243, 3.180564e-01, 1.739553e-01
244, 3.198229e-01, 2.311230e-01
245, 3.199649e-01, 8.047685e-01
246, 3.202031e-01, 3.741857e-01
247, 3.206852e-01, 7.210276e-01
248, 3.209606e-01, 5.509437e-01
249, 3.213126e-01, 5.286415e-01
250, 3.217329e-01, 2.346426e-01
251, 3.226023e-01, 7.499499e-01
252, 3.228858e-01, 1.986546e-01
253, 3.233468e-01, 2.260267e-01
254, 3.343390e-01, 1.671901e-01
255, 3.346720e-01, 2.443780e-01
256, 3.367676e-01, 2.599457e-01
257, 3.368265e-01, 7.437684e-01
258, 3.369986e-01, 5.904155e-01
259, 3.371449e-01, 6.305921e-01
260, 3.371931e-01, 3.408482e-01
261, 3.376561e-01, 3.009122e-01
262, 3.379561e-01, 6.484991e-01
263, 3.391774e-01, 1.594628e-01
264, 3.395300e-01, 4.848396e-01
265, 3.399533e-01, 5.008708e-01
266, 3.401288e-01, 3.437353e-01
267, 3.405992e-01, 5.904117e-01
268, 3.407180e-01, 7.714610e-01
269, 3.413829e-01, 1.554780e-01
270, 3.416005e-01, 2.173067e-01
271, 3.422332e-01, 6.963840e-01
272, 3.422490e-01, 3.627305e-01
273, 3.426248e-01, 5.938711e-01
274, 3.427705e-01, 6.734233e-01
275, 3.430316e-01, 6.250144e-01
276, 3.431774e-01, 7.739936e-01
277, 3.432513e-01, 7.870594e-01
278, 3.432702e-01, 5.420920e-01
279, 3.434671e-01, 3.878526e-01
280, 3.438523e-01, 2.667735e-01
281, 3.439484e-01, 5.523804e-01
282, 3.446771e-01, 5.834326e-01
283, 3.447288e-01, 4.800838e-01
284, 3.449341e-01, 4.520270e-01
285, 3.452700e-01, 8.442845e-01
286, 3.459735e-01, 4.106294e-01
287, 3.483417e-01, 8.206905e-01
288, 3.493300e-01, 7.043177e-01
289, 3.517595e-01, 8.391507e-01
290, 3.582348e-01, 8.401941e-01
291, 3.604443e-01, 7.735867e-01
292, 3.607608e-01, 6.650732e-01
293, 3.611681e-01, 8.432296e-01
294, 3.631561e-01, 7.448995e-01
295, 3.637366e-01, 2.651690e-01
296, 3.641722e-01, 6.263610e-01
297, 3.644275e-01, 6.072007e-01
298, 3.649023e-01, 7.976011e-01
299, 3.649186e-01, 2.898960e-01
300, 3.659324e-01, 7.791206e-01
301, 3.662830e-01, 5.698797e-01
302, 3.676585e-01, 2.705080e-01
303, 3.677195e-01, 6.650104e-01
304, 3.680016e-01, 6.307478e-01
305, 3.682094e-01, 1.947464e-01
306, 3.683193e-01, 4.275773e-01
307, 3.691053e-01, 5.553619e-01
308, 3.691459e-01, 3.192926e-01
309, 3.692015e-01, 3.358811e-01
310, 3.692896e-01, 4.843827e-01
311, 3.694660e-01, 5.169849e-01
312, 3.696474e-01, 6.996870e-01
313, 3.704892e-01, 4.660127e-01
314, 3.705980e-01, 1.915964e-01
315, 3.713555e-01, 2.245298e-01
316, 3.715185e-01, 5.225614e-01
317, 3.718262e-01, 1.828896e-01
318, 3.721485e-01, 7.228679e-01
319, 3.724918e-01, 3.390071e-01
320, 3.726846e-01, 4.806552e-01
321, 3.853994e-01, 7.345484e-01
322, 3.885661e-01, 6.763745e-01
323, 3.889875e-01, 4.048908e-01
324, 3.895314e-01, 3.896775e-01
325, 3.896188e-01, 3.396638e-01
326, 3.907817e-01, 2.997052e-01
327, 3.908465e-01, 8.219035e-01
328, 3.910284e-01, 7.354988e-01
329, 3.915878e-01, 5.037268e-01
330, 3.924684e-01, 6.481451e-01
331, 3.925788e-01, 1.706171e-01
332, 3.926988e-01, 4.812825e-01
333, 3.927164e-01, 7.382498e-01
334, 3.927964e-01, 1.944866e-01
335, 3.930338e-01, 8.355700e-01
336, 3.935895e-01, 2.143727e-01
337, 3.938922e-01, 7.709689e-01
338, 3.946094e-01, 3.452593e-01
339, 3.960369e-01, 7.276729e-01
340, 3.962469e-01, 6.328259e-01
341, 3.964237e-01, 8.382783e-01
342, 3.965799e-01, 5.411817e-01
343, 3.971889e-01, 7.738191e-01
344, 3.973325e-01, 3.598495e-01
345, 3.974864e-01, 2.006561e-01
346, 3.975018e-01, 1.578770e-01
347, 3.975512e-01, 2.447701e-01
348, 3.976089e-01, 1.635590e-01
349, 3.983768e-01, 7.946247e-01
350, 3.988861e-01, 4.144463e-01
351, 3.994170e-01, 5.837330e-01
352, 3.998053e-01, 4.599527e-01
353, 4.002206e-01, 6.295268e-01
354, 4.022784e-01, 4.339984e-01
355, 4.127437e-01, 4.808644e-01
356, 4.135846e-01, 3.690954e-01
357, 4.135860e-01, 5.742218e-01
358, 4.136594e-01, 2.357849e-01
359, 4.137241e-01, 6.297089e-01
360, 4.137537e-01, 4.667202e-01
361, 4.144926e-01, 4.302646e-01
362, 4.150181e-01, 1.724708e-01
363, 4.154292e-01, 8.329141e-01
364, 4.162844e-01, 5.322763e-01
365, 4.164710e-01, 5.542391e-01
366, 4.167039e-01, 3.749388e-01
367, 4.167141e-01, 3.460431e-01
368, 4.168309e-01, 2.357623e-01
369, 4.170189e-01, 1.982935e-01
370, 4.185175e-01, 7.525524e-01
371, 4.185441e-01, 5.153614e-01
372, 4.187844e-01, 5.249171e-01
373, 4.191353e-01, 8.372181e-01
374, 4.194671e-01, 7.722160e-01
375, 4.196035e-01, 6.242406e-01
376, 4.198373e-01, 6.048991e-01
377, 4.199481e-01, 6.899758e-01
378, 4.201844e-01, 6.691997e-01
379, 4.202762e-01, 4.142318e-01
380, 4.208792e-01, 2.702510e-01
381, 4.209807e-01, 5.488587e-01
382, 4.212893e-01, 2.871285e-01
383, 4.213216e-01, 7.694784e-01
384, 4.213696e-01, 3.774658e-01
385, 4.218033e-01, 3.410598e-01
386, 4.218598e-01, 3.157646e-01
387, 4.220026e-01, 8.053726e-01
388, 4.228696e-01, 2.320632e-01
389, 4.239952e-01, 6.612379e-01
390, 4.240070e-01, 5.069163e-01
391, 4.241051e-01, 2.672841e-01
392, 4.241548e-01, 4.950000e-01
393, 4.243093e-01, 7.159388e-01
394, 4.244317e-01, 8.012957e-01
395, 4.247113e-01, 4.101646e-01
396, 4.263344e-01, 6.957796e-01
397, 4.268118e-01, 3.768918e-01
398, 4.271051e-01, 6.606732e-01
399, 4.315845e-01, 2.314472e-01
400, 4.400374e-01, 4.496045e-01
401, 4.430947e-01, 7.314672e-01
402, 4.439360e-01, 3.068552e-01
403, 4.439413e-01, 5.524604e-01
404, 4.441890e-01, 3.013356e-01
405, 4.443779e-01, 7.927708e-01
406, 4.450269e-01, 5.389459e-01
407, 4.454590e-01, 3.041343e-01
408, 4.455776e-01, 1.582933e-01
409, 4.456015e-01, 2.696223e-01
410, 4.458123e-01, 3.625497e-01
411, 4.464056e-01, 6.260725e-01
412, 4.464182e-01, 3.394195e-01
413, 4.466111e-01, 5.955850e-01
414, 4.468671e-01, 6.469889e-01
415, 4.469495e-01, 6.961746e-01
416, 4.471383e-01, 2.410594e-01
417, 4.471768e-01, 4.902207e-01
418, 4.478015e-01, 2.002063e-01
419, 4.482543e-01, 2.150220e-01
420, 4.483624e-01, 1.596173e-01
421, 4.483742e-01, 3.878950e-01
422, 4.485658e-01, 3.369044e-01
423, 4.485878e-01, 5.569352e-01
424, 4.488583e-01, 5.003760e-01
425, 4.495278e-01, 6.014438e-01
426, 4.496576e-01, 6.301954e-01
427, 4.504515e-01, 7.727333e-01
428, 4.509098e-01, 7.313481e-01
429, 4.511877e-01, 8.377696e-01
430, 4.512801e-01, 6.737797e-01
431, 4.512801e-01, 6.997762e-01
432, 4.512993e-01, 3.038843e-01
433, 4.519710e-01, 4.408063e-01
434, 4.527254e-01, 8.246361e-01
435, 4.529775e-01, 1.938959e-01
436, 4.530969e-01, 8.405881e-01
437, 4.532721e-01, 4.812509e-01
438, 4.538407e-01, 7.262699e-01
439, 4.553372e-01, 7.698514e-01
440, 4.580604e-01, 7.441128e-01
441, 4.595933e-01, 1.590362e-01
442, 4.687525e-01, 3.765846e-01
443, 4.688075e-01, 6.645057e-01
444, 4.693839e-01, 8.132026e-01
445, 4.694266e-01, 7.518278e-01
446, 4.704424e-01, 8.445163e-01
447, 4.714930e-01, 2.894823e-01
448, 4.718684e-01, 7.162641e-01
449, 4.722709e-01, 6.136812e-01
450, 4.722810e-01, 6.647827e-01
451, 4.727491e-01, 6.248217e-01
452, 4.729097e-01, 4.288221e-01
453, 4.729380e-01, 3.375655e-01
454, 4.730364e-01, 4.795634e-01
455, 4.731475e-01, 1.688344e-01
456, 4.736493e-01, 1.941355e-01
457, 4.736635e-01, 4.133578e-01
458, 4.738507e-01, 4.620769e-01
459, 4.749282e-01, 3.765297e-01
460, 4.752504e-01, 8.379144e-01
461, 4.764036e-01, 1.963942e-01
462, 4.764797e-01, 5.777192e-01
463, 4.772263e-01, 5.230522e-01
464, 4.774897e-01, 4.842824e-01
465, 4.775713e-01, 3.336156e-01
466, 4.790002e-01, 5.554063e-01
467, 4.792489e-01, 3.196220e-01
468, 4.815206e-01, 5.531841e-01
469, 4.914333e-01, 5.905423e-01
470, 4.920376e-01, 2.675169e-01
471, 4.920772e-01, 3.106037e-01
472, 4.936048e-01, 3.072415e-01
473, 4.946000e-01, 5.519885e-01
474, 4.946718e-01, 1.943800e-01
475, 4.968167e-01, 3.613938e-01
476, 4.972013e-01, 1.920574e-01
477, 4.973615e-01, 2.212528e-01
478, 4.977421e-01, 2.514165e-01
479, 4.979144e-01, 2.584802e-01
480, 4.982388e-01, 3.420955e-01
481, 4.992589e-01, 4.981234e-01
482, 4.995820e-01, 4.867205e-01
483, 4.995931e-01, 5.478626e-01
484, 4.998370e-01, 1.609467e-01
485, 5.001410e-01, 5.900239e-01
486, 5.005953e-01, 4.122330e-01
487, 5.008289e-01, 4.422424e-01
488, 5.013705e-01, 4.534112e-01
489, 5.015320e-01, 6.455055e-01
490, 5.017789e-01, 3.382489e-01
491, 5.019058e-01, 4.841735e-01
492, 5.021232e-01, 5.384169e-01
493, 5.022947e-01, 5.860473e-01
494, 5.023056e-01, 6.759597e-01
495, 5.024021e-01, 3.895542e-01
496, 5.024969e-01, 6.278679e-01
497, 5.025412e-01, 8.350816e-01
498, 5.025479e-01, 7.665526e-01
499, 5.034000e-01, 7.436144e-01
500, 5.035237e-01, 5.946561e-01
501, 5.036234e-01, 8.233871e-01
502, 5.040231e-01, 4.087999e-01
503, 5.045398e-01, 8.378866e-01
504, 5.050426e-01, 7.917591e-01
505, 5.076084e-01, 7.722266e-01
506, 5.174381e-01, 3.748042e-01
507, 5.217462e-01, 7.999891e-01
508, 5.224931e-01, 5.211742e-01
509, 5.225292e-01, 4.295580e-01
510, 5.233083e-01, 4.120254e-01
511, 5.243524e-01, 4.652825e-01
512, 5.245521e-01, 5.756099e-01
513, 5.249068e-01, 1.938723e-01
514, 5.250894e-01, 6.040147e-01
515, 5.251134e-01, 8.067885e-01
516, 5.252854e-01, 5.559552e-01
517, 5.255028e-01, 7.532900e-01
518, 5.259092e-01, 4.102984e-01
519, 5.271209e-01, 2.262980e-01
520, 5.272804e-01, 2.564256e-01
521, 5.277280e-01, 7.048026e-01
522, 5.280095e-01, 1.901993e-01
523, 5.283107e-01, 1.711244e-01
524, 5.283863e-01, 7.168946e-01
525, 5.285836e-01, 3.343417e-01
526, 5.289681e-01, 3.208191e-01
527, 5.292602e-01, 2.871173e-01
528, 5.296230e-01, 2.440080e-01
529, 5.300651e-01, 6.658976e-01
530, 5.306356e-01, 5.163921e-01
531, 5.307003e-01, 7.015315e-01
532, 5.321543e-01, 5.496930e-01
533, 5.342112e-01, 3.819496e-01
534, 5.344340e-01, 2.673651e-01
535, 5.345188e-01, 6.655663e-01
536, 5.346222e-01, 8.062809e-01
537, 5.352601e-01, 5.161530e-01
538, 5.434175e-01, 5.906780e-01
539, 5.455869e-01, 7.014177e-01
540, 5.481452e-01, 1.604477e-01
541, 5.481873e-01, 2.690311e-01
542, 5.484668e-01, 7.357509e-01
543, 5.488723e-01, 3.909062e-01
544, 5.489273e-01, 4.105588e-01
545, 5.495137e-01, 3.071847e-01
546, 5.496513e-01, 5.511511e-01
547, 5.496801e-01, 6.234626e-01
548, 5.497737e-01, 2.970476e-01
549, 5.498596e-01, 5.910081e-01
550, 5.499185e-01, 3.604581e-01
551, 5.504531e-01, 1.583208e-01
552, 5.510655e-01, 3.376570e-01
553, 5.512514e-01, 5.030706e-01
554, 5.514615e-01, 1.647255e-01
555, 5.516423e-01, 1.904470e-01
556, 5.517782e-01, 4.443426e-01
557, 5.519302e-01, 7.940731e-01
558, 5.519577e-01, 4.492960e-01
559, 5.520091e-01, 6.255562e-01
560, 5.520789e-01, 3.010415e-01
561, 5.525795e-01, 2.168568e-01
562, 5.530376e-01, 2.543396e-01
563, 5.535035e-01, 3.401139e-01
564, 5.537043e-01, 4.408462e-01
565, 5.538434e-01, 1.929113e-01
566, 5.539379e-01, 6.006152e-01
567, 5.539713e-01, 5.851243e-01
568, 5.540091e-01, 2.615733e-01
569, 5.541211e-01, 5.566406e-01
570, 5.542372e-01, 5.278988e-01
571, 5.543461e-01, 4.170908e-01
572, 5.548169e-01, 7.325279e-01
573, 5.557861e-01, 6.750909e-01
574, 5.562463e-01, 6.508384e-01
575, 5.587377e-01, 6.875827e-01
576, 5.594042e-01, 8.437069e-01
577, 5.609152e-01, 8.199067e-01
578, 5.634551e-01, 3.005644e-01
579, 5.714026e-01, 2.259582e-01
580, 5.714506e-01, 7.447089e-01
581, 5.727074e-01, 7.729336e-01
582, 5.729333e-01, 1.943068e-01
583, 5.729528e-01, 3.412354e-01
584, 5.737755e-01, 8.444851e-01
585, 5.742292e-01, 8.047205e-01
586, 5.745289e-01, 5.176407e-01
587, 5.746359e-01, 3.770446e-01
588, 5.747235e-01, 7.706243e-01
589, 5.752232e-01, 4.152212e-01
590, 5.757798e-01, 1.774056e-01
591, 5.765491e-01, 6.856654e-01
592, 5.765930e-01, 4.586480e-01
593, 5.766469e-01, 4.342540e-01
594, 5.772548e-01, 2.347588e-01
595, 5.773002e-01, 2.636189e-01
596, 5.788234e-01, 6.226282e-01
597, 5.788275e-01, 5.111972e-01
598, 5.790535e-01, 8.405546e-01
599, 5.794011e-01, 6.132947e-01
600, 5.802982e-01, 3.358112e-01
601, 5.807399e-01, 3.768875e-01
602, 5.809669e-01, 5.271523e-01
603, 5.816181e-01, 3.738149e-01
604, 5.822202e-01, 5.735496e-01
605, 5.832617e-01, 5.612998e-01
606, 5.833560e-01, 2.894963e-01
607, 5.834318e-01, 3.152291e-01
608, 5.837853e-01, 2.719954e-01
609, 5.839932e-01, 4.054155e-01
610, 5.843615e-01, 6.292919e-01
611, 5.846438e-01, 6.555529e-01
612, 5.854684e-01, 7.158089e-01
613, 5.868993e-01, 5.579790e-01
614, 5.869565e-01, 2.334665e-01
615, 5.869993e-01, 6.992644e-01
616, 5.929606e-01, 4.481412e-01
617, 5.969420e-01, 6.733456e-01
618, 5.970598e-01, 6.009024e-01
619, 5.989764e-01, 6.969461e-01
620, 6.007140e-01, 6.278486e-01
621, 6.011018e-01, 4.988817e-01
622, 6.021185e-01, 1.542993e-01
623, 6.028296e-01, 7.647960e-01
624, 6.029643e-01, 5.900189e-01
625, 6.030740e-01, 3.027491e-01
626, 6.031052e-01, 7.310175e-01
627, 6.033925e-01, 2.739232e-01
628, 6.035955e-01, 3.544434e-01
629, 6.040624e-01, 4.486602e-01
630, 6.052190e-01, 4.053487e-01
631, 6.054724e-01, 7.341560e-01
632, 6.060664e-01, 3.901509e-01
633, 6.064068e-01, 5.440150e-01
634, 6.065362e-01, 1.621636e-01
635, 6.073748e-01, 6.467537e-01
636, 6.074836e-01, 5.879970e-01
637, 6.075874e-01, 2.162592e-01
638, 6.076070e-01, 4.019145e-01
639, 6.081249e-01, 1.959396e-01
640, 6.083423e-01, 7.040029e-01
641, 6.084461e-01, 3.122812e-01
642, 6.084469e-01, 7.242631e-01
643, 6.085871e-01, 6.344853e-01
644, 6.089288e-01, 8.214488e-01
645, 6.098699e-01, 4.453101e-01
646, 6.109166e-01, 2.425904e-01
647, 6.118306e-01, 4.406677e-01
648, 6.130894e-01, 2.658411e-01
649, 6.135494e-01, 5.885856e-01
650, 6.151016e-01, 7.754307e-01
651, 6.164092e-01, 7.952882e-01
652, 6.259115e-01, 3.166902e-01
653, 6.270544e-01, 8.027909e-01
654, 6.271349e-01, 5.777493e-01
655, 6.273547e-01, 3.758415e-01
656, 6.276228e-01, 2.656756e-01
657, 6.288631e-01, 6.309485e-01
658, 6.290046e-01, 8.430200e-01
659, 6.297150e-01, 2.274880e-01
660, 6.298739e-01, 7.719813e-01
661, 6.299045e-01, 4.041414e-01
662, 6.299363e-01, 2.347459e-01
663, 6.299469e-01, 6.535180e-01
664, 6.314657e-01, 5.203401e-01
665, 6.320549e-01, 7.170161e-01
666, 6.322706e-01, 2.380217e-01
667, 6.328753e-01, 6.770067e-01
668, 6.329148e-01, 5.231197e-01
669, 6.330281e-01, 1.754953e-01
670, 6.330682e-01, 6.953811e-01
671, 6.332386e-01, 6.031378e-01
672, 6.333865e-01, 2.200761e-01
673, 6.337704e-01, 4.284757e-01
674, 6.338037e-01, 7.497094e-01
675, 6.345050e-01, 7.668354e-01
676, 6.347132e-01, 2.728271e-01
677, 6.347847e-01, 4.574045e-01
678, 6.355937e-01, 2.798680e-01
679, 6.362205e-01, 6.225717e-01
680, 6.371602e-01, 4.122339e-01
681, 6.425876e-01, 8.081088e-01
682, 6.504607e-01, 8.474195e-01
683, 6.508619e-01, 4.538831e-01
684, 6.511008e-01, 1.634563e-01
685, 6.521437e-01, 4.785125e-01
686, 6.530896e-01, 2.917051e-01
687, 6.531754e-01, 2.473740e-01
688, 6.534562e-01, 6.237991e-01
689, 6.541710e-01, 6.425671e-01
690, 6.549847e-01, 3.395460e-01
691, 6.553461e-01, 7.288067e-01
692, 6.553646e-01, 3.614542e-01
693, 6.555813e-01, 1.976328e-01
694, 6.559184e-01, 4.476388e-01
695, 6.566217e-01, 2.072579e-01
696, 6.566422e-01, 1.634316e-01
697, 6.566591e-01, 5.555975e-01
698, 6.569531e-01, 3.045678e-01
699, 6.570870e-01, 6.986221e-01
700, 6.574107e-01, 3.002097e-01
701, 6.577016e-01, 6.901659e-01
702, 6.577626e-01, 5.327928e-01
703, 6.579076e-01, 7.347051e-01
704, 6.582142e-01, 4.090546e-01
705, 6.584873e-01, 5.881843e-01
706, 6.585969e-01, 3.083242e-01
707, 6.590132e-01, 5.535121e-01
708, 6.591514e-01, 8.193794e-01
709, 6.592700e-01, 7.010754e-01
710, 6.596051e-01, 1.931124e-01
711, 6.598224e-01, 7.674908e-01
712, 6.601542e-01, 8.349107e-01
713, 6.603669e-01, 3.902592e-01
714, 6.603776e-01, 5.095138e-01
715, 6.604095e-01, 7.363131e-01
716, 6.605753e-01, 4.454853e-01
717, 6.605804e-01, 4.064129e-01
718, 6.621913e-01, 4.428970e-01
719, 6.626696e-01, 7.707964e-01
720, 6.630105e-01, 4.877722e-01
721, 6.630231e-01, 7.421965e-01
722, 6.636840e-01, 7.887412e-01
723, 6.752076e-01, 5.213058e-01
724, 6.797414e-01, 7.537941e-01
725, 6.800284e-01, 6.986538e-01
726, 6.802110e-01, 7.975219e-01
727, 6.810846e-01, 6.750776e-01
728, 6.811422e-01, 2.683543e-01
729, 6.813115e-01, 2.242677e-01
730, 6.817679e-01, 6.024136e-01
731, 6.818910e-01, 2.851802e-01
732, 6.829406e-01, 6.231523e-01
733, 6.836102e-01, 7.228110e-01
734, 6.842519e-01, 1.718325e-01
735, 6.844462e-01, 8.353010e-01
736, 6.844910e-01, 4.310027e-01
737, 6.845499e-01, 5.576643e-01
738, 6.848421e-01, 5.682792e-01
739, 6.848801e-01, 4.067105e-01
740, 6.856312e-01, 6.621597e-01
741, 6.857298e-01, 6.660490e-01
742, 6.858569e-01, 3.257652e-01
743, 6.863566e-01, 4.863316e-01
744, 6.866919e-01, 5.214316e-01
745, 6.868647e-01, 2.625350e-01
746, 6.873754e-01, 4.622648e-01
747, 6.874062e-01, 6.594338e-01
748, 6.881287e-01, 6.277452e-01
749, 6.890107e-01, 4.838936e-01
750, 6.897005e-01, 3.675091e-01
751, 6.900132e-01, 8.415303e-01
752, 6.901514e-01, 2.280994e-01
753, 6.903876e-01, 5.498961e-01
754, 6.930630e-01, 5.200262e-01
755, 7.035170e-01, 5.902451e-01
756, 7.038266e-01, 1.973227e-01
757, 7.055770e-01, 8.194761e-01
758, 7.057000e-01, 7.428526e-01
759, 7.058890e-01, 8.458576e-01
760, 7.062739e-01, 7.887944e-01
761, 7.063592e-01, 4.840364e-01
762, 7.068379e-01, 5.055143e-01
763, 7.069485e-01, 1.608657e-01
764, 7.069821e-01, 6.262355e-01
765, 7.076047e-01, 4.069085e-01
766, 7.076051e-01, 3.550163e-01
767, 7.087639e-01, 3.418781e-01
768, 7.088044e-01, 2.129671e-01
769, 7.092719e-01, 6.239694e-01
770, 7.094031e-01, 4.813564e-01
771, 7.094208e-01, 7.350561e-01
772, 7.095302e-01, 2.063938e-01
773, 7.100879e-01, 6.473066e-01
774, 7.102665e-01, 4.503161e-01
775, 7.107002e-01, 3.939970e-01
776, 7.107521e-01, 8.401762e-01
777, 7.107802e-01, 6.792428e-01
778, 7.111490e-01, 2.625266e-01
779, 7.111675e-01, 3.401014e-01
780, 7.120361e-01, 7.336439e-01
781, 7.121159e-01, 6.990701e-01
782, 7.129121e-01, 4.127032e-01
783, 7.130350e-01, 2.464723e-01
784, 7.138091e-01, 2.658478e-01
785, 7.138578e-01, 5.842561e-01
786, 7.140393e-01, 5.493563e-01
787, 7.148022e-01, 1.572596e-01
788, 7.155674e-01, 7.026295e-01
789, 7.157906e-01, 5.304023e-01
790, 7.161629e-01, 7.264913e-01
791, 7.277477e-01, 3.135405e-01
792, 7.282371e-01, 7.434749e-01
793, 7.295115e-01, 7.019239e-01
794, 7.322274e-01, 7.959622e-01
795, 7.325906e-01, 7.189037e-01
796, 7.331186e-01, 4.127313e-01
797, 7.339580e-01, 4.297510e-01
798, 7.344835e-01, 3.859304e-01
799, 7.345326e-01, 6.640844e-01
800, 7.349155e-01, 4.152393e-01
801, 7.351309e-01, 6.547528e-01
802, 7.353359e-01, 8.365186e-01
803, 7.354224e-01, 2.147097e-01
804, 7.357390e-01, 6.283059e-01
805, 7.358976e-01, 5.513890e-01
806, 7.359950e-01, 4.840183e-01
807, 7.360912e-01, 2.211436e-01
808, 7.361670e-01, 8.133734e-01
809, 7.364624e-01, 2.872892e-01
810, 7.364687e-01, 3.465776e-01
811, 7.367710e-01, 2.653119e-01
812, 7.367985e-01, 3.675513e-01
813, 7.373264e-01, 6.580730e-01
814, 7.377815e-01, 6.258613e-01
815, 7.377974e-01, 6.931744e-01
816, 7.380816e-01, 6.039682e-01
817, 7.385532e-01, 5.543645e-01
818, 7.385712e-01, 2.255452e-01
819, 7.387201e-01, 3.444581e-01
820, 7.389763e-01, 4.645249e-01
821, 7.389837e-01, 2.673208e-01
822, 7.390897e-01, 5.746725e-01
823, 7.391840e-01, 3.796535e-01
824, 7.393737e-01, 8.075307e-01
825, 7.396904e-01, 3.729119e-01
826, 7.400278e-01, 8.421245e-01
827, 7.420127e-01, 1.677298e-01
828, 7.443221e-01, 6.581575e-01
829, 7.477674e-01, 8.069144e-01
830, 7.520658e-01, 1.891674e-01
831, 7.550564e-01, 1.589227e-01
832, 7.576417e-01, 7.288580e-01
833, 7.599921e-01, 8.449053e-01
834, 7.604516e-01, 1.584496e-01
835, 7.607114e-01, 4.137322e-01
836, 7.608022e-01, 6.230628e-01
837, 7.619177e-01, 4.553605e-01
838, 7.620769e-01, 4.811988e-01
839, 7.622459e-01, 1.868842e-01
840, 7.622962e-01, 7.289716e-01
841, 7.632174e-01, 3.947299e-01
842, 7.633766e-01, 6.467614e-01
843, 7.640111e-01, 4.449724e-01
844, 7.650644e-01, 5.908848e-01
845, 7.651229e-01, 5.584642e-01
846, 7.651301e-01, 1.617069e-01
847, 7.652633e-01, 7.653988e-01
848, 7.652837e-01, 3.019836e-01
849, 7.653341e-01, 3.395372e-01
850, 7.653891e-01, 6.275542e-01
851, 7.655376e-01, 2.450917e-01
852, 7.655821e-01, 4.072279e-01
853, 7.664942e-01, 4.849556e-01
854, 7.665919e-01, 3.606944e-01
855, 7.666384e-01, 1.913787e-01
856, 7.666784e-01, 5.063187e-01
857, 7.668914e-01, 6.719070e-01
858, 7.671333e-01, 2.133384e-01
859, 7.676054e-01, 8.388317e-01
860, 7.693550e-01, 8.177572e-01
861, 7.715518e-01, 7.714697e-01
862, 7.717616e-01, 7.935082e-01
863, 7.717912e-01, 1.610606e-01
864, 7.719584e-01, 5.266647e-01
865, 7.721280e-01, 3.181956e-01
866, 7.790095e-01, 7.971932e-01
867, 7.798881e-01, 7.715305e-01
868, 7.836326e-01, 3.223639e-01
869, 7.864291e-01, 4.637203e-01
870, 7.867158e-01, 7.456803e-01
871, 7.876367e-01, 7.639485e-01
872, 7.880812e-01, 5.185339e-01
873, 7.882059e-01, 6.285635e-01
874, 7.884070e-01, 2.333826e-01
875, 7.889173e-01, 2.229847e-01
876, 7.891818e-01, 1.968385e-01
877, 7.892139e-01, 3.823397e-01
878, 7.905270e-01, 2.830071e-01
879, 7.906590e-01, 7.012724e-01
880, 7.909439e-01, 5.142244e-01
881, 7.911311e-01, 7.195339e-01
882, 7.911629e-01, 3.737452e-01
883, 7.912763e-01, 3.778948e-01
884, 7.914538e-01, 5.731988e-01
885, 7.917396e-01, 2.282834e-01
886, 7.920294e-01, 4.335878e-01
887, 7.924751e-01, 1.933813e-01
888, 7.931262e-01, 3.707994e-01
889, 7.934286e-01, 6.084416e-01
890, 7.941823e-01, 1.716321e-01
891, 7.943095e-01, 6.630164e-01
892, 7.944439e-01, 8.117336e-01
893, 7.948127e-01, 2.285557e-01
894, 7.985453e-01, 5.565961e-01
895, 8.027813e-01, 5.808567e-01
896, 8.057328e-01, 7.311956e-01
897, 8.074849e-01, 6.012478e-01
898, 8.106934e-01, 4.793688e-01
899, 8.109869e-01, 4.519476e-01
900, 8.118928e-01, 3.358621e-01
901, 8.120192e-01, 5.927265e-01
902, 8.125588e-01, 5.345460e-01
903, 8.126681e-01, 6.253400e-01
904, 8.132960e-01, 5.404667e-01
905, 8.137380e-01, 2.684727e-01
906, 8.143379e-01, 3.051449e-01
907, 8.144502e-01, 2.414198e-01
908, 8.148541e-01, 7.313434e-01
909, 8.152507e-01, 4.400566e-01
910, 8.162096e-01, 3.928152e-01
911, 8.162157e-01, 1.883156e-01
912, 8.166475e-01, 6.971167e-01
913, 8.169983e-01, 6.827314e-01
914, 8.173800e-01, 4.428899e-01
915, 8.178733e-01, 2.729471e-01
916, 8.179027e-01, 1.558386e-01
917, 8.180038e-01, 3.614141e-01
918, 8.182495e-01, 3.416499e-01
919, 8.183611e-01, 4.841823e-01
920, 8.185637e-01, 8.447619e-01
921, 8.190414e-01, 8.222819e-01
922, 8.204549e-01, 6.317342e-01
923, 8.208978e-01, 5.066484e-01
924, 8.218013e-01, 2.212160e-01
925, 8.219778e-01, 7.347845e-01
926, 8.226680e-01, 6.437281e-01
927, 8.239476e-01, 5.919155e-01
928, 8.240822e-01, 1.950519e-01
929, 8.245557e-01, 7.392230e-01
930, 8.249254e-01, 7.693895e-01
931, 8.255210e-01, 7.947675e-01
932, 8.291098e-01, 2.738769e-01
933, 8.306658e-01, 2.866531e-01
934, 8.330740e-01, 5.406346e-01
935, 8.332311e-01, 2.286212e-01
936, 8.361783e-01, 5.181187e-01
937, 8.375126e-01, 1.927043e-01
938, 8.377653e-01, 1.728834e-01
939, 8.382503e-01, 4.315116e-01
940, 8.392449e-01, 4.598226e-01
941, 8.394032e-01, 8.128229e-01
942, 8.394155e-01, 3.683101e-01
943, 8.394192e-01, 4.752784e-01
944, 8.396466e-01, 8.047737e-01
945, 8.399773e-01, 3.454787e-01
946, 8.406544e-01, 4.084038e-01
947, 8.407238e-01, 1.952923e-01
948, 8.407493e-01, 7.687633e-01
949, 8.408894e-01, 6.495625e-01
950, 8.413293e-01, 6.981453e-01
951, 8.418947e-01, 2.294388e-01
952, 8.421280e-01, 6.041125e-01
953, 8.425048e-01, 7.504653e-01
954, 8.427523e-01, 3.143040e-01
955, 8.428441e-01, 7.212633e-01
956, 8.441331e-01, 8.436282e-01
957, 8.446244e-01, 7.733026e-01
958, 8.451193e-01, 6.944235e-01
959, 8.452228e-01, 5.138523e-01
960, 8.453885e-01, 6.713318e-01
961, 8.455856e-01, 5.798020e-01
962, 8.466348e-01, 8.411224e-01
963, 8.474930e-01, 3.374654e-01
964, 8.477976e-01, 2.563726e-01
965, 1.580059e-01, 5.177389e-01
966, 1.569906e-01, 4.828655e-01
967, 1.556260e-01, 4.038290e-01
968, 1.577555e-01, 3.743471e-01
969, 1.632353e-01, 6.656900e-01
970, 1.843930e-01, 8.423330e-01
971, 1.812596e-01, 6.266731e-01
972, 1.849366e-01, 4.440782e-01
973, 1.815169e-01, 7.342440e-01
974, 2.084446e-01, 5.212689e-01
975, 2.126864e-01, 2.732765e-01
976, 2.120554e-01, 7.010301e-01
977, 2.345380e-01, 3.051302e-01
978, 2.080109e-01, 6.641619e-01
979, 2.104050e-01, 3.738915e-01
980, 2.393593e-01, 2.684810e-01
981, 2.618262e-01, 5.150834e-01
982, 2.685260e-01, 6.983440e-01
983, 2.658825e-01, 8.066852e-01
984, 2.842295e-01, 3.069596e-01
985, 2.643033e-01, 4.078147e-01
986, 2.614192e-01, 2.676467e-01
987, 2.949713e-01, 6.293716e-01
988, 2.889491e-01, 5.867339e-01
989, 2.875220e-01, 5.578338e-01
990, 3.135312e-01, 5.158362e-01
991, 2.875482e-01, 1.561701e-01
992, 2.902770e-01, 4.446819e-01
993, 3.138042e-01, 3.398048e-01
994, 3.144741e-01, 4.842160e-01
995, 3.179044e-01, 7.688260e-01
996, 3.410935e-01, 4.458873e-01
997, 3.408207e-01, 1.968921e-01
998, 3.459675e-01, 2.997731e-01
999, 3.435259e-01, 7.327028e-01
1000, 3.715871e-01, 6.634839e-01
1001, 3.691932e-01, 5.116575e-01
1002, 3.955843e-01, 5.898053e-01
1003, 3.674278e-01, 2.305910e-01
1004, 3.611750e-01, 3.736445e-01
1005, 3.720655e-01, 3.800932e-01
1006, 3.679296e-01, 4.109960e-01
1007, 3.686241e-01, 8.071537e-01
1008, 3.944751e-01, 6.954063e-01
1009, 3.918960e-01, 5.573261e-01
1010, 3.945463e-01, 2.691495e-01
1011, 3.930420e-01, 3.047408e-01
1012, 3.930918e-01, 4.457978e-01
1013, 4.172154e-01, 8.087328e-01
1014, 4.468782e-01, 4.119108e-01
1015, 4.475549e-01, 4.491185e-01
1016, 4.480755e-01, 5.871175e-01
1017, 4.737497e-01, 6.991680e-01
1018, 4.682735e-01, 7.698563e-01
1019, 4.736341e-01, 8.053294e-01
1020, 4.725166e-01, 2.699767e-01
1021, 4.800665e-01, 3.728055e-01
1022, 4.772164e-01, 6.616029e-01
1023, 4.733771e-01, 2.309951e-01
1024, 4.723598e-01, 5.144749e-01
1025, 5.004836e-01, 6.991480e-01
1026, 5.220669e-01, 2.321591e-01
1027, 5.250215e-01, 6.637428e-01
1028, 4.987587e-01, 7.341068e-01
1029, 5.030723e-01, 2.997283e-01
1030, 5.028264e-01, 1.552920e-01
1031, 4.984490e-01, 4.473887e-01
1032, 5.277096e-01, 6.253078e-01
1033, 5.257832e-01, 7.731793e-01
1034, 5.298662e-01, 3.749737e-01
1035, 5.264560e-01, 8.455040e-01
1036, 5.254366e-01, 4.828707e-01
1037, 5.521738e-01, 4.841354e-01
1038, 5.507836e-01, 7.720030e-01
1039, 5.533991e-01, 7.370742e-01
1040, 5.782690e-01, 4.848631e-01
1041, 5.797954e-01, 6.642703e-01
1042, 5.758784e-01, 8.087585e-01
1043, 6.056498e-01, 3.365710e-01
1044, 6.050273e-01, 5.543571e-01
1045, 6.016249e-01, 4.859929e-01
1046, 6.039611e-01, 1.578008e-01
1047, 6.305192e-01, 8.071771e-01
1048, 6.288089e-01, 5.533571e-01
1049, 6.321389e-01, 4.851053e-01
1050, 6.329769e-01, 1.951658e-01
1051, 6.347217e-01, 3.748368e-01
1052, 6.320965e-01, 3.416251e-01
1053, 6.252930e-01, 6.605950e-01
1054, 6.824210e-01, 3.774621e-01
1055, 6.637605e-01, 1.598248e-01
1056, 6.557505e-01, 2.679020e-01
1057, 6.571190e-01, 5.930114e-01
1058, 6.862457e-01, 8.084732e-01
1059, 6.813914e-01, 7.689016e-01
1060, 6.829294e-01, 1.938667e-01
1061, 6.830038e-01, 2.291830e-01
1062, 6.875258e-01, 3.375856e-01
1063, 7.073176e-01, 7.706298e-01
1064, 7.117954e-01, 4.468488e-01
1065, 7.093373e-01, 5.919826e-01
1066, 7.133493e-01, 2.976977e-01
1067, 7.132121e-01, 3.058032e-01
1068, 7.323353e-01, 7.709491e-01
1069, 7.381824e-01, 2.309507e-01
1070, 7.374908e-01, 5.190271e-01
1071, 7.592702e-01, 5.905299e-01
1072, 7.675419e-01, 4.491241e-01
1073, 7.672485e-01, 6.981615e-01
1074, 7.601015e-01, 2.977375e-01
1075, 7.647632e-01, 2.677421e-01
1076, 7.689951e-01, 7.346975e-01
1077, 7.836075e-01, 8.357659e-01
1078, 7.887348e-01, 4.043175e-01
1079, 7.893461e-01, 4.817769e-01
1080, 7.816371e-01, 5.222311e-01
1081, 7.879268e-01, 5.577123e-01
1082, 7.883697e-01, 2.688066e-01
1083, 7.908347e-01, 3.402915e-01
1084, 7.864210e-01, 6.576667e-01
1085, 7.877966e-01, 8.112767e-01
1086, 8.167887e-01, 4.087867e-01
1087, 8.156989e-01, 1.598339e-01
1088, 8.158026e-01, 2.999343e-01
1089, 8.417922e-01, 6.305036e-01
1090, 8.454217e-01, 3.765636e-01
1091, 8.460380e-01, 2.319888e-01
1092, 1.500000e-01, 6.595245e-01
1093, 1.500000e-01, 5.223722e-01
1094, 1.500000e-01, 6.628652e-01
1095, 1.500000e-01, 6.932533e-01
1096, 1.500000e-01, 8.034921e-01
1097, 1.500000e-01, 8.085251e-01
1098, 1.500000e-01, 8.476179e-01
1099, 1.500000e-01, 6.274352e-01
1100, 1.500000e-01, 3.785528e-01
1101, 1.500000e-01, 3.710414e-01
1102, 1.500000e-01, 5.487906e-01
1103, 1.500000e-01, 2.393324e-01
1104, 1.500000e-01, 2.212570e-01
1105, 1.500000e-01, 3.426627e-01
1106, 1.500000e-01, 1.935139e-01
1107, 1.500000e-01, 2.688245e-01
1108, 1.500000e-01, 4.034538e-01
1109, 1.500000e-01, 5.143628e-01
1110, 1.500000e-01, 4.827534e-01
1111, 1.500000e-01, 7.654189e-01
1112, 1.500000e-01, 7.301896e-01
1113, 1.500000e-01, 7.415967e-01
1114, 1.500000e-01, 4.571184e-01
1115, 1.500000e-01, 4.341169e-01
1116, 1.500000e-01, 3.076913e-01
1117, 1.500000e-01, 2.972666e-01
1118, 1.500000e-01, 1.653253e-01
1119, 1.500000e-01, 6.044809e-01
1120, 1.500000e-01, 5.864858e-01
1121, 1.615478e-01, 1.500000e-01
1122, 1.560426e-01, 8.500000e-01
1123, 1.838107e-01, 8.500000e-01
1124, 1.886104e-01, 1.500000e-01
1125, 2.041687e-01, 1.500000e-01
1126, 2.081635e-01, 8.500000e-01
1127, 2.178704e-01, 1.500000e-01
1128, 2.396806e-01, 1.500000e-01
1129, 2.445731e-01, 1.500000e-01
1130, 2.617668e-01, 8.500000e-01
1131, 2.787110e-01, 1.500000e-01
1132, 2.882273e-01, 1.500000e-01
1133, 2.891654e-01, 8.500000e-01
1134, 3.054045e-01, 1.500000e-01
1135, 3.104405e-01, 8.500000e-01
1136, 3.246554e-01, 1.500000e-01
1137, 3.450804e-01, 8.500000e-01
1138, 3.409463e-01, 1.500000e-01
1139, 3.504779e-01, 1.500000e-01
1140, 3.619126e-01, 8.500000e-01
1141, 3.975655e-01, 8.500000e-01
1142, 3.929155e-01, 1.500000e-01
1143, 4.108441e-01, 1.500000e-01
1144, 4.172072e-01, 8.500000e-01
1145, 4.322170e-01, 1.500000e-01
1146, 4.526801e-01, 8.500000e-01
1147, 4.448494e-01, 1.500000e-01
1148, 4.697376e-01, 1.500000e-01
1149, 4.875132e-01, 1.500000e-01
1150, 4.712538e-01, 8.500000e-01
1151, 5.032933e-01, 8.500000e-01
1152, 5.025681e-01, 1.500000e-01
1153, 5.128680e-01, 1.500000e-01
1154, 5.262153e-01, 8.500000e-01
1155, 5.310699e-01, 1.500000e-01
1156, 5.501716e-01, 1.500000e-01
1157, 5.794456e-01, 1.500000e-01
1158, 5.742890e-01, 8.500000e-01
1159, 5.945841e-01, 1.500000e-01
1160, 6.024229e-01, 1.500000e-01
1161, 6.231597e-01, 1.500000e-01
1162, 6.354420e-01, 1.500000e-01
1163, 6.510645e-01, 8.500000e-01
1164, 6.622958e-01, 1.500000e-01
1165, 6.800687e-01, 1.500000e-01
1166, 6.898919e-01, 8.500000e-01
1167, 6.923094e-01, 1.500000e-01
1168, 7.062173e-01, 8.500000e-01
1169, 7.223125e-01, 1.500000e-01
1170, 7.342510e-01, 1.500000e-01
1171, 7.392470e-01, 8.500000e-01
1172, 7.600257e-01, 8.500000e-01
1173, 7.594129e-01, 1.500000e-01
1174, 7.904540e-01, 1.500000e-01
1175, 7.847149e-01, 8.500000e-01
1176, 8.008929e-01, 1.500000e-01
1177, 8.216861e-01, 8.500000e-01
1178, 8.223595e-01, 8.500000e-01
1179, 8.180279e-01, 1.500000e-01
1180, 8.331749e-01, 1.500000e-01
1181, 8.500000e-01, 4.365221e-01
1182, 8.500000e-01, 4.854128e-01
1183, 8.500000e-01, 4.550432e-01
1184, 8.500000e-01, 3.100214e-01
1185, 8.500000e-01, 4.097948e-01
1186, 8.500000e-01, 3.372413e-01
1187, 8.500000e-01, 5.978239e-01
1188, 8.500000e-01, 6.308463e-01
1189, 8.434076e-01, 8.500000e-01
1190, 8.500000e-01, 2.951558e-01
1191, 8.500000e-01, 2.566697e-01
1192, 8.500000e-01, 1.654077e-01
1193, 8.500000e-01, 1.965294e-01
1194, 8.500000e-01, 4.860166e-01
1195, 8.500000e-01, 5.816473e-01
1196, 8.500000e-01, 7.243280e-01
1197, 8.500000e-01, 6.948779e-01
1198, 8.500000e-01, 7.451233e-01
1199, 8.500000e-01, 7.741863e-01
1200, 8.500000e-01, 8.416513e-01
1201, 8.500000e-01, 8.003860e-01
1202, 8.500000e-01, 8.172153e-01
1203, 8.500000e-01, 3.791872e-01
1204, 8.500000e-01, 3.735226e-01
1205, 8.500000e-01, 2.287718e-01
1206, 8.500000e-01, 2.345443e-01
1207, 2.358332e-01, 8.491949e-01
1208, 5.532345e-01, 8.497300e-01
1209, 6.067956e-01, 8.493231e-01
1210, 6.363079e-01, 8.495227e-01
1211, 7.188011e-01, 1.507610e-01
1212, 8.493342e-01, 5.611702e-01
1213, 8.496937e-01, 5.138663e-01
1214, 8.499315e-01, 6.624167e-01
